0.56028 -0.86995 0.00899 0 0.37500 59.35000 0.00747 1.95977 -11
-50.27331 12.58435 0.00899 0 1.47500 55.70000 0.00747 2.03280 -11
-2.82593 0.58442 0.00899 0 0.95000 54.55000 0.00747 2.03540 -11
-0.90086 -0.48996 0.00899 0 0.57500 53.50000 0.00747 2.04501 -11
0.54268 0.58109 0.00899 0 -0.42500 54.65000 0.00747 2.05473 -11
-0.51951 -0.42679 0.00899 0 -0.60000 54.70000 0.00747 2.05681 -11
0.03373 -0.47648 0.00899 0 6.27500 -64.70000 0.00747 1.35495 -11
-0.09034 0.41859 0.00899 0 -4.00000 -64.65000 0.00747 1.43136 -11
-0.06828 0.03213 0.00899 0 7.82500 -64.60000 0.00747 1.43390 -11
0.18183 -0.40596 0.00899 0 6.67500 -61.72500 0.00747 1.50302 -11
-0.08201 -0.04278 0.00899 0 7.42500 -58.72500 0.00747 1.56861 -11
0.08579 -0.47733 0.00899 0 6.97500 -56.75000 0.00747 1.63302 -11
-0.05753 -0.06084 0.00899 0 7.45000 -55.80000 0.00747 1.69683 -11
0.08525 -0.41742 0.00899 0 7.12500 -54.52500 0.00747 1.76341 -11
0.08346 -0.28010 0.00899 0 7.12500 -55.07500 0.00747 1.82163 -11
-0.16020 -0.16221 0.00899 0 7.57500 -56.37500 0.00747 1.89538 -11
-0.17947 0.47600 0.00899 0 -4.35000 -56.47500 0.00747 1.89752 -11
0.10709 -0.53224 0.00899 0 5.75000 -58.42500 0.00747 1.93922 -11
0.05025 -0.06509 0.00899 0 7.47500 -58.92500 0.00747 2.01738 -11
0.04192 0.39634 0.00899 0 -4.45000 -58.90000 0.00747 2.01938 -11
-0.06336 -0.32632 0.00899 0 6.02500 -58.90000 0.00747 2.06517 -11
0.13184 -0.04792 0.00899 0 8.12500 -54.45000 0.00747 2.13615 -11
0.07552 0.64412 0.00899 0 -3.60000 -54.37500 0.00747 2.13926 -11
-0.05757 -0.57952 0.00899 0 5.35000 -53.60000 0.00747 2.17523 -11
-0.19699 -0.32504 0.00899 0 7.77500 -52.75000 0.00747 2.24267 -11
-0.31360 0.15302 0.00899 0 -4.27500 -52.95000 0.00747 2.24506 -11
0.21627 -0.03432 0.00899 0 5.25000 -57.07500 0.00747 2.29338 -11
-0.62690 -0.76778 0.00899 0 7.95000 -61.02500 0.00747 2.34128 -11
-0.61047 -0.07843 0.00899 0 -4.35000 -61.45000 0.00747 2.34415 -11
-0.81525 -0.04846 0.00899 0 -1.92500 -52.07500 0.00747 0.11259 -11
0.76478 0.13875 0.00899 0 -1.90000 -32.67500 0.00747 0.21599 -11
-0.59432 0.08307 0.00899 0 -0.80000 -20.45000 0.00747 0.29188 -11
0.59986 0.17646 0.00899 0 -0.45000 -8.15000 0.00747 0.37686 -11
-0.63424 0.04941 0.00899 0 -1.65000 2.40000 0.00747 0.43788 -11
0.70002 -0.10738 0.00899 0 -0.42500 13.22500 0.00747 0.50608 -11
-0.73085 0.02698 0.00899 0 -1.97500 24.17500 0.00747 0.56949 -11
0.41202 0.05270 0.00899 0 0.05000 35.80000 0.00747 0.64087 -11
-0.28745 -0.03542 0.00899 0 -0.97500 42.47500 0.00747 0.69725 -11
0.41986 0.08880 0.00899 0 0.12500 48.72500 0.00747 0.76804 -11
-0.51395 -0.05915 0.00899 0 -1.60000 55.15000 0.00747 0.81949 -11
-0.15996 0.48670 0.00899 0 0.62500 -60.17500 0.00747 0.28090 -11
-0.01574 -0.24607 0.00899 0 -2.85000 -58.35000 0.00747 0.35306 -11
0.06244 0.30432 0.00899 0 0.97500 -58.32500 0.00747 0.43724 -11
-0.28444 -0.25575 0.00899 0 -2.25000 -61.10000 0.00747 0.51248 -11
1.31202 -0.25450 0.00899 0 7.20000 -63.85000 0.00747 0.04992 -11
-1.01743 0.17070 0.00899 0 4.77500 -45.00000 0.00747 0.13285 -11
1.03998 -0.65469 0.00899 0 5.92500 -31.70000 0.00747 0.20031 -11
-1.07046 0.36708 0.00899 0 3.87500 -13.50000 0.00747 0.28932 -11
-0.73198 3.31987 0.00899 0 0.85000 -18.37500 0.00747 0.74380 -11
1.52622 -0.70793 0.00899 0 4.82500 -22.07500 0.00747 0.76385 -11
-0.16644 31.69246 0.00899 0 1.82500 -16.70000 0.00747 0.76372 -11
-0.92110 0.53112 0.00899 0 -1.70000 -58.55000 0.00747 0.10001 -11
1.03513 -0.10860 0.00899 0 -0.32500 -43.20000 0.00747 0.17335 -11
-1.43599 0.50324 0.00899 0 -2.30000 -25.75000 0.00747 0.25233 -11
0.97536 -0.55741 0.00899 0 0.47500 -13.05000 0.00747 0.31078 -11
-1.30745 0.58771 0.00899 0 -2.02500 4.72500 0.00747 0.39777 -11
0.87497 -0.46753 0.00899 0 -0.15000 17.70000 0.00747 0.45928 -11
-1.11487 0.69478 0.00899 0 -4.20000 35.12500 0.00747 0.53912 -11
-0.75617 0.47759 0.00899 0 7.40000 35.77500 0.00747 0.54238 -11
0.73059 -0.67491 0.00899 0 -1.72500 43.10000 0.00747 0.58733 -11
-0.82988 0.85575 0.00899 0 5.87500 55.37500 0.00747 0.67151 -11
1.02340 -1.08558 0.00899 0 -0.95000 60.55000 0.00747 0.70261 -11
-0.69821 0.48788 0.00899 0 -0.32500 -57.60000 0.00747 0.11535 -11
0.57418 -0.56314 0.00899 0 -2.15000 -48.25000 0.00747 0.18353 -11
-0.50477 0.52089 0.00899 0 -1.07500 -35.40000 0.00747 0.28326 -11
0.64021 -0.51037 0.00899 0 -1.12500 -26.30000 0.00747 0.34455 -11
-0.42095 0.58488 0.00899 0 -0.85000 -12.92500 0.00747 0.43730 -11
0.94950 -0.47675 0.00899 0 1.17500 -3.67500 0.00747 0.49200 -11
-1.18312 0.52725 0.00899 0 -1.90000 15.10000 0.00747 0.57974 -11
1.23720 -0.65573 0.00899 0 0.52500 27.55000 0.00747 0.63820 -11
-1.48839 2.03373 0.00899 0 -3.70000 43.90000 0.00747 0.72539 -11
-1.03024 1.08491 0.00899 0 7.10000 44.70000 0.00747 0.73054 -11
1.10647 -1.18895 0.00899 0 0.55000 49.55000 0.00747 0.75962 -11
-0.40193 0.45313 0.00899 0 -3.12500 -63.40000 0.00747 0.11596 -11
0.36249 -0.76268 0.00899 0 6.30000 -56.75000 0.00747 0.18817 -11
-0.37363 0.73666 0.00899 0 -3.40000 -48.37500 0.00747 0.28692 -11
-0.31728 0.42572 0.00899 0 8.05000 -48.07500 0.00747 0.29057 -11
0.46326 -1.19337 0.00899 0 6.50000 -42.75000 0.00747 0.35034 -11
-0.21948 0.75737 0.00899 0 -3.45000 -38.50000 0.00747 0.44202 -11
-0.26719 0.31798 0.00899 0 8.02500 -38.30000 0.00747 0.44547 -11
0.58919 -1.01817 0.00899 0 7.25000 -31.10000 0.00747 0.50767 -11
-0.59134 0.24970 0.00899 0 7.10000 -19.00000 0.00747 0.59365 -11
0.73492 -0.84238 0.00899 0 7.37500 -9.92500 0.00747 0.65538 -11
-0.39448 0.28218 0.00899 0 6.92500 0.10000 0.00747 0.73734 -11
0.50225 -0.77417 0.00899 0 6.70000 6.40000 0.00747 0.79736 -11
-0.49512 0.16171 0.00899 0 6.10000 16.35000 0.00747 0.87375 -11
0.56416 -0.97824 0.00899 0 6.97500 22.85000 0.00747 0.92905 -11
-0.55924 0.23454 0.00899 0 5.07500 33.07500 0.00747 1.01084 -11
0.50736 -1.37206 0.00899 0 8.00000 37.57500 0.00747 1.05310 -11
-0.31257 0.43440 0.00899 0 5.47500 46.15000 0.00747 1.13284 -11
0.22052 -0.32990 0.00899 0 -3.55000 49.52500 0.00747 1.17327 -11
-0.04032 0.29392 0.00899 0 5.07500 51.75000 0.00747 1.23249 -11
-0.01359 -0.36749 0.00899 0 -3.05000 51.57500 0.00747 1.26862 -11
-0.26284 0.10029 0.00899 0 5.20000 52.75000 0.00747 1.32005 -11
0.52043 -1.36007 0.00899 0 7.25000 56.75000 0.00747 1.36922 -11
0.05053 0.61520 0.00899 0 1.77500 58.47500 0.00747 1.41972 -11
-0.02231 -0.72204 0.00899 0 -4.27500 58.30000 0.00747 1.44368 -11
0.28902 0.49888 0.00899 0 2.00000 57.97500 0.00747 1.49385 -11
-0.27674 -0.43934 0.00899 0 -4.12500 55.92500 0.00747 1.52048 -11
0.25994 0.34590 0.00899 0 2.30000 52.75000 0.00747 1.56364 -11
0.24262 -0.15238 0.00899 0 -2.30000 52.52500 0.00747 1.58720 -11
0.21917 0.15509 0.00899 0 3.25000 52.45000 0.00747 1.62015 -11
-0.10707 0.05200 0.00899 0 -2.10000 51.95000 0.00747 1.64692 -11
-0.31694 -0.13672 0.00899 0 2.55000 52.50000 0.00747 1.67023 -11
0.64807 0.42331 0.00899 0 -1.15000 55.80000 0.00747 1.69773 -11
-0.20894 -0.19487 0.00899 0 2.10000 59.92500 0.00747 1.72024 -11
0.64998 0.58661 0.00899 0 -1.50000 62.10000 0.00747 1.74671 -11
-1.17057 -0.44234 0.00899 0 1.32500 64.77500 0.00747 1.76391 -11
0.14810 -0.10968 0.00899 0 -1.97500 -64.92500 0.00747 0.18633 -11
-0.21569 0.12663 0.00899 0 0.27500 -59.00000 0.00747 0.25898 -11
0.13925 -0.00545 0.00899 0 -2.20000 -56.30000 0.00747 0.34111 -11
-0.04159 0.04633 0.00899 0 -0.17500 -53.90000 0.00747 0.40615 -11
0.02130 0.15120 0.00899 0 -2.00000 -53.47500 0.00747 0.49120 -11
-0.03179 -0.14723 0.00899 0 -1.02500 -53.77500 0.00747 0.54607 -11
0.04907 0.20516 0.00899 0 -1.72500 -52.12500 0.00747 0.63347 -11
-0.06496 -0.24583 0.00899 0 -1.72500 -51.22500 0.00747 0.68279 -11
-0.01372 0.57199 0.00899 0 -0.47500 -50.05000 0.00747 0.77531 -11
-0.09102 -0.15794 0.00899 0 -2.20000 -50.52500 0.00747 0.81432 -11
0.02716 0.34107 0.00899 0 -1.50000 -48.10000 0.00747 0.89692 -11
0.07299 -0.03036 0.00899 0 -2.27500 -48.02500 0.00747 0.94340 -11
0.12240 0.24747 0.00899 0 -1.67500 -46.10000 0.00747 1.01851 -11
-0.12856 -0.05567 0.00899 0 -2.40000 -44.72500 0.00747 1.06717 -11
0.12872 0.14661 0.00899 0 -1.25000 -42.02500 0.00747 1.13795 -11
0.12390 0.01824 0.00899 0 -2.27500 -41.32500 0.00747 1.18836 -11
-0.19517 0.14748 0.00899 0 -0.90000 -43.00000 0.00747 1.25504 -11
0.25483 0.01609 0.00899 0 -2.92500 -47.50000 0.00747 1.30310 -11
-0.45918 0.04865 0.00899 0 -0.82500 -53.25000 0.00747 1.36677 -11
0.63903 0.13154 0.00899 0 -4.27500 -61.30000 0.00747 1.41684 -11
0.68891 -0.21696 0.00899 0 7.72500 -61.77500 0.00747 1.41958 -11
-0.82493 0.28548 0.00899 0 -0.15000 -58.20000 0.00747 0.11702 -11
0.89019 -0.06097 0.00899 0 -0.75000 -43.02500 0.00747 0.19903 -11
-1.22534 0.38268 0.00899 0 -1.90000 -25.00000 0.00747 0.28145 -11
0.82173 -0.27874 0.00899 0 -0.70000 -12.87500 0.00747 0.34608 -11
-0.72693 0.38576 0.00899 0 7.10000 -2.47500 0.00747 0.40624 -11
0.47311 -0.31449 0.00899 0 0.67500 2.80000 0.00747 0.44010 -11
-0.23888 0.40611 0.00899 0 -2.70000 7.77500 0.00747 0.49249 -11
0.11546 -0.19206 0.00899 0 1.05000 8.95000 0.00747 0.53300 -11
-0.48939 0.41456 0.00899 0 -2.72500 12.17500 0.00747 0.58138 -11
0.82865 -0.07883 0.00899 0 2.65000 19.12500 0.00747 0.62228 -11
-0.68710 0.27325 0.00899 0 -3.35000 25.10000 0.00747 0.65871 -11
-0.63522 0.10054 0.00899 0 8.40000 25.80000 0.00747 0.66286 -11
2.96344 1.34199 0.00899 0 4.07500 34.97500 0.00747 0.70531 -11
-1.70546 -1.07907 0.00899 0 4.65000 35.80000 0.00747 0.70891 -11
-0.60113 0.27303 0.00899 0 0.15000 -56.67500 0.00747 0.11437 -11
0.29623 -0.15401 0.00899 0 -2.60000 -45.80000 0.00747 0.19919 -11
-0.28973 0.26910 0.00899 0 0.47500 -39.00000 0.00747 0.27798 -11
-0.32723 0.29090 0.00899 0 0.45000 -39.00000 0.00747 0.27805 -11
0.50949 -0.02940 0.00899 0 -1.37500 -28.15000 0.00747 0.35941 -11
-0.33296 0.30334 0.00899 0 7.22500 -24.57500 0.00747 0.41489 -11
0.16931 -0.37524 0.00899 0 0.82500 -22.32500 0.00747 0.44513 -11
-0.27279 0.96943 0.00899 0 -3.52500 -18.57500 0.00747 0.49606 -11
-0.61239 0.98071 0.00899 0 7.72500 -18.32500 0.00747 0.49985 -11
0.68369 -1.17498 0.00899 0 2.87500 -15.92500 0.00747 0.51952 -11
-1.41890 2.48753 0.00899 0 6.47500 -6.17500 0.00747 0.58700 -11
1.38521 -1.85663 0.00899 0 3.67500 -4.55000 0.00747 0.59808 -11
-1.39810 3.14893 0.00899 0 -3.40000 0.60000 0.00747 0.65615 -11
-0.49857 0.60531 0.00899 0 -0.40000 29.60000 0.00747 0.83725 -11
0.45351 -0.89784 0.00899 0 -4.35000 31.45000 0.00747 0.85430 -11
-1.10769 1.17361 0.00899 0 -1.80000 35.62500 0.00747 0.89784 -11
0.97021 -1.00625 0.00899 0 -4.27500 37.45000 0.00747 0.90888 -11
3.11839 -5.04939 0.00899 0 -2.07500 44.40000 0.00747 0.94800 -11
-0.51681 0.34884 0.00899 0 4.30000 -58.30000 0.00747 0.11403 -11
0.37648 -0.79891 0.00899 0 2.75000 -51.55000 0.00747 0.17670 -11
-0.32231 0.62233 0.00899 0 3.85000 -42.85000 0.00747 0.28369 -11
0.34735 -0.62785 0.00899 0 2.97500 -36.15000 0.00747 0.34394 -11
-0.28291 0.32538 0.00899 0 4.50000 -27.10000 0.00747 0.43279 -11
0.19859 -0.59919 0.00899 0 2.00000 -23.37500 0.00747 0.50064 -11
-0.21651 0.46386 0.00899 0 3.30000 -17.87500 0.00747 0.58783 -11
0.01457 -0.72788 0.00899 0 2.40000 -16.40000 0.00747 0.64326 -11
-0.10460 0.42771 0.00899 0 2.72500 -14.80000 0.00747 0.72807 -11
0.54600 -0.74930 0.00899 0 1.87500 -11.82500 0.00747 0.78291 -11
-0.60083 0.79470 0.00899 0 -1.12500 -0.70000 0.00747 0.86055 -11
0.61489 -0.89599 0.00899 0 1.77500 4.60000 0.00747 0.90126 -11
-0.63577 0.80585 0.00899 0 -1.42500 15.10000 0.00747 0.97789 -11
0.76007 -0.90189 0.00899 0 1.97500 20.37500 0.00747 1.01651 -11
-0.34894 0.85285 0.00899 0 -1.77500 25.90000 0.00747 1.09329 -11
0.32279 -0.83096 0.00899 0 1.32500 28.90000 0.00747 1.13008 -11
-0.37858 1.01829 0.00899 0 -1.65000 32.72500 0.00747 1.20175 -11
0.92603 -1.54901 0.00899 0 2.07500 35.20000 0.00747 1.23452 -11
-0.57490 -0.08862 0.00899 0 7.45000 -57.25000 0.00747 0.11624 -11
0.73683 -0.52353 0.00899 0 6.05000 -44.02500 0.00747 0.19962 -11
-0.56590 0.09726 0.00899 0 6.32500 -28.70000 0.00747 0.28846 -11
0.39016 -0.27150 0.00899 0 3.40000 -21.52500 0.00747 0.37256 -11
-0.30810 0.05796 0.00899 0 5.32500 -14.37500 0.00747 0.44674 -11
0.44604 -0.33038 0.00899 0 3.32500 -7.20000 0.00747 0.52407 -11
-0.34821 0.06062 0.00899 0 4.90000 -0.20000 0.00747 0.60183 -11
0.57744 -0.45193 0.00899 0 4.25000 8.52500 0.00747 0.67198 -11
-0.57862 0.20638 0.00899 0 4.42500 18.20000 0.00747 0.74188 -11
0.59200 -0.20814 0.00899 0 -1.20000 22.90000 0.00747 0.77189 -11
-0.89073 0.06764 0.00899 0 4.25000 29.87500 0.00747 0.81342 -11
0.03502 -0.27985 0.00899 0 -1.10000 32.87500 0.00747 0.84360 -11
-0.27589 0.19087 0.00899 0 3.87500 33.75000 0.00747 0.87580 -11
0.35617 -0.19729 0.00899 0 -0.90000 35.75000 0.00747 0.89953 -11
0.17748 0.11412 0.00899 0 3.97500 36.15000 0.00747 0.92814 -11
-0.21780 -0.15855 0.00899 0 -0.67500 34.50000 0.00747 0.95152 -11
0.26515 -0.02136 0.00899 0 3.90000 32.60000 0.00747 0.97788 -11
0.46569 0.12221 0.00899 0 -0.40000 33.17500 0.00747 1.00302 -11
-0.73445 -0.32477 0.00899 0 2.70000 36.42500 0.00747 1.02288 -11
0.73840 0.25082 0.00899 0 -0.15000 40.25000 0.00747 1.04637 -11
-0.81258 -0.33973 0.00899 0 2.85000 42.45000 0.00747 1.06251 -11
0.55927 0.33114 0.00899 0 0.42500 46.57500 0.00747 1.08477 -11
-1.90475 -0.86372 0.00899 0 2.95000 48.15000 0.00747 1.09697 -11
-0.83932 0.29845 0.00899 0 -1.30000 -49.27500 0.00747 0.11971 -11
0.75491 -0.00135 0.00899 0 -1.85000 -34.70000 0.00747 0.20155 -11
-0.51792 0.04055 0.00899 0 -1.20000 -21.92500 0.00747 0.27524 -11
0.55334 -0.04474 0.00899 0 -2.32500 -9.12500 0.00747 0.36225 -11
-0.54392 0.09352 0.00899 0 -1.42500 0.60000 0.00747 0.43078 -11
0.50764 0.12816 0.00899 0 -2.52500 12.22500 0.00747 0.52103 -11
-0.40082 -0.00611 0.00899 0 -2.52500 21.10000 0.00747 0.58155 -11
0.49393 0.10466 0.00899 0 -3.10000 31.77500 0.00747 0.67015 -11
-0.44931 0.26055 0.00899 0 -2.67500 39.87500 0.00747 0.73434 -11
0.46335 0.01335 0.00899 0 -3.50000 48.32500 0.00747 0.81073 -11
-0.64859 0.10208 0.00899 0 -3.87500 56.50000 0.00747 0.87325 -11
-0.54585 -0.17178 0.00899 0 8.15000 57.05000 0.00747 0.87657 -11
0.94405 -0.14052 0.00899 0 4.75000 -64.60000 0.00747 0.04445 -11
-1.11894 -0.33491 0.00899 0 3.77500 -50.02500 0.00747 0.11488 -11
1.41168 -0.01499 0.00899 0 7.47500 -26.12500 0.00747 0.21471 -11
2.02764 0.52314 0.00899 0 -4.35000 -25.05000 0.00747 0.21898 -11
-1.35959 -0.38235 0.00899 0 2.42500 -11.35000 0.00747 0.27270 -11
1.17136 0.06543 0.00899 0 5.57500 10.87500 0.00747 0.37347 -11
-2.35786 -0.30915 0.00899 0 -1.37500 23.85000 0.00747 0.42150 -11
1.86988 -0.25902 0.00899 0 7.75000 39.62500 0.00747 0.47900 -11
4.61190 1.98001 0.00899 0 -3.62500 41.30000 0.00747 0.48588 -11
-1.76172 -0.45957 0.00899 0 -3.07500 42.87500 0.00747 0.49140 -11
7.52660 0.57236 0.00899 0 7.65000 58.05000 0.00747 0.54631 -11
-0.58221 0.36303 0.00899 0 1.87500 -57.82500 0.00747 0.11252 -11
0.42084 -0.51836 0.00899 0 -0.12500 -48.80000 0.00747 0.18242 -11
-0.58063 0.45763 0.00899 0 1.82500 -37.60000 0.00747 0.27732 -11
1.17633 -0.79970 0.00899 0 1.07500 -27.75000 0.00747 0.34122 -11
-1.67315 1.12302 0.00899 0 -2.97500 -3.90000 0.00747 0.44913 -11
-1.30870 0.76151 0.00899 0 7.95000 -2.25000 0.00747 0.45642 -11
1.23472 -0.73338 0.00899 0 -0.12500 6.90000 0.00747 0.50021 -11
-1.87515 1.23712 0.00899 0 -2.60000 25.52500 0.00747 0.59264 -11
-1.97191 2.13554 0.00899 0 8.00000 27.60000 0.00747 0.60175 -11
2.19984 -2.32401 0.00899 0 3.47500 31.35000 0.00747 0.62182 -11
-1.58284 1.66700 0.00899 0 -2.65000 53.97500 0.00747 0.72846 -11
-2.90189 2.47304 0.00899 0 7.65000 55.50000 0.00747 0.73692 -11
2.70195 -2.55591 0.00899 0 4.87500 58.45000 0.00747 0.75061 -11
-0.93924 0.04644 0.00899 0 5.50000 -50.25000 0.00747 0.10994 -11
1.25291 -0.97370 0.00899 0 8.47500 -39.52500 0.00747 0.16529 -11
0.85522 -0.16303 0.00899 0 -3.95000 -38.67500 0.00747 0.16960 -11
-0.82157 0.16004 0.00899 0 6.12500 -24.07500 0.00747 0.24589 -11
0.72599 -0.88003 0.00899 0 7.70000 -14.82500 0.00747 0.30393 -11
-0.39606 0.41514 0.00899 0 6.12500 -5.30000 0.00747 0.38368 -11
0.73073 -1.30381 0.00899 0 8.32500 -0.90000 0.00747 0.42783 -11
0.44135 -0.26390 0.00899 0 -4.17500 -0.47500 0.00747 0.43126 -11
-0.32243 0.33391 0.00899 0 5.32500 5.77500 0.00747 0.49658 -11
0.20005 -0.39260 0.00899 0 -3.92500 9.50000 0.00747 0.53878 -11
-0.19600 0.33130 0.00899 0 5.70000 11.65000 0.00747 0.60238 -11
0.12999 -0.36551 0.00899 0 -2.50000 13.00000 0.00747 0.63931 -11
-0.23309 0.29765 0.00899 0 6.32500 15.77500 0.00747 0.69997 -11
0.11508 -0.16887 0.00899 0 -1.97500 18.87500 0.00747 0.74007 -11
0.09202 0.54690 0.00899 0 6.47500 17.85000 0.00747 0.79573 -11
0.17965 -0.45071 0.00899 0 -0.52500 18.27500 0.00747 0.82509 -11
-0.09672 0.43273 0.00899 0 5.77500 20.52500 0.00747 0.87558 -11
0.13185 -0.47251 0.00899 0 -0.67500 21.27500 0.00747 0.90302 -11
-0.38719 0.42936 0.00899 0 5.62500 24.75000 0.00747 0.94952 -11
0.37467 -0.42126 0.00899 0 -0.30000 27.67500 0.00747 0.97670 -11
-0.42448 0.43029 0.00899 0 5.45000 32.85000 0.00747 1.02199 -11
0.42824 -0.37848 0.00899 0 -0.35000 35.70000 0.00747 1.04886 -11
-0.27798 0.34783 0.00899 0 5.95000 37.57500 0.00747 1.08887 -11
0.30311 -0.41117 0.00899 0 0.20000 39.57500 0.00747 1.11452 -11
-0.28478 1.08275 0.00899 0 5.02500 42.90000 0.00747 1.16263 -11
0.35870 -1.12199 0.00899 0 1.02500 44.05000 0.00747 1.17793 -11
-0.31162 1.30309 0.00899 0 4.22500 48.90000 0.00747 1.22954 -11
0.47128 -1.37669 0.00899 0 0.85000 49.82500 0.00747 1.24219 -11
-0.97379 1.10633 0.00899 0 3.17500 57.30000 0.00747 1.29141 -11
0.86690 -1.13729 0.00899 0 0.02500 59.45000 0.00747 1.30525 -11
-0.60974 0.50470 0.00899 0 3.02500 -56.60000 0.00747 0.10828 -11
1.07313 -0.73303 0.00899 0 2.47500 -46.32500 0.00747 0.17208 -11
-0.80896 0.58281 0.00899 0 1.67500 -28.00000 0.00747 0.27056 -11
0.41445 -0.52720 0.00899 0 1.07500 -19.40000 0.00747 0.33258 -11
-0.28800 0.46698 0.00899 0 2.57500 -13.05000 0.00747 0.42131 -11
0.08979 -0.40194 0.00899 0 2.20000 -9.80000 0.00747 0.47790 -11
-0.11683 0.07803 0.00899 0 3.80000 -7.80000 0.00747 0.54813 -11
0.04999 -0.04212 0.00899 0 2.82500 -5.97500 0.00747 0.61963 -11
0.04226 -0.12961 0.00899 0 3.70000 -6.75000 0.00747 0.67888 -11
0.28160 -0.06316 0.00899 0 3.30000 -6.32500 0.00747 0.75109 -11
-0.22574 -0.20799 0.00899 0 3.07500 -2.20000 0.00747 0.80484 -11
0.27416 0.26210 0.00899 0 4.30000 2.77500 0.00747 0.88388 -11
-0.35540 -0.72654 0.00899 0 1.87500 5.90000 0.00747 0.92335 -11
0.11249 0.45518 0.00899 0 5.92500 9.65000 0.00747 1.00665 -11
-0.25355 -1.12556 0.00899 0 1.22500 10.80000 0.00747 1.03397 -11
0.16398 0.40522 0.00899 0 6.42500 16.95000 0.00747 1.11488 -11
-1.05561 -2.70365 0.00899 0 -0.05000 18.47500 0.00747 1.13566 -11
0.37284 0.61966 0.00899 0 7.00000 22.37500 0.00747 1.21742 -11
-0.26112 -1.02096 0.00899 0 -2.12500 23.97500 0.00747 1.22931 -11
0.46393 1.32824 0.00899 0 5.82500 30.15000 0.00747 1.30273 -11
-1.91693 -2.28040 0.00899 0 -3.60000 30.95000 0.00747 1.31199 -11
0.67252 0.95576 0.00899 0 6.25000 42.17500 0.00747 1.38111 -11
0.32519 0.29655 0.00899 0 4.80000 49.87500 0.00747 1.44914 -11
-0.22066 -0.60319 0.00899 0 -1.55000 51.87500 0.00747 1.47260 -11
0.54611 0.78265 0.00899 0 5.82500 55.52500 0.00747 1.52545 -11
-0.24692 -1.75308 0.00899 0 -2.32500 56.57500 0.00747 1.53994 -11
0.38424 0.33164 0.00899 0 6.30000 59.95000 0.00747 1.58749 -11
-0.67708 -1.34748 0.00899 0 -1.82500 61.90000 0.00747 1.60389 -11
-4.97738 2.03941 0.00899 0 -2.90000 57.90000 0.00747 1.85606 -11
5.48536 -2.29326 0.00899 0 -2.80000 57.65000 0.00747 1.85699 -11
-4.46399 -1.06445 0.00899 0 7.97500 51.30000 0.00747 1.88111 -11
-17.96965 19.00153 0.00899 0 8.22500 50.42500 0.00747 1.88444 -11
0.05785 1.37276 0.00899 0 7.15000 48.55000 0.00747 1.94562 -11
0.59202 0.71046 0.00899 0 7.17500 48.60000 0.00747 1.97127 -11
-0.29861 0.37936 0.00899 0 7.15000 48.25000 0.00747 1.99362 -11
-0.91007 0.48745 0.00899 0 -3.25000 47.97500 0.00747 2.00408 -11
12.92238 1.94893 0.00899 0 -4.10000 49.47500 0.00747 2.01135 -11
1.31436 0.20634 0.00308 0 7.37500 -62.90000 0.00277 0.07832 11
-1.18827 -0.08007 0.00308 0 3.77500 -55.87500 0.00277 0.11196 11
1.15588 -0.04161 0.00308 0 7.00000 -49.70000 0.00277 0.13883 11
-1.01117 -0.53030 0.00308 0 3.82500 -42.22500 0.00277 0.17427 11
0.83489 0.49152 0.00308 0 7.42500 -38.67500 0.00277 0.19400 11
0.37481 0.58471 0.00308 0 -4.17500 -38.30000 0.00277 0.19690 11
0.12092 -0.32177 0.00308 0 3.45000 -37.17500 0.00277 0.22413 11
-0.24008 0.32287 0.00308 0 7.52500 -38.25000 0.00277 0.24291 11
-0.92265 0.32807 0.00308 0 -4.27500 -38.72500 0.00277 0.24579 11
0.50894 -0.34854 0.00308 0 4.25000 -42.37500 0.00277 0.26895 11
-0.64062 0.35405 0.00308 0 7.45000 -45.05000 0.00277 0.28625 11
-0.65691 0.44115 0.00308 0 -4.27500 -45.45000 0.00277 0.28901 11
1.35218 -0.19559 0.00308 0 5.55000 -50.50000 0.00277 0.31110 11
-1.94964 -0.60414 0.00308 0 7.45000 -54.80000 0.00277 0.32889 11
-0.06380 0.56425 0.00308 0 5.95000 -55.05000 0.00277 0.33492 11
-0.39017 0.54724 0.00899 0 6.95000 -60.57500 0.00747 0.11572 -11
0.17708 -0.84449 0.00899 0 4.12500 -57.45000 0.00747 0.17909 -11
-0.09172 0.44992 0.00899 0 6.40000 -54.40000 0.00747 0.27595 -11
0.43905 -1.02874 0.00899 0 5.62500 -50.55000 0.00747 0.33114 -11
-0.45328 0.48944 0.00899 0 6.32500 -39.47500 0.00747 0.42718 -11
0.48751 -1.21756 0.00899 0 7.00000 -34.35000 0.00747 0.47691 -11
-0.71882 0.40404 0.00899 0 6.10000 -21.40000 0.00747 0.57372 -11
0.79030 -1.44385 0.00899 0 7.35000 -14.12500 0.00747 0.62479 -11
-0.70669 0.51443 0.00899 0 4.82500 -0.25000 0.00747 0.71425 -11
0.17049 -0.88071 0.00899 0 6.87500 4.85000 0.00747 0.75899 -11
-0.34160 0.30081 0.00899 0 0.80000 8.65000 0.00747 0.79844 -11
0.44692 -1.18851 0.00899 0 7.22500 10.67500 0.00747 0.82380 -11
-0.21622 0.30777 0.00899 0 0.70000 13.45000 0.00747 0.86233 -11
0.56373 -1.40716 0.00899 0 7.70000 15.07500 0.00747 0.88477 -11
-0.84344 -0.36538 0.00899 0 0.57500 19.55000 0.00747 0.92053 -11
3.92263 2.41507 0.00899 0 -2.40000 27.22500 0.00747 0.95974 -11
-4.07165 -1.52573 0.00899 0 -2.22500 27.57500 0.00747 0.96172 -11
1.43740 -0.39969 0.00899 0 7.75000 34.92500 0.00747 0.99050 -11
2.00332 0.51465 0.00899 0 -4.20000 36.05000 0.00747 0.99504 -11
0.05875 0.49721 0.00899 0 -2.27500 41.50000 0.00747 1.01599 -11
0.02060 -1.08229 0.00899 0 6.07500 41.40000 0.00747 1.03203 -11
-0.78815 1.01355 0.00899 0 -2.95000 43.37500 0.00747 1.06136 -11
-0.68399 0.94882 0.00899 0 -2.90000 49.10000 0.00747 1.10078 -11
-0.01519 1.05880 0.00899 0 -2.87500 53.60000 0.00747 1.14396 -11
-0.01342 0.81966 0.00899 0 8.42500 53.47500 0.00747 1.17855 -11
0.10110 -0.91359 0.00899 0 6.02500 53.75000 0.00747 1.18837 -11
-0.49920 0.38018 0.00899 0 -3.47500 55.80000 0.00747 1.20787 -11
-9.37854 19.01097 0.00899 0 7.62500 56.25000 0.00747 1.21264 -11
1.06401 1.16965 0.00899 0 5.57500 -18.25000 0.00747 0.61178 -11
-2.17538 -0.02982 0.01348 0 4.52500 -36.07500 0.00564 -0.15645 11
1.52729 -0.00141 0.01348 0 3.25000 1.07500 0.00564 -0.01734 11
-1.66195 0.03535 0.01348 0 1.47500 29.82500 0.00564 0.09873 11
-0.05956 -0.07038 0.00277 0 2.55000 -58.27500 0.00234 2.02427 -11
0.28747 0.00464 0.00277 0 -0.20000 -57.90000 0.00234 2.04060 -11
0.01527 -0.93904 0.00277 0 1.90000 -57.05000 0.00234 2.05050 -11
1.10223 -0.12226 0.00277 0 4.20000 -63.82500 0.00234 2.56117 -11
1.99818 0.31823 0.00277 0 1.50000 62.00000 0.00234 1.03177 -11
-1.92359 -0.06624 0.00277 0 -0.35000 56.40000 0.00234 1.05304 -11
4.16815 1.10138 0.00277 0 0.62500 26.05000 0.00234 1.17731 -11
1.91051 0.36542 0.00277 0 0.85000 19.62500 0.00234 1.19759 -11
-0.17420 -0.05667 0.00277 0 -0.70000 17.67500 0.00234 1.22944 -11
-0.18668 -0.45647 0.00277 0 1.82500 16.65000 0.00234 1.24238 -11
0.38609 0.54432 0.00277 0 -0.40000 18.70000 0.00234 1.26090 -11
0.47179 2.14597 0.00277 0 1.50000 18.87500 0.00234 1.26879 -11
1.08342 0.51408 0.00277 0 4.25000 17.97500 0.00234 1.29545 -11
4.20805 1.91033 0.00277 0 0.72500 -19.72500 0.00234 1.57054 -11
-3.85807 0.21128 0.00277 0 -0.75000 -25.52500 0.00234 1.59147 -11
-134.40134 42.99527 0.00277 0 -0.65000 -26.07500 0.00234 1.59344 -11
5.90161 -3.44347 0.00277 0 -0.47500 -26.57500 0.00234 1.59523 -11
-1.45074 1.16605 0.00129 0 1.05000 53.90000 0.00086 0.69723 11
-0.86984 -0.28147 0.00521 0 2.95000 63.87500 0.00105 1.06286 11
0.24593 -0.99664 0.00521 0 1.97500 63.55000 0.00105 1.06839 11
-1.30019 1.93449 0.00320 0 1.40000 -15.55000 0.00320 0.73926 -11
1.30409 -1.82036 0.00320 0 -0.35000 -14.40000 0.00320 0.74656 -11
-2.93553 2.85931 0.00320 0 1.52500 -6.07500 0.00320 0.78381 -11
2.63154 -1.81843 0.00320 0 0.72500 -5.25000 0.00320 0.78791 -11
-1.34164 0.35519 0.00320 0 2.45000 1.52500 0.00320 0.81525 -11
1.50813 -0.37095 0.00320 0 0.45000 4.95000 0.00320 0.83033 -11
-3.01411 -1.41243 0.00320 0 1.87500 7.50000 0.00320 0.84223 -11
2.35470 0.61188 0.00320 0 1.25000 12.62500 0.00320 0.86286 -11
-0.08397 -0.27110 0.00320 0 1.55000 13.15000 0.00320 0.86552 -11
0.15546 0.27611 0.00320 0 0.05000 13.45000 0.00320 0.87696 -11
-0.68447 -0.56588 0.00320 0 1.57500 13.40000 0.00320 0.88596 -11
0.59052 0.62587 0.00320 0 0.57500 14.77500 0.00320 0.89648 -11
1.02765 -1.05408 0.00320 0 3.00000 -63.45000 0.00320 2.37711 -11
-0.66796 0.31314 0.00320 0 5.75000 -57.37500 0.00320 2.41078 -11
0.64920 -0.34656 0.00320 0 2.17500 -54.52500 0.00320 2.42980 -11
-0.82720 0.81724 0.00320 0 5.30000 -49.95000 0.00320 2.45651 -11
0.78474 -0.85213 0.00320 0 2.87500 -48.47500 0.00320 2.46708 -11
-0.89495 0.43190 0.00320 0 5.22500 -43.87500 0.00320 2.49837 -11
1.04361 -0.37775 0.00320 0 2.85000 -40.80000 0.00320 2.51356 -11
-0.59714 -0.32157 0.00320 0 5.47500 -37.17500 0.00320 2.53685 -11
0.82913 0.49169 0.00320 0 2.92500 -33.90000 0.00320 2.55890 -11
-9.40332 20.72733 0.00320 0 5.82500 -34.55000 0.00320 2.57181 -11
-0.38100 -0.42317 0.00320 0 6.40000 -28.70000 0.00320 2.59400 -11
-0.01655 -0.09706 0.00320 0 4.70000 -23.72500 0.00320 2.62739 -11
2.28830 2.15032 0.00320 0 5.97500 -23.60000 0.00320 2.63386 -11
0.43375 -1.87735 0.00320 0 2.05000 15.20000 0.00320 2.52767 -11
-0.79171 -1.43296 0.00320 0 2.57500 14.47500 0.00320 2.54453 -11
0.30846 1.17030 0.00320 0 2.02500 16.27500 0.00320 2.55789 -11
-1.64551 -1.10664 0.00320 0 1.42500 -63.40000 0.00320 1.74128 -11
0.95165 0.61390 0.00320 0 0.42500 -58.10000 0.00320 1.76705 -11
-0.75115 -0.35317 0.00320 0 2.95000 -56.32500 0.00320 1.77946 -11
1.02490 0.50327 0.00320 0 0.72500 -52.85000 0.00320 1.79856 -11
1.62503 3.43196 0.00320 0 1.12500 -50.95000 0.00320 1.80791 -11
-1.53814 -0.16389 0.00320 0 1.87500 -48.40000 0.00320 1.83152 -11
1.10266 -0.33387 0.00320 0 0.37500 -46.02500 0.00320 1.84344 -11
-1.77587 -0.07345 0.00320 0 1.42500 -43.50000 0.00320 1.86157 -11
1.60256 0.66175 0.00320 0 1.20000 -33.87500 0.00320 1.90150 -11
-0.66581 -0.48143 0.00320 0 1.27500 -33.57500 0.00320 1.90293 -11
0.07516 1.51726 0.00320 0 0.72500 -31.60000 0.00320 1.91791 -11
-1.20260 0.68562 0.00320 0 4.22500 -7.87500 0.00320 1.30244 -11
1.29091 -0.38368 0.00320 0 1.20000 -4.02500 0.00320 1.32063 -11
-1.19357 0.30237 0.00320 0 4.10000 1.82500 0.00320 1.34610 -11
0.90476 -0.36190 0.00320 0 1.07500 5.52500 0.00320 1.36428 -11
-0.99187 0.39436 0.00320 0 4.22500 10.92500 0.00320 1.39628 -11
0.82023 -0.47782 0.00320 0 1.17500 14.22500 0.00320 1.41376 -11
-0.76964 0.10123 0.00320 0 4.25000 18.80000 0.00320 1.44026 -11
0.66320 -0.16626 0.00320 0 1.10000 22.07500 0.00320 1.45952 -11
-0.32346 -0.82415 0.00320 0 2.80000 55.12500 0.00320 1.60501 -11
0.48758 -1.23253 0.00320 0 -3.12500 -64.92500 0.00320 1.07695 -11
-0.00207 0.63120 0.00320 0 -0.22500 -63.52500 0.00320 1.11430 -11
-0.20878 -0.62456 0.00320 0 -3.90000 -64.22500 0.00320 1.12947 -11
-0.33593 0.08645 0.00320 0 0.05000 -64.27500 0.00320 1.19967 -11
0.43319 0.02103 0.00320 0 -3.27500 -62.30000 0.00320 1.21873 -11
-0.87201 1.03828 0.00320 0 -1.30000 -57.05000 0.00320 1.24668 -11
0.80484 -1.06611 0.00320 0 -3.22500 -55.95000 0.00320 1.25491 -11
0.64885 0.84252 0.00320 0 -0.65000 -53.25000 0.00320 1.30727 -11
-0.49554 -0.90224 0.00320 0 -1.92500 -54.02500 0.00320 1.31292 -11
-0.89827 0.88321 0.00320 0 -0.30000 -53.37500 0.00320 1.33175 -11
0.86712 -0.83040 0.00320 0 -1.57500 -52.55000 0.00320 1.33786 -11
1.05142 -0.99725 0.00132 0 -0.65000 14.02500 0.00061 3.08016 11
-2.14407 -0.08693 0.00496 0 3.07500 -1.65000 0.00206 0.06131 -11
2.96705 0.18369 0.00496 0 -0.92500 11.80000 0.00206 0.11137 -11
-4.35978 -0.01701 0.00496 0 -0.60000 13.57500 0.00206 0.11769 -11
6.02091 -0.50235 0.00496 0 -1.72500 20.00000 0.00206 0.13995 -11
-0.09683 -0.29466 0.00496 0 -2.15000 43.82500 0.00206 0.22235 -11
0.17502 -0.83771 0.00496 0 7.80000 43.80000 0.00206 0.23651 -11
-0.15167 0.33405 0.00496 0 -4.35000 43.87500 0.00206 0.23911 -11
0.57269 0.99158 0.00496 0 -4.35000 43.77500 0.00206 0.23982 -11
0.43686 2.07341 0.00496 0 6.22500 43.75000 0.00206 0.24539 -11
-0.74109 0.46831 0.00496 0 6.27500 44.15000 0.00206 0.25958 -11
-1.63791 0.09728 0.00199 0 -2.05000 43.20000 0.00115 0.21990 11
1.62264 -0.13707 0.00199 0 -0.40000 48.67500 0.00115 0.24110 11
-1.31630 0.06898 0.00199 0 -3.05000 50.97500 0.00115 0.25538 11
1.36137 -0.04127 0.00199 0 -1.02500 55.25000 0.00115 0.27419 11
-0.90804 -0.52002 0.00199 0 -2.62500 60.10000 0.00115 0.29371 11
0.37386 0.43898 0.00199 0 -0.25000 61.62500 0.00115 0.30535 11
-0.47844 -0.83369 0.00199 0 -2.40000 64.10000 0.00115 0.32574 11
0.44297 0.77143 0.00199 0 -0.47500 64.90000 0.00115 0.33406 11
0.31106 0.13824 0.00199 0 -3.57500 62.92500 0.00115 0.68051 11
-4.92059 -4.05525 0.00199 0 -2.75000 60.82500 0.00115 0.69591 11
-0.30114 -0.41437 0.00199 0 -2.15000 59.95000 0.00115 0.71892 11
-0.41214 0.93589 0.00199 0 -3.70000 58.95000 0.00115 0.72978 11
0.44724 -0.58557 0.00199 0 -3.15000 60.45000 0.00115 0.74024 11
-2.91461 -0.15837 0.01459 0 3.07500 -1.62500 0.00479 0.06139 11
2.98429 -0.17273 0.01459 0 0.47500 45.52500 0.00479 0.22900 11
-4.93768 0.80308 0.00583 0 0.35000 14.30000 0.00076 0.09579 -11
8.99051 -0.83712 0.00583 0 -1.12500 22.22500 0.00076 0.12311 -11
-4.55563 0.79243 0.00583 0 -1.22500 24.80000 0.00076 0.13169 -11
3.50560 -0.72926 0.00583 0 -2.82500 30.72500 0.00076 0.15253 -11
-7.91378 -0.69691 0.00583 0 0.85000 44.00000 0.00076 0.20485 -11
7.79463 -0.00009 0.00583 0 -0.32500 51.92500 0.00076 0.23166 -11
-5.60424 0.92157 0.00583 0 -0.25000 53.70000 0.00076 0.23779 -11
5.40841 -0.77336 0.00583 0 -1.40000 57.90000 0.00076 0.25255 -11
-13.18122 3.72250 0.00501 0 0.32500 14.10000 0.00103 0.09571 11
2.29955 -2.12981 0.00220 0 0.75000 38.35000 0.00077 0.18857 11
1.15591 0.64826 0.00220 0 -1.62500 39.17500 0.00077 0.19879 11
-1.51128 -0.01106 0.00220 0 -0.87500 36.35000 0.00077 0.21837 11
0.82433 0.37140 0.00220 0 -0.40000 37.20000 0.00077 0.23149 11
8.31539 0.86276 0.00220 0 -3.62500 -24.17500 0.00219 3.41806 11
0.09822 -0.71097 0.00594 0 6.85000 63.20000 0.00587 0.79921 11
-0.48210 -0.23357 0.00594 0 0.40000 62.12500 0.00587 0.83000 11
1.25101 0.34744 0.00594 0 -3.62500 57.70000 0.00587 0.85316 11
0.11253 0.62445 0.00594 0 3.15000 64.82500 0.00587 0.57088 11
-0.39710 -1.21924 0.00594 0 6.72500 61.52500 0.00587 0.60981 11
0.52876 2.48898 0.00594 0 4.37500 60.42500 0.00587 0.61921 11
4.86770 11.68812 0.00594 0 4.82500 20.12500 0.00587 1.06459 11
6.08592 8.58491 0.00594 0 5.20000 14.40000 0.00587 1.10371 11
-0.79509 -0.56792 0.00594 0 5.75000 12.15000 0.00587 1.11995 11
0.59107 0.37132 0.00594 0 4.45000 11.85000 0.00587 1.13078 11
263.64938 325.71461 0.00594 0 4.97500 7.57500 0.00587 1.15887 11
1.67376 -1.49786 0.00594 0 5.55000 6.65000 0.00587 1.17086 11
1.40277 0.98154 0.00594 0 6.05000 7.22500 0.00587 1.17512 11
0.04969 0.62967 0.00594 0 3.15000 64.82500 0.00587 0.57087 11
8.26601 3.63978 0.00594 0 3.15000 64.82500 0.00587 0.57087 11
0.63977 0.67309 0.00594 0 -4.07500 64.67500 0.00587 1.39122 11
0.48567 -0.21711 0.00594 0 7.70000 64.25000 0.00587 1.39409 11
-2.85188 -7.09984 0.00594 0 -1.47500 59.07500 0.00587 1.42835 11
-3.02803 -135.29116 0.00594 0 -1.72500 59.00000 0.00587 1.42962 11
0.10427 0.25974 0.00594 0 8.40000 58.87500 0.00587 1.43713 11
-0.53907 -1.36440 0.00594 0 -1.05000 57.32500 0.00587 1.47003 11
0.96288 0.35544 0.00594 0 -3.22500 55.05000 0.00587 1.48182 11
-0.83311 -0.41977 0.00594 0 -0.65000 50.92500 0.00587 1.50376 11
0.97893 0.77474 0.00594 0 -0.97500 50.55000 0.00587 1.50585 11
-0.79663 -0.73885 0.00594 0 1.00000 46.70000 0.00587 1.52977 11
-2.55062 27.59833 0.00594 0 -0.80000 46.65000 0.00587 1.53830 11
-1.70581 -0.77739 0.00594 0 -2.05000 48.02500 0.00587 1.55882 11
1.40228 0.69618 0.00594 0 -1.52500 49.05000 0.00587 1.56310 11
0.78872 -0.31444 0.00594 0 -3.00000 47.50000 0.00587 1.57649 11
