-1.37627 -0.32801 0.00972 0 3.22500 5.17500 0.00614 0.58729 11
1.97174 -0.71270 0.00972 0 -2.00000 26.45000 0.00614 0.67145 11
-1.44025 0.65805 0.00972 0 3.22500 37.80000 0.00614 0.71687 11
-1.03070 -0.49987 0.00972 0 0.97500 -37.65000 0.00614 0.39981 11
1.19072 0.33584 0.00972 0 0.60000 -21.30000 0.00614 0.47582 11
-1.21776 -0.61545 0.00972 0 0.65000 1.87500 0.00614 0.58376 11
0.77516 0.23778 0.00972 0 -1.37500 12.20000 0.00614 0.64201 11
-0.47696 -0.14067 0.00972 0 2.55000 22.17500 0.00614 0.69816 11
1.22689 0.18506 0.00972 0 -0.87500 30.72500 0.00614 0.75187 11
-1.33228 -0.66457 0.00972 0 6.27500 45.50000 0.00614 0.81474 11
0.97610 0.07231 0.00972 0 -0.65000 53.22500 0.00614 0.85112 11
-1.29481 -0.79534 0.00972 0 6.10000 62.77500 0.00614 0.89443 11
0.84914 0.23246 0.00418 0 7.15000 11.85000 0.00191 0.62852 11
-0.59393 -0.37190 0.00418 0 1.35000 18.32500 0.00191 0.67163 11
0.72448 0.43742 0.00418 0 6.70000 22.72500 0.00191 0.69900 11
-0.49014 -0.56213 0.00418 0 1.12500 27.32500 0.00191 0.74685 11
0.44856 0.46295 0.00418 0 6.60000 30.42500 0.00191 0.77202 11
-0.75807 -0.86649 0.00418 0 1.85000 35.67500 0.00191 0.82075 11
0.76174 0.86068 0.00418 0 5.95000 38.07500 0.00191 0.83827 11
-0.61563 -0.76190 0.00418 0 2.52500 45.82500 0.00191 0.88941 11
0.72280 0.62782 0.00418 0 6.72500 48.47500 0.00191 0.90807 11
-1.24463 -0.31409 0.00418 0 3.05000 56.87500 0.00191 0.95221 11
1.14982 0.51177 0.00418 0 6.47500 61.97500 0.00191 0.97491 11
-1.17788 -0.48778 0.00972 0 -1.60000 -37.50000 0.00614 0.40027 11
1.19957 0.45641 0.00972 0 -2.22500 -18.72500 0.00614 0.48239 11
-0.77654 -0.25331 0.00972 0 -2.37500 2.20000 0.00614 0.58047 11
0.70963 0.43233 0.00972 0 -0.82500 15.82500 0.00614 0.65879 11
-0.76136 -0.26563 0.00972 0 -2.90000 31.02500 0.00614 0.75252 11
0.96602 0.36559 0.00972 0 8.45000 43.07500 0.00614 0.81641 11
1.20672 0.68286 0.00972 0 -2.90000 44.32500 0.00614 0.82238 11
-1.55172 -0.56503 0.00972 0 4.12500 -37.20000 0.00614 0.40165 11
0.73814 0.51003 0.00972 0 4.00000 -21.72500 0.00614 0.47562 11
-0.62346 -0.65973 0.00972 0 2.90000 -3.30000 0.00614 0.58475 11
0.67669 0.32535 0.00972 0 4.45000 7.52500 0.00614 0.65580 11
-0.69180 -0.69115 0.00972 0 2.75000 22.40000 0.00614 0.75670 11
0.91328 0.46171 0.00972 0 3.02500 33.02500 0.00614 0.82074 11
-1.13739 -1.09078 0.00972 0 5.50000 54.30000 0.00614 0.92370 11
-2.37389 -1.07870 0.00972 0 7.82500 -36.20000 0.00614 0.40613 11
1.69156 0.21334 0.00972 0 4.27500 -17.27500 0.00614 0.47981 11
-1.77575 -0.18041 0.00972 0 -4.20000 7.87500 0.00614 0.57918 11
-2.15347 -1.11531 0.00972 0 8.20000 9.37500 0.00614 0.58508 11
1.25730 0.08444 0.00972 0 4.65000 22.90000 0.00614 0.64394 11
-0.98631 -0.12683 0.00972 0 -4.32500 39.97500 0.00614 0.71850 11
-1.17818 -0.75969 0.00972 0 7.97500 40.72500 0.00614 0.72211 11
0.74352 0.21386 0.00972 0 4.45000 51.20000 0.00614 0.77445 11
-0.63458 -0.60606 0.00972 0 5.40000 63.45000 0.00614 0.85393 11
-1.05617 -0.35108 0.00972 0 -4.40000 -37.17500 0.00614 0.40175 11
-1.51047 -1.16318 0.00972 0 8.05000 -36.37500 0.00614 0.40572 11
1.01975 0.44152 0.00972 0 6.22500 -25.22500 0.00614 0.46177 11
-1.42672 -0.55958 0.00972 0 -4.27500 0.45000 0.00614 0.57818 11
1.71242 0.62659 0.00972 0 7.10000 18.17500 0.00614 0.65220 11
-2.00544 -0.34339 0.00972 0 -0.57500 42.57500 0.00614 0.74638 11
2.44201 0.23149 0.00972 0 6.25000 64.12500 0.00614 0.82557 11
-1.93203 -0.98280 0.00972 0 5.20000 -37.00000 0.00614 0.40258 11
1.48192 0.55638 0.00972 0 2.02500 -21.07500 0.00614 0.46718 11
-1.75496 -1.20103 0.00972 0 3.37500 4.42500 0.00614 0.58356 11
1.50180 0.82522 0.00972 0 0.60000 16.95000 0.00614 0.63863 11
-2.05685 -1.51623 0.00972 0 3.40000 43.90000 0.00614 0.75711 11
1.59165 1.11312 0.00972 0 0.20000 54.77500 0.00614 0.80623 11
-1.42046 -0.58976 0.00972 0 3.62500 -37.25000 0.00614 0.40137 11
3.91308 0.15420 0.00972 0 7.15000 -24.62500 0.00614 0.44886 11
-2.64797 0.08383 0.00972 0 3.80000 -2.55000 0.00614 0.52440 11
2.77982 -0.27628 0.00972 0 -1.40000 22.52500 0.00614 0.61818 11
-2.33834 -0.05582 0.00972 0 5.30000 40.15000 0.00614 0.68163 11
-1.08404 -0.75147 0.00972 0 2.52500 -37.52500 0.00614 0.40036 11
0.44545 0.37617 0.00972 0 0.77500 -27.82500 0.00614 0.45606 11
-0.29945 -0.87305 0.00972 0 4.25000 -21.77500 0.00614 0.51563 11
0.11696 -0.13677 0.00972 0 -0.75000 -20.47500 0.00614 0.54950 11
-0.08887 0.16650 0.00972 0 6.07500 -18.55000 0.00614 0.57382 11
-0.10136 -0.68897 0.00972 0 -1.62500 -17.72500 0.00614 0.61434 11
0.10304 -0.15758 0.00972 0 5.65000 -19.20000 0.00614 0.63562 11
-0.06517 -0.06203 0.00972 0 -1.15000 -19.92500 0.00614 0.66659 11
0.43911 0.02279 0.00972 0 6.17500 -20.62500 0.00614 0.69215 11
-0.12257 -0.59056 0.00972 0 -2.20000 -23.90000 0.00614 0.72267 11
0.25730 0.17267 0.00972 0 6.35000 -24.60000 0.00614 0.73698 11
-0.64124 -0.91236 0.00972 0 -2.80000 -27.80000 0.00614 0.76701 11
0.48040 -0.53874 0.00972 0 6.72500 -29.20000 0.00614 0.77827 11
-0.37566 -0.01892 0.00972 0 -2.05000 -30.97500 0.00614 0.79600 11
0.40066 -0.71769 0.00972 0 7.15000 -33.97500 0.00614 0.81670 11
-0.24595 -0.05773 0.00972 0 -1.77500 -35.10000 0.00614 0.83332 11
0.37758 -0.39669 0.00972 0 7.32500 -36.60000 0.00614 0.85046 11
-0.42125 -0.36911 0.00972 0 -2.05000 -38.77500 0.00614 0.86989 11
-0.37048 -0.66445 0.00972 0 7.22500 -39.80000 0.00614 0.88659 11
0.67448 -0.01268 0.00972 0 -2.62500 -37.70000 0.00614 0.90134 11
0.12342 -2.15245 0.00972 0 7.12500 -36.55000 0.00614 0.91828 11
-0.52528 2.87257 0.00972 0 7.52500 -36.57500 0.00614 0.91981 11
0.27127 0.31695 0.00972 0 -3.95000 -36.25000 0.00614 0.92345 11
-1.23215 -0.47550 0.00972 0 -4.12500 -37.20000 0.00614 0.40167 11
1.27491 0.39229 0.00972 0 5.55000 -22.30000 0.00614 0.46616 11
-1.47428 -0.09272 0.00972 0 -4.25000 0.47500 0.00614 0.55920 11
-1.76883 -0.60361 0.00972 0 8.05000 1.67500 0.00614 0.56399 11
1.25712 0.12732 0.00972 0 5.42500 21.12500 0.00614 0.64375 11
-1.32085 -0.75815 0.00972 0 6.35000 41.07500 0.00614 0.73604 11
1.03163 0.26940 0.00972 0 4.90000 56.95000 0.00614 0.80789 11
-1.30529 -1.14979 0.00972 0 6.35000 -36.70000 0.00614 0.40396 11
1.03529 0.41033 0.00972 0 4.82500 -24.55000 0.00614 0.46402 11
-1.01899 -1.06454 0.00972 0 6.70000 -4.17500 0.00614 0.56534 11
0.57948 0.37570 0.00972 0 6.30000 4.47500 0.00614 0.62309 11
-0.71733 -0.21398 0.00972 0 -3.87500 21.70000 0.00614 0.71171 11
0.79942 0.24331 0.00972 0 6.72500 30.90000 0.00614 0.76878 11
-0.89194 -0.25353 0.00972 0 -3.02500 45.67500 0.00614 0.84377 11
1.39426 0.18554 0.00972 0 3.77500 58.32500 0.00614 0.89754 11
-0.89681 -0.04432 0.00148 0 4.82500 -32.85000 0.00002 0.42029 11
-41.42380 13.18555 0.00148 0 5.57500 -29.77500 0.00002 0.43507 11
-0.01977 -0.45967 0.00148 0 6.37500 -29.07500 0.00002 0.45740 11
-0.14599 0.27218 0.00148 0 4.77500 -29.97500 0.00002 0.46627 11
0.32701 -0.09696 0.00148 0 6.37500 -29.42500 0.00002 0.47676 11
0.92476 0.79955 0.00148 0 5.17500 -29.30000 0.00002 0.48275 11
-1.10422 -0.98163 0.00148 0 5.65000 -35.62500 0.00002 0.52648 11
-0.04811 0.21139 0.00148 0 5.50000 -35.75000 0.00002 0.52758 11
3.04872 -1.90600 0.00148 0 6.00000 -34.87500 0.00002 0.53445 11
-0.03799 0.92162 0.00148 0 6.00000 -34.87500 0.00002 0.53476 11
-1.08975 -0.36837 0.00972 0 3.25000 -37.42500 0.00614 0.40079 11
0.80684 0.22185 0.00972 0 3.90000 -20.45000 0.00614 0.48477 11
-0.89623 -0.60379 0.00972 0 2.15000 -2.27500 0.00614 0.58640 11
0.81352 0.44707 0.00972 0 2.77500 9.92500 0.00614 0.65507 11
-0.64697 -0.57193 0.00972 0 0.72500 25.22500 0.00614 0.75553 11
0.70287 0.41179 0.00972 0 2.57500 35.52500 0.00614 0.82624 11
-0.70013 -0.69713 0.00972 0 2.07500 52.67500 0.00614 0.92661 11
0.36407 0.55806 0.00972 0 3.70000 59.77500 0.00614 0.98966 11
-2.60200 -2.04978 0.00972 0 7.50000 -36.42500 0.00614 0.40543 11
2.06707 0.25109 0.00972 0 2.50000 -22.92500 0.00614 0.45933 11
-2.01042 -0.07690 0.00972 0 -2.35000 -1.65000 0.00614 0.53619 11
4.44664 -1.29532 0.00972 0 3.02500 22.67500 0.00614 0.62662 11
-3.82638 0.24270 0.00972 0 0.12500 34.42500 0.00614 0.66743 11
4.71462 -0.10424 0.00972 0 2.60000 49.15000 0.00614 0.71888 11
1.14953 0.27155 0.00972 0 -1.37500 61.40000 0.00614 1.52619 11
-1.72726 -0.75542 0.00972 0 3.65000 50.75000 0.00614 1.57419 11
-12.62314 7.29629 0.00972 0 2.30000 34.40000 0.00614 1.63655 11
0.39689 0.61232 0.00972 0 2.47500 34.07500 0.00614 1.63813 11
-0.65261 -0.46549 0.00972 0 4.75000 31.62500 0.00614 1.65923 11
-1.36322 -0.90155 0.00972 0 6.42500 -36.70000 0.00614 0.40392 11
1.10824 0.29132 0.00972 0 6.77500 -20.57500 0.00614 0.48090 11
-0.91199 -0.55592 0.00972 0 4.92500 -2.45000 0.00614 0.57850 11
0.92453 0.18945 0.00972 0 5.05000 12.52500 0.00614 0.65450 11
-0.81578 -0.44456 0.00972 0 3.67500 29.57500 0.00614 0.75242 11
0.67253 0.28338 0.00972 0 3.95000 40.42500 0.00614 0.81976 11
-0.67147 -0.45193 0.00972 0 2.77500 55.70000 0.00614 0.91229 11
-1.69357 -0.88285 0.00972 0 4.45000 -37.20000 0.00614 0.40176 11
1.45813 0.46518 0.00972 0 2.37500 -20.50000 0.00614 0.47157 11
-1.48045 -0.76220 0.00972 0 5.00000 6.92500 0.00614 0.58590 11
1.40238 0.36432 0.00972 0 3.42500 23.77500 0.00614 0.65886 11
-1.75440 -0.47529 0.00972 0 -4.27500 52.07500 0.00614 0.76840 11
-1.29591 -0.55401 0.00972 0 0.92500 -37.57500 0.00614 0.40002 11
1.23948 0.39828 0.00972 0 0.95000 -21.87500 0.00614 0.47481 11
-1.17422 -0.45489 0.00972 0 2.02500 1.82500 0.00614 0.57783 11
0.87997 0.25246 0.00972 0 3.50000 17.75000 0.00614 0.66028 11
-0.98722 -0.27780 0.00972 0 3.65000 34.75000 0.00614 0.74441 11
1.37629 0.13723 0.00972 0 2.52500 53.40000 0.00614 0.82909 11
-1.69293 -0.62423 0.00972 0 1.22500 -37.55000 0.00614 0.40014 11
1.41512 0.47997 0.00972 0 -0.32500 -17.70000 0.00614 0.47986 11
-1.80482 -0.94848 0.00972 0 4.42500 5.05000 0.00614 0.56961 11
1.09626 0.50904 0.00972 0 1.20000 17.12500 0.00614 0.62351 11
-1.01642 -0.68959 0.00972 0 4.10000 32.95000 0.00614 0.70509 11
1.04439 0.49164 0.00972 0 1.92500 43.87500 0.00614 0.76066 11
-4.41027 -3.04478 0.00972 0 7.40000 62.20000 0.00614 0.84594 11
-1.16192 -0.41267 0.00972 0 0.10000 -37.67500 0.00614 0.39967 11
1.44162 0.02867 0.00972 0 -0.45000 -17.92500 0.00614 0.48670 11
-1.28957 -0.25880 0.00972 0 2.00000 4.10000 0.00614 0.57419 11
1.22986 0.17479 0.00972 0 1.60000 24.70000 0.00614 0.66607 11
-1.47400 -0.55798 0.00972 0 3.82500 47.02500 0.00614 0.75998 11
0.93633 0.17808 0.00972 0 1.62500 64.15000 0.00614 0.83397 11
-2.08351 -1.43824 0.00972 0 6.82500 -36.47500 0.00614 0.40479 11
1.21281 0.33004 0.00972 0 5.70000 -20.07500 0.00614 0.47615 11
-1.68880 -0.65952 0.00972 0 -4.30000 5.87500 0.00614 0.58907 11
1.73170 0.62143 0.00972 0 3.75000 19.55000 0.00614 0.64479 11
-2.84848 -1.07834 0.00972 0 -4.05000 48.05000 0.00614 0.75776 11
2.72777 0.93055 0.00972 0 0.95000 60.15000 0.00614 0.80230 11
-1.36356 -0.71816 0.00972 0 4.27500 -37.15000 0.00614 0.40187 11
1.15881 0.30442 0.00972 0 5.02500 -18.47500 0.00614 0.48768 11
-2.13048 -1.33607 0.00972 0 7.37500 4.37500 0.00614 0.58892 11
0.97640 0.16467 0.00972 0 2.57500 18.50000 0.00614 0.64666 11
-0.92890 -0.65790 0.00972 0 3.57500 35.35000 0.00614 0.73212 11
0.90530 0.29515 0.00972 0 3.17500 46.97500 0.00614 0.79743 11
-1.75084 -1.11512 0.00972 0 5.22500 63.07500 0.00614 0.87681 11
-1.75857 -0.99040 0.00972 0 7.00000 -36.42500 0.00614 0.40503 11
1.03524 0.29892 0.00972 0 6.60000 -20.05000 0.00614 0.47986 11
-1.31309 -1.21439 0.00972 0 7.95000 5.75000 0.00614 0.59874 11
0.94362 0.51895 0.00972 0 -2.85000 20.27500 0.00614 0.67581 11
-0.81377 -0.30556 0.00972 0 -3.10000 39.85000 0.00614 0.77508 11
0.77005 0.34554 0.00972 0 -1.67500 53.52500 0.00614 0.85403 11
1.78475 0.39658 0.00724 0 6.12500 24.52500 0.00378 -0.02886 11
-3.30461 -1.30385 0.00724 0 -1.60000 0.50000 0.00378 0.06256 11
-26.82960 -23.21922 0.00724 0 -3.95000 -4.72500 0.00378 0.08285 11
1.21068 1.47540 0.00724 0 6.40000 -6.35000 0.00378 0.08965 11
-0.16013 -0.32818 0.01303 0 -1.52500 -61.45000 0.01078 1.19683 11
0.05430 0.24457 0.01303 0 4.80000 -61.27500 0.01078 1.22674 11
0.31045 -0.52511 0.01303 0 -2.10000 -62.10000 0.01078 1.27401 11
-0.32979 0.49018 0.01303 0 4.05000 -64.42500 0.01078 1.30056 11
-0.91551 0.12500 0.01562 0 -0.55000 -59.97500 0.01178 0.39152 11
0.94379 -0.41192 0.01562 0 7.00000 -20.60000 0.01178 0.59075 11
-0.78403 0.24325 0.01562 0 -0.85000 -0.95000 0.01178 0.69386 11
0.96724 -0.36159 0.01562 0 6.37500 36.92500 0.01178 0.89066 11
-0.88607 0.23397 0.01562 0 -0.60000 56.72500 0.01178 0.99174 11
-0.91676 0.17807 0.01562 0 -1.15000 -59.95000 0.01178 0.39164 11
0.95974 -0.33056 0.01562 0 6.80000 -21.67500 0.01178 0.58653 11
-1.04114 0.21515 0.01562 0 1.45000 0.97500 0.01178 0.68959 11
0.88939 -0.57426 0.01562 0 7.70000 40.32500 0.01178 0.88813 11
-0.82144 0.35384 0.01562 0 1.92500 57.10000 0.01178 0.97646 11
-0.81296 0.00370 0.01562 0 5.57500 -59.55000 0.01178 0.39369 11
0.96279 -0.15862 0.01562 0 1.02500 -19.55000 0.01178 0.58846 11
-0.93813 -0.12678 0.01562 0 5.82500 3.12500 0.01178 0.69858 11
1.02307 -0.19775 0.01562 0 0.65000 41.07500 0.01178 0.88075 11
-1.05697 -0.11052 0.01562 0 6.87500 63.90000 0.01178 0.98704 11
-0.82978 -0.12886 0.01562 0 6.75000 -59.35000 0.01178 0.39479 11
1.04001 -0.43841 0.01562 0 2.12500 -20.27500 0.01178 0.59506 11
-1.01241 0.46024 0.01562 0 -2.20000 -1.95000 0.01178 0.68194 11
1.02629 -0.47403 0.01562 0 3.27500 38.47500 0.01178 0.88984 11
-0.82720 0.47391 0.01562 0 -3.00000 54.95000 0.01178 0.97914 11
-0.80055 0.16913 0.01562 0 -4.22500 -59.72500 0.01178 0.39278 11
-0.82624 -0.28994 0.01562 0 7.85000 -59.17500 0.01178 0.39581 11
0.64152 -0.24650 0.01562 0 5.95000 -27.72500 0.01178 0.57584 11
-0.66991 -0.23849 0.01562 0 7.50000 -10.20000 0.01178 0.68686 11
0.60302 -0.22551 0.01562 0 5.32500 20.00000 0.01178 0.87098 11
-0.53772 -0.18770 0.01562 0 7.02500 35.10000 0.01178 0.97571 11
0.48001 -0.18849 0.01562 0 5.62500 60.87500 0.01178 1.15498 11
-0.88286 -0.00939 0.01562 0 3.90000 -59.75000 0.01178 0.39262 11
0.80466 -0.15292 0.01562 0 1.35000 -23.95000 0.01178 0.58683 11
-0.77286 -0.02612 0.01562 0 4.67500 -5.00000 0.01178 0.69098 11
0.70457 -0.13653 0.01562 0 1.10000 29.10000 0.01178 0.88146 11
-0.77130 -0.09707 0.01562 0 3.92500 50.42500 0.01178 0.99573 11
-2.29943 -9.10109 0.01562 0 4.42500 55.75000 0.01178 1.39611 11
-1.28600 -2.13151 0.01562 0 5.00000 49.25000 0.01178 1.50766 11
-0.86447 0.09845 0.01562 0 1.67500 -59.95000 0.01178 0.39167 11
1.08114 -0.10005 0.01562 0 -2.95000 -19.77500 0.01178 0.58779 11
-0.97176 0.25317 0.01562 0 3.32500 2.52500 0.01178 0.69019 11
1.02977 -0.25003 0.01562 0 -3.67500 44.20000 0.01178 0.89464 11
-1.02898 0.22457 0.01562 0 3.60000 62.72500 0.01178 0.98355 11
-0.86284 0.03657 0.01562 0 2.30000 -59.90000 0.01178 0.39191 11
1.01723 -0.08476 0.01562 0 -2.10000 -20.42500 0.01178 0.58469 11
-0.98700 0.03157 0.01562 0 2.77500 1.05000 0.01178 0.68962 11
0.83082 -0.11937 0.01562 0 -1.22500 37.47500 0.01178 0.88286 11
-0.86730 0.03513 0.01562 0 4.02500 57.75000 0.01178 0.98409 11
-0.91461 -0.09072 0.01562 0 5.87500 -59.40000 0.01178 0.39421 11
0.90515 -0.14317 0.01562 0 1.35000 -19.85000 0.01178 0.58906 11
-0.98604 -0.21130 0.01562 0 5.22500 2.67500 0.01178 0.70162 11
1.06973 -0.12105 0.01562 0 0.30000 40.32500 0.01178 0.87751 11
-1.06277 -0.19200 0.01562 0 6.00000 64.35000 0.01178 0.98916 11
-0.80077 0.12503 0.01562 0 4.12500 -59.75000 0.01178 0.39270 11
0.80074 -0.26920 0.01562 0 -0.90000 -20.37500 0.01178 0.60149 11
-0.76433 0.21493 0.01562 0 4.02500 -4.35000 0.01178 0.69151 11
0.74626 -0.33399 0.01562 0 -1.90000 33.57500 0.01178 0.90309 11
-0.76647 0.23031 0.01562 0 4.40000 48.60000 0.01178 0.98612 11
-0.84763 0.21998 0.01562 0 -3.10000 -59.90000 0.01178 0.39206 11
0.92358 -0.32709 0.01562 0 5.20000 -21.92500 0.01178 0.58624 11
-0.78802 0.36347 0.01562 0 -1.10000 -5.47500 0.01178 0.67595 11
0.77591 -0.39570 0.01562 0 6.07500 27.82500 0.01178 0.85882 11
-0.76684 0.13449 0.01562 0 -1.05000 46.20000 0.01178 0.95771 11
-0.80215 0.23923 0.01562 0 -4.32500 -59.72500 0.01178 0.39284 11
-0.79539 -0.23305 0.01562 0 7.67500 -59.22500 0.01178 0.39559 11
0.78918 -0.27725 0.01562 0 3.95000 -23.17500 0.01178 0.58469 11
-0.78737 -0.20556 0.01562 0 7.05000 -3.25000 0.01178 0.69407 11
0.85954 -0.28467 0.01562 0 3.30000 31.55000 0.01178 0.87885 11
-0.87905 0.33356 0.01562 0 -4.10000 50.27500 0.01178 0.97840 11
-0.87593 -0.12056 0.01562 0 7.82500 50.90000 0.01178 0.98158 11
-0.89081 0.16221 0.01562 0 -1.95000 -59.95000 0.01178 0.39173 11
0.86080 -0.28118 0.01562 0 6.40000 -22.87500 0.01178 0.58312 11
-0.91056 0.35834 0.01562 0 -1.97500 -2.25000 0.01178 0.69147 11
0.97761 -0.57533 0.01562 0 4.15000 37.07500 0.01178 0.89444 11
-1.02437 0.43327 0.01562 0 0.12500 54.65000 0.01178 0.97868 11
-0.80711 0.03057 0.01562 0 1.80000 -59.92500 0.01178 0.39172 11
0.84129 -0.04602 0.01562 0 -1.62500 -22.70000 0.01178 0.58350 11
-0.90292 -0.01637 0.01562 0 2.57500 -0.57500 0.01178 0.69288 11
0.95799 0.05271 0.01562 0 -2.22500 36.40000 0.01178 0.87177 11
-0.95326 0.00909 0.01562 0 2.45000 58.50000 0.01178 0.98077 11
-0.91138 0.19492 0.01562 0 -1.92500 -60.00000 0.01178 0.39163 11
0.95934 -0.18785 0.01562 0 5.80000 -22.05000 0.01178 0.57987 11
-0.91580 0.09558 0.01562 0 -1.80000 2.57500 0.01178 0.69857 11
0.88275 -0.23459 0.01562 0 7.22500 34.70000 0.01178 0.87264 11
-0.83185 0.16640 0.01562 0 -0.60000 55.32500 0.01178 0.98083 11
-0.89203 0.18593 0.01562 0 -2.72500 -59.82500 0.01178 0.39216 11
0.79795 -0.23658 0.01562 0 6.60000 -24.47500 0.01178 0.58254 11
-0.88127 0.12174 0.01562 0 0.87500 -6.07500 0.01178 0.67984 11
0.82669 -0.28207 0.01562 0 4.90000 22.45000 0.01178 0.82922 11
-0.84019 0.00161 0.01562 0 1.42500 39.82500 0.01178 0.91708 11
-0.91022 -0.04751 0.01562 0 3.60000 -59.77500 0.01178 0.39249 11
1.01558 -0.14752 0.01562 0 -0.00000 -21.55000 0.01178 0.58610 11
-0.97321 -0.00059 0.01562 0 4.67500 0.92500 0.01178 0.69528 11
0.87425 -0.29174 0.01562 0 -0.17500 39.00000 0.01178 0.89325 11
0.85732 -0.29540 0.01562 0 -0.20000 39.02500 0.01178 0.89344 11
-0.84621 0.11565 0.01562 0 5.87500 56.52500 0.01178 0.98458 11
-0.17554 -0.64471 0.01562 0 5.95000 56.47500 0.01178 0.98457 11
0.30860 0.32590 0.01562 0 7.60000 57.10000 0.01178 0.99287 11
0.87588 0.13883 0.01562 0 -3.67500 57.75000 0.01178 0.99794 11
-75.07039 77.83115 0.01562 0 -4.42500 57.97500 0.01178 1.01085 11
-0.85039 0.14373 0.01562 0 -0.55000 -60.00000 0.01178 0.39146 11
0.91018 -0.26338 0.01562 0 8.05000 -23.17500 0.01178 0.57761 11
0.86967 0.06924 0.01562 0 -4.02500 -22.47500 0.01178 0.58111 11
-0.94366 0.16694 0.01562 0 -0.35000 0.10000 0.01178 0.69496 11
0.93340 -0.31985 0.01562 0 7.02500 36.80000 0.01178 0.88252 11
-1.08239 0.14706 0.01562 0 0.77500 59.00000 0.01178 0.98838 11
-0.88220 -0.12700 0.01562 0 5.10000 -59.60000 0.01178 0.39340 11
0.88610 -0.13201 0.01562 0 2.30000 -23.80000 0.01178 0.57927 11
-0.94310 -0.23674 0.01562 0 6.60000 0.27500 0.01178 0.69570 11
0.93544 0.11671 0.01562 0 3.65000 34.87500 0.01178 0.87244 11
-0.84406 -0.05708 0.01562 0 4.00000 -59.77500 0.01178 0.39262 11
0.92236 -0.12218 0.01562 0 -0.12500 -20.82500 0.01178 0.58581 11
-1.01179 -0.08881 0.01562 0 4.37500 1.27500 0.01178 0.69421 11
0.96960 -0.08379 0.01562 0 -0.42500 39.57500 0.01178 0.87683 11
-1.08371 -0.16833 0.01562 0 4.75000 60.05000 0.01178 0.98001 11
-0.86880 0.15323 0.01562 0 -1.62500 -59.90000 0.01178 0.39177 11
0.86136 -0.11523 0.01562 0 6.87500 -23.47500 0.01178 0.57545 11
-0.97175 -0.00259 0.01562 0 -2.10000 2.12500 0.01178 0.70218 11
0.93149 0.00434 0.01562 0 5.22500 38.80000 0.01178 0.87063 11
-0.97616 -0.50549 0.01562 0 7.67500 64.85000 0.01178 1.00659 11
-0.91945 0.17552 0.01562 0 -3.75000 -59.77500 0.01178 0.39252 11
-0.95944 -0.34872 0.01562 0 8.32500 -58.97500 0.01178 0.39656 11
0.85217 -0.16074 0.01562 0 5.45000 -24.70000 0.01178 0.57773 11
-0.88145 0.03381 0.01562 0 -3.07500 -1.85000 0.01178 0.69388 11
0.87554 -0.17900 0.01562 0 5.50000 33.30000 0.01178 0.87045 11
-1.10256 0.27001 0.01562 0 -0.30000 54.97500 0.01178 0.97244 11
2.64290 0.61667 0.00196 0 8.27500 -46.00000 0.00188 1.88551 11
-0.78277 0.55124 0.00196 0 8.42500 -45.60000 0.00188 1.88759 11
-0.41462 -0.49209 0.00196 0 8.45000 -30.10000 0.00188 1.96958 11
-0.25618 0.18924 0.00196 0 8.17500 -25.32500 0.00188 2.00795 11
-1.70158 -0.53552 0.00464 0 -2.72500 63.92500 0.00463 3.53814 11
-0.61033 -1.17338 0.00464 0 -1.50000 -60.87500 0.00463 3.01652 11
0.48425 1.06120 0.00464 0 2.80000 -59.02500 0.00463 3.03348 11
0.50144 -1.18770 0.00464 0 -1.15000 -59.15000 0.00463 3.09184 11
-0.49791 0.98719 0.00464 0 2.85000 -61.25000 0.00463 3.10824 11
-0.51764 -0.59699 0.00464 0 -3.22500 -64.25000 0.00463 3.40905 11
0.73854 0.49278 0.00464 0 1.00000 -61.45000 0.00463 3.42905 11
-0.63458 -0.22267 0.00464 0 -2.07500 -54.75000 0.00463 3.46760 11
0.57124 0.11657 0.00464 0 1.77500 -51.15000 0.00463 3.48930 11
-0.47756 0.11016 0.00464 0 -2.70000 -48.67500 0.00463 3.51610 11
0.58774 -0.08401 0.00464 0 0.82500 -46.07500 0.00463 3.53745 11
-0.60692 0.78582 0.00464 0 -1.67500 -43.40000 0.00463 3.55168 11
0.96563 -2.57874 0.00464 0 -0.15000 -39.87500 0.00463 3.57927 11
-1.84931 2.80292 0.00464 0 -0.40000 -39.75000 0.00463 3.58028 11
0.15021 -2.11683 0.00464 0 0.37500 -60.02500 0.00463 2.76627 11
-0.02544 2.13367 0.00464 0 3.07500 -60.32500 0.00463 2.77569 11
0.16350 -2.34854 0.00464 0 0.05000 -60.32500 0.00463 2.83721 11
0.13095 1.97085 0.00464 0 2.82500 -60.25000 0.00463 2.84688 11
-0.08849 -1.41790 0.00464 0 -0.95000 -58.87500 0.00463 2.90014 11
0.28505 1.43919 0.00464 0 2.50000 -58.47500 0.00463 2.91265 11
0.07165 -0.58768 0.00464 0 -2.20000 -58.90000 0.00463 2.95799 11
0.06084 0.40446 0.00464 0 2.90000 -59.47500 0.00463 2.97893 11
-0.31600 -0.05531 0.00464 0 -2.32500 -55.42500 0.00463 3.01192 11
0.90672 -0.19058 0.00464 0 2.67500 -50.75000 0.00463 3.04538 11
-0.48565 0.17697 0.00464 0 -1.77500 -47.00000 0.00463 3.07041 11
1.72708 -0.81700 0.00464 0 1.85000 -40.02500 0.00463 3.10558 11
-0.53409 -0.12977 0.00464 0 1.62500 -39.45000 0.00463 3.10785 11
0.37210 0.27872 0.00464 0 4.97500 -38.07500 0.00463 3.12344 11
-0.65857 1.35213 0.00464 0 1.55000 -36.02500 0.00463 3.14557 11
0.25969 -0.75625 0.00464 0 1.82500 -33.70000 0.00463 3.16569 11
-0.10390 0.19414 0.00464 0 -0.95000 -33.57500 0.00463 3.17828 11
0.02449 -0.20095 0.00464 0 1.85000 -33.17500 0.00463 3.19545 11
1.18668 0.65119 0.00464 0 0.25000 -36.20000 0.00463 3.20938 11
-0.86082 -0.92693 0.00464 0 1.97500 -39.10000 0.00463 3.22847 11
-19.89856 -3.22336 0.00464 0 0.10000 -41.40000 0.00463 3.24134 11
7.34474 0.72225 0.00464 0 0.15000 -41.62500 0.00463 3.24217 11
-5.47301 8.13676 0.00464 0 0.32500 -41.87500 0.00463 3.24411 11
-0.75698 4.65092 0.00464 0 2.10000 -39.92500 0.00463 3.12084 11
-1.12818 -0.72687 0.00464 0 0.92500 -48.37500 0.00463 5.90297 11
1.27466 0.65260 0.00464 0 4.45000 -44.95000 0.00463 5.92098 11
-0.41746 -0.39138 0.00464 0 1.17500 -36.72500 0.00463 5.95822 11
0.55513 0.30955 0.00464 0 5.80000 -34.05000 0.00463 5.98081 11
-0.75790 -0.73279 0.00464 0 1.90000 -29.20000 0.00463 6.01880 11
0.99045 0.89545 0.00464 0 5.25000 -26.92500 0.00463 6.03392 11
-1.27721 -1.81948 0.00464 0 2.62500 -20.80000 0.00463 6.07478 11
1.31431 1.93613 0.00464 0 4.40000 -19.65000 0.00463 6.08219 11
-2.17070 -0.75010 0.00464 0 -0.57500 -10.72500 0.00463 6.25893 11
3.30727 0.95396 0.00464 0 0.17500 -8.05000 0.00463 6.26887 11
0.03257 0.27310 0.00464 0 -1.30000 -5.17500 0.00463 6.28276 11
0.03448 -0.41935 0.00464 0 0.62500 -5.17500 0.00463 6.29594 11
-0.36064 0.50685 0.00464 0 -1.27500 -4.95000 0.00463 6.30700 11
0.42182 -0.50728 0.00464 0 -0.00000 -3.65000 0.00463 6.32021 11
-1.43554 -0.66754 0.00464 0 -2.95000 -57.80000 0.00463 2.62641 11
1.48305 0.35010 0.00464 0 -0.22500 -53.27500 0.00463 2.64580 11
-0.69646 -0.80716 0.00464 0 7.30000 -50.55000 0.00463 2.67386 11
0.51168 0.03381 0.00464 0 -0.67500 -47.50000 0.00463 2.69623 11
-1.43051 -1.14921 0.00464 0 7.57500 -43.35000 0.00463 2.72301 11
1.18550 0.18684 0.00464 0 -1.32500 -39.30000 0.00463 2.74338 11
-1.14166 -1.09924 0.00464 0 7.12500 -36.30000 0.00463 2.77239 11
1.05749 0.06890 0.00464 0 -2.00000 -32.47500 0.00463 2.79186 11
-3.20742 -4.68101 0.00464 0 7.05000 -28.40000 0.00463 2.81439 11
0.56385 1.80719 0.00464 0 7.12500 -28.35000 0.00463 2.81486 11
0.58635 1.00970 0.00464 0 -4.22500 -27.92500 0.00463 2.81809 11
-0.89797 2.31618 0.00464 0 -4.42500 -33.95000 0.00463 2.89229 11
0.92363 -1.67140 0.00464 0 5.60000 -37.80000 0.00463 2.95526 11
-0.94498 1.53662 0.00464 0 6.80000 -38.30000 0.00463 2.95998 11
0.95771 -0.38145 0.00464 0 4.65000 -41.02500 0.00463 2.98031 11
-1.29504 0.53423 0.00464 0 6.35000 -43.12500 0.00463 2.99089 11
-0.77032 -0.90062 0.00464 0 3.32500 -57.37500 0.00463 3.16488 11
4.14224 -3.21864 0.00464 0 1.42500 -31.75000 0.00463 3.04159 11
2.05971 -1.15257 0.00464 0 2.27500 -32.22500 0.00463 3.04469 11
-0.62760 -0.42763 0.00464 0 4.22500 -34.80000 0.00463 3.06259 11
-1.09698 -2.36168 0.00464 0 3.67500 -35.35000 0.00463 3.07161 11
-0.26677 -1.12257 0.00464 0 4.65000 -36.17500 0.00463 3.08319 11
-1.26982 -1.22442 0.00464 0 5.12500 -36.52500 0.00463 3.08940 11
-0.24828 0.49072 0.00464 0 5.62500 -36.67500 0.00463 3.09423 11
0.09812 0.25453 0.00171 0 6.80000 64.82500 0.00117 2.65311 11
-0.50879 0.23267 0.00171 0 7.52500 64.30000 0.00117 2.65842 11
0.76027 0.12423 0.00167 0 -0.15000 50.67500 0.00139 -0.05308 11
-0.77100 -0.20687 0.00167 0 2.20000 47.45000 0.00139 -0.03561 11
-0.60139 -0.12298 0.00167 0 -0.62500 48.72500 0.00139 -0.01856 11
0.35577 0.00548 0.00167 0 1.77500 50.82500 0.00139 -0.00376 11
-0.38563 0.13133 0.00167 0 -0.30000 52.85000 0.00139 0.00895 11
0.51061 -0.09109 0.00167 0 1.90000 54.60000 0.00139 0.02413 11
12.33830 -1.93917 0.00167 0 0.65000 55.55000 0.00139 0.03803 11
0.17546 1.08451 0.00167 0 1.17500 56.12500 0.00139 0.04606 11
-6.67486 -12.17547 0.00167 0 2.05000 42.62500 0.00139 0.21115 11
-0.83673 -1.07467 0.00167 0 2.50000 40.12500 0.00139 0.22833 11
-0.04459 -0.82722 0.00167 0 1.32500 41.32500 0.00139 0.23882 11
3.73767 4.50403 0.00167 0 1.82500 41.70000 0.00139 0.24179 11
-3.34319 -1.04328 0.00167 0 2.00000 41.85000 0.00139 0.24267 11
43.90211 0.51176 0.00167 0 2.57500 43.80000 0.00139 0.25413 11
0.67916 0.86317 0.00167 0 3.05000 44.20000 0.00139 0.25848 11
-2.32286 -0.64373 0.00165 0 -1.82500 40.62500 0.00035 3.23168 11
2.29269 0.76823 0.00165 0 -1.37500 41.47500 0.00035 3.23566 11
-0.56702 -0.01175 0.00144 0 8.25000 -63.70000 0.00023 1.02551 11
-0.57980 -0.01237 0.00144 0 8.27500 -61.50000 0.00023 1.04498 11
0.36622 -1.82918 0.00144 0 -3.80000 -58.32500 0.00023 1.06729 11
3.08306 -10.78095 0.00144 0 -3.85000 -58.32500 0.00023 1.06765 11
-1.60397 1.42688 0.00144 0 -3.87500 -58.22500 0.00023 1.06822 11
2.74872 1.85783 0.00144 0 3.17500 -62.35000 0.00023 1.00587 11
0.64574 0.89552 0.00144 0 3.57500 -59.75000 0.00023 1.02195 11
-5.23637 1.93297 0.00144 0 3.02500 36.62500 0.00023 1.38782 11
-1.20842 -0.31356 0.00144 0 -3.42500 -55.85000 0.00023 1.03764 11
2.86966 -0.47655 0.00144 0 -2.35000 -53.55000 0.00023 1.04800 11
2.36601 -0.11572 0.00144 0 -2.35000 -50.75000 0.00023 1.06801 11
-14.02719 -0.75789 0.00144 0 -1.80000 -50.60000 0.00023 1.07569 11
2.73807 0.15453 0.05354 0 2.75000 -46.35000 0.01833 0.16928 11
2.95530 0.30415 0.05354 0 -0.67500 -45.90000 0.01833 0.16777 11
2.56087 0.01477 0.05354 0 6.85000 -48.05000 0.01833 0.17536 11
3.02776 0.42154 0.05354 0 -3.52500 -46.47500 0.01833 0.16983 11
2.84302 0.03550 0.05354 0 8.30000 -49.10000 0.01833 0.17914 11
2.83887 0.34198 0.05354 0 -4.25000 -46.75000 0.01833 0.17078 11
2.72778 -0.08824 0.05354 0 7.67500 -48.55000 0.01833 0.17716 11
2.45305 0.10990 0.05354 0 4.47500 -46.90000 0.01833 0.17117 11
2.76113 0.11521 0.05354 0 5.05000 -47.27500 0.01833 0.17240 11
2.80167 0.41304 0.05354 0 -1.77500 -46.07500 0.01833 0.16838 11
2.77051 0.24690 0.05354 0 2.12500 -46.15000 0.01833 0.16861 11
2.71152 0.19960 0.05354 0 1.77500 -46.12500 0.01833 0.16853 11
3.06914 0.39828 0.05354 0 -3.77500 -46.60000 0.01833 0.17023 11
2.85842 -0.12571 0.05354 0 8.10000 -49.00000 0.01833 0.17876 11
2.86778 0.15545 0.05354 0 3.42500 -46.57500 0.01833 0.17016 11
3.01255 0.38186 0.05354 0 -0.55000 -45.95000 0.01833 0.16777 11
2.94929 0.16694 0.05354 0 4.75000 -46.97500 0.01833 0.17156 11
2.74727 0.32577 0.05354 0 -0.75000 -45.90000 0.01833 0.16776 11
2.78089 0.19091 0.05354 0 4.20000 -46.75000 0.01833 0.17080 11
2.77152 0.05822 0.05354 0 5.90000 -47.57500 0.01833 0.17373 11
2.96848 0.01885 0.05354 0 6.35000 -47.80000 0.01833 0.17451 11
2.99243 0.35035 0.05354 0 -1.02500 -45.90000 0.01833 0.16773 11
3.13869 0.39109 0.05354 0 -2.92500 -46.37500 0.01833 0.16939 11
2.96513 0.41915 0.05354 0 -3.07500 -46.40000 0.01833 0.16951 11
2.75250 0.25811 0.05354 0 1.55000 -45.95000 0.01833 0.16792 11
-0.80022 0.06445 0.01554 0 6.12500 -63.30000 0.00110 1.26404 -11
0.58007 0.02401 0.01554 0 3.87500 -61.12500 0.00110 1.27788 -11
-1.68254 1.26636 0.01554 0 6.32500 -59.62500 0.00110 1.29437 -11
-0.87423 0.87917 0.01554 0 5.72500 -58.42500 0.00110 1.29923 -11
-0.23293 -0.09979 0.01554 0 3.42500 -59.35000 0.00110 1.31107 -11
-0.22931 -0.00765 0.01554 0 5.67500 -59.75000 0.00110 1.32609 -11
0.33130 0.32743 0.01554 0 3.72500 -58.40000 0.00110 1.33950 -11
0.07508 -0.39261 0.01554 0 4.65000 -58.40000 0.00110 1.34363 -11
-0.62492 0.56240 0.01554 0 3.27500 -58.87500 0.00110 1.35549 -11
0.72917 0.13170 0.01554 0 3.47500 -59.20000 0.00110 1.35737 -11
-0.07561 0.24442 0.01554 0 2.57500 -59.47500 0.00110 1.36292 -11
2.71729 3.38446 0.00280 0 8.27500 -13.35000 0.00051 0.05664 11
-0.66627 -1.00780 0.00280 0 -3.10000 -22.15000 0.00051 0.10174 11
0.60418 0.65611 0.00280 0 -3.45000 -22.40000 0.00051 0.10355 11
1.59342 -2.24272 0.00226 0 3.30000 -4.57500 0.00110 0.08359 11
0.28071 1.43137 0.00226 0 1.25000 -3.57500 0.00110 0.09228 11
-4.13926 -1.72050 0.00226 0 2.12500 -6.67500 0.00110 0.11333 11
-33.07261 -2.62139 0.00226 0 2.45000 -8.22500 0.00110 0.12059 11
-1.27164 -0.46979 0.00226 0 2.77500 -15.40000 0.00110 0.15432 11
7.39947 10.96317 0.00226 0 1.95000 -16.52500 0.00110 0.16291 11
0.05026 -0.84370 0.01159 0 -3.42500 -64.40000 0.01106 1.18306 -11
-2.36894 6.17849 0.01159 0 -0.80000 -51.00000 0.01106 1.05877 -11
1.14893 -4.80992 0.01159 0 -2.22500 -50.50000 0.01106 1.06425 -11
-0.18767 1.26696 0.01159 0 1.22500 -49.35000 0.01106 1.16461 -11
-0.20277 1.03196 0.01159 0 1.17500 -45.95000 0.01106 1.27421 -11
0.42501 -2.79301 0.01159 0 6.02500 -44.80000 0.01106 1.30124 -11
-0.22355 1.77869 0.01159 0 -1.80000 -38.25000 0.01106 1.39070 -11
-0.29711 1.37893 0.01159 0 7.77500 -38.00000 0.01106 1.39976 -11
0.14402 -1.00563 0.01159 0 1.40000 -37.07500 0.01106 1.42347 -11
0.14377 0.86625 0.01159 0 -2.60000 -37.52500 0.01106 1.48682 -11
0.14266 0.71538 0.01159 0 8.50000 -37.67500 0.01106 1.49170 -11
-0.12280 -0.65517 0.01159 0 1.37500 -38.80000 0.01106 1.51994 -11
-0.06129 0.79534 0.01159 0 -2.65000 -38.75000 0.01106 1.57803 -11
-0.05233 0.81061 0.01159 0 8.42500 -38.65000 0.01106 1.58295 -11
0.13359 -0.78715 0.01159 0 1.80000 -38.37500 0.01106 1.60856 -11
0.13521 0.89673 0.01159 0 -2.67500 -37.65000 0.01106 1.66589 -11
-0.09677 0.74123 0.01159 0 8.37500 -37.80000 0.01106 1.67082 -11
0.25747 -0.59475 0.01159 0 1.62500 -36.17500 0.01106 1.69847 -11
-0.41167 0.68650 0.01159 0 -3.45000 -32.55000 0.01106 1.75355 -11
-0.39881 0.26948 0.01159 0 8.10000 -32.20000 0.01106 1.75710 -11
0.21398 -0.03408 0.01159 0 0.72500 -29.42500 0.01106 1.79375 -11
-0.22377 -0.10912 0.01159 0 7.40000 -26.30000 0.01106 1.82771 -11
-0.06493 0.05568 0.01159 0 0.70000 -25.02500 0.01106 1.86513 -11
0.00509 -0.07506 0.01159 0 7.32500 -26.00000 0.01106 1.89949 -11
-0.13018 0.38043 0.01159 0 1.22500 -26.75000 0.01106 1.93927 -11
-0.41829 -0.42330 0.01159 0 6.27500 -27.12500 0.01106 1.96022 -11
0.19994 0.35131 0.01159 0 1.02500 -25.10000 0.01106 1.99947 -11
-0.44104 -0.26473 0.01159 0 5.40000 -20.97500 0.01106 2.02602 -11
0.35632 0.08255 0.01159 0 0.77500 -18.15000 0.01106 2.05520 -11
-0.61260 0.60193 0.01159 0 4.62500 -14.77500 0.01106 2.08095 -11
0.37777 -0.56963 0.01159 0 1.22500 -13.25000 0.01106 2.09585 -11
-0.68649 0.59424 0.01159 0 4.37500 -11.15000 0.01106 2.12777 -11
0.56326 -0.43572 0.01159 0 1.42500 -9.22500 0.01106 2.14144 -11
