-1.32648 2.07394 0.00460 0 7.65000 45.52500 0.00324 1.04621 11
-1.11896 1.17693 0.00460 0 -3.17500 44.62500 0.00324 1.05204 11
1.32885 -0.88943 0.00460 0 4.87500 37.92500 0.00324 1.09271 11
-1.15078 0.82201 0.00460 0 7.80000 34.62500 0.00324 1.10849 11
-0.96738 0.53535 0.00460 0 -3.62500 33.85000 0.00324 1.11277 11
1.91962 -0.18127 0.00460 0 5.15000 26.90000 0.00324 1.14393 11
-2.09252 0.09008 0.00460 0 7.20000 20.50000 0.00324 1.16793 11
6.74850 0.58338 0.00460 0 6.05000 9.25000 0.00324 1.20914 11
7.16245 2.37130 0.00460 0 6.37500 -14.15000 0.00324 1.29076 11
-1.63182 -1.65207 0.00460 0 7.20000 -23.52500 0.00324 1.32854 11
0.69582 0.42586 0.00460 0 4.65000 -24.72500 0.00324 1.33882 11
0.70638 0.41147 0.00460 0 8.00000 61.17500 0.00324 1.10143 11
-0.65394 -0.05121 0.00460 0 5.62500 62.55000 0.00324 0.90690 11
0.63270 0.49280 0.00460 0 -1.25000 58.05000 0.00324 0.94253 11
-1.04830 -0.53228 0.00460 0 3.32500 48.67500 0.00324 0.99060 11
0.23985 0.33234 0.00460 0 -1.15000 43.50000 0.00324 1.01698 11
0.06840 -0.14327 0.00460 0 4.10000 42.87500 0.00324 1.05060 11
0.16236 0.05313 0.00460 0 -1.35000 42.35000 0.00324 1.07861 11
0.20615 -0.02049 0.00460 0 3.72500 42.75000 0.00324 1.10517 11
-0.42652 0.41226 0.00460 0 -0.90000 44.37500 0.00324 1.12854 11
0.89615 -0.58883 0.00460 0 2.90000 49.10000 0.00324 1.15897 11
-0.62675 0.81552 0.00460 0 0.97500 50.60000 0.00324 1.16804 11
-0.98166 -0.46080 0.00460 0 6.57500 25.70000 0.00324 1.03595 11
0.70266 0.11860 0.00460 0 2.22500 21.75000 0.00324 1.05825 11
-0.25104 -0.06435 0.00460 0 6.80000 18.20000 0.00324 1.08746 11
0.32688 0.12882 0.00460 0 1.42500 16.67500 0.00324 1.11506 11
-1.40406 -0.72900 0.00460 0 4.47500 12.85000 0.00324 1.14297 11
1.09826 -0.16396 0.00460 0 2.10000 9.72500 0.00324 1.15841 11
-0.64348 0.13681 0.00460 0 4.67500 6.85000 0.00324 1.17467 11
-1.33976 0.26888 0.00460 0 3.57500 10.80000 0.00324 1.19042 11
1.29922 -0.30601 0.00460 0 5.32500 14.82500 0.00324 1.20821 11
-3.56331 -0.09371 0.00460 0 4.72500 29.60000 0.00324 1.26345 11
2.45798 -0.31010 0.00460 0 5.12500 34.27500 0.00324 1.28040 11
-2.15025 -0.36442 0.00460 0 3.27500 35.80000 0.00324 1.29112 11
-5.45846 -1.56303 0.00460 0 3.55000 36.37500 0.00324 1.29323 11
-15.38395 10.79564 0.00460 0 4.35000 39.25000 0.00324 1.30684 11
1.61918 -0.39811 0.00460 0 5.25000 40.57500 0.00324 1.32142 11
0.84117 1.08774 0.00460 0 4.20000 12.65000 0.00324 1.14426 11
-1.19082 -0.78572 0.00460 0 5.05000 10.42500 0.00324 1.15731 11
0.89766 0.53346 0.00460 0 4.17500 10.02500 0.00324 1.16689 11
1.36899 -0.61040 0.00460 0 4.80000 2.02500 0.00324 1.22094 11
1.04182 0.45990 0.00460 0 5.17500 2.37500 0.00324 1.22461 11
-1.29438 -0.16154 0.00460 0 7.62500 55.87500 0.00324 0.93698 11
0.94015 0.16013 0.00460 0 3.12500 48.07500 0.00324 0.97095 11
-1.92906 -1.38622 0.00460 0 7.27500 38.52500 0.00324 1.01829 11
1.60092 4.63485 0.00460 0 3.92500 36.45000 0.00324 1.03265 11
0.11443 -1.10993 0.00460 0 6.32500 37.25000 0.00324 1.08067 11
0.01157 0.57663 0.00460 0 1.77500 37.87500 0.00324 1.09978 11
-0.52793 -0.80023 0.00460 0 5.30000 30.37500 0.00324 1.18497 11
1.26500 0.29588 0.00460 0 3.25000 27.52500 0.00324 1.19882 11
-1.07680 -0.27657 0.00460 0 5.12500 23.22500 0.00324 1.21867 11
1.10359 -0.12185 0.00460 0 3.60000 20.55000 0.00324 1.23037 11
-1.24737 0.00798 0.00460 0 5.32500 17.62500 0.00324 1.24407 11
2.54340 -1.22893 0.00460 0 3.40000 14.92500 0.00324 1.26054 11
-1.96877 -0.13304 0.00460 0 3.97500 13.55000 0.00324 1.26598 11
0.64591 -0.24133 0.00460 0 3.70000 12.97500 0.00324 1.26879 11
-1.06256 0.72220 0.00460 0 4.77500 12.20000 0.00324 1.27487 11
-0.35184 0.63222 0.00460 0 3.65000 29.60000 0.00324 1.19335 11
0.22610 -0.05441 0.00460 0 4.35000 29.97500 0.00324 1.20126 11
4.88224 -4.78361 0.00460 0 4.37500 29.92500 0.00324 1.20194 11
-1.06528 0.28329 0.00460 0 6.15000 62.87500 0.00324 0.89157 11
1.05093 0.03250 0.00460 0 0.60000 56.75000 0.00324 0.92687 11
0.47471 -0.10662 0.00460 0 -2.32500 60.55000 0.00324 0.96686 11
-0.50544 0.14321 0.00460 0 3.77500 57.15000 0.00324 0.99921 11
0.17461 -0.44199 0.00460 0 -2.52500 57.12500 0.00324 1.04723 11
-0.20087 0.43289 0.00460 0 3.75000 56.02500 0.00324 1.07426 11
-0.05642 -0.38495 0.00460 0 -2.82500 55.10000 0.00324 1.11575 11
0.08258 0.43957 0.00460 0 3.32500 55.67500 0.00324 1.14213 11
-0.00374 -0.42192 0.00460 0 -2.65000 56.00000 0.00324 1.18398 11
-0.03993 0.34124 0.00460 0 3.25000 55.87500 0.00324 1.20967 11
-0.16129 -0.53879 0.00460 0 -2.20000 56.92500 0.00324 1.25347 11
0.15184 0.49646 0.00460 0 3.20000 57.85000 0.00324 1.27636 11
0.23456 -0.48253 0.00460 0 -2.00000 57.42500 0.00324 1.31632 11
-0.22444 0.58111 0.00460 0 3.02500 56.15000 0.00324 1.33787 11
0.51556 -1.10242 0.00460 0 -1.72500 52.77500 0.00324 1.37685 11
-0.47919 0.96659 0.00460 0 1.87500 51.35000 0.00324 1.39114 11
0.70035 -0.86194 0.00460 0 -0.10000 46.80000 0.00324 1.44087 11
-0.61837 0.98461 0.00460 0 3.20000 44.82500 0.00324 1.45516 11
1.34931 -2.13271 0.00460 0 -0.35000 41.07500 0.00324 1.49382 11
-1.55384 2.37464 0.00460 0 0.90000 40.35000 0.00324 1.49901 11
0.80738 -0.16466 0.00460 0 -2.30000 35.52500 0.00324 1.53130 11
-0.62361 0.19230 0.00460 0 1.17500 31.65000 0.00324 1.55314 11
1.14250 -1.69803 0.00460 0 -1.05000 24.95000 0.00324 1.58685 11
-1.09561 1.73687 0.00460 0 0.65000 24.02500 0.00324 1.59376 11
-1.01946 -0.58006 0.00460 0 -2.02500 -1.57500 0.00324 1.88298 11
0.73096 0.54298 0.00460 0 -0.85000 -0.50000 0.00324 1.88940 11
49.86154 38.09800 0.00460 0 -1.77500 -2.52500 0.00324 1.90530 11
0.81822 0.36755 0.00460 0 -1.75000 -2.47500 0.00324 1.90566 11
-1.09274 -1.93856 0.00460 0 -1.55000 -2.15000 0.00324 1.90778 11
3.41877 -2.33708 0.00460 0 -0.55000 49.85000 0.00324 0.94819 11
-3.62809 2.58248 0.00460 0 0.92500 47.75000 0.00324 0.95695 11
2.03876 -1.40473 0.00460 0 -0.77500 38.67500 0.00324 1.00951 11
-1.51373 1.28499 0.00460 0 1.27500 36.37500 0.00324 1.02023 11
1.26555 -2.04080 0.00460 0 -0.90000 27.00000 0.00324 1.06243 11
-0.88388 1.72206 0.00460 0 1.52500 25.92500 0.00324 1.07165 11
0.96732 -1.19002 0.00460 0 -0.62500 19.60000 0.00324 1.10975 11
-0.82446 1.29849 0.00460 0 1.80000 18.35000 0.00324 1.11974 11
3.29154 -3.27408 0.00460 0 0.50000 13.62500 0.00324 1.15838 11
-1.24932 1.04548 0.00460 0 1.22500 12.72500 0.00324 1.16243 11
0.32874 -0.61178 0.00460 0 -1.70000 12.02500 0.00324 1.18644 11
-0.33782 0.60572 0.00460 0 0.82500 11.22500 0.00324 1.19736 11
0.17838 0.03983 0.00460 0 -1.27500 7.75000 0.00324 1.21597 11
-0.12227 -0.09793 0.00460 0 1.55000 7.12500 0.00324 1.23298 11
0.89427 -0.44281 0.00460 0 -1.07500 5.75000 0.00324 1.24797 11
-0.90355 0.52693 0.00460 0 0.50000 4.37500 0.00324 1.25603 11
1.02697 -0.84295 0.00460 0 -0.50000 -1.17500 0.00324 1.27798 11
-0.93429 0.25330 0.00460 0 0.02500 -1.87500 0.00324 1.28382 11
0.54344 -0.95921 0.00173 0 0.20000 63.05000 0.00136 0.99420 11
-1.00966 2.08007 0.00173 0 1.90000 62.42500 0.00136 1.00128 11
0.70289 -1.93835 0.00173 0 2.15000 62.30000 0.00136 1.00228 11
0.25328 1.83034 0.00173 0 3.35000 62.22500 0.00136 1.00674 11
2.05958 -0.21052 0.00460 0 0.65000 60.15000 0.00324 0.87517 11
-1.94518 0.20257 0.00460 0 3.77500 50.82500 0.00324 0.91009 11
0.83611 -0.67636 0.00460 0 0.05000 39.57500 0.00324 0.96210 11
-0.76425 0.60850 0.00460 0 4.65000 35.72500 0.00324 0.98457 11
1.46765 -1.08986 0.00460 0 0.02500 27.55000 0.00324 1.02970 11
-1.42838 1.26427 0.00460 0 2.85000 24.52500 0.00324 1.04432 11
0.86620 -1.04053 0.00460 0 0.22500 17.50000 0.00324 1.09938 11
-0.81991 0.83977 0.00460 0 3.97500 14.97500 0.00324 1.11596 11
0.39382 -0.30052 0.00460 0 -0.17500 8.65000 0.00324 1.15720 11
-0.33111 0.28894 0.00460 0 4.82500 6.12500 0.00324 1.18123 11
-0.05727 -0.31526 0.00460 0 -0.45000 5.50000 0.00324 1.21538 11
0.08109 0.23805 0.00460 0 4.75000 5.82500 0.00324 1.23940 11
-0.04578 -0.14915 0.00460 0 -0.25000 7.17500 0.00324 1.27131 11
2.07443 -0.95939 0.00460 0 6.02500 60.90000 0.00324 0.88567 11
-0.78554 0.59593 0.00460 0 -0.60000 56.72500 0.00324 0.91168 11
0.52455 -2.30467 0.00460 0 7.75000 46.52500 0.00324 0.96838 11
-0.13139 0.47389 0.00460 0 1.00000 45.70000 0.00324 0.98990 11
0.19244 -2.25237 0.00460 0 8.12500 44.20000 0.00324 1.03636 11
0.12105 0.38359 0.00460 0 1.15000 44.57500 0.00324 1.05761 11
-0.25479 -0.33629 0.00460 0 -4.32500 47.95000 0.00324 1.09195 11
0.20875 0.37099 0.00460 0 1.02500 49.30000 0.00324 1.11604 11
-0.23471 -0.71237 0.00460 0 -4.00000 51.82500 0.00324 1.15444 11
0.19458 0.70705 0.00460 0 0.42500 52.72500 0.00324 1.17209 11
-0.29198 -1.01490 0.00460 0 -3.30000 53.85000 0.00324 1.21583 11
0.24064 0.96405 0.00460 0 0.37500 54.85000 0.00324 1.23011 11
0.07997 -1.03547 0.00460 0 -2.30000 53.77500 0.00324 1.27518 11
-0.10319 0.91871 0.00460 0 1.22500 53.50000 0.00324 1.28861 11
0.29104 -0.77363 0.00460 0 -1.50000 51.20000 0.00324 1.32973 11
-0.23421 0.68918 0.00460 0 2.35000 50.05000 0.00324 1.34593 11
0.54343 -0.27139 0.00460 0 -1.05000 49.10000 0.00324 1.38045 11
-0.53189 0.33531 0.00460 0 2.45000 46.77500 0.00324 1.39786 11
0.37394 0.21781 0.00460 0 -1.30000 44.07500 0.00324 1.42110 11
0.68056 -1.88424 0.00460 0 2.77500 52.17500 0.00324 1.49287 11
2.02442 4.64400 0.00460 0 1.95000 52.10000 0.00324 1.49579 11
-4.90500 -7.15974 0.00460 0 -3.95000 51.85000 0.00324 1.15465 11
0.64566 0.87083 0.00460 0 -3.92500 51.87500 0.00324 1.15466 11
1.72169 0.07411 0.00460 0 1.32500 61.97500 0.00324 0.88345 11
-1.57514 -0.05992 0.00460 0 5.05000 52.12500 0.00324 0.92210 11
1.87291 0.65973 0.00460 0 1.22500 43.72500 0.00324 0.95604 11
-0.73340 -0.05291 0.00460 0 3.57500 64.10000 0.00324 0.87403 11
0.92976 -0.13746 0.00460 0 -1.40000 58.15000 0.00324 0.90765 11
-0.88224 0.22324 0.00460 0 3.00000 52.22500 0.00324 0.93693 11
0.52049 -0.50886 0.00460 0 -1.70000 46.40000 0.00324 0.97504 11
-0.54830 0.57826 0.00460 0 2.72500 43.85000 0.00324 0.99516 11
0.31791 -0.70959 0.00460 0 -1.65000 39.40000 0.00324 1.03371 11
-0.22816 0.77865 0.00460 0 2.50000 38.50000 0.00324 1.05010 11
0.08789 -0.79297 0.00460 0 -1.95000 40.40000 0.00324 1.08763 11
-0.19516 0.73338 0.00460 0 2.10000 40.07500 0.00324 1.10350 11
-1.95003 1.09105 0.00460 0 -0.45000 63.35000 0.00324 0.90178 11
1.72256 -0.50692 0.00460 0 -3.17500 49.82500 0.00324 0.96101 11
-1.64830 0.48737 0.00460 0 0.07500 43.82500 0.00324 0.98528 11
0.85440 -0.40561 0.00460 0 6.32500 39.90000 0.00324 1.01651 11
1.25654 -0.17932 0.00460 0 -1.95000 61.65000 0.00324 1.34361 11
-3.02286 -0.92937 0.00460 0 -0.72500 59.85000 0.00324 1.35407 11
2.18074 0.24714 0.00460 0 -0.77500 59.47500 0.00324 1.35519 11
-1.22020 1.81076 0.00460 0 -0.42500 59.02500 0.00324 1.35975 11
-2.57922 2.92215 0.00460 0 -0.20000 58.97500 0.00324 1.36082 11
1.39754 -1.35154 0.00460 0 8.35000 64.47500 0.00324 0.92735 11
-0.95829 -0.12780 0.00460 0 -0.22500 60.07500 0.00324 0.94982 11
1.18889 8.73051 0.00460 0 -2.50000 55.90000 0.00324 0.96732 11
0.33650 0.43379 0.00460 0 8.02500 55.52500 0.00324 0.97335 11
3.11895 -0.05367 0.00460 0 1.70000 60.27500 0.00324 0.87958 11
-2.98585 -0.29908 0.00460 0 4.37500 49.62500 0.00324 0.91818 11
1.16077 1.22259 0.00460 0 3.92500 48.42500 0.00324 0.92259 11
-1.26008 -1.90154 0.00460 0 7.05000 41.75000 0.00324 0.97246 11
2.85176 4.25076 0.00460 0 5.52500 40.57500 0.00324 0.97924 11
0.96933 -0.75132 0.00413 0 0.60000 6.10000 0.00071 5.16083 11
-0.85751 1.04578 0.00413 0 1.92500 4.82500 0.00071 5.16840 11
-1.07568 -0.15193 0.01741 0 1.77500 48.25000 0.00144 1.01716 11
0.90140 -0.01590 0.01741 0 1.97500 30.17500 0.00144 1.09945 11
-0.68328 -0.07905 0.01741 0 2.75000 10.45000 0.00144 1.20233 11
0.68327 -0.06001 0.01741 0 1.47500 -2.90000 0.00144 1.27744 11
-0.54043 -0.42175 0.01741 0 2.07500 -19.57500 0.00144 1.37211 11
0.58133 0.33465 0.01741 0 -4.32500 -23.35000 0.00144 1.40160 11
0.61122 -0.26673 0.01741 0 7.67500 -23.70000 0.00144 1.40410 11
-0.48976 -0.66068 0.01741 0 1.00000 -29.77500 0.00144 1.44652 11
-0.02283 0.10230 0.01741 0 6.65000 -32.40000 0.00144 1.47654 11
-0.03123 -0.61537 0.01741 0 0.07500 -33.12500 0.00144 1.51971 11
0.03795 0.09395 0.01741 0 6.57500 -33.82500 0.00144 1.54287 11
-0.09401 -0.85318 0.01741 0 -0.40000 -33.80000 0.00144 1.58843 11
3.45336 4.54311 0.01741 0 -3.82500 -35.47500 0.00144 1.60258 11
0.58566 0.35837 0.01741 0 7.17500 -36.35000 0.00144 1.60733 11
-2.49374 -0.41715 0.01345 0 7.70000 61.25000 0.00366 1.32304 11
-6.31207 -5.43538 0.01345 0 7.37500 56.87500 0.00366 1.34183 11
0.04485 -0.83257 0.01345 0 -4.12500 55.97500 0.00366 1.35911 11
-0.02915 -0.25506 0.01345 0 6.97500 56.60000 0.00366 1.36467 11
-0.61067 -1.02940 0.01345 0 -3.72500 56.30000 0.00366 1.37903 11
2.37165 1.06195 0.01345 0 -3.87500 56.07500 0.00366 1.38021 11
-1.22860 -0.55388 0.01345 0 -3.60000 44.97500 0.00366 1.43119 11
-0.45119 -0.30962 0.00884 0 7.97500 64.77500 0.00884 2.79813 11
-0.32540 0.01606 0.00884 0 -4.12500 64.50000 0.00884 2.80084 11
0.18132 0.21278 0.00884 0 -3.40000 60.00000 0.00884 2.85240 11
-0.19311 -0.32034 0.00884 0 7.85000 56.22500 0.00884 2.92267 11
-0.18609 -0.14658 0.00884 0 -4.32500 56.07500 0.00884 2.92507 11
0.04058 0.50614 0.00884 0 -2.57500 54.45000 0.00884 2.96711 11
-0.01697 -0.44839 0.00884 0 7.62500 55.25000 0.00884 3.04186 11
0.02387 0.25250 0.00884 0 -1.55000 54.87500 0.00884 3.08291 11
0.85892 0.05874 0.00884 0 3.65000 59.30000 0.00884 3.11856 11
-0.24542 0.55304 0.00884 0 6.57500 55.02500 0.00884 3.04629 11
1.18510 -1.23153 0.00884 0 7.67500 55.07500 0.00884 3.05991 11
0.77274 -0.29353 0.00884 0 8.00000 56.82500 0.00884 3.07569 11
0.44205 1.07352 0.00884 0 -3.85000 60.97500 0.00884 6.21343 11
0.26007 0.49807 0.00884 0 7.67500 60.75000 0.00884 6.21644 11
-0.10304 -1.05362 0.00884 0 2.32500 55.60000 0.00884 6.31095 11
0.12561 0.62957 0.00884 0 6.15000 54.77500 0.00884 6.34200 11
-0.08010 -1.98643 0.00884 0 -1.25000 53.30000 0.00884 6.43897 11
0.20114 0.79376 0.00884 0 6.05000 52.75000 0.00884 6.45541 11
-0.56729 -1.79451 0.00884 0 -1.35000 47.60000 0.00884 6.54369 11
0.40642 0.49996 0.00884 0 4.92500 45.97500 0.00884 6.56479 11
1.80181 1.50511 0.00884 0 7.17500 29.70000 0.00884 6.64703 11
2.13086 1.20540 0.00884 0 7.20000 11.82500 0.00884 6.73218 11
-2.67482 -1.77448 0.00884 0 -3.27500 -4.57500 0.00884 6.80006 11
0.79607 1.08776 0.00884 0 6.30000 -6.70000 0.00884 6.81128 11
0.39823 -0.76536 0.00884 0 -3.12500 -8.67500 0.00884 6.86345 11
-0.15888 0.60285 0.00884 0 4.45000 -7.72500 0.00884 6.88136 11
0.24517 -0.26086 0.00884 0 -2.25000 -5.00000 0.00884 6.92263 11
0.02150 0.22530 0.00884 0 5.20000 -4.47500 0.00884 6.94444 11
0.47726 -0.66902 0.00884 0 7.55000 -2.72500 0.00884 6.96636 11
1.84097 1.97424 0.00884 0 5.67500 -3.05000 0.00884 6.97369 11
-0.44706 -0.44013 0.00884 0 6.07500 63.87500 0.00884 3.31601 11
1.04864 0.58337 0.00884 0 -1.37500 57.10000 0.00884 3.35429 11
-1.19683 -0.41965 0.00884 0 4.25000 44.17500 0.00884 3.41397 11
1.93542 0.67835 0.00884 0 -0.77500 34.72500 0.00884 3.45229 11
-0.69445 -0.17997 0.00884 0 6.25000 23.57500 0.00884 3.51166 11
0.49944 0.24997 0.00884 0 -1.05000 16.00000 0.00884 3.55595 11
-0.30068 -0.14629 0.00884 0 6.87500 12.12500 0.00884 3.60538 11
0.13327 -0.16210 0.00884 0 -1.02500 9.17500 0.00884 3.64350 11
-0.63536 -0.38767 0.00884 0 6.37500 5.90000 0.00884 3.68645 11
0.47025 0.35920 0.00884 0 0.15000 2.37500 0.00884 3.71520 11
-0.44623 -0.24614 0.00884 0 6.00000 -3.72500 0.00884 3.75809 11
0.76737 -0.36198 0.00884 0 -0.15000 -8.72500 0.00884 3.79502 11
-0.64352 0.30996 0.00884 0 5.15000 -13.37500 0.00884 3.82312 11
0.66310 -0.44460 0.00884 0 -0.52500 -19.05000 0.00884 3.86362 11
-0.71209 0.46190 0.00884 0 4.60000 -22.82500 0.00884 3.88871 11
1.49845 0.35319 0.00884 0 0.45000 -31.65000 0.00884 3.93260 11
-0.50948 -0.02918 0.00884 0 4.15000 -38.67500 0.00884 3.96641 11
0.35744 -0.38322 0.00884 0 -1.07500 -40.87500 0.00884 3.99476 11
-0.21999 0.31600 0.00884 0 3.45000 -42.52500 0.00884 4.01506 11
-0.24707 -0.26502 0.00884 0 -1.15000 -42.97500 0.00884 4.04884 11
0.19214 0.22388 0.00884 0 3.47500 -41.52500 0.00884 4.07106 11
-0.20650 0.27907 0.00884 0 -1.22500 -40.75000 0.00884 4.09689 11
0.13381 -0.30650 0.00884 0 3.42500 -40.85000 0.00884 4.12764 11
-0.27492 0.02716 0.00884 0 -0.22500 -40.15000 0.00884 4.14578 11
0.43754 0.06713 0.00884 0 3.12500 -38.07500 0.00884 4.16528 11
0.41939 0.50229 0.00884 0 -0.22500 -36.57500 0.00884 4.18568 11
0.09885 -1.31168 0.00884 0 0.40000 -38.02500 0.00884 4.20417 11
0.34350 2.06661 0.00884 0 -0.47500 -37.85000 0.00884 4.20744 11
-5.84832 -5.11411 0.00884 0 7.97500 51.25000 0.00884 4.51781 11
2.32102 0.20951 0.00884 0 7.52500 50.70000 0.00884 4.51972 11
3.07035 2.98844 0.00884 0 7.20000 37.00000 0.00884 4.57012 11
-0.77112 -0.30767 0.00884 0 5.40000 60.82500 0.00884 2.68021 11
0.98463 0.00300 0.00884 0 -1.05000 53.30000 0.00884 2.71818 11
-0.91451 -0.21444 0.00884 0 5.75000 42.52500 0.00884 2.77021 11
0.68925 -0.21213 0.00884 0 -0.42500 33.95000 0.00884 2.81232 11
-0.29614 0.14234 0.00884 0 5.37500 29.42500 0.00884 2.84436 11
0.59419 -0.09858 0.00884 0 -1.72500 25.52500 0.00884 2.88488 11
-1.26139 -0.04351 0.00884 0 4.40000 18.47500 0.00884 2.92445 11
1.18867 0.06113 0.00884 0 -0.02500 10.17500 0.00884 2.96096 11
-0.18344 -0.16250 0.00884 0 5.90000 5.90000 0.00884 2.99759 11
0.48464 -0.15536 0.00884 0 0.65000 4.52500 0.00884 3.02498 11
-0.42887 0.23002 0.00884 0 5.22500 1.35000 0.00884 3.04906 11
0.36845 0.03011 0.00884 0 0.45000 -1.45000 0.00884 3.07737 11
-0.14769 -0.53620 0.00884 0 3.82500 -2.55000 0.00884 3.10078 11
0.97361 0.97318 0.00884 0 2.00000 -3.40000 0.00884 3.10856 11
-0.83431 -0.35740 0.00884 0 -1.42500 61.12500 0.00884 5.15977 11
0.68856 -0.29872 0.00884 0 4.90000 54.50000 0.00884 5.19434 11
-1.09044 -0.10000 0.00884 0 -1.05000 47.30000 0.00884 5.23462 11
-1.03583 0.76728 0.00884 0 -1.25000 33.47500 0.00884 5.30779 11
1.23108 -1.31146 0.00884 0 6.15000 24.80000 0.00884 5.35522 11
-0.83269 0.49619 0.00884 0 -1.37500 20.72500 0.00884 5.37797 11
1.19694 -1.11871 0.00884 0 5.52500 14.00000 0.00884 5.41700 11
-0.73132 0.84846 0.00884 0 -2.25000 10.00000 0.00884 5.43896 11
0.19654 -1.88966 0.00884 0 6.25000 8.20000 0.00884 5.48990 11
0.17548 2.81026 0.00884 0 7.25000 8.10000 0.00884 5.49350 11
0.23575 0.59711 0.00884 0 -3.55000 8.45000 0.00884 5.49895 11
0.33183 1.46868 0.00884 0 -3.67500 7.15000 0.00884 5.52211 11
-0.55965 -0.84851 0.00884 0 -4.47500 8.22500 0.00884 5.53640 11
-97.84690 11.64512 0.00884 0 -3.55000 8.95000 0.00884 5.54189 11
0.18939 -1.18106 0.00884 0 -2.70000 9.87500 0.00884 5.55455 11
2.35923 0.81706 0.00177 0 -4.50000 -32.42500 0.00123 5.72222 11
0.48012 0.78845 0.00177 0 6.87500 -31.47500 0.00123 5.72761 11
-3.10696 -1.57656 0.00177 0 7.50000 -42.22500 0.00123 5.78021 11
2.12431 0.66649 0.00177 0 7.42500 -42.50000 0.00123 5.78144 11
-0.52601 -0.39831 0.00177 0 7.92500 -41.10000 0.00123 5.85070 11
0.07768 0.64986 0.00177 0 7.90000 -41.12500 0.00123 5.85139 11
-0.02027 -0.71601 0.00884 0 1.25000 63.10000 0.00884 4.78498 11
0.04229 0.35450 0.00884 0 5.15000 62.80000 0.00884 4.81530 11
0.06306 -0.99222 0.00884 0 1.10000 62.15000 0.00884 4.89742 11
-0.26546 0.34916 0.00884 0 5.32500 64.05000 0.00884 4.92737 11
1.05002 -0.34134 0.00668 0 0.45000 -37.45000 0.00507 -0.01618 11
-0.91955 0.05161 0.00668 0 4.10000 -29.15000 0.00507 0.02763 11
0.58100 -0.05888 0.00668 0 1.10000 -15.95000 0.00507 0.09850 11
-0.70693 -0.02362 0.00668 0 2.70000 -10.15000 0.00507 0.14869 11
0.59161 0.02662 0.00668 0 -0.07500 1.07500 0.00507 0.21520 11
-0.46578 -0.14285 0.00668 0 3.07500 8.85000 0.00507 0.26390 11
0.76694 -0.21671 0.00668 0 -0.62500 17.80000 0.00507 0.32139 11
-0.81308 -0.07137 0.00668 0 3.77500 26.77500 0.00507 0.36717 11
1.25110 -0.43205 0.00668 0 -0.57500 38.67500 0.00507 0.42987 11
-0.72551 0.41686 0.00668 0 5.27500 44.47500 0.00507 0.46094 11
0.75939 -0.90871 0.00668 0 -1.92500 58.02500 0.00507 0.53646 11
-0.58956 0.65325 0.00668 0 4.95000 61.17500 0.00507 0.55784 11
2.13931 -3.82680 0.00668 0 5.87500 61.05000 0.00507 0.99237 11
-2.59571 2.57579 0.00668 0 7.22500 60.10000 0.00507 0.99792 11
1.59339 0.38709 0.00668 0 4.35000 54.20000 0.00507 1.02320 11
-1.74603 -0.31794 0.00668 0 6.82500 45.62500 0.00507 1.05757 11
1.14146 0.40271 0.00668 0 4.92500 40.15000 0.00507 1.07798 11
-0.10445 0.16327 0.00668 0 5.70000 61.12500 0.00507 0.99148 11
-0.12167 -0.56332 0.00668 0 6.95000 61.22500 0.00507 1.00532 11
-0.50838 -0.16717 0.00668 0 5.62500 62.17500 0.00507 1.01433 11
0.30425 0.30866 0.00668 0 6.20000 63.32500 0.00507 1.02429 11
3.15323 -3.11328 0.00668 0 5.75000 63.67500 0.00507 1.02996 11
0.39865 -1.31644 0.00388 0 -0.32500 64.42500 0.00055 1.00548 11
-0.67480 2.97376 0.00388 0 1.52500 64.12500 0.00055 1.01244 11
0.24285 -0.50127 0.00388 0 1.87500 64.07500 0.00055 1.01369 11
-0.14994 0.33701 0.00388 0 4.50000 63.52500 0.00055 1.02584 11
0.00839 -0.22410 0.00388 0 1.92500 63.80000 0.00055 1.04409 11
-0.06826 0.10723 0.00388 0 4.47500 63.50000 0.00055 1.05699 11
0.60468 -0.03327 0.00388 0 2.30000 62.70000 0.00055 1.06807 11
-0.81604 -0.05612 0.00388 0 4.35000 61.02500 0.00055 1.08098 11
4.33698 0.86569 0.00388 0 2.65000 58.35000 0.00055 1.09458 11
15.31684 -4.51057 0.00388 0 2.47500 57.85000 0.00055 1.09755 11
-1.81283 -0.41981 0.00343 0 7.70000 62.00000 0.00133 2.86759 11
0.27451 -1.50872 0.00343 0 7.80000 64.52500 0.00133 2.88562 11
-1.15951 0.98327 0.00343 0 8.40000 64.12500 0.00133 2.88903 11
-0.13847 0.46823 0.00343 0 7.55000 61.52500 0.00133 2.86679 11
1.08058 3.45856 0.00343 0 8.22500 62.90000 0.00133 2.88246 11
-0.88882 -0.54029 0.00993 0 5.32500 -42.40000 0.00766 -0.08313 11
0.77153 0.16665 0.00993 0 7.32500 -26.85000 0.00766 0.00145 11
-1.12444 -0.80846 0.00993 0 7.50000 -8.97500 0.00766 0.09306 11
0.99592 0.14548 0.00993 0 6.22500 5.67500 0.00766 0.16330 11
-1.41170 -0.38552 0.00993 0 -2.77500 27.57500 0.00766 0.25546 11
1.10837 0.27509 0.00993 0 6.45000 41.45000 0.00766 0.31691 11
-1.04676 -0.07112 0.00993 0 -2.15000 59.87500 0.00766 0.39658 11
-0.88557 -0.25959 0.00993 0 -2.07500 -42.62500 0.00766 -0.08466 11
0.96527 0.23575 0.00993 0 -0.05000 -24.85000 0.00766 0.00677 11
-0.88255 -0.20812 0.00993 0 -1.42500 -5.42500 0.00766 0.10358 11
0.81459 -0.04397 0.00993 0 -0.30000 12.00000 0.00766 0.19653 11
-0.82940 -0.03164 0.00993 0 -0.67500 27.10000 0.00766 0.27314 11
0.86222 0.17029 0.00993 0 -0.27500 44.30000 0.00766 0.36224 11
-0.84985 -0.20679 0.00993 0 -0.47500 59.97500 0.00766 0.44388 11
-0.88722 -0.24643 0.00993 0 -1.77500 -42.72500 0.00766 -0.08494 11
0.96005 0.15987 0.00993 0 0.72500 -24.00000 0.00766 0.01226 11
-0.85029 -0.19304 0.00993 0 -0.80000 -4.45000 0.00766 0.10834 11
0.98995 0.16602 0.00993 0 0.82500 15.52500 0.00766 0.20594 11
-0.98542 -0.14222 0.00993 0 2.65000 29.37500 0.00766 0.27316 11
0.84624 0.18626 0.00993 0 0.85000 44.02500 0.00766 0.34569 11
-0.76097 -0.15315 0.00993 0 1.97500 56.85000 0.00766 0.41677 11
-0.92601 -0.80054 0.00993 0 6.72500 -42.15000 0.00766 -0.08182 11
0.57861 0.53069 0.00993 0 -2.42500 -28.40000 0.00766 0.00095 11
-0.64762 -0.81860 0.00993 0 6.15000 -12.67500 0.00766 0.10855 11
0.93773 0.50992 0.00993 0 -2.32500 -1.12500 0.00766 0.18979 11
-1.04321 -0.66066 0.00993 0 -3.47500 16.17500 0.00766 0.28881 11
0.84032 0.27231 0.00993 0 5.37500 25.37500 0.00766 0.33706 11
-1.11692 -0.19643 0.00993 0 -3.35000 39.80000 0.00766 0.41104 11
1.01820 -0.10138 0.00993 0 6.00000 51.45000 0.00766 0.47176 11
-1.06759 0.08404 0.00993 0 -2.05000 62.65000 0.00766 0.52555 11
-0.98075 -0.66328 0.00993 0 7.72500 -41.97500 0.00766 -0.08081 11
0.69478 0.04359 0.00993 0 -1.25000 -23.77500 0.00766 0.02605 11
-1.09553 0.10387 0.00993 0 -2.82500 -7.60000 0.00766 0.10886 11
0.81818 -0.15173 0.00993 0 -2.10000 16.05000 0.00766 0.22689 11
-0.98439 0.44995 0.00993 0 -2.37500 27.75000 0.00766 0.29007 11
2.46631 -1.70747 0.00993 0 6.52500 54.00000 0.00766 0.41398 11
-3.12546 2.22890 0.00993 0 2.22500 58.52500 0.00766 0.43525 11
-0.78828 -0.20149 0.00993 0 -3.85000 -42.60000 0.00766 -0.08414 11
0.77791 0.49874 0.00993 0 -1.47500 -27.87500 0.00766 -0.00095 11
-0.82544 -0.92763 0.00993 0 7.82500 -10.40000 0.00766 0.10710 11
0.53923 0.50315 0.00993 0 -1.20000 -0.22500 0.00766 0.18357 11
-0.70596 -0.89201 0.00993 0 7.70000 13.45000 0.00766 0.28624 11
0.38788 0.61186 0.00993 0 -2.50000 20.75000 0.00766 0.35295 11
-0.35904 -1.24451 0.00993 0 7.30000 27.75000 0.00766 0.45181 11
0.48784 0.46852 0.00993 0 7.67500 32.02500 0.00766 0.50523 11
0.73372 0.78186 0.00993 0 -3.85000 32.50000 0.00766 0.50860 11
-0.80716 -1.62880 0.00993 0 7.22500 43.60000 0.00766 0.60118 11
0.23226 0.91655 0.00993 0 5.22500 46.65000 0.00766 0.64082 11
-0.06602 -3.49658 0.00993 0 7.90000 48.95000 0.00766 0.74974 11
0.11973 0.99228 0.00993 0 4.47500 49.70000 0.00766 0.78173 11
0.03816 0.98475 0.00993 0 4.60000 51.60000 0.00766 0.91797 11
0.03629 0.89093 0.00993 0 4.65000 52.27500 0.00766 1.05242 11
0.28822 -2.22507 0.00993 0 7.17500 55.37500 0.00766 1.14899 11
-0.90708 -0.70980 0.00993 0 8.50000 43.37500 0.00766 1.22897 11
-0.67096 -0.61987 0.00993 0 -4.05000 42.80000 0.00766 1.23295 11
0.98037 0.65632 0.00993 0 3.10000 39.07500 0.00766 1.25506 11
-0.62126 -0.60061 0.00993 0 8.20000 30.45000 0.00766 1.30717 11
-0.57410 -0.35019 0.00993 0 -4.17500 29.97500 0.00766 1.31049 11
0.23109 0.65044 0.00993 0 3.47500 28.17500 0.00766 1.32758 11
-0.03840 -0.47424 0.00993 0 -3.75000 25.97500 0.00766 1.37458 11
0.09502 0.55244 0.00993 0 3.35000 26.12500 0.00766 1.39339 11
-0.29813 -0.44640 0.00993 0 -3.82500 24.80000 0.00766 1.43714 11
0.12769 0.22393 0.00993 0 2.75000 23.45000 0.00766 1.46136 11
-0.02611 -0.80630 0.00993 0 7.65000 21.17500 0.00766 1.49721 11
0.04783 0.88800 0.00993 0 5.95000 18.85000 0.00766 1.50773 11
-0.01078 0.71107 0.00993 0 5.92500 20.60000 0.00766 1.55490 11
0.54434 1.11273 0.00993 0 6.15000 18.27500 0.00766 1.60041 11
-0.54661 -0.72517 0.00993 0 -3.85000 14.57500 0.00766 1.63598 11
1.98236 -0.13924 0.00993 0 5.92500 13.07500 0.00766 1.64628 11
-2.12313 -0.06805 0.00993 0 7.35000 8.22500 0.00766 1.66477 11
0.69228 0.36256 0.00993 0 5.52500 5.20000 0.00766 1.67814 11
-0.70267 -0.14500 0.00993 0 8.12500 2.42500 0.00766 1.69726 11
-0.58324 -0.16883 0.00993 0 6.27500 -0.27500 0.00766 1.71049 11
0.51160 -0.39248 0.00993 0 -3.45000 2.25000 0.00766 1.72891 11
0.07115 -1.47331 0.00993 0 6.90000 5.77500 0.00766 1.74977 11
-0.20349 1.55307 0.00993 0 8.05000 5.65000 0.00766 1.75403 11
0.51702 -0.09176 0.00993 0 -3.47500 6.10000 0.00766 1.75843 11
-1.03171 -0.34998 0.00993 0 -0.47500 -42.80000 0.00766 -0.08520 11
1.02998 0.43740 0.00993 0 0.10000 -24.75000 0.00766 -0.00225 11
-1.07002 -0.44882 0.00993 0 -0.87500 -3.90000 0.00766 0.10201 11
1.90063 0.70577 0.00993 0 -2.50000 12.57500 0.00766 0.17339 11
-2.88005 -0.74536 0.00993 0 2.30000 42.32500 0.00766 0.28770 11
2.99829 0.59098 0.00993 0 7.27500 57.00000 0.00766 0.34060 11
2.52018 0.86430 0.00993 0 -4.35000 58.45000 0.00766 0.34594 11
-0.71297 -0.43093 0.00993 0 5.07500 -43.12500 0.00766 -0.08477 11
0.74581 0.06876 0.00993 0 8.40000 -25.82500 0.00766 0.01466 11
0.99137 0.40296 0.00993 0 -3.35000 -24.92500 0.00766 0.01918 11
-0.96048 -0.13403 0.00993 0 -4.30000 -6.52500 0.00766 0.11290 11
-1.44294 -0.90927 0.00993 0 8.02500 -5.72500 0.00766 0.11671 11
0.71833 0.42703 0.00993 0 7.80000 8.30000 0.00766 0.18680 11
0.79114 0.78968 0.00993 0 -3.67500 8.90000 0.00766 0.19055 11
-0.81062 -0.63863 0.00993 0 -4.32500 25.37500 0.00766 0.29871 11
0.69090 0.53480 0.00993 0 6.37500 34.17500 0.00766 0.35087 11
-0.62570 -0.56340 0.00993 0 -4.45000 48.35000 0.00766 0.44241 11
-1.06949 -2.10516 0.00993 0 8.40000 48.92500 0.00766 0.44674 11
0.56195 0.42359 0.00993 0 5.95000 54.00000 0.00766 0.48897 11
-0.54220 -0.91406 0.00993 0 7.72500 64.55000 0.00766 0.56856 11
-0.86994 -0.21329 0.00993 0 2.35000 -42.70000 0.00766 -0.08479 11
0.84384 -0.16838 0.00993 0 3.77500 -20.75000 0.00766 0.02379 11
-1.01914 -0.10339 0.00993 0 3.12500 -5.00000 0.00766 0.10019 11
0.99364 -0.24824 0.00993 0 2.82500 18.35000 0.00766 0.20707 11
-0.82344 0.04243 0.00993 0 2.22500 32.87500 0.00766 0.28019 11
0.56592 -0.12006 0.00993 0 3.60000 51.05000 0.00766 0.38288 11
-0.48645 -0.00273 0.00993 0 1.22500 61.75000 0.00766 0.45628 11
-0.96429 -0.57203 0.00993 0 3.05000 -42.65000 0.00766 -0.08450 11
0.60045 0.14045 0.00993 0 6.57500 -28.25000 0.00766 0.00383 11
-0.82795 -0.58064 0.00993 0 4.10000 -10.50000 0.00766 0.10511 11
0.74751 0.16004 0.00993 0 5.90000 3.00000 0.00766 0.18361 11
0.18776 -0.23783 0.00993 0 0.95000 0.47500 0.00766 0.26471 11
-0.38386 -0.07746 0.00993 0 5.05000 -5.80000 0.00766 0.35321 11
0.41820 -0.30571 0.00993 0 1.90000 -15.47500 0.00766 0.43233 11
-0.30254 0.04476 0.00993 0 5.67500 -23.52500 0.00766 0.51961 11
0.13043 -0.29573 0.00993 0 2.67500 -27.70000 0.00766 0.59708 11
-0.00448 -0.05006 0.00993 0 5.57500 -29.77500 0.00766 0.67868 11
-0.06575 -0.21047 0.00993 0 2.97500 -30.47500 0.00766 0.74900 11
0.06279 0.01681 0.00993 0 5.17500 -27.35000 0.00766 0.82686 11
-0.20124 -0.34151 0.00993 0 3.07500 -24.35000 0.00766 0.90082 11
0.24756 0.13762 0.00993 0 4.97500 -19.92500 0.00766 0.97414 11
-0.28541 -0.46148 0.00993 0 3.40000 -16.17500 0.00766 1.05005 11
0.52287 0.25429 0.00993 0 3.90000 -11.20000 0.00766 1.11138 11
-0.53562 -0.58461 0.00993 0 4.00000 -2.20000 0.00766 1.18610 11
1.07777 0.37404 0.00993 0 1.82500 8.02500 0.00766 1.24282 11
-1.41301 -0.76722 0.00993 0 5.60000 24.57500 0.00766 1.31888 11
1.08422 0.43158 0.00993 0 1.55000 35.95000 0.00766 1.37028 11
-0.82895 -0.93761 0.00993 0 5.55000 51.17500 0.00766 1.44654 11
0.43731 0.33791 0.00993 0 2.50000 57.40000 0.00766 1.49096 11
-1.06488 -0.70246 0.00993 0 5.47500 -42.32500 0.00766 -0.08288 11
1.50320 0.05665 0.00993 0 2.22500 -20.42500 0.00766 0.00371 11
-1.54453 -0.35387 0.00993 0 4.05000 2.82500 0.00766 0.09863 11
1.43457 0.23989 0.00993 0 0.15000 23.47500 0.00766 0.17905 11
-2.17141 -0.42957 0.00993 0 2.72500 46.27500 0.00766 0.27449 11
-0.89393 -0.25217 0.00993 0 4.05000 2.72500 0.00766 0.09837 11
0.66358 -0.21391 0.00993 0 5.10000 4.30000 0.00766 0.10846 11
-0.81341 -0.39230 0.00993 0 3.70000 -42.57500 0.00766 -0.08416 11
1.00649 -0.23562 0.00993 0 6.45000 -24.72500 0.00766 0.01625 11
-1.08957 -0.09764 0.00993 0 6.40000 -9.65000 0.00766 0.08905 11
1.23904 -0.45062 0.00993 0 4.82500 15.60000 0.00766 0.20035 11
-2.47775 0.76646 0.00993 0 -3.27500 30.35000 0.00766 0.25965 11
-1.15965 -0.61808 0.00993 0 -1.62500 -42.72500 0.00766 -0.08490 11
1.30745 0.72524 0.00993 0 -1.92500 -28.32500 0.00766 -0.01617 11
-1.27296 -0.37889 0.00993 0 -2.35000 -6.55000 0.00766 0.09218 11
1.51354 0.54751 0.00993 0 6.70000 7.75000 0.00766 0.15346 11
-2.12197 -0.82172 0.00993 0 -2.50000 33.07500 0.00766 0.26574 11
2.03496 0.83997 0.00993 0 3.40000 44.07500 0.00766 0.30871 11
-0.96254 -0.54232 0.00993 0 7.32500 -42.02500 0.00766 -0.08117 11
0.69133 0.24148 0.00993 0 -2.27500 -24.77500 0.00766 0.01472 11
-0.74187 -0.61469 0.00993 0 6.50000 -10.62500 0.00766 0.10799 11
0.80726 0.24486 0.00993 0 -3.22500 3.72500 0.00766 0.19514 11
-0.92058 0.08237 0.00993 0 -4.45000 19.20000 0.00766 0.27780 11
-0.90075 -0.50253 0.00993 0 7.67500 19.80000 0.00766 0.28075 11
1.01635 -0.04873 0.00993 0 6.92500 37.57500 0.00766 0.36530 11
-0.83917 -0.09516 0.00993 0 -4.47500 54.65000 0.00766 0.44690 11
-0.94043 -0.52453 0.00993 0 7.75000 55.20000 0.00766 0.44980 11
-0.82475 -0.19454 0.00993 0 -3.57500 -42.57500 0.00766 -0.08418 11
0.93801 0.45099 0.00993 0 -1.10000 -26.17500 0.00766 0.00443 11
-0.82153 -0.27403 0.00993 0 -1.95000 -5.25000 0.00766 0.10569 11
0.65867 0.23734 0.00993 0 0.75000 9.67500 0.00766 0.19425 11
-0.79021 -0.28557 0.00993 0 -1.65000 24.42500 0.00766 0.28371 11
0.73832 0.59375 0.00993 0 -0.02500 37.80000 0.00766 0.36070 11
-0.81445 -0.59070 0.00993 0 -1.75000 52.92500 0.00766 0.46129 11
0.89586 0.40370 0.00993 0 7.55000 62.55000 0.00766 0.51141 11
1.22560 0.87981 0.00993 0 -4.02500 63.27500 0.00766 0.51510 11
-0.85103 -0.20252 0.00993 0 -2.17500 -42.75000 0.00766 -0.08489 11
