-0.23879 -0.16174 0.01300 0 4.60000 -50.40000 0.01296 3.22469 11
0.18512 -0.08101 0.01300 0 4.10000 -46.02500 0.01296 3.29752 11
-0.31178 -0.38278 0.01300 0 5.05000 -42.30000 0.01296 3.35477 11
0.27663 0.08835 0.01300 0 3.70000 -37.05000 0.01296 3.41246 11
-0.48510 -0.31489 0.01300 0 5.52500 -31.60000 0.01296 3.46786 11
0.55038 -0.17856 0.01300 0 2.32500 -22.87500 0.01296 3.52504 11
-0.58691 -0.14176 0.01300 0 6.20000 -17.00000 0.01296 3.56606 11
0.62220 -0.23787 0.01300 0 2.10000 -7.87500 0.01296 3.62475 11
-0.71826 -0.02200 0.01300 0 7.10000 -0.67500 0.01296 3.66470 11
0.57845 -0.82488 0.01300 0 1.92500 8.15000 0.01296 3.72649 11
-0.27401 0.04864 0.01300 0 7.12500 11.47500 0.01296 3.75615 11
0.43819 -1.58435 0.01300 0 1.35000 16.35000 0.01296 3.82099 11
0.07271 1.63475 0.01300 0 -2.52500 16.82500 0.01296 3.83470 11
0.12322 -0.96173 0.01300 0 1.55000 16.45000 0.01296 3.90482 11
0.20892 0.53795 0.01300 0 -3.97500 17.17500 0.01296 3.92587 11
0.23473 0.00746 0.01300 0 7.85000 17.02500 0.01296 3.92852 11
-0.20385 -0.89141 0.01300 0 1.42500 13.35000 0.01296 3.97842 11
0.55513 1.76731 0.01300 0 -1.17500 13.00000 0.01296 3.98767 11
0.31443 1.21216 0.01300 0 -1.22500 13.00000 0.01296 3.98785 11
0.13882 0.03330 0.01300 0 -0.77500 64.55000 0.01296 0.10147 11
-0.28657 -0.10673 0.01300 0 -2.80000 55.40000 0.01296 0.25990 11
0.23807 0.17805 0.01300 0 1.20000 47.52500 0.01296 0.34222 11
-0.21453 -0.11447 0.01300 0 -2.82500 38.32500 0.01296 0.50670 11
0.14917 0.17616 0.01300 0 1.20000 34.40000 0.01296 0.58559 11
-0.12082 -0.11981 0.01300 0 -3.10000 27.07500 0.01296 0.74687 11
0.12417 0.18470 0.01300 0 1.77500 25.25000 0.01296 0.82045 11
0.04361 -0.07605 0.01300 0 -2.57500 22.25000 0.01296 0.97672 11
-0.09856 0.20393 0.01300 0 1.55000 23.95000 0.01296 1.05580 11
0.16365 -0.43580 0.01300 0 8.50000 29.95000 0.01296 1.20709 11
0.10245 -0.03983 0.01300 0 -3.72500 30.05000 0.01296 1.21029 11
-0.13742 0.10406 0.01300 0 0.72500 32.32500 0.01296 1.28944 11
0.01651 0.03973 0.01300 0 -3.45000 34.47500 0.01296 1.42880 11
0.00478 0.07417 0.01300 0 1.50000 34.55000 0.01296 1.50519 11
0.02783 0.07439 0.01300 0 -3.05000 36.22500 0.01296 1.64228 11
-0.24511 0.27626 0.01300 0 -3.40000 39.52500 0.01296 1.69631 11
0.19125 -0.08055 0.01300 0 -3.45000 45.80000 0.01296 1.78028 11
-0.11104 0.25080 0.01300 0 -3.30000 47.52500 0.01296 1.83036 11
0.07363 0.06205 0.01300 0 -3.32500 47.87500 0.01296 1.90640 11
-0.18121 0.12290 0.01300 0 -2.87500 49.20000 0.01296 1.95622 11
0.43532 0.16593 0.01300 0 -3.35000 54.82500 0.01296 2.02665 11
-0.31604 0.06623 0.01300 0 -2.05000 59.65000 0.01296 2.07905 11
0.13842 0.19810 0.01300 0 -3.27500 64.77500 0.01296 2.14195 11
0.21781 -0.36552 0.00426 0 1.10000 33.70000 0.00417 1.68904 11
-0.12770 0.32788 0.00426 0 -3.15000 32.30000 0.00417 1.72573 11
0.30361 -0.31733 0.00426 0 2.82500 28.75000 0.00417 1.76215 11
-0.34226 0.39482 0.00426 0 8.32500 26.62500 0.00417 1.78767 11
-0.39289 0.39425 0.00426 0 -3.30000 26.25000 0.00417 1.79148 11
0.20638 -0.54191 0.00426 0 3.22500 22.82500 0.00417 1.82746 11
-0.13364 0.59940 0.00426 0 8.15000 21.95000 0.00417 1.84780 11
0.48007 1.00582 0.00426 0 -2.62500 22.37500 0.00417 1.85362 11
0.48490 1.88521 0.00426 0 -2.75000 27.55000 0.00417 1.91197 11
1.43565 3.03115 0.00426 0 -2.87500 32.42500 0.00417 1.96745 11
1.55332 1.62766 0.00426 0 -2.67500 41.20000 0.00417 2.01974 11
-1.06752 -0.41451 0.00426 0 -4.50000 45.65000 0.00417 2.04212 11
1.17591 0.43369 0.00426 0 -2.40000 48.42500 0.00417 2.05615 11
-0.95290 -0.70363 0.00426 0 -2.95000 54.45000 0.00417 2.08429 11
0.78860 0.92182 0.00426 0 -1.37500 55.52500 0.00417 2.09157 11
-0.48335 -0.95659 0.00426 0 4.70000 18.32500 0.00417 3.51851 11
0.83567 0.44820 0.00426 0 5.92500 19.67500 0.00417 3.52632 11
-1.53197 -1.78392 0.00426 0 4.67500 19.87500 0.00417 3.53775 11
-2.55601 0.90008 0.00426 0 4.82500 20.12500 0.00417 3.53913 11
-0.11171 -0.76307 0.00426 0 5.32500 20.40000 0.00417 3.55203 11
0.00116 -1.09514 0.00426 0 -2.77500 42.50000 0.00417 2.04351 11
0.47550 0.71840 0.00426 0 -1.57500 42.75000 0.00417 2.04895 11
-0.04019 0.45813 0.00426 0 -1.67500 42.87500 0.00417 2.05043 11
-0.22739 -0.20761 0.00426 0 -0.60000 42.50000 0.00417 2.06091 11
-0.04033 0.12392 0.01300 0 -3.20000 62.60000 0.01296 0.26045 11
0.00018 0.07160 0.01300 0 -2.50000 61.55000 0.01296 0.35819 11
0.06382 -0.22504 0.01300 0 7.95000 61.05000 0.01296 0.50818 11
0.05921 0.12958 0.01300 0 -4.10000 61.10000 0.01296 0.51069 11
-0.00675 0.04666 0.01300 0 -2.17500 62.55000 0.01296 0.60366 11
-0.10815 -0.22005 0.01300 0 7.67500 59.97500 0.01296 0.74492 11
-0.07453 0.09836 0.01300 0 -4.37500 59.92500 0.01296 0.74709 11
0.04922 0.04328 0.01300 0 -1.47500 58.65000 0.01296 0.83542 11
-0.06017 -0.16809 0.01300 0 7.62500 57.20000 0.01296 0.96944 11
-0.12060 0.16169 0.01300 0 -4.37500 57.12500 0.01296 0.97157 11
0.14659 0.05089 0.01300 0 -0.50000 52.90000 0.01296 1.05736 11
-0.22214 -0.18045 0.01300 0 7.90000 48.00000 0.01296 1.18344 11
-0.22844 0.09713 0.01300 0 -4.15000 47.82500 0.01296 1.18593 11
0.25052 -0.01741 0.01300 0 0.25000 42.12500 0.01296 1.27128 11
-0.13350 -0.16980 0.01300 0 7.82500 34.17500 0.01296 1.40133 11
-0.06752 0.21723 0.01300 0 -4.15000 34.12500 0.01296 1.40373 11
0.01392 -0.07332 0.01300 0 -0.17500 32.97500 0.01296 1.49214 11
-0.03086 -0.10412 0.01300 0 5.32500 31.82500 0.01296 1.59749 11
0.12826 0.10446 0.01300 0 0.20000 29.67500 0.01296 1.67503 11
-0.08644 -0.37917 0.01300 0 3.92500 27.05000 0.01296 1.79170 11
0.19349 0.22825 0.01300 0 1.02500 24.70000 0.01296 1.85157 11
-0.12288 -0.31888 0.01300 0 4.27500 20.10000 0.01296 1.96318 11
0.12148 0.20866 0.01300 0 0.97500 17.72500 0.01296 2.02697 11
-0.01798 -0.41287 0.01300 0 3.55000 14.30000 0.01296 2.13969 11
-0.07398 0.24937 0.01300 0 1.42500 14.77500 0.01296 2.19559 11
0.20604 -0.55671 0.01300 0 3.07500 18.45000 0.01296 2.30776 11
-0.20504 0.02233 0.01300 0 6.65000 20.85000 0.01296 2.34295 11
0.17300 -0.72871 0.01300 0 3.20000 23.52500 0.01296 2.41192 11
-0.08153 0.50533 0.01300 0 -4.20000 24.42500 0.01296 2.44045 11
-0.02508 0.04324 0.01300 0 7.65000 24.47500 0.01296 2.44276 11
-0.08887 -0.55966 0.01300 0 3.65000 22.20000 0.01296 2.50519 11
0.09541 0.55585 0.01300 0 -3.72500 21.57500 0.01296 2.53442 11
-0.00930 -0.12334 0.01300 0 8.07500 21.52500 0.01296 2.53734 11
0.17611 -0.27143 0.01300 0 3.02500 23.52500 0.01296 2.58403 11
-0.41416 1.21495 0.01300 0 -3.07500 25.05000 0.01296 2.61053 11
0.22357 -1.22602 0.01300 0 0.40000 29.85000 0.01296 2.66622 11
-0.06538 0.16232 0.01300 0 7.22500 30.17500 0.01296 2.68746 11
0.27942 -0.89947 0.01300 0 -0.82500 32.15000 0.01296 2.72590 11
-0.01866 -0.10253 0.01300 0 6.35000 32.92500 0.01296 2.74699 11
0.36447 -0.75669 0.01300 0 -1.32500 35.42500 0.01296 2.78356 11
-0.69802 1.23114 0.01300 0 -4.37500 37.40000 0.01296 2.79734 11
0.11382 0.37254 0.01300 0 7.30000 37.62500 0.01296 2.79965 11
0.26072 -0.12489 0.01300 0 7.82500 33.72500 0.01296 2.84589 11
-0.87861 -1.88984 0.01300 0 -1.90000 31.65000 0.01296 2.87168 11
0.81334 0.89569 0.01300 0 -2.50000 31.50000 0.01296 2.87388 11
-0.43296 -0.60585 0.01300 0 -1.37500 29.75000 0.01296 2.89288 11
0.60057 0.20987 0.01300 0 -3.67500 28.62500 0.01296 2.90458 11
-0.90871 -0.26592 0.01300 0 -2.05000 25.47500 0.01296 2.92108 11
2.48170 8.80090 0.01300 0 -2.67500 25.82500 0.01296 2.93402 11
-0.02371 -0.22257 0.01300 0 5.87500 63.37500 0.01296 0.25873 11
0.02471 -0.25101 0.01300 0 7.25000 62.32500 0.01296 0.35509 11
-0.07646 -0.16387 0.01300 0 5.82500 62.57500 0.01296 0.50826 11
0.13968 -0.30699 0.01300 0 7.37500 59.50000 0.01296 0.60624 11
-0.11304 -0.18636 0.01300 0 5.65000 53.27500 0.01296 0.75414 11
0.10738 0.13000 0.01300 0 -4.45000 50.67500 0.01296 0.84787 11
0.10481 -0.34313 0.01300 0 7.60000 50.60000 0.01296 0.85000 11
-0.15600 -0.09671 0.01300 0 5.77500 46.92500 0.01296 0.99286 11
0.18232 0.07086 0.01300 0 -4.02500 41.55000 0.01296 1.09016 11
0.19773 -0.42278 0.01300 0 8.12500 41.40000 0.01296 1.09291 11
-0.13460 -0.05709 0.01300 0 5.75000 36.12500 0.01296 1.22746 11
0.14768 0.05596 0.01300 0 -3.72500 31.70000 0.01296 1.32392 11
0.13456 -0.48263 0.01300 0 8.42500 31.55000 0.01296 1.32707 11
-0.22388 -0.12648 0.01300 0 5.10000 24.37500 0.01296 1.45909 11
0.28790 0.04713 0.01300 0 -3.17500 17.87500 0.01296 1.54998 11
-0.27153 -0.12407 0.01300 0 4.80000 7.47500 0.01296 1.67871 11
0.34407 -0.00062 0.01300 0 -2.92500 -0.20000 0.01296 1.76923 11
-0.37126 -0.15059 0.01300 0 3.42500 -12.77500 0.01296 1.88946 11
0.28267 0.10424 0.01300 0 2.57500 -17.97500 0.01296 1.94711 11
-0.40518 -0.23537 0.01300 0 3.62500 -23.50000 0.01296 2.03318 11
0.20996 0.02004 0.01300 0 3.87500 -28.90000 0.01296 2.08601 11
-0.52031 -0.36422 0.01300 0 3.57500 -35.57500 0.01296 2.16902 11
0.64053 -0.21090 0.01300 0 5.77500 -42.57500 0.01296 2.21603 11
-0.53699 -0.08361 0.01300 0 4.35000 -52.70000 0.01296 2.28610 11
0.77950 -0.46201 0.01300 0 6.25000 -62.32500 0.01296 2.34656 11
-0.13700 0.03913 0.01300 0 -3.07500 62.07500 0.01296 0.26011 11
0.13516 0.06445 0.01300 0 -1.50000 58.07500 0.01296 0.35204 11
-0.07826 0.14132 0.01300 0 -2.70000 52.10000 0.01296 0.50576 11
0.05077 -0.00311 0.01300 0 -1.60000 50.82500 0.01296 0.60237 11
-0.02457 0.22038 0.01300 0 -2.42500 50.62500 0.01296 0.74108 11
0.03746 -0.14151 0.01300 0 -1.80000 49.70000 0.01296 0.84771 11
0.00398 0.33851 0.01300 0 -2.75000 47.42500 0.01296 0.97753 11
-0.01594 -0.19945 0.01300 0 -1.62500 47.50000 0.01296 1.08263 11
-0.02732 0.34416 0.01300 0 -2.82500 48.05000 0.01296 1.20886 11
0.03774 -0.18213 0.01300 0 -1.07500 46.45000 0.01296 1.31168 11
0.01993 0.29366 0.01300 0 -3.10000 47.20000 0.01296 1.43590 11
-0.04762 -0.09275 0.01300 0 -0.77500 48.72500 0.01296 1.53556 11
0.15111 -0.06138 0.01300 0 8.22500 51.80000 0.01296 1.65854 11
0.13835 0.21397 0.01300 0 -3.72500 51.92500 0.01296 1.66152 11
-0.13649 -0.02941 0.01300 0 -0.17500 55.60000 0.01296 1.75300 11
0.16124 -0.10823 0.01300 0 7.57500 62.77500 0.01296 1.87695 11
0.13810 0.03980 0.01300 0 -1.75000 64.87500 0.01296 0.25976 11
-0.04891 0.01974 0.01300 0 -0.82500 62.30000 0.01296 0.26163 11
0.06356 -0.02423 0.01300 0 -0.05000 61.30000 0.01296 0.35815 11
-0.11201 -0.04888 0.01300 0 -1.45000 56.45000 0.01296 0.51390 11
0.12237 0.02711 0.01300 0 0.47500 53.90000 0.01296 0.60326 11
-0.19163 -0.03815 0.01300 0 -1.35000 47.47500 0.01296 0.75546 11
0.14686 -0.08161 0.01300 0 4.80000 42.42500 0.01296 0.83235 11
-0.15699 -0.14367 0.01300 0 -1.72500 36.55000 0.01296 0.95704 11
0.37836 -0.12417 0.01300 0 5.07500 29.20000 0.01296 1.03488 11
-0.44635 -0.04589 0.01300 0 -3.05000 14.80000 0.01296 1.15533 11
0.48795 0.01872 0.01300 0 5.40000 6.05000 0.01296 1.22722 11
-0.63581 -0.34937 0.01300 0 8.25000 -9.55000 0.01296 1.34353 11
-0.56879 -0.18327 0.01300 0 -4.02500 -10.05000 0.01296 1.34686 11
0.45284 0.10497 0.01300 0 6.45000 -17.95000 0.01296 1.40820 11
-0.64428 -0.71734 0.01300 0 6.65000 -33.17500 0.01296 1.52655 11
0.88653 0.98739 0.01300 0 -3.37500 -40.55000 0.01296 1.57178 11
0.74195 0.21805 0.01300 0 8.10000 -41.25000 0.01296 1.57601 11
-1.01363 -0.98404 0.01300 0 5.67500 -60.40000 0.01296 1.68877 11
-0.07412 0.11214 0.01300 0 -1.77500 63.20000 0.01296 0.26119 11
0.08627 0.01595 0.01300 0 -1.27500 60.82500 0.01296 0.36071 11
-0.09717 0.06451 0.01300 0 -2.32500 57.17500 0.01296 0.51393 11
0.07222 0.13212 0.01300 0 -0.15000 55.40000 0.01296 0.60318 11
-0.01395 -0.35367 0.01300 0 8.35000 53.22500 0.01296 0.75914 11
0.03100 -0.07235 0.01300 0 -3.85000 53.22500 0.01296 0.76214 11
-0.04196 0.17479 0.01300 0 0.25000 53.55000 0.01296 0.83993 11
0.06682 -0.38505 0.01300 0 8.17500 54.75000 0.01296 0.99176 11
0.04158 -0.01556 0.01300 0 -4.00000 54.77500 0.01296 0.99454 11
-0.00270 0.15895 0.01300 0 -0.30000 55.05000 0.01296 1.07702 11
-0.03761 -0.32861 0.01300 0 7.42500 55.70000 0.01296 1.22431 11
-0.03270 0.17867 0.01300 0 0.80000 54.95000 0.01296 1.30096 11
0.08014 -0.52476 0.01300 0 6.72500 57.17500 0.01296 1.44005 11
-0.14502 0.22606 0.01300 0 1.60000 58.67500 0.01296 1.50778 11
0.48798 0.84104 0.01300 0 1.50000 58.65000 0.01296 1.50797 11
-0.23264 -0.60770 0.01300 0 2.75000 57.67500 0.01296 1.52198 11
-0.01440 -0.34064 0.01300 0 1.50000 58.50000 0.01296 1.52976 11
0.55461 0.33574 0.01300 0 3.15000 58.25000 0.01296 1.53773 11
3.43673 -3.16480 0.01300 0 3.95000 58.25000 0.01296 1.54318 11
-0.06709 -0.19181 0.01300 0 6.05000 62.77500 0.01296 0.25831 11
0.03899 0.22973 0.01300 0 -4.22500 62.02500 0.01296 0.35025 11
0.14651 -0.14667 0.01300 0 7.77500 62.00000 0.01296 0.35256 11
-0.16881 -0.42536 0.01300 0 4.25000 52.92500 0.01296 0.51474 11
0.13055 0.42654 0.01300 0 -3.25000 49.82500 0.01296 0.59051 11
-0.22902 -0.75411 0.01300 0 2.82500 41.30000 0.01296 0.76399 11
0.26632 0.62965 0.01300 0 -0.52500 38.05000 0.01296 0.82018 11
-0.34490 -0.75925 0.01300 0 3.37500 25.25000 0.01296 0.99750 11
0.32943 0.55917 0.01300 0 0.02500 20.25000 0.01296 1.05578 11
-0.26115 -0.70739 0.01300 0 3.95000 5.92500 0.01296 1.22609 11
0.29634 0.54722 0.01300 0 0.02500 2.72500 0.01296 1.28546 11
-0.34480 -0.69127 0.01300 0 3.87500 -10.37500 0.01296 1.45184 11
0.39854 0.57279 0.01300 0 0.95000 -15.30000 0.01296 1.50883 11
-0.34536 -0.71657 0.01300 0 3.60000 -29.50000 0.01296 1.67638 11
0.29388 0.57730 0.01300 0 1.02500 -33.30000 0.01296 1.73108 11
-0.34846 -0.58882 0.01300 0 4.00000 -46.75000 0.01296 1.88946 11
0.34568 0.36998 0.01300 0 0.20000 -53.20000 0.01296 1.95357 11
-0.05253 0.04238 0.01300 0 -1.42500 61.97500 0.01296 0.25927 11
0.05623 0.01359 0.01300 0 -0.75000 60.90000 0.01296 0.35632 11
-0.06458 -0.00631 0.01300 0 -1.92500 57.12500 0.01296 0.51169 11
0.06550 0.06870 0.01300 0 0.22500 55.40000 0.01296 0.59990 11
-0.00665 -0.19945 0.01300 0 4.55000 56.32500 0.01296 0.70717 11
0.13094 0.09837 0.01300 0 0.22500 54.30000 0.01296 0.77891 11
-0.02572 -0.23009 0.01300 0 3.40000 51.90000 0.01296 0.88395 11
-0.01130 0.36845 0.01300 0 -4.32500 51.47500 0.01296 0.91868 11
-0.01415 -0.23498 0.01300 0 7.65000 51.47500 0.01296 0.92087 11
-0.08262 -0.31895 0.01300 0 2.95000 50.50000 0.01296 0.96605 11
0.15531 0.49163 0.01300 0 -4.12500 49.95000 0.01296 0.99691 11
0.39572 -0.03342 0.01300 0 7.72500 49.82500 0.01296 0.99935 11
-0.26042 -0.41868 0.01300 0 2.15000 44.70000 0.01296 1.04903 11
0.76853 0.59655 0.01300 0 -3.82500 41.35000 0.01296 1.07676 11
0.92409 -0.29335 0.01300 0 8.02500 40.80000 0.01296 1.08011 11
-0.50189 -0.25050 0.01300 0 0.17500 32.02500 0.01296 1.12203 11
0.60037 -0.52304 0.01300 0 6.77500 27.85000 0.01296 1.15125 11
-1.48595 -0.59872 0.01300 0 -0.52500 20.85000 0.01296 1.18876 11
4.43988 -1.59887 0.01300 0 -3.25000 11.00000 0.01296 1.22739 11
-3.48801 1.81141 0.01300 0 -2.30000 8.70000 0.01296 1.23601 11
1.46502 -0.56594 0.01300 0 -2.32500 -4.65000 0.01296 1.28924 11
-1.12035 0.18261 0.01300 0 0.27500 -8.72500 0.01296 1.30705 11
0.76961 -0.15108 0.01300 0 -3.55000 -11.22500 0.01296 1.32733 11
-1.02800 0.17036 0.01300 0 -0.47500 -15.02500 0.01296 1.34704 11
3.92504 1.54974 0.01300 0 -2.60000 -19.75000 0.01296 1.36651 11
-10.91873 -5.78921 0.01300 0 -1.95000 -49.92500 0.01296 1.48121 11
-15.63645 -10.90669 0.01300 0 -2.05000 -50.12500 0.01296 1.48201 11
8.42412 4.95615 0.01300 0 -2.72500 -50.67500 0.01296 1.48434 11
16.61255 7.56839 0.01300 0 -2.80000 -64.47500 0.01296 1.53918 11
-1.39865 -2.18045 0.00381 0 4.10000 17.57500 0.00338 0.86460 11
2.17061 3.25392 0.00381 0 3.32500 17.05000 0.00338 0.86785 11
-0.11051 -0.17458 0.01300 0 5.65000 62.90000 0.01296 0.25898 11
0.16975 -0.31303 0.01300 0 6.87500 58.15000 0.01296 0.35890 11
-0.22542 -0.07124 0.01300 0 5.37500 48.50000 0.01296 0.50587 11
0.30672 -0.29474 0.01300 0 7.07500 41.42500 0.01296 0.60790 11
-0.30248 -0.10468 0.01300 0 4.32500 30.32500 0.01296 0.75266 11
0.32542 -0.37017 0.01300 0 7.20000 22.80000 0.01296 0.84865 11
-0.26418 -0.08552 0.01300 0 4.35000 10.85000 0.01296 0.98545 11
0.29050 -0.34990 0.01300 0 7.30000 3.17500 0.01296 1.08404 11
-0.25593 -0.21458 0.01300 0 3.57500 -6.60000 0.01296 1.22409 11
0.19011 0.33746 0.01300 0 -3.17500 -12.47500 0.01296 1.30234 11
-0.16171 -0.33615 0.01300 0 2.85000 -18.35000 0.01296 1.45480 11
0.05477 0.29851 0.01300 0 -3.35000 -20.95000 0.01296 1.52724 11
-0.01356 -0.43630 0.01300 0 1.70000 -21.80000 0.01296 1.67747 11
-0.05643 0.44445 0.01300 0 -3.15000 -21.90000 0.01296 1.74225 11
0.04336 -0.55500 0.01300 0 0.32500 -19.65000 0.01296 1.89409 11
0.04196 0.61103 0.01300 0 -2.80000 -19.72500 0.01296 1.95034 11
-0.05667 -0.54111 0.01300 0 0.10000 -21.95000 0.01296 2.09747 11
0.08094 0.58654 0.01300 0 -2.42500 -23.12500 0.01296 2.15154 11
0.06037 -0.58406 0.01300 0 0.40000 -23.32500 0.01296 2.29092 11
0.13944 0.78245 0.01300 0 -1.55000 -23.05000 0.01296 2.34242 11
-0.18184 -0.65977 0.01300 0 -1.95000 -28.27500 0.01296 2.49227 11
0.10034 0.89941 0.01300 0 -2.12500 -29.72500 0.01296 2.53649 11
-0.04369 -0.66274 0.01300 0 -2.85000 -31.92500 0.01296 2.67945 11
0.10493 0.99270 0.01300 0 -1.57500 -32.77500 0.01296 2.71763 11
-0.12918 -0.61630 0.01300 0 -1.77500 -36.15000 0.01296 2.84946 11
0.31112 0.70927 0.01300 0 -1.97500 -39.10000 0.01296 2.89565 11
-0.34579 -0.43999 0.01300 0 -1.80000 -49.72500 0.01296 3.01762 11
0.28516 0.57280 0.01300 0 -1.92500 -54.35000 0.01296 3.06600 11
-0.33236 -0.35245 0.01300 0 -1.47500 -63.90000 0.01296 3.18285 11
0.04150 0.06453 0.01300 0 -2.00000 62.80000 0.01296 0.26039 11
-0.02663 0.10102 0.01300 0 -1.20000 63.50000 0.01296 0.35620 11
0.04597 -0.00084 0.01300 0 -3.25000 64.47500 0.01296 0.51983 11
1.54043 -1.16216 0.01300 0 2.72500 49.45000 0.01296 2.35098 11
-1.47857 0.95549 0.01300 0 -1.60000 40.57500 0.01296 2.39259 11
0.88826 -0.84890 0.01300 0 0.87500 25.00000 0.01296 2.48033 11
-0.81581 0.83141 0.01300 0 -1.47500 17.45000 0.01296 2.52667 11
1.12774 -1.27224 0.01300 0 1.22500 4.12500 0.01296 2.61785 11
-1.35341 1.15538 0.01300 0 7.40000 -1.35000 0.01296 2.64679 11
-1.66442 1.38156 0.01300 0 -3.72500 -2.45000 0.01296 2.65212 11
0.85193 -0.73707 0.01300 0 1.12500 -20.75000 0.01296 2.73725 11
-0.78766 0.78447 0.01300 0 -1.95000 -27.77500 0.01296 2.78033 11
1.11889 -0.83218 0.01300 0 0.55000 -39.92500 0.01296 2.85665 11
-1.09387 0.76548 0.01300 0 7.45000 -46.90000 0.01296 2.89207 11
-1.14825 1.23741 0.01300 0 -3.80000 -47.67500 0.01296 2.89641 11
0.82692 -0.60805 0.01300 0 0.07500 -60.75000 0.01296 2.97256 11
-0.07283 -0.19510 0.01300 0 7.97500 62.70000 0.01296 0.25717 11
-0.09728 0.17493 0.01300 0 -4.02500 62.62500 0.01296 0.25976 11
0.07718 0.10633 0.01300 0 -3.17500 59.72500 0.01296 0.35789 11
-0.06586 -0.13216 0.01300 0 7.62500 54.32500 0.01296 0.50783 11
-0.03612 0.22672 0.01300 0 -4.35000 54.30000 0.01296 0.50995 11
0.02101 0.02842 0.01300 0 -3.37500 54.10000 0.01296 0.60945 11
-0.03355 -0.19022 0.01300 0 6.72500 52.22500 0.01296 0.74601 11
0.06325 -0.03463 0.01300 0 -2.82500 51.15000 0.01296 0.83880 11
-0.08353 -0.09349 0.01300 0 6.87500 47.12500 0.01296 0.96874 11
0.05396 0.05374 0.01300 0 -2.67500 46.35000 0.01296 1.06591 11
-0.01498 -0.15037 0.01300 0 6.15000 44.55000 0.01296 1.19739 11
0.04274 0.10046 0.01300 0 -2.12500 44.02500 0.01296 1.28362 11
-0.05609 -0.26696 0.01300 0 6.02500 40.37500 0.01296 1.42130 11
0.09409 0.13603 0.01300 0 -0.30000 38.82500 0.01296 1.49716 11
0.04781 -0.17210 0.01300 0 6.37500 38.40000 0.01296 1.62276 11
0.03256 0.09337 0.01300 0 0.07500 38.95000 0.01296 1.70083 11
-0.13859 -0.30744 0.01300 0 5.67500 34.15000 0.01296 1.82701 11
0.24936 0.12516 0.01300 0 0.47500 29.90000 0.01296 1.90063 11
-0.29894 -0.28547 0.01300 0 4.90000 19.10000 0.01296 2.02374 11
0.15603 0.13687 0.01300 0 -0.02500 14.47500 0.01296 2.09621 11
-0.15394 -0.39039 0.01300 0 4.25000 8.27500 0.01296 2.21780 11
0.13819 0.33890 0.01300 0 1.15000 5.62500 0.01296 2.27762 11
-0.21414 -0.48501 0.01300 0 3.95000 -0.25000 0.01296 2.40224 11
0.26297 0.29227 0.01300 0 1.57500 -4.40000 0.01296 2.46000 11
-0.54463 -0.68044 0.01300 0 2.62500 -16.85000 0.01296 2.58564 11
0.35135 0.46233 0.01300 0 2.05000 -22.12500 0.01296 2.63633 11
-0.29705 -0.74890 0.01300 0 2.20000 -30.40000 0.01296 2.76416 11
0.30990 0.57962 0.01300 0 2.25000 -32.47500 0.01296 2.80866 11
-0.37340 -0.65665 0.01300 0 1.55000 -43.42500 0.01296 2.93316 11
0.35421 0.48623 0.01300 0 1.77500 -47.07500 0.01296 2.97873 11
-0.36498 -0.57310 0.01300 0 2.00000 -55.65000 0.01296 3.09473 11
0.28518 0.38607 0.01300 0 2.87500 -60.17500 0.01296 3.13899 11
-0.10154 0.03419 0.01300 0 -3.47500 62.72500 0.01296 0.26072 11
0.08112 0.10548 0.01300 0 -2.05000 60.95000 0.01296 0.35274 11
-0.10764 -0.15499 0.01300 0 8.40000 57.15000 0.01296 0.50561 11
-0.01041 0.24383 0.01300 0 -3.57500 57.07500 0.01296 0.50877 11
-0.03783 0.01304 0.01300 0 -2.65000 59.10000 0.01296 0.60982 11
0.09832 0.00556 0.01300 0 8.12500 61.95000 0.01296 0.75049 11
0.06132 0.26459 0.01300 0 -3.77500 62.02500 0.01296 0.75336 11
-0.07870 -0.00013 0.01300 0 -2.20000 64.50000 0.01296 0.85291 11
-0.60807 -0.36474 0.01300 0 -2.42500 50.75000 0.01296 1.77477 11
0.59236 0.46224 0.01300 0 0.27500 44.25000 0.01296 1.81655 11
-0.42809 -0.21486 0.01300 0 -1.37500 33.07500 0.01296 1.91140 11
0.47455 0.21120 0.01300 0 -0.55000 27.22500 0.01296 1.96285 11
-0.38912 -0.09683 0.01300 0 -1.50000 18.12500 0.01296 2.04546 11
0.35713 0.11460 0.01300 0 -0.90000 14.87500 0.01296 2.09540 11
-0.63330 0.06975 0.01300 0 -2.25000 5.35000 0.01296 2.16554 11
0.46654 0.18484 0.01300 0 -0.22500 -2.70000 0.01296 2.21825 11
-0.47959 -0.30156 0.01300 0 -2.80000 -12.65000 0.01296 2.29274 11
0.46010 0.40765 0.01300 0 0.50000 -17.67500 0.01296 2.33117 11
-0.58426 -0.15348 0.01300 0 -3.42500 -28.52500 0.01296 2.40310 11
0.75321 0.31318 0.01300 0 0.85000 -34.37500 0.01296 2.43982 11
-0.38821 -0.19674 0.01300 0 -2.77500 -43.32500 0.01296 2.50667 11
0.38660 0.24189 0.01300 0 0.82500 -48.50000 0.01296 2.54664 11
-0.68688 -0.31855 0.01300 0 -3.00000 -54.75000 0.01296 2.60603 11
0.76165 0.33274 0.01300 0 2.57500 -59.92500 0.01296 2.63658 11
-0.94804 0.35848 0.02358 0 -1.72500 -3.37500 0.00193 1.38269 -11
1.98469 -1.79198 0.02358 0 7.10000 0.07500 0.00193 1.40065 -11
-1.63593 0.94416 0.02358 0 -2.77500 7.25000 0.00193 1.42900 -11
-2.48946 1.07177 0.02358 0 -2.80000 18.22500 0.00193 1.47806 -11
1.93858 -0.77664 0.02358 0 -4.40000 20.67500 0.00193 1.48839 -11
-0.89676 0.28651 0.02358 0 -1.87500 26.22500 0.00193 1.51413 -11
-2.41277 -1.76504 0.02358 0 -1.82500 32.05000 0.00193 1.55375 -11
-0.23203 -0.42113 0.00254 0 -3.22500 -62.87500 0.00200 1.09883 11
0.10625 0.47902 0.00254 0 -0.40000 -62.35000 0.00200 1.11120 11
0.00938 -0.32184 0.00254 0 -3.35000 -62.42500 0.00200 1.13029 11
0.02032 0.36532 0.00254 0 -0.57500 -62.70000 0.00200 1.14317 11
0.08561 -0.12158 0.00254 0 -3.17500 -61.12500 0.00200 1.15921 11
-0.07506 0.08132 0.00254 0 -0.42500 -61.50000 0.00200 1.17405 11
-0.20335 -0.81681 0.00254 0 -2.50000 -59.80000 0.00200 1.19471 11
0.38645 0.42113 0.00254 0 -0.72500 -59.37500 0.00200 1.20194 11
0.15851 -1.00430 0.00254 0 -2.82500 -58.47500 0.00200 1.21863 11
-0.42426 1.05460 0.00254 0 -1.30000 -58.92500 0.00200 1.22492 11
-18.03192 45.39507 0.00254 0 -2.37500 -59.80000 0.00200 1.24218 11
-0.57449 -0.60178 0.00254 0 -2.32500 -62.95000 0.00200 1.26196 11
2.50250 -1.72029 0.00593 0 7.07500 -60.72500 0.00211 0.82833 -11
-0.77757 -0.16634 0.00593 0 2.70000 -51.15000 0.00211 0.87905 -11
0.80116 -0.54785 0.00593 0 8.20000 -39.00000 0.00211 0.93558 -11
0.79958 -0.53042 0.00593 0 8.17500 -38.97500 0.00211 0.93576 -11
0.96652 0.14285 0.00593 0 -3.95000 -38.25000 0.00211 0.93951 -11
-1.87261 -0.66761 0.00593 0 2.55000 -28.57500 0.00211 0.98494 -11
4.40072 1.72215 0.00593 0 0.15000 -11.55000 0.00211 1.04940 -11
-1.25237 -0.23076 0.00593 0 0.75000 -9.70000 0.00211 1.05581 -11
0.76041 -0.30257 0.00593 0 7.17500 -0.92500 0.00211 1.10053 -11
-0.29183 -0.22228 0.00593 0 1.62500 2.22500 0.00211 1.13441 -11
0.55759 -0.38520 0.00593 0 7.17500 6.45000 0.00211 1.17559 -11
-0.43237 -0.91882 0.00593 0 0.07500 10.75000 0.00211 1.20204 -11
0.52340 -0.01202 0.00593 0 7.25000 15.37500 0.00211 1.24677 -11
-1.83050 -1.65917 0.00593 0 -2.12500 17.65000 0.00211 1.26007 -11
-3.94112 3.50251 0.00593 0 -3.15000 -64.80000 0.00211 0.81166 -11
-1.09831 1.27797 0.00593 0 -2.80000 -40.60000 0.00211 0.91984 -11
-0.67708 1.60980 0.00593 0 8.02500 -39.80000 0.00211 0.92567 -11
1.06904 -3.79734 0.00593 0 3.37500 -38.10000 0.00211 0.94301 -11
-0.56282 8.10090 0.00593 0 2.87500 -38.00000 0.00211 0.94471 -11
0.21169 -12.84382 0.00593 0 1.65000 -37.97500 0.00211 0.94923 -11
0.39039 2.16605 0.00593 0 4.12500 -37.40000 0.00211 1.02136 -11
-0.51876 -2.42705 0.00593 0 1.22500 -37.87500 0.00211 1.03156 -11
0.70731 3.14468 0.00593 0 4.60000 -41.85000 0.00211 1.09606 -11
-0.56245 -2.46108 0.00593 0 2.27500 -42.17500 0.00211 1.10402 -11
1.47303 3.63313 0.00593 0 4.12500 -43.45000 0.00211 1.16684 -11
-1.72449 -3.10877 0.00593 0 2.42500 -44.27500 0.00211 1.17317 -11
1.59654 2.13929 0.00593 0 4.17500 -52.37500 0.00211 1.22433 -11
-1.31145 -2.41993 0.00593 0 2.20000 -53.52500 0.00211 1.23221 -11
0.41161 2.20119 0.00593 0 4.82500 -57.82500 0.00211 1.27478 -11
-0.21459 -2.48920 0.00593 0 3.35000 -58.10000 0.00211 1.28011 -11
0.52733 2.02318 0.00593 0 6.02500 -58.57500 0.00211 1.31855 -11
-1.22204 -2.43438 0.00593 0 4.15000 -59.25000 0.00211 1.32559 -11
-21.59064 -78.92860 0.00593 0 5.97500 -62.62500 0.00211 1.35825 -11
-0.32858 5.60870 0.00593 0 4.45000 -62.40000 0.00211 1.36329 -11
1.74437 1.75889 0.00593 0 3.95000 -62.30000 0.00211 1.36607 -11
-0.77102 -0.82660 0.00593 0 2.90000 -63.00000 0.00211 1.37124 -11
-0.18408 -0.34553 0.00593 0 4.07500 -64.72500 0.00211 1.38322 -11
1.16822 1.32647 0.00593 0 3.02500 -63.72500 0.00211 1.39314 -11
1.02487 0.89801 0.00593 0 2.40000 -63.85000 0.00211 1.40271 -11
0.64837 -0.29017 0.00593 0 1.95000 -63.47500 0.00211 1.40813 -11
1.02789 1.39477 0.00593 0 2.92500 -38.07500 0.00211 0.94442 -11
-5.39062 -11.84128 0.00593 0 3.35000 -41.25000 0.00211 0.97965 -11
-0.46860 -2.69074 0.00593 0 3.87500 -44.75000 0.00211 1.04611 -11
0.34145 0.50214 0.00593 0 4.05000 -45.47500 0.00211 1.10268 -11
-10.12408 -15.45595 0.00593 0 4.75000 -48.40000 0.00211 1.12803 -11
-0.45203 -0.62063 0.00593 0 5.27500 -50.32500 0.00211 1.16710 -11
-0.98443 0.04027 0.00593 0 1.47500 -22.20000 0.00211 0.97770 -11
1.23859 -0.77240 0.00593 0 8.25000 -15.07500 0.00211 1.01285 -11
1.04390 0.17903 0.00593 0 -3.95000 -14.20000 0.00211 1.01696 -11
-1.05192 0.15623 0.00593 0 0.10000 -7.25000 0.00211 1.04758 -11
2.07513 -1.80152 0.00593 0 8.37500 -2.25000 0.00211 1.07170 -11
1.09289 -0.05782 0.00593 0 -4.17500 -1.25000 0.00211 1.07637 -11
-1.32462 0.11506 0.00593 0 -0.80000 6.22500 0.00211 1.10772 -11
10.32404 1.66130 0.00593 0 -4.02500 14.55000 0.00211 1.14107 -11
-0.88243 -0.32912 0.00593 0 -3.95000 14.90000 0.00211 1.14255 -11
0.04216 -0.02758 0.00593 0 -3.90000 15.12500 0.00211 1.14296 -11
1.16965 -0.48821 0.00593 0 8.10000 15.07500 0.00211 1.14587 -11
-0.29834 -0.18445 0.00593 0 5.10000 12.00000 0.00211 1.16965 -11
0.32594 0.38276 0.00593 0 -2.87500 9.70000 0.00211 1.19195 -11
-0.50512 -0.66187 0.00593 0 5.20000 8.12500 0.00211 1.21082 -11
0.51983 0.52625 0.00593 0 -3.10000 6.15000 0.00211 1.23424 -11
0.47357 0.56454 0.00593 0 8.17500 5.55000 0.00211 1.23900 -11
-0.51681 -0.54427 0.00593 0 5.22500 4.17500 0.00211 1.25227 -11
0.57470 -0.00102 0.00593 0 -3.75000 1.12500 0.00211 1.27222 -11
-1.21423 0.75830 0.00593 0 -4.45000 -30.92500 0.00211 0.93606 -11
-2.10955 0.81723 0.00593 0 3.25000 3.60000 0.00211 1.04700 -11
2.39791 -0.83991 0.00593 0 -0.37500 11.52500 0.00211 1.07703 -11
-1.73240 0.34068 0.00593 0 2.35000 30.40000 0.00211 1.14654 -11
1.76540 -0.27650 0.00593 0 -1.85000 40.15000 0.00211 1.18431 -11
-1.50294 0.94169 0.00593 0 1.82500 56.12500 0.00211 1.25096 -11
1.43453 -1.00322 0.00593 0 -2.25000 60.90000 0.00211 1.27317 -11
0.91293 -0.18452 0.00593 0 3.55000 61.50000 0.00211 1.52936 -11
-0.82362 0.04529 0.00593 0 0.05000 56.07500 0.00211 1.55707 -11
2.09194 0.48166 0.00593 0 3.35000 50.85000 0.00211 1.58299 -11
-2.17108 -0.64875 0.00593 0 1.97500 47.25000 0.00211 1.59658 -11
0.72148 0.63051 0.00593 0 4.90000 42.20000 0.00211 1.62343 -11
-0.69303 -0.62132 0.00593 0 2.07500 39.97500 0.00211 1.63743 -11
0.15197 1.38100 0.00593 0 4.65000 37.77500 0.00211 1.66719 -11
-0.12083 -1.23171 0.00593 0 2.47500 37.42500 0.00211 1.67540 -11
0.79532 -0.03981 0.00593 0 4.57500 35.65000 0.00211 1.70111 -11
-0.80052 -0.05805 0.00593 0 2.35000 32.50000 0.00211 1.71800 -11
-0.13545 2.22416 0.00593 0 4.17500 29.67500 0.00211 1.73338 -11
0.19623 -2.39508 0.00593 0 2.95000 29.87500 0.00211 1.73792 -11
-0.55502 0.46803 0.00593 0 4.90000 29.25000 0.00211 1.77829 -11
1.26977 -0.41395 0.00593 0 4.12500 30.80000 0.00211 1.78536 -11
-0.05063 -3.95768 0.00593 0 4.85000 30.55000 0.00211 1.79429 -11
2.57821 -0.78281 0.00145 0 2.27500 -36.15000 0.00066 0.18725 11
3.66754 -2.13330 0.00145 0 3.30000 -38.50000 0.00066 0.19647 11
0.59827 -0.61970 0.00145 0 3.45000 -38.65000 0.00066 0.19750 11
-0.55168 0.44667 0.00145 0 5.32500 -39.90000 0.00066 0.20695 11
-22.52933 22.07782 0.00145 0 3.85000 -43.02500 0.00066 0.22420 11
-0.42121 5.16303 0.00145 0 4.12500 -43.10000 0.00066 0.22514 11
0.29785 -0.60329 0.00145 0 4.65000 -30.17500 0.00066 0.47825 11
0.66235 1.22191 0.00145 0 5.30000 -29.95000 0.00066 0.48212 11
-0.23228 -0.42377 0.00763 0 4.72500 -54.25000 0.00745 0.48198 11
0.04676 -0.01103 0.00763 0 6.90000 -51.15000 0.00745 0.55761 11
-0.02819 -0.32326 0.00763 0 5.12500 -49.50000 0.00745 0.63040 11
-0.02747 -0.27213 0.00763 0 6.25000 -50.22500 0.00745 0.70581 11
-0.05084 -0.10830 0.00763 0 5.57500 -50.27500 0.00745 0.76307 11
-0.01603 -0.11619 0.00763 0 6.25000 -47.62500 0.00745 0.84030 11
0.08739 -0.30224 0.00763 0 5.65000 -49.00000 0.00745 0.90276 11
-0.09471 -0.22469 0.00763 0 5.90000 -50.70000 0.00745 0.97702 11
0.20435 -0.14524 0.00763 0 6.40000 -52.57500 0.00745 1.03305 11
-0.25046 -0.44891 0.00763 0 4.85000 -55.27500 0.00745 1.09972 11
0.33303 -0.03370 0.00763 0 6.97500 -58.72500 0.00745 1.14358 11
-0.22259 -0.24674 0.00763 0 -2.80000 -54.27500 0.00745 0.48115 11
0.36576 0.25876 0.00763 0 -1.72500 -48.92500 0.00745 0.54844 11
-0.41948 -0.21007 0.00763 0 -2.30000 -41.02500 0.00745 0.62110 11
0.49967 0.40949 0.00763 0 8.17500 -34.70000 0.00745 0.67214 11
0.59298 0.76273 0.00763 0 -3.25000 -34.17500 0.00745 0.67630 11
-0.60506 -0.56092 0.00763 0 -1.37500 -21.90000 0.00745 0.76156 11
0.12519 0.76798 0.00763 0 -2.07500 -18.12500 0.00745 0.81081 11
0.24544 -0.37086 0.00763 0 -1.60000 -19.37500 0.00745 0.88017 11
-0.58935 0.15769 0.00763 0 8.45000 -23.20000 0.00745 0.92715 11
-0.63412 0.47478 0.00763 0 -3.22500 -23.82500 0.00745 0.93130 11
0.32216 -0.31395 0.00763 0 -0.05000 -30.70000 0.00745 0.98786 11
-0.02984 0.48777 0.00763 0 -3.10000 -32.65000 0.00745 1.03069 11
0.17246 -0.58437 0.00763 0 0.22500 -33.30000 0.00745 1.08348 11
-0.12598 0.62721 0.00763 0 7.52500 -34.22500 0.00745 1.11285 11
-0.03345 0.78141 0.00763 0 -4.00000 -34.27500 0.00745 1.11566 11
0.08278 -0.55144 0.00763 0 -0.00000 -34.70000 0.00745 1.16986 11
-0.14847 0.56008 0.00763 0 7.15000 -35.72500 0.00745 1.19920 11
0.25978 -0.56126 0.00763 0 -0.05000 -38.85000 0.00745 1.25382 11
-0.22295 0.51241 0.00763 0 6.75000 -40.65000 0.00745 1.28237 11
-0.06337 -0.58650 0.00763 0 0.17500 -41.80000 0.00745 1.33835 11
0.10350 0.55020 0.00763 0 6.72500 -41.17500 0.00745 1.36501 11
-0.07518 -0.36537 0.00763 0 0.17500 -40.52500 0.00745 1.41787 11
-0.06290 0.04123 0.00763 0 8.02500 -40.77500 0.00745 1.45494 11
-0.20495 0.09695 0.00763 0 -3.95000 -40.90000 0.00745 1.45767 11
0.01034 0.15858 0.00763 0 1.22500 -42.07500 0.00745 1.49016 11
-0.28924 -0.27325 0.00763 0 7.35000 -43.67500 0.00745 1.52779 11
0.24424 0.32649 0.00763 0 1.37500 -44.67500 0.00745 1.55471 11
-0.58756 -0.66180 0.00763 0 6.77500 -48.42500 0.00745 1.59687 11
1.05669 1.08067 0.00763 0 2.67500 -50.90000 0.00745 1.61508 11
-0.30398 -1.20512 0.00763 0 6.42500 -53.67500 0.00745 1.65696 11
0.90016 1.23106 0.00763 0 2.85000 -55.22500 0.00745 1.67154 11
-1.68185 -1.43473 0.00763 0 4.87500 -63.05000 0.00745 1.71366 11
0.46906 0.51429 0.00763 0 2.45000 -64.57500 0.00745 1.72409 11
0.58330 -0.47111 0.00763 0 6.35000 -64.12500 0.00745 1.75285 11
