-83.99966 -33.50375 0.00241 0 2.07500 -60.90000 0.00221 1.41026 11
30.80531 6.22049 0.00241 0 1.55000 -58.45000 0.00221 1.43381 11
1.77997 1.34999 0.00790 0 -2.02500 -64.30000 0.00332 1.40520 11
-1.50408 -2.13497 0.00790 0 -1.72500 -63.90000 0.00332 1.40721 11
1.39731 3.15052 0.00790 0 -0.95000 -63.62500 0.00332 1.41032 11
-0.50003 -1.45000 0.00790 0 -0.97500 -34.80000 0.00332 1.56217 11
0.33363 1.26663 0.00790 0 0.32500 -34.55000 0.00332 1.56731 11
-12.34980 6.70927 0.00828 0 6.07500 -64.62500 0.00828 1.19265 11
1.76627 -0.94005 0.00828 0 -3.92500 49.47500 0.00828 1.63453 11
-1.12740 0.61809 0.00828 0 4.80000 53.95000 0.00828 1.65375 11
0.64711 -0.33646 0.00828 0 8.30000 60.55000 0.00828 1.68997 11
0.43805 -0.35016 0.00828 0 -4.00000 60.95000 0.00828 1.69330 11
-0.30377 0.09071 0.00828 0 3.52500 63.20000 0.00828 1.71272 11
-1.21914 0.81622 0.00828 0 6.10000 -64.37500 0.00828 1.19573 11
0.11071 -0.62347 0.00193 0 -2.12500 -64.12500 0.00166 1.38545 11
0.01724 0.59110 0.00193 0 0.37500 -64.25000 0.00166 1.39605 11
-1.09038 0.47155 0.00193 0 -2.30000 -63.57500 0.00166 1.41094 11
1.29656 -0.27545 0.00193 0 -0.57500 -60.07500 0.00166 1.42800 11
6.88436 -5.76645 0.00193 0 -1.92500 -56.77500 0.00166 1.44493 11
0.98255 -1.61258 0.00193 0 -2.60000 -57.42500 0.00166 1.47706 11
0.07784 0.95628 0.00193 0 -1.57500 -57.75000 0.00166 1.48144 11
-1.06865 0.66265 0.00193 0 -3.07500 -57.30000 0.00166 1.49161 11
0.45204 -0.58538 0.00193 0 -2.27500 -55.60000 0.00166 1.50413 11
0.55905 0.03183 0.00193 0 0.95000 -64.00000 0.00166 1.33964 11
-1.14638 -1.46263 0.00193 0 0.62500 -58.70000 0.00166 1.36019 11
0.36596 1.77219 0.00193 0 1.17500 -58.50000 0.00166 1.36296 11
0.11644 -0.75422 0.00193 0 -0.67500 -64.62500 0.00166 1.68268 11
-0.48186 0.15709 0.00193 0 -1.27500 -57.32500 0.00166 1.72522 11
0.70515 -0.07751 0.00193 0 0.12500 -56.20000 0.00166 1.73490 11
3.83581 12.38293 0.00193 0 0.57500 -64.47500 0.00166 1.34748 11
0.99525 0.72230 0.00193 0 -3.40000 -51.45000 0.00166 1.38678 11
-1.49432 -1.04490 0.00193 0 -2.60000 -53.07500 0.00166 1.39726 11
-1.88562 -7.35856 0.00193 0 -2.65000 -53.12500 0.00166 1.39770 11
0.70205 -0.52709 0.00193 0 6.55000 -63.17500 0.00166 1.40901 11
-0.97557 -0.25411 0.00193 0 4.97500 -61.40000 0.00166 1.41906 11
1.39379 0.35011 0.00193 0 5.87500 -60.12500 0.00166 1.42544 11
-2.14472 -3.28262 0.00193 0 6.30000 -60.30000 0.00166 1.42829 11
0.32601 0.90619 0.00193 0 5.97500 -61.57500 0.00166 1.45099 11
-0.13049 1.87780 0.00193 0 6.40000 -62.32500 0.00166 1.45664 11
0.86287 -0.05503 0.00193 0 6.85000 -62.10000 0.00166 1.46452 11
-0.68407 -0.69690 0.00438 0 -2.30000 -47.20000 0.00175 0.14616 11
0.76507 -0.12995 0.00438 0 6.52500 -49.42500 0.00175 0.16098 11
-0.97419 -0.78772 0.00438 0 -2.37500 -54.60000 0.00175 0.19019 11
0.62327 0.38377 0.00438 0 -3.90000 -58.92500 0.00175 0.20716 11
-0.44565 -0.39130 0.00438 0 -1.82500 -60.77500 0.00175 0.22336 11
1.06016 0.71728 0.00438 0 -3.35000 -62.12500 0.00175 0.23143 11
-0.11989 -0.75507 0.00438 0 -2.17500 -64.47500 0.00175 0.24527 11
-0.52270 -1.03105 0.00438 0 -2.25000 -64.30000 0.00175 0.24772 11
0.02938 0.77226 0.00438 0 -1.55000 -64.25000 0.00175 0.25123 11
1.56678 -1.31911 0.00389 0 -1.42500 58.92500 0.00383 0.58812 11
-1.39450 1.06953 0.00389 0 1.07500 56.02500 0.00383 0.60154 11
0.49367 -0.29073 0.00389 0 -3.05000 49.67500 0.00383 0.64008 11
-0.52664 0.37459 0.00389 0 1.57500 46.40000 0.00383 0.66389 11
0.05617 -0.36583 0.00389 0 -3.00000 43.10000 0.00383 0.70115 11
-0.10233 0.34470 0.00389 0 1.95000 42.82500 0.00383 0.72325 11
0.38579 -0.63284 0.00389 0 -2.35000 39.60000 0.00383 0.75904 11
-0.53393 0.58402 0.00389 0 1.55000 37.85000 0.00383 0.77582 11
1.03539 -2.03473 0.00389 0 -0.77500 32.15000 0.00383 0.81926 11
-1.32305 2.71102 0.00389 0 0.45000 31.50000 0.00383 0.82426 11
-2.35861 7.15477 0.00389 0 -1.32500 30.45000 0.00383 0.86581 11
1.29253 -0.54866 0.00389 0 -2.67500 26.97500 0.00383 0.88924 11
-2.20841 0.38720 0.00389 0 -1.50000 25.20000 0.00383 0.89731 11
2.54388 0.23374 0.00389 0 -3.55000 -44.57500 0.00383 2.13138 11
-2.51205 -0.40194 0.00389 0 -1.75000 -52.35000 0.00383 2.16024 11
1.35035 0.03074 0.00389 0 -4.15000 -59.42500 0.00383 2.18973 11
1.04010 -1.06206 0.00389 0 8.10000 -60.72500 0.00383 2.19499 11
-0.61874 -0.26548 0.00389 0 -1.00000 -63.65000 0.00383 2.21356 11
1.76404 5.43361 0.00389 0 -2.87500 -64.80000 0.00383 2.22192 11
0.36927 -1.83104 0.00389 0 -2.62500 -63.20000 0.00383 2.25567 11
1.49635 1.18079 0.00389 0 -3.37500 -63.40000 0.00383 2.25853 11
-0.49577 0.31554 0.00320 0 2.90000 -61.55000 0.00305 1.62598 11
1.42253 1.56061 0.00349 0 -3.22500 54.97500 0.00063 1.28302 11
0.62283 -0.21823 0.00213 0 4.17500 -64.87500 0.00180 1.27182 11
-0.60195 1.02591 0.00213 0 3.05000 -63.22500 0.00180 1.34610 11
-1.03430 2.64938 0.00213 0 3.70000 -59.77500 0.00180 1.52196 11
-0.70614 -0.72222 0.00213 0 4.17500 -63.27500 0.00180 1.54801 11
-2.10477 0.44150 0.00178 0 1.42500 -63.02500 0.00045 1.27212 11
2.14336 -1.34627 0.00178 0 2.02500 -55.95000 0.00045 1.30569 11
15.99449 -3.51819 0.00178 0 2.00000 -55.82500 0.00045 1.30621 11
1.98602 0.31429 0.00178 0 1.92500 -63.40000 0.00045 1.19670 11
-5.60935 -2.64703 0.00178 0 1.05000 -62.85000 0.00045 1.21525 11
1.26993 -0.15880 0.00178 0 7.95000 -64.22500 0.00045 1.11712 11
-1.44866 1.81030 0.00178 0 7.45000 -63.80000 0.00045 1.11985 11
-0.19884 0.49684 0.00178 0 7.30000 -55.17500 0.00045 1.18842 11
-1.31148 0.51742 0.00178 0 7.35000 -54.17500 0.00045 1.20841 11
0.52776 -0.04687 0.00178 0 8.17500 -51.92500 0.00045 1.22111 11
0.65496 -0.97734 0.00178 0 6.70000 -48.32500 0.00045 1.25418 11
0.77111 -1.42045 0.00178 0 -4.25000 1.80000 0.00045 1.61440 11
5.68354 -0.36188 0.00178 0 -4.35000 1.55000 0.00045 1.64443 11
-2.09877 -0.06405 0.00184 0 -3.60000 -62.62500 0.00104 0.47040 11
1.53688 -0.36650 0.00184 0 -1.85000 -57.50000 0.00104 0.49149 11
0.15613 1.54267 0.00184 0 -2.85000 -55.95000 0.00104 0.49924 11
6.89696 -4.63995 0.00184 0 -2.05000 -55.52500 0.00104 0.51435 11
0.94693 1.13120 0.00184 0 -1.35000 -54.35000 0.00104 0.52120 11
-0.89316 -1.32382 0.00184 0 -1.35000 -54.25000 0.00104 0.52220 11
0.36783 0.14188 0.00184 0 -0.72500 -53.80000 0.00104 0.52920 11
1.73263 0.38546 0.00145 0 -2.37500 -43.40000 0.00145 1.51756 11
-0.89877 -3.51533 0.00404 0 5.12500 -62.62500 0.00309 1.10804 11
0.89539 3.91810 0.00404 0 6.45000 -62.32500 0.00309 1.11274 11
0.34736 1.93797 0.00404 0 -3.00000 -61.87500 0.00309 1.12172 11
0.88450 1.91163 0.00404 0 -3.00000 -54.57500 0.00309 1.17377 11
0.29962 3.98858 0.00404 0 -3.65000 -55.02500 0.00309 1.22163 11
-0.37894 1.43202 0.00404 0 -3.32500 -55.52500 0.00309 1.26259 11
0.73984 -1.52453 0.00404 0 5.65000 -56.12500 0.00309 1.28836 11
-0.42357 1.44605 0.00404 0 7.45000 -56.92500 0.00309 1.29553 11
-0.20724 0.74037 0.00404 0 -3.97500 -57.02500 0.00309 1.29869 11
-0.21404 -0.63102 0.00404 0 5.20000 -56.80000 0.00309 1.32042 11
0.03726 0.46886 0.00404 0 7.72500 -56.32500 0.00309 1.33135 11
-0.18156 0.15090 0.00404 0 -4.02500 -56.42500 0.00309 1.33412 11
2.02161 -0.39435 0.00404 0 5.52500 -58.15000 0.00309 1.35391 11
6.38249 1.12189 0.00404 0 5.82500 -62.75000 0.00309 1.36749 11
-0.74116 -2.91330 0.00404 0 5.40000 -64.02500 0.00309 1.18491 11
1.20687 3.24423 0.00404 0 7.35000 -63.37500 0.00309 1.19195 11
-0.72617 -2.35499 0.00404 0 8.15000 -63.07500 0.00309 1.19510 11
0.36548 0.32591 0.00404 0 -0.20000 -61.32500 0.00309 1.21239 11
-0.45255 0.06745 0.00404 0 -4.35000 -58.55000 0.00309 1.24077 11
-0.57508 -0.61132 0.00404 0 7.85000 -58.17500 0.00309 1.24358 11
0.73484 -1.04861 0.00404 0 -0.60000 -54.72500 0.00309 1.27494 11
-0.06320 0.50993 0.00404 0 -2.37500 -54.32500 0.00309 1.28168 11
0.18662 -0.18610 0.00404 0 0.10000 -53.70000 0.00309 1.29960 11
0.38493 0.01210 0.00404 0 -2.10000 -54.75000 0.00309 1.31423 11
-0.24338 -0.11724 0.00404 0 -0.10000 -56.17500 0.00309 1.32809 11
-3.53736 3.86150 0.00404 0 -1.32500 -54.52500 0.00309 1.34305 11
-0.24783 1.08905 0.00404 0 -2.37500 -53.75000 0.00309 1.36293 11
0.70832 -0.65756 0.00404 0 -1.50000 -52.20000 0.00309 1.37528 11
0.04726 0.29886 0.00404 0 -2.25000 -52.85000 0.00309 1.38977 11
0.12461 -0.02747 0.00404 0 -1.60000 -52.55000 0.00309 1.39668 11
-1.80933 -1.27886 0.00404 0 -1.77500 -55.10000 0.00309 1.28420 11
-0.17663 -3.31539 0.00404 0 -2.10000 -54.47500 0.00309 1.30191 11
2.12208 -3.22778 0.00404 0 -1.97500 -54.50000 0.00309 1.30255 11
-0.25843 -0.58847 0.00589 0 0.72500 -64.42500 0.00571 0.42754 11
0.04528 0.58351 0.00589 0 8.40000 -63.05000 0.00571 0.45946 11
0.19783 0.85321 0.00589 0 -2.77500 -62.92500 0.00571 0.46411 11
-0.28045 -0.60168 0.00589 0 0.30000 -57.90000 0.00571 0.52990 11
0.07037 0.37079 0.00589 0 -2.87500 -56.40000 0.00571 0.56965 11
-0.08772 -0.20689 0.00589 0 1.40000 -54.70000 0.00571 0.61410 11
-0.25651 0.39932 0.00589 0 -1.32500 -54.67500 0.00571 0.65918 11
0.07669 -0.64058 0.00589 0 4.10000 -57.80000 0.00571 0.69964 11
-0.23512 0.34865 0.00589 0 -0.12500 -59.00000 0.00571 0.73370 11
-0.12798 -1.18227 0.00589 0 6.42500 -59.05000 0.00571 0.77592 11
-0.13293 0.46121 0.00589 0 -0.12500 -58.52500 0.00571 0.79942 11
0.29854 -0.76661 0.00589 0 -4.40000 -62.70000 0.00571 0.84138 11
-0.25851 0.65379 0.00589 0 0.07500 -63.90000 0.00571 0.85971 11
0.04796 -0.59637 0.00589 0 -4.50000 -64.55000 0.00571 0.89804 11
-0.06690 0.65252 0.00589 0 -0.07500 -64.87500 0.00571 0.91611 11
-0.29865 -1.19107 0.00589 0 4.15000 -64.52500 0.00571 0.42873 11
0.22279 0.78540 0.00589 0 1.17500 -62.65000 0.00571 0.46473 11
-0.83705 -1.79283 0.00589 0 4.85000 -55.35000 0.00571 0.54310 11
0.50872 0.83633 0.00589 0 0.52500 -51.60000 0.00571 0.57497 11
-0.53686 -1.08902 0.00589 0 4.17500 -44.47500 0.00571 0.64834 11
0.65354 0.56540 0.00589 0 0.40000 -40.27500 0.00571 0.68430 11
-0.77850 -0.50830 0.00589 0 4.82500 -28.82500 0.00571 0.74673 11
0.46455 -0.03981 0.00589 0 1.72500 -21.47500 0.00571 0.79849 11
-0.37673 -0.31403 0.00589 0 5.07500 -16.15000 0.00571 0.84575 11
0.10436 0.17851 0.00589 0 0.97500 -11.67500 0.00571 0.88960 11
-0.06847 -0.10738 0.00589 0 4.45000 -9.90000 0.00571 0.93027 11
0.22899 -0.07950 0.00589 0 0.77500 -8.12500 0.00571 0.97975 11
-0.09711 -0.39384 0.00589 0 4.95000 -5.27500 0.00571 1.01810 11
0.43768 -0.04135 0.00589 0 -0.57500 -1.35000 0.00571 1.05671 11
-0.92983 -0.09236 0.00589 0 6.17500 5.37500 0.00571 1.09021 11
0.88505 -0.60094 0.00589 0 -1.22500 15.62500 0.00571 1.13977 11
-0.41455 0.15149 0.00589 0 5.92500 18.60000 0.00571 1.16156 11
0.22404 -0.48077 0.00589 0 -0.82500 21.07500 0.00571 1.20344 11
0.06147 0.01532 0.00589 0 5.32500 20.97500 0.00571 1.22962 11
0.02979 -0.34542 0.00589 0 -1.65000 22.37500 0.00571 1.26678 11
-0.20686 0.28530 0.00589 0 5.27500 22.92500 0.00571 1.28909 11
-0.52894 -0.16781 0.00589 0 8.37500 21.90000 0.00571 1.31318 11
-0.14525 -0.13033 0.00589 0 -3.82500 21.62500 0.00571 1.31643 11
0.05749 -0.26686 0.00589 0 3.60000 22.52500 0.00571 1.33938 11
-0.05991 0.08343 0.00589 0 7.92500 22.20000 0.00571 1.36015 11
0.02783 -0.04204 0.00589 0 -4.10000 22.20000 0.00571 1.36274 11
-0.25245 0.29335 0.00589 0 3.82500 23.00000 0.00571 1.38180 11
0.29681 -0.56454 0.00589 0 7.60000 26.10000 0.00571 1.41298 11
-0.49681 1.27177 0.00589 0 4.52500 27.22500 0.00571 1.42663 11
0.78730 -1.34387 0.00589 0 6.40000 29.17500 0.00571 1.45785 11
0.20321 0.03182 0.00589 0 3.72500 29.40000 0.00571 1.46900 11
-0.31119 0.12711 0.00589 0 6.45000 28.02500 0.00571 1.48431 11
-0.59987 0.37604 0.00589 0 3.87500 27.00000 0.00571 1.49851 11
0.34171 -0.49133 0.00589 0 6.02500 29.37500 0.00571 1.51713 11
-0.70690 -1.30261 0.00589 0 4.22500 28.77500 0.00571 1.53445 11
0.60276 1.89293 0.00589 0 5.27500 29.20000 0.00571 1.53883 11
-0.38535 -0.81202 0.00589 0 2.02500 -64.45000 0.00571 0.42742 11
-0.16064 0.60968 0.00589 0 -1.07500 -62.87500 0.00571 0.46564 11
0.06447 -0.72375 0.00589 0 1.25000 -63.00000 0.00571 0.53191 11
0.01219 0.78736 0.00589 0 -1.72500 -63.32500 0.00571 0.56858 11
0.02563 -0.82592 0.00589 0 1.40000 -64.15000 0.00571 0.63573 11
-0.01063 0.91790 0.00589 0 -1.87500 -64.22500 0.00571 0.67084 11
-0.21126 -0.94880 0.00589 0 1.40000 -63.97500 0.00571 0.42777 11
0.15488 0.85810 0.00589 0 -1.12500 -62.35000 0.00571 0.46567 11
-0.11930 -0.64469 0.00589 0 1.00000 -61.40000 0.00571 0.53874 11
0.18609 0.61288 0.00589 0 8.40000 -60.05000 0.00571 0.56941 11
0.22424 0.68426 0.00589 0 -2.97500 -59.80000 0.00571 0.57357 11
-0.12859 -0.42748 0.00589 0 0.25000 -58.77500 0.00571 0.63395 11
-0.02631 0.50796 0.00589 0 -2.30000 -58.75000 0.00571 0.67582 11
-0.13857 -0.43351 0.00589 0 1.30000 -58.70000 0.00571 0.72780 11
-0.24883 0.50219 0.00589 0 -0.62500 -58.30000 0.00571 0.77175 11
0.35433 -0.75666 0.00589 0 5.27500 -63.77500 0.00571 0.82091 11
-0.44410 -0.91970 0.00589 0 1.67500 -64.55000 0.00571 0.42736 11
0.41807 0.85989 0.00589 0 -1.27500 -61.17500 0.00571 0.46480 11
-0.56080 -0.72430 0.00589 0 1.52500 -54.52500 0.00571 0.53808 11
0.71273 0.76662 0.00589 0 -1.60000 -49.22500 0.00571 0.57891 11
-0.57865 -0.73286 0.00589 0 2.15000 -38.97500 0.00571 0.65090 11
0.54525 0.73638 0.00589 0 -1.50000 -34.02500 0.00571 0.68897 11
-0.40204 -1.07025 0.00589 0 2.52500 -26.12500 0.00571 0.75997 11
0.35944 0.96525 0.00589 0 -1.40000 -23.62500 0.00571 0.79246 11
0.10881 -2.41866 0.00589 0 4.27500 -20.62500 0.00571 0.87130 11
-0.03723 2.75973 0.00589 0 7.35000 -20.77500 0.00571 0.88190 11
0.01166 1.86900 0.00589 0 -2.67500 -20.75000 0.00571 0.88904 11
0.48846 -2.56020 0.00589 0 3.72500 -23.47500 0.00571 0.96355 11
-0.65057 2.28730 0.00589 0 7.32500 -24.30000 0.00571 0.97617 11
-0.40885 1.88421 0.00589 0 -3.17500 -24.62500 0.00571 0.98192 11
0.51809 -2.89809 0.00589 0 5.05000 -30.15000 0.00571 1.04806 11
-0.51502 2.44319 0.00589 0 7.72500 -30.55000 0.00571 1.05728 11
-0.90072 0.67243 0.00589 0 -3.15000 -31.50000 0.00571 1.06329 11
0.93237 -0.89391 0.00589 0 4.90000 -38.20000 0.00571 1.09917 11
-0.81474 0.75309 0.00589 0 7.82500 -40.55000 0.00571 1.11294 11
-0.55622 0.72441 0.00589 0 -3.50000 -41.02500 0.00571 1.11691 11
0.72974 -0.89245 0.00589 0 4.90000 -45.72500 0.00571 1.14532 11
-0.61171 0.67623 0.00589 0 7.92500 -47.75000 0.00571 1.15908 11
-0.16527 0.11850 0.00589 0 -3.90000 -47.90000 0.00571 1.16197 11
-0.14556 -0.25147 0.00589 0 3.90000 -48.87500 0.00571 1.18375 11
0.22604 0.19804 0.00589 0 7.82500 -47.85000 0.00571 1.20323 11
0.01163 0.05390 0.00589 0 -4.12500 -47.75000 0.00571 1.20578 11
0.27328 -0.11655 0.00589 0 4.02500 -49.10000 0.00571 1.22635 11
-0.18363 0.02213 0.00589 0 7.65000 -50.35000 0.00571 1.24518 11
-0.02678 0.48341 0.00589 0 4.47500 -49.85000 0.00571 1.26023 11
0.89411 -0.13734 0.00589 0 -3.87500 -29.95000 0.00571 1.06161 11
4.44580 2.97002 0.00589 0 -4.20000 -29.87500 0.00571 1.06333 11
9.29666 2.04904 0.00589 0 -4.20000 -29.97500 0.00571 1.06443 11
0.21245 0.49550 0.00589 0 1.82500 -62.42500 0.00571 0.46843 11
-0.00479 -0.81834 0.00589 0 3.80000 -60.97500 0.00571 0.53604 11
0.03022 0.53029 0.00589 0 1.77500 -61.07500 0.00571 0.57852 11
0.43292 -1.42401 0.00589 0 4.67500 -61.27500 0.00571 0.65084 11
-0.46488 0.78186 0.00589 0 0.65000 -64.62500 0.00571 0.68392 11
-1.47806 -0.20154 0.00589 0 6.95000 -63.85000 0.00571 1.03124 11
-0.94694 0.47351 0.00589 0 7.52500 -48.62500 0.00571 1.09498 11
-0.25415 1.48424 0.00589 0 7.30000 -21.82500 0.00571 1.24930 11
2.16461 1.01985 0.00589 0 8.45000 -26.77500 0.00571 1.31011 11
0.10112 -0.17494 0.00589 0 -2.20000 -40.52500 0.00571 1.39093 11
-0.13672 -0.62468 0.00589 0 -3.20000 -38.50000 0.00571 1.40149 11
0.63840 0.99957 0.00589 0 -2.35000 -38.35000 0.00571 1.40525 11
-2.20053 5.99353 0.00589 0 -3.10000 -37.47500 0.00571 1.41411 11
-0.41950 -1.21625 0.00589 0 4.07500 -64.37500 0.00571 0.42818 11
0.31922 0.79990 0.00589 0 0.90000 -61.67500 0.00571 0.46377 11
-0.21526 -1.07013 0.00589 0 3.95000 -57.85000 0.00571 0.54055 11
0.12181 0.52177 0.00589 0 1.07500 -56.37500 0.00571 0.57823 11
0.03351 -0.71749 0.00589 0 3.52500 -55.85000 0.00571 0.64058 11
0.03965 0.56145 0.00589 0 0.72500 -55.80000 0.00571 0.67998 11
-0.18465 -0.78953 0.00589 0 4.00000 -54.00000 0.00571 0.74307 11
0.11464 0.42585 0.00589 0 0.25000 -52.62500 0.00571 0.77943 11
-0.04965 -1.11480 0.00589 0 4.25000 -49.57500 0.00571 0.83657 11
0.06518 0.77225 0.00589 0 -0.37500 -49.42500 0.00571 0.86565 11
0.06442 -0.99531 0.00589 0 4.65000 -48.22500 0.00571 0.92741 11
-0.23470 -0.26557 0.00589 0 -2.37500 -49.45000 0.00571 0.95514 11
-0.19447 0.15884 0.00589 0 3.72500 -47.92500 0.00571 0.97978 11
0.24440 -0.01290 0.00589 0 -2.07500 -45.95000 0.00571 1.01984 11
-0.52387 -0.05775 0.00589 0 4.10000 -43.15000 0.00571 1.04858 11
0.13679 0.09048 0.00589 0 -2.32500 -39.55000 0.00571 1.08312 11
-0.05809 -0.03612 0.00589 0 4.52500 -40.12500 0.00571 1.10659 11
0.60051 -1.35644 0.00589 0 -3.72500 -38.05000 0.00571 1.14256 11
-0.52014 0.03583 0.00589 0 5.50000 -36.82500 0.00571 1.15341 11
0.41680 -0.21530 0.00589 0 -2.35000 -32.90000 0.00571 1.18415 11
-0.44690 -0.18489 0.00589 0 6.12500 -31.25000 0.00571 1.20026 11
1.03530 -0.54014 0.00589 0 -2.05000 -27.27500 0.00571 1.22853 11
-1.82795 -0.55621 0.00589 0 7.47500 -24.25000 0.00571 1.24486 11
2.59203 -0.93733 0.00589 0 -3.05000 -18.37500 0.00571 1.26923 11
-1.45866 -0.35155 0.00589 0 6.67500 -15.57500 0.00571 1.28367 11
1.72300 0.02603 0.00589 0 7.90000 -12.05000 0.00571 1.29731 11
-1.23085 0.88169 0.00589 0 5.87500 -8.87500 0.00571 1.31247 11
1.82647 -2.61573 0.00589 0 7.00000 -3.80000 0.00571 1.33678 11
-1.22448 4.55901 0.00589 0 6.77500 -3.70000 0.00571 1.33763 11
-0.32498 -1.47770 0.00589 0 6.95000 -64.60000 0.00571 0.43101 11
-0.21698 0.39810 0.00589 0 4.12500 -63.25000 0.00571 0.46976 11
-0.24738 -0.65990 0.00589 0 -0.35000 -64.90000 0.00571 0.42799 11
-0.05537 0.63027 0.00589 0 -0.82500 -61.82500 0.00571 0.47764 11
0.03770 -0.33308 0.00589 0 -2.72500 -64.65000 0.00571 0.42810 11
0.01718 0.23463 0.00589 0 7.85000 -63.92500 0.00571 0.47611 11
0.04772 0.54374 0.00589 0 -3.85000 -63.90000 0.00571 0.47893 11
-0.12423 -0.19749 0.00589 0 -2.15000 -62.92500 0.00571 0.53776 11
0.07956 0.20608 0.00589 0 7.55000 -61.82500 0.00571 0.58352 11
0.11131 0.42560 0.00589 0 -4.25000 -61.75000 0.00571 0.58578 11
-0.25210 -0.07997 0.00589 0 -1.90000 -59.45000 0.00571 0.63662 11
0.20184 -0.01531 0.00589 0 7.12500 -54.77500 0.00571 0.68719 11
-0.32056 0.01655 0.00589 0 -1.62500 -50.22500 0.00571 0.73618 11
0.43005 -0.13397 0.00589 0 6.92500 -45.02500 0.00571 0.78757 11
-0.22272 0.21632 0.00589 0 -1.27500 -41.95000 0.00571 0.82673 11
0.16737 -0.27740 0.00589 0 6.87500 -39.47500 0.00571 0.87874 11
-0.21284 0.13024 0.00589 0 -1.12500 -37.92500 0.00571 0.91543 11
0.32743 -0.00663 0.00589 0 6.37500 -34.72500 0.00571 0.95723 11
-0.45641 0.08453 0.00589 0 -1.00000 -30.82500 0.00571 0.99535 11
0.69974 0.26292 0.00589 0 6.77500 -24.72500 0.00571 1.03981 11
-0.86224 -0.36490 0.00589 0 1.32500 -16.05000 0.00571 1.08356 11
0.91937 0.35684 0.00589 0 6.62500 -10.72500 0.00571 1.11259 11
-1.25743 -1.11535 0.00589 0 1.77500 -1.25000 0.00571 1.16265 11
1.05279 1.06486 0.00589 0 5.10000 1.77500 0.00571 1.17845 11
-1.10130 -1.34440 0.00589 0 0.57500 7.05000 0.00571 1.23289 11
1.30785 1.56041 0.00589 0 3.82500 9.40000 0.00571 1.24705 11
-1.68470 -1.91822 0.00589 0 1.00000 18.40000 0.00571 1.30329 11
1.01799 1.66254 0.00589 0 3.12500 20.17500 0.00571 1.31286 11
-0.15116 -0.56396 0.00589 0 -1.02500 18.42500 0.00571 1.35856 11
0.21401 0.52375 0.00589 0 4.00000 19.55000 0.00571 1.37984 11
0.57999 -0.44523 0.00589 0 -0.60000 20.27500 0.00571 1.42049 11
-0.65129 0.50749 0.00589 0 3.62500 17.17500 0.00571 1.44136 11
0.29503 -0.80613 0.00589 0 -0.02500 12.22500 0.00571 1.48105 11
-0.24905 0.72313 0.00589 0 3.97500 11.40000 0.00571 1.49711 11
0.16509 -0.12017 0.00589 0 -0.52500 9.15000 0.00571 1.52832 11
-0.17896 0.15232 0.00589 0 4.15000 7.72500 0.00571 1.55222 11
-0.04918 -0.04646 0.00589 0 -0.52500 7.42500 0.00571 1.58068 11
0.34002 -0.25563 0.00589 0 3.32500 8.35000 0.00571 1.60475 11
0.23275 0.27100 0.00589 0 -0.60000 9.15000 0.00571 1.62368 11
-1.05611 -0.97293 0.00589 0 3.20000 5.20000 0.00571 1.65373 11
-0.04102 0.43526 0.00589 0 0.47500 4.20000 0.00571 1.66534 11
0.01288 -0.52236 0.00589 0 3.42500 4.82500 0.00571 1.68553 11
0.61793 0.05452 0.00589 0 0.47500 4.42500 0.00571 1.70012 11
-0.70071 -0.14834 0.00589 0 2.85000 1.82500 0.00571 1.71663 11
1.02764 0.80402 0.00589 0 0.90000 -1.12500 0.00571 1.73129 11
3.64288 0.23694 0.00589 0 1.22500 -5.97500 0.00571 1.75397 11
-0.16465 0.51642 0.00589 0 2.12500 -7.07500 0.00571 1.77546 11
-0.88706 0.61279 0.00589 0 0.25000 -5.62500 0.00571 1.78870 11
1.01997 -1.61113 0.00589 0 0.95000 1.20000 0.00571 1.82962 11
-0.58582 1.11966 0.00589 0 0.62500 1.42500 0.00571 1.83136 11
0.45042 -0.61895 0.00589 0 1.75000 2.37500 0.00571 1.84429 11
-0.21837 -0.66079 0.00589 0 -4.05000 -64.62500 0.00571 0.42830 11
0.70966 0.29673 0.00589 0 6.02500 -56.97500 0.00571 0.47896 11
-0.95834 -0.40745 0.00589 0 -2.32500 -46.60000 0.00571 0.54688 11
1.04519 0.05050 0.00589 0 4.07500 -37.85000 0.00571 0.58859 11
-0.63932 0.03411 0.00589 0 -2.80000 -29.35000 0.00571 0.63242 11
0.59598 0.09205 0.00589 0 4.85000 -23.25000 0.00571 0.67663 11
-0.63511 -0.30838 0.00589 0 -2.50000 -15.67500 0.00571 0.72781 11
1.61879 -0.19420 0.00589 0 3.90000 -5.37500 0.00571 0.77538 11
-1.92897 -0.11318 0.00589 0 0.02500 3.25000 0.00571 0.80923 11
1.89856 0.11524 0.00589 0 3.42500 12.92500 0.00571 0.84578 11
-1.35428 -0.26995 0.00589 0 -0.60000 22.27500 0.00571 0.88364 11
1.56880 0.35864 0.00589 0 3.35000 29.20000 0.00571 0.91265 11
-2.30989 0.39806 0.00589 0 0.02500 37.55000 0.00571 0.94557 11
2.65437 -0.92154 0.00589 0 2.00000 50.22500 0.00571 0.99153 11
-2.92044 0.40694 0.00589 0 -0.65000 58.40000 0.00571 1.02141 11
-0.43077 -0.53370 0.00589 0 -2.60000 -64.65000 0.00571 0.42818 11
0.18070 0.47793 0.00589 0 5.72500 -61.65000 0.00571 0.46425 11
-0.25150 -0.65546 0.00589 0 -2.82500 -58.82500 0.00571 0.53368 11
0.24318 0.72435 0.00589 0 5.07500 -57.00000 0.00571 0.56543 11
-0.26749 -1.14235 0.00589 0 -1.37500 -51.30000 0.00571 0.64191 11
0.17984 1.11378 0.00589 0 4.82500 -50.22500 0.00571 0.66493 11
-0.24081 -1.01455 0.00589 0 -1.07500 -46.20000 0.00571 0.74192 11
0.22409 1.01649 0.00589 0 5.32500 -45.00000 0.00571 0.76607 11
-0.19937 -1.11124 0.00589 0 -0.92500 -40.20000 0.00571 0.83725 11
0.18914 0.92685 0.00589 0 4.77500 -39.07500 0.00571 0.85848 11
-0.47021 -0.67314 0.00589 0 -2.00000 -34.97500 0.00571 0.92344 11
0.49320 0.60654 0.00589 0 4.72500 -31.77500 0.00571 0.95246 11
-0.24221 -0.69383 0.00589 0 -2.17500 -25.95000 0.00571 1.01084 11
0.24134 0.66931 0.00589 0 4.67500 -24.50000 0.00571 1.03851 11
-0.38373 -0.63485 0.00589 0 -1.90000 -19.85000 0.00571 1.09667 11
0.56765 0.69113 0.00589 0 4.57500 -17.40000 0.00571 1.12388 11
-0.99311 -1.13148 0.00589 0 1.37500 -10.40000 0.00571 1.17214 11
1.00681 1.09822 0.00589 0 4.55000 -8.25000 0.00571 1.18597 11
0.05671 -1.08394 0.00589 0 2.12500 -1.25000 0.00571 1.23341 11
-0.08242 1.04425 0.00589 0 5.52500 -1.27500 0.00571 1.24597 11
0.79306 -1.10156 0.00589 0 2.10000 -5.20000 0.00571 1.28488 11
-0.68794 0.93903 0.00589 0 5.32500 -7.02500 0.00571 1.29866 11
0.63941 -0.64703 0.00589 0 1.92500 -11.30000 0.00571 1.33332 11
-0.73298 0.57566 0.00589 0 5.27500 -13.52500 0.00571 1.34895 11
0.73127 -0.59475 0.00589 0 1.50000 -16.22500 0.00571 1.37809 11
-1.00612 0.81564 0.00589 0 4.40000 -18.57500 0.00571 1.39233 11
0.85757 -0.23742 0.00589 0 2.02500 -24.52500 0.00571 1.42072 11
-0.83170 0.25858 0.00589 0 5.15000 -27.60000 0.00571 1.43951 11
-0.26541 -1.37069 0.00589 0 4.37500 -35.45000 0.00571 1.47308 11
0.06587 1.84656 0.00589 0 5.92500 -35.25000 0.00571 1.47889 11
0.00943 -0.60696 0.00589 0 3.52500 -33.87500 0.00571 1.49802 11
-0.30592 0.86068 0.00589 0 5.70000 -34.32500 0.00571 1.50722 11
0.39934 -0.28472 0.00589 0 3.52500 -35.05000 0.00571 1.52217 11
-0.64510 -0.05766 0.00589 0 5.35000 -37.40000 0.00571 1.53660 11
1.41265 -0.61751 0.00589 0 3.62500 -38.57500 0.00571 1.54647 11
-1.17152 0.25897 0.00589 0 4.40000 -39.67500 0.00571 1.55168 11
-0.48142 1.46013 0.00589 0 4.25000 -39.72500 0.00571 1.55256 11
0.75445 -1.13039 0.00589 0 5.27500 -38.37500 0.00571 1.56626 11
-0.31990 0.53146 0.00153 0 4.57500 -17.40000 0.00147 1.12396 11
1.67125 -0.63267 0.00153 0 2.02500 -18.42500 0.00147 1.13965 11
-1.87992 0.96888 0.00153 0 3.22500 -20.42500 0.00147 1.14848 11
-0.20436 0.60817 0.00153 0 3.50000 -20.82500 0.00147 1.15054 11
0.57409 -0.71853 0.00153 0 5.02500 -19.60000 0.00147 1.16596 11
-0.77822 1.00485 0.00153 0 4.77500 -19.42500 0.00147 1.16712 11
0.80312 -0.67838 0.00153 0 5.87500 -17.65000 0.00147 1.18081 11
0.00230 -0.90944 0.00589 0 3.42500 -64.60000 0.00571 0.42848 11
0.08718 0.71070 0.00589 0 2.62500 -64.42500 0.00571 0.47295 11
-0.06238 -1.67971 0.00589 0 6.25000 -63.65000 0.00571 0.54794 11
0.05349 0.70640 0.00589 0 2.17500 -63.07500 0.00571 0.57908 11
-0.11760 0.94031 0.00589 0 2.15000 -64.12500 0.00571 0.68010 11
-0.24577 -0.85926 0.00589 0 3.60000 -64.27500 0.00571 0.42845 11
0.07037 0.54351 0.00589 0 1.62500 -62.47500 0.00571 0.47082 11
0.04579 -1.44073 0.00589 0 4.62500 -62.37500 0.00571 0.54516 11
-0.13349 0.83379 0.00589 0 1.02500 -62.82500 0.00571 0.57765 11
1.41097 -0.13102 0.00589 0 -0.72500 -62.30000 0.00571 1.80937 11
-1.75515 0.28614 0.00589 0 -2.67500 -58.00000 0.00571 1.82655 11
1.62681 -0.17048 0.00589 0 -0.70000 -51.65000 0.00571 1.85222 11
0.00898 0.06174 0.00589 0 -4.15000 -49.35000 0.00571 1.87357 11
0.43373 -0.04387 0.00589 0 8.05000 -49.45000 0.00571 1.87633 11
-1.35208 -2.91956 0.00589 0 6.35000 -63.85000 0.00571 0.43080 11
0.74975 1.00536 0.00589 0 0.75000 -60.07500 0.00571 0.45762 11
-2.35458 -3.46634 0.00589 0 6.50000 -49.07500 0.00571 0.53590 11
2.58815 3.96611 0.00589 0 8.47500 -47.70000 0.00571 0.54377 11
0.80701 1.00495 0.00589 0 -0.42500 -45.62500 0.00571 0.55761 11
-0.79008 -1.02805 0.00589 0 4.02500 -37.45000 0.00571 0.62413 11
0.72920 0.68414 0.00589 0 -1.00000 -32.45000 0.00571 0.65683 11
-0.59635 -0.94590 0.00589 0 3.77500 -23.50000 0.00571 0.71689 11
0.70329 0.74581 0.00589 0 -1.07500 -19.50000 0.00571 0.74869 11
-1.63701 -1.42843 0.00589 0 6.02500 -6.27500 0.00571 0.81490 11
0.96039 0.69129 0.00589 0 -0.42500 -1.10000 0.00571 0.84289 11
-0.27746 -1.17386 0.00589 0 4.87500 6.77500 0.00571 0.88990 11
0.17410 0.63957 0.00589 0 0.02500 7.72500 0.00571 0.91883 11
0.09329 -1.33228 0.00589 0 5.37500 10.65000 0.00571 0.97893 11
-0.14327 0.68750 0.00589 0 0.17500 9.97500 0.00571 1.00626 11
0.23309 -1.06058 0.00589 0 5.17500 8.10000 0.00571 1.06105 11
-0.23944 0.77946 0.00589 0 -0.30000 6.62500 0.00571 1.08791 11
0.52358 -0.88470 0.00589 0 5.05000 2.55000 0.00571 1.13483 11
-0.39197 0.45937 0.00589 0 -0.50000 -0.45000 0.00571 1.16458 11
0.18937 -0.60778 0.00589 0 5.15000 -5.05000 0.00571 1.20947 11
-0.11061 -0.06178 0.00589 0 -0.70000 -6.35000 0.00571 1.24162 11
0.29838 -0.12977 0.00589 0 5.10000 -9.87500 0.00571 1.27373 11
-0.18378 -0.11984 0.00589 0 -0.82500 -12.50000 0.00571 1.31177 11
0.29181 -0.09804 0.00589 0 5.25000 -14.22500 0.00571 1.34024 11
-1.16371 -0.56321 0.00589 0 -1.72500 -18.75000 0.00571 1.37888 11
0.60778 0.17309 0.00589 0 6.35000 -23.25000 0.00571 1.40222 11
-0.30981 -1.67446 0.00589 0 4.02500 -64.92500 0.00571 0.42789 11
0.26924 1.14574 0.00589 0 -0.20000 -63.67500 0.00571 0.45696 11
-0.59161 -2.05729 0.00589 0 5.35000 -56.10000 0.00571 0.54171 11
0.41508 0.86250 0.00589 0 0.62500 -53.77500 0.00571 0.57001 11
-2.17403 -3.57482 0.00589 0 4.62500 -48.62500 0.00571 0.64235 11
2.09613 4.05735 0.00589 0 6.25000 -47.65000 0.00571 0.64893 11
0.02928 1.94356 0.00589 0 -3.75000 -46.82500 0.00571 0.65617 11
0.48111 -1.39028 0.00589 0 2.57500 -51.02500 0.00571 0.71967 11
-0.52079 1.51793 0.00589 0 6.65000 -52.42500 0.00571 0.73496 11
0.22401 -1.28717 0.00589 0 2.17500 -56.10000 0.00571 0.79904 11
-0.18716 1.32036 0.00589 0 6.65000 -56.70000 0.00571 0.81530 11
-0.08051 -1.01959 0.00589 0 1.87500 -57.05000 0.00571 0.87600 11
0.17239 1.14315 0.00589 0 6.92500 -56.75000 0.00571 0.89485 11
0.27892 1.86952 0.00589 0 -4.30000 -56.65000 0.00571 0.89798 11
-0.05302 -1.71986 0.00589 0 3.75000 -56.02500 0.00571 0.94875 11
-0.00372 1.68071 0.00589 0 6.65000 -56.05000 0.00571 0.95901 11
0.62576 -1.26568 0.00589 0 3.47500 -61.52500 0.00571 1.00645 11
-0.45302 1.15977 0.00589 0 7.00000 -62.65000 0.00571 1.02003 11
-0.31558 -1.17595 0.00589 0 5.27500 -62.92500 0.00571 2.29543 11
0.44972 0.95655 0.00589 0 6.75000 -62.57500 0.00571 2.30121 11
-2.94065 -1.29494 0.00589 0 6.00000 -58.20000 0.00571 2.32444 11
34.81892 5.26335 0.00589 0 6.75000 -56.57500 0.00571 2.33428 11
-3.47209 0.03317 0.00589 0 6.90000 -55.77500 0.00571 2.33733 11
-9.48830 -0.85073 0.00589 0 7.65000 -46.20000 0.00571 2.38257 11
0.03576 0.39217 0.00589 0 8.32500 -42.25000 0.00571 2.40999 11
-0.36114 1.68178 0.00589 0 4.95000 -48.27500 0.00571 0.64418 11
-0.22899 -0.82226 0.00589 0 1.65000 -64.57500 0.00571 0.42771 11
0.17693 0.82094 0.00589 0 -0.60000 -62.52500 0.00571 0.46793 11
-0.12938 -1.02779 0.00589 0 2.00000 -61.05000 0.00571 0.54309 11
0.09024 0.87486 0.00589 0 -0.90000 -60.32500 0.00571 0.57889 11
-0.05035 -0.98990 0.00589 0 1.77500 -60.87500 0.00571 0.65079 11
-0.00477 0.94333 0.00589 0 -1.40000 -60.60000 0.00571 0.68564 11
-0.03997 -1.08384 0.00589 0 3.12500 -59.30000 0.00571 0.76454 11
0.06913 0.87241 0.00589 0 -0.92500 -58.92500 0.00571 0.79566 11
-0.24174 -1.29359 0.00589 0 3.37500 -57.82500 0.00571 0.86208 11
0.16047 0.90918 0.00589 0 -1.35000 -56.77500 0.00571 0.89017 11
-0.12320 -1.33592 0.00589 0 3.57500 -52.57500 0.00571 0.95434 11
0.11265 1.51061 0.00589 0 8.32500 -52.15000 0.00571 0.97134 11
-0.03896 1.28609 0.00589 0 -1.62500 -52.22500 0.00571 0.97948 11
0.04644 -1.29138 0.00589 0 4.25000 -51.87500 0.00571 1.04301 11
-0.04594 0.93501 0.00589 0 -0.97500 -52.10000 0.00571 1.06927 11
0.25682 -1.97907 0.00589 0 4.72500 -52.35000 0.00571 1.12612 11
-0.33339 2.13073 0.00589 0 7.92500 -52.65000 0.00571 1.13734 11
-0.71569 1.32151 0.00589 0 -2.12500 -53.42500 0.00571 1.14533 11
0.48689 -3.43387 0.00589 0 6.22500 -60.77500 0.00571 1.20562 11
-0.61114 3.15909 0.00589 0 7.95000 -61.05000 0.00571 1.21156 11
-0.46418 1.08681 0.00589 0 -2.45000 -61.72500 0.00571 1.21845 11
-0.50652 -0.97730 0.00589 0 4.60000 -59.90000 0.00571 1.26187 11
0.79516 1.23919 0.00589 0 8.35000 -58.50000 0.00571 1.27658 11
1.17319 0.62081 0.00589 0 -2.55000 -57.17500 0.00571 1.28366 11
-3.56002 0.22159 0.00589 0 7.40000 -50.42500 0.00571 1.30964 11
-0.67878 0.53344 0.00589 0 4.35000 -33.57500 0.00571 1.37685 11
-0.32613 -0.54565 0.00589 0 -4.42500 -63.85000 0.00571 0.42924 11
-0.02386 0.31569 0.00589 0 4.75000 -61.20000 0.00571 0.46952 11
0.16372 -0.94575 0.00589 0 7.15000 -61.65000 0.00571 0.53525 11
-0.21221 0.35222 0.00589 0 3.77500 -64.32500 0.00571 0.57431 11
0.05165 0.67144 0.00164 0 7.27500 -63.42500 0.00162 1.16743 11
-0.08616 0.73180 0.00164 0 6.95000 -63.22500 0.00162 1.19586 11
-0.30743 -1.09281 0.00589 0 6.00000 -64.27500 0.00571 0.43026 11
0.28618 0.36494 0.00589 0 3.40000 -61.32500 0.00571 0.47107 11
-0.31755 -0.80520 0.00589 0 5.97500 -56.37500 0.00571 0.53412 11
0.19930 0.17205 0.00589 0 3.17500 -53.30000 0.00571 0.57728 11
-0.10309 -0.59269 0.00589 0 5.62500 -51.52500 0.00571 0.63109 11
-0.14035 0.02334 0.00589 0 2.20000 -52.70000 0.00571 0.67527 11
0.31252 0.25442 0.00589 0 -4.37500 -57.05000 0.00571 0.70952 11
0.35025 -0.31876 0.00589 0 7.65000 -57.25000 0.00571 0.71177 11
0.02052 -0.11091 0.00589 0 2.67500 -58.50000 0.00571 0.75138 11
-0.18116 0.15946 0.00589 0 -3.40000 -58.62500 0.00571 0.77845 11
0.00018 -0.20083 0.00589 0 2.30000 -59.17500 0.00571 0.81273 11
0.07683 0.34305 0.00589 0 -3.10000 -60.17500 0.00571 0.83644 11
-0.01894 -0.26422 0.00589 0 1.70000 -60.50000 0.00571 0.86946 11
0.02803 -0.41119 0.00589 0 -3.55000 -61.67500 0.00571 0.89592 11
0.02243 0.53801 0.00589 0 1.12500 -61.62500 0.00571 0.91556 11
-0.24290 -0.95968 0.00589 0 -3.32500 -60.32500 0.00571 0.95163 11
0.30211 0.78974 0.00589 0 -0.00000 -59.32500 0.00571 0.96462 11
-0.29308 -0.31202 0.00589 0 -4.17500 -57.32500 0.00571 0.99917 11
0.40441 0.42562 0.00589 0 0.07500 -55.35000 0.00571 1.01935 11
-0.12445 -0.12460 0.00589 0 -4.32500 -54.00000 0.00571 1.04322 11
