0.81280 -0.32052 0.01140 0 -3.47500 14.30000 0.01114 0.48666 -11
-0.84106 0.14189 0.01140 0 -2.30000 1.77500 0.01114 0.56943 -11
1.35567 -0.46188 0.01140 0 7.15000 -8.72500 0.01114 0.62529 -11
-2.49001 0.85941 0.01140 0 0.57500 -29.82500 0.01114 0.71323 -11
10.60871 -3.17026 0.01140 0 3.82500 -36.60000 0.01114 0.73902 -11
-1.05712 -0.57513 0.00588 0 1.05000 58.87500 0.00585 1.42071 11
1.86484 0.44404 0.00588 0 -2.77500 53.47500 0.00585 1.44580 11
-1.88685 -0.74484 0.00588 0 -0.57500 42.95000 0.00585 1.48612 11
9.65175 1.54409 0.00588 0 -2.57500 37.40000 0.00585 1.50699 11
115.54893 21.28909 0.00588 0 -2.45000 24.57500 0.00585 1.55101 11
23.29056 4.67373 0.00588 0 -2.05000 -16.72500 0.00585 1.69830 11
-7.77013 -0.42604 0.00588 0 -1.32500 -23.15000 0.00585 1.72172 11
5.36828 -0.25356 0.00588 0 -1.37500 -23.55000 0.00585 1.72305 11
-4.61601 2.65154 0.00588 0 -1.10000 -24.62500 0.00585 1.72691 11
1.37028 0.02531 0.00588 0 -2.50000 -29.05000 0.00585 1.75166 11
-3.58773 1.12427 0.00588 0 -0.85000 -32.75000 0.00585 1.76866 11
-26.90590 36.48758 0.00588 0 -0.80000 -32.82500 0.00585 1.76910 11
-0.36423 1.54683 0.00325 0 5.10000 -56.15000 0.00154 0.24165 11
-0.33968 -1.76310 0.00325 0 4.70000 -49.57500 0.00154 0.29193 11
2.13477 2.67850 0.00325 0 3.57500 -49.50000 0.00154 0.30494 11
0.79091 0.52808 0.00274 0 7.62500 -39.00000 0.00129 0.12645 11
0.59869 0.47987 0.00274 0 7.62500 -39.02500 0.00129 0.12667 11
1.16806 -0.38616 0.00274 0 7.67500 -44.52500 0.00129 0.17353 11
-2.48188 -1.14282 0.00274 0 -2.80000 -50.17500 0.00129 0.19835 11
11.59262 -5.92972 0.00274 0 -2.25000 -51.45000 0.00129 0.20201 11
3.48486 -5.93535 0.00274 0 -2.30000 -57.60000 0.00129 0.23280 11
-0.90963 3.37502 0.00274 0 -2.17500 -57.62500 0.00129 0.23326 11
0.35283 -0.38674 0.00274 0 -2.40000 -60.00000 0.00129 0.25624 11
-0.29155 0.07062 0.00274 0 -1.07500 -60.85000 0.00129 0.26524 11
3.23695 -0.32329 0.00917 0 2.32500 -46.97500 0.00261 0.13028 11
0.66044 -1.39022 0.00983 0 5.52500 -61.80000 0.00979 0.97258 -11
-0.54202 0.83743 0.00983 0 3.95000 -51.22500 0.00979 1.07422 -11
-1.00638 -0.33915 0.01340 0 7.25000 -61.65000 0.00074 0.95757 11
1.44433 -0.29859 0.01340 0 0.25000 -53.45000 0.00074 0.99811 11
-1.13173 0.68815 0.01340 0 -2.67500 -45.02500 0.00074 1.02923 11
1.45655 -1.19593 0.01340 0 -0.27500 -34.82500 0.00074 1.07641 11
-1.34303 0.65963 0.01340 0 -2.90000 -32.57500 0.00074 1.08852 11
0.60048 -0.26794 0.01340 0 0.82500 -25.57500 0.00074 1.12514 11
-1.47807 0.33691 0.01340 0 -2.82500 -21.50000 0.00074 1.14572 11
1.54044 -0.44359 0.01340 0 0.22500 -13.15000 0.00074 1.18059 11
-4.08192 2.74527 0.01340 0 -1.02500 -11.62500 0.00074 1.18784 11
-0.90821 0.20918 0.01985 0 2.00000 -61.15000 0.00238 1.09991 11
0.84417 -0.32284 0.01985 0 1.70000 -39.70000 0.00238 1.21265 11
-0.96921 0.04050 0.01985 0 2.50000 -25.07500 0.00238 1.28183 11
1.11945 -0.04464 0.01985 0 0.75000 -5.55000 0.00238 1.37066 11
-1.11529 -0.08304 0.01985 0 2.60000 11.10000 0.00238 1.44395 11
0.85525 -0.03883 0.01985 0 1.15000 29.42500 0.00238 1.52995 11
-0.80471 0.12553 0.01985 0 2.07500 40.77500 0.00238 1.59132 11
1.02296 -0.45309 0.01985 0 0.15000 59.45000 0.00238 1.69013 11
-0.45201 -1.18361 0.00525 0 1.87500 -62.57500 0.00162 1.18940 11
0.66036 1.39600 0.00525 0 4.30000 -61.77500 0.00162 1.19905 11
-0.70022 0.02180 0.00496 0 -3.72500 -61.15000 0.00049 2.60855 -11
-1.12446 -0.28633 0.00496 0 8.27500 -60.47500 0.00049 2.61240 -11
0.65197 -1.21030 0.07782 0 8.35000 -44.52500 0.00652 1.36277 11
-0.31339 1.21580 0.07782 0 -2.95000 -42.30000 0.00652 1.40399 11
-0.16594 0.32929 0.07782 0 8.30000 -42.05000 0.00652 1.40832 11
-0.20810 1.64470 0.07782 0 -0.85000 -36.05000 0.00652 1.58929 11
0.29910 -2.60980 0.07782 0 6.92500 -31.22500 0.00652 1.74990 11
0.38554 1.53953 0.07782 0 2.30000 -30.60000 0.00652 1.76569 11
-0.59362 -1.69346 0.07782 0 -3.10000 -39.20000 0.00652 1.91811 11
0.61329 1.87977 0.07782 0 3.45000 -40.47500 0.00652 1.93684 11
0.97885 2.47002 0.07782 0 3.55000 -55.97500 0.00652 2.10349 11
4.70753 -0.64262 0.01107 0 8.37500 -64.40000 0.00407 1.01124 -11
2.04244 0.25746 0.01107 0 -3.62500 -62.20000 0.00407 1.01910 -11
-0.96339 -0.23137 0.01107 0 0.77500 -49.70000 0.00407 1.06607 -11
0.99533 -0.09138 0.01107 0 6.05000 -38.40000 0.00407 1.12444 -11
-1.15877 -1.03798 0.01107 0 0.95000 -31.90000 0.00407 1.16224 -11
0.84049 1.13624 0.01107 0 -3.05000 -19.97500 0.00407 1.23496 -11
-7.07079 1.69466 0.01107 0 -0.97500 15.40000 0.00407 1.37737 -11
3.17871 -1.30990 0.01107 0 -1.62500 16.90000 0.00407 1.38308 -11
-0.86856 0.42837 0.01107 0 0.82500 21.62500 0.00407 1.40537 -11
1.21960 -0.41758 0.01107 0 -1.95000 25.00000 0.00407 1.42224 -11
-1.36613 0.76191 0.01107 0 0.82500 29.75000 0.00407 1.44688 -11
1.63804 -0.83400 0.01107 0 -1.10000 32.62500 0.00407 1.45949 -11
-2.09526 -0.61178 0.00839 0 -0.77500 -49.70000 0.00213 0.99521 11
1.93935 0.20704 0.00839 0 2.05000 -43.85000 0.00213 1.01806 11
-8.32822 -2.38209 0.00839 0 0.17500 -32.12500 0.00213 1.06016 11
-6.09327 1.08362 0.00839 0 0.25000 -31.60000 0.00213 1.06230 11
0.46321 -0.42547 0.00146 0 5.45000 -41.90000 0.00058 0.15211 11
-0.51948 0.45419 0.00146 0 7.30000 -42.62500 0.00058 0.16156 11
0.80092 -0.15270 0.00146 0 6.00000 -44.85000 0.00058 0.17435 11
-1.99761 0.63092 0.00146 0 7.17500 -46.37500 0.00058 0.18280 11
-1.32213 -0.40234 0.00427 0 -3.55000 -50.77500 0.00108 0.18599 11
0.59759 0.20552 0.00427 0 2.55000 -54.95000 0.00108 0.21453 11
-0.31273 0.12819 0.00427 0 6.95000 -58.70000 0.00108 0.24340 11
-0.27866 -0.15369 0.00427 0 1.02500 -61.27500 0.00108 0.27798 11
0.69488 -0.24146 0.00427 0 6.87500 -57.85000 0.00108 0.31304 11
-0.06955 -0.51220 0.00427 0 2.72500 -52.15000 0.00108 0.34196 11
-0.09548 0.50255 0.00427 0 7.47500 -52.25000 0.00108 0.36159 11
-0.33485 0.65006 0.00427 0 -4.15000 -52.40000 0.00108 0.36416 11
0.49208 -0.95160 0.00427 0 3.60000 -55.50000 0.00108 0.40029 11
-0.43632 0.98727 0.00427 0 6.75000 -56.67500 0.00108 0.41282 11
-0.08140 -0.57330 0.00427 0 2.97500 -60.22500 0.00108 0.44654 11
0.13119 0.75097 0.00427 0 6.90000 -59.90000 0.00108 0.46241 11
-0.11502 -0.55416 0.00427 0 3.12500 -62.22500 0.00108 0.49459 11
0.19082 0.46979 0.00427 0 7.05000 -61.32500 0.00108 0.51165 11
-0.39396 -0.27524 0.00427 0 3.87500 -58.20000 0.00108 0.53852 11
0.43014 0.24384 0.00427 0 7.10000 -56.20000 0.00108 0.55520 11
-0.91941 -0.83705 0.00427 0 4.15000 -52.95000 0.00108 0.57629 11
0.65282 0.59557 0.00427 0 6.40000 -51.65000 0.00108 0.58611 11
-0.06871 -0.51187 0.00427 0 3.55000 -43.40000 0.00108 0.63610 11
0.02166 0.39408 0.00427 0 5.85000 -43.15000 0.00108 0.64595 11
-0.36116 -0.61132 0.00427 0 3.77500 -42.82500 0.00108 0.66659 11
0.52611 0.50427 0.00427 0 5.72500 -41.80000 0.00108 0.67587 11
1.24196 3.90352 0.00427 0 5.07500 -42.87500 0.00108 0.68979 11
3.09411 -2.53558 0.00427 0 4.22500 -45.37500 0.00108 0.71530 11
4.01332 -0.13548 0.00949 0 4.32500 -29.40000 0.00337 0.10750 11
-3.61836 0.13224 0.00949 0 -3.02500 -57.30000 0.00337 0.20413 11
-0.34355 0.29712 0.00725 0 -1.67500 59.82500 0.00297 2.07087 11
0.27535 -0.06000 0.00725 0 1.82500 56.17500 0.00297 2.11730 11
-0.08054 -0.10570 0.00725 0 -1.92500 53.32500 0.00297 2.16804 11
-0.00044 0.10926 0.00725 0 2.00000 52.57500 0.00297 2.20603 11
0.06797 0.00565 0.00725 0 -2.30000 51.97500 0.00297 2.25541 11
0.08641 -0.07194 0.00725 0 2.17500 50.72500 0.00297 2.29397 11
-0.03273 0.01086 0.00725 0 -2.65000 50.97500 0.00297 2.33708 11
0.24286 -0.71495 0.00725 0 2.40000 50.67500 0.00297 2.37451 11
-0.27302 0.82544 0.00725 0 7.65000 49.27500 0.00297 2.39558 11
-0.08340 1.09861 0.00725 0 -3.65000 49.20000 0.00297 2.39917 11
1.15086 -8.01761 0.00725 0 5.65000 50.15000 0.00297 2.45713 11
0.63883 8.16227 0.00725 0 5.95000 50.12500 0.00297 2.45851 11
0.21360 1.36382 0.00725 0 -2.95000 50.45000 0.00297 2.46903 11
-0.86934 -2.18188 0.00725 0 6.17500 49.10000 0.00297 2.50645 11
0.83890 1.53293 0.00725 0 8.05000 50.05000 0.00297 2.51377 11
0.62692 0.43793 0.00725 0 -3.05000 50.72500 0.00297 2.51892 11
-0.31065 -0.41116 0.00725 0 5.95000 53.72500 0.00297 2.54008 11
0.08642 -0.08557 0.00725 0 -2.70000 53.87500 0.00297 2.55949 11
-0.07938 -0.02798 0.00725 0 6.05000 53.65000 0.00297 2.57661 11
-0.34416 0.10852 0.00725 0 7.45000 57.35000 0.00297 2.60672 11
-1.11504 1.12421 0.00725 0 7.82500 59.60000 0.00297 2.63173 11
0.07881 -0.04330 0.00725 0 -4.40000 56.57500 0.00297 1.35281 11
-1.61893 0.27910 0.00405 0 6.00000 -61.65000 0.00352 1.25414 11
-0.15841 -0.18718 0.00405 0 -1.67500 -57.80000 0.00352 1.28663 11
-0.39536 -0.59143 0.00405 0 7.20000 -57.92500 0.00352 1.30156 11
0.35396 -0.32378 0.00405 0 -1.62500 -56.35000 0.00352 1.32149 11
-0.11470 -0.12024 0.00405 0 7.42500 -54.42500 0.00352 1.33879 11
0.49457 -0.10217 0.00405 0 8.02500 -55.90000 0.00352 1.37188 11
0.20207 -1.02747 0.00405 0 -1.05000 -64.82500 0.00352 1.04889 11
-0.15215 0.32717 0.00405 0 6.60000 -63.67500 0.00352 1.06620 11
0.22571 -0.98395 0.00405 0 -1.20000 -61.55000 0.00352 1.11179 11
-0.15344 1.03870 0.00405 0 -3.87500 -61.05000 0.00352 1.12168 11
-0.53974 0.48948 0.00405 0 7.75000 -60.95000 0.00352 1.12456 11
-0.39580 0.70083 0.00405 0 7.80000 -57.40000 0.00352 1.17472 11
0.55266 -0.15206 0.00405 0 6.30000 -62.22500 0.00352 1.20534 11
-0.57605 0.02808 0.00405 0 2.62500 -59.22500 0.00352 1.22673 11
0.49330 0.04580 0.00405 0 6.30000 -56.45000 0.00352 1.24813 11
-1.56072 -1.56099 0.00405 0 2.47500 -54.80000 0.00352 1.27073 11
1.32347 0.87973 0.00405 0 3.10000 -54.12500 0.00352 1.27413 11
0.43560 0.06407 0.00405 0 -0.22500 -52.52500 0.00352 1.29287 11
-0.31108 -0.06232 0.00405 0 3.02500 -54.17500 0.00352 1.31137 11
0.46183 -0.25931 0.00405 0 0.20000 -57.25000 0.00352 1.33215 11
-0.53098 0.31917 0.00405 0 3.02500 -58.75000 0.00352 1.34618 11
0.52211 -0.03770 0.00405 0 0.27500 -60.82500 0.00352 1.36331 11
-0.44408 0.18726 0.00405 0 2.85000 -62.85000 0.00352 1.37846 11
0.17945 -0.15708 0.00405 0 0.20000 -62.40000 0.00352 1.39601 11
-0.23236 0.02861 0.00405 0 2.77500 -62.85000 0.00352 1.40948 11
0.30660 -0.05392 0.00405 0 0.57500 -62.05000 0.00352 1.42073 11
-0.10457 0.01332 0.00405 0 2.82500 -62.95000 0.00352 1.43347 11
0.15636 0.62762 0.00405 0 0.57500 -62.15000 0.00352 1.44662 11
-0.05377 0.13202 0.00405 0 2.82500 -63.22500 0.00352 1.46318 11
0.57994 -0.54835 0.00405 0 5.07500 -64.22500 0.00352 2.41060 11
-0.15671 0.06025 0.00405 0 2.32500 -63.57500 0.00352 2.42438 11
0.31736 -0.26039 0.00405 0 4.95000 -62.80000 0.00352 2.44199 11
-0.50571 -0.29997 0.00405 0 2.65000 -61.62500 0.00352 2.45385 11
0.14454 0.36646 0.00405 0 4.82500 -60.55000 0.00352 2.46462 11
-0.18141 -0.70101 0.00405 0 1.70000 -62.42500 0.00352 2.50014 11
0.39294 0.79777 0.00405 0 3.45000 -62.02500 0.00352 2.50830 11
-0.01058 -0.89479 0.00405 0 -0.12500 -60.95000 0.00352 1.16249 11
-0.48919 1.70382 0.00405 0 -1.85000 -61.12500 0.00352 1.16895 11
0.41557 -1.40599 0.00405 0 0.35000 -60.27500 0.00352 1.20226 11
-0.01151 0.61950 0.00405 0 -1.70000 -59.25000 0.00352 1.21131 11
0.11520 -0.39642 0.00405 0 0.37500 -59.55000 0.00352 1.23043 11
-0.20935 -0.20122 0.00405 0 -1.82500 -58.17500 0.00352 1.24331 11
0.05794 -0.00860 0.00405 0 0.40000 -57.92500 0.00352 1.25471 11
0.44032 0.18833 0.00405 0 -1.55000 -57.30000 0.00352 1.26688 11
-0.75061 -0.23502 0.00405 0 -0.10000 -59.17500 0.00352 1.27926 11
-2.68612 10.25528 0.00405 0 6.82500 -59.07500 0.00352 1.27887 11
1.40111 1.71163 0.00405 0 7.52500 -51.52500 0.00352 1.36774 11
0.53315 1.00340 0.00405 0 7.32500 -54.97500 0.00352 1.40183 11
1.71662 -2.19718 0.00405 0 0.45000 -58.25000 0.00352 1.23042 11
-0.31562 0.69817 0.00405 0 -1.50000 -56.90000 0.00352 1.23885 11
0.32024 -0.37177 0.00405 0 3.27500 -62.47500 0.00352 1.03858 11
-0.32581 0.33062 0.00405 0 -1.80000 -61.82500 0.00352 1.06025 11
0.45329 -0.30419 0.00405 0 3.47500 -57.60000 0.00352 1.09832 11
-0.49865 0.38372 0.00405 0 -0.90000 -56.42500 0.00352 1.11707 11
0.18566 -0.36833 0.00405 0 3.55000 -53.90000 0.00352 1.14969 11
-0.05091 0.14509 0.00405 0 -0.82500 -54.20000 0.00352 1.16919 11
-0.06341 -0.19329 0.00405 0 1.62500 -54.07500 0.00352 1.18858 11
-0.31079 0.26083 0.00405 0 -2.07500 -53.20000 0.00352 1.20958 11
-0.33627 -0.49340 0.00405 0 2.27500 -52.72500 0.00352 1.23897 11
0.05615 0.37658 0.00405 0 -0.05000 -53.77500 0.00352 1.24931 11
0.03777 -0.37587 0.00405 0 2.70000 -54.15000 0.00352 1.26938 11
0.14782 -0.18062 0.00405 0 0.27500 -54.52500 0.00352 1.28014 11
-0.15130 0.10781 0.00405 0 2.85000 -54.85000 0.00352 1.29264 11
0.16625 -0.09762 0.00405 0 0.32500 -55.17500 0.00352 1.30708 11
-0.09389 0.12925 0.00405 0 2.70000 -55.35000 0.00352 1.31949 11
-1.02931 -0.71121 0.00405 0 0.55000 -55.57500 0.00352 1.33377 11
0.76734 0.32909 0.00405 0 2.35000 -54.47500 0.00352 1.34340 11
0.35490 0.51130 0.00405 0 0.52500 -53.92500 0.00352 1.35486 11
-0.32499 -0.45622 0.00405 0 0.85000 -54.35000 0.00352 1.37122 11
-0.06136 0.46143 0.00405 0 2.87500 -54.85000 0.00352 1.29350 11
-0.96237 0.70047 0.00405 0 7.87500 -62.37500 0.00352 0.93634 11
-0.82098 -0.18743 0.00405 0 1.87500 -59.60000 0.00352 0.95120 11
0.69845 0.20283 0.00405 0 6.80000 -54.67500 0.00352 0.97973 11
-0.72442 -0.12676 0.00405 0 2.35000 -47.82500 0.00352 1.01446 11
0.93654 -0.92113 0.00405 0 6.22500 -40.62500 0.00352 1.05171 11
-0.32340 1.47363 0.00405 0 5.27500 -40.15000 0.00352 1.05584 11
-0.95006 -1.16593 0.00405 0 7.27500 -54.67500 0.00352 1.20778 11
0.34908 0.57349 0.00405 0 5.20000 -57.17500 0.00352 1.22070 11
-0.18287 -0.42910 0.00405 0 7.47500 -57.85000 0.00352 1.24033 11
0.76957 -0.18844 0.00405 0 5.37500 -60.20000 0.00352 1.25898 11
-0.56575 -0.05656 0.00405 0 7.22500 -62.17500 0.00352 1.27073 11
-0.23319 -0.09783 0.00405 0 5.52500 -60.72500 0.00352 1.28123 11
0.06225 0.00341 0.00405 0 7.50000 -60.02500 0.00352 1.29190 11
0.02655 0.09472 0.00405 0 5.82500 -59.97500 0.00352 1.30027 11
0.00894 -0.32449 0.00405 0 7.52500 -60.10000 0.00352 1.31187 11
0.11279 0.71936 0.00405 0 -4.07500 -60.20000 0.00352 1.31532 11
0.95586 -1.21894 0.00405 0 7.32500 -59.92500 0.00352 1.13659 11
-0.16472 0.69403 0.00405 0 3.30000 -58.05000 0.00352 1.15307 11
0.08118 -0.46510 0.00405 0 8.07500 -56.37500 0.00352 1.19132 11
0.29083 0.59811 0.00405 0 3.40000 -56.62500 0.00352 1.21081 11
-0.81492 0.31717 0.00405 0 4.60000 -63.37500 0.00352 1.01252 11
-4.72735 -1.12620 0.00405 0 8.27500 -64.30000 0.00352 1.04757 11
-0.55320 0.76676 0.00405 0 5.05000 -64.57500 0.00352 1.09711 11
0.90218 -0.54377 0.00405 0 -3.65000 -55.40000 0.00352 1.14882 11
-0.37327 0.18946 0.00405 0 3.60000 -52.45000 0.00352 1.17031 11
1.08996 -1.15293 0.00405 0 8.27500 -46.80000 0.00352 1.21100 11
0.42133 0.85313 0.00405 0 5.47500 -46.45000 0.00352 1.22130 11
-4.51188 -2.98735 0.00405 0 5.90000 -51.42500 0.00352 1.27638 11
-0.98886 -0.98976 0.00405 0 5.82500 -51.55000 0.00352 1.27670 11
1.31711 0.61496 0.00405 0 3.50000 -53.07500 0.00352 1.28687 11
-1.83476 -0.90695 0.00405 0 5.82500 -59.55000 0.00352 1.31584 11
1.22256 0.48212 0.00405 0 3.15000 -63.17500 0.00352 1.33334 11
0.51934 -0.51502 0.00405 0 6.82500 -61.92500 0.00352 0.96188 11
-0.64517 0.65365 0.00405 0 2.47500 -58.00000 0.00352 0.98481 11
0.89283 -0.57560 0.00405 0 6.95000 -52.57500 0.00352 1.02650 11
-2.42790 2.87617 0.00405 0 4.17500 -48.55000 0.00352 1.04438 11
0.50205 -1.01740 0.00405 0 6.25000 -24.22500 0.00352 1.17792 11
2.39424 -0.98198 0.00405 0 3.70000 -31.72500 0.00352 1.21364 11
-2.60410 1.87310 0.00405 0 4.72500 -33.25000 0.00352 1.22019 11
0.48075 0.02088 0.00405 0 -0.10000 -42.17500 0.00352 1.26922 11
-0.14708 0.23331 0.00405 0 1.17500 -42.85000 0.00352 1.27711 11
1.46276 0.40523 0.00526 0 2.27500 57.95000 0.00160 -0.19836 11
-0.87405 -0.29198 0.00526 0 7.55000 44.55000 0.00160 -0.13983 11
0.62176 0.25006 0.00526 0 0.47500 38.17500 0.00160 -0.10099 11
-0.62286 -0.07160 0.00526 0 7.05000 31.22500 0.00160 -0.05364 11
0.80130 0.02291 0.00526 0 0.35000 23.22500 0.00160 -0.00892 11
-0.94956 -0.19378 0.00526 0 6.80000 16.10000 0.00160 0.03405 11
0.95483 0.30681 0.00526 0 1.02500 9.65000 0.00160 0.06859 11
-1.46353 -0.64142 0.00526 0 6.37500 -21.57500 0.00160 0.19308 11
1.62735 0.64471 0.00526 0 2.37500 -27.20000 0.00160 0.21873 11
-0.38396 -0.40634 0.00526 0 6.20000 -33.10000 0.00160 0.25498 11
0.23162 0.29836 0.00526 0 1.15000 -35.00000 0.00160 0.27745 11
-0.88055 -0.31017 0.00526 0 5.65000 -39.87500 0.00160 0.31225 11
0.87482 -0.13939 0.00526 0 2.85000 -46.15000 0.00160 0.33890 11
-0.59801 0.33306 0.00526 0 6.47500 -49.50000 0.00160 0.35930 11
0.33000 -0.08300 0.00526 0 2.62500 -53.02500 0.00160 0.38728 11
-0.17163 0.12731 0.00526 0 6.72500 -54.55000 0.00160 0.40823 11
0.16315 -0.27274 0.00526 0 2.77500 -55.82500 0.00160 0.43380 11
-0.09890 0.33431 0.00526 0 6.65000 -56.87500 0.00160 0.45268 11
-0.36301 -0.64729 0.00526 0 3.67500 -57.62500 0.00160 0.48305 11
0.18612 0.35853 0.00526 0 6.15000 -56.77500 0.00160 0.49436 11
0.07300 0.24176 0.00526 0 3.50000 -56.67500 0.00160 0.50907 11
0.02412 -0.32365 0.00526 0 6.00000 -56.70000 0.00160 0.52603 11
0.01607 0.62677 0.00526 0 3.62500 -55.85000 0.00160 0.53786 11
0.12140 -0.73801 0.00526 0 5.57500 -55.97500 0.00160 0.55652 11
1.39672 -0.61866 0.00526 0 4.20000 -58.85000 0.00160 0.57440 11
460.68013 -351.03033 0.00526 0 4.97500 -59.65000 0.00160 0.57869 11
-1.03109 0.94702 0.00526 0 5.77500 -60.72500 0.00160 0.58408 11
-0.50705 0.38950 0.00526 0 3.42500 -57.55000 0.00160 0.48263 11
0.51242 -0.63889 0.00526 0 4.47500 -56.80000 0.00160 0.49477 11
-1.18438 0.88990 0.00526 0 3.32500 -56.90000 0.00160 0.50422 11
-1.42502 -0.90279 0.00539 0 -3.80000 52.52500 0.00359 0.01491 11
1.05084 0.35229 0.00539 0 4.45000 47.55000 0.00359 0.03646 11
-0.71955 -0.28291 0.00539 0 -2.72500 35.97500 0.00359 0.09246 11
0.61648 0.25573 0.00539 0 3.67500 30.60000 0.00359 0.12190 11
-0.62191 -0.36261 0.00539 0 -2.80000 22.22500 0.00359 0.17372 11
0.45175 0.04161 0.00539 0 4.82500 18.07500 0.00359 0.19571 11
-0.01808 -0.23862 0.00539 0 -0.92500 14.10000 0.00359 0.23967 11
-0.12901 -0.01122 0.00539 0 4.77500 14.17500 0.00359 0.26691 11
0.53163 -0.85706 0.00539 0 -1.87500 17.00000 0.00359 0.31108 11
0.19802 0.34941 0.00539 0 6.40000 17.50000 0.00359 0.32528 11
0.22595 0.76277 0.00539 0 6.97500 12.65000 0.00359 0.37609 11
3.07244 -1.40155 0.02251 0 -3.57500 -56.32500 0.00250 1.11930 11
-3.19505 1.86459 0.02251 0 1.95000 -47.00000 0.00250 1.15729 11
2.16002 -1.08378 0.02251 0 -4.10000 0.87500 0.00250 1.34849 11
-2.84814 1.39242 0.02251 0 1.75000 10.60000 0.00250 1.38741 11
3.47100 -2.17592 0.02251 0 7.40000 52.35000 0.00250 1.54934 11
-2.33636 3.23685 0.02251 0 4.32500 56.40000 0.00250 1.56631 11
-3.29364 -1.00578 0.00381 0 7.02500 -60.55000 0.00380 1.40353 11
92.21316 -43.64094 0.00381 0 6.27500 -57.85000 0.00380 1.42719 11
-1.46428 3.04730 0.00612 0 8.47500 -64.92500 0.00327 1.56693 -11
0.79029 -2.44484 0.00612 0 7.45000 -64.42500 0.00327 1.57112 -11
-1.81879 -0.93443 0.00612 0 -2.90000 -60.30000 0.00327 1.59324 -11
0.77365 0.03815 0.00612 0 7.22500 -57.37500 0.00327 1.61345 -11
0.96503 0.31402 0.00821 0 3.82500 -59.10000 0.00090 1.18759 -11
-0.91816 0.23211 0.00821 0 -3.07500 -51.27500 0.00090 1.22504 -11
1.15964 -0.29627 0.00821 0 4.00000 -44.30000 0.00090 1.25897 -11
-1.59425 -0.13883 0.00821 0 -4.32500 -36.27500 0.00090 1.29163 -11
-1.03743 -0.14009 0.00821 0 7.90000 -35.25000 0.00090 1.29588 -11
5.97762 4.25380 0.00821 0 3.80000 -26.02500 0.00090 1.33943 -11
-3.48803 -3.06551 0.00821 0 3.90000 -25.87500 0.00090 1.34022 -11
2.56545 1.03864 0.00482 0 -1.35000 -64.42500 0.00027 0.94849 -11
-15.04801 -10.27884 0.00482 0 -1.00000 -63.95000 0.00027 0.95080 -11
0.29744 0.91477 0.00482 0 -0.80000 -48.45000 0.00027 1.04499 -11
0.12562 -0.71290 0.00482 0 1.00000 -48.80000 0.00027 1.05956 -11
-0.35966 0.70825 0.00482 0 -0.57500 -50.60000 0.00027 1.09623 -11
1.80079 -0.79051 0.02729 0 -3.90000 -63.87500 0.00234 1.04225 -11
-2.12158 0.61242 0.02729 0 0.07500 -48.30000 0.00234 1.10434 -11
3.32922 -0.86994 0.02729 0 -2.37500 -40.47500 0.00234 1.13246 -11
-2.35157 0.14498 0.25057 0 -1.52500 -55.65000 0.02496 0.95540 11
2.57686 -0.07840 0.25057 0 2.10000 -39.67500 0.02496 1.01297 11
-2.44133 0.02128 0.25057 0 -0.75000 -25.17500 0.02496 1.06375 11
2.89939 0.12101 0.25057 0 2.37500 -12.77500 0.02496 1.10797 11
-0.09285 0.02462 0.25057 0 5.85000 64.77500 0.02496 3.50016 11
-0.34885 -0.06478 0.25057 0 4.15000 64.92500 0.02496 3.51278 11
4.51414 0.04128 0.01079 0 3.57500 33.82500 0.00282 -0.08702 11
-6.27084 0.21509 0.01079 0 7.52500 6.72500 0.00282 0.00548 11
-6.81017 0.23511 0.01079 0 -3.05000 -14.45000 0.00282 0.07580 11
7.06672 1.18509 0.01079 0 6.45000 -29.00000 0.00282 0.12644 11
-1.24601 -0.66638 0.01079 0 7.75000 -54.62500 0.00282 0.21662 11
1.31308 1.00221 0.01079 0 2.62500 -61.25000 0.00282 0.24671 11
1.14199 0.89437 0.01079 0 -3.07500 -14.90000 0.00282 0.07776 11
-0.95285 -0.98305 0.01079 0 -1.70000 -17.60000 0.00282 0.09604 11
1.24504 0.44927 0.01079 0 -3.12500 -19.40000 0.00282 0.10540 11
-1.60926 0.62859 0.01079 0 -2.45000 -21.67500 0.00282 0.11503 11
0.48520 -4.42372 0.01079 0 -1.72500 -21.77500 0.00282 0.11916 11
1.07845 1.54337 0.01079 0 -3.07500 -14.67500 0.00282 0.07696 11
0.36637 -1.66876 0.01079 0 -2.65000 -16.57500 0.00282 0.09396 11
-0.66293 0.31184 0.01079 0 -3.02500 -14.10000 0.00282 0.07509 11
0.48744 -1.24897 0.01079 0 7.60000 -16.82500 0.00282 0.08910 11
-0.54766 -0.32056 0.01079 0 -2.70000 -17.82500 0.00282 0.09947 11
2.57553 -5.41031 0.01079 0 -4.02500 -18.05000 0.00282 0.10522 11
-0.18104 -0.35245 0.01079 0 6.65000 -18.35000 0.00282 0.11522 11
-2.20951 -0.18728 0.00728 0 3.22500 -64.72500 0.00493 1.16518 -11
1.64503 0.18411 0.00728 0 0.35000 -56.27500 0.00493 1.19894 -11
-1.66731 0.71460 0.00728 0 2.95000 -47.35000 0.00493 1.23409 -11
1.60512 -0.79284 0.00728 0 0.05000 -43.25000 0.00493 1.25247 -11
2.56205 0.66772 0.00728 0 4.75000 -28.35000 0.00493 1.56418 -11
-2.91069 0.73528 0.00728 0 3.85000 -31.70000 0.00493 1.57680 -11
-3.20075 1.75427 0.00728 0 3.87500 -31.77500 0.00493 1.57762 -11
2.28547 -3.06697 0.00728 0 3.05000 -30.67500 0.00493 1.58248 -11
-0.92281 9.24424 0.00728 0 3.00000 -31.40000 0.00493 1.59020 -11
3.43112 0.33692 0.00728 0 -2.05000 -63.50000 0.00259 0.98488 -11
-0.53258 -0.73863 0.00728 0 -1.52500 -62.67500 0.00259 0.98852 -11
0.15747 0.18128 0.00728 0 6.05000 -59.05000 0.00259 1.02033 -11
0.22508 -0.76070 0.00728 0 -4.02500 -58.92500 0.00259 1.02785 -11
0.07306 0.76758 0.00728 0 8.25000 -59.10000 0.00259 1.03114 -11
-0.08916 -1.12316 0.00728 0 6.60000 -59.25000 0.00259 1.03765 -11
0.92117 -1.13006 0.00728 0 -3.32500 -57.85000 0.00259 1.05182 -11
-0.88132 0.32020 0.00728 0 7.82500 -62.05000 0.00259 1.07373 -11
0.18564 0.06063 0.00959 0 4.02500 -60.87500 0.00947 0.59772 11
-0.12973 -0.08057 0.00959 0 -1.50000 -58.32500 0.00947 0.68066 11
0.18244 0.11105 0.00959 0 3.57500 -52.25000 0.00947 0.77827 11
-0.22776 -0.10092 0.00959 0 -1.15000 -46.47500 0.00947 0.86156 11
0.20148 0.15836 0.00959 0 3.37500 -39.80000 0.00947 0.95433 11
-0.15548 -0.19159 0.00959 0 -1.07500 -36.02500 0.00947 1.03898 11
0.21874 0.21232 0.00959 0 3.00000 -32.47500 0.00947 1.12123 11
-0.24805 -0.22174 0.00959 0 -0.67500 -26.12500 0.00947 1.20791 11
0.26393 0.33106 0.00959 0 2.30000 -21.07500 0.00947 1.28208 11
-0.26836 -0.50902 0.00959 0 -0.67500 -15.95000 0.00947 1.37502 11
0.52150 0.58900 0.00959 0 2.00000 -9.55000 0.00947 1.44258 11
-0.62888 -0.90918 0.00959 0 1.72500 1.80000 0.00947 1.53493 11
0.80246 0.83094 0.00959 0 0.97500 8.92500 0.00947 1.58540 11
-0.57157 -1.25773 0.00959 0 2.82500 20.15000 0.00947 1.68356 11
0.56823 1.17235 0.00959 0 1.17500 24.22500 0.00947 1.72566 11
-0.30385 -1.88635 0.00959 0 -4.02500 35.40000 0.00947 1.84000 11
0.25601 1.72549 0.00959 0 2.00000 36.27500 0.00947 1.86125 11
-0.07702 -2.17139 0.00959 0 -4.02500 39.77500 0.00947 1.96187 11
0.25344 2.37060 0.00959 0 0.42500 40.05000 0.00947 1.97718 11
-0.52685 -1.71293 0.00959 0 -4.07500 47.02500 0.00947 2.07591 11
0.55666 1.58206 0.00959 0 1.07500 48.47500 0.00947 2.09467 11
-0.58060 -0.63589 0.00959 0 -4.07500 58.07500 0.00947 2.18205 11
0.58516 0.59532 0.00959 0 3.62500 62.47500 0.00947 2.21621 11
0.24567 0.32378 0.00959 0 0.20000 -59.85000 0.00947 0.60213 11
-0.28678 -0.78847 0.00959 0 7.72500 -54.77500 0.00947 0.69847 11
0.17487 0.31836 0.00959 0 -0.02500 -49.42500 0.00947 0.78107 11
-0.12398 -0.10636 0.00959 0 -4.00000 -45.90000 0.00947 0.86258 11
-0.29161 -0.70806 0.00959 0 8.30000 -45.77500 0.00947 0.86562 11
0.16421 0.16810 0.00959 0 -0.67500 -41.45000 0.00947 0.94548 11
-0.19254 -0.18557 0.00959 0 -3.95000 -37.92500 0.00947 1.02481 11
-0.11275 -0.84344 0.00959 0 8.50000 -37.72500 0.00947 1.02808 11
0.18880 0.46619 0.00959 0 -0.87500 -34.25000 0.00947 1.09847 11
-0.08412 -0.27277 0.00959 0 -3.25000 -30.05000 0.00947 1.18408 11
0.05726 0.15940 0.00959 0 -0.40000 -28.30000 0.00947 1.26249 11
-0.21124 -0.13097 0.00959 0 -2.52500 -24.27500 0.00947 1.33680 11
0.19598 0.42549 0.00959 0 -0.82500 -20.72500 0.00947 1.40524 11
-0.25774 -0.39569 0.00959 0 -2.25000 -16.72500 0.00947 1.48371 11
0.40396 0.46636 0.00959 0 -1.07500 -11.97500 0.00947 1.54608 11
-0.38876 -0.47663 0.00959 0 -0.50000 -5.00000 0.00947 1.61915 11
0.21517 0.77571 0.00959 0 -1.62500 -1.17500 0.00947 1.66687 11
-0.39638 -0.81523 0.00959 0 0.40000 3.60000 0.00947 1.74757 11
0.44698 0.98566 0.00959 0 -2.07500 7.12500 0.00947 1.78718 11
-0.31442 -0.80808 0.00959 0 0.37500 14.32500 0.00947 1.86422 11
0.26709 0.91115 0.00959 0 -2.07500 16.75000 0.00947 1.90287 11
-0.15300 -0.93580 0.00959 0 0.60000 18.82500 0.00947 1.98182 11
0.10670 0.98630 0.00959 0 -2.25000 19.75000 0.00947 2.01766 11
-0.20201 -0.86612 0.00959 0 0.47500 21.15000 0.00947 2.09618 11
0.12407 0.81018 0.00959 0 8.47500 22.40000 0.00947 2.12699 11
0.07934 0.99481 0.00959 0 -2.45000 22.50000 0.00947 2.13232 11
0.04592 -1.00618 0.00959 0 0.75000 20.47500 0.00947 2.20539 11
-0.05072 0.99685 0.00959 0 7.82500 20.40000 0.00947 2.23174 11
-0.02429 1.13739 0.00959 0 -3.22500 20.42500 0.00947 2.23614 11
-0.01331 -0.71599 0.00959 0 0.17500 18.90000 0.00947 2.30312 11
0.03275 0.70227 0.00959 0 7.95000 19.30000 0.00947 2.33364 11
0.06270 0.97916 0.00959 0 -3.30000 19.32500 0.00947 2.33760 11
0.01846 -0.59476 0.00959 0 0.35000 18.80000 0.00947 2.39857 11
-0.04338 0.67738 0.00959 0 8.02500 18.45000 0.00947 2.42935 11
0.04775 0.93703 0.00959 0 -3.15000 18.45000 0.00947 2.43362 11
-0.08034 -0.75257 0.00959 0 0.95000 19.17500 0.00947 2.49262 11
0.13705 0.85266 0.00959 0 7.60000 19.85000 0.00947 2.51841 11
0.10103 0.96435 0.00959 0 -3.70000 19.95000 0.00947 2.52186 11
-0.05246 -0.72195 0.00959 0 0.70000 20.82500 0.00947 2.57735 11
0.06300 0.78256 0.00959 0 7.35000 21.27500 0.00947 2.60352 11
0.23116 1.22732 0.00959 0 -3.92500 21.35000 0.00947 2.60685 11
-1.96093 -1.33875 0.00959 0 -0.92500 37.25000 0.00947 2.78754 11
1.88254 1.30989 0.00959 0 1.60000 40.47500 0.00947 2.80192 11
5.03901 2.03017 0.00959 0 1.62500 53.52500 0.00947 2.85806 11
-1.39087 0.14633 0.00959 0 -0.20000 59.62500 0.00947 2.88230 11
0.27334 0.28244 0.00959 0 5.65000 -61.97500 0.00947 0.59174 11
-0.36179 -0.55867 0.00959 0 1.22500 -52.30000 0.00947 0.69591 11
0.39896 0.31136 0.00959 0 4.40000 -44.90000 0.00947 0.76842 11
-0.46290 -0.38291 0.00959 0 0.80000 -35.75000 0.00947 0.86335 11
0.40378 0.33663 0.00959 0 3.60000 -24.90000 0.00947 0.94375 11
-0.38428 -0.63464 0.00959 0 0.87500 -16.87500 0.00947 1.04044 11
0.28626 0.56536 0.00959 0 3.27500 -12.17500 0.00947 1.10416 11
-0.41196 -0.95901 0.00959 0 2.12500 -3.72500 0.00947 1.20486 11
0.41143 0.51765 0.00959 0 2.25000 0.97500 0.00947 1.25716 11
-0.42986 -0.65242 0.00959 0 1.35000 10.70000 0.00947 1.34485 11
0.72548 0.38746 0.00959 0 2.52500 17.90000 0.00947 1.40797 11
-0.82366 -0.84656 0.00959 0 3.77500 32.40000 0.00947 1.49516 11
0.82644 0.44612 0.00959 0 1.52500 40.70000 0.00947 1.54463 11
-1.11049 -0.85471 0.00959 0 3.60000 55.20000 0.00947 1.62767 11
0.26283 0.49240 0.00959 0 -1.92500 -61.47500 0.00947 0.58979 11
-0.16771 -0.64723 0.00959 0 5.15000 -57.12500 0.00947 0.68743 11
0.16161 0.44122 0.00959 0 -2.17500 -53.62500 0.00947 0.76851 11
-0.21146 -0.84273 0.00959 0 5.62500 -48.90000 0.00947 0.86310 11
0.08896 0.55876 0.00959 0 -2.12500 -46.55000 0.00947 0.93846 11
-1.00239 -2.92402 0.00959 0 7.15000 -44.05000 0.00947 1.03126 11
0.35130 0.69987 0.00959 0 4.95000 -39.82500 0.00947 1.07083 11
-0.60786 -0.62439 0.00959 0 -2.97500 -30.10000 0.00947 1.14585 11
0.59369 0.41574 0.00959 0 4.85000 -25.22500 0.00947 1.18116 11
-0.42664 -0.28696 0.00959 0 -4.00000 -17.10000 0.00947 1.24295 11
0.66496 0.31930 0.00959 0 5.75000 -10.30000 0.00947 1.29289 11
-1.05311 -0.20042 0.00959 0 -1.07500 1.77500 0.00947 1.35324 11
0.88577 0.09207 0.00959 0 4.95000 10.67500 0.00947 1.39579 11
-1.18514 -0.41760 0.00959 0 -1.27500 22.12500 0.00947 1.45084 11
1.08985 0.44450 0.00959 0 4.47500 29.50000 0.00947 1.48571 11
-1.09346 -0.43575 0.00959 0 -0.80000 41.00000 0.00947 1.53910 11
1.17203 0.41326 0.00959 0 4.07500 47.55000 0.00947 1.56911 11
-0.75641 -0.20902 0.00959 0 -0.85000 58.40000 0.00947 1.62168 11
0.30832 0.27090 0.00959 0 5.92500 62.22500 0.00947 1.65560 11
2.47040 0.77998 0.00959 0 1.07500 7.35000 0.00947 5.10777 11
-1.30265 -0.62767 0.00959 0 1.97500 3.60000 0.00947 5.12407 11
24.79877 15.25109 0.00959 0 0.52500 3.70000 0.00947 5.13088 11
0.27664 0.34820 0.00959 0 0.30000 -63.10000 0.00947 0.59808 11
-0.35825 -0.87317 0.00959 0 7.52500 -55.85000 0.00947 0.70063 11
0.38546 0.49482 0.00959 0 -1.95000 -49.35000 0.00947 0.77175 11
-0.14206 -0.48212 0.00959 0 -1.37500 -42.90000 0.00947 0.84383 11
0.11557 0.76678 0.00959 0 -2.65000 -41.02500 0.00947 0.88993 11
-0.01731 -0.42711 0.00959 0 -1.85000 -40.82500 0.00947 0.96015 11
0.00663 0.48532 0.00959 0 7.92500 -40.45000 0.00947 1.00166 11
0.15497 0.69924 0.00959 0 -3.57500 -40.37500 0.00947 1.00498 11
-0.61623 -0.67713 0.00959 0 -0.00000 -30.50000 0.00947 1.07973 11
0.61868 0.66952 0.00959 0 7.55000 -25.65000 0.00947 1.11361 11
0.84584 0.93641 0.00959 0 -3.82500 -25.12500 0.00947 1.11726 11
-0.79535 -0.48662 0.00959 0 0.62500 -12.75000 0.00947 1.18294 11
0.52477 0.55575 0.00959 0 -2.87500 -6.52500 0.00947 1.22619 11
-0.73437 -0.67206 0.00959 0 0.85000 0.80000 0.00947 1.28246 11
0.78546 0.64761 0.00959 0 7.30000 5.55000 0.00947 1.31253 11
1.51267 1.03926 0.00959 0 -4.25000 6.30000 0.00947 1.31615 11
-4.26268 -3.37762 0.00959 0 3.80000 21.92500 0.00947 1.38884 11
2.95132 2.05247 0.00959 0 5.50000 24.00000 0.00947 1.39778 11
-5.59148 -1.89681 0.00959 0 2.40000 37.22500 0.00947 1.44790 11
3.47255 1.60335 0.00959 0 3.50000 39.60000 0.00947 1.45682 11
-0.70503 -0.00617 0.00959 0 0.95000 52.55000 0.00947 1.50528 11
1.07689 -0.30878 0.00959 0 5.77500 60.20000 0.00947 1.54419 11
0.49202 0.71595 0.00959 0 7.57500 -25.67500 0.00947 1.11722 11
-0.13796 12.46966 0.00959 0 -1.02500 -45.82500 0.00947 0.89108 11
0.02130 0.95803 0.00168 0 -3.05000 -55.85000 0.00168 0.70595 11
1.01575 0.21967 0.00168 0 -3.97500 -54.25000 0.00168 0.73460 11
0.23723 0.06485 0.00959 0 -1.55000 -57.90000 0.00947 0.61741 11
-0.15665 -0.20651 0.00959 0 5.37500 -53.55000 0.00947 0.69619 11
0.07816 0.08499 0.00959 0 -1.77500 -50.15000 0.00947 0.80075 11
-0.01635 -0.46032 0.00959 0 7.07500 -49.85000 0.00947 0.87482 11
0.09990 0.17089 0.00959 0 -1.55000 -49.15000 0.00947 0.95849 11
-0.14902 -0.44570 0.00959 0 7.40000 -46.37500 0.00947 1.03210 11
0.10484 0.14908 0.00959 0 -1.92500 -42.60000 0.00947 1.11577 11
0.01907 0.08218 0.00959 0 -4.47500 -41.12500 0.00947 1.18215 11
0.00544 -0.54848 0.00959 0 7.62500 -41.12500 0.00947 1.18426 11
-0.02414 -0.00141 0.00959 0 -2.30000 -40.32500 0.00947 1.26520 11
-0.01089 0.13209 0.00959 0 -4.02500 -40.52500 0.00947 1.32602 11
-0.02991 -0.38921 0.00959 0 8.07500 -40.52500 0.00947 1.32869 11
0.07582 0.09022 0.00959 0 -3.35000 -40.85000 0.00947 1.40223 11
0.06405 0.09408 0.00959 0 -4.00000 -40.25000 0.00947 1.46163 11
0.13794 -0.50232 0.00959 0 8.15000 -40.35000 0.00947 1.46442 11
-0.21820 0.02848 0.00959 0 8.00000 -45.12500 0.00947 1.52841 11
-0.24917 0.26450 0.00959 0 -3.87500 -45.32500 0.00947 1.53121 11
0.38994 0.06787 0.00959 0 -3.47500 -50.15000 0.00947 1.59101 11
-0.41704 -0.24046 0.00959 0 7.20000 -57.35000 0.00947 1.65739 11
0.40463 0.29954 0.00959 0 -3.35000 -62.60000 0.00947 1.70903 11
