-0.99030 0.69532 0.01226 0 5.50000 33.02500 0.00858 1.44225 11
2.05928 -0.98358 0.01226 0 1.80000 22.85000 0.00858 1.48845 11
-1.87348 0.76419 0.01226 0 4.15000 19.02500 0.00858 1.50401 11
0.89738 1.04782 0.01226 0 -0.67500 6.90000 0.00858 1.55191 11
-0.25768 -1.96827 0.01226 0 1.75000 3.82500 0.00858 1.58840 11
-0.24149 1.80947 0.01226 0 -0.00000 4.15000 0.00858 1.59495 11
1.72283 -0.29697 0.00968 0 -2.17500 53.95000 0.00764 1.04248 -11
-2.24631 0.76188 0.00968 0 6.70000 4.02500 0.00764 1.22200 -11
1.74877 -0.27523 0.00968 0 -2.17500 -2.30000 0.00764 1.24644 -11
-1.39005 -0.07645 0.00968 0 5.47500 -13.75000 0.00764 1.29369 -11
1.42179 -0.57545 0.00968 0 -2.62500 -21.90000 0.00764 1.32636 -11
-2.33913 0.84686 0.00968 0 6.17500 -36.07500 0.00764 1.38485 -11
-2.27579 -0.63409 0.00968 0 6.27500 -37.05000 0.00764 1.38926 -11
1.73012 0.31283 0.00968 0 3.77500 -28.60000 0.00764 1.42378 -11
0.23763 -0.99654 0.00968 0 6.52500 -10.37500 0.00764 1.51405 -11
0.41185 0.90761 0.00968 0 5.40000 -9.80000 0.00764 1.53151 -11
2.23459 2.58146 0.00968 0 5.07500 -9.20000 0.00764 1.53655 -11
0.07269 -1.39489 0.00968 0 4.47500 -8.27500 0.00764 1.54975 -11
-0.60293 -0.04944 0.00968 0 4.52500 -10.07500 0.00764 1.51403 -11
0.73131 0.21788 0.00968 0 5.77500 -8.62500 0.00764 1.52263 -11
7.30884 4.27729 0.00968 0 5.55000 -6.55000 0.00764 1.53409 -11
2.17348 -2.51571 0.00277 0 -1.02500 62.70000 0.00070 1.00554 -11
14.91680 -13.80318 0.00277 0 -1.60000 59.87500 0.00070 1.02705 -11
-2.15650 0.62648 0.00277 0 -2.30000 56.30000 0.00070 1.04444 -11
-2.00884 -1.23338 0.00277 0 -1.80000 55.05000 0.00070 1.05173 -11
0.34735 0.24543 0.00277 0 -2.25000 54.40000 0.00070 1.06924 -11
-1.57544 -1.08367 0.00200 0 -1.52500 11.05000 0.00008 0.05842 11
1.65344 1.61111 0.00200 0 0.05000 12.40000 0.00008 0.06598 11
-0.90797 -1.08440 0.00200 0 -0.70000 17.55000 0.00008 0.08763 11
0.72855 0.55949 0.00200 0 1.10000 19.15000 0.00008 0.09753 11
-5.48807 5.19380 0.00200 0 1.52500 18.87500 0.00008 0.09989 11
0.81285 -1.64406 0.00200 0 -0.05000 17.92500 0.00008 0.11178 11
-1.13884 1.29153 0.00200 0 0.52500 17.40000 0.00008 0.11481 11
0.28398 0.52515 0.00200 0 -0.22500 19.15000 0.00008 0.12646 11
-3.66365 -0.78539 0.00200 0 0.30000 18.40000 0.00008 0.13500 11
-1.95707 0.09502 0.00200 0 0.60000 17.57500 0.00008 0.14057 11
-0.74185 1.01978 0.00465 0 0.05000 63.95000 0.00465 1.34251 -11
5.17740 -3.35109 0.00465 0 1.65000 62.15000 0.00465 1.35620 -11
0.79795 1.79100 0.01277 0 -3.20000 62.82500 0.01245 0.97186 -11
0.59310 1.01260 0.01277 0 7.55000 62.20000 0.01245 0.97725 -11
-1.71589 -0.32809 0.01277 0 -1.57500 53.15000 0.01245 1.02634 -11
3.78554 0.67637 0.01277 0 3.05000 26.92500 0.01245 1.12270 -11
-7.56019 -1.48878 0.01277 0 0.70000 15.47500 0.01245 1.16227 -11
4.12740 0.77651 0.01277 0 2.52500 -12.60000 0.01245 1.25890 -11
-3.91658 -0.76794 0.01277 0 -0.25000 -23.02500 0.01245 1.29534 -11
2.00452 0.95877 0.01277 0 2.30000 -48.82500 0.01245 1.38986 -11
-1.37466 -0.76554 0.01277 0 -3.42500 -55.67500 0.01245 1.42141 -11
0.53528 0.72075 0.01277 0 -3.45000 60.87500 0.01245 0.48508 -11
0.45255 0.31597 0.01277 0 8.02500 60.42500 0.01245 0.48884 -11
-0.84528 -0.17085 0.01277 0 -3.30000 52.70000 0.01245 0.54608 -11
0.73549 0.28605 0.01277 0 -3.20000 39.37500 0.01245 0.62435 -11
-0.65782 -0.09522 0.01277 0 -2.37500 25.72500 0.01245 0.69780 -11
0.86225 0.42695 0.01277 0 -2.95000 12.22500 0.01245 0.77415 -11
-0.79693 -0.50642 0.01277 0 -1.97500 1.97500 0.01245 0.83484 -11
0.66913 0.30126 0.01277 0 7.02500 -14.62500 0.01245 0.92485 -11
-0.74319 0.07746 0.01277 0 -2.55000 -26.37500 0.01245 0.98727 -11
2.39022 1.25839 0.01277 0 -3.95000 -34.82500 0.01245 1.04593 -11
3.13511 2.18705 0.01277 0 7.25000 -36.27500 0.01245 1.05197 -11
-2.93288 -1.90370 0.01277 0 4.32500 -39.95000 0.01245 1.06786 -11
2.35787 1.85060 0.01277 0 -3.57500 -62.15000 0.01245 1.16254 -11
2.08274 1.21028 0.01277 0 7.52500 -63.30000 0.01245 1.16785 -11
3.53817 -1.81761 0.00370 0 -0.82500 61.62500 0.00344 0.99573 11
-136.28056 58.41112 0.00370 0 0.07500 59.60000 0.00344 1.00351 11
-4.94141 2.47836 0.00370 0 0.20000 59.32500 0.00344 1.00447 11
-12.80655 5.52121 0.00370 0 -0.80000 54.30000 0.00344 1.04380 11
1.88922 2.35926 0.00370 0 -0.95000 54.10000 0.00344 1.04518 11
-1.11828 -2.22582 0.00370 0 -0.25000 28.05000 0.00344 1.19137 11
-2.54932 -0.97681 0.00370 0 -2.40000 16.12500 0.00344 1.28705 11
-1.78114 1.10135 0.00370 0 -2.20000 17.35000 0.00344 1.29251 11
-0.03913 -1.04893 0.00370 0 -1.57500 16.57500 0.00344 1.30414 11
-0.90388 1.78335 0.00370 0 -3.02500 50.37500 0.00344 1.18227 11
0.68824 -1.82457 0.00370 0 5.45000 43.45000 0.00344 1.22923 11
-0.45886 1.44487 0.00370 0 8.47500 42.67500 0.00344 1.24024 11
-0.46882 0.93618 0.00370 0 -2.20000 42.17500 0.00344 1.24667 11
0.13900 -0.96845 0.00370 0 5.70000 42.32500 0.00344 1.28696 11
-0.14161 0.43956 0.00370 0 -1.67500 41.47500 0.00344 1.30671 11
0.20045 -0.40242 0.00370 0 5.57500 39.30000 0.00344 1.33530 11
-0.63540 -0.25968 0.00370 0 -2.42500 37.25000 0.00344 1.36072 11
0.45734 -0.07098 0.00370 0 6.52500 34.40000 0.00344 1.37704 11
-1.03408 -1.07670 0.00370 0 -2.40000 30.57500 0.00344 1.40658 11
0.62218 0.81213 0.00370 0 -4.12500 29.15000 0.00344 1.41469 11
0.67217 -0.14333 0.00370 0 7.70000 28.75000 0.00344 1.41749 11
0.17931 -0.04952 0.00370 0 8.45000 27.20000 0.00344 1.44906 11
-1.51273 16.55626 0.00370 0 -3.07500 61.47500 0.00344 1.02976 11
-0.81471 0.84852 0.00370 0 -2.65000 55.32500 0.00344 1.08502 11
-0.17174 1.86160 0.00370 0 -2.77500 53.15000 0.00344 1.12643 11
1.07017 -1.66034 0.00370 0 -3.77500 46.90000 0.00344 1.16030 11
-0.54751 0.93285 0.00370 0 -1.67500 46.00000 0.00344 1.16884 11
0.41707 -1.00708 0.00370 0 -4.17500 47.32500 0.00344 1.19099 11
-10.16469 9.97610 0.00370 0 -3.65000 44.82500 0.00344 1.20143 11
-0.75495 1.04096 0.00370 0 -3.37500 43.27500 0.00344 1.21800 11
-0.58940 0.86065 0.00370 0 -4.32500 39.27500 0.00344 1.24233 11
0.67415 -0.00137 0.00176 0 3.40000 49.82500 0.00147 0.39490 11
-0.49147 0.05847 0.00176 0 6.12500 46.95000 0.00147 0.41274 11
-0.11004 0.17401 0.00176 0 3.05000 45.85000 0.00147 0.43028 11
0.12091 -0.32115 0.00176 0 5.90000 46.55000 0.00147 0.44922 11
-0.95248 0.53824 0.00176 0 3.32500 48.32500 0.00147 0.46341 11
1.29839 -0.49312 0.00176 0 5.00000 52.15000 0.00147 0.48289 11
0.20908 0.71067 0.00176 0 2.55000 54.92500 0.00147 0.49751 11
-0.53761 -0.44507 0.00176 0 4.02500 53.82500 0.00147 0.51214 11
-0.41307 -0.17537 0.00176 0 2.30000 53.60000 0.00147 0.52270 11
0.61478 0.46987 0.00176 0 3.00000 54.75000 0.00147 0.53355 11
-0.28316 -0.40534 0.00662 0 -3.52500 61.10000 0.00634 2.63903 11
-0.01922 0.21664 0.00662 0 3.95000 60.25000 0.00634 2.65737 11
-0.11854 0.06461 0.00662 0 -1.40000 60.07500 0.00634 2.69448 11
-0.17413 -0.46015 0.00662 0 6.70000 60.97500 0.00634 2.71940 11
0.07831 -0.11610 0.00662 0 -1.45000 61.82500 0.00634 2.74095 11
-0.45966 -0.30935 0.00662 0 7.02500 63.57500 0.00634 2.76067 11
0.44882 -1.84719 0.00662 0 3.90000 15.80000 0.00634 0.99831 11
0.11102 0.99238 0.00662 0 5.47500 15.32500 0.00634 1.00421 11
-0.45909 -0.37993 0.00662 0 2.32500 16.52500 0.00634 1.02883 11
0.47568 0.55054 0.00662 0 5.27500 17.92500 0.00634 1.04262 11
1.20985 -1.39668 0.00662 0 2.87500 20.22500 0.00634 1.06898 11
-1.00630 0.80634 0.00662 0 4.67500 18.95000 0.00634 1.07716 11
0.52979 -1.20848 0.00662 0 3.12500 15.75000 0.00634 1.10220 11
-1.27251 1.20347 0.00662 0 4.52500 15.05000 0.00634 1.10808 11
0.80659 0.07086 0.00662 0 3.27500 10.52500 0.00634 1.12937 11
-0.95838 -0.11841 0.00662 0 4.92500 7.87500 0.00634 1.14339 11
-0.59278 -0.79871 0.00662 0 3.02500 6.20000 0.00634 1.15635 11
0.39369 1.06183 0.00662 0 4.30000 6.77500 0.00634 1.16190 11
0.56062 -0.25460 0.00662 0 3.07500 5.37500 0.00634 1.17534 11
-1.46749 1.88969 0.00662 0 3.97500 4.82500 0.00634 1.17999 11
-2.05572 1.35416 0.00662 0 4.50000 4.47500 0.00634 1.18132 11
0.03695 -0.03959 0.00662 0 4.37500 62.07500 0.00634 1.34072 11
-0.16924 -0.22820 0.00662 0 1.87500 61.67500 0.00634 1.40274 11
0.31900 -0.17288 0.00662 0 4.82500 58.32500 0.00634 1.44581 11
-0.43869 -0.01827 0.00662 0 1.27500 52.42500 0.00634 1.49761 11
0.40844 -0.68766 0.00662 0 5.30000 45.27500 0.00634 1.54660 11
-0.13664 0.38141 0.00662 0 2.07500 42.00000 0.00634 1.58768 11
-0.05912 -0.73515 0.00662 0 5.97500 40.82500 0.00634 1.64404 11
0.09659 -0.06594 0.00662 0 1.30000 41.50000 0.00634 1.68095 11
0.00126 -0.19190 0.00662 0 5.12500 42.32500 0.00634 1.72056 11
-0.30977 0.07395 0.00662 0 0.87500 40.32500 0.00634 1.76377 11
0.70961 -0.22826 0.00662 0 7.17500 35.60000 0.00634 1.79461 11
-0.72606 -0.10578 0.00662 0 1.12500 28.00000 0.00634 1.83885 11
0.83660 -0.40413 0.00662 0 7.47500 22.65000 0.00634 1.87476 11
2.16848 0.15800 0.00662 0 7.72500 12.22500 0.00634 1.91568 11
-11.93140 -6.64192 0.00662 0 -2.82500 1.92500 0.00634 1.95491 11
2.16770 1.53758 0.00662 0 -2.90000 1.77500 0.00634 1.95528 11
0.31784 -0.63582 0.00662 0 -1.15000 0.25000 0.00634 1.97692 11
-0.46605 0.81121 0.00662 0 -3.32500 1.67500 0.00634 1.98704 11
-0.45682 -0.03782 0.00662 0 -2.92500 1.75000 0.00634 1.95534 11
-0.01870 -0.44462 0.00662 0 -3.60000 2.60000 0.00634 1.97256 11
0.30363 0.11934 0.00662 0 -2.65000 3.30000 0.00634 1.98050 11
-2.16062 -0.17295 0.05389 0 -1.60000 -0.67500 0.02221 0.04692 -11
-2.49063 -0.45093 0.05389 0 5.67500 0.37500 0.02221 0.05076 -11
-2.34827 -0.34568 0.05389 0 3.35000 -0.37500 0.02221 0.04812 -11
-2.11221 -0.10484 0.05389 0 -3.40000 -0.35000 0.02221 0.04814 -11
-2.32751 -0.42116 0.05389 0 7.60000 1.32500 0.02221 0.05420 -11
-2.38884 -0.36915 0.05389 0 3.45000 -0.27500 0.02221 0.04840 -11
-2.35666 -0.33731 0.05389 0 1.92500 -0.67500 0.02221 0.04698 -11
-2.34278 -0.44926 0.05389 0 6.47500 0.72500 0.02221 0.05213 -11
-2.22894 -0.09282 0.05389 0 -3.72500 -0.27500 0.02221 0.04847 -11
-2.23399 -0.33144 0.05389 0 4.80000 0.00000 0.02221 0.04948 -11
-2.23778 -0.27814 0.05389 0 0.30000 -0.75000 0.02221 0.04668 -11
-2.31864 -0.13386 0.05389 0 -4.07500 -0.20000 0.02221 0.04874 -11
-2.85956 -0.55334 0.05389 0 8.17500 1.75000 0.02221 0.05584 -11
-2.31084 -0.11892 0.05389 0 -3.32500 -0.40000 0.02221 0.04801 -11
-2.39283 -0.40213 0.05389 0 7.15000 1.05000 0.02221 0.05334 -11
-2.57310 -0.41830 0.05389 0 6.70000 0.85000 0.02221 0.05261 -11
-2.21534 -0.16822 0.05389 0 -1.85000 -0.65000 0.02221 0.04707 -11
-2.34802 -0.33600 0.05389 0 4.22500 -0.12500 0.02221 0.04896 -11
-2.36755 -0.29375 0.05389 0 2.75000 -0.52500 0.02221 0.04756 -11
-2.24165 -0.40681 0.05389 0 6.92500 0.92500 0.02221 0.05284 -11
-2.17224 -0.35201 0.05389 0 5.77500 0.47500 0.02221 0.05117 -11
-2.26651 -0.22851 0.05389 0 0.77500 -0.85000 0.02221 0.04638 -11
-2.35008 -0.24781 0.05389 0 -2.02500 -0.67500 0.02221 0.04700 -11
-1.87500 -2.48413 0.00635 0 6.30000 63.70000 0.00556 1.07697 -11
0.66622 1.13723 0.00635 0 -0.37500 56.77500 0.00556 1.13524 -11
0.52480 1.18157 0.00635 0 -0.20000 49.00000 0.00556 1.21373 -11
0.46843 0.89983 0.00635 0 -0.02500 41.90000 0.00556 1.29068 -11
0.57272 2.07883 0.00635 0 -0.07500 34.00000 0.00556 1.36155 -11
-0.51199 -1.86976 0.00635 0 -2.95000 33.35000 0.00556 1.37187 -11
-3.57668 -10.54707 0.00635 0 -0.95000 29.37500 0.00556 1.43041 -11
0.26428 1.83248 0.00635 0 1.37500 28.17500 0.00556 1.46168 -11
0.12019 -1.49010 0.00635 0 -0.82500 28.10000 0.00556 1.46964 -11
-0.72154 0.75383 0.00635 0 1.62500 30.47500 0.00556 1.49367 -11
1.01706 -1.06471 0.00635 0 -0.30000 31.72500 0.00556 1.50247 -11
-0.58462 1.42702 0.00635 0 -1.07500 29.37500 0.00556 1.43031 -11
0.14565 -0.16057 0.00635 0 0.10000 30.95000 0.00556 1.44983 -11
-0.83600 -0.08336 0.00635 0 -1.20000 26.17500 0.00556 1.49791 -11
8.29564 5.11584 0.00635 0 -0.60000 27.27500 0.00556 1.50398 -11
0.70344 1.31081 0.00635 0 -0.17500 27.55000 0.00556 1.50773 -11
0.00761 -2.73036 0.01534 0 5.80000 32.57500 0.00093 1.41086 11
0.45040 1.50865 0.01534 0 5.55000 32.57500 0.00093 1.41176 11
-1.26727 -0.58409 0.00311 0 -3.95000 -14.75000 0.00234 0.14259 11
1.67011 1.04787 0.00311 0 -1.20000 -10.90000 0.00234 0.15990 11
-11.34808 -15.31725 0.00311 0 -3.32500 -3.45000 0.00234 0.19150 11
-8.89149 -10.04074 0.00311 0 -2.05000 -2.52500 0.00234 0.19515 11
23.39160 21.23848 0.00311 0 -0.97500 -1.57500 0.00234 0.20191 11
-17.47143 -12.32731 0.00311 0 -0.15000 22.60000 0.00234 0.36394 11
0.10870 -0.21008 0.00311 0 -1.75000 23.50000 0.00234 0.38455 11
-0.13222 0.12347 0.00311 0 0.40000 23.17500 0.00234 0.39602 11
1.33772 0.05897 0.00311 0 -1.52500 22.85000 0.00234 0.40565 11
-2.70346 -1.69719 0.00311 0 -1.05000 21.17500 0.00234 0.41239 11
2.89102 -2.46893 0.00304 0 2.22500 31.35000 0.00029 0.09780 11
-0.01433 0.74237 0.00304 0 -1.95000 31.62500 0.00029 0.11456 11
-1.61983 -2.55738 0.00304 0 0.52500 30.32500 0.00029 0.14886 11
-0.33964 0.39224 0.00304 0 -3.12500 30.50000 0.00029 0.16547 11
0.56624 -0.72500 0.00304 0 -1.37500 32.52500 0.00029 0.18558 11
0.93649 -0.26082 0.00304 0 -3.85000 31.87500 0.00029 0.19707 11
-0.81687 0.09835 0.00304 0 -1.92500 29.52500 0.00029 0.20974 11
0.42565 -1.83962 0.00304 0 -3.85000 27.12500 0.00029 0.22571 11
-1.01199 1.44039 0.00304 0 -2.75000 26.42500 0.00029 0.23077 11
1.24256 0.64594 0.00304 0 -2.75000 26.20000 0.00029 0.23195 11
-0.42253 -0.63757 0.00304 0 -1.42500 23.57500 0.00029 0.24749 11
-1.30312 0.20641 0.00304 0 -1.62500 23.67500 0.00029 0.24855 11
1.05903 0.12264 0.00304 0 -0.85000 26.60000 0.00029 0.26113 11
0.03326 -0.01730 0.00304 0 -1.70000 28.52500 0.00029 0.27084 11
0.04087 0.09057 0.00304 0 -0.50000 28.80000 0.00029 0.27959 11
-0.00386 -0.08011 0.00337 0 -2.22500 47.75000 0.00149 0.15715 11
0.86689 -0.60561 0.00337 0 5.40000 42.10000 0.00149 0.18969 11
-1.00555 0.48607 0.00337 0 -2.47500 38.00000 0.00149 0.21298 11
1.27973 -2.44871 0.00337 0 5.12500 34.00000 0.00149 0.24759 11
-0.95008 3.18794 0.00337 0 7.07500 33.35000 0.00149 0.25474 11
0.68893 0.39962 0.00337 0 -4.25000 33.57500 0.00149 0.25853 11
-0.38870 -1.38309 0.00337 0 4.57500 38.52500 0.00149 0.29332 11
0.30006 1.25800 0.00337 0 7.15000 39.20000 0.00149 0.30303 11
0.02436 1.33170 0.00337 0 -4.10000 39.20000 0.00149 0.30633 11
0.05236 -0.84802 0.00337 0 5.75000 40.10000 0.00149 0.34118 11
-0.07531 1.02515 0.00337 0 8.27500 39.85000 0.00149 0.35091 11
-0.18400 0.65871 0.00337 0 -2.60000 39.62500 0.00149 0.35651 11
0.73872 0.98828 0.00337 0 -2.65000 43.47500 0.00149 0.39258 11
-0.61246 -0.40549 0.00337 0 6.80000 46.17500 0.00149 0.41082 11
0.52812 -0.38501 0.00337 0 -2.57500 48.35000 0.00149 0.42914 11
-0.87902 0.21582 0.00337 0 -3.77500 49.92500 0.00149 0.43673 11
0.64634 -0.76090 0.00337 0 -2.12500 52.67500 0.00149 0.45402 11
-14.79604 8.17917 0.00337 0 -2.42500 53.07500 0.00149 0.45598 11
-0.65955 0.55562 0.00337 0 -2.60000 53.40000 0.00149 0.45757 11
0.22994 -0.05458 0.00337 0 -1.75000 54.15000 0.00149 0.46658 11
-1.04850 0.22281 0.00775 0 7.55000 -4.55000 0.00768 2.08291 11
-0.08909 0.30705 0.00775 0 0.35000 63.20000 0.00768 1.02633 11
0.13559 -0.51011 0.00775 0 -0.70000 58.87500 0.00768 1.10836 11
0.00768 0.44403 0.00775 0 -1.62500 58.82500 0.00768 1.15785 11
0.20544 -0.26304 0.00775 0 -2.35000 56.45000 0.00768 1.22535 11
0.22195 0.53546 0.00775 0 -2.17500 55.97500 0.00768 1.28152 11
-0.23884 -0.30480 0.00775 0 -1.80000 61.47500 0.00768 1.35005 11
0.02912 0.48099 0.00775 0 -1.60000 61.87500 0.00768 1.40657 11
0.04201 -0.43433 0.00775 0 -0.32500 62.55000 0.00768 1.47216 11
-0.24963 0.61376 0.00775 0 -2.80000 61.47500 0.00768 1.51485 11
0.15897 -0.39168 0.00775 0 -0.67500 58.02500 0.00768 1.57683 11
-0.03309 0.35112 0.00775 0 8.17500 56.87500 0.00768 1.61532 11
-0.04159 0.54252 0.00775 0 -3.42500 56.85000 0.00768 1.61870 11
0.08294 -0.21057 0.00775 0 -0.92500 56.50000 0.00768 1.67461 11
0.08407 0.23479 0.00775 0 7.50000 56.42500 0.00768 1.71363 11
0.09687 0.56316 0.00775 0 -4.22500 56.50000 0.00768 1.71596 11
-0.07066 -0.32469 0.00775 0 -0.67500 57.30000 0.00768 1.76722 11
0.16464 0.37806 0.00775 0 6.95000 59.35000 0.00768 1.80239 11
-0.48192 -0.30868 0.00775 0 0.37500 64.27500 0.00768 1.85753 11
-1.87677 -1.69402 0.00775 0 2.42500 53.55000 0.00768 4.71474 11
2.38440 0.91033 0.00775 0 2.12500 53.15000 0.00768 4.71661 11
-1.48864 -0.18502 0.00775 0 3.77500 46.60000 0.00768 4.74190 11
0.14052 0.24260 0.00775 0 1.32500 42.50000 0.00768 4.76096 11
0.15091 -0.26659 0.00775 0 -1.87500 62.47500 0.00768 0.95637 11
-0.33852 0.44844 0.00775 0 -2.52500 59.47500 0.00768 1.01061 11
0.32815 -0.36509 0.00775 0 -0.82500 53.62500 0.00768 1.07347 11
-0.23709 0.44056 0.00775 0 8.50000 50.20000 0.00768 1.11478 11
-0.25668 0.52068 0.00775 0 -2.95000 49.95000 0.00768 1.11906 11
0.14108 -0.09834 0.00775 0 -1.02500 46.40000 0.00768 1.17603 11
-0.00294 -0.01244 0.00775 0 -3.05000 46.22500 0.00768 1.23181 11
0.11131 0.08954 0.00775 0 -0.42500 44.80000 0.00768 1.27348 11
-0.22160 0.05151 0.00775 0 -3.10000 41.40000 0.00768 1.33239 11
0.19110 0.03312 0.00775 0 -0.22500 38.55000 0.00768 1.37789 11
-0.22593 -0.01751 0.00775 0 8.12500 35.05000 0.00768 1.42369 11
-0.42141 0.08485 0.00775 0 -3.90000 34.75000 0.00768 1.42665 11
0.62466 -0.04689 0.00775 0 0.05000 29.47500 0.00768 1.47137 11
-0.60118 0.10547 0.00775 0 6.87500 23.67500 0.00768 1.51076 11
0.59017 0.05890 0.00775 0 0.12500 16.72500 0.00768 1.55413 11
-0.73191 -0.18481 0.00775 0 7.17500 10.47500 0.00768 1.59906 11
0.91649 0.47576 0.00775 0 1.95000 3.45000 0.00768 1.63308 11
-1.96662 -1.81458 0.00775 0 5.95000 -8.57500 0.00768 1.69365 11
0.81319 -0.30478 0.00775 0 3.97500 -11.50000 0.00768 1.70608 11
0.33628 1.00159 0.00775 0 7.97500 -10.42500 0.00768 1.72196 11
0.26730 0.84354 0.00775 0 -3.17500 -10.20000 0.00768 1.72631 11
-0.26617 -0.84812 0.00775 0 4.42500 -7.27500 0.00768 1.77022 11
0.21482 0.53998 0.00775 0 -2.45000 -6.15000 0.00768 1.79228 11
-0.22126 -0.56250 0.00775 0 4.87500 -2.72500 0.00768 1.82716 11
0.38398 0.12622 0.00775 0 -2.15000 -0.87500 0.00768 1.85164 11
-0.75041 -0.39485 0.00775 0 6.37500 3.52500 0.00768 1.87380 11
0.64232 0.08349 0.00775 0 -1.50000 7.32500 0.00768 1.89858 11
0.01141 -0.50923 0.00775 0 5.97500 9.67500 0.00768 1.92410 11
-0.14206 0.05541 0.00775 0 -1.37500 9.12500 0.00768 1.94797 11
0.13400 0.01461 0.00775 0 6.27500 7.32500 0.00768 1.97187 11
0.61133 0.89825 0.00775 0 7.22500 5.70000 0.00768 2.01562 11
0.31700 -0.79710 0.00775 0 3.02500 60.92500 0.00768 0.92666 11
-0.11939 0.67249 0.00775 0 1.40000 58.22500 0.00768 0.97000 11
0.20590 -1.20877 0.00775 0 4.40000 52.22500 0.00768 1.04515 11
-0.12685 0.67814 0.00775 0 1.35000 51.00000 0.00768 1.08084 11
0.11821 -1.01961 0.00775 0 4.42500 49.42500 0.00768 1.15344 11
-0.22190 0.66597 0.00775 0 2.27500 48.37500 0.00768 1.19372 11
0.26880 -1.57382 0.00775 0 6.15000 45.85000 0.00768 1.26267 11
-0.15213 0.65501 0.00775 0 1.90000 44.55000 0.00768 1.29344 11
0.46786 -3.18378 0.00775 0 7.60000 43.12500 0.00768 1.36876 11
-0.18171 0.87710 0.00775 0 1.62500 42.50000 0.00768 1.39161 11
0.92497 -1.89864 0.00775 0 8.05000 35.45000 0.00768 1.46178 11
-0.88116 0.21486 0.00775 0 1.47500 30.75000 0.00768 1.49039 11
0.87280 -0.12058 0.00775 0 -4.12500 23.25000 0.00768 1.53355 11
1.56211 -1.13084 0.00775 0 8.27500 22.52500 0.00768 1.53755 11
-0.16649 0.07594 0.00775 0 0.17500 18.87500 0.00768 1.56188 11
0.19864 -0.92067 0.00775 0 7.77500 17.42500 0.00768 1.59309 11
-0.15793 0.13898 0.00775 0 0.07500 16.65000 0.00768 1.61381 11
0.14666 -0.00720 0.00775 0 -4.22500 16.45000 0.00768 1.63807 11
0.27229 -1.30118 0.00775 0 8.20000 16.32500 0.00768 1.64127 11
-0.52856 -0.86908 0.00775 0 0.35000 14.65000 0.00768 1.66494 11
1.34218 -1.47091 0.00775 0 -0.60000 13.90000 0.00768 1.67098 11
-1.95387 0.79071 0.00775 0 0.97500 12.65000 0.00768 1.67873 11
0.17598 -0.44298 0.00775 0 -1.12500 5.92500 0.00768 1.70943 11
-0.00307 0.36766 0.00775 0 -0.07500 6.27500 0.00768 1.71499 11
0.29660 -0.15996 0.00775 0 1.55000 62.47500 0.00768 0.95479 11
-0.32839 0.21173 0.00775 0 1.77500 56.20000 0.00768 1.02168 11
0.20010 -0.40456 0.00775 0 1.62500 51.52500 0.00768 1.09193 11
-0.51527 0.22783 0.00775 0 -0.10000 44.75000 0.00768 1.14693 11
0.43043 -0.18917 0.00775 0 0.90000 38.25000 0.00768 1.20578 11
-0.64372 0.29277 0.00775 0 -1.12500 30.15000 0.00768 1.26308 11
1.29541 -1.23699 0.00775 0 2.50000 17.52500 0.00768 1.32666 11
-2.04285 3.69176 0.00775 0 4.00000 16.67500 0.00768 1.33292 11
1.16428 -1.13527 0.00775 0 -0.70000 2.22500 0.00768 1.42544 11
-1.35333 1.22997 0.00775 0 4.55000 -2.50000 0.00768 1.45026 11
1.04839 -0.83765 0.00775 0 -1.17500 -17.05000 0.00768 1.53129 11
-0.99075 0.81204 0.00775 0 4.95000 -22.52500 0.00768 1.56104 11
1.42166 -0.60492 0.00775 0 -1.57500 -35.32500 0.00768 1.63059 11
-1.42734 0.59065 0.00775 0 3.52500 -42.80000 0.00768 1.66309 11
2.47565 -1.22236 0.00775 0 -1.42500 -57.72500 0.00768 1.72794 11
-3.41035 1.50418 0.00775 0 1.42500 -62.65000 0.00768 1.74739 11
0.81725 0.01148 0.00775 0 0.25000 59.80000 0.00768 0.81996 11
-0.66708 0.30720 0.00775 0 -2.50000 45.87500 0.00768 0.88950 11
0.57001 -0.12098 0.00775 0 -1.07500 36.75000 0.00768 0.95309 11
-0.74493 -0.01646 0.00775 0 8.25000 26.72500 0.00768 1.01107 11
-2.12698 0.22976 0.00775 0 -3.57500 25.00000 0.00768 1.01778 11
1.99323 -0.10820 0.00775 0 2.85000 11.12500 0.00768 1.07139 11
-2.32544 0.13872 0.00775 0 7.60000 -3.17500 0.00768 1.12477 11
-2.36550 0.19860 0.00775 0 -4.27500 -4.82500 0.00768 1.13075 11
1.44999 -0.03444 0.00775 0 1.77500 -18.20000 0.00768 1.18472 11
-0.52833 0.02907 0.00775 0 8.27500 63.70000 0.00768 0.86889 11
-0.74828 0.11796 0.00775 0 -3.72500 63.10000 0.00768 0.87252 11
0.61025 -0.05036 0.00775 0 -0.82500 57.27500 0.00768 0.91754 11
-0.46774 0.05734 0.00775 0 7.17500 50.02500 0.00768 0.96479 11
0.65024 -0.03238 0.00775 0 -1.30000 42.27500 0.00768 1.02081 11
-0.57942 0.28805 0.00775 0 6.82500 35.07500 0.00768 1.06643 11
0.57170 -0.54347 0.00775 0 -1.02500 27.75000 0.00768 1.12273 11
-0.59637 0.55084 0.00775 0 5.97500 23.40000 0.00768 1.15492 11
0.59563 -0.68294 0.00775 0 -0.05000 17.75000 0.00768 1.21030 11
-0.67688 0.78320 0.00775 0 5.47500 14.32500 0.00768 1.23495 11
0.81668 -0.51989 0.00775 0 0.17500 6.70000 0.00768 1.28925 11
-0.76581 0.46654 0.00775 0 5.77500 2.17500 0.00768 1.31761 11
1.17013 -0.39586 0.00775 0 0.50000 -6.07500 0.00768 1.36474 11
-1.24983 0.64255 0.00775 0 5.05000 -12.10000 0.00768 1.39309 11
1.44923 0.01757 0.00775 0 1.17500 -21.85000 0.00768 1.43458 11
-1.54646 0.07159 0.00775 0 4.85000 -30.52500 0.00768 1.46989 11
2.00564 0.61238 0.00775 0 2.65000 -42.25000 0.00768 1.51234 11
-7.01689 -3.46009 0.00775 0 4.62500 -55.30000 0.00768 1.56381 11
3.87972 -0.01598 0.00775 0 4.30000 -56.15000 0.00768 1.56684 11
-2.14981 -0.01335 0.00775 0 5.85000 -62.47500 0.00768 1.58929 11
-1.99987 1.57206 0.00775 0 5.87500 -62.50000 0.00768 1.58943 11
-0.29313 -0.17367 0.00775 0 -0.97500 62.15000 0.00768 0.91170 11
0.34001 0.20866 0.00775 0 -0.35000 58.65000 0.00768 0.95945 11
-0.48264 -0.37759 0.00775 0 -1.90000 48.40000 0.00768 1.04872 11
0.49199 0.56291 0.00775 0 1.00000 43.70000 0.00768 1.08674 11
-0.46849 -0.75982 0.00775 0 -3.00000 32.60000 0.00768 1.18248 11
0.25351 0.74917 0.00775 0 1.42500 30.15000 0.00768 1.21082 11
-0.20370 -0.69949 0.00775 0 -2.57500 26.70000 0.00768 1.30351 11
0.48794 1.01000 0.00775 0 1.97500 25.12500 0.00768 1.33079 11
-0.41126 -0.69767 0.00775 0 -3.67500 14.97500 0.00768 1.42113 11
0.34656 0.74573 0.00775 0 1.17500 12.47500 0.00768 1.44843 11
-0.28691 -0.30442 0.00775 0 -2.85000 6.52500 0.00768 1.53038 11
0.25217 0.45125 0.00775 0 0.15000 4.85000 0.00768 1.56661 11
-0.20848 -0.23363 0.00775 0 -3.02500 1.70000 0.00768 1.63659 11
0.05735 0.29567 0.00775 0 0.20000 -0.55000 0.00768 1.67316 11
0.03553 -0.26257 0.00775 0 -3.02500 0.57500 0.00768 1.74067 11
0.15493 0.67900 0.00775 0 0.25000 -0.02500 0.00768 1.77657 11
-0.20195 -0.89060 0.00775 0 7.17500 -2.45000 0.00768 1.84167 11
0.81129 1.06133 0.00775 0 1.15000 -4.35000 0.00768 1.86551 11
-0.85187 -1.23605 0.00775 0 6.10000 -13.17500 0.00768 1.93029 11
2.55622 3.27530 0.00775 0 2.72500 -16.47500 0.00768 1.94702 11
-0.39856 0.02397 0.00775 0 6.52500 61.70000 0.00768 0.90022 11
0.51476 -0.25327 0.00775 0 6.80000 54.00000 0.00768 0.96499 11
-0.61934 -0.24476 0.00775 0 4.92500 40.97500 0.00768 1.04349 11
0.55736 -0.13402 0.00775 0 6.87500 32.70000 0.00768 1.09689 11
-0.72147 -0.45624 0.00775 0 4.70000 21.57500 0.00768 1.17366 11
0.67588 0.60901 0.00775 0 -3.42500 14.27500 0.00768 1.21464 11
0.49370 -0.02751 0.00775 0 8.35000 13.77500 0.00768 1.21832 11
-0.52276 -0.50566 0.00775 0 5.20000 3.40000 0.00768 1.29242 11
0.48937 0.27611 0.00775 0 -3.95000 -1.95000 0.00768 1.33544 11
0.73041 -0.53584 0.00775 0 8.07500 -2.35000 0.00768 1.33845 11
-0.56325 -0.31761 0.00775 0 4.55000 -10.47500 0.00768 1.39353 11
0.55424 0.21421 0.00775 0 -3.67500 -16.40000 0.00768 1.43481 11
0.22307 -0.42782 0.00775 0 8.42500 -16.92500 0.00768 1.43841 11
-0.20960 -0.18401 0.00775 0 5.52500 -20.02500 0.00768 1.49166 11
0.26391 0.17203 0.00775 0 -3.60000 -22.25000 0.00768 1.53599 11
-0.28327 0.05966 0.00775 0 5.42500 -26.10000 0.00768 1.58783 11
0.71082 0.36528 0.00775 0 -3.10000 -30.20000 0.00768 1.63988 11
-1.13670 -0.84998 0.00775 0 2.75000 -40.60000 0.00768 1.69817 11
1.07007 0.63886 0.00775 0 -3.10000 -46.62500 0.00768 1.72981 11
-0.15744 1.06829 0.00775 0 7.90000 -58.62500 0.00768 1.80569 11
-0.44590 -0.04190 0.00775 0 -3.15000 57.72500 0.00768 0.88652 11
0.63572 0.13756 0.00775 0 -0.82500 50.55000 0.00768 0.93503 11
-0.73246 -0.08340 0.00775 0 -3.35000 38.65000 0.00768 1.00901 11
0.83161 0.24155 0.00775 0 -0.00000 30.50000 0.00768 1.05547 11
-0.90618 -0.35062 0.00775 0 7.35000 17.27500 0.00768 1.12124 11
1.17309 0.10865 0.00775 0 0.47500 8.35000 0.00768 1.16383 11
-0.62122 -0.36112 0.00775 0 7.77500 -4.27500 0.00768 1.22703 11
0.51613 0.72461 0.00775 0 0.20000 -9.12500 0.00768 1.26228 11
-0.31172 -0.66080 0.00775 0 7.45000 -16.05000 0.00768 1.32958 11
0.29829 0.42975 0.00775 0 0.12500 -17.87500 0.00768 1.36010 11
-0.23479 -0.64671 0.00775 0 7.30000 -21.12500 0.00768 1.41481 11
0.06421 0.58287 0.00775 0 0.45000 -23.02500 0.00768 1.44324 11
0.57387 0.22045 0.00775 0 5.55000 -19.92500 0.00768 1.47634 11
-0.72010 -0.16543 0.00775 0 0.42500 -13.07500 0.00768 1.51491 11
0.56538 0.01997 0.00775 0 8.05000 -6.82500 0.00768 1.55635 11
0.65899 0.13641 0.00775 0 -3.95000 -6.40000 0.00768 1.55944 11
-1.01295 -1.46660 0.00775 0 4.75000 -0.10000 0.00768 1.59233 11
0.63823 0.83290 0.00775 0 7.07500 1.17500 0.00768 1.60178 11
-0.53181 -0.01670 0.00775 0 2.95000 3.37500 0.00768 1.62725 11
0.62242 0.07025 0.00775 0 6.55000 6.92500 0.00768 1.64941 11
-1.03725 0.17688 0.00775 0 3.12500 10.92500 0.00768 1.67305 11
1.34630 -0.20880 0.00775 0 5.80000 16.35000 0.00768 1.69872 11
-1.88400 -0.18893 0.00775 0 3.42500 21.00000 0.00768 1.71901 11
2.48718 0.31628 0.00775 0 5.02500 24.50000 0.00768 1.73295 11
0.20235 -0.32593 0.00775 0 5.07500 24.75000 0.00768 1.73393 11
-0.10350 0.15116 0.00775 0 8.20000 24.22500 0.00768 1.74880 11
0.48359 -0.52453 0.00775 0 -4.07500 24.55000 0.00768 1.75218 11
-0.51987 -0.23248 0.00775 0 6.05000 25.70000 0.00768 1.76085 11
0.47662 -0.12378 0.00775 0 -3.35000 27.62500 0.00768 1.77773 11
-0.62398 -0.26411 0.00775 0 6.47500 28.80000 0.00768 1.78868 11
0.79446 -0.23050 0.00775 0 -3.32500 30.77500 0.00768 1.80342 11
0.33746 0.43012 0.00775 0 -4.17500 34.50000 0.00768 1.82286 11
-0.51458 1.35151 0.00775 0 -4.07500 33.82500 0.00768 1.84380 11
-0.51620 0.17032 0.00775 0 -4.00000 31.85000 0.00768 1.86150 11
-0.08812 0.25432 0.00775 0 3.55000 64.87500 0.00768 0.98063 11
0.00262 -0.48489 0.00775 0 4.57500 63.20000 0.00768 1.04584 11
0.30654 -0.18466 0.00775 0 -3.47500 63.27500 0.00768 1.45213 11
0.13998 0.32194 0.00775 0 3.52500 62.07500 0.00768 1.48456 11
-0.49933 -0.11701 0.00775 0 -3.27500 63.85000 0.00768 1.52642 11
-2.79450 -2.28032 0.00775 0 3.25000 56.37500 0.00768 3.32944 11
0.58806 -0.07276 0.00775 0 3.45000 52.10000 0.00768 3.35703 11
-0.79366 -0.13189 0.00775 0 5.42500 50.22500 0.00768 3.37045 11
0.57073 0.33632 0.00775 0 3.75000 49.50000 0.00768 3.37850 11
-0.71603 0.02002 0.00775 0 5.42500 47.82500 0.00768 3.39000 11
4.29674 -0.58111 0.00775 0 4.17500 45.82500 0.00768 3.40044 11
0.26457 0.04072 0.00775 0 3.17500 46.40000 0.00768 3.40838 11
-0.31181 -0.10783 0.00775 0 3.95000 46.00000 0.00768 3.41517 11
7.27216 3.20435 0.00775 0 3.97500 45.97500 0.00768 3.41576 11
-0.53128 -0.04458 0.00775 0 7.92500 65.00000 0.00768 1.02811 11
-0.47031 0.29691 0.00775 0 -3.97500 64.67500 0.00768 1.03096 11
0.63108 -0.11048 0.00775 0 -0.02500 57.45000 0.00768 1.08064 11
-0.74627 -0.04010 0.00775 0 7.82500 48.47500 0.00768 1.13146 11
-0.93198 0.28388 0.00775 0 -4.10000 47.82500 0.00768 1.13479 11
1.68971 -1.98016 0.00775 0 2.52500 36.27500 0.00768 1.19600 11
-1.45380 2.00852 0.00775 0 5.87500 33.65000 0.00768 1.21060 11
1.38427 -1.89166 0.00775 0 3.15000 23.80000 0.00768 1.28221 11
-1.30852 1.64178 0.00775 0 6.22500 21.57500 0.00768 1.29540 11
1.03800 -0.83406 0.00775 0 2.32500 10.62500 0.00768 1.35275 11
-1.37144 1.04914 0.00775 0 6.45000 6.55000 0.00768 1.37371 11
0.64449 -0.74958 0.00775 0 2.70000 -3.02500 0.00768 1.42276 11
-0.62238 0.87413 0.00775 0 6.92500 -5.25000 0.00768 1.44066 11
0.33702 -0.80461 0.00775 0 2.90000 -9.10000 0.00768 1.48878 11
-0.37474 0.87072 0.00775 0 7.02500 -10.15000 0.00768 1.50471 11
-0.34930 1.49573 0.00775 0 -4.37500 -10.32500 0.00768 1.50750 11
0.37354 -0.75488 0.00775 0 2.97500 -13.17500 0.00768 1.54688 11
-0.43041 0.99319 0.00775 0 6.77500 -14.62500 0.00768 1.56238 11
1.38685 -0.90538 0.00775 0 3.90000 -21.50000 0.00768 1.60372 11
-1.65696 0.95257 0.00775 0 6.40000 -24.87500 0.00768 1.61882 11
1.38740 -1.58765 0.00775 0 5.10000 -34.35000 0.00768 1.66127 11
-1.86811 1.94271 0.00775 0 6.85000 -35.82500 0.00768 1.66932 11
0.60274 -2.24987 0.00775 0 5.90000 -41.52500 0.00768 1.69889 11
-0.82321 9.10321 0.00775 0 6.65000 -41.70000 0.00768 1.70164 11
11.80889 -10.01742 0.00775 0 5.82500 -39.07500 0.00768 1.72403 11
4.07420 -1.22488 0.00775 0 5.90000 -39.27500 0.00768 1.72480 11
-2.83002 1.18844 0.00775 0 6.50000 -40.32500 0.00768 1.72945 11
0.82413 0.09106 0.00775 0 6.55000 -40.77500 0.00768 1.73128 11
-0.16206 0.21406 0.00775 0 7.77500 -41.07500 0.00768 1.73865 11
0.46426 -1.14995 0.00775 0 6.92500 -35.87500 0.00768 1.66960 11
1.32467 2.31997 0.00775 0 7.85000 -35.65000 0.00768 1.67357 11
1.96915 3.23999 0.00775 0 7.95000 -35.60000 0.00768 1.67417 11
-0.74425 0.62482 0.00154 0 -3.75000 -37.35000 0.00128 -0.19347 11
0.63612 -0.48741 0.00154 0 -1.45000 -34.65000 0.00128 -0.17423 11
1.21357 -2.74364 0.00154 0 -3.62500 -34.90000 0.00128 -0.16312 11
-1.41243 2.49594 0.00154 0 -2.47500 -35.52500 0.00128 -0.15792 11
-0.22458 -0.01817 0.00154 0 -3.37500 -35.45000 0.00128 -0.14134 11
0.18402 0.08122 0.00154 0 -1.85000 -35.22500 0.00128 -0.13172 11
0.46761 0.51581 0.00154 0 -2.82500 -35.60000 0.00128 -0.12572 11
-0.33949 -0.56949 0.00154 0 -2.15000 -36.57500 0.00128 -0.11320 11
-3.07700 -0.17411 0.01177 0 -3.72500 -37.30000 0.00356 -0.19323 11
2.00541 -0.02259 0.01177 0 7.02500 -8.50000 0.00356 -0.08420 11
-7.18908 0.02810 0.01177 0 -0.27500 17.07500 0.00356 0.00879 11
1.25647 0.96395 0.01177 0 7.10000 40.95000 0.00356 0.09643 11
2.30036 1.57683 0.01177 0 -4.17500 42.02500 0.00356 0.10129 11
-0.60739 -0.09189 0.00191 0 2.10000 64.30000 0.00186 1.64674 11
0.45500 0.65954 0.00191 0 -0.20000 63.40000 0.00186 1.65703 11
-0.28431 -0.22361 0.00191 0 1.25000 62.07500 0.00186 1.67187 11
-11.47735 -2.90757 0.00191 0 -0.02500 59.80000 0.00186 1.68818 11
-6.60395 -0.75323 0.00191 0 0.70000 -27.55000 0.00186 2.70871 11
2.88462 -20.81337 0.00258 0 1.82500 -60.00000 0.00252 2.85439 11
-0.15801 4.59152 0.00258 0 1.82500 -58.12500 0.00252 2.87025 11
-0.37297 -1.02996 0.00258 0 0.92500 -59.70000 0.00252 2.88515 11
0.50880 0.61748 0.00258 0 1.95000 -59.45000 0.00252 2.88992 11
-0.37370 -1.21712 0.00164 0 -2.57500 48.30000 0.00022 1.00541 11
1.17540 0.16933 0.00164 0 6.90000 48.02500 0.00022 1.01770 11
-2.34310 -0.48759 0.00164 0 8.30000 44.37500 0.00022 1.03372 11
-1.71556 -0.30284 0.00164 0 -3.70000 42.87500 0.00022 1.04020 11
