0.36452 0.97495 0.00634 0 2.20000 -59.70000 0.00622 0.95320 11
0.38036 0.99796 0.00634 0 2.17500 -52.85000 0.00622 1.05727 11
0.45373 0.86477 0.00634 0 2.12500 -42.65000 0.00622 1.15941 11
-0.15197 -1.12787 0.00634 0 -3.82500 -38.62500 0.00622 1.23702 11
0.10210 1.20611 0.00634 0 2.15000 -38.15000 0.00622 1.25886 11
0.33295 -1.59540 0.00634 0 -3.32500 -36.07500 0.00622 1.33612 11
-0.35895 1.65041 0.00634 0 1.25000 -37.15000 0.00622 1.35277 11
-0.09215 -2.81157 0.00634 0 -2.97500 -34.50000 0.00622 1.43018 11
0.03228 3.56868 0.00634 0 -0.32500 -34.42500 0.00622 1.43926 11
-1.45966 -4.34391 0.00634 0 -1.35000 -9.67500 0.00622 1.68449 11
1.51412 5.59298 0.00634 0 -0.07500 -9.40000 0.00622 1.68898 11
0.63060 -0.61191 0.00634 0 -1.92500 -11.15000 0.00622 1.72194 11
-0.74282 0.73939 0.00634 0 0.97500 -12.90000 0.00622 1.73513 11
2.04899 0.12363 0.00634 0 -0.37500 -20.10000 0.00622 1.76647 11
-1.89709 -0.21864 0.00634 0 1.20000 -24.62500 0.00622 1.78484 11
3.49975 0.12025 0.00634 0 1.17500 -24.92500 0.00622 1.78596 11
-2.12475 1.08735 0.00634 0 1.57500 -29.60000 0.00622 1.80255 11
-67.48991 18.94478 0.00634 0 -0.05000 -37.32500 0.00622 1.84462 11
0.63298 -0.58521 0.00634 0 0.07500 -41.70000 0.00622 1.86733 11
-0.35362 0.64472 0.00634 0 0.77500 -42.12500 0.00622 1.87110 11
-0.41288 -0.84533 0.00634 0 -0.42500 -15.35000 0.00622 1.61242 11
0.09010 0.38248 0.00634 0 0.45000 -15.12500 0.00622 1.61638 11
0.10390 -0.37487 0.00634 0 -1.57500 -15.87500 0.00622 1.62984 11
0.36021 0.74482 0.00634 0 -0.87500 -15.85000 0.00622 1.63482 11
-0.76804 -2.31348 0.00634 0 -2.37500 -62.25000 0.00622 0.80099 11
0.74390 2.65762 0.00634 0 1.42500 -61.12500 0.00622 0.81445 11
-0.90719 -1.64080 0.00634 0 -3.25000 -54.95000 0.00622 0.89288 11
1.03429 1.78260 0.00634 0 0.40000 -52.87500 0.00622 0.90749 11
-0.60737 -1.20460 0.00634 0 -3.60000 -43.42500 0.00622 0.98225 11
0.55126 1.05015 0.00634 0 1.50000 -41.22500 0.00622 1.00237 11
-0.67308 -0.69014 0.00634 0 -4.47500 -33.52500 0.00622 1.06095 11
0.78849 0.69549 0.00634 0 1.20000 -29.45000 0.00622 1.08719 11
-0.90495 -0.70560 0.00634 0 -4.35000 -20.02500 0.00622 1.14323 11
0.84407 0.72396 0.00634 0 0.92500 -15.97500 0.00622 1.16797 11
-1.09649 -0.91450 0.00634 0 -3.95000 -6.50000 0.00622 1.22516 11
1.19065 0.96127 0.00634 0 0.15000 -2.55000 0.00622 1.24555 11
-1.13205 -0.67218 0.00634 0 -3.42500 9.82500 0.00622 1.29904 11
1.01274 0.58463 0.00634 0 0.95000 14.22500 0.00622 1.32174 11
-1.05420 -0.69714 0.00634 0 -2.97500 24.97500 0.00622 1.37093 11
0.88674 0.69496 0.00634 0 1.27500 29.07500 0.00622 1.39271 11
-1.12716 -0.63190 0.00634 0 -2.97500 36.45000 0.00622 1.44237 11
1.57682 0.81752 0.00634 0 0.30000 40.70000 0.00622 1.46166 11
-1.79162 -0.85991 0.00634 0 -1.05000 54.35000 0.00622 1.51383 11
2.34935 0.57017 0.00634 0 0.50000 57.37500 0.00622 1.52592 11
-1.39119 -0.34989 0.00634 0 -1.52500 63.65000 0.00622 1.55579 11
1.06398 0.24715 0.00634 0 1.42500 -61.10000 0.00622 0.81449 11
-1.63002 9.63859 0.00634 0 0.60000 -58.25000 0.00622 0.83151 11
-0.71022 -2.62821 0.00634 0 0.07500 -62.00000 0.00622 0.93283 11
1.01520 2.68918 0.00634 0 4.35000 -60.70000 0.00622 0.94812 11
-0.41735 -3.92532 0.00634 0 0.87500 -54.40000 0.00622 1.05510 11
5.42841 35.62213 0.00634 0 2.40000 -54.27500 0.00622 1.06471 11
-0.46586 -0.90269 0.00634 0 -2.17500 -47.97500 0.00622 1.13350 11
0.36007 1.08119 0.00634 0 3.77500 -46.30000 0.00622 1.15633 11
-0.50399 -1.29563 0.00634 0 -1.57500 -41.45000 0.00622 1.22529 11
0.59261 1.37868 0.00634 0 3.37500 -39.57500 0.00622 1.24434 11
-0.24898 -1.20692 0.00634 0 -1.90000 -33.15000 0.00622 1.30853 11
0.11944 1.10742 0.00634 0 2.87500 -32.60000 0.00622 1.32593 11
0.12549 -1.12143 0.00634 0 -3.07500 -32.95000 0.00622 1.38467 11
-0.21286 0.98245 0.00634 0 2.00000 -33.65000 0.00622 1.40354 11
0.08142 -0.93006 0.00634 0 -4.12500 -35.20000 0.00622 1.45732 11
-0.17824 1.17875 0.00634 0 0.75000 -35.65000 0.00622 1.47536 11
-0.33962 1.16066 0.00634 0 -0.97500 -37.35000 0.00622 1.54531 11
-0.42884 1.36191 0.00634 0 -0.85000 -42.97500 0.00622 1.61655 11
-0.14189 1.27820 0.00634 0 -0.92500 -44.02500 0.00622 1.68637 11
-0.24554 -2.90605 0.00634 0 -2.62500 -41.45000 0.00622 1.74922 11
0.29478 2.92615 0.00634 0 -0.87500 -41.32500 0.00622 1.75527 11
-0.35616 -3.19419 0.00634 0 -1.67500 -41.42500 0.00622 1.81452 11
0.44701 1.90160 0.00634 0 0.47500 -41.07500 0.00622 1.82182 11
0.28407 -1.06326 0.00634 0 -2.77500 -40.97500 0.00622 1.86345 11
-0.27906 1.08636 0.00634 0 0.45000 -41.82500 0.00622 1.87589 11
-0.79689 -0.15291 0.00634 0 -3.30000 -37.77500 0.00622 1.90894 11
0.84027 -0.03585 0.00634 0 0.17500 -32.72500 0.00622 1.93507 11
-0.39027 -0.04664 0.00634 0 -3.32500 -28.47500 0.00622 1.95879 11
0.37102 -0.07115 0.00634 0 0.70000 -26.20000 0.00622 1.98128 11
-0.11524 0.87675 0.00634 0 -2.77500 -24.72500 0.00622 1.99716 11
0.14349 -1.06768 0.00634 0 -0.15000 -23.17500 0.00622 2.02744 11
0.62863 0.11747 0.00634 0 -1.05000 -47.75000 0.00622 2.11613 11
-0.66756 -0.25780 0.00634 0 1.42500 -49.92500 0.00622 2.13443 11
0.78621 0.58183 0.00634 0 -0.72500 -51.07500 0.00622 2.14453 11
-0.84652 -0.58913 0.00634 0 1.12500 -53.82500 0.00622 2.16247 11
1.50794 0.32132 0.00634 0 -0.27500 -55.57500 0.00622 2.17118 11
-1.04218 -0.63725 0.00634 0 1.02500 -58.35000 0.00622 2.18535 11
-0.73899 -0.42164 0.00634 0 -0.40000 -57.87500 0.00622 2.19342 11
0.32085 0.27268 0.00634 0 0.67500 -56.97500 0.00622 2.20073 11
-0.03919 -0.46056 0.00634 0 -0.92500 -58.50000 0.00622 2.21440 11
-0.30360 -0.18429 0.00634 0 -0.25000 -58.62500 0.00622 2.22003 11
-0.23746 -3.45928 0.00634 0 0.95000 -54.37500 0.00622 1.05509 11
-1.87249 -0.48771 0.00634 0 0.95000 -54.37500 0.00622 1.05510 11
-0.54799 -5.00471 0.00634 0 6.05000 -64.55000 0.00622 3.44327 11
2.01936 6.22531 0.00634 0 7.70000 -64.27500 0.00622 3.44908 11
0.65646 1.40847 0.00634 0 -0.52500 -62.72500 0.00622 3.46327 11
0.64532 2.51397 0.00634 0 -0.85000 -54.67500 0.00622 3.56338 11
-0.72441 -2.87844 0.00634 0 -3.12500 -50.52500 0.00622 3.65323 11
0.69477 2.68259 0.00634 0 0.20000 -49.85000 0.00622 3.66483 11
2.17496 -4.89601 0.00634 0 -4.20000 -50.92500 0.00622 3.82170 11
-2.89813 4.63269 0.00634 0 -3.20000 -51.40000 0.00622 3.82573 11
0.25114 -0.67456 0.00634 0 3.12500 -55.67500 0.00622 3.87528 11
-0.21119 0.64523 0.00634 0 -2.52500 -57.30000 0.00622 3.90276 11
0.16653 -1.01395 0.00634 0 3.52500 -58.52500 0.00622 3.95055 11
-0.18960 0.91385 0.00634 0 8.25000 -59.32500 0.00622 3.96845 11
-0.26788 0.74734 0.00634 0 -2.82500 -59.65000 0.00622 3.97335 11
-0.01437 -0.87777 0.00634 0 3.40000 -60.87500 0.00622 4.01692 11
0.01978 0.87288 0.00634 0 7.90000 -60.70000 0.00622 4.03397 11
-0.15257 0.82716 0.00634 0 -3.42500 -60.75000 0.00622 4.03765 11
0.03784 -0.77368 0.00634 0 3.35000 -61.72500 0.00622 4.07645 11
-0.03040 0.87565 0.00634 0 7.42500 -61.72500 0.00622 4.09193 11
-0.12670 0.76312 0.00634 0 -4.02500 -61.72500 0.00622 4.09487 11
-0.39069 1.24933 0.00634 0 5.00000 64.82500 0.00622 6.38600 11
0.04125 -0.50344 0.00634 0 2.72500 63.87500 0.00622 6.40310 11
-0.16278 0.39584 0.00634 0 4.82500 63.47500 0.00622 6.41269 11
-0.04152 -0.00211 0.00634 0 2.67500 63.07500 0.00622 6.43007 11
0.13057 0.09413 0.00634 0 4.90000 63.15000 0.00622 6.44206 11
-0.23853 0.43601 0.00634 0 2.85000 63.67500 0.00622 6.45294 11
0.38677 -0.38426 0.00634 0 4.57500 64.75000 0.00622 6.46814 11
0.52263 0.13157 0.00634 0 2.92500 64.12500 0.00622 6.47682 11
-0.39672 -0.36269 0.00634 0 4.37500 63.10000 0.00622 6.48976 11
7.00311 7.20580 0.00634 0 4.00000 62.87500 0.00622 6.49248 11
1.13943 2.11825 0.00634 0 -0.52500 -62.72500 0.00622 3.46326 11
5.12624 -5.86760 0.00634 0 -0.52500 -62.72500 0.00622 3.46327 11
-1.82334 -1.75507 0.00284 0 -4.15000 -62.07500 0.00145 1.09309 11
2.78030 1.93853 0.00284 0 -2.85000 -60.72500 0.00145 1.09975 11
-0.88975 -0.87900 0.00284 0 -3.65000 -53.75000 0.00145 1.12945 11
0.82370 0.62050 0.00284 0 -1.72500 -52.00000 0.00145 1.13941 11
-1.04362 0.63813 0.00284 0 -3.52500 -25.27500 0.00145 1.26531 11
0.30341 -0.49741 0.00284 0 -2.37500 -24.45000 0.00145 1.28020 11
-4.14632 -55.04744 0.00284 0 -3.42500 -24.57500 0.00145 1.28583 11
2.55154 2.37898 0.00284 0 -4.25000 -8.42500 0.00145 1.51008 11
0.65090 1.45530 0.00284 0 5.22500 -64.82500 0.00145 1.18613 11
2.66500 2.05476 0.00763 0 -1.72500 -55.37500 0.00732 1.10592 11
-1.33136 -1.07526 0.00763 0 4.92500 -40.82500 0.00732 1.17252 11
1.15210 0.65751 0.00763 0 -1.00000 -33.90000 0.00732 1.20655 11
-2.26810 -0.85914 0.00763 0 -1.12500 61.30000 0.00732 1.65304 11
3.30545 1.35330 0.00763 0 0.20000 64.07500 0.00732 1.66378 11
0.59643 0.26839 0.00763 0 -0.87500 44.05000 0.00732 1.58707 11
-1.32969 -1.22795 0.03949 0 4.40000 -52.15000 0.00288 0.92351 11
1.27812 0.80472 0.03949 0 3.42500 -41.02500 0.00288 0.98075 11
1.46403 0.86008 0.03949 0 3.40000 -2.62500 0.00288 1.15552 11
-2.17708 -1.60130 0.03949 0 7.10000 24.92500 0.00288 1.27025 11
1.19653 0.56901 0.03949 0 2.57500 34.82500 0.00288 1.31472 11
-2.10707 -1.81192 0.03949 0 7.30000 51.82500 0.00288 1.39771 11
1.15011 0.56906 0.03949 0 1.90000 59.80000 0.00288 1.43517 11
0.04058 -0.19090 0.00962 0 4.05000 -64.55000 0.00956 0.64777 11
0.00528 0.11981 0.00962 0 -0.27500 -63.35000 0.00956 0.71740 11
0.07729 -0.24944 0.00962 0 3.82500 -60.92500 0.00956 0.82983 11
-0.00580 0.21644 0.00962 0 0.15000 -60.30000 0.00956 0.89511 11
0.10571 -0.49314 0.00962 0 2.40000 -57.12500 0.00956 1.01470 11
-0.20311 0.40259 0.00962 0 0.27500 -55.50000 0.00956 1.07017 11
0.22624 -0.47620 0.00962 0 1.25000 -47.47500 0.00956 1.19067 11
-0.13656 0.42508 0.00962 0 1.20000 -45.07500 0.00956 1.23695 11
-0.01980 -0.95600 0.00962 0 0.65000 -39.75000 0.00956 1.34992 11
0.01524 0.81550 0.00962 0 3.27500 -40.37500 0.00956 1.38324 11
-0.21510 -1.76526 0.00962 0 -3.52500 -42.67500 0.00956 1.49478 11
0.00122 2.06252 0.00962 0 3.65000 -43.00000 0.00956 1.51112 11
0.14572 -2.23673 0.00144 0 3.87500 -36.22500 0.00130 1.41805 11
-1.19790 1.81416 0.00144 0 3.85000 -35.55000 0.00130 1.43749 11
0.19437 -0.17789 0.00144 0 4.00000 -35.97500 0.00130 1.44077 11
0.57193 -0.36549 0.00962 0 -2.22500 -53.42500 0.00956 0.66521 11
-0.87878 0.54739 0.00962 0 -1.82500 -44.12500 0.00956 0.71950 11
0.78025 -0.45000 0.00962 0 -2.97500 -21.17500 0.00956 0.84163 11
-0.78677 0.50809 0.00962 0 -1.60000 -12.72500 0.00956 0.89054 11
0.73618 -0.30759 0.00962 0 -2.12500 7.25000 0.00956 1.01003 11
-0.61429 0.51748 0.00962 0 -1.50000 14.72500 0.00956 1.06024 11
0.45741 -0.47686 0.00962 0 -3.75000 25.27500 0.00956 1.16481 11
-0.44206 0.80631 0.00962 0 -1.15000 28.62500 0.00956 1.20152 11
0.43364 -0.98694 0.00962 0 7.32500 39.47500 0.00956 1.30126 11
-0.10518 1.47023 0.00962 0 -0.95000 41.87500 0.00956 1.33296 11
0.11339 -0.35237 0.00962 0 1.80000 -62.02500 0.00956 0.64670 11
-0.15369 0.36747 0.00962 0 -1.12500 -59.37500 0.00956 0.70668 11
0.21564 -0.46997 0.00962 0 1.00000 -53.60000 0.00956 0.83103 11
-0.27675 0.48860 0.00962 0 -0.37500 -50.47500 0.00956 0.88288 11
0.08028 -0.44548 0.00962 0 0.90000 -45.45000 0.00956 1.00352 11
-0.15160 0.42375 0.00962 0 -0.25000 -42.80000 0.00956 1.05462 11
0.15073 -0.44764 0.00962 0 0.50000 -38.32500 0.00956 1.16876 11
-0.49499 0.68507 0.00962 0 2.15000 -34.47500 0.00956 1.20948 11
0.72244 -0.94086 0.00962 0 -1.37500 -19.87500 0.00956 1.31853 11
-0.66921 0.69698 0.00962 0 2.12500 -15.12500 0.00956 1.35311 11
0.87859 -0.61825 0.00962 0 -1.95000 2.12500 0.00956 1.45923 11
-0.76517 0.48661 0.00962 0 2.17500 8.85000 0.00956 1.49606 11
0.73767 -0.55442 0.00962 0 -2.25000 24.82500 0.00956 1.58874 11
-0.66748 0.42525 0.00962 0 2.20000 30.15000 0.00956 1.62199 11
0.66310 -0.64326 0.00962 0 -2.35000 43.72500 0.00956 1.70960 11
-0.96326 0.57856 0.00962 0 2.40000 49.22500 0.00956 1.74250 11
0.86119 -0.83206 0.00962 0 -3.77500 64.52500 0.00956 1.82967 11
0.47653 -0.28138 0.00962 0 -0.80000 -38.22500 0.00956 1.18401 11
-2.75550 -2.72218 0.00962 0 0.07500 -41.72500 0.00956 1.20785 11
0.11074 -0.21837 0.00962 0 5.10000 -64.02500 0.00956 0.60688 11
-0.09241 -0.06442 0.00962 0 4.70000 -62.25000 0.00956 0.66384 11
0.06568 -0.25012 0.00962 0 4.52500 -61.20000 0.00956 0.74066 11
-0.11989 -0.05758 0.00962 0 5.22500 -59.15000 0.00956 0.79051 11
0.11507 -0.14207 0.00962 0 4.25000 -57.52500 0.00956 0.85881 11
0.16656 -0.28166 0.00962 0 5.47500 -55.95000 0.00956 0.90893 11
0.68358 0.23262 0.00962 0 5.27500 -55.20000 0.00956 0.97395 11
-0.56813 -0.50425 0.00962 0 -3.15000 -45.60000 0.00956 1.04033 11
0.73398 0.40674 0.00962 0 4.85000 -39.05000 0.00956 1.08087 11
-1.25583 -0.18268 0.00962 0 -2.05000 -28.30000 0.00956 1.14625 11
0.90877 -0.35044 0.00962 0 1.27500 -20.75000 0.00956 1.17966 11
-1.31693 0.13257 0.00962 0 -3.17500 -15.40000 0.00956 1.20671 11
0.67203 0.00548 0.00962 0 0.42500 -7.12500 0.00956 1.24147 11
0.09869 -1.27053 0.00962 0 7.00000 -4.02500 0.00956 1.27515 11
-0.02428 0.49592 0.00962 0 -0.25000 -4.05000 0.00956 1.29482 11
-0.21686 -1.15945 0.00962 0 7.15000 -5.02500 0.00956 1.33514 11
0.23055 0.17819 0.00962 0 0.02500 -3.72500 0.00956 1.35741 11
0.04622 -0.66757 0.00962 0 6.97500 -1.72500 0.00956 1.38791 11
1.08263 -1.27558 0.00962 0 -1.60000 -0.45000 0.00956 1.41432 11
-1.08724 0.72817 0.00962 0 -2.72500 0.67500 0.00956 1.42001 11
1.04334 -0.31631 0.00962 0 -1.10000 3.80000 0.00956 1.44106 11
28.20605 -47.82292 0.00962 0 -1.90000 5.72500 0.00956 1.50347 11
0.09478 -0.05055 0.00962 0 -3.50000 -64.10000 0.00956 0.64656 11
0.11961 0.34658 0.00962 0 4.45000 -63.22500 0.00956 0.71252 11
0.30134 -0.14489 0.00962 0 -2.75000 -61.30000 0.00956 0.64568 11
-0.28874 -0.02611 0.00962 0 5.95000 -55.82500 0.00956 0.71143 11
0.24073 -0.22734 0.00962 0 -3.22500 -49.00000 0.00956 0.83173 11
-0.29563 0.00124 0.00962 0 6.55000 -44.62500 0.00956 0.89088 11
0.32640 -0.49648 0.00962 0 8.37500 -32.62500 0.00956 1.00187 11
0.27236 -0.38839 0.00962 0 -4.05000 -32.37500 0.00956 1.00513 11
-0.43250 0.80750 0.00962 0 -3.85000 -28.97500 0.00956 1.05060 11
-0.41163 0.20943 0.00962 0 7.77500 -28.67500 0.00956 1.05358 11
0.71590 -1.00802 0.00962 0 -0.00000 -8.27500 0.00956 1.23076 11
-1.35208 1.71440 0.00962 0 -1.92500 -7.47500 0.00956 1.23833 11
0.12403 -0.01837 0.00962 0 -1.77500 -62.87500 0.00956 0.64362 11
-0.11752 -0.14105 0.00962 0 5.25000 -61.12500 0.00956 0.71778 11
0.14350 0.01700 0.00962 0 -2.12500 -57.70000 0.00956 0.82306 11
-0.15928 -0.17564 0.00962 0 5.35000 -53.20000 0.00956 0.89874 11
0.25363 0.00824 0.00962 0 -3.05000 -45.85000 0.00956 1.00635 11
-0.07005 -0.36253 0.00962 0 4.62500 -44.02500 0.00956 1.08077 11
0.00531 0.31916 0.00962 0 -2.92500 -40.85000 0.00956 1.17070 11
0.13752 -0.42211 0.00962 0 5.10000 -42.57500 0.00956 1.24929 11
-0.05165 -0.24133 0.00962 0 8.17500 -44.12500 0.00956 1.33977 11
-0.05073 0.01081 0.00962 0 -3.95000 -44.20000 0.00956 1.34256 11
0.01559 -0.19278 0.00962 0 6.32500 -44.92500 0.00956 1.40316 11
-0.03299 -0.23906 0.00962 0 8.07500 -45.42500 0.00956 1.48840 11
-0.10650 0.05415 0.00962 0 -4.00000 -45.47500 0.00956 1.49108 11
0.16437 -0.12855 0.00962 0 7.50000 -48.50000 0.00956 1.54939 11
0.02635 -0.29323 0.00962 0 7.70000 -50.15000 0.00956 1.62829 11
-0.03383 0.03322 0.00962 0 -4.37500 -50.15000 0.00956 1.63047 11
-0.05846 -0.15665 0.00962 0 7.47500 -50.20000 0.00956 1.68684 11
0.33645 -0.30413 0.00962 0 5.90000 -43.52500 0.00956 1.75867 11
-0.38049 0.39913 0.00962 0 -4.15000 -39.17500 0.00956 1.80416 11
-0.39701 -0.18093 0.00962 0 7.77500 -38.90000 0.00956 1.80672 11
0.43340 -0.16788 0.00962 0 5.42500 -31.25000 0.00956 1.87046 11
-0.42513 -0.57097 0.00962 0 7.40000 -25.40000 0.00956 1.93025 11
0.41099 0.16422 0.00962 0 5.37500 -20.67500 0.00956 1.98156 11
-0.76505 -0.36442 0.00962 0 -3.10000 -11.75000 0.00956 2.04330 11
0.66814 0.43581 0.00962 0 4.52500 -4.72500 0.00956 2.08396 11
-0.84398 -0.34815 0.00962 0 -1.85000 6.60000 0.00956 2.14884 11
1.05133 0.02894 0.00962 0 4.15000 17.72500 0.00956 2.19708 11
-1.31835 0.11896 0.00962 0 -1.42500 27.65000 0.00956 2.24224 11
0.43444 0.12119 0.00962 0 2.10000 33.17500 0.00956 2.27142 11
-0.59477 -0.39257 0.00962 0 -2.60000 37.62500 0.00956 2.30539 11
0.65813 0.37475 0.00962 0 1.72500 40.57500 0.00956 2.32656 11
-0.35862 -0.17444 0.00962 0 -2.35000 45.20000 0.00956 2.35288 11
0.28284 0.14631 0.00962 0 2.35000 47.50000 0.00956 2.37696 11
-0.10273 -0.17276 0.00962 0 -2.27500 49.45000 0.00956 2.40906 11
0.13327 0.15760 0.00962 0 2.40000 50.10000 0.00956 2.43192 11
-0.23311 -0.02130 0.00962 0 -2.07500 51.62500 0.00956 2.45548 11
0.04815 -0.23607 0.00962 0 2.47500 53.07500 0.00956 2.48102 11
-0.21269 0.58739 0.00962 0 -0.75000 54.12500 0.00956 2.49530 11
0.37819 -0.43680 0.00962 0 -3.27500 -22.15000 0.00956 2.52654 11
-0.41793 -0.55216 0.00962 0 6.50000 -20.47500 0.00956 2.53824 11
0.37559 -0.08159 0.00962 0 -2.87500 -18.67500 0.00956 2.55417 11
-0.56694 -1.10456 0.00962 0 6.40000 -18.40000 0.00956 2.57194 11
0.43899 1.01956 0.00962 0 8.15000 -17.87500 0.00956 2.57901 11
0.85708 0.13261 0.00962 0 -2.62500 -16.87500 0.00956 2.58627 11
2.09003 3.52176 0.00962 0 -3.92500 -14.70000 0.00956 2.59666 11
0.01005 2.13180 0.00962 0 -3.97500 -13.52500 0.00956 2.61755 11
-1.11440 16.80565 0.00962 0 -3.75000 -13.57500 0.00956 2.61849 11
0.64965 0.75562 0.00962 0 -3.75000 -13.05000 0.00956 2.63404 11
0.37321 -0.16539 0.00962 0 4.62500 -58.12500 0.00956 0.63767 11
-0.39459 0.03028 0.00962 0 1.00000 -49.40000 0.00956 0.71187 11
0.38239 -0.07409 0.00962 0 4.40000 -36.35000 0.00956 0.81870 11
-0.48914 0.00736 0.00962 0 1.22500 -27.82500 0.00956 0.89115 11
0.53886 -0.20898 0.00962 0 3.92500 -14.27500 0.00956 0.99550 11
-0.46417 0.10609 0.00962 0 2.15000 -5.30000 0.00956 1.06071 11
0.66802 -0.28344 0.00962 0 3.42500 10.65000 0.00956 1.17009 11
-0.63237 0.00744 0.00962 0 2.80000 21.75000 0.00956 1.23594 11
0.52754 -0.30968 0.00962 0 4.12500 35.57500 0.00956 1.33519 11
-0.47318 0.09579 0.00962 0 3.45000 43.07500 0.00956 1.39348 11
0.66278 -0.64466 0.00962 0 2.22500 60.50000 0.00956 1.50573 11
-0.90816 0.29070 0.00962 0 -2.27500 60.87500 0.00956 2.89529 11
1.02463 -0.52186 0.00962 0 5.20000 52.52500 0.00956 2.93478 11
-0.55210 -0.14322 0.00962 0 -2.32500 46.50000 0.00956 2.96399 11
0.40361 0.08207 0.00962 0 4.57500 44.72500 0.00956 2.98526 11
-0.94923 -0.56530 0.00962 0 -2.27500 40.37500 0.00956 3.02504 11
1.03646 -0.36985 0.00962 0 6.62500 36.30000 0.00956 3.04393 11
-1.08051 -0.15437 0.00962 0 -1.80000 30.05000 0.00956 3.07312 11
1.49826 -0.11041 0.00962 0 -3.87500 23.85000 0.00956 3.09645 11
-1.70931 -0.07466 0.00962 0 -1.07500 17.55000 0.00956 3.12259 11
1.48019 0.61097 0.00962 0 -2.95000 13.60000 0.00956 3.13814 11
-1.67340 -0.64045 0.00962 0 -0.52500 6.42500 0.00956 3.16973 11
1.93364 0.00695 0.00962 0 -1.87500 2.32500 0.00956 3.18503 11
-2.10760 0.50645 0.00962 0 -0.15000 -1.82500 0.00956 3.20124 11
0.12913 -0.14712 0.00962 0 -0.65000 -62.25000 0.00956 0.65198 11
-0.23049 0.27196 0.00962 0 -4.22500 -57.82500 0.00956 0.71782 11
-0.44036 -0.08135 0.00962 0 7.75000 -57.67500 0.00956 0.72018 11
0.27284 -0.29748 0.00962 0 -1.72500 -50.62500 0.00956 0.83799 11
-0.36761 0.54806 0.00962 0 -3.47500 -45.32500 0.00956 0.89515 11
-0.34638 -0.08328 0.00962 0 8.30000 -45.05000 0.00956 0.89850 11
0.33677 -0.32199 0.00962 0 -2.87500 -34.10000 0.00956 1.01087 11
-0.27600 0.41824 0.00962 0 -4.47500 -29.95000 0.00956 1.06747 11
-0.28063 -0.09449 0.00962 0 7.42500 -29.80000 0.00956 1.06949 11
0.35811 -0.21109 0.00962 0 -3.75000 -19.32500 0.00956 1.17554 11
-0.47040 0.56077 0.00962 0 -3.65000 -14.72500 0.00956 1.22417 11
-0.42419 0.04295 0.00962 0 8.12500 -14.32500 0.00956 1.22743 11
0.35561 -0.15466 0.00962 0 -3.25000 -6.25000 0.00956 1.32841 11
-0.51419 0.41653 0.00962 0 -2.67500 -0.07500 0.00956 1.37834 11
0.51735 -0.25458 0.00962 0 -3.70000 13.25000 0.00956 1.47544 11
-1.05213 0.38648 0.00962 0 -1.72500 22.97500 0.00956 1.52801 11
0.71969 -0.15585 0.00962 0 -3.37500 38.95000 0.00956 1.62227 11
-0.75047 0.51710 0.00962 0 -0.62500 46.82500 0.00956 1.66736 11
1.17638 -1.16067 0.00962 0 7.80000 63.27500 0.00956 1.76395 11
0.65110 0.07280 0.00962 0 -3.35000 38.87500 0.00956 1.62195 11
-2.04486 0.26759 0.00962 0 -3.35000 38.87500 0.00956 1.62196 11
0.05065 -0.10750 0.00962 0 3.92500 -64.57500 0.00956 0.71316 11
-0.04030 -0.16491 0.00962 0 -3.72500 -64.45000 0.00956 0.82363 11
0.43055 -0.27451 0.00962 0 3.70000 -58.95000 0.00956 0.64366 11
-0.34162 0.05345 0.00962 0 0.75000 -51.45000 0.00956 0.71042 11
0.28661 -0.18265 0.00962 0 4.67500 -42.05000 0.00956 0.81559 11
-0.18032 0.02262 0.00962 0 -2.05000 -40.37500 0.00956 0.84765 11
0.37848 0.08164 0.00962 0 4.10000 -38.27500 0.00956 0.88029 11
-0.43974 0.00962 0.00962 0 -1.65000 -34.02500 0.00956 0.91375 11
0.53147 -0.00212 0.00962 0 3.07500 -30.70000 0.00956 0.94180 11
-0.69089 -0.29974 0.00962 0 -0.95000 -23.75000 0.00956 0.97616 11
0.58628 0.33743 0.00962 0 3.37500 -20.10000 0.00956 0.99948 11
-0.82836 0.05872 0.00962 0 -1.05000 -15.70000 0.00956 1.03269 11
1.06053 -0.10213 0.00962 0 2.22500 -9.10000 0.00956 1.06274 11
-1.03001 -0.30111 0.00962 0 -0.90000 -2.77500 0.00956 1.09074 11
0.88724 0.41000 0.00962 0 2.55000 1.05000 0.00956 1.11093 11
-0.58643 -0.07037 0.00962 0 -1.20000 5.45000 0.00956 1.13886 11
0.81366 -0.07075 0.00962 0 2.60000 9.12500 0.00956 1.16292 11
-1.39642 0.86871 0.00962 0 0.90000 15.25000 0.00956 1.18590 11
0.22559 -0.75531 0.00962 0 3.47500 18.80000 0.00956 1.21749 11
-0.75277 0.00960 0.00962 0 1.30000 20.50000 0.00956 1.22839 11
0.53137 0.31467 0.00962 0 3.55000 22.60000 0.00956 1.24165 11
-1.01172 -0.54506 0.00962 0 1.60000 25.42500 0.00956 1.26234 11
1.76017 0.75317 0.00962 0 3.12500 27.40000 0.00956 1.27205 11
-233.59826 -277.39790 0.00962 0 3.40000 27.82500 0.00956 1.27393 11
2.69983 0.57334 0.00962 0 3.82500 27.65000 0.00956 1.27681 11
0.73268 0.96109 0.00962 0 3.70000 27.47500 0.00956 1.27806 11
-0.44515 -1.17332 0.00962 0 4.35000 26.10000 0.00956 1.28881 11
0.11635 -0.07269 0.00962 0 2.20000 -63.42500 0.00956 0.63568 11
-0.06277 0.18095 0.00962 0 -2.45000 -60.47500 0.00956 0.70922 11
0.20668 -0.19259 0.00962 0 1.00000 -57.55000 0.00956 0.81268 11
-0.34330 0.17803 0.00962 0 -1.67500 -52.82500 0.00956 0.87639 11
0.59210 -0.24443 0.00962 0 0.42500 -42.27500 0.00956 0.98167 11
-0.44422 0.34725 0.00962 0 -0.05000 -35.45000 0.00956 1.03629 11
0.65612 -0.52948 0.00962 0 -0.52500 -21.07500 0.00956 1.14737 11
-0.51863 0.45885 0.00962 0 1.15000 -15.55000 0.00956 1.19026 11
0.99557 -0.44358 0.00962 0 -0.90000 0.50000 0.00956 1.29550 11
-1.17900 0.54450 0.00962 0 2.32500 9.70000 0.00956 1.34166 11
0.94441 -0.36309 0.00962 0 -1.60000 29.10000 0.00956 1.43746 11
-0.81216 0.17820 0.00962 0 2.27500 38.32500 0.00956 1.48192 11
0.89211 -0.01696 0.00962 0 -1.17500 50.67500 0.00956 1.54898 11
-0.78348 0.30484 0.00962 0 3.05000 58.42500 0.00956 1.59222 11
-0.56417 1.63018 0.00962 0 2.27500 38.35000 0.00956 1.48193 11
0.08420 -0.16203 0.00962 0 1.22500 -64.77500 0.00956 0.82106 11
-0.05670 0.25259 0.00962 0 -2.85000 -63.47500 0.00956 0.88764 11
0.09342 -0.25158 0.00962 0 0.92500 -61.30000 0.00956 1.00417 11
-0.09695 0.29557 0.00962 0 -2.30000 -60.67500 0.00956 1.06540 11
0.05583 -0.20912 0.00962 0 0.85000 -58.90000 0.00956 1.17609 11
-0.18679 -0.34917 0.00962 0 -2.02500 -57.15000 0.00956 1.23748 11
0.25471 0.47350 0.00962 0 1.75000 -52.82500 0.00956 1.31232 11
-0.25296 -0.50919 0.00962 0 -1.32500 -47.92500 0.00956 1.40884 11
0.29057 0.42231 0.00962 0 1.32500 -43.05000 0.00956 1.47659 11
-0.29054 -0.42729 0.00962 0 -0.97500 -35.00000 0.00956 1.56351 11
0.47553 0.52806 0.00962 0 1.02500 -28.22500 0.00956 1.63042 11
-0.48814 -0.74965 0.00962 0 0.30000 -17.47500 0.00956 1.72240 11
0.54690 0.50235 0.00962 0 0.40000 -11.40000 0.00956 1.77673 11
-0.46965 -0.76400 0.00962 0 0.52500 -1.97500 0.00956 1.85937 11
0.79052 0.46768 0.00962 0 1.17500 5.10000 0.00956 1.91715 11
-0.95414 -0.73840 0.00962 0 5.22500 14.40000 0.00956 1.98127 11
0.71034 0.32507 0.00962 0 0.82500 21.32500 0.00956 2.02218 11
-0.87503 -0.70911 0.00962 0 5.65000 30.95000 0.00956 2.07732 11
0.67332 0.34311 0.00962 0 1.87500 38.37500 0.00956 2.12097 11
-0.83185 -1.01214 0.00962 0 6.52500 45.02500 0.00956 2.17558 11
1.08084 -0.17736 0.00962 0 0.97500 51.40000 0.00956 2.21321 11
-0.90131 -0.37516 0.00962 0 -4.40000 60.10000 0.00956 2.25570 11
0.18182 -0.09490 0.00962 0 0.85000 -62.25000 0.00956 0.63743 11
-0.21569 0.15093 0.00962 0 -3.77500 -58.67500 0.00956 0.71068 11
-0.22670 -0.40039 0.00962 0 8.32500 -58.50000 0.00956 0.71373 11
0.43769 -0.04306 0.00962 0 0.05000 -50.25000 0.00956 0.81715 11
-0.71963 0.07401 0.00962 0 -1.57500 -37.70000 0.00956 0.89177 11
0.76177 0.12519 0.00962 0 -0.25000 -21.02500 0.00956 0.98664 11
-0.80106 0.08797 0.00962 0 -0.95000 -8.02500 0.00956 1.05961 11
0.69634 -0.14866 0.00962 0 -1.87500 9.40000 0.00956 1.15065 11
-0.75988 0.29234 0.00962 0 -1.27500 20.20000 0.00956 1.21120 11
0.60937 -0.12772 0.00962 0 -2.07500 36.12500 0.00956 1.30543 11
-0.57347 0.21942 0.00962 0 -1.67500 45.12500 0.00956 1.36297 11
0.61514 -0.07787 0.00962 0 -1.85000 58.05000 0.00956 1.45101 11
0.14889 -0.06930 0.00962 0 4.15000 -62.85000 0.00956 0.63414 11
-0.22939 0.14604 0.00962 0 -1.05000 -58.62500 0.00956 0.71397 11
0.36172 -0.30312 0.00962 0 0.95000 -51.37500 0.00956 0.81773 11
-0.27870 0.13399 0.00962 0 1.30000 -47.20000 0.00956 0.86716 11
0.36518 -0.16037 0.00962 0 1.30000 -39.60000 0.00956 0.95281 11
-0.15451 0.05660 0.00962 0 1.35000 -35.77500 0.00956 1.00531 11
0.13373 -0.15597 0.00962 0 1.37500 -32.40000 0.00956 1.08366 11
-0.24512 0.15798 0.00962 0 1.70000 -28.77500 0.00956 1.13637 11
0.26359 -0.44977 0.00962 0 0.40000 -24.25000 0.00956 1.21486 11
-0.21086 0.38863 0.00962 0 2.30000 -21.92500 0.00956 1.25521 11
0.16915 -0.49796 0.00962 0 -0.17500 -17.65000 0.00956 1.34166 11
-0.37661 0.30705 0.00962 0 2.62500 -14.90000 0.00956 1.37836 11
0.19555 -0.40991 0.00962 0 -0.55000 -7.72500 0.00956 1.45105 11
-0.25824 0.28689 0.00962 0 2.50000 -4.87500 0.00956 1.48803 11
0.39819 -0.46962 0.00962 0 -0.90000 0.75000 0.00956 1.55864 11
-0.40164 0.28274 0.00962 0 2.45000 4.20000 0.00956 1.59541 11
0.16254 -0.29701 0.00962 0 -1.27500 10.97500 0.00956 1.65935 11
0.52875 0.48582 0.00962 0 4.32500 7.50000 0.00956 1.68610 11
-0.60371 -0.42744 0.00962 0 -1.07500 -2.40000 0.00956 1.75124 11
0.54146 0.23594 0.00962 0 5.05000 -6.95000 0.00956 1.77901 11
-0.27057 -0.35482 0.00962 0 -0.35000 -12.82500 0.00956 1.83037 11
0.34025 0.19526 0.00962 0 5.25000 -16.20000 0.00956 1.85896 11
-0.50823 -0.51801 0.00962 0 -0.12500 -19.57500 0.00956 1.91167 11
1.08456 -0.11083 0.00962 0 6.22500 -25.65000 0.00956 1.94472 11
-2.71808 -1.23542 0.00962 0 -1.75000 -37.12500 0.00956 1.99400 11
1.21903 1.25311 0.00962 0 -2.40000 -38.07500 0.00956 1.99802 11
-0.01277 -1.88674 0.00962 0 0.25000 -43.70000 0.00956 2.04941 11
0.45113 0.52576 0.00962 0 -2.50000 -44.20000 0.00956 2.05943 11
-0.58941 -1.29352 0.00962 0 -0.52500 -48.47500 0.00956 2.08939 11
2.10111 2.34799 0.00962 0 -3.32500 -50.07500 0.00956 2.10162 11
-1.06238 -0.28872 0.00962 0 -2.37500 -53.05000 0.00956 2.11791 11
1.54966 0.08309 0.00962 0 -2.42500 -53.32500 0.00956 2.11899 11
-0.68624 -0.33249 0.00962 0 -1.17500 -55.30000 0.00956 2.13010 11
-0.68323 0.03625 0.00962 0 -2.62500 -54.60000 0.00956 2.13802 11
0.48717 0.00904 0.00962 0 -1.67500 -53.47500 0.00956 2.14539 11
0.01486 17.88495 0.00962 0 -3.45000 -50.00000 0.00956 2.10191 11
0.62704 3.91360 0.00962 0 -3.82500 -49.90000 0.00956 2.10352 11
-1.30081 -0.24881 0.00962 0 7.65000 -49.90000 0.00956 2.10741 11
1.71804 -0.11648 0.00962 0 8.20000 -48.17500 0.00956 2.11494 11
0.09907 -0.23640 0.00962 0 7.82500 -62.97500 0.00956 0.64592 11
0.18011 0.07501 0.00962 0 -4.22500 -62.85000 0.00956 0.64832 11
-0.08599 -0.08664 0.00962 0 3.25000 -60.60000 0.00956 0.72002 11
0.17628 -0.24642 0.00962 0 7.65000 -57.90000 0.00956 0.82109 11
0.13082 0.05469 0.00962 0 -4.42500 -57.80000 0.00956 0.82322 11
-0.19745 0.05351 0.00962 0 4.20000 -54.52500 0.00956 0.88874 11
0.16686 -0.33965 0.00962 0 6.85000 -49.95000 0.00956 0.99410 11
-0.14833 0.07243 0.00962 0 4.57500 -46.12500 0.00956 1.05647 11
0.24590 -0.37514 0.00962 0 5.87500 -39.22500 0.00956 1.16310 11
-0.16947 -0.13929 0.00962 0 3.62500 -36.25000 0.00956 1.22596 11
0.22501 0.05376 0.00962 0 6.27500 -30.37500 0.00956 1.31209 11
-0.36498 -0.28928 0.00962 0 3.90000 -26.05000 0.00956 1.38702 11
0.40702 0.04077 0.00962 0 3.52500 -18.50000 0.00956 1.45355 11
-0.27452 -0.31647 0.00962 0 3.70000 -13.40000 0.00956 1.51498 11
0.21156 -0.37160 0.00962 0 2.85000 -8.27500 0.00956 1.57809 11
-0.21471 0.36027 0.00962 0 -2.92500 -6.95000 0.00956 1.60349 11
0.33021 -0.54654 0.00962 0 2.10000 -3.55000 0.00956 1.64250 11
-0.53326 1.11253 0.00962 0 -2.12500 -1.70000 0.00956 1.66020 11
1.24018 -1.91435 0.00962 0 0.75000 4.35000 0.00956 1.70937 11
-0.72593 0.70717 0.00962 0 -1.17500 4.82500 0.00956 1.71635 11
-0.21958 -0.26409 0.00962 0 2.02500 6.60000 0.00956 1.74314 11
0.52658 0.69746 0.00962 0 -0.92500 5.97500 0.00956 1.75502 11
-5.38283 -5.69535 0.00962 0 0.65000 0.85000 0.00956 1.78631 11
1.28894 1.41829 0.00962 0 0.35000 0.60000 0.00956 1.78763 11
-0.69684 0.59123 0.00962 0 6.10000 -27.47500 0.00956 1.39857 11
-10.05297 1.91420 0.00962 0 6.22500 -27.85000 0.00956 1.40004 11
0.10743 -0.08167 0.00962 0 4.50000 -28.57500 0.00956 1.40907 11
-0.08539 0.02834 0.00962 0 6.20000 -28.97500 0.00956 1.41841 11
0.90101 -0.05514 0.00962 0 4.77500 -28.85000 0.00956 1.42572 11
-1.18969 -0.16283 0.00962 0 5.47500 -30.30000 0.00956 1.43298 11
0.19112 -0.06718 0.00962 0 1.45000 -61.95000 0.00956 0.63777 11
-0.17464 0.15936 0.00962 0 -3.37500 -58.42500 0.00956 0.71219 11
0.46429 -0.30524 0.00962 0 -0.47500 -48.87500 0.00956 0.82677 11
-0.49515 0.38874 0.00962 0 -1.32500 -42.05000 0.00956 0.88154 11
0.39139 -0.40320 0.00962 0 -0.17500 -28.25000 0.00956 1.00147 11
-0.28606 0.35934 0.00962 0 -1.50000 -22.95000 0.00956 1.05635 11
0.26184 -0.33810 0.00962 0 -0.15000 -14.65000 0.00956 1.16861 11
-0.35445 0.38197 0.00962 0 -1.60000 -10.87500 0.00956 1.22338 11
0.32682 -0.20492 0.00962 0 -0.52500 -0.20000 0.00956 1.32980 11
-0.53299 0.44105 0.00962 0 -1.57500 5.60000 0.00956 1.38699 11
0.29920 -0.26844 0.00962 0 -1.67500 15.65000 0.00956 1.49163 11
-0.29111 0.57670 0.00962 0 -1.50000 19.97500 0.00956 1.54049 11
0.38920 -0.30380 0.00962 0 -2.25000 29.87500 0.00956 1.64044 11
-0.42111 0.47816 0.00962 0 -1.30000 36.15000 0.00956 1.68919 11
0.26340 -0.25617 0.00962 0 -2.20000 43.22500 0.00956 1.78767 11
-0.11797 0.45769 0.00962 0 -0.37500 45.02500 0.00956 1.82661 11
0.14881 -0.57847 0.00962 0 -2.35000 50.12500 0.00956 1.92150 11
-0.12439 0.71902 0.00962 0 1.05000 50.97500 0.00956 1.95268 11
0.01820 -1.00490 0.00962 0 -2.80000 54.17500 0.00956 2.05152 11
0.19442 1.08524 0.00962 0 2.57500 53.90000 0.00956 2.07447 11
-0.09487 -1.31063 0.00962 0 -4.27500 51.47500 0.00956 2.18019 11
-0.17329 1.60963 0.00962 0 2.72500 51.57500 0.00956 2.19724 11
0.04245 -2.03699 0.00962 0 8.05000 52.60000 0.00956 2.29509 11
0.04343 1.67580 0.00962 0 3.40000 52.20000 0.00956 2.31123 11
0.22321 -0.47575 0.00962 0 -2.87500 54.85000 0.00956 2.39691 11
-0.13380 0.43652 0.00962 0 2.25000 57.40000 0.00956 2.42381 11
0.30774 -0.40881 0.00962 0 -1.87500 60.85000 0.00956 2.49010 11
-0.59172 0.44350 0.00962 0 3.32500 64.17500 0.00956 2.51834 11
-0.64553 -1.34363 0.00426 0 3.97500 4.15000 0.00320 4.54225 11
2.86269 11.89550 0.00426 0 4.62500 1.15000 0.00320 4.55949 11
-0.27087 0.43166 0.00426 0 5.10000 -2.37500 0.00320 4.59679 11
-1.22572 0.39347 0.00202 0 3.90000 26.55000 0.00119 2.01682 11
-0.30040 -0.13509 0.00202 0 4.30000 27.67500 0.00119 2.02496 11
-0.03973 0.04221 0.00202 0 5.10000 27.57500 0.00119 2.03109 11
-0.12969 -0.16560 0.01068 0 3.27500 -62.62500 0.01053 0.55963 -11
0.16306 -0.44382 0.01068 0 8.50000 -58.97500 0.01053 0.68318 -11
0.13489 0.10848 0.01068 0 -3.65000 -58.85000 0.01053 0.68640 -11
-0.15862 -0.00927 0.01068 0 3.45000 -56.30000 0.01053 0.77264 -11
0.20514 -0.01175 0.01068 0 -3.47500 -50.97500 0.01053 0.88646 -11
-0.38450 0.10697 0.01068 0 2.60000 -42.60000 0.01053 0.97510 -11
0.31539 -0.08809 0.01068 0 -3.32500 -33.17500 0.01053 1.07728 -11
-0.32112 0.09380 0.01068 0 2.55000 -26.37500 0.01053 1.16538 -11
0.32251 -0.02796 0.01068 0 -2.75000 -17.32500 0.01053 1.26729 -11
