0.09088 -0.18450 0.01389 0 4.15000 42.05000 0.01338 1.47492 -11
-0.13063 -0.22368 0.01389 0 6.97500 36.17500 0.01338 1.62203 -11
0.11167 -0.15740 0.01389 0 3.85000 33.97500 0.01338 1.71064 -11
-0.06638 -0.15012 0.01389 0 7.35000 30.60000 0.01338 1.85817 -11
0.08502 -0.31268 0.01389 0 2.95000 28.77500 0.01338 1.93906 -11
0.01107 -0.11285 0.01389 0 7.95000 28.45000 0.01338 2.08343 -11
0.15470 0.56607 0.01389 0 -3.85000 28.55000 0.01338 2.08620 -11
0.07817 -0.59168 0.01389 0 0.62500 29.87500 0.01338 2.14821 -11
-0.12849 0.61007 0.01389 0 -2.37500 27.52500 0.01338 2.31030 -11
0.14846 -0.53821 0.01389 0 0.45000 25.95000 0.01338 2.36481 -11
-0.17173 0.74082 0.01389 0 -2.25000 19.20000 0.01338 2.52023 -11
0.52011 -0.54521 0.01389 0 -0.70000 16.05000 0.01338 2.57042 -11
-0.52650 0.66991 0.01389 0 -2.27500 -1.12500 0.01338 2.72226 -11
0.42906 -0.47327 0.01389 0 -0.85000 -7.32500 0.01338 2.77604 -11
-0.36604 -0.07031 0.01389 0 8.15000 -20.30000 0.01338 2.90675 -11
-0.46264 0.41789 0.01389 0 -3.72500 -20.67500 0.01338 2.90990 -11
0.42888 -0.24567 0.01389 0 -1.07500 -28.47500 0.01338 2.97348 -11
-0.41296 -0.11344 0.01389 0 8.12500 -42.92500 0.01338 3.09828 -11
-0.53479 0.32179 0.01389 0 -3.80000 -43.35000 0.01338 3.10144 -11
0.47318 -0.05916 0.01389 0 -0.92500 -53.30000 0.01338 3.17295 -11
-0.27903 -0.24486 0.01389 0 2.35000 55.87500 0.01338 1.14216 -11
0.30680 0.10563 0.01389 0 0.75000 46.47500 0.01338 1.24654 -11
-0.41885 -0.33713 0.01389 0 2.77500 32.72500 0.01338 1.38130 -11
0.43702 0.12902 0.01389 0 0.30000 20.45000 0.01338 1.48888 -11
-0.37915 -0.24680 0.01389 0 3.10000 6.60000 0.01338 1.61988 -11
0.39241 0.04019 0.01389 0 0.10000 -2.10000 0.01338 1.71688 -11
-0.51378 -0.18386 0.01389 0 4.32500 -17.45000 0.01338 1.84990 -11
0.63745 -0.01929 0.01389 0 -1.52500 -30.67500 0.01338 1.93903 -11
-0.46675 -0.20871 0.01389 0 4.00000 -49.82500 0.01338 2.07441 -11
0.37109 0.03391 0.01389 0 -1.60000 -60.45000 0.01338 2.16146 -11
0.50692 -0.34543 0.01389 0 5.22500 63.90000 0.01338 0.97441 -11
-0.56716 0.23060 0.01389 0 -1.67500 40.60000 0.01338 1.13460 -11
0.71790 -0.30750 0.01389 0 4.35000 27.15000 0.01338 1.21984 -11
-0.56637 0.20970 0.01389 0 -2.15000 3.60000 0.01338 1.37657 -11
0.63244 -0.20543 0.01389 0 4.65000 -8.82500 0.01338 1.46417 -11
-0.80476 0.71850 0.01389 0 -1.62500 -29.32500 0.01338 1.61796 -11
0.77088 -0.62661 0.01389 0 0.30000 -39.22500 0.01338 1.67869 -11
-0.38717 0.32460 0.01389 0 1.07500 48.07500 0.01338 1.15809 -11
0.41567 -0.20724 0.01389 0 -3.62500 40.15000 0.01338 1.23591 -11
-0.61526 0.14675 0.01389 0 2.12500 18.12500 0.01338 1.41632 -11
0.58190 -0.05105 0.01389 0 -3.47500 5.15000 0.01338 1.50138 -11
-0.59501 0.09793 0.01389 0 2.37500 -20.20000 0.01338 1.65917 -11
0.52808 -0.04727 0.01389 0 -3.22500 -32.45000 0.01338 1.74341 -11
-0.53085 0.08413 0.01389 0 2.47500 -55.80000 0.01338 1.90101 -11
-0.42050 -0.04419 0.01389 0 8.02500 48.52500 0.01338 1.15763 -11
-0.50332 0.37192 0.01389 0 -3.87500 48.17500 0.01338 1.16063 -11
0.57318 -0.39806 0.01389 0 2.55000 37.80000 0.01338 1.24011 -11
-0.63547 -0.16768 0.01389 0 8.20000 13.37500 0.01338 1.40606 -11
-0.62459 0.29153 0.01389 0 -3.75000 12.87500 0.01338 1.40944 -11
0.63334 -0.23657 0.01389 0 3.45000 -0.42500 0.01338 1.49989 -11
-0.47507 -0.24853 0.01389 0 8.05000 -21.02500 0.01338 1.64845 -11
-0.58336 0.21153 0.01389 0 -3.97500 -21.47500 0.01338 1.65150 -11
0.62538 -0.20670 0.01389 0 2.62500 -35.52500 0.01338 1.74279 -11
-0.43097 0.13817 0.01389 0 -3.42500 -58.40000 0.01338 1.89851 -11
-0.42235 -0.00386 0.01389 0 -2.47500 50.65000 0.01338 1.14846 -11
0.35356 -0.08250 0.01389 0 7.20000 39.82500 0.01338 1.25145 -11
-0.31126 -0.03116 0.01389 0 -2.70000 26.72500 0.01338 1.39294 -11
0.21531 0.01141 0.01389 0 7.20000 17.50000 0.01338 1.49807 -11
-0.30385 -0.12347 0.01389 0 -3.02500 7.22500 0.01338 1.62880 -11
0.33528 0.11142 0.01389 0 6.90000 -2.42500 0.01338 1.74083 -11
0.45451 -0.38167 0.01389 0 7.35000 63.60000 0.01338 0.99123 -11
-0.48767 0.21672 0.01389 0 -0.47500 44.12500 0.01338 1.15456 -11
0.45914 -0.41827 0.01389 0 7.02500 33.32500 0.01338 1.24143 -11
-0.36774 0.17016 0.01389 0 -0.55000 16.22500 0.01338 1.40286 -11
0.27237 0.04739 0.01389 0 -4.10000 8.32500 0.01338 1.48963 -11
0.24228 -0.24918 0.01389 0 8.00000 8.12500 0.01338 1.49229 -11
-0.32032 0.21887 0.01389 0 -0.15000 -3.30000 0.01338 1.64495 -11
0.43345 -0.28318 0.01389 0 7.25000 -13.02500 0.01338 1.73149 -11
-0.35917 0.15328 0.01389 0 0.17500 -29.17500 0.01338 1.87877 -11
0.36964 -0.34687 0.01389 0 6.77500 -37.20000 0.01338 1.95928 -11
-0.42175 0.07045 0.01389 0 0.12500 -52.22500 0.01338 2.10053 -11
0.55252 -0.12450 0.01389 0 6.60000 -64.22500 0.01338 2.19090 -11
0.05756 -1.26287 0.01389 0 6.62500 -64.22500 0.01338 2.19097 -11
0.21696 0.98879 0.01389 0 8.15000 -64.22500 0.01338 2.19696 -11
1.99254 -2.19641 0.01389 0 5.72500 -48.90000 0.01338 2.32971 -11
3.72434 -7.22045 0.01389 0 6.15000 -49.10000 0.01338 2.33118 -11
-0.59936 1.26657 0.01389 0 6.90000 -49.35000 0.01338 2.33505 -11
-0.28282 0.12215 0.01389 0 0.30000 55.12500 0.01338 1.15307 -11
0.33202 -0.00749 0.01389 0 -3.67500 47.67500 0.01338 1.23647 -11
0.33092 -0.29670 0.01389 0 8.47500 47.37500 0.01338 1.23981 -11
-0.35807 -0.03022 0.01389 0 1.60000 52.80000 0.01338 1.16241 -11
0.35214 0.01666 0.01389 0 -0.05000 43.27500 0.01338 1.26224 -11
-0.32036 -0.10855 0.01389 0 1.50000 31.05000 0.01338 1.41347 -11
0.33000 0.02812 0.01389 0 -0.52500 22.70000 0.01338 1.50989 -11
-0.31014 -0.14194 0.01389 0 2.65000 5.30000 0.01338 1.65842 -11
0.27238 0.01775 0.01389 0 0.27500 -2.75000 0.01338 1.75410 -11
-0.31234 -0.06157 0.01389 0 3.17500 -14.70000 0.01338 1.89718 -11
0.30978 0.04495 0.01389 0 0.25000 -22.22500 0.01338 1.98998 -11
-0.33520 -0.08182 0.01389 0 3.37500 -33.87500 0.01338 2.12984 -11
0.29434 -0.01537 0.01389 0 -0.00000 -40.40000 0.01338 2.21997 -11
-0.29779 -0.09401 0.01389 0 3.97500 -52.05000 0.01338 2.35944 -11
0.14636 0.02281 0.01389 0 0.12500 -58.92500 0.01338 2.44811 -11
0.14343 -0.16453 0.01389 0 3.37500 -62.85000 0.01338 2.58224 -11
-0.11303 0.10709 0.01389 0 -1.20000 -59.25000 0.01338 2.66637 -11
0.06836 -0.16533 0.01389 0 3.17500 -54.45000 0.01338 2.78436 -11
-0.12147 0.11297 0.01389 0 -1.37500 -51.75000 0.01338 2.87039 -11
0.11424 -0.15526 0.01389 0 3.90000 -44.27500 0.01338 2.99100 -11
-0.02647 0.09502 0.01389 0 -1.55000 -41.35000 0.01338 3.07075 -11
-0.11123 -0.17056 0.01389 0 3.65000 -42.32500 0.01338 3.18534 -11
0.13494 0.08749 0.01389 0 -2.10000 -46.05000 0.01338 3.26611 -11
-0.26440 -0.10932 0.01389 0 4.57500 -54.67500 0.01338 3.38097 -11
0.37433 -0.03615 0.01389 0 -2.72500 -61.27500 0.01338 3.45585 -11
0.32699 0.22090 0.01389 0 7.27500 -64.65000 0.01338 3.88111 -11
0.47034 0.71045 0.01389 0 -4.47500 -64.45000 0.01338 3.88323 -11
-0.37834 -0.53160 0.01389 0 4.60000 -60.25000 0.01338 3.92083 -11
0.32402 0.26896 0.01389 0 6.92500 -51.17500 0.01338 4.00984 -11
-0.46325 -1.00391 0.01389 0 3.32500 -47.40000 0.01338 4.04462 -11
0.07646 0.13342 0.01389 0 6.75000 -42.57500 0.01338 4.13417 -11
-0.25153 -0.73161 0.01389 0 4.25000 -41.00000 0.01338 4.17272 -11
0.28094 0.12170 0.01389 0 6.77500 -37.37500 0.01338 4.24794 -11
-0.22395 -0.68685 0.01389 0 3.72500 -34.70000 0.01338 4.28529 -11
0.17111 0.12955 0.01389 0 6.87500 -30.05000 0.01338 4.36161 -11
-0.17082 -0.58024 0.01389 0 4.10000 -28.32500 0.01338 4.40045 -11
0.24019 0.03323 0.01389 0 6.97500 -26.35000 0.01338 4.47328 -11
-0.38433 -0.62347 0.01389 0 3.52500 -23.07500 0.01338 4.51078 -11
-0.03462 0.12834 0.01389 0 7.45000 -19.20000 0.01338 4.58010 -11
0.07886 0.56143 0.01389 0 -4.32500 -19.17500 0.01338 4.58227 -11
-0.12815 -0.43706 0.01389 0 4.00000 -17.67500 0.01338 4.61708 -11
-0.07870 -0.32411 0.01389 0 7.47500 -17.82500 0.01338 4.67071 -11
0.08561 -0.32231 0.01389 0 4.40000 -18.95000 0.01338 4.71576 -11
-0.12789 -0.17335 0.01389 0 8.27500 -21.65000 0.01338 4.77032 -11
0.00352 0.47039 0.01389 0 -3.62500 -21.72500 0.01338 4.77341 -11
-0.08713 -0.57754 0.01389 0 4.00000 -20.67500 0.01338 4.80535 -11
0.27847 0.74268 0.01389 0 -2.80000 -18.97500 0.01338 4.86587 -11
-0.70069 0.06076 0.01389 0 3.50000 -16.85000 0.01338 4.89177 -11
1.02366 -1.12478 0.01389 0 -0.57500 -13.82500 0.01338 4.91000 -11
-0.60238 1.18026 0.01389 0 3.30000 -3.50000 0.01338 4.97294 -11
0.50181 -1.03420 0.01389 0 -1.40000 -1.57500 0.01338 4.99142 -11
0.51342 -3.04524 0.01389 0 0.40000 2.35000 0.01338 5.06352 -11
-1.11334 -1.20443 0.01389 0 3.37500 -62.85000 0.01338 2.58236 -11
-0.42923 0.10366 0.01389 0 -2.87500 47.37500 0.01338 1.14885 -11
0.37193 -0.17364 0.01389 0 6.02500 36.65000 0.01338 1.24399 -11
-0.37191 0.12120 0.01389 0 -2.92500 20.00000 0.01338 1.39277 -11
0.43197 -0.09660 0.01389 0 5.47500 9.10000 0.01338 1.48871 -11
-0.41876 0.09633 0.01389 0 -2.50000 -7.90000 0.01338 1.62750 -11
0.42320 -0.27146 0.01389 0 4.77500 -16.60000 0.01338 1.71202 -11
-0.36957 0.32249 0.01389 0 -1.75000 -30.60000 0.01338 1.85879 -11
-0.57098 -0.50317 0.01389 0 -0.15000 -23.15000 0.01338 1.91450 -11
0.69543 0.92673 0.01389 0 -1.35000 1.07500 0.01338 2.07882 -11
-0.68108 -0.81098 0.01389 0 -2.47500 6.87500 0.01338 2.12159 -11
0.66181 1.22426 0.01389 0 -0.90000 29.72500 0.01338 2.29189 -11
-0.67998 -1.06055 0.01389 0 -3.52500 33.67500 0.01338 2.32678 -11
0.70659 1.40214 0.01389 0 0.17500 56.50000 0.01338 2.50285 -11
-0.36616 -1.15296 0.01389 0 -2.22500 59.62500 0.01338 2.53746 -11
0.62532 -0.22680 0.01389 0 1.60000 58.70000 0.01338 0.99453 -11
-0.66746 -0.08753 0.01389 0 6.30000 33.90000 0.01338 1.15843 -11
0.74238 -0.15939 0.01389 0 0.12500 18.37500 0.01338 1.24761 -11
-0.70829 -0.13527 0.01389 0 6.35000 -10.12500 0.01338 1.40523 -11
0.69504 -0.15462 0.01389 0 0.72500 -25.20000 0.01338 1.49642 -11
-0.75206 -0.21145 0.01389 0 7.15000 -52.37500 0.01338 1.65083 -11
-0.33385 2.25347 0.01389 0 -1.37500 63.22500 0.01338 1.07167 -11
0.67443 -1.86390 0.01389 0 6.77500 61.55000 0.01338 1.10065 -11
-0.46809 1.29927 0.01389 0 -1.92500 48.65000 0.01338 1.23531 -11
0.48049 -0.99269 0.01389 0 7.40000 44.82500 0.01338 1.27149 -11
-0.73368 1.29150 0.01389 0 -2.52500 33.82500 0.01338 1.39551 -11
0.71870 -1.39055 0.01389 0 4.87500 30.12500 0.01338 1.42452 -11
-0.31649 0.21655 0.01389 0 7.77500 17.25000 0.01338 1.54125 -11
-0.78375 0.84744 0.01389 0 -3.90000 16.80000 0.01338 1.54445 -11
0.76851 -0.52353 0.01389 0 6.12500 11.32500 0.01338 1.58707 -11
-0.63576 -0.00065 0.01389 0 8.02500 -5.02500 0.01338 1.68101 -11
-0.66599 0.63856 0.01389 0 -3.72500 -5.52500 0.01338 1.68441 -11
0.42178 -0.52577 0.01389 0 5.75000 -13.27500 0.01338 1.73031 -11
-0.31442 0.15525 0.01389 0 7.05000 -22.75000 0.01338 1.82154 -11
0.30591 -0.63488 0.01389 0 5.50000 -25.95000 0.01338 1.86457 -11
-0.02885 0.01175 0.01389 0 6.65000 -31.00000 0.01338 1.95742 -11
-0.04581 -0.53242 0.01389 0 5.77500 -31.35000 0.01338 2.00357 -11
0.11271 0.32044 0.01389 0 7.77500 -30.02500 0.01338 2.09205 -11
0.04913 1.25622 0.01389 0 -3.62500 -29.97500 0.01338 2.09547 -11
-0.45412 -1.70140 0.01389 0 3.55000 -29.05000 0.01338 2.12156 -11
0.58519 1.61797 0.01389 0 -1.80000 -23.07500 0.01338 2.22201 -11
0.02744 -1.36035 0.01389 0 3.80000 -23.10000 0.01338 2.24179 -11
-0.16444 1.87143 0.01389 0 -1.95000 -25.05000 0.01338 2.32866 -11
0.89385 -2.77754 0.01389 0 1.62500 -25.52500 0.01338 2.34119 -11
-1.45653 2.54553 0.01389 0 -1.55000 -32.47500 0.01338 2.40985 -11
0.71646 -0.62433 0.01389 0 1.75000 -33.62500 0.01338 2.42184 -11
-3.06706 2.53395 0.01389 0 -0.07500 -39.80000 0.01338 2.45655 -11
2.65740 -1.63351 0.01389 0 0.15000 -40.15000 0.01338 2.45793 -11
-1.58007 1.21147 0.01389 0 -0.67500 -47.42500 0.01338 2.48990 -11
-0.17770 -1.07902 0.01389 0 1.67500 -47.97500 0.01338 2.49906 -11
-0.61521 0.03739 0.01674 0 7.32500 48.40000 0.01664 0.68119 -11
-0.69029 0.68276 0.01674 0 -4.47500 48.02500 0.01664 0.68356 -11
0.64844 -0.56618 0.01674 0 7.45000 39.67500 0.01664 0.73833 -11
-0.57416 0.13545 0.01674 0 7.25000 23.12500 0.01664 0.85253 -11
0.49403 -0.66657 0.01674 0 6.87500 15.70000 0.01664 0.90516 -11
-0.13178 0.05505 0.01674 0 5.75000 7.10000 0.01664 1.01307 -11
0.29797 -0.49288 0.01674 0 6.92500 4.40000 0.01664 1.06710 -11
-0.62378 0.12300 0.01674 0 6.10000 -6.32500 0.01664 1.16996 -11
0.55937 -0.68996 0.01674 0 4.75000 -13.35000 0.01664 1.21789 -11
-0.39945 0.20420 0.01674 0 5.17500 -23.60000 0.01664 1.32390 -11
0.47289 -0.43259 0.01674 0 4.25000 -29.02500 0.01664 1.37102 -11
-0.43907 0.06297 0.01674 0 3.77500 -38.25000 0.01664 1.46628 -11
0.33971 -0.26694 0.01674 0 3.85000 -44.30000 0.01664 1.52130 -11
-0.55648 0.10165 0.01674 0 4.30000 -55.82500 0.01664 1.61017 -11
0.54546 -0.54957 0.01674 0 3.00000 -62.12500 0.01664 1.65837 -11
0.36082 -0.54497 0.01674 0 -2.10000 63.77500 0.01664 0.81757 -11
-0.25966 0.63559 0.01674 0 -0.40000 55.20000 0.01664 0.92236 -11
0.04883 -0.56517 0.01674 0 -2.07500 54.32500 0.01664 0.96068 -11
0.04681 0.61764 0.01674 0 -0.32500 55.15000 0.01664 1.06255 -11
-0.12434 -0.50249 0.01674 0 -2.87500 55.42500 0.01664 1.09725 -11
0.33789 0.79930 0.01674 0 -0.10000 60.85000 0.01664 1.19651 -11
-0.32157 -0.56641 0.01674 0 -3.67500 63.55000 0.01664 1.22855 -11
-0.46426 0.15490 0.01674 0 8.02500 62.90000 0.01664 7.25313 -11
-0.55426 0.77844 0.01674 0 -3.57500 62.47500 0.01664 7.25661 -11
0.44705 -0.50403 0.01674 0 -3.90000 57.30000 0.01664 7.30287 -11
-0.42731 0.16547 0.01674 0 8.20000 42.62500 0.01664 7.43299 -11
-0.54763 0.71249 0.01674 0 -3.42500 42.15000 0.01664 7.43669 -11
0.41650 -0.41903 0.01674 0 -3.25000 36.90000 0.01664 7.48597 -11
-0.51551 0.90123 0.01674 0 -2.80000 23.45000 0.01664 7.61556 -11
0.55339 -1.00133 0.01674 0 5.95000 19.90000 0.01664 7.64910 -11
-0.42375 0.38626 0.01674 0 7.32500 5.50000 0.01664 7.76958 -11
-0.49388 1.18989 0.01674 0 -4.25000 5.25000 0.01664 7.77222 -11
0.20799 -2.14722 0.01674 0 4.97500 3.12500 0.01664 7.80616 -11
-0.20989 1.42792 0.01674 0 -2.20000 0.60000 0.01664 7.93855 -11
0.29804 -2.16788 0.01674 0 4.50000 -0.32500 0.01664 7.96221 -11
0.13284 1.67030 0.01674 0 -2.17500 -1.25000 0.01664 8.08147 -11
-0.02035 -1.54364 0.01674 0 5.70000 -0.95000 0.01664 8.10970 -11
-0.34911 1.76415 0.01674 0 -1.10000 -2.17500 0.01664 8.21865 -11
0.31686 -1.37199 0.01674 0 6.82500 -3.57500 0.01664 8.24765 -11
-0.31057 1.24140 0.01674 0 -0.15000 -9.07500 0.01664 8.34992 -11
0.59113 -1.36580 0.01674 0 6.82500 -11.10000 0.01664 8.37588 -11
-0.51740 1.15891 0.01674 0 -0.02500 -20.55000 0.01664 8.47199 -11
0.27596 -1.00550 0.01674 0 7.07500 -23.15000 0.01664 8.49944 -11
-0.16184 1.76509 0.01674 0 0.17500 -27.32500 0.01664 8.58906 -11
0.22348 -1.13123 0.01674 0 6.27500 -27.80000 0.01664 8.61081 -11
-0.11855 0.94645 0.01674 0 -0.72500 -32.35000 0.01664 8.69266 -11
-0.02256 -0.91090 0.01674 0 6.90000 -32.45000 0.01664 8.72159 -11
0.00232 0.63696 0.01674 0 -1.00000 -32.45000 0.01664 8.79276 -11
-0.02411 -0.54293 0.01674 0 7.12500 -32.30000 0.01664 8.82539 -11
0.01014 0.76921 0.01674 0 -0.42500 -31.57500 0.01664 8.89587 -11
-0.15249 -0.70977 0.01674 0 5.57500 -32.02500 0.01664 8.91816 -11
0.40254 1.01078 0.01674 0 -0.62500 -26.82500 0.01664 8.98386 -11
-0.31655 -3.78222 0.01674 0 3.75000 -26.80000 0.01664 8.99948 -11
-0.73700 0.76936 0.01674 0 7.57500 6.85000 0.01664 9.64637 -11
0.33364 -0.08191 0.01674 0 8.12500 3.40000 0.01664 9.67002 -11
-6.62145 -1.87286 0.01674 0 -2.55000 4.00000 0.01664 9.67630 -11
1.06016 -0.37845 0.01674 0 -2.95000 4.95000 0.01664 9.69624 -11
-16.97279 6.96736 0.01674 0 -2.65000 8.65000 0.01664 9.71207 -11
0.02041 0.86827 0.01674 0 -3.12500 9.60000 0.01664 9.72043 -11
-0.42677 -0.25632 0.01674 0 -3.82500 9.42500 0.01664 9.72678 -11
-0.09950 0.35719 0.01674 0 -2.80000 65.00000 0.01664 0.72289 -11
0.16293 -0.38045 0.01674 0 3.07500 62.17500 0.01664 0.79428 -11
-0.15301 0.33737 0.01674 0 -2.27500 53.35000 0.01664 0.93568 -11
0.11482 -0.35275 0.01674 0 2.95000 51.10000 0.01664 1.00381 -11
-0.16015 0.29286 0.01674 0 -2.22500 47.00000 0.01664 1.14299 -11
0.18576 -0.30636 0.01674 0 3.12500 43.00000 0.01664 1.21454 -11
-0.23460 0.47722 0.01674 0 -0.95000 34.37500 0.01664 1.35357 -11
0.29618 -0.49010 0.01674 0 1.80000 29.37500 0.01664 1.41199 -11
-0.02137 0.26057 0.01674 0 -2.47500 32.97500 0.01664 1.54215 -11
0.15224 -0.15050 0.01674 0 2.17500 31.62500 0.01664 1.60929 -11
-0.16723 0.14816 0.01674 0 -2.80000 26.05000 0.01664 1.72798 -11
0.20993 -0.06278 0.01674 0 2.77500 22.22500 0.01664 1.80787 -11
-0.21620 0.19576 0.01674 0 -2.30000 18.27500 0.01664 1.91976 -11
0.29975 -0.16741 0.01674 0 1.82500 13.57500 0.01664 1.98953 -11
-0.23829 0.09877 0.01674 0 -2.12500 4.25000 0.01664 2.09688 -11
0.20043 0.03809 0.01674 0 2.25000 -0.50000 0.01664 2.17211 -11
-0.23790 -0.02378 0.01674 0 -2.37500 -5.00000 0.01664 2.26890 -11
0.09688 -0.03522 0.01674 0 1.82500 -10.25000 0.01664 2.34812 -11
-0.12220 -0.05369 0.01674 0 -2.42500 -12.40000 0.01664 2.44794 -11
0.08074 0.06532 0.01674 0 1.55000 -14.42500 0.01664 2.52325 -11
-0.02145 0.06037 0.01674 0 -2.17500 -16.65000 0.01664 2.61813 -11
-0.02243 -0.06469 0.01674 0 0.97500 -16.35000 0.01664 2.68499 -11
-0.04710 0.00897 0.01674 0 -2.12500 -17.10000 0.01664 2.77371 -11
0.25690 -0.00469 0.01674 0 0.95000 -18.67500 0.01664 2.84497 -11
-0.18292 0.16438 0.01674 0 -1.22500 -25.17500 0.01664 2.93575 -11
0.30995 -0.10995 0.01674 0 0.82500 -29.92500 0.01664 3.00076 -11
-0.50737 0.42583 0.01674 0 1.85000 -44.30000 0.01664 3.10823 -11
0.63615 -0.47393 0.01674 0 -0.42500 -50.30000 0.01664 3.14997 -11
-0.43798 0.04019 0.01674 0 -1.62500 61.00000 0.01664 0.53475 -11
0.50021 0.08200 0.01674 0 -0.55000 46.87500 0.01664 0.64784 -11
-0.46628 -0.04571 0.01674 0 -1.47500 23.17500 0.01664 0.82765 -11
0.46444 0.07518 0.01674 0 -0.02500 9.30000 0.01664 0.94462 -11
-0.37922 -0.01179 0.01674 0 -0.97500 -12.07500 0.01664 1.12008 -11
0.26226 0.04350 0.01674 0 0.40000 -21.85000 0.01664 1.22905 -11
-0.27278 -0.05816 0.01674 0 -1.65000 -34.55000 0.01664 1.40159 -11
0.26763 0.16558 0.01674 0 0.57500 -42.65000 0.01664 1.51723 -11
-0.39696 -0.09190 0.01674 0 -1.20000 -56.82500 0.01664 1.67761 -11
-0.15569 -0.20490 0.01674 0 -3.00000 63.62500 0.01664 4.76137 -11
0.17798 0.24808 0.01674 0 -2.00000 60.45000 0.01664 4.83100 -11
-0.28177 -0.20614 0.01674 0 -2.05000 56.47500 0.01664 4.89293 -11
-0.16306 0.42824 0.01674 0 -1.57500 55.35000 0.01664 4.96154 -11
0.09652 -0.24933 0.01674 0 -1.25000 56.47500 0.01664 5.01658 -11
0.06150 0.26267 0.01674 0 -1.30000 56.20000 0.01664 5.07815 -11
0.28731 -0.17356 0.01674 0 -0.97500 58.50000 0.01664 5.13991 -11
-0.28545 0.35203 0.01674 0 -2.05000 63.65000 0.01664 5.20135 -11
0.98567 1.33103 0.00376 0 -1.92500 -64.82500 0.00313 -0.15870 11
0.61034 4.19120 0.00376 0 6.92500 -56.72500 0.00313 -0.10418 11
-0.41872 1.49344 0.00376 0 -3.97500 -56.72500 0.00313 -0.10068 11
0.41435 10.51281 0.00376 0 -4.15000 -55.72500 0.00313 0.00121 11
2.51365 4.16805 0.00376 0 -3.30000 -48.50000 0.00313 0.04730 11
-0.68013 -2.50691 0.00376 0 -2.67500 -48.15000 0.00313 0.04975 11
2.05630 4.47025 0.00376 0 -1.65000 -47.90000 0.00313 0.05362 11
0.47342 1.33910 0.00376 0 -1.92500 -51.22500 0.00313 0.06976 11
-0.14859 -0.69212 0.00376 0 -0.17500 -51.72500 0.00313 0.08897 11
-11.12607 -1.96976 0.00376 0 -2.00000 -54.05000 0.00313 0.10181 11
26.55537 -1.64678 0.00376 0 -2.40000 -55.10000 0.00313 0.11168 11
-0.58521 -0.25937 0.02947 0 2.05000 51.65000 0.02567 0.77011 -11
0.52773 0.22182 0.02947 0 -1.25000 25.52500 0.02567 0.95342 -11
-0.55892 -0.17574 0.02947 0 1.30000 -27.15000 0.02567 1.32955 -11
0.56369 -0.06345 0.02947 0 7.07500 -53.12500 0.02567 1.50682 -11
-0.60873 -0.22928 0.02947 0 0.75000 53.67500 0.02567 0.76088 -11
0.58525 0.30861 0.02947 0 -2.30000 24.97500 0.02567 0.95110 -11
-0.72990 -0.12469 0.02947 0 3.35000 -36.75000 0.02567 1.33026 -11
0.64190 -0.10945 0.02947 0 3.90000 -64.95000 0.02567 1.49504 -11
-0.58216 -0.07300 0.02947 0 -1.27500 48.20000 0.02567 0.77663 -11
0.59852 -0.03876 0.02947 0 5.20000 20.52500 0.02567 0.95706 -11
-0.66860 -0.13391 0.02947 0 -0.27500 -36.62500 0.02567 1.32406 -11
-0.59683 -0.49906 0.02947 0 6.80000 51.75000 0.02567 0.76625 -11
0.54051 0.10471 0.02947 0 3.90000 24.55000 0.02567 0.95668 -11
-0.60023 -0.46493 0.02947 0 7.40000 -28.67500 0.02567 1.32750 -11
0.40508 0.00580 0.02947 0 2.90000 -47.72500 0.02567 1.49761 -11
-0.51048 -0.10873 0.02947 0 -2.67500 53.05000 0.02567 0.76475 -11
0.52692 -0.00428 0.02947 0 5.85000 28.45000 0.02567 0.94634 -11
-0.44301 -0.04910 0.02947 0 -1.17500 -21.07500 0.02567 1.32613 -11
0.38422 0.29136 0.02947 0 -3.55000 -39.02500 0.02567 1.49928 -11
0.38133 -0.05039 0.02947 0 8.32500 -39.37500 0.02567 1.50261 -11
-0.69804 -0.41158 0.02947 0 7.75000 47.80000 0.02567 0.76971 -11
-0.61100 0.02698 0.02947 0 -4.37500 47.37500 0.02567 0.77232 -11
0.62768 0.07084 0.02947 0 1.92500 19.37500 0.02567 0.95268 -11
-0.61632 -0.65170 0.02947 0 7.40000 -31.70000 0.02567 1.30057 -11
0.50421 0.17048 0.02947 0 4.75000 -58.35000 0.02567 1.49675 -11
-0.60414 -0.42707 0.02947 0 6.15000 49.87500 0.02567 0.77826 -11
0.52533 0.10294 0.02947 0 2.47500 22.90000 0.02567 0.96464 -11
-0.56366 -0.40776 0.02947 0 6.85000 -26.37500 0.02567 1.33179 -11
0.48088 0.09866 0.02947 0 1.62500 -49.90000 0.02567 1.50782 -11
-0.65635 -0.11744 0.02947 0 -0.12500 48.37500 0.02567 0.76946 -11
0.64739 -0.01832 0.02947 0 5.97500 18.65000 0.02567 0.95357 -11
-1.10524 -0.18022 0.02947 0 5.45000 -48.30000 0.02567 1.31363 -11
1.55140 -1.03916 0.02947 0 5.97500 18.67500 0.02567 0.95576 -11
-0.59785 0.07885 0.02947 0 -0.77500 55.55000 0.02567 0.73790 -11
0.61178 0.03434 0.02947 0 -1.52500 32.42500 0.02567 0.88790 -11
-0.77214 0.07276 0.02947 0 1.57500 -24.32500 0.02567 1.22851 -11
0.80365 -0.00349 0.02947 0 -3.55000 -51.20000 0.02567 1.37407 -11
-0.66438 -0.22776 0.02947 0 3.70000 46.67500 0.02567 0.77230 -11
0.59891 0.22597 0.02947 0 -2.95000 18.62500 0.02567 0.94980 -11
-0.58892 -0.31095 0.02947 0 4.10000 -35.05000 0.02567 1.31459 -11
0.65291 0.22769 0.02947 0 -1.42500 -62.85000 0.02567 1.49768 -11
-0.61764 -0.50277 0.02947 0 6.05000 52.77500 0.02567 0.75236 -11
0.56285 0.12616 0.02947 0 4.50000 25.30000 0.02567 0.94851 -11
0.16240 -0.37526 0.02947 0 -1.37500 -0.17500 0.02567 1.40749 -11
-0.14997 0.39983 0.02947 0 0.55000 7.80000 0.02567 1.59371 -11
0.18933 -0.35489 0.02947 0 1.35000 24.42500 0.02567 1.90870 -11
-0.21760 0.33680 0.02947 0 -1.40000 33.67500 0.02567 2.08063 -11
0.14708 -0.36645 0.02947 0 2.50000 47.95000 0.02567 2.38438 -11
-0.13111 0.27859 0.02947 0 -2.12500 54.77500 0.02567 2.54845 -11
0.05916 -0.35521 0.02947 0 4.42500 62.17500 0.02567 2.84343 -11
-0.04142 0.25701 0.02947 0 -2.42500 64.67500 0.02567 2.99791 -11
-0.66568 -0.40975 0.02947 0 6.85000 50.12500 0.02567 0.75503 -11
0.65905 0.11918 0.02947 0 1.05000 19.97500 0.02567 0.94092 -11
-0.52020 -0.56928 0.02947 0 8.30000 -36.22500 0.02567 1.29578 -11
-0.52374 -0.06835 0.02947 0 -3.95000 -36.67500 0.02567 1.29908 -11
0.53893 0.06865 0.02947 0 3.37500 -62.40000 0.02567 1.48044 -11
-0.65294 -0.19156 0.02947 0 -0.22500 48.82500 0.02567 0.76961 -11
0.71974 0.42439 0.02947 0 -4.30000 16.40000 0.02567 0.96582 -11
0.66456 0.05456 0.02947 0 7.55000 15.97500 0.02567 0.96839 -11
-0.68283 -0.33706 0.02947 0 -0.67500 -40.77500 0.02567 1.31796 -11
-0.57044 -0.17479 0.02947 0 0.80000 52.85000 0.02567 0.76200 -11
0.55943 0.25133 0.02947 0 -3.45000 28.05000 0.02567 0.93977 -11
0.55391 -0.10217 0.02947 0 8.50000 27.50000 0.02567 0.94354 -11
-0.46409 -0.14181 0.02947 0 3.75000 -21.10000 0.02567 1.32095 -11
0.45700 0.14331 0.02947 0 -3.40000 -40.87500 0.02567 1.48053 -11
-0.65724 -0.03131 0.02947 0 -0.85000 47.15000 0.02567 0.76592 -11
0.67961 -0.05542 0.02947 0 3.35000 18.32500 0.02567 0.94013 -11
-0.62734 -0.09816 0.02947 0 1.47500 -41.90000 0.02567 1.30490 -11
-0.49763 -0.09914 0.02947 0 -2.57500 50.40000 0.02567 0.77312 -11
0.46851 -0.00796 0.02947 0 6.15000 26.12500 0.02567 0.95492 -11
-0.36635 -0.13485 0.02947 0 -3.65000 -16.52500 0.02567 1.32371 -11
0.38283 0.03650 0.02947 0 6.72500 -35.35000 0.02567 1.50574 -11
-0.68298 -0.48764 0.02947 0 5.65000 51.97500 0.02567 0.75499 -11
0.59462 0.15695 0.02947 0 2.00000 22.30000 0.02567 0.94709 -11
-0.68565 -0.38297 0.02947 0 8.00000 -33.20000 0.02567 1.31141 -11
-0.64809 0.05982 0.02947 0 -4.12500 -33.70000 0.02567 1.31445 -11
0.69358 0.09952 0.02947 0 -0.95000 -62.17500 0.02567 1.48746 -11
-0.60304 -0.18226 0.02947 0 2.12500 48.57500 0.02567 0.77269 -11
0.55987 0.22548 0.02947 0 -3.02500 22.30000 0.02567 0.95018 -11
-0.61091 -0.31710 0.02947 0 3.72500 -35.52500 0.02567 1.31736 -11
0.56901 0.23843 0.02947 0 -0.92500 -62.95000 0.02567 1.50142 -11
-0.61717 -0.35979 0.02947 0 6.70000 50.50000 0.02567 0.76811 -11
0.53375 0.11106 0.02947 0 0.70000 24.62500 0.02567 0.94356 -11
-0.78721 -0.28714 0.02947 0 7.00000 -33.95000 0.02567 1.31926 -11
-0.52749 -0.28231 0.02947 0 2.57500 51.20000 0.02567 0.76744 -11
0.52462 0.23201 0.02947 0 -1.47500 27.85000 0.02567 0.94463 -11
-0.53043 -0.21828 0.02947 0 3.67500 -23.22500 0.02567 1.31049 -11
0.51726 0.20123 0.02947 0 -3.82500 -46.47500 0.02567 1.47758 -11
0.54085 -0.09803 0.02947 0 8.15000 -46.90000 0.02567 1.48066 -11
-0.59050 -0.29164 0.02947 0 8.15000 -46.87500 0.02567 1.48075 -11
-5.28655 -2.90247 0.02947 0 8.17500 -44.42500 0.02567 1.49980 -11
-0.55147 -0.01026 0.02947 0 -0.10000 50.25000 0.02567 0.76357 -11
0.55731 -0.06831 0.02947 0 3.32500 26.72500 0.02567 0.92544 -11
-0.45525 0.06885 0.02947 0 0.32500 -23.52500 0.02567 1.29372 -11
0.46220 -0.11756 0.02947 0 1.67500 -42.15000 0.02567 1.44086 -11
-0.55561 -0.19843 0.02947 0 -0.22500 53.32500 0.02567 0.75859 -11
0.55640 0.28646 0.02947 0 -2.47500 26.75000 0.02567 0.94615 -11
-0.49527 -0.16912 0.02947 0 1.45000 -23.70000 0.02567 1.31898 -11
0.46718 0.18550 0.02947 0 -2.92500 -45.20000 0.02567 1.49017 -11
0.97252 -1.86112 0.00235 0 -1.80000 62.90000 0.00222 0.95323 11
-0.00466 1.56872 0.00235 0 -1.25000 62.80000 0.00222 0.95525 11
-1.00933 0.37573 0.00235 0 2.57500 31.12500 0.00222 2.41563 11
0.90957 -0.12334 0.00235 0 3.47500 32.75000 0.00222 2.42597 11
-0.67940 1.35144 0.00235 0 -1.87500 64.67500 0.00222 1.37770 11
1.87158 -1.10374 0.00235 0 -3.97500 62.80000 0.00222 1.39471 11
0.01998 0.98090 0.00235 0 -3.85000 61.55000 0.00222 1.40661 11
-3.33161 0.23958 0.02925 0 0.25000 23.12500 0.00959 0.07806 -11
-2.06283 0.14172 0.02925 0 -1.67500 23.30000 0.00959 0.07863 -11
-2.86899 -0.04995 0.02925 0 4.67500 24.27500 0.00959 0.08206 -11
-3.00137 0.05230 0.02925 0 6.65000 25.30000 0.00959 0.08576 -11
-3.10750 0.18736 0.02925 0 1.25000 23.20000 0.00959 0.07836 -11
-2.69846 0.15197 0.02925 0 0.07500 23.52500 0.00959 0.07933 -11
-3.20108 0.16281 0.02925 0 -1.20000 23.12500 0.00959 0.07810 -11
-3.29239 -0.02693 0.02925 0 2.42500 23.42500 0.00959 0.07916 -11
-3.01831 0.29118 0.02925 0 -4.27500 23.97500 0.00959 0.08104 -11
-2.95493 -0.00440 0.02925 0 7.65000 25.95000 0.00959 0.08801 -11
-3.37639 0.48057 0.02925 0 -4.32500 24.15000 0.00959 0.08169 -11
-2.62722 0.15237 0.02925 0 7.47500 26.02500 0.00959 0.08820 -11
-2.89567 0.05826 0.02925 0 6.25000 24.92500 0.00959 0.08419 -11
-3.06816 0.18433 0.02925 0 0.75000 23.27500 0.00959 0.07857 -11
-2.98485 0.04090 0.02925 0 3.35000 23.72500 0.00959 0.08015 -11
-2.78851 0.04471 0.02925 0 4.27500 24.05000 0.00959 0.08127 -11
-2.90967 0.43516 0.02925 0 -3.90000 23.92500 0.00959 0.08088 -11
-2.49365 0.15484 0.02925 0 7.85000 26.10000 0.00959 0.08855 -11
-2.61149 -0.01771 0.02925 0 2.57500 23.45000 0.00959 0.07921 -11
-2.93218 0.09244 0.02925 0 3.22500 23.65000 0.00959 0.07992 -11
-2.62291 0.20076 0.02925 0 0.80000 23.12500 0.00959 0.07802 -11
-2.68516 0.02119 0.02925 0 5.17500 24.57500 0.00959 0.08307 -11
-3.39060 0.32973 0.02925 0 -1.45000 23.95000 0.00959 0.08075 -11
-2.84785 0.13763 0.02925 0 -1.52500 23.32500 0.00959 0.07869 -11
-2.85547 0.16471 0.02925 0 2.20000 23.30000 0.00959 0.07871 -11
-2.96142 0.17938 0.02925 0 -0.50000 23.27500 0.00959 0.07851 -11
11.65967 -0.37327 0.00178 0 8.15000 47.20000 0.00014 0.24623 -11
-5.25866 -4.25788 0.00178 0 8.20000 47.67500 0.00014 0.24784 -11
-2.75873 -0.98543 0.00458 0 8.17500 47.12500 0.00217 0.24590 11
2.21529 -0.14240 0.00458 0 -0.55000 58.32500 0.00217 0.28754 11
-1.57799 0.91366 0.00310 0 6.97500 -64.67500 0.00263 7.52412 -11
1.33053 -1.16551 0.00310 0 6.20000 -63.87500 0.00263 7.52850 -11
0.05689 0.06348 0.00310 0 7.42500 -62.32500 0.00263 7.53928 -11
-0.61110 0.03662 0.00310 0 5.97500 -62.65000 0.00263 7.54895 -11
-1.06769 0.24912 0.00310 0 1.92500 57.47500 0.00263 1.05976 -11
6.05841 2.52278 0.00310 0 -4.20000 -3.92500 0.00263 1.69680 -11
5.10222 0.34485 0.00310 0 -2.60000 -7.12500 0.00263 1.70045 -11
-2.69405 -0.25347 0.00310 0 -2.85000 -15.60000 0.00263 1.75058 -11
2.84851 -0.04829 0.00310 0 -0.42500 -20.35000 0.00263 1.77127 -11
-3.31261 0.15855 0.00310 0 -2.00000 -25.40000 0.00263 1.79043 -11
7.72654 -0.26106 0.00310 0 -1.80000 -26.10000 0.00263 1.79281 -11
-9.76929 -2.77583 0.00310 0 -1.92500 -27.17500 0.00263 1.79684 -11
0.77463 3.99037 0.00310 0 -2.10000 -28.07500 0.00263 1.82368 -11
-0.28308 0.30243 0.00310 0 -1.82500 -27.67500 0.00263 1.84306 -11
0.36222 -0.14154 0.00310 0 -3.05000 -26.92500 0.00263 1.85127 -11
0.19692 1.92425 0.00401 0 3.77500 54.22500 0.00400 1.10700 -11
-0.02060 -1.35166 0.00401 0 5.72500 54.87500 0.00400 1.11427 -11
0.55868 -0.17302 0.00291 0 2.00000 -63.17500 0.00218 -0.17295 11
-0.14654 0.16986 0.00291 0 -2.75000 -61.60000 0.00218 -0.14796 11
1.18178 -0.68921 0.00291 0 -0.20000 -58.97500 0.00218 -0.12451 11
-0.47396 -0.00007 0.00291 0 -2.77500 -54.95000 0.00218 -0.10587 11
0.52512 -0.18193 0.00291 0 0.45000 -51.97500 0.00218 -0.08402 11
-0.67818 0.45057 0.00291 0 -2.47500 -49.45000 0.00218 -0.06703 11
0.42733 -0.29436 0.00291 0 0.10000 -46.25000 0.00218 -0.04510 11
-0.35941 0.10446 0.00291 0 -2.77500 -44.47500 0.00218 -0.02817 11
0.42059 0.03138 0.00291 0 -0.02500 -42.82500 0.00218 -0.01182 11
-2.45344 -0.75943 0.00291 0 -0.57500 -0.95000 0.00218 0.14130 11
3.26020 2.35508 0.00291 0 -0.10000 2.27500 0.00218 0.16136 11
-0.23634 1.41076 0.00291 0 -0.70000 1.42500 0.00218 0.17170 11
0.22736 0.23814 0.01149 0 -0.90000 63.52500 0.01123 0.53221 -11
-0.16737 -0.14328 0.01149 0 2.50000 54.40000 0.01123 0.65548 -11
0.16627 0.09193 0.01149 0 -1.20000 50.57500 0.01123 0.74438 -11
-0.22499 -0.18459 0.01149 0 2.65000 43.47500 0.01123 0.87001 -11
0.33574 0.09497 0.01149 0 -1.65000 37.62500 0.01123 0.95865 -11
-0.35237 -0.34939 0.01149 0 3.27500 25.80000 0.01123 1.07640 -11
0.28785 0.23702 0.01149 0 -1.37500 17.12500 0.01123 1.17587 -11
-0.29394 -0.38315 0.01149 0 3.57500 8.25000 0.01123 1.28337 -11
0.28620 0.33331 0.01149 0 -1.52500 0.57500 0.01123 1.37998 -11
-0.40155 -0.25198 0.01149 0 3.85000 -7.72500 0.01123 1.48601 -11
0.41381 0.24389 0.01149 0 -2.92500 -18.55000 0.01123 1.57462 -11
-0.44989 -0.43930 0.01149 0 3.70000 -28.90000 0.01123 1.67332 -11
0.51792 0.53539 0.01149 0 -3.32500 -40.35000 0.01123 1.77199 -11
0.26244 0.13453 0.01149 0 8.30000 -40.80000 0.01123 1.77574 -11
-0.37090 -0.53333 0.01149 0 3.75000 -48.97500 0.01123 1.86002 -11
0.37649 0.37762 0.01149 0 -3.40000 -55.97500 0.01123 1.94994 -11
0.38599 0.11067 0.01149 0 8.40000 -56.37500 0.01123 1.95351 -11
0.22255 0.08871 0.01149 0 4.65000 63.40000 0.01123 0.53456 -11
-0.24119 -0.60419 0.01149 0 7.97500 55.25000 0.01123 0.65112 -11
-0.24077 -0.01988 0.01149 0 -4.25000 55.07500 0.01123 0.65370 -11
0.27213 -0.05867 0.01149 0 4.17500 48.82500 0.01123 0.74986 -11
-0.20366 0.23290 0.01149 0 -3.47500 41.02500 0.01123 0.87933 -11
0.14462 -0.25075 0.01149 0 3.15000 37.22500 0.01123 0.95646 -11
-0.25733 0.62545 0.01149 0 -1.17500 28.17500 0.01123 1.10614 -11
0.18978 -0.67921 0.01149 0 1.37500 25.35000 0.01123 1.16024 -11
-0.10706 0.51592 0.01149 0 -1.10000 19.52500 0.01123 1.31390 -11
0.10794 -0.34585 0.01149 0 3.00000 18.37500 0.01123 1.37562 -11
-0.04214 0.27362 0.01149 0 -1.55000 15.80000 0.01123 1.51459 -11
0.07507 -0.33222 0.01149 0 3.42500 14.80000 0.01123 1.58270 -11
-0.00512 0.22355 0.01149 0 -1.25000 12.95000 0.01123 1.71166 -11
0.05665 -0.21879 0.01149 0 3.65000 12.50000 0.01123 1.78081 -11
-0.17648 0.16306 0.01149 0 -1.25000 9.32500 0.01123 1.89939 -11
0.20207 -0.19562 0.01149 0 3.02500 5.20000 0.01123 1.96817 -11
-0.09230 0.12837 0.01149 0 -1.57500 0.90000 0.01123 2.08248 -11
0.11971 -0.18606 0.01149 0 2.62500 -0.72500 0.01123 2.15045 -11
-0.11358 0.16220 0.01149 0 -1.67500 -3.22500 0.01123 2.25752 -11
-0.02016 -0.14288 0.01149 0 0.90000 -3.27500 0.01123 2.31921 -11
0.06551 0.02216 0.01149 0 -1.65000 -1.12500 0.01123 2.41511 -11
-0.02190 0.05835 0.01149 0 1.10000 1.02500 0.01123 2.48240 -11
0.18049 -0.03259 0.01149 0 -1.42500 1.80000 0.01123 2.56411 -11
