-1.45779 1.57278 0.00594 0 -2.25000 47.17500 0.00587 1.58021 11
0.25502 -0.15593 0.00940 0 -3.90000 61.52500 0.00890 0.73294 11
-0.39644 0.12809 0.00940 0 6.85000 56.95000 0.00890 0.78783 11
0.38546 -0.20837 0.00940 0 -2.52500 48.85000 0.00890 0.85353 11
-0.61362 0.21989 0.00940 0 7.17500 43.55000 0.00890 0.90222 11
0.85229 -0.38532 0.00940 0 0.57500 30.12500 0.00890 0.97351 11
-0.45280 -0.27687 0.00940 0 5.12500 24.92500 0.00890 1.00407 11
0.71116 0.29911 0.00940 0 1.37500 22.12500 0.00890 1.02339 11
-0.41708 0.55808 0.00940 0 3.57500 58.92500 0.00890 0.62938 11
-0.02404 -0.57780 0.00940 0 -0.22500 59.42500 0.00890 0.72842 11
0.01865 0.46042 0.00940 0 3.55000 58.55000 0.00890 0.79812 11
-0.06066 -0.49234 0.00940 0 0.10000 58.55000 0.00890 0.89345 11
0.16726 0.41500 0.00940 0 2.97500 60.40000 0.00890 0.96030 11
-0.05083 -0.67217 0.00940 0 0.75000 61.52500 0.00890 1.05428 11
0.16194 0.49037 0.00940 0 2.95000 64.50000 0.00890 1.11653 11
-0.42187 0.21987 0.00940 0 2.25000 63.02500 0.00890 0.64056 11
0.39626 -0.25415 0.00940 0 -0.65000 52.92500 0.00890 0.72911 11
-0.37881 0.21414 0.00940 0 2.42500 43.80000 0.00890 0.81234 11
0.36768 -0.26365 0.00940 0 -0.42500 35.82500 0.00890 0.89603 11
-0.39137 0.29434 0.00940 0 2.25000 27.37500 0.00890 0.97388 11
0.38220 -0.34173 0.00940 0 0.32500 17.75000 0.00890 1.05775 11
-0.21892 0.26579 0.00940 0 2.52500 12.47500 0.00890 1.12878 11
0.29826 -0.36880 0.00940 0 0.97500 5.25000 0.00890 1.21096 11
-0.27794 0.04022 0.00940 0 2.22500 -1.07500 0.00890 1.28150 11
0.29445 -0.12313 0.00940 0 1.10000 -7.35000 0.00890 1.34935 11
-0.33412 -0.01899 0.00940 0 2.37500 -12.40000 0.00890 1.42649 11
0.37086 -0.26790 0.00940 0 2.00000 -19.17500 0.00890 1.49014 11
-0.36049 0.27224 0.00940 0 2.17500 -27.12500 0.00890 1.55728 11
0.37023 -0.50932 0.00940 0 2.22500 -34.62500 0.00890 1.63464 11
-0.13674 0.27550 0.00940 0 2.47500 -37.85000 0.00890 1.69290 11
0.08344 -0.42933 0.00940 0 2.45000 -39.45000 0.00890 1.76104 11
-0.04313 0.04754 0.00940 0 2.60000 -40.37500 0.00890 1.82325 11
0.00078 -0.31490 0.00940 0 2.95000 -40.00000 0.00890 1.88499 11
-0.28546 0.11299 0.00940 0 2.75000 -41.30000 0.00890 1.94817 11
0.12844 -0.47717 0.00940 0 3.87500 -45.37500 0.00890 2.00847 11
0.03282 0.35750 0.00940 0 2.57500 -44.47500 0.00890 2.05836 11
-0.00836 -0.68838 0.00940 0 4.45000 -43.37500 0.00890 2.12285 11
-0.04232 0.44273 0.00940 0 2.87500 -43.65000 0.00890 2.16840 11
0.07185 -1.09233 0.00940 0 5.45000 -43.05000 0.00890 2.23333 11
0.07341 0.53560 0.00940 0 2.87500 -43.02500 0.00890 2.27231 11
-0.20877 -1.84604 0.00940 0 7.90000 -41.05000 0.00890 2.33948 11
0.16488 0.55274 0.00940 0 2.82500 -39.95000 0.00890 2.36749 11
-0.28412 -0.49639 0.00940 0 -4.45000 -34.20000 0.00890 2.42757 11
-0.56104 -1.89654 0.00940 0 8.30000 -33.95000 0.00890 2.43130 11
0.32645 0.49570 0.00940 0 1.27500 -32.75000 0.00890 2.45314 11
-0.31685 -0.88965 0.00940 0 -4.00000 -29.55000 0.00890 2.50714 11
0.29713 0.82585 0.00940 0 1.22500 -28.07500 0.00890 2.52796 11
-0.80403 -1.25815 0.00940 0 -3.45000 -23.02500 0.00890 2.58086 11
0.88461 1.31917 0.00940 0 0.02500 -21.15000 0.00890 2.59491 11
-1.66969 -0.81229 0.00940 0 -2.47500 -13.05000 0.00890 2.63765 11
-1.63453 -1.05930 0.00940 0 -2.45000 -13.00000 0.00890 2.63768 11
1.47633 0.91466 0.00940 0 -0.15000 -10.37500 0.00890 2.65026 11
-2.52835 -1.52627 0.00940 0 -2.45000 -2.25000 0.00890 2.68467 11
3.44156 1.96750 0.00940 0 -1.32500 -0.80000 0.00890 2.69109 11
-4.33429 -0.92897 0.00940 0 -1.00000 -0.10000 0.00890 2.69363 11
-18.16650 -6.43243 0.00940 0 -0.25000 3.35000 0.00890 2.70610 11
1.27436 1.40497 0.00940 0 0.85000 4.87500 0.00890 2.71327 11
-0.02722 0.15139 0.00940 0 -1.27500 -14.92500 0.00890 2.80545 11
0.12608 -0.22151 0.00940 0 0.27500 -14.22500 0.00890 2.81616 11
0.68016 0.19348 0.00940 0 -0.12500 -14.30000 0.00890 2.81859 11
14.95267 15.74487 0.00940 0 0.17500 -15.97500 0.00890 2.82833 11
0.71997 -0.90246 0.00940 0 0.52500 -15.57500 0.00890 2.83688 11
-0.92106 -0.24969 0.00940 0 -1.55000 2.90000 0.00890 2.70931 11
0.56097 0.60626 0.00940 0 -0.60000 3.60000 0.00890 2.71475 11
0.14353 -0.11103 0.00940 0 -1.32500 -21.50000 0.00890 2.60928 11
-0.09827 -0.01596 0.00940 0 0.15000 -22.02500 0.00890 2.61794 11
2.44324 -1.46952 0.00940 0 0.45000 -22.65000 0.00890 2.62232 11
0.74522 -0.51057 0.00940 0 -3.15000 60.02500 0.00890 0.54918 11
-0.55496 0.44816 0.00940 0 -2.67500 48.45000 0.00890 0.61768 11
0.55781 -0.25889 0.00940 0 -3.47500 37.20000 0.00890 0.69998 11
-0.49364 0.30734 0.00940 0 -2.82500 27.82500 0.00890 0.77050 11
0.44512 -0.17588 0.00940 0 -3.40000 19.25000 0.00890 0.84339 11
-0.27417 0.45776 0.00940 0 -2.27500 12.82500 0.00890 0.91101 11
0.27346 -0.28293 0.00940 0 -2.42500 5.35000 0.00890 0.98177 11
-0.42805 0.39369 0.00940 0 -2.15000 -1.55000 0.00890 1.04654 11
0.21331 -0.22316 0.00940 0 -1.95000 -7.80000 0.00890 1.11484 11
-0.25796 0.21486 0.00940 0 -2.90000 -10.75000 0.00890 1.17052 11
0.10721 0.13414 0.00940 0 -2.10000 -14.00000 0.00890 1.22487 11
-0.41702 0.10634 0.00940 0 -3.20000 -17.87500 0.00890 1.29224 11
0.55162 0.15224 0.00940 0 -0.87500 -24.75000 0.00890 1.34272 11
-1.32853 -0.60591 0.00940 0 5.85000 -39.72500 0.00890 1.41334 11
1.28696 0.90356 0.00940 0 -0.47500 -47.15000 0.00890 1.44928 11
-5.88882 -5.31266 0.00203 0 -1.52500 -52.60000 0.00164 1.47639 11
-10.28763 -12.38442 0.00203 0 -1.70000 -52.75000 0.00164 1.47725 11
-0.00129 -0.33951 0.00203 0 -4.15000 -55.12500 0.00164 1.49427 11
-0.03867 0.54689 0.00203 0 -1.87500 -55.05000 0.00164 1.50453 11
0.33447 -0.12837 0.00203 0 -4.17500 -55.62500 0.00164 1.51950 11
-0.61783 0.22073 0.00203 0 -2.22500 -57.10000 0.00164 1.53078 11
1.34671 0.01402 0.00203 0 -3.95000 -58.77500 0.00164 1.54158 11
-0.73031 0.12228 0.00203 0 -2.42500 -60.12500 0.00164 1.55142 11
-0.79020 0.17786 0.00203 0 -4.10000 -60.42500 0.00164 1.56211 11
1.11958 -0.62107 0.00203 0 -3.10000 -58.50000 0.00164 1.57311 11
1.96951 1.25538 0.00203 0 -3.05000 -58.17500 0.00164 1.57560 11
0.16106 -0.41564 0.00940 0 -1.75000 60.87500 0.00890 0.71715 11
-0.24850 0.37872 0.00940 0 1.62500 57.32500 0.00890 0.78864 11
0.07249 -0.34315 0.00940 0 -0.60000 54.65000 0.00890 0.87247 11
-0.01247 0.40105 0.00940 0 1.15000 53.50000 0.00890 0.93748 11
0.06747 -0.39086 0.00940 0 -0.42500 52.97500 0.00890 1.01955 11
-0.11462 0.34821 0.00940 0 0.57500 50.12500 0.00890 1.08059 11
0.19779 -0.48914 0.00940 0 -0.27500 47.97500 0.00890 1.15568 11
0.01250 0.38098 0.00940 0 0.02500 46.47500 0.00890 1.21166 11
-0.00406 -0.33717 0.00940 0 -0.32500 46.30000 0.00890 1.27933 11
-0.13119 0.50427 0.00940 0 -0.65000 45.95000 0.00890 1.33227 11
0.02594 -0.43223 0.00940 0 -0.00000 43.00000 0.00890 1.40021 11
0.14363 0.49652 0.00940 0 -1.40000 43.85000 0.00890 1.44792 11
-0.14032 -0.61366 0.00940 0 0.52500 46.30000 0.00890 1.51174 11
0.25316 0.47034 0.00940 0 -2.40000 48.05000 0.00890 1.55239 11
-0.22181 -0.22284 0.00940 0 0.32500 52.10000 0.00890 1.60662 11
0.08344 0.10920 0.00940 0 -2.30000 53.55000 0.00890 1.65615 11
-0.12422 -0.01471 0.00940 0 0.70000 54.80000 0.00890 1.69854 11
0.28652 -0.03323 0.00940 0 -2.50000 57.72500 0.00890 1.75320 11
-0.55754 0.16074 0.00940 0 1.45000 61.45000 0.00890 1.79148 11
2.46003 0.23507 0.00940 0 0.20000 55.57500 0.00890 0.79884 11
-1.08944 0.02507 0.00940 0 0.82500 53.85000 0.00890 0.80614 11
0.11883 0.50150 0.00940 0 -0.67500 53.15000 0.00890 0.81528 11
0.36849 -0.80097 0.00940 0 0.45000 53.40000 0.00890 0.82771 11
0.73168 0.22822 0.00940 0 -0.45000 53.57500 0.00890 0.83295 11
-0.11734 0.19447 0.00940 0 3.75000 59.07500 0.00890 0.63044 11
0.01784 -0.14655 0.00940 0 -0.15000 57.65000 0.00890 0.71350 11
0.18223 -0.01116 0.00940 0 2.72500 59.80000 0.00890 0.79527 11
-0.18359 -0.08114 0.00940 0 0.07500 63.20000 0.00890 0.86528 11
0.21385 -0.43195 0.00940 0 4.30000 61.57500 0.00890 0.66319 11
-0.23196 -0.11413 0.00940 0 3.87500 58.10000 0.00890 0.72598 11
0.21823 -0.24261 0.00940 0 4.67500 53.55000 0.00890 0.78215 11
-0.07059 -0.23901 0.00940 0 3.72500 50.87500 0.00890 0.84802 11
0.12847 -0.23300 0.00940 0 4.82500 49.67500 0.00890 0.89813 11
-0.21414 -0.04765 0.00940 0 3.27500 46.25000 0.00890 0.95680 11
0.01771 -0.23836 0.00940 0 4.75000 44.77500 0.00890 1.00735 11
0.07440 0.06450 0.00940 0 3.25000 44.57500 0.00890 1.06414 11
-0.08033 -0.18297 0.00940 0 5.00000 44.20000 0.00890 1.11728 11
-0.18162 -0.09317 0.00940 0 2.97500 43.77500 0.00890 1.17569 11
0.27603 -0.10093 0.00940 0 5.72500 40.47500 0.00890 1.22029 11
-0.08971 -0.31812 0.00940 0 2.80000 37.77500 0.00890 1.28139 11
0.04849 -0.03760 0.00940 0 5.87500 37.92500 0.00890 1.32205 11
-0.35314 -0.86010 0.00940 0 1.87500 36.97500 0.00890 1.38248 11
0.14887 0.56523 0.00940 0 7.15000 34.72500 0.00890 1.41020 11
0.36037 0.82179 0.00940 0 7.07500 29.05000 0.00890 1.49586 11
-0.51117 -2.91209 0.00940 0 -2.02500 25.57500 0.00890 1.56194 11
0.24312 1.18684 0.00940 0 6.37500 25.25000 0.00890 1.57431 11
-0.34066 -0.60351 0.00940 0 -2.87500 21.37500 0.00890 1.61816 11
0.02749 0.00761 0.00940 0 4.42500 20.25000 0.00890 1.63954 11
0.43456 -1.54052 0.00940 0 7.27500 11.42500 0.00890 1.79623 11
-0.90568 0.85510 0.00940 0 4.10000 12.60000 0.00890 1.80854 11
1.39975 -0.82284 0.00940 0 5.52500 16.22500 0.00890 1.82879 11
-0.23154 0.24711 0.00940 0 3.27500 15.72500 0.00890 1.84091 11
0.20273 -0.26299 0.00940 0 5.32500 16.55000 0.00890 1.85511 11
0.22073 -0.08059 0.00940 0 3.42500 16.42500 0.00890 1.86472 11
-0.21919 -0.02625 0.00940 0 5.17500 15.77500 0.00890 1.87490 11
-3.95723 -7.11902 0.00940 0 3.67500 17.07500 0.00890 1.89108 11
-0.24572 0.35923 0.00940 0 0.32500 61.67500 0.00890 0.62138 11
0.14367 -0.28747 0.00940 0 -3.27500 58.12500 0.00890 0.71010 11
-0.56456 0.54057 0.00940 0 0.35000 54.77500 0.00890 0.78347 11
0.51765 -0.71999 0.00940 0 -0.30000 43.22500 0.00890 0.88294 11
-0.50457 0.81607 0.00940 0 -0.52500 38.27500 0.00890 0.93377 11
0.74590 -1.04760 0.00940 0 0.62500 27.05000 0.00890 1.02693 11
-0.83157 1.05175 0.00940 0 -1.85000 21.20000 0.00890 1.06831 11
0.92366 -0.79369 0.00940 0 0.97500 6.75000 0.00890 1.16275 11
-0.89513 0.84119 0.00940 0 -1.90000 -1.62500 0.00890 1.20896 11
0.96098 -0.79013 0.00940 0 2.22500 -19.60000 0.00890 1.30182 11
-0.95872 0.71487 0.00940 0 -0.87500 -28.40000 0.00890 1.34868 11
0.67007 -0.69687 0.00940 0 1.22500 -39.90000 0.00890 1.43123 11
-0.59207 0.61279 0.00940 0 -0.75000 -45.95000 0.00890 1.47728 11
0.65650 -0.49219 0.00940 0 0.92500 -56.22500 0.00890 1.55183 11
-0.04187 0.53257 0.00940 0 0.95000 -59.17500 0.00890 1.60611 11
-0.18257 -0.87148 0.00940 0 2.40000 -57.75000 0.00890 1.67980 11
0.09484 0.62028 0.00940 0 0.05000 -56.27500 0.00890 1.71961 11
-0.18591 -0.89553 0.00940 0 3.05000 -53.75000 0.00890 1.79150 11
0.16695 0.35284 0.00940 0 -1.25000 -52.15000 0.00890 1.82497 11
-0.01494 -0.33337 0.00940 0 3.55000 -50.92500 0.00890 1.86734 11
0.10573 -0.06134 0.00940 0 -0.92500 -49.67500 0.00890 1.90901 11
-0.09543 -0.19728 0.00940 0 4.42500 -48.20000 0.00890 1.94188 11
0.14057 -0.11389 0.00940 0 -0.57500 -47.62500 0.00890 1.98215 11
0.09089 -0.13261 0.00940 0 5.60000 -48.57500 0.00890 2.00853 11
-0.05061 -0.21733 0.00940 0 -0.37500 -49.35000 0.00890 2.04635 11
-0.44900 -0.44244 0.00940 0 6.00000 -48.37500 0.00890 2.07386 11
0.19625 0.11385 0.00940 0 -0.35000 -45.67500 0.00890 2.10296 11
-0.35500 -1.17047 0.00940 0 7.52500 -41.77500 0.00890 2.13426 11
0.25915 0.26244 0.00940 0 -0.40000 -40.25000 0.00890 2.15323 11
-0.49934 -0.99975 0.00940 0 7.20000 -40.35000 0.00890 2.18247 11
0.37358 0.23034 0.00940 0 -0.87500 -38.22500 0.00890 2.20206 11
-0.55441 -0.75811 0.00940 0 7.80000 -33.80000 0.00890 2.23269 11
-13.32368 13.98194 0.00940 0 -3.45000 -29.95000 0.00890 2.25455 11
-0.42641 0.09877 0.00940 0 7.90000 -29.15000 0.00890 2.25917 11
0.13447 -1.35560 0.00940 0 -1.30000 -26.40000 0.00890 2.28859 11
0.64994 0.35204 0.00940 0 -2.87500 -26.77500 0.00890 2.29462 11
-0.74074 -0.31947 0.00940 0 -0.85000 -29.47500 0.00890 2.31145 11
2.13028 0.16378 0.00940 0 -1.92500 -31.17500 0.00890 2.31960 11
-1.21627 -0.77262 0.00940 0 -0.65000 -34.27500 0.00890 2.33438 11
0.29302 -0.63928 0.00940 0 -0.77500 -34.72500 0.00890 2.33666 11
-0.01166 0.43997 0.00940 0 -0.07500 -34.90000 0.00890 2.34666 11
-0.98648 -2.59929 0.00940 0 -4.17500 -53.45000 0.00890 1.82278 11
-3.26559 -2.10094 0.00940 0 6.22500 -50.82500 0.00890 1.84232 11
0.00981 -0.37900 0.00940 0 1.70000 62.27500 0.00890 0.89196 11
0.02616 0.15564 0.00940 0 5.45000 62.70000 0.00890 0.96984 11
-0.06797 -0.39112 0.00940 0 1.77500 63.07500 0.00890 1.05623 11
-0.56517 -0.06369 0.00940 0 4.57500 64.62500 0.00890 2.72297 11
0.61521 -0.49329 0.00940 0 5.50000 54.52500 0.00890 2.78966 11
-0.67451 0.01753 0.00940 0 3.20000 46.22500 0.00890 2.84525 11
0.79680 -0.52798 0.00940 0 5.62500 35.12500 0.00890 2.90904 11
-0.48139 -0.13791 0.00940 0 4.70000 25.65000 0.00890 2.97728 11
0.56213 -0.38810 0.00940 0 7.15000 18.05000 0.00890 3.03122 11
-0.61558 -0.20605 0.00940 0 4.57500 9.27500 0.00890 3.09332 11
0.67209 0.23292 0.00940 0 -3.72500 0.40000 0.00890 3.14206 11
0.69382 -0.51870 0.00940 0 8.37500 -0.17500 0.00890 3.14569 11
-0.73920 0.00813 0.00940 0 5.22500 -7.97500 0.00890 3.19843 11
0.80687 0.05960 0.00940 0 -2.45000 -16.40000 0.00890 3.24609 11
-0.76294 -0.04941 0.00940 0 4.25000 -24.75000 0.00890 3.29225 11
0.94801 0.01645 0.00940 0 -2.27500 -35.15000 0.00890 3.34238 11
-1.67339 -0.33343 0.00940 0 3.67500 -47.82500 0.00890 3.39860 11
1.31784 0.61565 0.00940 0 -1.55000 -55.62500 0.00890 3.43355 11
0.58900 -0.19225 0.00940 0 1.52500 61.00000 0.00890 0.54972 11
-0.65797 0.01577 0.00940 0 3.72500 48.00000 0.00890 0.64026 11
0.49000 -0.30281 0.00940 0 1.85000 35.85000 0.00890 0.72171 11
-0.44964 0.19830 0.00940 0 4.25000 25.82500 0.00890 0.80187 11
0.49442 -0.18322 0.00940 0 2.77500 14.95000 0.00890 0.88506 11
-0.56685 -0.04021 0.00940 0 3.87500 3.37500 0.00890 0.96866 11
0.59433 -0.10758 0.00940 0 3.90000 -7.62500 0.00890 1.03575 11
-0.61572 -0.11879 0.00940 0 4.45000 -20.07500 0.00890 1.12215 11
0.84631 -0.21785 0.00940 0 6.87500 -32.85000 0.00890 1.18371 11
-1.23971 -0.67467 0.00940 0 3.75000 -50.72500 0.00890 1.26797 11
1.11762 0.95815 0.00940 0 -3.80000 -58.60000 0.00890 1.30701 11
1.08112 0.15376 0.00940 0 7.75000 -59.30000 0.00890 1.31084 11
-0.47633 0.16898 0.00940 0 7.67500 57.45000 0.00890 0.63095 11
-0.45708 0.42688 0.00940 0 -4.12500 57.15000 0.00890 0.63360 11
0.68228 -0.47620 0.00940 0 6.32500 45.27500 0.00890 0.71565 11
-0.35763 0.08463 0.00940 0 7.12500 34.80000 0.00890 0.79003 11
0.39554 -0.78324 0.00940 0 7.65000 30.02500 0.00890 0.86291 11
-0.35799 0.29216 0.00940 0 6.05000 24.42500 0.00890 0.91377 11
0.41367 -0.43548 0.00940 0 -4.05000 16.10000 0.00890 0.99010 11
-0.18866 0.42678 0.00940 0 6.95000 12.42500 0.00890 1.03855 11
0.23565 -0.51621 0.00940 0 -2.62500 8.65000 0.00890 1.11606 11
-0.31372 0.28278 0.00940 0 7.95000 5.05000 0.00890 1.16284 11
-0.38921 0.41467 0.00940 0 -3.80000 4.77500 0.00890 1.16583 11
0.16794 -0.15165 0.00940 0 -2.00000 0.50000 0.00890 1.22472 11
0.01572 0.08374 0.00940 0 7.02500 0.80000 0.00890 1.26814 11
-0.21980 -0.23056 0.00940 0 -2.40000 5.62500 0.00890 1.32519 11
0.18671 0.10276 0.00940 0 7.30000 7.65000 0.00890 1.37256 11
-0.12742 -0.06272 0.00940 0 -1.87500 10.82500 0.00890 1.42580 11
0.14556 0.09716 0.00940 0 7.10000 13.70000 0.00890 1.47249 11
-0.88664 -0.00483 0.00940 0 0.07500 21.77500 0.00890 1.51798 11
2.07896 -0.24447 0.00940 0 5.10000 36.97500 0.00890 1.57837 11
-0.49184 -0.02443 0.00940 0 -1.47500 54.72500 0.00890 1.65251 11
0.42581 -0.58719 0.00940 0 3.90000 58.72500 0.00890 1.68711 11
-0.30215 0.90703 0.00940 0 0.27500 60.00000 0.00890 1.70197 11
1.06227 -3.15439 0.00940 0 2.72500 63.77500 0.00890 1.74406 11
-1.87423 -0.09195 0.00940 0 2.32500 63.97500 0.00890 1.74575 11
0.42113 -0.48684 0.00940 0 8.00000 64.90000 0.00890 0.55442 11
-0.22954 0.42173 0.00940 0 -3.05000 57.17500 0.00890 0.63064 11
0.20641 -0.17817 0.00940 0 -3.50000 52.95000 0.00890 0.70113 11
-0.08600 0.27681 0.00940 0 -3.17500 50.02500 0.00890 0.76554 11
0.04036 -0.01339 0.00940 0 -3.22500 49.17500 0.00890 0.82574 11
-0.02523 0.03980 0.00940 0 8.20000 48.75000 0.00890 0.88373 11
-0.07504 0.37059 0.00940 0 -3.57500 48.67500 0.00890 0.88686 11
0.10283 -0.14472 0.00940 0 -2.90000 44.82500 0.00890 0.95146 11
-0.30578 0.10433 0.00940 0 7.92500 40.97500 0.00890 1.00562 11
-0.30826 0.32837 0.00940 0 -3.90000 40.75000 0.00890 1.00843 11
0.10208 -0.00504 0.00940 0 -2.72500 37.07500 0.00890 1.06650 11
-0.02314 0.00274 0.00940 0 8.15000 35.87500 0.00890 1.12422 11
0.02085 0.34215 0.00940 0 -3.67500 35.87500 0.00890 1.12720 11
-0.11656 0.05041 0.00940 0 -2.12500 35.80000 0.00890 1.18012 11
0.30076 -0.03656 0.00940 0 7.35000 38.55000 0.00890 1.23156 11
-0.30552 0.16858 0.00940 0 -2.05000 42.57500 0.00890 1.27972 11
0.18188 0.01721 0.00940 0 7.10000 46.27500 0.00890 1.33235 11
-0.33702 0.00423 0.00940 0 -1.82500 49.75000 0.00890 1.37810 11
0.23723 -0.12410 0.00940 0 6.60000 53.12500 0.00890 1.42557 11
-0.30012 -0.21955 0.00940 0 -1.97500 55.45000 0.00890 1.47123 11
0.20444 0.31701 0.00940 0 5.92500 57.17500 0.00890 1.50700 11
-0.68854 -0.26190 0.00940 0 -1.10000 63.52500 0.00890 1.55595 11
0.31212 -4.67017 0.00175 0 8.42500 64.82500 0.00168 0.55583 11
-0.09355 0.23015 0.00175 0 -1.75000 64.60000 0.00168 0.56476 11
-0.46406 -0.39127 0.00175 0 -4.30000 63.47500 0.00168 0.58251 11
-3.32786 2.38594 0.00175 0 -1.77500 14.85000 0.00168 1.02399 11
2.36507 1.96098 0.00175 0 -1.52500 14.22500 0.00168 1.03875 11
14.54744 0.53355 0.00175 0 -1.47500 14.32500 0.00168 1.03946 11
0.30252 -0.04701 0.00940 0 4.32500 64.80000 0.00890 0.62042 11
-0.39156 -0.18139 0.00940 0 2.17500 60.20000 0.00890 0.68429 11
0.18669 -0.14450 0.00940 0 4.27500 57.22500 0.00890 0.73116 11
-0.20065 -0.08322 0.00940 0 1.72500 53.62500 0.00890 0.78562 11
0.27310 -0.08578 0.00940 0 4.37500 50.30000 0.00890 0.83089 11
-0.19801 -0.60408 0.00940 0 0.75000 45.45000 0.00890 0.89234 11
-0.12869 0.22819 0.00940 0 6.57500 44.67500 0.00890 0.91780 11
-0.15509 1.38434 0.00940 0 8.22500 47.22500 0.00890 0.98715 11
-0.99102 1.03720 0.00940 0 7.52500 57.87500 0.00890 1.12918 11
0.72581 0.48296 0.00337 0 8.07500 23.00000 0.00218 0.68405 11
-12.62744 6.16902 0.00337 0 8.27500 17.15000 0.00218 0.72344 11
-0.45395 -0.08781 0.00337 0 -3.47500 16.25000 0.00218 0.72827 11
0.50478 -0.40666 0.00337 0 6.70000 14.95000 0.00218 0.73787 11
-0.67427 -0.35429 0.00337 0 -3.07500 12.22500 0.00218 0.75470 11
0.12267 -0.51297 0.00337 0 6.82500 10.47500 0.00218 0.76647 11
0.13511 0.15478 0.00337 0 -2.92500 10.50000 0.00218 0.77803 11
-1.30529 -0.37882 0.00337 0 6.30000 27.90000 0.00218 0.85661 11
1.10746 -0.11242 0.00337 0 7.32500 29.30000 0.00218 0.86399 11
-1.08097 -1.30564 0.00337 0 6.15000 30.77500 0.00218 0.87458 11
1.76550 1.31762 0.00337 0 6.62500 31.20000 0.00218 0.87764 11
23.70618 8.86532 0.00337 0 6.20000 30.77500 0.00218 0.87488 11
-1.29546 -1.68024 0.00337 0 6.20000 30.77500 0.00218 0.87488 11
-0.46316 0.61541 0.00940 0 -0.77500 59.02500 0.00890 0.61358 11
0.31576 -0.54444 0.00940 0 -3.07500 50.40000 0.00890 0.71034 11
-0.24031 0.76307 0.00940 0 -1.55000 46.10000 0.00890 0.76902 11
0.24685 -0.48283 0.00940 0 -3.30000 41.75000 0.00890 0.86111 11
-0.34968 0.71639 0.00940 0 -2.27500 38.15000 0.00890 0.91783 11
0.29315 -0.33951 0.00940 0 -2.95000 30.07500 0.00890 0.99820 11
-0.30597 0.24499 0.00940 0 -2.80000 25.85000 0.00890 1.05903 11
0.43466 -0.21787 0.00940 0 -2.90000 18.20000 0.00890 1.12820 11
-0.44128 0.23205 0.00940 0 8.47500 11.37500 0.00890 1.18551 11
-0.46470 0.44919 0.00940 0 -3.15000 10.90000 0.00890 1.18952 11
0.59650 -0.20727 0.00940 0 -2.12500 1.90000 0.00890 1.25619 11
-1.06920 -0.09173 0.00940 0 7.05000 -11.80000 0.00890 1.32337 11
0.78229 0.04365 0.00940 0 -1.12500 -24.35000 0.00890 1.38270 11
-0.62499 -0.40530 0.00940 0 8.40000 -34.85000 0.00890 1.45044 11
-0.61195 -0.31860 0.00940 0 -3.92500 -35.37500 0.00890 1.45400 11
0.78933 0.49129 0.00940 0 0.37500 -41.30000 0.00890 1.49005 11
-0.86740 -0.98189 0.00940 0 7.12500 -53.40000 0.00890 1.56079 11
2.09605 4.15725 0.00940 0 1.65000 -57.25000 0.00890 1.58484 11
0.14113 -1.43672 0.00940 0 2.65000 -40.80000 0.00890 2.24723 11
0.06554 0.73776 0.00940 0 -0.25000 -40.70000 0.00890 2.25937 11
1.96197 -7.19436 0.00940 0 1.05000 -41.55000 0.00890 2.28739 11
1.43034 -0.98430 0.00940 0 0.90000 -40.80000 0.00890 2.30448 11
0.52175 -0.36852 0.00940 0 -3.32500 62.02500 0.00890 0.55531 11
-0.58965 0.50628 0.00940 0 -1.80000 51.55000 0.00890 0.62654 11
0.67493 -0.30479 0.00940 0 -3.87500 38.02500 0.00890 0.72000 11
-0.87859 0.45467 0.00940 0 -2.92500 25.90000 0.00890 0.79292 11
1.17149 -0.36127 0.00940 0 -2.45000 9.97500 0.00890 0.87479 11
-0.90600 0.31985 0.00940 0 5.87500 0.67500 0.00890 0.92291 11
0.96168 -0.36848 0.00940 0 -3.72500 -17.50000 0.00890 1.01329 11
-0.98152 0.20355 0.00940 0 4.37500 -28.92500 0.00890 1.06639 11
1.25189 -0.82553 0.00940 0 7.15000 -45.12500 0.00890 1.14690 11
-1.45548 -0.04361 0.00940 0 3.20000 -57.67500 0.00890 1.20431 11
0.77675 -0.22183 0.00940 0 -3.75000 -17.50000 0.00890 1.01311 11
-1.41500 -0.72773 0.00940 0 -3.75000 -17.50000 0.00890 1.01312 11
0.15202 -0.28107 0.00940 0 -1.27500 63.47500 0.00890 0.87241 11
0.00066 0.21597 0.00940 0 2.20000 61.67500 0.00890 0.95070 11
0.05807 -0.18093 0.00940 0 -0.92500 62.37500 0.00890 1.02967 11
-0.21888 0.30024 0.00940 0 1.52500 61.00000 0.00890 1.10144 11
0.15216 -0.33411 0.00940 0 -0.47500 55.20000 0.00890 1.18471 11
-0.25870 0.43805 0.00940 0 0.47500 50.85000 0.00890 1.24639 11
0.14931 -0.56695 0.00940 0 -0.50000 46.75000 0.00890 1.33042 11
-0.15976 0.66213 0.00940 0 -1.47500 45.15000 0.00890 1.37786 11
0.13480 -0.53970 0.00940 0 -1.02500 39.45000 0.00890 1.45914 11
-0.34791 0.59518 0.00940 0 -0.90000 35.12500 0.00890 1.51421 11
0.19165 -0.25583 0.00940 0 0.10000 30.12500 0.00890 1.57994 11
-0.14634 0.05539 0.00940 0 -0.87500 27.57500 0.00890 1.63795 11
0.27610 -0.13361 0.00940 0 0.30000 25.85000 0.00890 1.69265 11
-0.26726 0.05649 0.00940 0 -2.47500 21.27500 0.00890 1.74494 11
0.74986 -0.08330 0.00940 0 0.80000 14.05000 0.00890 1.79320 11
-0.79220 -0.28942 0.00940 0 8.02500 3.77500 0.00890 1.84702 11
-0.63880 -0.02277 0.00940 0 -4.05000 3.22500 0.00890 1.85019 11
0.54706 0.08432 0.00940 0 0.57500 -3.15000 0.00890 1.89038 11
-0.73180 -0.16525 0.00940 0 7.27500 -10.35000 0.00890 1.93497 11
0.77092 0.34698 0.00940 0 0.95000 -16.05000 0.00890 1.96872 11
-0.49621 -0.45182 0.00940 0 7.82500 -22.80000 0.00890 2.02182 11
0.42584 0.38593 0.00940 0 1.55000 -25.12500 0.00890 2.04857 11
-0.33699 -0.34309 0.00940 0 7.60000 -31.30000 0.00890 2.09663 11
0.31331 0.18135 0.00940 0 0.77500 -33.37500 0.00890 2.12928 11
-0.31761 -0.15710 0.00940 0 7.25000 -37.85000 0.00890 2.17069 11
0.41148 0.46995 0.00940 0 1.35000 -40.37500 0.00890 2.19827 11
-0.27723 -0.40302 0.00940 0 6.80000 -44.22500 0.00890 2.24002 11
0.64763 0.21709 0.00940 0 2.32500 -47.67500 0.00890 2.26200 11
0.12130 -0.30899 0.00940 0 7.90000 -49.07500 0.00890 2.29740 11
-0.14617 0.68043 0.00940 0 3.37500 -47.95000 0.00890 2.31617 11
1.08177 -1.55638 0.00940 0 7.77500 -29.32500 0.00890 2.45224 11
-0.65421 0.52216 0.00940 0 4.07500 -26.67500 0.00890 2.47046 11
0.56295 -0.87250 0.00940 0 7.82500 56.47500 0.00890 0.73900 11
-0.31448 0.46007 0.00940 0 -1.62500 49.72500 0.00890 0.81055 11
0.35080 -0.32791 0.00940 0 -4.47500 41.92500 0.00890 0.90036 11
0.42144 -0.97228 0.00940 0 7.97500 41.65000 0.00890 0.90324 11
-0.33300 0.41388 0.00940 0 -1.22500 36.17500 0.00890 0.97697 11
0.30778 -0.25847 0.00940 0 -3.02500 26.70000 0.00890 1.06261 11
-0.44368 0.37746 0.00940 0 -1.02500 19.35000 0.00890 1.13596 11
0.50609 -0.44619 0.00940 0 -2.02500 9.47500 0.00890 1.21757 11
-0.41768 0.48559 0.00940 0 -1.62500 2.77500 0.00890 1.27741 11
0.53596 -0.53761 0.00940 0 -1.37500 -7.62500 0.00890 1.36061 11
-0.71731 0.50560 0.00940 0 7.45000 -13.50000 0.00890 1.40211 11
-0.91585 0.91786 0.00940 0 -4.07500 -14.05000 0.00890 1.40539 11
0.63164 -0.55801 0.00940 0 -1.55000 -27.35000 0.00890 1.48824 11
-0.60517 0.67713 0.00940 0 -1.05000 -34.37500 0.00890 1.54411 11
0.53354 -0.72341 0.00940 0 1.42500 -44.42500 0.00890 1.61606 11
-0.56836 0.79760 0.00940 0 -1.60000 -49.50000 0.00890 1.65581 11
0.23373 -0.61426 0.00940 0 0.77500 -55.10000 0.00890 1.72727 11
0.80657 0.28767 0.00940 0 8.40000 -54.30000 0.00890 1.76199 11
1.01418 0.08719 0.00940 0 -3.47500 -53.37500 0.00890 1.76654 11
-0.35803 0.08481 0.00940 0 1.32500 -48.70000 0.00890 1.80420 11
0.42327 -0.39716 0.00940 0 -3.90000 -42.45000 0.00890 1.85944 11
-0.32410 0.42838 0.00940 0 3.02500 -40.80000 0.00890 1.87907 11
0.89214 -0.61526 0.00940 0 -3.90000 -34.57500 0.00890 1.93097 11
-0.76746 0.05469 0.00940 0 3.27500 -31.07500 0.00890 1.95344 11
0.59250 -0.17651 0.00940 0 7.77500 -26.07500 0.00890 1.98429 11
-3.21527 0.68324 0.00940 0 4.35000 -21.70000 0.00890 2.00540 11
2.79716 -0.81696 0.00940 0 5.45000 -10.10000 0.00890 2.04756 11
0.08363 1.05117 0.00940 0 4.80000 -9.10000 0.00890 2.05168 11
0.49940 -0.98223 0.00940 0 7.27500 -7.35000 0.00890 2.08402 11
-0.62633 1.17667 0.00940 0 5.42500 -6.57500 0.00890 2.09149 11
-0.67230 -1.69707 0.00940 0 6.52500 -6.82500 0.00890 2.11344 11
0.22745 13.89251 0.00940 0 6.22500 -6.95000 0.00890 2.11440 11
-0.02276 -0.02383 0.00940 0 7.85000 -3.15000 0.00890 2.15829 11
-2.74212 0.57364 0.00940 0 7.85000 -3.15000 0.00890 2.15830 11
-0.01061 -0.73170 0.00454 0 -2.80000 63.52500 0.00453 2.04804 11
0.11365 0.74122 0.00454 0 0.67500 63.77500 0.00453 2.06214 11
-0.03975 -0.19932 0.00454 0 -2.17500 64.55000 0.00453 2.09033 11
0.11648 0.37374 0.00454 0 1.30000 64.70000 0.00453 2.10701 11
0.59251 -1.42575 0.00454 0 -1.10000 64.87500 0.00453 2.13496 11
-0.74422 1.20231 0.00454 0 0.65000 64.17500 0.00453 2.14194 11
-0.19591 -0.11403 0.00454 0 -2.10000 62.72500 0.00453 2.16025 11
0.17685 0.07067 0.00454 0 0.42500 63.52500 0.00453 2.17377 11
-0.17963 0.01554 0.00454 0 -1.90000 63.80000 0.00453 2.18599 11
-0.05391 -0.14672 0.00454 0 0.37500 63.85000 0.00453 2.20024 11
0.78445 0.50850 0.00454 0 0.22500 63.65000 0.00453 2.20139 11
0.15454 -0.65518 0.00454 0 1.62500 64.87500 0.00453 2.21657 11
-0.82354 0.32648 0.00454 0 0.40000 64.90000 0.00453 2.22219 11
1.34580 -1.23996 0.00454 0 -3.25000 53.72500 0.00453 1.52693 11
-1.29401 1.31121 0.00454 0 -0.30000 51.20000 0.00453 1.54062 11
5.00744 -7.81592 0.00454 0 -2.47500 42.57500 0.00453 1.59606 11
-8.65511 18.93996 0.00454 0 -2.05000 42.32500 0.00453 1.59794 11
0.47912 -0.99063 0.00454 0 -4.47500 38.80000 0.00453 1.63805 11
-0.54267 1.09000 0.00454 0 -1.47500 37.60000 0.00453 1.65005 11
0.99124 -0.24444 0.00454 0 -3.92500 30.77500 0.00453 1.68528 11
-0.96547 0.09879 0.00454 0 -0.80000 26.40000 0.00453 1.70720 11
1.40127 -0.56760 0.00454 0 7.75000 23.02500 0.00453 1.73271 11
-8.80641 -4.38501 0.00454 0 -2.17500 16.95000 0.00453 1.75915 11
2.54946 0.84249 0.00454 0 -2.22500 16.87500 0.00453 1.75964 11
-3.21210 -0.14692 0.00454 0 -0.92500 9.70000 0.00453 1.78646 11
1.77426 3.00734 0.00454 0 -1.17500 9.15000 0.00453 1.78869 11
-0.82392 0.03467 0.01238 0 0.15000 62.37500 0.01017 0.82843 11
0.84529 -0.09967 0.01238 0 -3.10000 43.87500 0.01017 0.92164 11
-0.81554 0.17401 0.01238 0 1.57500 25.25000 0.01017 1.02812 11
0.79025 -0.15988 0.01238 0 -3.00000 8.05000 0.01017 1.12862 11
-0.34877 0.14280 0.01238 0 2.32500 -7.12500 0.01017 1.23258 11
0.26643 -0.10087 0.01238 0 -3.27500 -15.72500 0.01017 1.32292 11
-0.34686 0.09948 0.01238 0 2.25000 -23.17500 0.01017 1.42241 11
0.23040 -0.06379 0.01238 0 -2.95000 -29.27500 0.01017 1.50791 11
-0.26619 0.09705 0.01238 0 1.85000 -35.67500 0.01017 1.60246 11
0.22170 -0.08647 0.01238 0 -3.05000 -40.97500 0.01017 1.68646 11
-0.20730 0.05967 0.01238 0 1.65000 -46.15000 0.01017 1.78226 11
0.24692 -0.12823 0.01238 0 -2.87500 -50.85000 0.01017 1.86555 11
-0.02100 0.17898 0.01238 0 1.82500 -51.25000 0.01017 1.95387 11
-0.12737 -0.18912 0.01238 0 -2.57500 -49.87500 0.01017 2.03602 11
0.16198 0.14306 0.01238 0 1.45000 -46.37500 0.01017 2.12064 11
-0.18122 -0.15188 0.01238 0 -2.40000 -42.62500 0.01017 2.20272 11
0.13360 0.21807 0.01238 0 1.25000 -38.05000 0.01017 2.28594 11
-0.04106 -0.22551 0.01238 0 -2.30000 -36.02500 0.01017 2.36886 11
-0.05571 0.60396 0.01238 0 -0.52500 -35.22500 0.01017 2.43145 11
0.01131 -0.44575 0.01238 0 -2.40000 -34.45000 0.01017 2.51782 11
0.04575 0.66693 0.01238 0 -1.92500 -34.90000 0.01017 2.57174 11
-0.05976 -0.41598 0.01238 0 -2.45000 -31.65000 0.01017 2.65325 11
-0.38231 0.68616 0.01238 0 -1.55000 -33.10000 0.01017 2.71028 11
0.48407 -0.57095 0.01238 0 -0.30000 -43.05000 0.01017 2.78738 11
-0.71365 0.53553 0.01238 0 -1.45000 -49.35000 0.01017 2.83885 11
0.76706 -0.34727 0.01238 0 1.50000 -59.65000 0.01017 2.90740 11
0.45343 -0.21572 0.01238 0 -4.20000 63.80000 0.01017 0.92003 11
0.59637 -0.87037 0.01238 0 8.20000 63.42500 0.01017 0.92324 11
-0.47553 0.20758 0.01238 0 3.60000 51.92500 0.01017 1.02622 11
0.51701 -0.30521 0.01238 0 -3.65000 38.80000 0.01017 1.13313 11
-0.56816 0.35980 0.01238 0 2.70000 25.20000 0.01017 1.23107 11
0.53434 -0.33609 0.01238 0 -2.77500 7.55000 0.01017 1.34838 11
-0.41397 0.26614 0.01238 0 3.77500 -4.75000 0.01017 1.44797 11
0.43457 -0.32339 0.01238 0 -2.67500 -16.95000 0.01017 1.55494 11
-0.34370 0.16988 0.01238 0 3.87500 -26.87500 0.01017 1.65389 11
0.41576 -0.23118 0.01238 0 -2.35000 -37.32500 0.01017 1.75389 11
-0.44841 0.30451 0.01238 0 3.52500 -46.92500 0.01017 1.84736 11
0.64853 -0.48383 0.01238 0 -1.65000 -59.72500 0.01017 1.95238 11
-0.85234 0.13243 0.01238 0 -2.02500 56.07500 0.01017 0.83384 11
0.95659 -0.54260 0.01238 0 6.95000 35.40000 0.01017 0.93594 11
-0.89236 0.20303 0.01238 0 -1.20000 14.95000 0.01017 1.04425 11
0.93393 -0.39086 0.01238 0 7.55000 -4.25000 0.01017 1.14412 11
-0.71292 -0.10998 0.01238 0 -2.20000 -24.87500 0.01017 1.25225 11
0.78859 0.44384 0.01238 0 -4.25000 -37.02500 0.01017 1.32218 11
0.59766 -0.04062 0.01238 0 7.62500 -37.50000 0.01017 1.32489 11
-0.61148 -0.20615 0.01238 0 -2.40000 -57.32500 0.01017 1.45408 11
-0.38078 -0.01200 0.01238 0 2.10000 60.60000 0.01017 1.06264 11
0.51205 -0.39772 0.01238 0 7.45000 47.87500 0.01017 1.15972 11
-0.47711 -0.14739 0.01238 0 1.67500 31.55000 0.01017 1.28474 11
0.47931 0.16749 0.01238 0 -3.70000 21.62500 0.01017 1.36496 11
0.58546 -0.33980 0.01238 0 8.35000 21.17500 0.01017 1.36835 11
-0.42019 0.08545 0.01238 0 1.97500 7.30000 0.01017 1.48203 11
0.46602 -0.19211 0.01238 0 -4.07500 -4.87500 0.01017 1.58087 11
0.67921 -0.82404 0.01238 0 8.37500 -5.30000 0.01017 1.58438 11
-0.41080 0.23186 0.01238 0 1.42500 -16.00000 0.01017 1.67594 11
0.69065 -0.04269 0.01238 0 -3.30000 -28.30000 0.01017 1.76925 11
-0.68913 0.03223 0.01238 0 0.02500 -46.20000 0.01017 1.87657 11
0.75500 0.03111 0.01238 0 -1.60000 -62.07500 0.01017 1.95893 11
0.71983 -0.03094 0.01238 0 -2.77500 48.75000 0.01017 0.92646 11
-0.72120 0.03603 0.01238 0 2.12500 26.85000 0.01017 1.04772 11
0.57222 -0.20006 0.01238 0 -3.65000 10.02500 0.01017 1.15028 11
-0.53395 0.28409 0.01238 0 2.77500 -5.67500 0.01017 1.25746 11
0.43589 -0.38070 0.01238 0 -4.35000 -19.20000 0.01017 1.37116 11
0.63504 -1.08251 0.01238 0 8.22500 -19.57500 0.01017 1.37458 11
-0.31452 0.54490 0.01238 0 2.40000 -27.50000 0.01017 1.45979 11
0.31655 -0.53867 0.01238 0 -2.92500 -37.67500 0.01017 1.57911 11
-0.52151 0.97730 0.01238 0 1.37500 -45.95000 0.01017 1.65194 11
0.43447 -1.04688 0.01238 0 -0.67500 -60.65000 0.01017 1.78365 11
-0.12050 -0.18956 0.00268 0 7.72500 -63.75000 0.00250 1.82105 11
0.00332 0.55769 0.00268 0 6.10000 -49.52500 0.00250 2.67653 11
-0.20403 0.40599 0.00268 0 7.42500 -52.30000 0.00250 2.70992 11
0.04508 -0.18196 0.01238 0 1.05000 -27.00000 0.01017 1.46913 11
-0.33835 1.21261 0.01238 0 2.17500 -27.22500 0.01017 1.47625 11
-0.15055 0.20929 0.01238 0 2.67500 -27.50000 0.01017 1.48322 11
0.85433 -0.96244 0.01238 0 6.82500 47.15000 0.01017 0.92998 11
-0.73246 0.39885 0.01238 0 0.02500 29.90000 0.01017 1.02914 11
1.07956 -1.03251 0.01238 0 6.27500 10.62500 0.01017 1.15203 11
-0.89669 0.47192 0.01238 0 -1.70000 -5.87500 0.01017 1.24285 11
