-0.28640 -0.14036 0.01159 0 5.17500 -7.65000 0.01106 2.16307 -11
-0.62494 1.80876 0.01159 0 -0.07500 10.35000 0.01106 1.60571 -11
-1.24544 1.10813 0.01159 0 2.17500 33.22500 0.01106 1.81631 -11
1.27277 -1.07739 0.01159 0 -2.65000 37.30000 0.01106 1.83865 -11
-7.62687 4.78158 0.01159 0 -0.20000 57.02500 0.01106 1.92185 -11
78.13428 -48.81101 0.01159 0 -0.77500 58.10000 0.01106 1.92936 -11
0.71943 -1.00151 0.00443 0 6.55000 -61.55000 0.00374 1.49893 11
-2.71640 -0.32612 0.01055 0 -2.25000 -58.27500 0.00663 1.03535 -11
4.16831 -1.02542 0.01055 0 7.77500 -49.35000 0.00663 1.06745 -11
1.73712 2.23632 0.01055 0 -3.80000 -48.12500 0.00663 1.07291 -11
-0.81563 -0.65744 0.01055 0 -2.90000 -47.50000 0.00663 1.07669 -11
0.31476 -0.01399 0.01055 0 4.37500 -43.17500 0.00663 1.11237 -11
-0.28778 -0.02011 0.01055 0 -2.80000 -41.15000 0.00663 1.13730 -11
0.07247 -0.15237 0.01055 0 4.80000 -40.12500 0.00663 1.16348 -11
0.08038 0.09934 0.01055 0 -2.82500 -39.25000 0.00663 1.18356 -11
-0.01241 -0.19890 0.01055 0 4.67500 -39.80000 0.00663 1.20689 -11
-0.08132 -0.42189 0.01055 0 -2.95000 -40.00000 0.00663 1.22947 -11
0.84152 0.49653 0.01055 0 5.07500 -37.50000 0.00663 1.26300 -11
-0.91339 -1.46157 0.01055 0 7.85000 -35.07500 0.00663 1.27764 -11
0.87160 1.96088 0.01055 0 6.00000 -31.50000 0.00663 1.30695 -11
0.04834 -1.38874 0.01055 0 6.40000 -31.37500 0.00663 1.30844 -11
-0.20352 1.04249 0.01055 0 4.75000 -31.85000 0.00663 1.32774 -11
-0.46499 0.60218 0.01055 0 6.65000 -32.27500 0.00663 1.33607 -11
0.54836 -1.69503 0.01055 0 5.37500 -31.72500 0.00663 1.34184 -11
0.67257 -0.66558 0.01055 0 5.22500 -32.70000 0.00663 1.35488 -11
1.23443 -1.63464 0.01055 0 4.45000 -33.35000 0.00663 1.36576 -11
1.40012 0.30622 0.01055 0 -3.67500 -59.92500 0.00663 1.55884 -11
-1.81782 -1.14112 0.01055 0 -2.15000 -56.72500 0.00663 1.57147 -11
0.45401 -0.08338 0.01055 0 6.80000 -51.35000 0.00663 1.60321 -11
-0.97776 -0.74263 0.01055 0 -2.57500 -48.30000 0.00663 1.61913 -11
3.26953 2.38777 0.01055 0 8.40000 -40.27500 0.00663 1.65575 -11
4.37698 1.23061 0.00259 0 -3.57500 -24.00000 0.00251 1.42923 11
-1.59004 -0.55465 0.00259 0 7.02500 -20.42500 0.00251 1.44388 11
1.29073 0.26177 0.00259 0 8.20000 -18.35000 0.00251 1.45331 11
0.52444 0.25429 0.00259 0 5.67500 -17.00000 0.00251 1.46819 11
-0.26458 -0.37396 0.00259 0 6.47500 -17.30000 0.00251 1.47504 11
-0.00271 0.15718 0.00259 0 -1.77500 54.50000 0.00251 2.07868 11
-0.03015 -0.01428 0.00259 0 0.30000 54.10000 0.00251 2.09179 11
2.13341 8.79303 0.00259 0 -0.52500 56.70000 0.00251 2.10481 11
0.87654 1.46218 0.00259 0 -1.27500 57.52500 0.00251 2.11439 11
5.00084 -0.66903 0.00566 0 -1.10000 -46.62500 0.00105 0.17697 -11
8.89855 -0.26221 0.01269 0 -1.15000 -46.65000 0.00245 0.17721 11
4.91873 1.14519 0.02163 0 -0.80000 -18.00000 0.01248 1.15781 -11
-4.82890 -1.81695 0.02163 0 5.12500 -2.92500 0.01248 1.21252 -11
7.68807 3.48696 0.02163 0 0.25000 -53.22500 0.01248 1.11559 -11
-4.86142 -1.20070 0.02163 0 0.47500 -52.65000 0.01248 1.11744 -11
0.37845 -0.47561 0.02163 0 6.97500 -41.12500 0.01248 1.17215 -11
-0.27368 0.05041 0.02163 0 0.62500 -39.35000 0.01248 1.20201 -11
-0.08384 -0.46113 0.02163 0 6.77500 -38.72500 0.01248 1.23293 -11
0.24817 -0.08253 0.02163 0 -0.10000 -40.12500 0.01248 1.25911 -11
-1.13567 0.60017 0.02163 0 -3.12500 -45.20000 0.01248 1.28839 -11
0.94808 -0.07456 0.02163 0 -0.60000 -47.85000 0.01248 1.30182 -11
-1.01805 0.05415 0.02163 0 -3.82500 -52.47500 0.01248 1.32513 -11
4.88412 0.57343 0.02163 0 -2.27500 -57.95000 0.01248 1.34579 -11
-4.03096 0.41458 0.02163 0 -2.92500 -62.27500 0.01248 1.36094 -11
0.01591 0.07078 0.02163 0 -2.82500 -62.87500 0.01248 1.36292 -11
0.12450 -0.36019 0.02163 0 6.02500 -62.40000 0.01248 1.38046 -11
-0.23773 1.30794 0.02163 0 -3.85000 -60.17500 0.01248 1.40473 -11
0.27412 1.24717 0.02163 0 -3.82500 -58.47500 0.01248 1.43606 -11
0.49708 0.51823 0.02163 0 -3.75000 -59.82500 0.01248 1.46595 -11
0.02734 0.55583 0.02163 0 -4.25000 -60.25000 0.01248 1.47223 -11
-0.14237 -0.13624 0.02163 0 -2.12500 -60.47500 0.01248 1.48320 -11
1.02681 -1.23080 0.02163 0 -3.25000 -59.60000 0.01248 1.49735 -11
0.13868 -1.15552 0.02163 0 -3.47500 -58.85000 0.01248 1.50805 -11
1.22220 -0.24938 0.00198 0 -3.20000 -13.12500 0.00127 0.04402 11
-1.44262 0.27324 0.00198 0 -1.07500 -17.35000 0.00127 0.06211 11
1.84647 0.14229 0.00198 0 -2.72500 -23.37500 0.00127 0.08714 11
-2.77339 -0.06107 0.00198 0 -1.70000 -28.82500 0.00127 0.10760 11
0.93383 0.29965 0.00198 0 -3.60000 -31.65000 0.00127 0.12164 11
-1.10508 0.05208 0.00198 0 -1.92500 -34.85000 0.00127 0.13706 11
2.04098 -0.42213 0.00198 0 -3.95000 -36.95000 0.00127 0.15077 11
-2.17341 1.24321 0.00198 0 -3.32500 -38.42500 0.00127 0.15666 11
1.52424 -1.15350 0.00198 0 -3.92500 -41.70000 0.00127 0.17530 11
-0.53982 0.39265 0.00198 0 -2.97500 -44.95000 0.00127 0.18972 11
0.59256 -0.96168 0.00263 0 3.52500 -63.97500 0.00239 1.54435 11
0.81613 -0.17698 0.00263 0 2.62500 -64.10000 0.00239 1.54846 11
-0.51912 0.05286 0.00774 0 -1.27500 -64.77500 0.00072 1.17059 11
1.16234 -0.40081 0.00774 0 3.50000 -58.00000 0.00072 1.20777 11
-1.83338 1.27763 0.00774 0 -0.17500 -53.65000 0.00072 1.22870 11
1.01335 -0.65984 0.00774 0 3.65000 -45.30000 0.00072 1.27526 11
-12.27642 5.38309 0.00774 0 2.55000 -43.87500 0.00072 1.28221 11
1.51605 -0.05593 0.03825 0 6.45000 -55.27500 0.00352 1.12885 11
-1.27083 0.11307 0.03825 0 -0.02500 -44.45000 0.00352 1.17749 11
2.18368 -0.80131 0.03825 0 4.55000 -31.95000 0.00352 1.22952 11
-10.87732 9.44281 0.03825 0 1.82500 -27.67500 0.00352 1.24762 11
1.10669 -1.00102 0.03825 0 2.77500 16.22500 0.00352 1.47356 11
-0.64806 1.09755 0.03825 0 -1.02500 18.35000 0.00352 1.48921 11
0.16887 -0.29118 0.03825 0 3.47500 22.12500 0.00352 1.52958 11
-0.66469 0.45239 0.03825 0 -1.35000 24.95000 0.00352 1.55265 11
0.82255 -0.51197 0.03825 0 2.92500 31.02500 0.00352 1.59051 11
-0.54471 0.44314 0.03825 0 -0.60000 33.32500 0.00352 1.60639 11
1.17632 -1.45382 0.03825 0 2.40000 39.85000 0.00352 1.64649 11
-0.79224 -0.02193 0.03825 0 -0.05000 42.47500 0.00352 1.65959 11
0.74908 0.04450 0.03825 0 3.10000 46.12500 0.00352 1.68000 11
-0.26102 -0.42396 0.03825 0 0.02500 49.97500 0.00352 1.70153 11
0.30883 0.37963 0.03825 0 3.45000 51.15000 0.00352 1.71754 11
-0.43684 -0.46393 0.03825 0 1.05000 54.57500 0.00352 1.74676 11
0.57575 0.47275 0.03825 0 4.02500 56.20000 0.00352 1.76100 11
-0.61715 -0.97998 0.03825 0 1.25000 58.52500 0.00352 1.78444 11
0.94820 1.17686 0.03825 0 3.27500 59.62500 0.00352 1.79322 11
-9.06140 -23.47201 0.03825 0 4.10000 63.90000 0.00352 1.82849 11
-0.02942 -1.87519 0.03825 0 4.25000 63.45000 0.00352 1.85596 11
1.25254 -3.49263 0.03825 0 4.00000 63.40000 0.00352 1.86014 11
-0.94319 0.79353 0.03825 0 4.42500 62.47500 0.00352 1.87861 11
-0.65994 0.17950 0.00929 0 2.37500 -59.40000 0.00908 1.22656 -11
0.76201 0.05909 0.00929 0 -2.82500 -53.70000 0.00908 1.26025 -11
-0.93426 -0.30234 0.00929 0 3.07500 -47.60000 0.00908 1.29413 -11
0.76480 1.24704 0.00929 0 -1.27500 -36.17500 0.00908 1.35380 -11
-0.44074 -0.52424 0.00929 0 2.87500 -34.65000 0.00908 1.36973 -11
0.67873 0.24414 0.00929 0 -3.17500 -29.50000 0.00908 1.41363 -11
-1.54208 0.07733 0.00929 0 -0.12500 -20.42500 0.00908 1.44905 -11
1.38948 -0.03336 0.00929 0 -3.72500 -12.87500 0.00908 1.48085 -11
-0.74598 0.47264 0.00929 0 0.05000 -4.82500 0.00908 1.51737 -11
0.68233 -0.47446 0.00929 0 -4.35000 -1.45000 0.00908 1.53911 -11
-1.26476 3.43242 0.00929 0 5.72500 -0.70000 0.00908 1.54680 -11
2.59627 -5.63089 0.00929 0 4.40000 -0.15000 0.00908 1.55165 -11
0.44535 -0.07213 0.00929 0 -1.47500 -62.55000 0.00908 1.23269 -11
-0.52396 0.19471 0.00929 0 -3.40000 -54.55000 0.00908 1.29064 -11
-0.64504 0.17789 0.00929 0 8.50000 -54.00000 0.00908 1.29448 -11
0.63410 0.03190 0.00929 0 0.75000 -45.92500 0.00908 1.34156 -11
-0.49615 -0.10952 0.00929 0 -1.95000 -38.65000 0.00908 1.39131 -11
0.46384 -0.00485 0.00929 0 0.67500 -33.52500 0.00908 1.44979 -11
-0.71051 -0.06085 0.00929 0 -2.80000 -26.90000 0.00908 1.49391 -11
1.02728 0.69277 0.00929 0 2.82500 -14.00000 0.00908 1.56067 -11
-0.60607 -0.40155 0.00929 0 -3.00000 -9.75000 0.00908 1.58755 -11
0.56086 0.54534 0.00929 0 1.80000 -2.50000 0.00908 1.65064 -11
-0.70711 -0.75716 0.00929 0 -3.87500 0.17500 0.00908 1.67597 -11
0.35528 0.79073 0.00929 0 3.12500 9.80000 0.00908 1.74539 -11
-0.53245 -0.99267 0.00929 0 -3.62500 11.70000 0.00908 1.76531 -11
0.66948 0.62916 0.00929 0 4.02500 21.60000 0.00908 1.83084 -11
-0.63915 -0.72712 0.00929 0 -2.82500 23.85000 0.00908 1.85119 -11
0.63080 0.46038 0.00929 0 4.27500 33.55000 0.00908 1.91125 -11
-0.18632 -0.70476 0.00929 0 -2.00000 35.82500 0.00908 1.93484 -11
0.29168 0.57126 0.00929 0 5.40000 39.32500 0.00908 1.99219 -11
-1.00242 -1.35540 0.00929 0 -3.22500 41.72500 0.00908 2.00693 -11
0.54634 0.64970 0.00929 0 5.02500 47.75000 0.00908 2.06089 -11
-1.07259 -2.25164 0.00929 0 -3.37500 49.50000 0.00908 2.07521 -11
0.04168 0.34843 0.00929 0 5.62500 52.30000 0.00908 2.13124 -11
0.06061 -0.69397 0.00929 0 -1.65000 52.62500 0.00908 2.14994 -11
-1.06295 0.49451 0.00929 0 6.30000 48.32500 0.00908 2.19740 -11
0.29092 -0.88732 0.00929 0 -2.75000 47.62500 0.00908 2.20875 -11
-0.63807 0.30864 0.00929 0 6.45000 45.25000 0.00908 2.23873 -11
0.45051 -0.10724 0.00929 0 -3.20000 43.40000 0.00908 2.25003 -11
-0.59968 -0.20426 0.00929 0 5.47500 40.82500 0.00908 2.27177 -11
1.04688 -1.74168 0.00929 0 7.85000 37.72500 0.00908 2.28733 -11
0.35119 0.84487 0.00929 0 5.75000 36.75000 0.00908 2.31850 -11
0.30600 -0.76192 0.00929 0 -3.82500 36.97500 0.00908 2.32795 -11
-0.07744 0.16543 0.00929 0 7.35000 36.32500 0.00908 2.34418 -11
-0.34352 -0.06368 0.00929 0 6.47500 -59.87500 0.00908 1.05686 -11
0.47243 -0.61938 0.00929 0 6.80000 -53.50000 0.00908 1.11928 -11
-0.71659 0.15668 0.00929 0 6.37500 -44.32500 0.00908 1.19107 -11
0.93100 -0.12218 0.00929 0 -3.20000 -34.15000 0.00908 1.24788 -11
-0.65621 0.03162 0.00929 0 6.50000 -22.17500 0.00908 1.31376 -11
0.66351 -0.02008 0.00929 0 -3.12500 -12.95000 0.00908 1.37158 -11
-0.72515 0.11580 0.00929 0 6.07500 -1.60000 0.00908 1.43363 -11
0.48509 0.06136 0.00929 0 -2.60000 7.55000 0.00908 1.48805 -11
-0.43322 -0.06223 0.00929 0 7.45000 15.02500 0.00908 1.54683 -11
0.25831 0.03766 0.00929 0 -2.95000 21.80000 0.00908 1.61035 -11
-0.42099 0.03179 0.00929 0 7.42500 25.57500 0.00908 1.66598 -11
0.12744 -0.17548 0.00929 0 -2.22500 30.97500 0.00908 1.71755 -11
-0.01627 0.51516 0.00929 0 -4.07500 30.97500 0.00908 1.77779 -11
0.01654 0.24999 0.00929 0 7.65000 31.00000 0.00908 1.78030 -11
-0.00084 -0.14323 0.00929 0 -2.47500 31.75000 0.00908 1.82883 -11
0.26909 0.27143 0.00929 0 6.60000 30.52500 0.00908 1.88351 -11
-0.20902 -0.13807 0.00929 0 -1.75000 27.95000 0.00908 1.92340 -11
0.35594 0.08614 0.00929 0 5.85000 25.67500 0.00908 1.96800 -11
-0.17456 0.02443 0.00929 0 -1.40000 22.05000 0.00908 2.00874 -11
-0.03998 0.32696 0.00929 0 5.52500 21.22500 0.00908 2.05326 -11
0.35653 -0.00717 0.00929 0 -1.20000 23.47500 0.00908 2.08658 -11
-0.37917 -0.17515 0.00929 0 4.85000 26.92500 0.00908 2.12039 -11
0.37174 0.21683 0.00929 0 -0.92500 29.52500 0.00908 2.15482 -11
-0.09549 0.22375 0.00929 0 4.20000 30.85000 0.00908 2.17708 -11
-0.78258 0.24657 0.00929 0 0.37500 29.52500 0.00908 2.20003 -11
0.62228 -0.44035 0.00929 0 3.65000 25.80000 0.00908 2.21907 -11
0.13308 0.97446 0.00929 0 1.12500 23.80000 0.00908 2.24718 -11
0.23178 -0.60739 0.00929 0 4.72500 22.50000 0.00908 2.26297 -11
-0.48116 2.69243 0.00929 0 2.25000 21.80000 0.00908 2.29226 -11
2.67694 -8.32083 0.00929 0 2.55000 21.72500 0.00908 2.29341 -11
-2.30435 1.38738 0.00255 0 3.17500 38.00000 0.00057 1.22548 11
-12.43131 -14.23934 0.00255 0 5.55000 51.45000 0.00057 1.30618 11
-2.81036 -1.11502 0.00255 0 6.22500 44.67500 0.00057 1.33245 11
2.03798 0.36272 0.00255 0 6.10000 44.30000 0.00057 1.33391 11
-1.73289 -0.36764 0.00255 0 7.25000 39.70000 0.00057 1.35208 11
1.50678 -0.24019 0.00255 0 5.35000 36.62500 0.00057 1.36870 11
-1.58944 0.11567 0.00255 0 6.75000 34.22500 0.00057 1.37989 11
0.70283 0.19168 0.00255 0 6.77500 33.70000 0.00057 1.38205 11
-1.81329 -0.38257 0.00255 0 7.85000 30.92500 0.00057 1.39485 11
-1.98251 0.04808 0.00224 0 8.42500 17.15000 0.00217 1.02710 11
-1.61333 -0.36537 0.00224 0 -3.85000 15.70000 0.00217 1.03382 11
-3.34392 0.50144 0.00224 0 -3.95000 12.47500 0.00217 1.05354 11
10.57979 -0.40684 0.00224 0 -3.92500 12.40000 0.00217 1.05390 11
-7.16246 5.33799 0.00224 0 -3.92500 12.35000 0.00217 1.05410 11
1.62778 0.18857 0.00224 0 -3.75000 12.22500 0.00217 1.05490 11
-0.96148 -0.46441 0.00224 0 -1.27500 63.40000 0.00217 0.16416 11
0.33394 5.11901 0.00224 0 -2.85000 61.22500 0.00217 0.17944 11
-0.32892 1.11718 0.00224 0 -2.70000 59.90000 0.00217 0.19470 11
0.05182 -0.42154 0.00224 0 -1.25000 60.67500 0.00217 0.20932 11
3.46786 -0.12286 0.06130 0 0.20000 -10.45000 0.01610 0.02482 11
3.72768 -0.14047 0.06130 0 -3.35000 -11.20000 0.01610 0.02747 11
4.02939 -0.34214 0.06130 0 0.97500 -10.57500 0.01610 0.02526 11
3.77731 -0.17190 0.06130 0 2.87500 -11.02500 0.01610 0.02686 11
3.55542 -0.17969 0.06130 0 -2.82500 -11.00000 0.01610 0.02675 11
4.29707 -0.75102 0.06130 0 6.87500 -13.47500 0.01610 0.03537 11
3.67018 -0.43024 0.06130 0 2.10000 -10.75000 0.01610 0.02592 11
3.89922 -0.36382 0.06130 0 1.75000 -10.67500 0.01610 0.02564 11
3.77665 -0.50062 0.06130 0 5.57500 -12.25000 0.01610 0.03112 11
4.41275 -0.53376 0.06130 0 6.72500 -13.32500 0.01610 0.03488 11
3.94431 -0.40454 0.06130 0 5.02500 -11.95000 0.01610 0.03007 11
3.54812 -0.29563 0.06130 0 0.80000 -10.55000 0.01610 0.02516 11
3.68161 -0.08062 0.06130 0 -4.10000 -11.65000 0.01610 0.02901 11
3.94076 -0.53350 0.06130 0 8.15000 -14.65000 0.01610 0.03933 11
4.21731 -0.55159 0.06130 0 5.65000 -12.52500 0.01610 0.03201 11
3.68264 -0.19438 0.06130 0 -0.77500 -10.52500 0.01610 0.02511 11
3.96862 -0.06993 0.06130 0 -4.40000 -11.62500 0.01610 0.02891 11
5.91278 -0.65705 0.06130 0 7.80000 -14.57500 0.01610 0.03892 11
4.90057 -0.59396 0.06130 0 7.80000 -14.45000 0.01610 0.03848 11
-0.25827 0.00702 0.06130 0 7.80000 -14.50000 0.01610 0.03852 11
13.96272 -3.39106 0.06130 0 6.65000 -13.37500 0.01610 0.03569 11
3.88575 -0.10142 0.06130 0 -3.50000 -11.22500 0.01610 0.02755 11
3.63257 -0.28260 0.06130 0 -0.80000 -10.42500 0.01610 0.02481 11
4.33207 -0.60646 0.06130 0 7.00000 -13.57500 0.01610 0.03569 11
3.92445 -0.35479 0.06130 0 2.85000 -11.05000 0.01610 0.02657 11
-2.71162 3.05194 0.00172 0 3.07500 -11.20000 0.00126 0.02729 11
-0.32718 -1.24697 0.00172 0 2.00000 -11.40000 0.00126 0.05339 11
0.35770 1.59521 0.00172 0 3.17500 -11.12500 0.00126 0.05799 11
2.62524 2.17728 0.00172 0 2.60000 -8.70000 0.00126 0.07802 11
0.21185 -0.38592 0.00172 0 1.72500 -7.40000 0.00126 0.09491 11
0.09004 0.68373 0.00172 0 3.00000 -7.80000 0.00126 0.10132 11
-4.05231 -1.68928 0.00172 0 1.90000 -7.02500 0.00126 0.11065 11
3.90368 -0.50332 0.06130 0 5.72500 -12.50000 0.01610 0.03194 11
-3.05439 1.07484 0.00260 0 0.35000 -63.87500 0.00141 0.89717 11
2.20007 -1.55458 0.00260 0 1.55000 -55.17500 0.00141 0.93246 11
-0.02325 1.83955 0.00260 0 -0.02500 -54.10000 0.00141 0.93940 11
2.89985 2.58843 0.00260 0 1.97500 -64.65000 0.00141 0.91548 11
-1.12876 0.19613 0.00260 0 0.70000 -61.57500 0.00141 0.92929 11
1.24229 0.00716 0.00260 0 3.07500 -57.27500 0.00141 0.94946 11
-0.98937 0.51872 0.00260 0 0.35000 -53.95000 0.00141 0.96923 11
1.27248 -0.39272 0.00260 0 2.30000 -49.27500 0.00141 0.99289 11
-0.58461 -0.74639 0.00260 0 0.97500 -41.27500 0.00141 1.02435 11
0.19161 -0.31954 0.00260 0 2.62500 -40.90000 0.00141 1.03227 11
-0.52666 -0.59350 0.00260 0 -4.15000 -17.92500 0.00141 1.10570 11
0.51582 0.63632 0.00260 0 -1.20000 -16.42500 0.00141 1.11872 11
-1.28879 -0.23531 0.00260 0 -4.17500 -12.67500 0.00141 1.14309 11
1.06649 0.28991 0.00260 0 -1.97500 -9.45000 0.00141 1.15871 11
-0.70773 -0.37702 0.00260 0 -4.27500 -5.85000 0.00141 1.17844 11
0.89898 0.49638 0.00260 0 -2.37500 -4.07500 0.00141 1.18902 11
-0.81175 -0.07996 0.00260 0 -2.47500 2.92500 0.00141 1.21530 11
0.80710 0.21161 0.00260 0 -1.02500 4.70000 0.00141 1.22559 11
0.21504 0.24561 0.00260 0 5.82500 47.72500 0.00141 2.09229 11
-0.07348 -0.17607 0.00260 0 6.97500 47.47500 0.00141 2.10161 11
-5.95504 -4.05915 0.00260 0 4.77500 -59.15000 0.00141 0.94551 11
95.89067 57.03462 0.00260 0 4.90000 -58.97500 0.00141 0.94632 11
-21.30002 -9.14950 0.00260 0 5.02500 -58.75000 0.00141 0.94726 11
-8.24482 1.66713 0.00260 0 5.07500 -57.37500 0.00141 0.95171 11
6.86299 4.67218 0.00260 0 5.95000 -4.80000 0.00141 1.13658 11
-1.18658 0.21977 0.00260 0 4.02500 -1.42500 0.00141 1.16228 11
1.13460 -0.25483 0.00260 0 5.75000 2.85000 0.00141 1.18188 11
0.64763 -0.04787 0.00260 0 3.32500 3.92500 0.00141 1.19877 11
-1.98988 -0.67769 0.00260 0 4.57500 1.00000 0.00141 1.21507 11
2.42683 -1.69283 0.00260 0 3.65000 1.27500 0.00141 1.21923 11
-1.13897 -0.28100 0.00260 0 0.55000 -62.12500 0.00141 0.91074 11
0.06480 0.09103 0.00260 0 4.55000 -61.95000 0.00141 0.93061 11
0.33598 0.20269 0.00260 0 0.70000 -60.95000 0.00141 0.95200 11
-0.33106 -0.16615 0.00260 0 4.20000 -63.15000 0.00141 0.97439 11
0.48893 0.33522 0.00260 0 0.65000 -63.92500 0.00141 0.99209 11
1.16927 2.41457 0.00260 0 -3.92500 -59.92500 0.00141 0.95895 11
-0.05187 -0.47815 0.00260 0 4.47500 -59.20000 0.00141 0.98389 11
-0.05683 0.56076 0.00260 0 7.60000 -59.27500 0.00141 0.99733 11
0.09223 0.39279 0.00260 0 -4.05000 -59.30000 0.00141 1.00003 11
-0.40663 -0.71073 0.00260 0 5.00000 -57.02500 0.00141 1.02137 11
0.24905 0.51185 0.00260 0 7.50000 -56.15000 0.00141 1.03213 11
0.28755 0.28047 0.00260 0 -4.20000 -55.90000 0.00141 1.03478 11
-0.42232 -1.40837 0.00260 0 7.32500 -35.10000 0.00141 1.34215 11
1.09825 1.65962 0.00260 0 8.27500 -34.72500 0.00141 1.34644 11
-0.54081 -0.21745 0.00260 0 -3.30000 -34.57500 0.00141 1.35314 11
-2.08037 2.47823 0.00260 0 -3.32500 -34.50000 0.00141 1.35460 11
-3.15632 3.86308 0.00260 0 -3.35000 -34.50000 0.00141 1.35471 11
-1.40379 -0.76110 0.00260 0 0.77500 -64.40000 0.00141 0.95262 11
1.58660 1.12873 0.00260 0 2.80000 -61.35000 0.00141 0.96588 11
-1.25246 -0.53070 0.00260 0 0.65000 -55.60000 0.00141 0.99419 11
1.05958 0.53075 0.00260 0 2.97500 -52.92500 0.00141 1.00770 11
-0.93881 -0.39267 0.00260 0 1.72500 -46.80000 0.00141 1.03733 11
0.87496 0.31908 0.00260 0 3.85000 -43.82500 0.00141 1.05198 11
-0.76979 -0.36400 0.00260 0 1.45000 -40.92500 0.00141 1.07328 11
0.98160 0.35633 0.00260 0 3.60000 -38.75000 0.00141 1.08592 11
-1.10201 0.39456 0.00260 0 2.30000 -34.95000 0.00141 1.10115 11
0.77192 -0.15881 0.00260 0 3.97500 -32.02500 0.00141 1.11703 11
0.70083 -0.14625 0.00260 0 2.77500 -31.07500 0.00141 1.12338 11
-1.25003 3.40029 0.00260 0 4.12500 -32.35000 0.00141 1.13090 11
270.41897 -929.30809 0.00260 0 4.30000 -32.45000 0.00141 1.13159 11
-1.13190 -0.50734 0.00260 0 5.97500 -64.55000 0.00141 0.93938 11
0.43276 0.36198 0.00260 0 -3.00000 -61.22500 0.00141 0.95844 11
0.26946 -0.56746 0.00260 0 5.87500 -61.52500 0.00141 0.98551 11
-0.29503 0.07861 0.00260 0 -2.72500 -62.65000 0.00141 1.00299 11
0.39189 -0.54753 0.00260 0 5.90000 -63.62500 0.00141 1.02139 11
-0.26813 0.73635 0.00260 0 8.27500 -64.47500 0.00141 1.03128 11
-0.41929 0.44050 0.00260 0 -2.97500 -64.85000 0.00141 1.03600 11
-0.04626 0.21017 0.00260 0 -4.40000 -59.80000 0.00141 1.13996 11
-0.25204 -0.46530 0.00260 0 -3.30000 -60.02500 0.00141 1.14924 11
0.90806 -1.21816 0.00260 0 5.97500 -64.52500 0.00141 0.93939 11
0.52090 0.43581 0.00260 0 4.65000 -64.42500 0.00141 0.92174 11
-0.01703 -0.32914 0.00260 0 1.10000 -62.82500 0.00141 0.95203 11
0.10851 0.36762 0.00260 0 4.92500 -62.42500 0.00141 0.96933 11
-1.23654 -1.48131 0.00260 0 3.15000 -53.82500 0.00141 1.04603 11
0.55997 0.68033 0.00260 0 5.42500 -52.82500 0.00141 1.05554 11
-0.67425 -0.39778 0.00260 0 2.65000 -51.10000 0.00141 1.07481 11
0.63556 0.58705 0.00260 0 4.80000 -49.30000 0.00141 1.08602 11
1.88847 -2.03954 0.00260 0 2.30000 -50.00000 0.00141 1.10538 11
-2.59332 1.35739 0.00260 0 2.97500 -50.82500 0.00141 1.10922 11
-0.25022 -0.88168 0.00260 0 1.17500 -49.42500 0.00141 1.12730 11
0.73126 0.79119 0.00260 0 2.75000 -48.85000 0.00141 1.13417 11
-2.09508 0.08516 0.00260 0 -3.20000 52.85000 0.00141 1.37922 11
1.18920 -0.13196 0.00260 0 -0.62500 58.17500 0.00141 1.40224 11
-0.19169 0.92588 0.00260 0 -3.27500 59.20000 0.00141 1.41345 11
-0.03662 -0.55015 0.00260 0 -0.10000 60.12500 0.00141 1.44319 11
0.30085 0.56971 0.00260 0 -2.70000 59.87500 0.00141 1.45418 11
-2.02724 0.54367 0.00260 0 -0.45000 -61.05000 0.00141 0.94376 11
2.26009 -0.85924 0.00260 0 0.97500 -53.35000 0.00141 0.97323 11
-1.22347 0.56430 0.00260 0 -1.15000 -50.77500 0.00141 0.98534 11
0.92945 -0.28654 0.00260 0 1.17500 -47.45000 0.00141 1.00362 11
-0.47337 -0.08351 0.00260 0 -0.40000 -45.40000 0.00141 1.01354 11
0.23811 0.03774 0.00260 0 2.15000 -44.15000 0.00141 1.02765 11
-0.10467 0.14834 0.00260 0 -0.22500 -43.32500 0.00141 1.03931 11
0.14118 -0.17372 0.00260 0 2.07500 -42.75000 0.00141 1.05479 11
-0.59786 -0.07218 0.00260 0 0.02500 -41.32500 0.00141 1.06745 11
0.75049 -0.02416 0.00260 0 1.77500 -39.32500 0.00141 1.08002 11
-0.72063 -2.28515 0.00260 0 1.05000 -35.82500 0.00141 1.09543 11
0.73308 2.20650 0.00260 0 1.65000 -35.52500 0.00141 1.09810 11
3.01565 -6.28477 0.00260 0 1.77500 -35.47500 0.00141 1.09849 11
-1.30507 1.37831 0.00260 0 3.02500 -36.72500 0.00141 1.10665 11
0.29314 -0.16434 0.00260 0 2.00000 -38.17500 0.00141 1.11709 11
-0.83356 -0.57842 0.00260 0 2.82500 -38.67500 0.00141 1.12673 11
-1.33939 -1.80205 0.01091 0 2.27500 -59.70000 0.00071 0.91965 11
0.84688 1.29067 0.01091 0 5.65000 -57.87500 0.00071 0.93319 11
-0.36795 -1.00986 0.01091 0 2.52500 -52.65000 0.00071 0.98031 11
0.33892 0.96634 0.01091 0 6.30000 -51.72500 0.00071 0.99495 11
-0.82384 -2.56043 0.01091 0 2.80000 -49.25000 0.00071 1.03712 11
0.72340 2.10161 0.01091 0 4.45000 -48.65000 0.00071 1.04326 11
-1.29723 -1.19821 0.01091 0 1.52500 -43.27500 0.00071 1.08080 11
1.33880 1.15841 0.01091 0 3.85000 -41.20000 0.00071 1.09192 11
-1.30548 -0.34504 0.01091 0 1.70000 -35.02500 0.00071 1.12892 11
0.92556 0.38004 0.01091 0 4.15000 -31.35000 0.00071 1.14551 11
-0.15530 -0.48901 0.01091 0 0.42500 -30.05000 0.00071 1.16829 11
0.20914 0.38616 0.01091 0 3.85000 -29.30000 0.00071 1.18359 11
-0.24477 -0.46641 0.01091 0 0.40000 -28.30000 0.00071 1.20401 11
0.38637 0.70885 0.01091 0 3.45000 -27.92500 0.00071 1.21704 11
-1.30677 -0.63697 0.01091 0 0.85000 -25.40000 0.00071 1.23404 11
1.08812 0.37701 0.01091 0 2.45000 -23.20000 0.00071 1.24432 11
-1.68471 -0.34364 0.01091 0 1.22500 -20.45000 0.00071 1.25622 11
2.01527 0.47699 0.01091 0 2.10000 -18.25000 0.00071 1.26508 11
-0.86593 0.84421 0.01091 0 1.77500 -17.45000 0.00071 1.26890 11
0.99042 -1.00553 0.01091 0 2.50000 -15.35000 0.00071 1.28284 11
0.48059 -0.41409 0.00748 0 -0.97500 -63.82500 0.00748 1.07506 -11
-0.46093 0.68733 0.00748 0 -4.45000 -57.07500 0.00748 1.13487 -11
-0.45410 0.31103 0.00748 0 7.27500 -56.82500 0.00748 1.13711 -11
0.66454 -0.18895 0.00748 0 -0.20000 -52.10000 0.00748 1.17461 -11
-0.44920 0.06049 0.00748 0 6.20000 -43.05000 0.00748 1.22139 -11
0.60378 0.01438 0.00748 0 -1.45000 -38.35000 0.00748 1.26356 -11
-0.30424 -0.08153 0.00748 0 5.42500 -32.92500 0.00748 1.30206 -11
0.51045 0.23144 0.00748 0 -1.90000 -27.40000 0.00748 1.34979 -11
-0.31529 -0.43108 0.00748 0 4.85000 -24.02500 0.00748 1.38391 -11
0.68590 1.25152 0.00748 0 -0.47500 -20.05000 0.00748 1.43356 -11
-0.60354 -1.34057 0.00748 0 2.77500 -18.52500 0.00748 1.44627 -11
0.40952 0.64598 0.00748 0 -1.75000 -14.35000 0.00748 1.49386 -11
-0.26744 -0.41198 0.00748 0 3.77500 -13.02500 0.00748 1.51749 -11
0.19570 0.17037 0.00748 0 -1.57500 -11.62500 0.00748 1.55169 -11
0.40602 0.52044 0.00748 0 3.92500 -10.97500 0.00748 1.57793 -11
-0.40913 -0.49838 0.00748 0 -0.65000 -12.92500 0.00748 1.59788 -11
0.11475 0.35943 0.00748 0 4.32500 -15.15000 0.00748 1.63374 -11
-0.09014 -0.48887 0.00748 0 -0.67500 -16.02500 0.00748 1.65603 -11
0.27008 0.49728 0.00748 0 3.90000 -17.40000 0.00748 1.69287 -11
-0.19362 -0.55823 0.00748 0 -0.47500 -18.57500 0.00748 1.71129 -11
0.24476 0.30327 0.00748 0 3.80000 -20.90000 0.00748 1.74509 -11
-0.22530 -0.14628 0.00748 0 -0.80000 -22.40000 0.00748 1.76759 -11
0.22278 -0.16223 0.00748 0 3.70000 -23.32500 0.00748 1.79700 -11
-0.15679 0.66095 0.00748 0 -0.85000 -24.22500 0.00748 1.82983 -11
0.35010 -0.98320 0.00748 0 1.95000 -25.77500 0.00748 1.84204 -11
0.33721 1.73214 0.00748 0 -0.60000 -25.70000 0.00748 1.87607 -11
-0.03744 -0.05725 0.00748 0 1.97500 -25.55000 0.00748 1.88580 -11
0.04540 -0.00187 0.00748 0 -1.50000 -24.97500 0.00748 1.90509 -11
-0.53517 0.64251 0.00748 0 1.52500 -23.00000 0.00748 1.92852 -11
0.59577 -0.63374 0.00748 0 -0.95000 -21.37500 0.00748 1.94025 -11
-0.38897 0.60079 0.00748 0 0.77500 -18.20000 0.00748 1.95621 -11
0.19598 -0.70390 0.00748 0 -1.32500 -17.85000 0.00748 1.96525 -11
-6.95887 5.26232 0.00748 0 -0.52500 -14.40000 0.00748 1.98507 -11
-16.66523 7.01832 0.00748 0 -1.32500 -13.72500 0.00748 1.99072 -11
-1.78036 0.80087 0.00748 0 3.05000 17.32500 0.00748 2.36283 -11
-0.77215 -0.24953 0.00748 0 2.30000 -64.47500 0.00748 2.43484 -11
1.14534 0.40029 0.00748 0 -2.52500 -55.60000 0.00748 2.47801 -11
-1.83429 -0.82730 0.00748 0 1.27500 -50.52500 0.00748 2.50114 -11
-0.11603 0.42972 0.00748 0 7.77500 -6.77500 0.00748 2.80303 -11
-0.37226 0.60253 0.00748 0 -2.92500 -61.20000 0.00748 1.81420 -11
-1.53091 1.29688 0.00748 0 8.35000 -60.75000 0.00748 1.81876 -11
2.95740 -1.79798 0.00748 0 8.15000 -60.35000 0.00748 1.82166 -11
0.93525 -0.30595 0.00748 0 -4.45000 -59.27500 0.00748 1.82526 -11
-1.01263 0.16868 0.00748 0 0.57500 -50.00000 0.00748 1.87322 -11
-0.22886 0.13579 0.00748 0 1.32500 -64.47500 0.00748 2.78211 -11
0.21355 -0.17952 0.00748 0 2.20000 -61.80000 0.00748 2.84008 -11
-0.28128 0.07374 0.00748 0 1.12500 -57.25000 0.00748 2.89843 -11
0.23311 0.13085 0.00748 0 2.37500 -54.02500 0.00748 2.96378 -11
-0.11709 -0.30279 0.00748 0 0.25000 -51.67500 0.00748 3.00562 -11
0.08288 0.28332 0.00748 0 2.75000 -50.22500 0.00748 3.07618 -11
-0.09559 -0.45164 0.00748 0 -0.32500 -49.52500 0.00748 3.11165 -11
0.37142 0.29824 0.00748 0 3.42500 -45.00000 0.00748 3.18484 -11
-0.37080 -0.38601 0.00748 0 -0.77500 -40.95000 0.00748 3.21873 -11
0.28281 0.19530 0.00748 0 3.12500 -35.22500 0.00748 3.28473 -11
-0.22528 -0.25208 0.00748 0 -0.67500 -32.67500 0.00748 3.31915 -11
-0.06826 0.21707 0.00748 0 3.25000 -28.85000 0.00748 3.37830 -11
0.01945 -0.33304 0.00748 0 -0.90000 -30.02500 0.00748 3.41035 -11
0.06275 0.17759 0.00748 0 3.37500 -29.57500 0.00748 3.46525 -11
-0.13499 -0.26359 0.00748 0 -1.22500 -28.87500 0.00748 3.49553 -11
0.31753 -0.05930 0.00748 0 2.97500 -27.05000 0.00748 3.54644 -11
-0.18614 0.31109 0.00748 0 -1.42500 -23.60000 0.00748 3.58783 -11
0.29235 -0.50596 0.00748 0 3.75000 -21.00000 0.00748 3.62105 -11
-0.26833 0.43182 0.00748 0 -1.05000 -18.87500 0.00748 3.66326 -11
0.34218 -0.75041 0.00748 0 4.35000 -16.65000 0.00748 3.69268 -11
-0.68408 1.32220 0.00748 0 -1.77500 -12.92500 0.00748 3.74315 -11
-0.27090 1.68421 0.00748 0 -1.77500 -4.30000 0.00748 3.81488 -11
-0.11121 1.17887 0.00748 0 -1.72500 -1.62500 0.00748 3.88489 -11
-0.18196 2.00521 0.00748 0 8.00000 -1.37500 0.00748 3.89381 -11
-0.00298 -2.03821 0.00748 0 5.57500 -1.12500 0.00748 3.90233 -11
-1.33510 1.18950 0.00748 0 -3.15000 6.25000 0.00748 3.95027 -11
-3.26086 3.15712 0.00748 0 7.45000 7.67500 0.00748 3.95773 -11
-13.74519 12.16415 0.00748 0 6.65000 8.47500 0.00748 3.96179 -11
-1.20770 1.96571 0.00748 0 6.47500 8.67500 0.00748 3.96261 -11
0.35651 -1.50250 0.00748 0 3.97500 9.07500 0.00748 3.97150 -11
-0.59469 1.32175 0.00748 0 6.57500 12.72500 0.00748 4.01080 -11
0.45730 -1.11103 0.00748 0 3.80000 13.77500 0.00748 4.02171 -11
28.13246 -68.80329 0.00748 0 5.02500 25.32500 0.00748 4.10959 -11
-2.70254 0.58334 0.00748 0 4.40000 26.32500 0.00748 4.11444 -11
8.11944 -0.94076 0.00748 0 3.90000 29.75000 0.00748 4.12668 -11
128.53476 -32.01301 0.00748 0 3.82500 30.20000 0.00748 4.12804 -11
2.57136 1.91440 0.00748 0 4.70000 29.12500 0.00748 4.14812 -11
0.80893 -0.55815 0.00748 0 7.97500 -60.70000 0.00748 1.21903 -11
0.96876 0.08739 0.00748 0 -4.17500 -60.05000 0.00748 1.22236 -11
-1.40641 -0.02381 0.00748 0 0.65000 -50.62500 0.00748 1.26219 -11
0.89809 0.36648 0.00748 0 -2.87500 -40.32500 0.00748 1.30421 -11
-1.40275 -0.32370 0.00748 0 2.67500 -34.80000 0.00748 1.33597 -11
0.78307 0.17261 0.00748 0 0.12500 -26.27500 0.00748 1.37172 -11
-0.50823 -0.25274 0.00748 0 4.55000 -21.30000 0.00748 1.39817 -11
0.05927 0.27695 0.00748 0 -1.05000 -19.02500 0.00748 1.43327 -11
0.31826 -0.39476 0.00748 0 4.00000 -20.55000 0.00748 1.45716 -11
-0.00980 0.25001 0.00748 0 -0.55000 -23.42500 0.00748 1.49090 -11
0.11287 0.06018 0.00748 0 4.42500 -23.80000 0.00748 1.51645 -11
-0.31312 0.19984 0.00748 0 0.10000 -25.25000 0.00748 1.54106 -11
0.29082 -0.16091 0.00748 0 3.00000 -28.70000 0.00748 1.55912 -11
-0.33034 0.57327 0.00748 0 4.60000 -59.22500 0.00748 1.18123 -11
1.77560 -1.93034 0.00748 0 7.55000 -53.45000 0.00748 1.22269 -11
-0.95940 0.46764 0.00748 0 1.62500 -36.40000 0.00748 1.29926 -11
0.83046 -0.62616 0.00748 0 6.42500 -28.85000 0.00748 1.33990 -11
-0.80322 0.24526 0.00748 0 2.12500 -20.90000 0.00748 1.39017 -11
0.34031 -0.61604 0.00748 0 5.45000 -16.17500 0.00748 1.43441 -11
-0.42047 0.40911 0.00748 0 1.17500 -10.22500 0.00748 1.48189 -11
0.19162 -0.37434 0.00748 0 -3.40000 -8.30000 0.00748 1.50498 -11
-0.12091 0.74120 0.00748 0 3.25000 -7.60000 0.00748 1.55364 -11
0.03791 -0.66807 0.00748 0 -2.32500 -7.20000 0.00748 1.57527 -11
0.28467 0.39361 0.00748 0 3.95000 -9.70000 0.00748 1.62247 -11
-0.09766 -0.33428 0.00748 0 -2.90000 -10.92500 0.00748 1.65234 -11
0.28164 0.64834 0.00748 0 2.67500 -14.12500 0.00748 1.69030 -11
-0.26996 -0.87444 0.00748 0 -1.62500 -15.00000 0.00748 1.70691 -11
0.49878 1.29863 0.00748 0 2.20000 -18.97500 0.00748 1.74757 -11
-0.36749 -1.92875 0.00748 0 -0.52500 -19.70000 0.00748 1.75764 -11
1.40930 1.59367 0.00748 0 2.17500 -24.32500 0.00748 1.89984 -11
-1.48635 -1.41041 0.00748 0 0.30000 -26.12500 0.00748 1.90900 -11
1.06448 0.67179 0.00748 0 2.97500 -30.42500 0.00748 1.93941 -11
-1.26694 -0.93450 0.00748 0 1.05000 -32.57500 0.00748 1.94994 -11
0.99909 0.03810 0.00748 0 3.45000 -37.32500 0.00748 1.97389 -11
-0.61069 -0.18285 0.00748 0 0.90000 -39.92500 0.00748 1.98952 -11
0.42961 -0.25385 0.00748 0 3.87500 -41.00000 0.00748 2.00454 -11
-0.47170 0.22553 0.00748 0 1.32500 -43.75000 0.00748 2.02488 -11
0.22831 -0.53944 0.00748 0 3.75000 -44.42500 0.00748 2.03540 -11
-0.09553 0.78759 0.00748 0 1.45000 -45.10000 0.00748 2.05493 -11
-0.92498 -3.93718 0.00748 0 1.87500 -45.07500 0.00748 2.05673 -11
0.89530 1.01258 0.00748 0 1.95000 -37.90000 0.00748 2.10901 -11
7.30733 4.55500 0.00748 0 3.80000 -38.32500 0.00748 2.11832 -11
-0.23146 -0.19655 0.00748 0 4.42500 -41.02500 0.00748 2.13529 -11
1.54154 0.21511 0.00748 0 3.62500 -33.62500 0.00748 2.18132 -11
-0.51632 -0.28979 0.00748 0 3.55000 -33.37500 0.00748 2.18272 -11
-0.25570 -0.03603 0.00748 0 2.87500 -33.72500 0.00748 2.19267 -11
-0.88392 -1.30334 0.00748 0 2.90000 -33.77500 0.00748 2.19370 -11
1.04088 1.01932 0.00748 0 2.52500 -32.07500 0.00748 2.24472 -11
0.57607 -1.21635 0.00748 0 2.27500 -34.35000 0.00748 2.24141 -11
-3.01004 -3.20192 0.00242 0 -2.72500 62.60000 0.00153 0.00971 11
0.59066 1.71265 0.00242 0 -3.35000 62.22500 0.00153 0.01242 11
-0.01623 -0.01898 0.00242 0 8.25000 61.90000 0.00153 0.01655 11
0.03910 0.25495 0.00242 0 8.20000 62.32500 0.00153 0.03771 11
-0.49267 0.73798 0.00242 0 8.12500 60.97500 0.00153 0.05773 11
-0.66962 -0.68219 0.00242 0 6.87500 63.55000 0.00153 0.41702 11
-0.42995 1.15185 0.00242 0 5.27500 63.50000 0.00153 0.42318 11
0.14734 -0.84753 0.00242 0 6.52500 63.70000 0.00153 0.44290 11
1.52267 0.37166 0.00242 0 5.20000 62.37500 0.00153 0.47755 11
-2.20498 -1.38252 0.00242 0 5.70000 62.15000 0.00153 0.47944 11
-3.05208 -0.73506 0.00242 0 7.87500 60.35000 0.00153 0.08965 11
6.37706 4.55263 0.00242 0 7.60000 59.92500 0.00153 0.09132 11
-2.44237 -2.43433 0.00242 0 7.50000 53.82500 0.00153 0.12031 11
0.19871 0.22748 0.00242 0 7.55000 52.22500 0.00153 0.12949 11
1.69870 1.43948 0.00242 0 7.47500 50.02500 0.00153 0.16772 11
-0.38749 -0.71883 0.00242 0 7.80000 22.92500 0.00153 0.30073 11
-0.01798 -0.37507 0.00242 0 6.40000 23.72500 0.00153 0.31091 11
23.27381 29.17284 0.00242 0 5.20000 -25.30000 0.00153 0.33307 11
