-0.20322 3.05877 0.00336 0 -2.27500 63.05000 0.00290 1.43649 -11
0.04400 -3.46140 0.00336 0 -3.20000 63.10000 0.00290 1.43989 -11
-0.14026 0.85389 0.00336 0 4.12500 20.75000 0.00290 2.31795 -11
0.09287 -0.76289 0.00336 0 1.22500 21.05000 0.00290 2.32933 -11
-0.16578 0.24245 0.00336 0 4.52500 20.90000 0.00290 2.35335 -11
0.20245 -0.18952 0.00336 0 1.32500 21.62500 0.00290 2.36916 -11
-0.21608 0.01876 0.00336 0 4.30000 22.90000 0.00290 2.39049 -11
0.01931 0.02864 0.00336 0 1.22500 23.17500 0.00290 2.40717 -11
-0.37704 -0.46595 0.00336 0 4.10000 23.20000 0.00290 2.42138 -11
0.48765 0.58934 0.00336 0 1.87500 25.37500 0.00290 2.44240 -11
-3.53381 -11.10974 0.00336 0 5.30000 24.75000 0.00290 2.45624 -11
-0.29079 -0.69132 0.00336 0 6.85000 23.62500 0.00290 2.46724 -11
0.10333 0.96161 0.00336 0 5.82500 24.42500 0.00290 2.47818 -11
-1.45917 -8.36979 0.00336 0 -4.20000 61.65000 0.00290 1.28452 -11
-0.51529 -0.44486 0.00336 0 1.20000 63.00000 0.00290 1.30838 -11
0.73010 0.75759 0.00336 0 5.40000 57.57500 0.00290 1.34577 -11
-0.75457 -0.92204 0.00336 0 2.05000 55.67500 0.00290 1.35991 -11
0.76705 0.69400 0.00336 0 4.85000 47.50000 0.00290 1.39812 -11
-1.32026 -1.13272 0.00336 0 1.67500 44.80000 0.00290 1.41367 -11
1.41639 1.03943 0.00336 0 3.65000 36.30000 0.00290 1.44837 -11
-0.80426 -0.57138 0.00336 0 0.75000 33.77500 0.00290 1.46263 -11
0.30872 0.47522 0.00336 0 4.62500 32.02500 0.00290 1.49091 -11
-0.38934 -0.69501 0.00336 0 1.32500 30.77500 0.00290 1.50507 -11
0.07643 0.50190 0.00336 0 4.32500 29.05000 0.00290 1.53572 -11
-0.20229 -0.43651 0.00336 0 1.00000 28.50000 0.00290 1.54969 -11
-0.41190 0.24899 0.00336 0 4.55000 28.72500 0.00290 1.57471 -11
0.50808 -0.26245 0.00336 0 1.27500 30.40000 0.00290 1.59088 -11
16.76939 -0.84973 0.00336 0 3.02500 30.25000 0.00290 1.59868 -11
-5.87878 -2.22834 0.00336 0 2.97500 30.12500 0.00290 1.59919 -11
-0.26078 0.18438 0.00336 0 3.85000 29.17500 0.00290 1.60961 -11
0.82777 -0.39618 0.00336 0 3.10000 29.82500 0.00290 1.61792 -11
0.50980 0.65525 0.00336 0 2.87500 30.32500 0.00290 1.59861 -11
-0.03249 -0.23697 0.00336 0 4.25000 29.10000 0.00290 1.61161 -11
-3.26126 -0.30923 0.06969 0 6.90000 56.10000 0.02074 0.22356 -11
-3.30298 -0.21147 0.06969 0 0.95000 53.70000 0.02074 0.21516 -11
-3.26916 -0.15974 0.06969 0 2.62500 54.07500 0.02074 0.21648 -11
-3.14920 -0.08322 0.06969 0 -2.60000 54.02500 0.02074 0.21630 -11
-3.18120 -0.22002 0.06969 0 2.10000 53.97500 0.02074 0.21611 -11
-3.33101 -0.31377 0.06969 0 4.80000 54.85000 0.02074 0.21922 -11
-3.21769 -0.01453 0.06969 0 -4.05000 54.47500 0.02074 0.21793 -11
-3.34211 -0.35548 0.06969 0 8.10000 57.07500 0.02074 0.22703 -11
-3.30927 -0.18377 0.06969 0 0.35000 53.70000 0.02074 0.21519 -11
-3.23401 -0.31891 0.06969 0 3.32500 54.22500 0.02074 0.21705 -11
-3.49135 -0.18319 0.06969 0 2.75000 54.10000 0.02074 0.21660 -11
-3.29270 -0.00268 0.06969 0 -3.85000 54.45000 0.02074 0.21778 -11
-3.59967 -0.33114 0.06969 0 8.30000 57.32500 0.02074 0.22788 -11
-3.48513 -0.38887 0.06969 0 6.75000 56.07500 0.02074 0.22351 -11
-3.43420 -0.43083 0.06969 0 6.75000 56.07500 0.02074 0.22348 -11
-1.04741 1.05457 0.06969 0 6.77500 56.15000 0.02074 0.22349 -11
-3.31939 -0.24485 0.06969 0 0.37500 53.57500 0.02074 0.21474 -11
-0.62794 0.33585 0.06969 0 0.37500 53.65000 0.02074 0.21476 -11
0.69051 -0.32032 0.06969 0 2.45000 56.35000 0.02074 0.23314 -11
-0.68201 0.42806 0.06969 0 0.32500 57.07500 0.02074 0.24266 -11
0.33514 -0.27215 0.06969 0 2.20000 58.67500 0.02074 0.25757 -11
-0.49018 -0.03283 0.06969 0 0.25000 58.95000 0.02074 0.26874 -11
0.62950 0.17556 0.06969 0 1.60000 60.27500 0.02074 0.27701 -11
-0.92337 0.33847 0.06969 0 0.92500 63.27500 0.02074 0.29022 -11
0.39848 0.49350 0.06969 0 1.87500 63.42500 0.02074 0.29862 -11
-3.46902 -0.19716 0.06969 0 2.20000 53.82500 0.02074 0.21550 -11
-3.10871 -0.12238 0.06969 0 -0.12500 53.62500 0.02074 0.21494 -11
-5.34932 -0.18859 0.06969 0 0.05000 53.57500 0.02074 0.21482 -11
-3.37988 -0.10564 0.06969 0 -2.57500 53.97500 0.02074 0.21619 -11
-3.35060 -0.09298 0.06969 0 -1.60000 53.82500 0.02074 0.21562 -11
-3.46660 -0.37117 0.06969 0 6.97500 56.20000 0.02074 0.22398 -11
-3.33719 -0.33838 0.06969 0 4.47500 54.67500 0.02074 0.21859 -11
-3.12900 -0.01808 0.06969 0 -1.30000 53.70000 0.02074 0.21518 -11
-3.37660 -0.07903 0.06969 0 -2.60000 54.02500 0.02074 0.21637 -11
-0.32343 0.14033 0.00554 0 8.12500 59.20000 0.00248 1.25233 11
-0.26385 -0.00432 0.00554 0 -3.87500 58.95000 0.00248 1.25529 11
0.31736 0.02010 0.00554 0 3.07500 56.60000 0.00248 1.27984 11
-1.10689 -0.60433 0.00554 0 8.00000 51.15000 0.00248 1.31710 11
-0.97447 -0.48136 0.00554 0 -4.25000 50.42500 0.00248 1.32075 11
1.53193 1.83377 0.00554 0 5.77500 49.00000 0.00248 1.32946 11
1.27706 5.78591 0.00554 0 7.25000 43.67500 0.00248 1.37265 11
0.41607 -0.42062 0.00554 0 8.25000 47.02500 0.00248 1.39863 11
-0.08075 0.78382 0.00554 0 6.40000 48.10000 0.00248 1.40689 11
-0.29077 -0.10988 0.00554 0 7.65000 44.67500 0.00248 1.50234 11
1.21548 -1.90164 0.00554 0 -3.40000 45.87500 0.00248 1.51779 11
-1.26890 -0.37650 0.00554 0 -3.57500 46.10000 0.00248 1.51902 11
0.88413 0.61267 0.00554 0 -2.87500 46.72500 0.00248 1.52345 11
-1.35990 0.12378 0.00249 0 -1.72500 -32.45000 0.00173 -0.12161 11
0.60992 -0.42466 0.00249 0 0.70000 -26.30000 0.00173 -0.09680 11
0.12661 1.29099 0.00249 0 -2.12500 -25.90000 0.00173 -0.08598 11
-18.23784 -3.19896 0.01574 0 8.30000 50.80000 0.00178 1.02263 -11
-3.40040 -0.07484 0.01574 0 -4.47500 46.32500 0.00178 1.03745 -11
4.75323 -0.79612 0.01574 0 -3.05000 35.92500 0.00178 1.07313 -11
-3.67453 0.09022 0.01574 0 6.42500 18.85000 0.00178 1.13279 -11
3.41968 -0.40991 0.01574 0 -2.57500 8.12500 0.00178 1.17124 -11
-8.71284 -0.79883 0.01574 0 6.92500 -5.85000 0.00178 1.22060 -11
-208.68838 -4.07813 0.01574 0 6.87500 -6.60000 0.00178 1.22467 -11
2.71124 -0.92863 0.01574 0 7.00000 -9.05000 0.00178 1.23149 -11
-1.32228 0.73485 0.01574 0 4.67500 -19.70000 0.00178 1.27588 -11
1.74370 -1.07123 0.01574 0 7.15000 -24.12500 0.00178 1.29412 -11
0.83732 -1.19959 0.00426 0 6.37500 -62.37500 0.00391 2.37800 -11
-0.67973 0.70994 0.00426 0 -1.90000 -58.02500 0.00391 2.41103 -11
-0.72454 0.61185 0.00426 0 -1.90000 -50.25000 0.00391 2.46051 -11
-0.52112 0.19265 0.00426 0 -1.90000 -43.12500 0.00391 2.50844 -11
0.79552 -0.89076 0.00426 0 6.50000 -40.00000 0.00391 2.52909 -11
-0.00769 -0.35710 0.00426 0 -1.97500 -36.97500 0.00391 2.55173 -11
-0.12884 0.08025 0.00426 0 6.60000 -37.87500 0.00391 2.57843 -11
-0.07282 -0.34071 0.00426 0 -2.15000 -37.62500 0.00391 2.59262 -11
-0.28784 -0.04111 0.00426 0 6.47500 -38.22500 0.00391 2.61533 -11
0.04207 -0.42680 0.00426 0 -2.47500 -38.65000 0.00391 2.62942 -11
0.05786 -0.07123 0.00426 0 6.60000 -38.92500 0.00391 2.64971 -11
-0.50239 -0.57646 0.00426 0 -2.90000 -38.75000 0.00391 2.66115 -11
0.41632 -0.15167 0.00426 0 7.00000 -36.57500 0.00391 2.67897 -11
-0.53610 -0.38896 0.00426 0 -2.92500 -36.17500 0.00391 2.68884 -11
0.55876 -0.33292 0.00426 0 7.10000 -34.22500 0.00391 2.70428 -11
-0.02410 -0.17573 0.00426 0 -3.25000 -32.80000 0.00391 2.71468 -11
0.06540 -0.38823 0.00426 0 6.67500 -32.97500 0.00391 2.72687 -11
0.25210 -0.34233 0.00426 0 -3.47500 -34.07500 0.00391 2.73853 -11
-0.32107 -0.44142 0.00426 0 6.97500 -35.00000 0.00391 2.75220 -11
-1.43806 -0.02069 0.02934 0 -4.20000 -22.87500 0.01717 0.01022 -11
-1.43507 -0.41853 0.02934 0 7.95000 -21.82500 0.01717 0.01453 -11
-1.35040 -0.08428 0.02934 0 -2.97500 -23.07500 0.01717 0.00936 -11
-1.32322 -0.00821 0.02934 0 -3.92500 -22.85000 0.01717 0.01021 -11
-1.44791 -0.33311 0.02934 0 8.22500 -21.72500 0.01717 0.01493 -11
-1.45282 -0.27717 0.02934 0 2.32500 -23.15000 0.01717 0.00908 -11
-1.44744 -0.04987 0.02934 0 -3.57500 -22.95000 0.01717 0.00985 -11
-1.48091 -0.34738 0.02934 0 4.05000 -22.90000 0.01717 0.01012 -11
-1.56178 -0.35227 0.02934 0 2.90000 -23.05000 0.01717 0.00944 -11
-1.40879 -0.10098 0.02934 0 -2.92500 -23.05000 0.01717 0.00944 -11
-1.51693 -0.41568 0.02934 0 6.45000 -22.27500 0.01717 0.01260 -11
-1.46903 -0.26021 0.02934 0 1.00000 -23.20000 0.01717 0.00877 -11
-1.49471 -0.34825 0.02934 0 6.55000 -22.27500 0.01717 0.01263 -11
-1.41788 -0.31463 0.02934 0 3.40000 -23.00000 0.01717 0.00965 -11
-1.44611 -0.24452 0.02934 0 1.42500 -23.20000 0.01717 0.00882 -11
1.05471 0.13544 0.02934 0 0.55000 63.32500 0.01717 0.37868 -11
-1.39715 -0.25704 0.02934 0 3.10000 -23.02500 0.01717 0.00954 -11
-1.44606 -0.40158 0.02934 0 6.67500 -22.30000 0.01717 0.01268 -11
-1.42356 -0.16554 0.02934 0 -2.45000 -23.15000 0.01717 0.00910 -11
-1.52967 -0.30562 0.02934 0 2.72500 -23.05000 0.01717 0.00942 -11
-1.58383 -0.37507 0.02934 0 6.52500 -22.27500 0.01717 0.01268 -11
-1.46674 -0.17415 0.02934 0 -1.42500 -23.20000 0.01717 0.00887 -11
-1.53143 -0.36486 0.02934 0 5.37500 -22.60000 0.01717 0.01138 -11
-1.70885 -0.33679 0.02934 0 7.27500 -21.95000 0.01717 0.01388 -11
-1.45748 -0.40039 0.02934 0 6.42500 -22.32500 0.01717 0.01249 -11
-0.34849 -0.52217 0.00710 0 5.05000 -52.42500 0.00678 -0.05455 11
0.30491 0.17234 0.00710 0 4.97500 -45.70000 0.00678 0.00818 11
-0.43828 -0.43829 0.00710 0 5.22500 -38.55000 0.00678 0.07995 11
0.50820 0.15586 0.00710 0 4.27500 -33.22500 0.00678 0.13632 11
-0.59636 -0.85175 0.00710 0 6.10000 -24.12500 0.00678 0.20830 11
0.65894 0.29755 0.00710 0 3.87500 -17.45000 0.00678 0.25741 11
-0.88898 -0.89790 0.00710 0 7.57500 -5.32500 0.00678 0.33001 11
0.58255 0.38120 0.00710 0 1.55000 -0.15000 0.00678 0.36218 11
-1.00680 -1.28582 0.00710 0 6.07500 10.40000 0.00678 0.42774 11
0.76901 0.60759 0.00710 0 0.85000 15.67500 0.00678 0.46017 11
1.14841 1.01348 0.00710 0 0.77500 33.70000 0.00678 0.55896 11
-1.36315 -1.58061 0.00710 0 -2.97500 49.07500 0.00678 0.63706 11
1.30722 1.51715 0.00710 0 0.77500 52.00000 0.00678 0.65354 11
0.22687 1.04686 0.00710 0 0.82500 55.67500 0.00678 0.74205 11
0.29972 -3.40885 0.00710 0 7.30000 58.42500 0.00678 0.80634 11
-0.05728 0.81764 0.00710 0 0.65000 57.95000 0.00678 0.82662 11
0.11283 -0.97262 0.00710 0 -4.40000 55.90000 0.00678 0.88820 11
-0.11200 0.85098 0.00710 0 1.02500 55.65000 0.00678 0.90864 11
-0.17897 0.79545 0.00710 0 1.05000 52.00000 0.00678 0.98645 11
0.18833 0.83596 0.00710 0 0.90000 54.40000 0.00678 1.06260 11
-0.36620 -1.81046 0.00710 0 7.52500 57.32500 0.00678 1.11570 11
0.22562 0.47354 0.00710 0 0.80000 58.87500 0.00678 1.13799 11
0.14400 1.14812 0.00710 0 -2.45000 61.80000 0.00678 1.19327 11
0.75088 -3.23284 0.00710 0 5.27500 59.35000 0.00678 1.23937 11
-0.65916 3.00575 0.00710 0 6.75000 59.00000 0.00678 1.24464 11
-0.58781 2.15627 0.00710 0 -4.15000 58.75000 0.00678 1.24866 11
1.93347 -7.09150 0.00710 0 4.92500 54.35000 0.00678 1.29209 11
1.35832 16.38613 0.00710 0 5.62500 54.12500 0.00678 1.29407 11
-3.25112 -0.34412 0.00710 0 5.50000 59.82500 0.00678 1.32766 11
-3.14118 0.47754 0.00710 0 6.32500 64.30000 0.00678 1.34387 11
0.57914 0.42953 0.00710 0 7.92500 63.20000 0.00678 1.37568 11
0.17734 0.30032 0.00710 0 7.85000 61.95000 0.00678 1.39374 11
-0.95034 -0.52925 0.00710 0 6.10000 58.90000 0.00678 1.25297 11
-0.40557 -0.67696 0.00710 0 4.82500 -52.40000 0.00678 -0.05465 11
0.33779 0.29990 0.00710 0 4.60000 -46.27500 0.00678 0.00318 11
-0.19562 -0.76808 0.00710 0 4.75000 -39.70000 0.00678 0.07661 11
0.10131 0.25314 0.00710 0 3.42500 -38.22500 0.00678 0.12558 11
-0.21031 -0.63721 0.00710 0 4.77500 -34.30000 0.00678 0.19421 11
0.28167 0.32928 0.00710 0 3.47500 -31.35000 0.00678 0.24424 11
-0.15539 -0.83813 0.00710 0 5.47500 -27.77500 0.00678 0.30929 11
0.14259 0.26482 0.00710 0 3.17500 -26.17500 0.00678 0.35286 11
-0.38131 -0.77467 0.00710 0 5.65000 -21.32500 0.00678 0.41333 11
0.83866 0.14316 0.00710 0 2.82500 -16.32500 0.00678 0.46000 11
-0.76369 -0.46882 0.00710 0 7.10000 -6.60000 0.00678 0.51721 11
0.80614 -0.13012 0.00710 0 2.85000 2.15000 0.00678 0.56926 11
-0.68585 -0.63090 0.00710 0 7.65000 10.35000 0.00678 0.61758 11
0.29232 0.16923 0.00710 0 3.02500 14.95000 0.00678 0.65652 11
-0.20108 -1.01276 0.00710 0 6.92500 18.12500 0.00678 0.70572 11
0.39858 0.24864 0.00710 0 2.32500 20.95000 0.00678 0.74046 11
-0.82511 -0.03969 0.00710 0 -2.92500 31.25000 0.00678 0.79088 11
1.15307 -0.64096 0.00710 0 1.35000 40.32500 0.00678 0.83319 11
-1.71931 0.67541 0.00710 0 -2.55000 45.50000 0.00678 0.85659 11
-0.40901 -0.33658 0.00710 0 -3.22500 -52.55000 0.00678 -0.05557 11
0.43015 0.25394 0.00710 0 7.50000 -46.37500 0.00678 -0.00423 11
0.54896 0.63357 0.00710 0 -4.20000 -46.07500 0.00678 -0.00162 11
-0.44011 -0.35168 0.00710 0 -3.47500 -37.25000 0.00678 0.07837 11
0.47990 0.23486 0.00710 0 8.25000 -30.57500 0.00678 0.13698 11
0.82828 0.54117 0.00710 0 -3.32500 -29.85000 0.00678 0.14130 11
-0.59760 -0.24387 0.00710 0 -1.62500 -19.40000 0.00678 0.21236 11
0.52874 0.24430 0.00710 0 8.42500 -12.40000 0.00678 0.26381 11
0.61551 0.35998 0.00710 0 -3.25000 -11.75000 0.00678 0.26797 11
-0.60678 -0.13915 0.00710 0 -1.50000 -4.35000 0.00678 0.32552 11
0.70049 0.22391 0.00710 0 2.35000 1.35000 0.00678 0.35550 11
-0.68778 -0.23429 0.00710 0 -3.57500 8.07500 0.00678 0.39918 11
0.65672 0.19423 0.00710 0 1.97500 13.20000 0.00678 0.43004 11
-0.43545 -0.19168 0.00710 0 -3.97500 18.57500 0.00678 0.46912 11
0.09334 0.24178 0.00710 0 2.05000 21.05000 0.00678 0.49863 11
-0.12346 -0.59400 0.00710 0 -3.55000 23.35000 0.00678 0.53658 11
0.14053 0.51924 0.00710 0 1.62500 23.97500 0.00678 0.55812 11
0.05145 -0.28900 0.00710 0 -3.77500 25.35000 0.00678 0.59439 11
0.40551 0.38204 0.00710 0 0.50000 25.10000 0.00678 0.61347 11
-0.79159 -0.34056 0.00710 0 -2.45000 29.22500 0.00678 0.63370 11
0.62356 0.38211 0.00710 0 0.97500 31.82500 0.00678 0.65125 11
-0.48763 -0.35342 0.00710 0 -2.47500 35.37500 0.00678 0.67573 11
0.37052 0.37054 0.00710 0 0.77500 37.22500 0.00678 0.69109 11
-0.72636 -0.04985 0.00710 0 -2.77500 39.15000 0.00678 0.71512 11
0.69278 -0.27849 0.00710 0 0.20000 42.92500 0.00678 0.73765 11
-1.08881 0.37159 0.00710 0 -1.35000 44.10000 0.00678 0.74508 11
1.30034 -0.47098 0.00710 0 0.90000 48.27500 0.00678 0.76543 11
-2.38971 1.28880 0.00710 0 0.17500 49.10000 0.00678 0.76958 11
1.25629 -0.76685 0.00710 0 1.17500 53.50000 0.00678 0.78891 11
-2.71415 1.56376 0.00710 0 -0.42500 56.90000 0.00678 0.80773 11
-0.55123 0.26287 0.00710 0 -0.70000 57.17500 0.00678 0.80952 11
0.33656 -0.16136 0.00710 0 0.75000 58.30000 0.00678 0.82122 11
-0.12304 1.31478 0.00710 0 -3.87500 25.40000 0.00678 0.59454 11
1.33439 -0.13669 0.00710 0 8.02500 23.85000 0.00678 0.60382 11
-0.48098 -0.71900 0.00710 0 2.85000 -52.52500 0.00678 -0.05561 11
0.61071 0.34753 0.00710 0 1.30000 -45.60000 0.00678 -0.00413 11
-1.02787 -0.63993 0.00710 0 3.22500 -32.70000 0.00678 0.06969 11
1.66589 0.10707 0.00710 0 -0.85000 -20.60000 0.00678 0.12499 11
-1.51680 -0.22154 0.00710 0 6.07500 -1.62500 0.00678 0.19606 11
1.51235 -0.48860 0.00710 0 0.75000 15.42500 0.00678 0.27093 11
-1.13982 -0.05830 0.00710 0 6.15000 27.00000 0.00678 0.32041 11
0.87156 -0.49666 0.00710 0 2.27500 41.50000 0.00678 0.39973 11
-0.62409 -0.10509 0.00710 0 6.47500 48.92500 0.00678 0.44238 11
0.74778 -0.30751 0.00710 0 1.65000 58.90000 0.00678 0.49959 11
-0.40580 0.09191 0.00710 0 5.47500 62.80000 0.00678 0.53675 11
1.23479 -1.06609 0.00710 0 -1.70000 62.00000 0.00678 1.07884 11
-1.31673 1.31780 0.00710 0 1.57500 59.20000 0.00678 1.09416 11
0.36102 -1.02727 0.00710 0 -1.67500 51.12500 0.00678 1.14930 11
-0.37369 1.09112 0.00710 0 2.82500 49.87500 0.00678 1.16680 11
0.83202 -2.36502 0.00710 0 -0.25000 45.60000 0.00678 1.21988 11
-0.71659 2.13252 0.00710 0 1.67500 45.02500 0.00678 1.22688 11
-0.11489 14.16127 0.00710 0 -0.07500 40.32500 0.00678 1.27788 11
0.48756 -1.62775 0.00710 0 -0.67500 46.17500 0.00678 1.81597 11
-0.37822 1.40151 0.00710 0 1.00000 45.87500 0.00678 1.82215 11
-0.17691 -1.52759 0.00710 0 -0.55000 45.20000 0.00678 1.85138 11
-0.19734 1.51958 0.00710 0 1.02500 45.32500 0.00678 1.85717 11
1.80500 -1.26851 0.00710 0 -1.67500 41.65000 0.00678 1.90128 11
-1.38981 0.74230 0.00710 0 -0.57500 39.90000 0.00678 1.90920 11
-1.36150 -1.40654 0.00710 0 -0.22500 39.90000 0.00678 1.91099 11
0.91513 1.10697 0.00710 0 0.55000 40.75000 0.00678 1.91538 11
-2.68828 -0.79901 0.00710 0 -0.10000 39.75000 0.00678 1.92601 11
-0.33173 -0.69046 0.00710 0 3.52500 -52.47500 0.00678 -0.05535 11
0.29420 0.15303 0.00710 0 4.27500 -48.35000 0.00678 0.00511 11
-0.38308 -0.43849 0.00710 0 4.10000 -42.10000 0.00678 0.07724 11
0.43184 0.11899 0.00710 0 1.45000 -35.42500 0.00678 0.12958 11
-0.58056 -0.48793 0.00710 0 3.80000 -27.27500 0.00678 0.19328 11
1.34428 -0.44331 0.00710 0 8.32500 1.30000 0.00678 0.30487 11
-2.18699 0.79799 0.00710 0 5.47500 5.57500 0.00678 0.32314 11
1.44383 -1.41704 0.00710 0 8.45000 17.05000 0.00678 0.37493 11
-0.84805 1.82466 0.00710 0 5.20000 18.97500 0.00678 0.38856 11
0.38842 0.20686 0.00710 0 6.85000 41.12500 0.00678 0.62212 11
1.94324 -0.65540 0.00710 0 8.12500 35.05000 0.00678 0.65956 11
-0.87212 -0.36901 0.00710 0 -2.32500 32.10000 0.00678 0.67464 11
-0.34476 -0.23834 0.00710 0 -1.82500 -52.52500 0.00678 -0.05592 11
0.54339 0.36360 0.00710 0 0.22500 -46.25000 0.00678 0.02139 11
-0.52218 -0.56171 0.00710 0 0.42500 -37.60000 0.00678 0.09850 11
0.99276 0.49774 0.00710 0 8.07500 -30.42500 0.00678 0.13899 11
0.97405 0.66772 0.00710 0 -3.42500 -29.60000 0.00678 0.14342 11
-0.87450 -0.47902 0.00710 0 -0.22500 -16.07500 0.00678 0.21249 11
0.23432 0.63700 0.00710 0 7.47500 -10.67500 0.00678 0.24968 11
0.07575 2.02409 0.00710 0 -3.25000 -10.62500 0.00678 0.25487 11
-0.05925 -1.03721 0.00710 0 1.57500 -9.62500 0.00678 0.33462 11
-0.00922 1.05022 0.00710 0 -1.97500 -9.00000 0.00678 0.36732 11
-0.01413 -0.54876 0.00710 0 0.97500 -9.45000 0.00678 0.43312 11
-0.32147 0.59484 0.00710 0 -2.57500 -10.62500 0.00678 0.47032 11
0.18084 -0.36878 0.00710 0 1.17500 -14.65000 0.00678 0.52357 11
-0.03885 0.37753 0.00710 0 -2.62500 -15.27500 0.00678 0.56185 11
0.35768 -0.37329 0.00710 0 1.72500 -18.92500 0.00678 0.60761 11
-0.17167 0.11929 0.00710 0 -1.95000 -21.20000 0.00678 0.65048 11
0.07429 -0.12709 0.00710 0 2.65000 -22.62500 0.00678 0.68975 11
-0.21618 0.02593 0.00710 0 -2.02500 -24.57500 0.00678 0.73143 11
0.25076 -0.11149 0.00710 0 3.27500 -25.72500 0.00678 0.76501 11
0.01823 0.16692 0.00710 0 -2.02500 -28.15000 0.00678 0.80209 11
0.26595 -0.59849 0.00710 0 4.70000 -30.15000 0.00678 0.83454 11
-0.23046 0.43800 0.00710 0 -2.22500 -31.57500 0.00678 0.85798 11
-0.11992 -1.56417 0.00710 0 5.97500 -34.95000 0.00678 0.89824 11
0.10214 0.61919 0.00710 0 -1.82500 -34.67500 0.00678 0.91499 11
-0.49661 -1.18513 0.00710 0 6.25000 -31.90000 0.00678 0.95092 11
0.44641 0.57456 0.00710 0 -1.87500 -30.45000 0.00678 0.96775 11
0.94395 0.06057 0.00710 0 -3.90000 -26.25000 0.00678 1.01148 11
-0.49879 -0.91431 0.00710 0 6.62500 -19.55000 0.00678 1.03829 11
0.34236 0.19832 0.00710 0 -2.40000 -18.25000 0.00678 1.05381 11
-0.93769 -0.60025 0.00710 0 7.30000 -15.17500 0.00678 1.07697 11
0.65626 -0.29552 0.00710 0 -2.50000 -12.20000 0.00678 1.09466 11
0.22399 0.27650 0.00710 0 -4.20000 -6.62500 0.00678 1.12021 11
-1.06162 0.22709 0.00710 0 -4.20000 -10.67500 0.00678 1.13865 11
-0.48287 -0.31721 0.00710 0 -1.92500 -52.55000 0.00678 -0.05592 11
1.00418 0.49117 0.00710 0 5.57500 -45.82500 0.00678 -0.01575 11
-1.09171 -0.38704 0.00710 0 -1.95000 -27.52500 0.00678 0.07213 11
0.97927 0.01916 0.00710 0 6.97500 -16.32500 0.00678 0.12803 11
-1.00311 0.13122 0.00710 0 -0.60000 -2.82500 0.00678 0.18793 11
0.93040 -0.03506 0.00710 0 7.92500 10.30000 0.00678 0.25286 11
0.88296 0.31407 0.00710 0 -3.92500 11.00000 0.00678 0.25640 11
-0.67528 -0.19815 0.00710 0 -0.45000 21.50000 0.00678 0.31194 11
0.52739 0.22301 0.00710 0 -2.45000 29.62500 0.00678 0.37057 11
-0.49334 -0.18264 0.00710 0 0.55000 37.07500 0.00678 0.42158 11
0.10646 0.43933 0.00710 0 -2.35000 40.87500 0.00678 0.46781 11
0.22730 -0.55368 0.00710 0 0.67500 38.82500 0.00678 0.52639 11
-0.04811 0.37725 0.00710 0 -1.20000 36.52500 0.00678 0.57082 11
0.01114 -2.58571 0.00710 0 5.42500 34.70000 0.00678 0.61050 11
0.21908 2.70420 0.00710 0 7.60000 34.80000 0.00678 0.61806 11
-0.43107 1.13756 0.00710 0 -3.05000 34.50000 0.00678 0.62370 11
1.20557 -1.71174 0.00710 0 5.12500 31.60000 0.00678 0.66294 11
-1.08895 1.59937 0.00710 0 7.35000 30.40000 0.00678 0.67183 11
0.31853 0.55238 0.00710 0 -4.15000 30.32500 0.00678 0.67481 11
-0.76796 -1.15376 0.00710 0 4.57500 34.05000 0.00678 0.70637 11
0.75837 1.09201 0.00710 0 7.02500 35.17500 0.00678 0.71640 11
0.36137 -1.90867 0.00710 0 4.55000 36.60000 0.00678 0.74819 11
0.05554 1.57961 0.00710 0 6.30000 36.52500 0.00678 0.75449 11
0.26835 -1.34718 0.00710 0 4.35000 34.97500 0.00678 0.78433 11
-0.22798 1.76580 0.00710 0 6.12500 34.72500 0.00678 0.79091 11
-1.26330 0.62438 0.00710 0 2.52500 39.15000 0.00678 1.00066 11
0.73084 -0.34417 0.00710 0 3.62500 41.60000 0.00678 1.01419 11
-0.43183 -0.38710 0.00710 0 1.62500 -52.52500 0.00678 -0.05596 11
0.38569 0.34122 0.00710 0 2.37500 -45.30000 0.00678 0.00990 11
-0.49137 -0.48584 0.00710 0 2.25000 -38.55000 0.00678 0.08514 11
0.40510 0.13655 0.00710 0 2.37500 -29.50000 0.00678 0.15299 11
-0.29292 -0.24487 0.00710 0 2.37500 -24.22500 0.00678 0.21845 11
0.48461 -0.20185 0.00710 0 1.70000 -16.87500 0.00678 0.28686 11
-0.58562 -0.11282 0.00710 0 3.35000 -8.72500 0.00678 0.34337 11
0.42663 -0.20193 0.00710 0 1.65000 0.05000 0.00678 0.41635 11
-0.53334 0.05662 0.00710 0 3.75000 5.67500 0.00678 0.46412 11
0.37193 -0.53387 0.00710 0 0.37500 14.92500 0.00678 0.53470 11
-0.34684 0.22563 0.00710 0 3.57500 18.05000 0.00678 0.57117 11
0.48306 -0.64034 0.00710 0 -0.45000 25.37500 0.00678 0.64865 11
-0.32193 0.24638 0.00710 0 4.00000 29.60000 0.00678 0.68110 11
0.52740 -0.56574 0.00710 0 -0.35000 37.37500 0.00678 0.75070 11
-0.51774 0.19569 0.00710 0 4.27500 41.65000 0.00678 0.78315 11
-0.43260 -0.36537 0.00710 0 0.32500 -52.52500 0.00678 -0.05609 11
0.33119 0.14035 0.00710 0 1.02500 -45.62500 0.00678 0.01279 11
-0.36539 -0.11463 0.00710 0 0.80000 -40.27500 0.00678 0.07434 11
0.70991 -0.11091 0.00710 0 -0.10000 -29.17500 0.00678 0.15220 11
-0.76948 0.14250 0.00710 0 2.60000 -19.30000 0.00678 0.20527 11
0.91128 -0.27962 0.00710 0 -1.00000 -4.32500 0.00678 0.28302 11
-1.05592 0.08694 0.00710 0 2.77500 4.92500 0.00678 0.32981 11
0.94705 -0.49788 0.00710 0 -2.10000 19.80000 0.00678 0.39907 11
-0.82938 0.58106 0.00710 0 2.62500 25.62500 0.00678 0.43317 11
1.40982 -1.09734 0.00710 0 -4.15000 40.97500 0.00678 0.51838 11
-1.35562 1.13706 0.00710 0 4.32500 43.57500 0.00678 0.53331 11
1.39743 -0.85350 0.00710 0 -3.97500 60.50000 0.00678 0.61878 11
-0.29998 -0.22822 0.00710 0 -3.92500 -52.45000 0.00678 -0.05516 11
0.20952 0.43228 0.00710 0 -2.90000 -48.05000 0.00678 0.00894 11
-0.17927 -0.11319 0.00710 0 -3.75000 -45.90000 0.00678 0.08098 11
0.17884 0.11463 0.00710 0 8.05000 -44.40000 0.00678 0.13828 11
0.26114 0.39038 0.00710 0 -3.72500 -44.22500 0.00678 0.14129 11
-0.40930 -0.23572 0.00710 0 -3.40000 -38.55000 0.00678 0.20732 11
0.62226 0.25810 0.00710 0 6.95000 -30.72500 0.00678 0.26170 11
-0.66285 -0.30602 0.00710 0 -2.52500 -19.62500 0.00678 0.33618 11
0.67523 0.11432 0.00710 0 7.52500 -10.57500 0.00678 0.39242 11
1.05840 0.34771 0.00710 0 -4.35000 -10.05000 0.00678 0.39520 11
-1.53636 -0.05622 0.00710 0 0.22500 2.97500 0.00678 0.45449 11
0.52486 0.40233 0.00710 0 3.50000 9.17500 0.00678 0.48374 11
-0.78992 -1.46783 0.00710 0 7.90000 16.82500 0.00678 0.54797 11
0.38292 0.36781 0.00710 0 3.90000 20.27500 0.00678 0.58403 11
-0.46456 -0.39286 0.00710 0 -3.82500 25.47500 0.00678 0.64042 11
0.03851 0.36657 0.00710 0 2.52500 27.92500 0.00678 0.66996 11
-0.28903 -1.00003 0.00710 0 -1.95000 29.90000 0.00678 0.71847 11
0.37108 0.92208 0.00710 0 1.97500 30.95000 0.00678 0.73348 11
-0.28592 -0.68497 0.00710 0 -2.17500 36.47500 0.00678 0.77829 11
0.25440 0.56948 0.00710 0 2.65000 37.62500 0.00678 0.79813 11
-0.49317 -0.97784 0.00710 0 -1.75000 39.42500 0.00678 0.83967 11
0.34576 1.14840 0.00710 0 1.90000 40.47500 0.00678 0.85384 11
-0.32615 -0.88716 0.00710 0 -0.55000 42.57500 0.00678 0.89993 11
0.22489 0.58218 0.00710 0 3.42500 43.52500 0.00678 0.91604 11
-0.70258 0.23965 0.00710 0 -0.90000 46.80000 0.00678 0.94614 11
2.34661 -1.51809 0.00710 0 1.90000 53.00000 0.00678 0.97864 11
-3.42769 1.36611 0.00710 0 1.57500 53.57500 0.00678 0.98093 11
-0.35556 -0.72240 0.00710 0 6.97500 -52.27500 0.00678 -0.05306 11
0.33618 0.16332 0.00710 0 7.20000 -47.82500 0.00678 0.00620 11
-0.31229 -0.64272 0.00710 0 7.35000 -40.72500 0.00678 0.08142 11
0.16690 0.01650 0.00710 0 7.42500 -37.52500 0.00678 0.14308 11
-0.15279 0.01683 0.00710 0 -4.40000 -34.60000 0.00678 0.20682 11
-0.07727 -0.64700 0.00710 0 7.77500 -34.50000 0.00678 0.20912 11
-0.02686 -0.08221 0.00710 0 7.55000 -34.92500 0.00678 0.27057 11
-0.11242 0.13622 0.00710 0 -3.72500 -34.67500 0.00678 0.32442 11
-0.16043 -0.43665 0.00710 0 8.40000 -34.55000 0.00678 0.32754 11
0.07393 -0.28743 0.00710 0 7.12500 -32.25000 0.00678 0.39265 11
-0.09012 0.28196 0.00710 0 -3.37500 -30.57500 0.00678 0.44089 11
-0.15547 -0.29376 0.00710 0 6.87500 -31.12500 0.00678 0.50707 11
0.09822 0.02940 0.00710 0 -3.22500 -32.17500 0.00678 0.55369 11
-0.07823 0.11639 0.00710 0 6.45000 -32.70000 0.00678 0.60311 11
0.14591 -0.17296 0.00710 0 -3.25000 -35.47500 0.00678 0.66030 11
-0.28989 0.10839 0.00710 0 5.35000 -37.45000 0.00678 0.70225 11
1.56143 1.52026 0.00710 0 -2.77500 -43.57500 0.00678 0.75216 11
-1.66476 -1.34542 0.00710 0 0.15000 -59.47500 0.00678 0.82640 11
8.32183 3.98335 0.00710 0 -1.82500 -63.57500 0.00678 0.84232 11
-0.49225 -0.85031 0.00710 0 6.47500 -52.30000 0.00678 -0.05345 11
0.32250 0.19488 0.00710 0 6.22500 -46.37500 0.00678 0.00383 11
-0.32182 -0.64537 0.00710 0 6.32500 -39.27500 0.00678 0.07945 11
0.16460 0.16060 0.00710 0 6.40000 -35.85000 0.00678 0.13785 11
-0.23803 -0.56012 0.00710 0 6.57500 -30.12500 0.00678 0.20760 11
0.14147 0.07173 0.00710 0 6.42500 -26.75000 0.00678 0.26700 11
-0.03446 -0.67395 0.00710 0 6.57500 -26.65000 0.00678 0.33691 11
0.03757 0.23737 0.00710 0 6.30000 -26.12500 0.00678 0.39173 11
-0.28975 -1.07728 0.00710 0 7.50000 -24.65000 0.00678 0.46697 11
0.10700 0.17833 0.00710 0 5.17500 -21.62500 0.00678 0.51120 11
-0.12141 -0.59043 0.00710 0 6.45000 -20.05000 0.00678 0.57361 11
-0.00734 0.07683 0.00710 0 4.95000 -18.57500 0.00678 0.62535 11
-0.16009 -0.44128 0.00710 0 2.57500 -18.37500 0.00678 0.64224 11
-0.01882 0.31435 0.00710 0 4.82500 -18.47500 0.00678 0.65275 11
-0.16559 -0.30256 0.00710 0 2.67500 -19.02500 0.00678 0.66460 11
-0.00681 0.40553 0.00710 0 4.55000 -18.72500 0.00678 0.67334 11
2.44097 2.82203 0.00710 0 3.10000 -20.75000 0.00678 0.68472 11
1.35935 2.12205 0.00710 0 3.10000 -31.20000 0.00678 0.77022 11
-0.32235 -0.51026 0.00710 0 4.37500 -32.75000 0.00678 0.78454 11
0.80648 0.61717 0.00710 0 2.72500 -32.70000 0.00678 0.79380 11
-0.45232 -0.46853 0.00710 0 3.62500 -34.07500 0.00678 0.80289 11
-0.08452 -0.43713 0.00710 0 -1.12500 -52.57500 0.00678 -0.05609 11
0.16198 0.16445 0.00710 0 -0.27500 -49.25000 0.00678 0.00395 11
0.00200 -0.31256 0.00710 0 5.47500 -49.65000 0.00678 0.03884 11
-0.06478 -0.15831 0.00710 0 -0.70000 -49.65000 0.00678 0.07256 11
0.00197 -0.18699 0.00710 0 5.75000 -50.60000 0.00678 0.09908 11
-0.21562 -0.09621 0.00710 0 -0.57500 -50.80000 0.00678 0.13223 11
0.26233 -0.27279 0.00710 0 6.12500 -51.97500 0.00678 0.15916 11
-0.86841 -1.46563 0.00710 0 -2.20000 -54.50000 0.00678 0.19065 11
5.39795 5.00494 0.00710 0 -3.05000 -55.20000 0.00678 0.19498 11
1.96188 -0.99627 0.00710 0 8.10000 -56.87500 0.00678 0.20202 11
-1.15539 0.03433 0.00710 0 -1.55000 -60.70000 0.00678 0.21977 11
-0.28879 -0.65027 0.00710 0 3.02500 -52.50000 0.00678 -0.05554 11
0.24980 0.29820 0.00710 0 3.32500 -48.75000 0.00678 0.00102 11
-0.27632 -0.48617 0.00710 0 3.02500 -43.60000 0.00678 0.07207 11
0.42012 0.04192 0.00710 0 2.80000 -37.00000 0.00678 0.13474 11
-0.19586 -0.62182 0.00710 0 3.22500 -31.15000 0.00678 0.19859 11
0.14641 0.28155 0.00710 0 2.62500 -28.67500 0.00678 0.25109 11
-0.11081 -0.51241 0.00710 0 3.22500 -27.20000 0.00678 0.31594 11
0.03400 0.13426 0.00710 0 2.32500 -27.30000 0.00678 0.36923 11
-0.09439 -0.23684 0.00710 0 3.35000 -26.57500 0.00678 0.42618 11
0.00751 0.09407 0.00710 0 2.15000 -25.15000 0.00678 0.48500 11
-0.02056 -0.52667 0.00710 0 3.87500 -24.07500 0.00678 0.54011 11
-0.12904 0.03598 0.00710 0 1.37500 -25.02500 0.00678 0.58769 11
0.04586 -0.39193 0.00710 0 4.50000 -27.20000 0.00678 0.63523 11
-0.20713 -0.06079 0.00710 0 0.80000 -28.97500 0.00678 0.67975 11
0.48998 -0.15636 0.00710 0 5.67500 -35.45000 0.00678 0.72393 11
-0.52658 -0.58491 0.00710 0 0.10000 -42.97500 0.00678 0.77748 11
0.53010 0.09130 0.00710 0 6.40000 -46.02500 0.00678 0.80353 11
-0.22331 -0.82948 0.00710 0 -0.55000 -50.45000 0.00678 0.85140 11
0.23261 0.11987 0.00710 0 6.37500 -52.27500 0.00678 0.87267 11
0.03148 -1.32071 0.00710 0 -1.45000 -55.12500 0.00678 0.91627 11
0.45498 0.05077 0.00710 0 6.22500 -55.65000 0.00678 0.93274 11
-0.69863 -1.07358 0.00710 0 -1.55000 -60.20000 0.00678 0.97339 11
0.55790 2.66305 0.00710 0 -4.40000 -61.25000 0.00678 0.98465 11
0.26413 0.78690 0.00710 0 6.92500 -61.32500 0.00678 0.98741 11
-0.35962 -0.70247 0.00710 0 5.57500 -52.37500 0.00678 -0.05418 11
0.48279 0.07652 0.00710 0 5.85000 -45.97500 0.00678 0.00896 11
-0.72281 -0.78521 0.00710 0 6.87500 -36.02500 0.00678 0.08109 11
0.53283 0.12900 0.00710 0 5.87500 -27.70000 0.00678 0.14071 11
-0.66103 -0.07898 0.00710 0 -4.50000 -18.40000 0.00678 0.20698 11
-0.86871 -0.52819 0.00710 0 7.72500 -17.90000 0.00678 0.20980 11
0.50443 0.07768 0.00710 0 5.30000 -9.17500 0.00678 0.26665 11
-0.66663 -0.11687 0.00710 0 -4.15000 0.97500 0.00678 0.33196 11
-0.60589 -0.85570 0.00710 0 8.20000 1.52500 0.00678 0.33542 11
0.30055 0.20595 0.00710 0 5.90000 6.75000 0.00678 0.38364 11
-0.45644 -0.03397 0.00710 0 -3.75000 12.42500 0.00678 0.43673 11
0.28849 0.22297 0.00710 0 6.82500 15.40000 0.00678 0.49069 11
-0.16472 -0.23800 0.00710 0 -2.72500 17.77500 0.00678 0.54916 11
0.35280 0.39772 0.00710 0 7.07500 20.97500 0.00678 0.59419 11
-0.96079 0.01466 0.00710 0 2.35000 26.75000 0.00678 0.62686 11
1.16995 -0.15928 0.00710 0 5.20000 31.90000 0.00678 0.65240 11
-0.63145 -0.04743 0.00710 0 2.07500 36.67500 0.00678 0.67360 11
0.60575 0.04290 0.00710 0 6.40000 40.85000 0.00678 0.70013 11
-0.60020 0.19415 0.00710 0 2.10000 44.97500 0.00678 0.72758 11
0.47556 -0.63728 0.00710 0 4.77500 48.60000 0.00678 0.75428 11
-0.49742 0.14076 0.00710 0 1.05000 50.67500 0.00678 0.77294 11
0.47611 -0.22689 0.00710 0 4.67500 53.27500 0.00678 0.79600 11
-0.36397 -0.06350 0.00710 0 1.27500 54.37500 0.00678 0.81157 11
0.53302 -0.08058 0.00710 0 4.67500 56.70000 0.00678 0.83205 11
0.01375 0.10053 0.00710 0 1.25000 57.45000 0.00678 0.84987 11
0.00322 -0.21256 0.00710 0 4.57500 57.40000 0.00678 0.87049 11
-0.51872 1.15748 0.00710 0 2.02500 57.35000 0.00678 0.88148 11
-0.76236 -1.09577 0.00710 0 5.40000 -52.40000 0.00678 -0.05426 11
0.34341 0.31877 0.00710 0 3.27500 -45.80000 0.00678 -0.00670 11
-0.24033 -0.68067 0.00710 0 3.25000 -38.77500 0.00678 0.06794 11
0.40400 -0.25117 0.00710 0 8.02500 -37.10000 0.00678 0.09307 11
-0.08521 -0.04318 0.00710 0 -4.02500 -37.10000 0.00678 0.09581 11
0.51890 0.35605 0.00710 0 4.35000 -37.20000 0.00678 0.11624 11
-0.72226 -0.40098 0.00710 0 7.07500 -40.45000 0.00678 0.13945 11
1.39532 -1.03968 0.00710 0 4.85000 -42.87500 0.00678 0.15287 11
0.65176 -2.27068 0.00710 0 4.82500 -44.25000 0.00678 0.16216 11
0.36336 0.07710 0.00710 0 5.60000 -42.50000 0.00678 0.18843 11
-8.92695 -4.67329 0.00710 0 4.05000 -44.55000 0.00678 0.20005 11
1.27627 -0.95019 0.00710 0 2.97500 -48.20000 0.00678 0.22678 11
-0.66994 0.04775 0.00710 0 4.10000 -49.15000 0.00678 0.23442 11
0.80465 -2.36937 0.00710 0 4.22500 -49.37500 0.00678 0.23613 11
-0.48456 -0.16896 0.00710 0 4.30000 -49.32500 0.00678 0.23691 11
-0.41276 -0.57524 0.00710 0 2.70000 -52.50000 0.00678 -0.05568 11
0.50525 0.43978 0.00710 0 3.30000 -45.47500 0.00678 0.00580 11
-0.52125 -0.65115 0.00710 0 4.50000 -35.00000 0.00678 0.08559 11
0.33373 -0.08682 0.00710 0 3.62500 -29.47500 0.00678 0.14442 11
-0.14392 -0.18655 0.00710 0 4.65000 -26.07500 0.00678 0.19765 11
0.05959 -0.20726 0.00710 0 3.47500 -25.55000 0.00678 0.26249 11
0.04714 -0.24872 0.00710 0 4.87500 -23.57500 0.00678 0.31323 11
