0.47235 -1.17824 0.01868 0 4.20000 61.52500 0.01806 2.26768 11
0.63521 0.48125 0.01868 0 2.20000 61.30000 0.01806 2.31021 11
2.27519 -2.13243 0.01868 0 1.17500 -27.47500 0.01806 1.99470 11
-3.42764 4.59548 0.01868 0 2.32500 -28.72500 0.01806 2.00057 11
1.57467 -1.92830 0.01868 0 2.97500 -29.17500 0.01806 2.00338 11
-1.49364 0.85556 0.01868 0 4.72500 -31.52500 0.01806 2.01383 11
0.28289 -0.15373 0.01868 0 2.82500 -36.00000 0.01806 2.03569 11
-0.13631 0.20858 0.01868 0 5.72500 -36.92500 0.01806 2.05064 11
0.04768 -0.41414 0.01868 0 3.00000 -37.60000 0.01806 2.06941 11
-0.37346 0.49337 0.01868 0 5.52500 -38.30000 0.01806 2.08119 11
2.14311 0.47855 0.01868 0 3.65000 -41.82500 0.01806 2.10026 11
0.29031 3.33601 0.01868 0 2.77500 -63.80000 0.01806 2.32274 11
-2.63782 27.93523 0.01868 0 2.75000 -63.80000 0.01806 2.32288 11
-0.36406 -0.54383 0.01868 0 3.32500 54.55000 0.01806 1.88717 11
0.21952 0.40646 0.01868 0 -1.75000 48.02500 0.01806 1.95659 11
-0.37982 -0.60953 0.01868 0 1.85000 33.92500 0.01806 2.11361 11
0.15486 0.57034 0.01868 0 -1.27500 30.90000 0.01806 2.17023 11
-0.14123 -0.70266 0.01868 0 1.62500 23.77500 0.01806 2.32439 11
0.18071 0.72672 0.01868 0 -0.17500 22.20000 0.01806 2.37445 11
-0.05220 -0.92447 0.01868 0 0.42500 15.12500 0.01806 2.53307 11
0.07444 0.86548 0.01868 0 0.50000 14.55000 0.01806 2.57507 11
-0.27996 -0.89387 0.01868 0 0.17500 8.35000 0.01806 2.72864 11
0.35056 0.86251 0.01868 0 1.77500 5.65000 0.01806 2.76613 11
-0.57502 -1.15694 0.01868 0 -0.07500 -8.07500 0.01806 2.91792 11
0.34711 0.96036 0.01868 0 2.67500 -10.35000 0.01806 2.95081 11
-0.16601 -0.94299 0.01868 0 0.82500 -19.30000 0.01806 3.09726 11
0.13325 0.73802 0.01868 0 1.12500 -20.77500 0.01806 3.13969 11
-0.10991 -0.59518 0.01868 0 0.72500 -26.65000 0.01806 3.27308 11
0.08559 0.46417 0.01868 0 -0.40000 -27.80000 0.01806 3.32254 11
-0.13466 -0.50156 0.01868 0 0.37500 -32.42500 0.01806 3.44274 11
0.10352 0.44262 0.01868 0 -0.42500 -33.30000 0.01806 3.49131 11
-0.00689 -0.20981 0.01868 0 1.62500 -33.75000 0.01806 3.59698 11
0.12191 0.39611 0.01868 0 -0.57500 -34.42500 0.01806 3.65539 11
-0.07048 -0.28118 0.01868 0 0.97500 -36.45000 0.01806 3.75885 11
0.10465 0.25386 0.01868 0 -0.57500 -38.45000 0.01806 3.81414 11
-0.12666 -0.24169 0.01868 0 1.00000 -39.37500 0.01806 3.91263 11
0.18678 0.12020 0.01868 0 -0.32500 -41.77500 0.01806 3.96802 11
-0.31607 -0.06666 0.01868 0 1.57500 -46.37500 0.01806 4.05658 11
0.38905 -0.08797 0.01868 0 0.52500 -52.92500 0.01806 4.11984 11
-0.35981 0.07162 0.01868 0 1.15000 -61.62500 0.01806 4.19536 11
-1.40590 0.01119 0.02530 0 -1.82500 0.65000 0.01453 0.02447 -11
-1.43915 -0.00971 0.02530 0 -0.62500 0.52500 0.01453 0.02402 -11
-1.48808 -0.24782 0.02530 0 6.07500 1.42500 0.01453 0.02764 -11
-1.48058 -0.24693 0.02530 0 7.17500 1.80000 0.01453 0.02912 -11
-1.39390 -0.22572 0.02530 0 7.10000 1.85000 0.01453 0.02919 -11
-1.34174 -0.10806 0.02530 0 2.57500 0.80000 0.01453 0.02498 -11
-1.40766 -0.21391 0.02530 0 5.15000 1.20000 0.01453 0.02668 -11
-1.40850 -0.15903 0.02530 0 6.22500 1.47500 0.01453 0.02781 -11
-1.40996 -0.17849 0.02530 0 2.50000 0.75000 0.01453 0.02482 -11
-1.36829 -0.20555 0.02530 0 5.12500 1.17500 0.01453 0.02659 -11
-1.57826 -0.19512 0.02530 0 -1.05000 0.60000 0.01453 0.02427 -11
-1.32886 -0.04042 0.02530 0 -0.70000 0.60000 0.01453 0.02421 -11
-1.40612 0.10223 0.02530 0 -3.80000 0.87500 0.01453 0.02542 -11
-1.34964 -0.20542 0.02530 0 8.25000 2.10000 0.01453 0.03039 -11
-1.52866 0.05614 0.02530 0 -0.82500 0.60000 0.01453 0.02424 -11
-1.51440 0.11573 0.02530 0 -4.47500 1.07500 0.01453 0.02615 -11
-1.47776 -0.24098 0.02530 0 7.55000 1.95000 0.01453 0.02971 -11
-1.41481 -0.21524 0.02530 0 5.05000 1.22500 0.01453 0.02671 -11
-1.40835 -0.11027 0.02530 0 -0.40000 0.57500 0.01453 0.02416 -11
-1.37482 0.02186 0.02530 0 -3.35000 0.85000 0.01453 0.02528 -11
-1.46695 -0.11226 0.02530 0 1.02500 0.52500 0.01453 0.02403 -11
-1.51746 -0.22146 0.02530 0 0.67500 0.60000 0.01453 0.02420 -11
-1.47897 -0.30347 0.02530 0 7.25000 1.85000 0.01453 0.02927 -11
-1.39754 -0.05015 0.02530 0 1.20000 0.60000 0.01453 0.02423 -11
0.64864 -0.16859 0.00373 0 -1.07500 56.65000 0.00232 0.17123 11
-0.69088 -0.14267 0.00373 0 5.37500 60.90000 0.00232 0.20040 11
0.20132 -0.51560 0.00211 0 -1.57500 -14.32500 0.00174 1.41631 11
0.01647 0.45885 0.00211 0 -0.55000 -14.45000 0.00174 1.42231 11
-0.57288 0.59732 0.00211 0 -1.07500 64.62500 0.00174 1.15622 11
0.72591 -1.37309 0.00211 0 -2.27500 62.05000 0.00174 1.17888 11
-0.87810 1.18089 0.00211 0 -1.37500 61.32500 0.00174 1.18327 11
0.87711 -1.77465 0.00211 0 1.62500 13.50000 0.00174 1.48835 11
-0.82082 1.51504 0.00211 0 2.65000 13.02500 0.00174 1.49247 11
-0.88640 0.66099 0.00211 0 2.70000 13.00000 0.00174 1.49260 11
1.01928 10.42040 0.00211 0 1.47500 13.10000 0.00174 1.49800 11
-0.56449 -1.85270 0.00211 0 1.40000 10.15000 0.00174 1.54288 11
3.18467 4.00841 0.00211 0 -0.35000 9.37500 0.00174 1.55160 11
0.22454 -0.79398 0.00211 0 5.95000 -10.57500 0.00174 1.57996 11
-0.23046 0.67896 0.00211 0 7.90000 -10.70000 0.00174 1.58814 11
-1.97438 -0.37791 0.00211 0 -3.70000 -12.35000 0.00174 1.59528 11
0.43936 1.29602 0.00211 0 -3.90000 -12.57500 0.00174 1.59650 11
-0.07586 -0.77102 0.00211 0 8.07500 -12.52500 0.00174 1.59976 11
0.10130 -0.92566 0.00211 0 -2.82500 -11.90000 0.00174 1.61172 11
0.25458 0.05238 0.00211 0 -3.75000 -12.80000 0.00174 1.61793 11
-0.34683 0.16928 0.00211 0 -2.47500 -12.80000 0.00174 1.62608 11
0.34468 0.09058 0.00211 0 5.37500 25.30000 0.00174 2.54281 11
-0.22867 -0.22344 0.00211 0 7.32500 24.02500 0.00174 2.55719 11
0.27686 0.75982 0.00211 0 5.30000 24.05000 0.00174 2.56744 11
-0.35941 -0.89581 0.00211 0 6.55000 23.07500 0.00174 2.58426 11
1.18795 -0.35038 0.00211 0 5.00000 21.35000 0.00174 2.59709 11
-1.23452 0.76814 0.00211 0 5.90000 20.17500 0.00174 2.60354 11
0.57316 0.44071 0.00490 0 2.95000 63.95000 0.00066 0.98378 -11
-0.47714 -0.46139 0.00490 0 0.30000 62.30000 0.00066 0.99663 -11
0.14999 1.26870 0.00490 0 2.92500 60.40000 0.00066 1.01955 -11
-0.79839 -1.45976 0.00490 0 0.92500 60.12500 0.00066 1.02724 -11
-1.59771 2.88030 0.00490 0 1.35000 59.90000 0.00066 1.03460 -11
-2.84264 0.68126 0.00490 0 -0.02500 56.17500 0.00066 1.04562 -11
1.12046 -0.20031 0.00490 0 -0.12500 52.45000 0.00066 1.06870 -11
-0.46671 0.29779 0.00490 0 0.32500 52.22500 0.00066 1.07473 -11
0.22651 -1.29467 0.01115 0 3.25000 53.15000 0.00036 0.87368 11
-0.40257 1.19790 0.01115 0 5.17500 52.90000 0.00036 0.88090 11
-6.20727 12.99833 0.01115 0 1.02500 46.65000 0.00036 0.90866 11
-0.55720 -0.42873 0.00168 0 1.35000 31.95000 0.00071 1.19164 11
-1.56887 -1.37890 0.00168 0 1.35000 31.95000 0.00071 1.19165 11
-3.58315 1.38846 0.00844 0 -3.47500 54.47500 0.00203 1.44052 11
1.88754 -1.20073 0.00844 0 7.45000 52.42500 0.00203 1.47024 11
-1.98064 1.35144 0.00844 0 8.10000 51.30000 0.00203 1.47507 11
0.27776 -1.34375 0.00844 0 8.40000 51.20000 0.00203 1.47644 11
-0.13579 -0.57185 0.00844 0 -2.40000 50.75000 0.00203 1.48627 11
0.98495 0.10226 0.00844 0 -3.45000 48.65000 0.00203 1.49906 11
-4.01332 -2.71369 0.00844 0 -2.72500 46.97500 0.00203 1.51016 11
2.16843 2.02872 0.00844 0 -2.40000 46.75000 0.00203 1.51456 11
0.45126 3.00813 0.00844 0 -2.10000 56.25000 0.00203 1.59966 11
-2.13699 -5.59453 0.07808 0 -4.42500 -19.10000 0.00580 4.12364 11
0.42407 1.44100 0.07808 0 -3.50000 -18.62500 0.00580 4.12762 11
-0.33247 -0.71429 0.07808 0 -3.95000 -21.92500 0.00580 4.14390 11
0.49078 0.20377 0.07808 0 -2.92500 -20.72500 0.00580 4.15149 11
-0.53591 0.11106 0.00349 0 8.42500 -54.05000 0.00299 0.72850 11
-0.25130 0.46569 0.01793 0 4.62500 64.45000 0.00157 1.00000 -11
21.67956 14.43651 0.00582 0 6.77500 44.20000 0.00507 1.09428 11
-1.31814 -1.52760 0.00582 0 8.07500 23.17500 0.00507 1.19085 11
1.52208 0.55948 0.00582 0 4.20000 20.37500 0.00507 1.20753 11
4.54001 2.57012 0.00582 0 4.60000 13.02500 0.00507 1.23304 11
1.09258 1.93269 0.00582 0 4.60000 13.00000 0.00507 1.23309 11
6.15700 -0.87186 0.00500 0 -1.62500 -11.05000 0.00495 1.34917 11
1.66911 0.49429 0.00500 0 -1.62500 -10.97500 0.00495 1.34918 11
0.91967 -0.43027 0.00500 0 -0.90000 -62.32500 0.00495 2.45476 11
-0.73271 0.10374 0.00500 0 6.45000 -57.90000 0.00495 2.47894 11
0.74010 -0.61682 0.00500 0 -1.27500 -48.30000 0.00495 2.53195 11
-0.20405 0.09701 0.00500 0 6.12500 -46.77500 0.00495 2.55079 11
0.15919 -0.59247 0.00500 0 -0.87500 -45.00000 0.00495 2.59391 11
-0.29386 -0.10419 0.00500 0 6.02500 -43.70000 0.00495 2.61668 11
0.43193 -0.15212 0.00500 0 -0.62500 -40.67500 0.00495 2.65089 11
-0.39869 -0.51056 0.00500 0 6.90000 -37.60000 0.00495 2.67786 11
0.31667 -0.11065 0.00500 0 0.32500 -35.85000 0.00495 2.70736 11
-0.02681 -0.60766 0.00500 0 -3.72500 -36.15000 0.00495 2.73689 11
0.02334 0.75289 0.00500 0 -0.30000 -35.87500 0.00495 2.75052 11
-1.08306 -0.81146 0.00500 0 -2.67500 -32.10000 0.00495 2.78538 11
1.51824 0.88230 0.00500 0 -0.55000 -29.75000 0.00495 2.79692 11
-1.58654 -0.28531 0.00500 0 -3.00000 -24.45000 0.00495 2.82338 11
1.17130 0.16492 0.00500 0 -1.20000 -20.95000 0.00495 2.83782 11
-1.37631 0.45831 0.00500 0 -3.37500 -17.62500 0.00495 2.85317 11
1.14308 -0.51897 0.00500 0 -1.55000 -13.02500 0.00495 2.87326 11
0.86780 -0.60159 0.00500 0 -1.55000 -13.00000 0.00495 2.87336 11
-0.36294 -0.00286 0.00500 0 -4.40000 -11.92500 0.00495 2.88756 11
4.33652 2.65428 0.00500 0 7.92500 -11.67500 0.00495 2.89052 11
1.78381 -0.37968 0.00500 0 -4.00000 -10.75000 0.00495 2.89514 11
-0.55688 -1.01519 0.00500 0 7.17500 -8.15000 0.00495 2.90676 11
0.29307 0.87515 0.00500 0 8.10000 -8.00000 0.00495 2.91077 11
0.68159 -0.34333 0.00500 0 -3.75000 -7.72500 0.00495 2.91460 11
0.62130 -82.34926 0.00500 0 -4.02500 -7.55000 0.00495 2.91629 11
0.73409 2.18294 0.00500 0 -4.25000 -7.60000 0.00495 2.91786 11
0.41729 -0.64877 0.00500 0 3.50000 -63.02500 0.00495 0.84324 11
0.08933 0.19786 0.00500 0 -1.00000 -62.07500 0.00495 0.86241 11
-0.07774 -0.41105 0.00500 0 3.65000 -63.90000 0.00495 0.89303 11
-0.01656 0.40007 0.00500 0 -0.50000 -63.50000 0.00495 0.91065 11
1.02649 -0.82663 0.00500 0 6.65000 11.97500 0.00495 1.76975 11
-0.62784 -1.69537 0.00500 0 7.77500 -64.05000 0.00495 0.80204 11
0.23711 0.33767 0.00500 0 -0.45000 -62.45000 0.00495 0.81915 11
-0.02455 -0.79299 0.00500 0 7.52500 -62.55000 0.00495 0.85235 11
0.63795 -0.38021 0.00500 0 -1.52500 -60.85000 0.00495 0.87230 11
-1.48311 -0.60826 0.00500 0 7.52500 -56.77500 0.00495 0.89718 11
1.12618 -0.30799 0.00500 0 -2.40000 -52.20000 0.00495 0.91766 11
-0.95371 -0.10789 0.00500 0 7.17500 -48.20000 0.00495 0.93779 11
1.01550 -0.56054 0.00500 0 -2.82500 -43.82500 0.00495 0.96013 11
-0.61219 0.28320 0.00500 0 6.52500 -41.25000 0.00495 0.97736 11
-2.28449 1.78931 0.00500 0 7.57500 -60.95000 0.00495 0.84078 11
-0.99313 0.82418 0.00500 0 8.32500 -49.95000 0.00495 0.90137 11
-0.14821 -0.09199 0.00500 0 8.15000 -5.80000 0.00495 1.13739 11
-1.86622 -0.71387 0.00500 0 8.15000 -3.47500 0.00495 1.16048 11
-0.19107 -0.51505 0.00500 0 8.17500 0.10000 0.00495 1.18091 11
-0.88160 -1.81528 0.00500 0 8.25000 0.75000 0.00495 1.19982 11
0.06089 -1.24087 0.00500 0 -3.00000 0.55000 0.00495 1.20866 11
-0.57733 -1.33358 0.00500 0 -0.65000 -59.90000 0.00495 0.64592 11
0.59082 1.21202 0.00500 0 3.42500 -58.27500 0.00495 0.66188 11
-0.44864 -1.14847 0.00500 0 -0.20000 -53.50000 0.00495 0.71615 11
0.27985 1.13012 0.00500 0 3.75000 -52.40000 0.00495 0.73109 11
-0.15422 -0.71981 0.00500 0 -0.32500 -51.50000 0.00495 0.78045 11
0.15670 0.77742 0.00500 0 4.32500 -50.70000 0.00495 0.79869 11
-0.41012 -1.01341 0.00500 0 -0.15000 -48.07500 0.00495 0.84169 11
0.46567 1.00999 0.00500 0 3.77500 -46.87500 0.00495 0.85715 11
-1.65268 -2.66893 0.00500 0 0.32500 -39.57500 0.00495 0.95421 11
1.10948 1.25949 0.00500 0 2.32500 -38.07500 0.00495 0.96285 11
-1.29613 -0.98808 0.00500 0 -0.07500 -32.22500 0.00495 0.99226 11
1.79781 2.09596 0.00500 0 1.67500 -30.60000 0.00495 1.00084 11
-2.33737 0.41095 0.00500 0 0.02500 -25.12500 0.00495 1.02732 11
1.37126 -1.23254 0.00500 0 1.32500 -20.17500 0.00495 1.05315 11
-1.36867 0.15081 0.00500 0 -0.02500 -16.32500 0.00495 1.06858 11
1.05680 -0.38670 0.00500 0 1.42500 -13.37500 0.00495 1.08328 11
-1.32330 0.35729 0.00500 0 -2.40000 -10.32500 0.00495 1.10549 11
1.56111 -0.96684 0.00500 0 -1.92500 -8.10000 0.00495 1.11574 11
0.62968 -4.27383 0.00500 0 -2.10000 -8.00000 0.00495 1.11673 11
0.17640 0.31352 0.00877 0 0.35000 -62.90000 0.00766 0.38382 11
-0.20354 -0.29308 0.00877 0 -2.47500 -58.10000 0.00766 0.46826 11
0.24896 0.39323 0.00877 0 0.12500 -55.50000 0.00766 0.53835 11
-0.29654 -0.50199 0.00877 0 -1.82500 -49.77500 0.00766 0.62205 11
0.41296 0.41368 0.00877 0 -1.52500 -41.95000 0.00766 0.68403 11
-0.44134 -0.31911 0.00877 0 -1.67500 -33.05000 0.00766 0.75991 11
0.66110 -0.00200 0.00877 0 -2.85000 -24.37500 0.00766 0.82244 11
-0.65437 0.00964 0.00877 0 -0.92500 -14.82500 0.00766 0.87856 11
0.74886 0.11961 0.00877 0 -2.57500 -4.17500 0.00766 0.94573 11
-0.60334 0.14680 0.00877 0 -0.65000 4.60000 0.00766 1.00134 11
0.37064 0.08244 0.00877 0 6.62500 10.15000 0.00766 1.04440 11
-0.29925 0.33948 0.00877 0 -0.85000 13.10000 0.00766 1.08054 11
0.20312 -0.72021 0.00877 0 5.92500 17.45000 0.00766 1.13617 11
-0.33671 0.70209 0.00877 0 0.52500 18.25000 0.00766 1.15668 11
0.41358 -1.29262 0.00877 0 5.77500 21.82500 0.00766 1.21543 11
-0.29447 0.53935 0.00877 0 1.67500 22.30000 0.00766 1.23032 11
0.59616 -0.78562 0.00877 0 6.87500 27.80000 0.00766 1.28104 11
-0.43960 1.24657 0.00877 0 2.67500 30.17500 0.00766 1.29888 11
-0.21358 -1.06650 0.00877 0 6.97500 29.50000 0.00766 1.34725 11
0.83300 0.96438 0.00877 0 3.32500 27.32500 0.00766 1.36287 11
-1.36513 -1.11973 0.00877 0 5.90000 20.30000 0.00766 1.40143 11
0.54154 0.73170 0.00877 0 3.62500 18.65000 0.00766 1.41138 11
-0.17756 -0.44962 0.00877 0 7.62500 15.27500 0.00766 1.44557 11
0.03191 0.30169 0.00877 0 3.60000 15.35000 0.00766 1.46271 11
-0.23973 -0.17518 0.00877 0 5.92500 14.45000 0.00766 1.48163 11
0.53221 0.49334 0.00877 0 2.35000 13.15000 0.00766 1.49957 11
0.00659 -1.79515 0.00877 0 4.95000 11.85000 0.00766 1.53195 11
-0.31965 0.77305 0.00877 0 2.72500 11.57500 0.00766 1.54045 11
-0.41791 -0.33680 0.00877 0 0.70000 -63.72500 0.00766 0.00224 11
0.20315 0.26126 0.00877 0 4.27500 -58.10000 0.00766 0.08188 11
-0.08370 -0.58267 0.00877 0 1.42500 -55.02500 0.00766 0.17016 11
-0.00524 0.29355 0.00877 0 3.45000 -54.60000 0.00766 0.23377 11
0.00284 -0.45434 0.00877 0 1.40000 -55.60000 0.00766 0.31199 11
0.03506 0.41216 0.00877 0 2.87500 -55.90000 0.00766 0.37315 11
-0.02998 -0.40370 0.00877 0 1.67500 -54.92500 0.00766 0.45258 11
0.02750 0.43033 0.00877 0 2.87500 -55.47500 0.00766 0.51495 11
-0.09314 -0.75164 0.00877 0 2.92500 -54.95000 0.00766 0.59808 11
-0.29935 0.65642 0.00877 0 2.85000 -56.02500 0.00766 0.64880 11
0.24912 -0.88122 0.00877 0 4.10000 -60.20000 0.00766 0.72947 11
-0.11297 0.46394 0.00877 0 2.47500 -62.82500 0.00766 0.77428 11
-0.82931 -0.35040 0.00877 0 2.50000 -52.97500 0.00766 -0.00427 11
0.86884 -0.01193 0.00877 0 2.40000 -37.45000 0.00766 0.07667 11
-0.99346 -0.21126 0.00877 0 3.25000 -21.35000 0.00766 0.15523 11
0.86932 -0.05623 0.00877 0 3.02500 -5.55000 0.00766 0.23967 11
-0.55491 -0.07664 0.00877 0 2.70000 5.10000 0.00766 0.30733 11
0.67902 -0.13839 0.00877 0 2.40000 19.62500 0.00766 0.39469 11
-0.67537 -0.13772 0.00877 0 2.35000 30.17500 0.00766 0.46227 11
0.39635 -0.09424 0.00877 0 2.60000 39.95000 0.00766 0.53901 11
-0.52489 0.06053 0.00877 0 4.15000 45.92500 0.00766 0.58837 11
0.57762 -0.25652 0.00877 0 1.65000 56.80000 0.00766 0.66093 11
-0.54908 -0.02075 0.00877 0 4.00000 62.90000 0.00766 0.70682 11
-0.17781 -0.33104 0.00877 0 0.60000 40.50000 0.00766 0.55647 11
-0.03679 0.31107 0.00877 0 2.60000 40.27500 0.00766 0.56601 11
-0.12779 -0.19946 0.00877 0 0.85000 41.40000 0.00766 0.58001 11
0.00693 0.37374 0.00877 0 2.47500 41.55000 0.00766 0.58802 11
-0.50920 0.58730 0.00877 0 0.75000 44.72500 0.00766 0.61497 11
0.05691 -0.23870 0.00877 0 1.92500 45.00000 0.00766 0.62563 11
0.58693 0.28386 0.00877 0 4.52500 -58.82500 0.00766 0.06780 11
-0.45317 -0.46569 0.00877 0 3.10000 -47.62500 0.00766 0.15285 11
0.31654 0.03565 0.00877 0 4.72500 -40.22500 0.00766 0.22542 11
-0.32653 -0.18842 0.00877 0 3.00000 -33.27500 0.00766 0.29821 11
0.51138 -0.14659 0.00877 0 3.55000 -22.05000 0.00766 0.38344 11
-0.61449 -0.11075 0.00877 0 3.32500 -14.67500 0.00766 0.44456 11
0.88037 0.02893 0.00877 0 1.52500 -0.15000 0.00766 0.52156 11
-1.05813 -0.22278 0.00877 0 4.30000 13.40000 0.00766 0.58630 11
0.99116 -0.18987 0.00877 0 0.95000 28.22500 0.00766 0.65653 11
-2.03891 0.02733 0.00877 0 5.25000 37.90000 0.00766 0.70211 11
1.73092 -0.13518 0.00877 0 -1.87500 56.87500 0.00766 0.77323 11
-1.19022 -0.48057 0.00877 0 4.92500 -52.25000 0.00766 -0.00223 11
1.52251 -0.14737 0.00877 0 2.20000 -33.07500 0.00766 0.07897 11
-1.13388 -0.27783 0.00877 0 4.95000 -18.12500 0.00766 0.14459 11
1.26838 0.06110 0.00877 0 2.00000 -1.27500 0.00766 0.21824 11
-1.90014 -0.36008 0.00877 0 5.57500 16.05000 0.00766 0.29175 11
-0.69987 -0.17326 0.00877 0 1.47500 -54.47500 0.00766 -0.00436 11
0.68467 0.18912 0.00877 0 2.42500 -41.07500 0.00766 0.07725 11
-0.69029 -0.41296 0.00877 0 1.72500 -27.37500 0.00766 0.16382 11
0.57898 0.46577 0.00877 0 2.67500 -16.05000 0.00766 0.23511 11
-1.11202 -1.00620 0.00877 0 3.97500 -0.12500 0.00766 0.33014 11
1.29322 0.49637 0.00877 0 1.80000 10.75000 0.00766 0.38442 11
-1.87796 -0.94952 0.00877 0 7.12500 33.30000 0.00766 0.48335 11
0.99692 0.36694 0.00877 0 2.17500 43.72500 0.00766 0.52980 11
-0.91954 -0.56738 0.00877 0 4.50000 55.55000 0.00766 0.59829 11
0.42135 0.34764 0.00877 0 -0.22500 -58.15000 0.00766 0.06600 11
-0.47324 -0.15925 0.00877 0 -1.67500 -47.75000 0.00766 0.14518 11
0.45205 0.18630 0.00877 0 -0.37500 -38.85000 0.00766 0.22003 11
-0.39697 -0.23623 0.00877 0 -1.92500 -30.97500 0.00766 0.29603 11
0.72991 0.57257 0.00877 0 -0.87500 -20.00000 0.00766 0.36631 11
-0.56835 -0.45177 0.00877 0 -0.10000 -8.85000 0.00766 0.44717 11
0.75349 0.55411 0.00877 0 -0.95000 0.27500 0.00766 0.50554 11
-0.86787 -0.09944 0.00877 0 1.27500 12.22500 0.00766 0.58274 11
0.73933 0.43691 0.00877 0 -2.75000 21.65000 0.00766 0.63303 11
-0.86502 -0.34062 0.00877 0 -0.05000 32.70000 0.00766 0.69697 11
1.17838 0.63880 0.00877 0 6.80000 40.60000 0.00766 0.73513 11
-1.81521 -0.82132 0.00877 0 1.40000 59.85000 0.00766 0.81909 11
-0.55253 -0.61812 0.00877 0 4.55000 -63.12500 0.00766 -0.00791 11
0.41206 0.29641 0.00877 0 6.72500 -56.37500 0.00766 0.06157 11
-0.56207 -1.31528 0.00877 0 5.70000 -45.87500 0.00766 0.15267 11
0.13960 0.56968 0.00877 0 5.62500 -43.92500 0.00766 0.20130 11
-0.23417 -0.92682 0.00877 0 5.85000 -41.52500 0.00766 0.28403 11
0.16863 0.42714 0.00877 0 5.75000 -38.95000 0.00766 0.33586 11
-0.44314 -1.15202 0.00877 0 6.97500 -34.25000 0.00766 0.41363 11
0.35352 0.18234 0.00877 0 5.30000 -28.62500 0.00766 0.46346 11
-0.05941 -0.59240 0.00877 0 6.47500 -24.45000 0.00766 0.53031 11
-0.06835 0.08814 0.00877 0 5.45000 -23.80000 0.00766 0.58407 11
0.14165 -0.66299 0.00877 0 6.67500 -25.82500 0.00766 0.64883 11
-0.06583 -0.11351 0.00877 0 2.10000 -26.92500 0.00766 0.68787 11
-0.02849 -0.35349 0.00877 0 6.45000 -26.32500 0.00766 0.72677 11
-0.15817 -0.14575 0.00877 0 1.57500 -26.90000 0.00766 0.76733 11
0.07478 -0.73211 0.00877 0 6.52500 -27.40000 0.00766 0.80567 11
-0.30568 0.29010 0.00877 0 1.35000 -29.02500 0.00766 0.83677 11
0.50035 -1.00031 0.00877 0 7.62500 -31.80000 0.00766 0.87706 11
-0.96006 -0.23130 0.00877 0 0.15000 -35.35000 0.00766 0.90489 11
0.80020 0.00085 0.00877 0 -4.25000 -40.30000 0.00766 0.93204 11
0.79079 -1.53106 0.00877 0 8.12500 -41.00000 0.00766 0.93588 11
-0.28225 0.17191 0.00877 0 0.47500 -43.05000 0.00766 0.95727 11
0.87750 -0.30664 0.00877 0 -4.07500 -46.00000 0.00766 0.99028 11
-1.02820 0.53529 0.00877 0 -0.77500 -50.07500 0.00766 1.01023 11
1.72902 -1.37628 0.00877 0 -3.47500 -57.02500 0.00766 1.04897 11
-1.71730 0.96846 0.00877 0 -1.87500 -59.12500 0.00766 1.05824 11
-0.19684 0.21553 0.00877 0 5.62500 -45.90000 0.00766 0.15248 11
3.19155 -1.72574 0.00877 0 6.47500 -45.05000 0.00766 0.16860 11
0.29015 -0.47644 0.00877 0 6.95000 -43.75000 0.00766 0.18702 11
54.47617 33.50926 0.00877 0 5.60000 -44.42500 0.00766 0.19453 11
-0.29851 0.35352 0.00877 0 5.45000 -44.47500 0.00766 0.19544 11
0.18141 0.57222 0.00877 0 6.15000 -44.02500 0.00766 0.20133 11
-0.96537 -0.63441 0.00877 0 3.85000 -56.22500 0.00766 -0.00370 11
0.85438 0.09338 0.00877 0 4.70000 -41.85000 0.00766 0.07516 11
-0.86697 -0.54033 0.00877 0 6.00000 -26.15000 0.00766 0.15460 11
0.60751 0.10752 0.00877 0 5.15000 -15.25000 0.00766 0.22022 11
-0.98668 -0.60182 0.00877 0 7.57500 -2.17500 0.00766 0.29015 11
0.67694 -0.14197 0.00877 0 4.20000 10.05000 0.00766 0.35298 11
-0.50953 -0.36645 0.00877 0 6.97500 17.47500 0.00766 0.40357 11
0.58267 -0.04623 0.00877 0 4.30000 24.82500 0.00766 0.46034 11
-2.25391 0.85406 0.00877 0 0.62500 32.25000 0.00766 0.48925 11
1.42815 -0.77405 0.00877 0 3.85000 -15.67500 0.00766 0.22875 11
0.95453 -1.77577 0.00877 0 4.15000 -16.02500 0.00766 0.23065 11
0.44895 0.75648 0.00877 0 5.15000 -15.72500 0.00766 0.23647 11
-0.59941 -0.11287 0.00877 0 -3.65000 -58.05000 0.00766 0.00024 11
0.79876 0.33629 0.00877 0 -1.95000 -45.35000 0.00766 0.08278 11
-0.70822 -0.15252 0.00877 0 -2.55000 -31.75000 0.00766 0.16498 11
0.66798 0.28118 0.00877 0 -2.22500 -19.47500 0.00766 0.23949 11
-0.81094 -0.05130 0.00877 0 -1.42500 -4.80000 0.00766 0.31570 11
2.39874 -0.64625 0.00877 0 5.00000 11.55000 0.00766 0.38308 11
-2.44790 1.05230 0.00877 0 -0.25000 22.07500 0.00766 0.42376 11
1.80514 -0.67165 0.00877 0 3.37500 49.02500 0.00766 0.52500 11
-1.35787 0.52861 0.00877 0 -1.35000 57.47500 0.00766 0.55851 11
-0.84177 -0.03338 0.00877 0 -0.80000 -51.70000 0.00766 -0.00100 11
0.56710 0.24150 0.00877 0 0.20000 -37.10000 0.00766 0.08430 11
-0.37117 -0.13208 0.00877 0 -2.55000 -29.75000 0.00766 0.16507 11
0.38066 0.20719 0.00877 0 -0.47500 -20.00000 0.00766 0.24727 11
-0.26979 -0.01327 0.00877 0 -2.62500 -12.80000 0.00766 0.32138 11
0.19366 0.00772 0.00877 0 -0.57500 -6.30000 0.00766 0.40999 11
-0.18873 0.10420 0.00877 0 -2.40000 -2.02500 0.00766 0.47527 11
0.07970 -0.14372 0.00877 0 -1.02500 1.22500 0.00766 0.56033 11
-0.04523 0.32864 0.00877 0 -1.55000 2.42500 0.00766 0.61179 11
0.12378 -0.28052 0.00877 0 -1.42500 5.57500 0.00766 0.70081 11
-0.33618 0.29549 0.00877 0 -0.97500 8.85000 0.00766 0.74851 11
0.23774 -0.15222 0.00877 0 -1.47500 16.22500 0.00766 0.83626 11
-0.29187 0.21093 0.00877 0 -1.30000 20.10000 0.00766 0.88865 11
0.50500 -0.33812 0.00877 0 -2.10000 25.45000 0.00766 0.97427 11
-0.44706 0.60278 0.00877 0 1.27500 29.22500 0.00766 1.00868 11
0.33234 -0.79971 0.00877 0 -2.42500 38.05000 0.00766 1.10237 11
-0.45106 0.87310 0.00877 0 1.95000 39.77500 0.00766 1.13027 11
0.36610 -1.02467 0.00877 0 -4.07500 48.25000 0.00766 1.22910 11
-0.07330 1.35715 0.00877 0 2.65000 49.70000 0.00766 1.24786 11
-0.96997 1.88123 0.00877 0 3.42500 53.17500 0.00766 1.35871 11
-0.68919 -0.26097 0.00877 0 0.75000 -63.00000 0.00766 -0.01367 11
0.75839 0.11051 0.00877 0 -0.15000 -48.85000 0.00766 0.06241 11
-0.65006 -0.16111 0.00877 0 0.67500 -35.75000 0.00766 0.13335 11
0.56472 -0.12937 0.00877 0 0.57500 -23.32500 0.00766 0.21516 11
-0.42182 0.15736 0.00877 0 1.27500 -17.52500 0.00766 0.26521 11
0.42727 -0.16060 0.00877 0 0.12500 -6.87500 0.00766 0.34676 11
-0.38062 0.06567 0.00877 0 0.72500 -1.22500 0.00766 0.39985 11
0.27410 0.09577 0.00877 0 0.62500 4.20000 0.00766 0.46911 11
-0.35462 -0.11117 0.00877 0 1.67500 6.35000 0.00766 0.52332 11
0.38320 0.12484 0.00877 0 -0.07500 12.42500 0.00766 0.58125 11
-0.41488 -0.21565 0.00877 0 2.25000 18.20000 0.00766 0.63146 11
0.36354 0.36062 0.00877 0 -1.62500 22.65000 0.00766 0.67408 11
-0.41254 -0.31082 0.00877 0 1.65000 28.95000 0.00766 0.73326 11
0.34132 0.30908 0.00877 0 -1.05000 34.50000 0.00766 0.78208 11
-0.17157 -0.19579 0.00877 0 2.57500 39.00000 0.00766 0.83395 11
0.31106 0.03253 0.00877 0 -1.45000 42.55000 0.00766 0.87920 11
-0.32524 0.15578 0.00877 0 2.67500 44.70000 0.00766 0.91501 11
0.28074 -0.53642 0.00877 0 -2.45000 49.35000 0.00766 0.97616 11
-0.27652 0.59093 0.00877 0 3.27500 50.90000 0.00766 1.00062 11
0.51529 -0.65882 0.00877 0 -3.10000 54.15000 0.00766 1.06041 11
-0.46407 0.62984 0.00877 0 4.57500 56.85000 0.00766 1.07855 11
0.32096 -0.93699 0.00877 0 -3.75000 62.30000 0.00766 1.13094 11
-0.38448 0.65867 0.00877 0 4.25000 63.45000 0.00766 1.14602 11
-0.71275 -0.70231 0.00877 0 -4.07500 59.75000 0.00766 1.19348 11
0.68895 0.93228 0.00877 0 4.32500 57.87500 0.00766 1.20843 11
-0.03728 -0.36034 0.00877 0 7.32500 49.92500 0.00766 1.28844 11
-0.39864 0.46005 0.00877 0 3.37500 51.37500 0.00766 1.30711 11
1.11570 -1.31034 0.00877 0 5.65000 55.32500 0.00766 1.33427 11
-0.16781 0.93238 0.00877 0 3.30000 56.72500 0.00766 1.34470 11
0.14819 -2.31973 0.00877 0 4.75000 49.60000 0.00766 1.40385 11
-0.92311 -0.28473 0.00877 0 0.62500 -49.95000 0.00766 -0.00777 11
1.04603 0.26278 0.00877 0 0.07500 -35.37500 0.00766 0.06579 11
-0.99779 -0.33575 0.00877 0 1.27500 -17.82500 0.00766 0.14882 11
0.59383 0.30952 0.00877 0 -0.10000 -7.75000 0.00766 0.21011 11
-0.62628 -0.31679 0.00877 0 0.77500 2.30000 0.00766 0.28250 11
0.77998 0.21907 0.00877 0 -2.17500 11.67500 0.00766 0.33713 11
-0.62579 -0.16565 0.00877 0 -0.10000 21.65000 0.00766 0.39806 11
0.80777 0.17043 0.00877 0 -3.15000 30.90000 0.00766 0.45385 11
-0.82292 0.18384 0.00877 0 0.25000 40.47500 0.00766 0.50586 11
0.88751 -0.38069 0.00877 0 8.17500 52.82500 0.00766 0.57165 11
2.25117 -0.53358 0.00877 0 -4.17500 54.45000 0.00766 0.57803 11
-0.66625 0.34055 0.00877 0 6.37500 56.22500 0.00766 0.58699 11
0.77558 -0.78058 0.00877 0 -3.45000 60.77500 0.00766 0.61950 11
-1.15396 -0.07321 0.00877 0 6.82500 63.30000 0.00766 0.63107 11
0.78676 3.52801 0.00877 0 -4.32500 61.02500 0.00766 0.83079 11
-0.80114 -2.50453 0.00877 0 7.20000 63.20000 0.00766 0.84368 11
71.35804 -31.26393 0.00877 0 7.82500 63.00000 0.00766 0.84905 11
0.74544 -1.23732 0.00877 0 7.97500 63.70000 0.00766 0.88947 11
-0.86987 -0.19086 0.00155 0 5.75000 55.55000 0.00140 0.58720 11
1.42695 0.32851 0.00155 0 7.30000 58.35000 0.00140 0.60008 11
-2.14648 -6.67868 0.00155 0 5.42500 59.40000 0.00140 0.61879 11
-0.39626 0.84564 0.00155 0 3.70000 59.87500 0.00140 0.62975 11
-0.46506 0.30022 0.00155 0 4.12500 59.52500 0.00140 0.65039 11
-3.35351 -0.16811 0.00155 0 4.12500 59.50000 0.00140 0.65089 11
4.36847 0.17300 0.00142 0 1.27500 -17.75000 0.00032 0.14911 11
-0.77675 -0.07459 0.00142 0 -0.42500 -14.87500 0.00032 0.16361 11
0.48101 0.24687 0.00142 0 1.30000 -12.85000 0.00032 0.17539 11
-0.94718 -2.32169 0.00142 0 -0.47500 -11.52500 0.00032 0.19051 11
-0.55094 0.24171 0.00142 0 -1.35000 -9.77500 0.00032 0.21535 11
-0.62486 -0.21684 0.00142 0 -0.60000 -6.92500 0.00032 0.26966 11
-0.47014 -0.29906 0.00877 0 -4.50000 -62.97500 0.00766 0.00007 11
-0.54284 -0.95148 0.00877 0 7.90000 -62.65000 0.00766 0.00291 11
0.64607 0.42566 0.00877 0 -2.77500 -53.27500 0.00766 0.07290 11
-0.69348 -0.45906 0.00877 0 -3.45000 -40.65000 0.00766 0.15889 11
0.76050 0.26102 0.00877 0 6.60000 -30.15000 0.00766 0.21489 11
-0.80023 -0.46196 0.00877 0 -3.90000 -14.12500 0.00766 0.30587 11
0.87522 0.54879 0.00877 0 5.97500 -5.20000 0.00766 0.35639 11
-1.02806 -0.68182 0.00877 0 -2.82500 11.27500 0.00766 0.44522 11
0.95674 0.64998 0.00877 0 5.15000 19.17500 0.00766 0.48628 11
-5.18629 -6.55672 0.00877 0 8.10000 33.17500 0.00766 0.57212 11
1.07823 0.83168 0.00877 0 2.35000 38.52500 0.00766 0.60182 11
-1.10119 -0.78191 0.00877 0 -4.30000 56.02500 0.00766 0.68944 11
1.24842 0.90033 0.00877 0 2.35000 62.67500 0.00766 0.72326 11
-1.07466 1.28842 0.00877 0 -0.00000 63.62500 0.00766 1.83336 11
0.67082 -1.21518 0.00877 0 -2.90000 56.15000 0.00766 1.88119 11
-0.61571 1.30002 0.00877 0 0.37500 54.80000 0.00766 1.89402 11
-0.12397 -1.14785 0.00877 0 -2.07500 51.32500 0.00766 1.94113 11
0.14080 1.17606 0.00877 0 1.17500 51.70000 0.00766 1.95322 11
-1.88707 -2.98882 0.00877 0 -0.42500 56.40000 0.00766 1.99897 11
-320.94481 -380.12327 0.00877 0 0.82500 57.17500 0.00766 2.00402 11
-1.34383 -2.14178 0.00877 0 0.97500 57.30000 0.00766 2.00486 11
0.34786 1.94817 0.00877 0 3.07500 57.80000 0.00766 2.01234 11
0.21466 -5.53977 0.00877 0 1.40000 58.02500 0.00766 2.04964 11
0.28680 3.91130 0.00877 0 2.70000 58.15000 0.00766 2.05434 11
-0.33535 -0.74914 0.00877 0 2.40000 60.15000 0.00766 2.08798 11
0.19166 0.98780 0.00877 0 4.67500 60.45000 0.00766 2.09710 11
0.85311 -0.85901 0.00877 0 2.82500 59.52500 0.00766 2.11978 11
-0.85872 0.21358 0.00877 0 4.42500 57.90000 0.00766 2.12864 11
0.99502 0.97132 0.00877 0 2.22500 56.80000 0.00766 2.13969 11
-4.38643 -3.88517 0.00877 0 3.40000 53.22500 0.00766 2.15782 11
-4.44781 -7.08364 0.00877 0 3.72500 49.77500 0.00766 2.18031 11
-0.97799 -2.74687 0.00877 0 3.80000 46.35000 0.00766 2.20880 11
-7.34793 -6.16061 0.00877 0 2.97500 43.70000 0.00766 2.24244 11
-1.54888 0.62279 0.00161 0 -3.37500 64.15000 0.00149 2.24235 11
0.39595 0.38816 0.00877 0 4.45000 -64.72500 0.00766 0.07916 11
-0.49902 -0.59207 0.00877 0 2.72500 -53.87500 0.00766 0.17166 11
0.18046 0.62126 0.00877 0 4.47500 -47.92500 0.00766 0.23422 11
-0.13358 -1.22473 0.00877 0 5.67500 -47.97500 0.00766 0.32306 11
-0.05066 0.54461 0.00877 0 5.00000 -48.07500 0.00766 0.36919 11
0.13821 -1.49025 0.00877 0 7.60000 -49.85000 0.00766 0.45328 11
-0.10551 0.34032 0.00877 0 4.25000 -51.10000 0.00766 0.48990 11
0.14478 -0.97861 0.00877 0 5.50000 -53.70000 0.00766 0.55610 11
0.05925 0.53013 0.00877 0 3.75000 -54.40000 0.00766 0.59962 11
-0.64225 -1.79721 0.00877 0 7.27500 -53.77500 0.00766 0.67917 11
0.86690 0.44769 0.00877 0 2.32500 -49.05000 0.00766 0.71240 11
-0.67546 -0.95377 0.00877 0 7.10000 -38.90000 0.00766 0.77294 11
0.35296 0.26292 0.00877 0 3.17500 -34.37500 0.00766 0.81258 11
-0.59123 -2.05944 0.00877 0 7.65000 -29.80000 0.00766 0.87147 11
0.39470 0.60356 0.00877 0 1.77500 -27.40000 0.00766 0.89683 11
-1.89513 -2.51230 0.00877 0 7.55000 -20.65000 0.00766 0.95987 11
1.00307 0.59951 0.00877 0 -0.10000 -16.10000 0.00766 0.98272 11
-4.69611 -2.97317 0.00877 0 7.27500 -3.87500 0.00766 1.04217 11
1.55095 0.57676 0.00877 0 -1.47500 2.22500 0.00766 1.06614 11
-1.30673 -1.89148 0.00877 0 -4.07500 15.95000 0.00766 1.12871 11
1.10289 1.69577 0.00877 0 -1.62500 17.42500 0.00766 1.13855 11
-1.03973 -2.32653 0.00877 0 -4.37500 25.25000 0.00766 1.19915 11
1.08338 1.78102 0.00877 0 -1.85000 26.10000 0.00766 1.20818 11
1.00609 2.07020 0.00877 0 -1.87500 34.40000 0.00766 1.27444 11
0.54719 7.93677 0.00877 0 6.77500 35.05000 0.00766 1.32598 11
1.03736 1.31396 0.00877 0 -2.70000 36.20000 0.00766 1.33558 11
-0.87743 -0.22998 0.00877 0 -2.97500 46.77500 0.00766 1.38410 11
0.62525 -0.91292 0.00877 0 0.32500 49.72500 0.00766 1.41694 11
-0.35357 1.51106 0.00877 0 -2.30000 51.62500 0.00766 1.42978 11
-0.64263 -0.46239 0.00877 0 3.10000 -57.60000 0.00766 0.00111 11
0.52869 0.10578 0.00877 0 4.65000 -46.50000 0.00766 0.07819 11
-0.75280 -0.76893 0.00877 0 3.12500 -35.22500 0.00766 0.16190 11
0.63460 0.55150 0.00877 0 3.00000 -27.75000 0.00766 0.21798 11
-0.92406 -1.00391 0.00877 0 4.05000 -13.55000 0.00766 0.31462 11
0.56158 0.40139 0.00877 0 2.10000 -5.92500 0.00766 0.36414 11
-0.57527 -0.61423 0.00877 0 2.30000 4.70000 0.00766 0.44380 11
0.46310 0.38272 0.00877 0 2.00000 11.82500 0.00766 0.50026 11
-0.63069 -0.50482 0.00877 0 3.12500 22.32500 0.00766 0.57885 11
0.44636 0.17513 0.00877 0 2.02500 30.30000 0.00766 0.63786 11
-0.47618 -0.23673 0.00877 0 2.97500 36.95000 0.00766 0.69822 11
0.40030 -0.06946 0.00877 0 1.50000 43.75000 0.00766 0.76042 11
-0.49108 -0.34043 0.00877 0 5.25000 49.30000 0.00766 0.80518 11
0.19260 -0.09966 0.00877 0 1.30000 52.55000 0.00766 0.85092 11
0.03400 0.00587 0.00877 0 6.00000 52.32500 0.00766 0.88117 11
0.19197 0.08272 0.00877 0 2.05000 53.12500 0.00766 0.92941 11
-0.25960 -1.04032 0.00877 0 6.60000 53.35000 0.00766 0.97811 11
0.08745 0.39239 0.00877 0 0.77500 54.62500 0.00766 1.00547 11
0.18011 -1.07474 0.00877 0 6.65000 56.00000 0.00766 1.05087 11
