-1.40701 -0.51224 0.00926 0 -1.57500 24.75000 0.00815 1.87683 11
0.58779 0.43237 0.00926 0 -3.80000 22.55000 0.00815 1.88856 11
3.65084 -2.18673 0.00926 0 8.27500 22.02500 0.00815 1.89230 11
-1.71432 -0.58252 0.00926 0 -2.77500 18.55000 0.00815 1.90601 11
1.95725 0.12400 0.00926 0 -4.02500 17.30000 0.00815 1.91254 11
-2.64779 -0.73690 0.00926 0 -2.77500 13.82500 0.00815 1.92763 11
1.23056 -0.08439 0.00926 0 -4.50000 11.45000 0.00815 1.94155 11
6.67621 -0.55511 0.00926 0 -3.57500 8.27500 0.00815 1.95465 11
-0.67614 0.46764 0.00926 0 -2.10000 6.67500 0.00815 1.96441 11
0.31416 0.60635 0.00926 0 -2.20000 6.27500 0.00815 1.96727 11
-0.30777 -0.28869 0.00926 0 -1.25000 5.37500 0.00815 1.97622 11
-0.69848 -0.75785 0.00926 0 5.42500 -51.47500 0.00815 -0.13192 11
0.66779 0.43223 0.00926 0 6.85000 -40.40000 0.00815 -0.06180 11
-0.71531 -0.93911 0.00926 0 5.85000 -23.77500 0.00815 0.04898 11
0.53913 0.33633 0.00926 0 7.37500 -14.52500 0.00815 0.11533 11
0.78784 0.65547 0.00926 0 -4.32500 -14.12500 0.00815 0.11794 11
-0.83173 -0.31030 0.00926 0 -4.07500 2.60000 0.00815 0.21027 11
-1.47722 -1.12851 0.00926 0 8.47500 3.42500 0.00815 0.21465 11
1.04237 0.50217 0.00926 0 5.90000 14.95000 0.00815 0.27015 11
-0.99357 -0.41139 0.00926 0 -2.92500 34.87500 0.00815 0.37161 11
0.91745 0.38669 0.00926 0 6.40000 46.05000 0.00815 0.42640 11
-0.61362 -0.16501 0.00926 0 -3.85000 60.47500 0.00815 0.50461 11
-0.59742 -0.49727 0.00926 0 3.02500 -51.82500 0.00815 -0.13357 11
0.45073 0.16261 0.00926 0 6.65000 -41.65000 0.00815 -0.05067 11
-0.49050 -0.34011 0.00926 0 3.45000 -30.32500 0.00815 0.03849 11
0.40884 0.05321 0.00926 0 6.37500 -20.55000 0.00815 0.12392 11
-0.53411 -0.56105 0.00926 0 4.35000 -9.57500 0.00815 0.20934 11
0.46116 0.36945 0.00926 0 3.90000 -2.30000 0.00815 0.26663 11
-0.73011 -0.63694 0.00926 0 2.40000 7.00000 0.00815 0.35632 11
0.85144 0.15827 0.00926 0 1.07500 17.85000 0.00815 0.41745 11
-0.83522 -0.30049 0.00926 0 2.67500 30.82500 0.00815 0.48568 11
0.73943 0.13154 0.00926 0 1.42500 42.12500 0.00815 0.55189 11
-0.74501 -0.20838 0.00926 0 3.15000 53.50000 0.00815 0.61610 11
0.50153 0.03026 0.00926 0 1.95000 63.85000 0.00815 0.68409 11
-0.62334 0.41277 0.00449 0 -3.07500 62.15000 0.00448 3.46454 11
0.38519 -2.85208 0.00449 0 5.80000 62.77500 0.00448 3.50131 11
-0.11942 2.63885 0.00449 0 7.40000 62.65000 0.00448 3.50682 11
-1.01401 0.96025 0.00449 0 -2.75000 61.52500 0.00448 3.51522 11
1.66029 0.13568 0.00449 0 -2.87500 1.57500 0.00448 3.73033 11
-1.49675 -0.13655 0.00449 0 -1.35000 -3.42500 0.00448 3.75011 11
0.71331 -0.30242 0.00449 0 -2.12500 -8.30000 0.00448 3.76813 11
-0.30950 2.06189 0.00449 0 -1.00000 -9.25000 0.00448 3.78062 11
0.69826 0.17906 0.00449 0 -0.32500 -7.90000 0.00448 3.79474 11
-3.01803 2.39577 0.01280 0 4.95000 62.85000 0.00406 0.98219 11
-1.93194 -0.56832 0.00242 0 -0.12500 -54.75000 0.00133 -0.20609 11
2.07666 0.83779 0.00242 0 1.80000 -50.85000 0.00133 -0.19058 11
3.08897 1.12637 0.00242 0 2.10000 -26.50000 0.00133 -0.10480 11
-0.08550 -0.90737 0.00242 0 1.05000 -20.37500 0.00133 -0.06816 11
0.09183 0.93281 0.00242 0 3.17500 -20.22500 0.00133 -0.05986 11
0.88694 -0.35040 0.00242 0 0.70000 -21.30000 0.00133 -0.03859 11
-0.96747 0.34216 0.00242 0 2.62500 -23.57500 0.00133 -0.02673 11
2.58848 -2.94317 0.00242 0 1.97500 -28.37500 0.00133 -0.00759 11
-3.43233 2.42035 0.00242 0 2.07500 -29.75000 0.00133 -0.00306 11
0.89679 0.01143 0.01575 0 1.85000 35.52500 0.01044 1.11459 11
-0.54582 0.17015 0.01575 0 3.60000 34.25000 0.01044 1.12467 11
-0.12246 0.79446 0.01575 0 2.87500 34.12500 0.01044 1.12836 11
0.37163 -0.61720 0.01575 0 3.47500 34.80000 0.01044 1.13888 11
-1.55877 -0.09514 0.02106 0 0.40000 59.70000 0.01384 1.20599 11
2.31851 0.46253 0.02106 0 -4.47500 44.42500 0.01384 1.26212 11
2.86042 -0.83381 0.02106 0 7.52500 43.15000 0.01384 1.26687 11
-2.34829 -0.04229 0.02106 0 -0.15000 28.57500 0.01384 1.31990 11
4.77745 -0.21987 0.02106 0 -4.15000 10.52500 0.01384 1.38483 11
-4.77166 0.42826 0.02106 0 -1.45000 -3.17500 0.01384 1.43211 11
-0.34038 -0.83544 0.00879 0 7.00000 53.32500 0.00850 1.29147 11
0.27184 0.94052 0.00879 0 -2.97500 50.27500 0.00850 1.33081 11
-0.28341 -1.26131 0.00879 0 5.65000 41.77500 0.00850 1.43379 11
0.09742 0.96796 0.00879 0 -1.47500 40.40000 0.00850 1.45982 11
0.02693 -0.82060 0.00879 0 6.97500 40.35000 0.00850 1.55383 11
-0.32533 0.86766 0.00879 0 -2.12500 41.32500 0.00850 1.58930 11
0.16711 -0.53798 0.00879 0 6.77500 46.17500 0.00850 1.67101 11
-0.32458 0.71878 0.00879 0 -2.22500 48.32500 0.00850 1.70766 11
0.19568 -0.86366 0.00879 0 5.60000 53.05000 0.00850 1.78958 11
-0.28557 1.00794 0.00879 0 -1.85000 54.02500 0.00850 1.81774 11
0.38491 -1.05096 0.00879 0 4.52500 61.45000 0.00850 1.89832 11
-0.09897 0.95667 0.00879 0 -2.22500 62.60000 0.00850 1.92366 11
0.15047 -0.97871 0.00879 0 4.72500 64.65000 0.00850 1.99633 11
-0.00832 0.77728 0.00879 0 -2.02500 64.90000 0.00850 2.02167 11
0.04623 -0.48281 0.02009 0 5.65000 63.35000 0.02009 8.30929 -11
0.01794 0.10488 0.02009 0 6.42500 61.05000 0.02009 8.39466 -11
-0.01608 -0.81471 0.02009 0 4.90000 60.35000 0.02009 8.43694 -11
-0.87319 0.07358 0.02009 0 8.10000 56.15000 0.02009 1.03539 -11
-1.04473 0.62250 0.02009 0 -3.57500 55.32500 0.02009 1.03956 -11
1.03739 -0.51179 0.02009 0 1.72500 37.80000 0.02009 1.12574 -11
-0.93977 0.04119 0.02009 0 7.72500 -11.20000 0.02009 1.36639 -11
-0.97431 0.67088 0.02009 0 -4.00000 -11.85000 0.02009 1.36982 -11
0.98467 -0.61553 0.02009 0 1.60000 -27.75000 0.02009 1.45312 -11
-0.48282 0.63274 0.02009 0 0.47500 34.57500 0.02009 2.10721 -11
0.93879 -1.14447 0.02009 0 7.85000 25.32500 0.02009 2.18324 -11
-0.97599 1.01279 0.02009 0 4.92500 -14.32500 0.02009 2.44808 -11
1.28307 -1.47423 0.02009 0 4.15000 -22.72500 0.02009 2.49596 -11
0.03345 -0.12095 0.02009 0 3.50000 62.67500 0.02009 1.37238 -11
-0.08051 -0.01570 0.02009 0 -1.37500 64.40000 0.02009 1.49064 -11
-0.51836 0.38012 0.02009 0 -0.55000 46.95000 0.02009 3.89859 -11
0.55245 -0.24131 0.02009 0 -2.57500 35.22500 0.02009 3.98713 -11
-0.58040 0.53305 0.02009 0 1.32500 5.97500 0.02009 4.22134 -11
0.76134 -0.93252 0.02009 0 7.47500 -5.95000 0.02009 4.29845 -11
-0.56362 0.85012 0.02009 0 0.75000 -37.15000 0.02009 4.54711 -11
0.68294 -1.05396 0.02009 0 4.00000 -44.10000 0.02009 4.60514 -11
0.00991 -0.04070 0.02009 0 3.50000 62.72500 0.02009 1.55884 -11
0.02238 -0.15905 0.02009 0 -0.12500 62.62500 0.02009 1.64085 -11
0.00556 0.10291 0.02009 0 4.95000 62.00000 0.02009 1.79760 -11
-0.04043 -0.39897 0.02009 0 -1.15000 62.27500 0.02009 1.86572 -11
0.04572 0.22468 0.02009 0 5.72500 64.37500 0.02009 2.02442 -11
-0.16893 0.52856 0.02009 0 7.42500 61.50000 0.02009 2.24846 -11
-0.27852 1.47415 0.02009 0 -3.97500 61.32500 0.02009 2.25159 -11
0.21852 -1.56224 0.02009 0 7.07500 60.22500 0.02009 2.29102 -11
-0.15118 0.50322 0.02009 0 8.07500 55.37500 0.02009 2.44974 -11
-0.23855 1.23678 0.02009 0 -3.20000 55.20000 0.02009 2.45378 -11
0.10453 -1.06901 0.02009 0 7.50000 53.60000 0.02009 2.49243 -11
-0.09508 0.45021 0.02009 0 7.05000 49.90000 0.02009 2.63621 -11
-0.00036 -1.08501 0.02009 0 6.77500 49.95000 0.02009 2.67942 -11
-0.06308 0.36076 0.02009 0 6.47500 49.67500 0.02009 2.81622 -11
-0.32198 -1.21072 0.02009 0 6.42500 49.15000 0.02009 2.86075 -11
0.27035 0.43968 0.02009 0 7.22500 57.52500 0.02009 2.99466 -11
0.36232 1.06629 0.02009 0 -4.40000 57.67500 0.02009 2.99696 -11
-0.57898 -1.09364 0.02009 0 5.37500 60.57500 0.02009 3.03356 -11
-0.68168 5.44390 0.02009 0 0.50000 46.12500 0.02009 1.67932 -11
1.67020 -11.08398 0.02009 0 2.40000 45.90000 0.02009 1.68715 -11
-0.13121 1.97041 0.02009 0 -1.77500 37.27500 0.02009 1.83245 -11
0.12923 -1.65932 0.02009 0 5.62500 36.40000 0.02009 1.85848 -11
-0.29419 0.28281 0.02009 0 7.87500 29.40000 0.02009 1.96975 -11
-0.51018 1.26429 0.02009 0 -3.52500 29.07500 0.02009 1.97342 -11
0.40689 -1.18495 0.02009 0 5.82500 25.45000 0.02009 2.01006 -11
-0.41415 3.23419 0.02009 0 -0.92500 18.37500 0.02009 2.13090 -11
-11.90100 21.55849 0.02009 0 0.97500 18.20000 0.02009 2.14329 -11
-0.06595 -0.11065 0.02009 0 -2.47500 62.15000 0.02009 2.54521 -11
0.04849 0.30303 0.02009 0 -2.82500 59.72500 0.02009 2.68959 -11
-0.14444 -0.14471 0.02009 0 -2.35000 50.60000 0.02009 2.91347 -11
0.10862 0.38944 0.02009 0 -3.60000 44.00000 0.02009 3.05682 -11
0.11119 0.03278 0.02009 0 8.22500 43.92500 0.02009 3.05989 -11
-0.09916 -0.13902 0.02009 0 -2.30000 36.37500 0.02009 3.28184 -11
0.08620 0.35805 0.02009 0 -3.85000 33.27500 0.02009 3.42335 -11
0.11723 0.02264 0.02009 0 8.02500 33.20000 0.02009 3.42612 -11
-0.09686 -0.17144 0.02009 0 -1.60000 25.62500 0.02009 3.63833 -11
0.08665 0.32803 0.02009 0 -3.47500 22.30000 0.02009 3.77967 -11
0.08062 -0.03019 0.02009 0 8.37500 22.22500 0.02009 3.78290 -11
-0.04713 -0.17412 0.02009 0 -0.80000 19.07500 0.02009 3.99303 -11
0.04215 0.33133 0.02009 0 -3.82500 18.07500 0.02009 4.12769 -11
0.06062 -0.01477 0.02009 0 8.05000 18.02500 0.02009 4.13048 -11
-0.09827 -0.21318 0.02009 0 -0.25000 12.47500 0.02009 4.33358 -11
0.09275 0.35950 0.02009 0 -3.82500 8.20000 0.02009 4.47024 -11
0.10148 -0.01323 0.02009 0 8.05000 8.12500 0.02009 4.47304 -11
-0.10021 -0.19289 0.02009 0 0.55000 1.85000 0.02009 4.67337 -11
0.10596 0.36766 0.02009 0 -4.45000 -0.90000 0.02009 4.80348 -11
0.12670 0.01916 0.02009 0 7.42500 -0.95000 0.02009 4.80545 -11
-0.14800 -0.22513 0.02009 0 0.87500 -8.95000 0.02009 4.99531 -11
0.03633 -0.04998 0.02009 0 7.15000 -10.37500 0.02009 5.12415 -11
-0.06374 -0.15923 0.02009 0 1.47500 -13.55000 0.02009 5.31575 -11
0.05488 -0.10007 0.02009 0 6.52500 -16.55000 0.02009 5.43666 -11
-0.01010 -0.15002 0.02009 0 1.80000 -20.22500 0.02009 5.63059 -11
-0.07339 -0.07578 0.02009 0 6.52500 -17.90000 0.02009 5.75013 -11
-0.00761 -0.29819 0.02009 0 4.02500 -14.57500 0.02009 5.91586 -11
0.04574 -0.08323 0.02009 0 6.22500 -15.97500 0.02009 6.02873 -11
-0.06543 -0.23616 0.02009 0 4.72500 -19.47500 0.02009 6.19284 -11
0.06794 -0.13574 0.02009 0 6.10000 -21.85000 0.02009 6.30304 -11
-0.09082 -0.15225 0.02009 0 5.30000 -25.77500 0.02009 6.46619 -11
0.05434 -0.23139 0.02009 0 5.07500 -28.55000 0.02009 6.56466 -11
0.04537 -0.06771 0.02009 0 7.15000 -25.55000 0.02009 6.74369 -11
0.02919 -0.33767 0.02009 0 5.60000 -25.42500 0.02009 6.83473 -11
-0.00680 -0.13280 0.02009 0 7.62500 -26.50000 0.02009 7.00631 -11
-0.03376 0.24977 0.02009 0 -4.32500 -26.52500 0.02009 7.00847 -11
-0.05765 -0.24826 0.02009 0 5.85000 -26.07500 0.02009 7.09925 -11
0.04139 -0.28078 0.02009 0 7.92500 -25.20000 0.02009 7.25257 -11
0.04473 0.18597 0.02009 0 -4.07500 -25.17500 0.02009 7.25508 -11
-0.07740 -0.24250 0.02009 0 5.47500 -22.87500 0.02009 7.34498 -11
-0.05783 -0.26714 0.02009 0 8.07500 -21.40000 0.02009 7.49391 -11
-0.00279 0.24160 0.02009 0 -3.92500 -21.42500 0.02009 7.49661 -11
0.08378 -0.18617 0.02009 0 4.92500 -22.90000 0.02009 7.58238 -11
-0.00723 -0.42864 0.02009 0 7.62500 -24.00000 0.02009 7.72272 -11
-0.01074 0.04652 0.02009 0 -4.47500 -24.00000 0.02009 7.72479 -11
-0.10093 -0.13725 0.02009 0 5.02500 -22.32500 0.02009 7.82028 -11
0.28714 0.22927 0.02009 0 -3.42500 -16.30000 0.02009 7.95669 -11
-0.28925 -0.23821 0.02009 0 3.60000 -9.05000 0.02009 8.03858 -11
0.29684 -0.33041 0.02009 0 8.20000 -0.17500 0.02009 8.17240 -11
0.32258 0.17319 0.02009 0 -3.87500 0.07500 0.02009 8.17536 -11
-0.31282 -0.18125 0.02009 0 3.30000 6.72500 0.02009 8.25976 -11
0.25048 -0.42528 0.02009 0 8.27500 16.62500 0.02009 8.38426 -11
0.23098 0.12999 0.02009 0 -3.82500 16.82500 0.02009 8.38725 -11
-0.24687 -0.09129 0.02009 0 3.22500 21.40000 0.02009 8.47138 -11
0.34008 0.07148 0.02009 0 -3.12500 31.60000 0.02009 8.58913 -11
-0.25383 -0.00526 0.02009 0 3.40000 38.72500 0.02009 8.67731 -11
0.24188 -0.01355 0.02009 0 -3.15000 45.82500 0.02009 8.78555 -11
-0.22818 0.02552 0.02009 0 2.70000 53.27500 0.02009 8.87278 -11
0.26144 -0.15961 0.02009 0 -0.32500 59.72500 0.02009 8.96181 -11
-0.03695 0.23524 0.02009 0 2.50000 62.67500 0.02009 9.03746 -11
0.01540 -0.26844 0.02009 0 -0.50000 63.77500 0.02009 9.11317 -11
-0.32350 0.11969 0.02009 0 2.07500 62.20000 0.02009 9.25866 -11
0.32562 -0.01551 0.02009 0 -0.57500 57.10000 0.02009 9.30363 -11
-0.78960 0.07311 0.02009 0 1.65000 51.37500 0.02009 9.36414 -11
1.46944 -0.04612 0.02009 0 -3.00000 42.60000 0.02009 9.40870 -11
-1.08275 0.42484 0.02009 0 4.40000 33.50000 0.02009 9.45380 -11
0.97123 -0.55911 0.02009 0 5.67500 31.47500 0.02009 9.46215 -11
-0.97912 0.81106 0.02009 0 1.77500 24.02500 0.02009 9.50395 -11
0.64727 -0.91778 0.02009 0 4.00000 22.92500 0.02009 9.51308 -11
-0.62318 1.02229 0.02009 0 2.37500 10.87500 0.02009 9.58715 -11
-0.90190 -0.80378 0.02009 0 4.22500 11.32500 0.02009 9.59422 -11
0.06492 0.69356 0.02009 0 2.90000 13.32500 0.02009 9.61468 -11
-0.14686 -0.03076 0.02009 0 5.42500 12.82500 0.02009 9.62608 -11
0.41167 -0.41673 0.02009 0 3.17500 13.82500 0.02009 9.63722 -11
0.35295 -0.14022 0.02009 0 5.57500 13.90000 0.02009 9.65159 -11
-0.40449 0.18120 0.02009 0 3.50000 12.27500 0.02009 9.66637 -11
-0.27925 -0.03230 0.02009 0 5.17500 11.77500 0.02009 9.67396 -11
0.54504 -0.04911 0.02009 0 3.32500 13.00000 0.02009 9.68601 -11
0.71132 -0.07578 0.02009 0 3.32500 13.00000 0.02009 9.68602 -11
-0.74147 0.66984 0.02009 0 2.90000 13.67500 0.02009 9.68946 -11
0.43977 -0.69261 0.02009 0 1.85000 14.15000 0.02009 9.69491 -11
-0.03393 -0.36187 0.02009 0 7.00000 64.05000 0.02009 2.94743 -11
0.09414 -0.06444 0.02009 0 4.90000 61.27500 0.02009 3.08181 -11
-0.13107 -0.11428 0.02009 0 0.27500 56.35000 0.02009 3.29542 -11
0.22706 0.22629 0.02009 0 -2.42500 49.10000 0.02009 3.43053 -11
-0.18342 -0.15807 0.02009 0 0.92500 33.85000 0.02009 3.65703 -11
0.19649 0.23288 0.02009 0 -2.42500 26.00000 0.02009 3.79109 -11
-0.20447 -0.17318 0.02009 0 1.47500 13.00000 0.02009 4.01200 -11
-0.20260 -0.17092 0.02009 0 1.47500 13.00000 0.02009 4.01202 -11
0.23774 0.21639 0.02009 0 -2.57500 4.00000 0.02009 4.14553 -11
-0.26259 -0.18380 0.02009 0 2.37500 -12.22500 0.02009 4.36429 -11
0.27847 0.17519 0.02009 0 -2.70000 -21.20000 0.02009 4.49218 -11
-0.23001 -0.21579 0.02009 0 2.92500 -35.92500 0.02009 4.70390 -11
0.20048 0.18541 0.02009 0 -2.37500 -43.40000 0.02009 4.83097 -11
-0.21712 -0.19557 0.02009 0 3.75000 -56.37500 0.02009 5.04210 -11
0.25545 0.18995 0.02009 0 -2.85000 -64.85000 0.02009 5.16352 -11
1.28938 -0.02000 0.00177 0 3.92500 -13.57500 0.00070 0.50393 11
-0.92115 0.06473 0.00177 0 6.50000 -16.72500 0.00070 0.52133 11
1.07525 0.14052 0.00177 0 5.87500 -19.25000 0.00070 0.53088 11
-0.97432 0.12366 0.00177 0 7.90000 -22.40000 0.00070 0.54775 11
-0.54581 0.24039 0.00177 0 -3.87500 -22.90000 0.00070 0.55116 11
0.83025 1.06225 0.00177 0 -3.97500 -18.70000 0.00070 0.58454 11
0.22945 -0.62661 0.00177 0 6.02500 -17.17500 0.00070 0.61382 11
-0.82333 0.35311 0.00177 0 7.27500 -18.62500 0.00070 0.62269 11
-0.12786 0.47943 0.00177 0 6.12500 -19.97500 0.00070 0.63411 11
-0.20042 -0.46990 0.00177 0 7.12500 -19.92500 0.00070 0.64537 11
-0.63686 -0.66658 0.01262 0 6.32500 63.32500 0.01262 1.12698 -11
0.42557 0.24648 0.01262 0 5.92500 51.52500 0.01262 1.21038 -11
-0.81568 -0.80270 0.01262 0 6.60000 43.25000 0.01262 1.26919 -11
1.15448 0.48347 0.01262 0 4.27500 28.15000 0.01262 1.35314 -11
-1.39718 -1.20336 0.01262 0 7.27500 17.37500 0.01262 1.40544 -11
0.84827 0.31487 0.01262 0 4.00000 4.10000 0.01262 1.48333 -11
-1.33892 -1.96332 0.01262 0 8.15000 -3.70000 0.01262 1.52579 -11
0.41724 0.60910 0.01262 0 4.12500 -11.50000 0.01262 1.60228 -11
-0.43875 -0.75271 0.01262 0 -4.02500 -14.75000 0.01262 1.63620 -11
0.37532 0.69036 0.01262 0 3.70000 -20.42500 0.01262 1.71331 -11
-2.40803 -0.54553 0.01262 0 6.60000 -29.02500 0.01262 1.76371 -11
1.82817 -0.01014 0.01262 0 -2.32500 -41.65000 0.01262 1.80931 -11
-1.68662 -0.39364 0.01262 0 5.40000 -52.70000 0.01262 1.85288 -11
1.93609 0.01834 0.01262 0 5.32500 -53.57500 0.01262 1.85608 -11
-1.91005 -0.14412 0.01262 0 2.10000 -64.60000 0.01262 1.89716 -11
1.87117 -0.78498 0.00139 0 3.47500 18.72500 0.00097 1.17810 11
2.83781 -1.19191 0.00139 0 3.85000 18.10000 0.00097 1.18099 11
-0.48599 0.15104 0.00139 0 5.27500 16.02500 0.00097 1.19030 11
-0.21075 -0.20022 0.00139 0 5.17500 15.92500 0.00097 1.19441 11
-0.37477 0.43328 0.02274 0 5.22500 64.75000 0.01741 1.25525 11
0.47629 -0.54479 0.02274 0 0.57500 59.32500 0.01741 1.29376 11
-0.52455 0.66826 0.02274 0 4.95000 57.22500 0.01741 1.31285 11
0.51169 -0.29918 0.02274 0 0.27500 53.30000 0.01741 1.34678 11
-0.43470 0.34017 0.02274 0 4.80000 50.50000 0.01741 1.36914 11
0.62812 -0.73047 0.02274 0 0.75000 46.22500 0.01741 1.40650 11
-0.66468 0.62987 0.02274 0 4.20000 44.12500 0.01741 1.42174 11
0.64391 -0.68722 0.02274 0 0.30000 39.55000 0.01741 1.45533 11
-0.67447 0.74220 0.02274 0 3.92500 37.27500 0.01741 1.47199 11
1.57313 -0.29500 0.02274 0 0.65000 31.95000 0.01741 1.50483 11
-2.46937 0.41140 0.02274 0 2.60000 26.50000 0.01741 1.52566 11
0.77033 -0.65840 0.02274 0 0.30000 20.55000 0.01741 1.55233 11
-0.75980 0.97660 0.02274 0 2.85000 18.85000 0.01741 1.56415 11
-0.30023 -0.89519 0.02274 0 1.30000 16.15000 0.01741 1.59596 11
0.13323 0.31383 0.02274 0 4.22500 16.80000 0.01741 1.60908 11
-0.18995 -0.77292 0.02274 0 1.32500 16.72500 0.01741 1.62898 11
0.19541 0.92520 0.02274 0 3.32500 17.15000 0.01741 1.63697 11
1.82685 -0.65634 0.02274 0 1.35000 13.97500 0.01741 1.65884 11
-3.99898 2.31951 0.02274 0 2.05000 12.65000 0.01741 1.66419 11
0.96512 -0.25566 0.00816 0 0.22500 58.77500 0.00794 1.51283 11
-1.16816 -0.02017 0.00816 0 6.10000 50.00000 0.00794 1.55381 11
0.93775 0.34058 0.00816 0 -0.10000 41.85000 0.00794 1.59308 11
-1.35531 -0.43728 0.00816 0 3.22500 28.12500 0.00794 1.64790 11
1.05675 1.26950 0.00816 0 -0.57500 22.12500 0.00794 1.67289 11
-0.76527 -0.91415 0.00816 0 4.37500 13.85000 0.00794 1.73594 11
1.56812 2.51404 0.00816 0 0.40000 10.85000 0.00794 1.75381 11
-1.54588 -1.51996 0.00816 0 3.75000 -9.95000 0.00794 1.89047 11
2.47609 1.02326 0.00816 0 2.05000 -12.02500 0.00794 1.89997 11
-3.21789 -1.47963 0.00816 0 3.50000 -22.30000 0.00794 1.93942 11
0.55984 1.69175 0.00816 0 1.80000 -23.42500 0.00794 1.94666 11
-0.06462 -0.70202 0.00816 0 3.90000 -23.80000 0.00794 1.97632 11
0.66071 1.01280 0.00816 0 1.47500 -24.35000 0.00794 1.98606 11
0.49726 -0.25238 0.00816 0 -4.32500 63.25000 0.00794 1.91443 11
0.55497 -0.97292 0.00816 0 8.12500 62.85000 0.00794 1.91765 11
-0.15011 0.21690 0.00816 0 5.27500 60.90000 0.00794 1.96011 11
0.32341 -0.00308 0.00816 0 -3.65000 56.80000 0.00794 2.01933 11
-0.44875 0.07775 0.00816 0 4.15000 51.97500 0.00794 2.06324 11
0.34008 -0.07272 0.00816 0 -4.27500 47.40000 0.00794 2.11141 11
0.27980 -0.95563 0.00816 0 8.02500 47.12500 0.00794 2.11426 11
-0.12515 0.19362 0.00816 0 4.47500 44.97500 0.00794 2.15536 11
0.15815 -0.26028 0.00816 0 -3.35000 41.30000 0.00794 2.20477 11
-0.81910 0.32944 0.00816 0 4.35000 37.37500 0.00794 2.24196 11
0.87275 -0.03129 0.00816 0 -1.05000 28.05000 0.00794 2.28822 11
-0.73979 0.11066 0.00816 0 3.32500 22.15000 0.00794 2.31935 11
1.11769 -0.57136 0.00816 0 -0.30000 12.60000 0.00794 2.35922 11
-1.17232 0.35960 0.00816 0 3.62500 7.60000 0.00794 2.38277 11
0.91319 0.36097 0.00816 0 -1.00000 1.90000 0.00794 2.41297 11
-0.79249 -0.58141 0.00816 0 3.55000 -4.67500 0.00794 2.45265 11
1.62338 1.87262 0.00816 0 0.75000 -6.55000 0.00794 2.46498 11
-0.93784 -1.90355 0.00816 0 3.10000 -17.70000 0.00794 2.56667 11
-1.24440 4.38776 0.00816 0 1.10000 -18.37500 0.00794 2.57422 11
0.47678 -0.60355 0.00816 0 7.52500 61.77500 0.00794 0.87116 11
0.01633 -0.30320 0.00816 0 -3.47500 61.22500 0.00794 0.88502 11
-0.13119 0.36563 0.00816 0 3.57500 61.15000 0.00794 0.90506 11
0.42207 -1.16654 0.00816 0 8.02500 63.47500 0.00794 0.94307 11
-0.42597 0.83161 0.00816 0 4.75000 64.50000 0.00794 0.95566 11
0.10826 -0.43631 0.00816 0 0.32500 64.52500 0.00794 1.10785 11
-0.41001 0.48532 0.00816 0 0.57500 61.80000 0.00794 1.16308 11
0.54716 -0.51005 0.00816 0 0.62500 55.32500 0.00794 1.24071 11
-0.46315 0.60111 0.00816 0 0.35000 48.70000 0.00794 1.29576 11
0.56075 -0.56558 0.00816 0 1.87500 39.40000 0.00794 1.37334 11
-0.38118 0.35959 0.00816 0 0.90000 32.05000 0.00794 1.42965 11
0.57394 -0.29850 0.00816 0 2.30000 25.37500 0.00794 1.49229 11
-0.40938 -0.64204 0.00816 0 7.35000 20.42500 0.00794 1.52598 11
-0.06822 0.65490 0.00816 0 5.37500 18.67500 0.00794 1.53682 11
0.09495 -0.58218 0.00816 0 7.52500 18.87500 0.00794 1.55599 11
-0.38708 2.25174 0.00816 0 5.75000 19.10000 0.00794 1.56312 11
0.18452 -2.70013 0.00816 0 6.25000 17.75000 0.00794 1.58502 11
-0.05604 -0.60586 0.00816 0 4.47500 18.77500 0.00794 1.59562 11
-0.26559 0.97763 0.00816 0 5.50000 18.50000 0.00794 1.60223 11
-1.32058 -2.36047 0.00167 0 5.42500 20.77500 0.00135 1.52292 11
3.05783 0.36001 0.00167 0 5.07500 20.40000 0.00135 1.52478 11
-2.84382 0.70998 0.00167 0 5.85000 17.45000 0.00135 1.53577 11
0.57736 1.41514 0.00167 0 5.80000 16.95000 0.00135 1.53791 11
-0.77410 -0.83159 0.00167 0 7.22500 14.80000 0.00135 1.55670 11
-0.22557 0.15481 0.00167 0 5.57500 12.32500 0.00135 1.57221 11
-0.09922 -0.15612 0.00167 0 6.90000 12.60000 0.00135 1.58226 11
0.05132 0.32391 0.00167 0 5.87500 11.62500 0.00135 1.59291 11
0.85661 1.12082 0.00167 0 6.20000 11.82500 0.00135 1.59646 11
0.74663 -1.64046 0.00235 0 2.32500 25.37500 0.00220 1.49244 11
-0.82707 1.71544 0.00235 0 4.27500 24.57500 0.00220 1.49998 11
-1.28818 -2.60192 0.00235 0 2.47500 25.70000 0.00220 1.53872 11
2.02806 4.16162 0.00235 0 3.77500 26.30000 0.00220 1.54373 11
-0.10088 -0.82414 0.00235 0 1.07500 27.10000 0.00220 1.57164 11
0.17673 0.82388 0.00235 0 3.82500 27.62500 0.00220 1.58281 11
-0.04927 -0.88745 0.00235 0 1.37500 28.75000 0.00220 1.60888 11
-0.06175 0.74664 0.00235 0 3.80000 28.82500 0.00220 1.61855 11
0.21221 -0.56785 0.00235 0 1.80000 27.22500 0.00220 1.64350 11
-0.36389 0.60499 0.00235 0 4.02500 26.42500 0.00220 1.65306 11
0.23411 -0.31772 0.00235 0 1.67500 24.25000 0.00220 1.67099 11
-0.30670 0.38342 0.00235 0 4.05000 23.40000 0.00220 1.68233 11
0.35420 -0.28622 0.00235 0 1.82500 21.52500 0.00220 1.69772 11
-0.20715 0.73626 0.00235 0 3.90000 20.92500 0.00220 1.70731 11
0.00234 -0.12108 0.00235 0 1.87500 21.27500 0.00220 1.72401 11
0.07072 -0.17255 0.00235 0 3.95000 20.97500 0.00220 1.73594 11
-0.96218 -0.82540 0.00235 0 4.05000 21.35000 0.00220 1.73787 11
0.79672 0.52219 0.00235 0 4.95000 21.05000 0.00220 1.74941 11
1.17216 -1.76869 0.00816 0 5.52500 62.45000 0.00794 0.55443 11
-0.76897 0.80820 0.00816 0 0.55000 58.10000 0.00794 0.58484 11
1.55398 -1.37896 0.00816 0 5.07500 46.50000 0.00794 0.65324 11
-1.35824 0.71869 0.00816 0 -1.07500 39.40000 0.00794 0.68642 11
-2.26901 1.42297 0.00816 0 -1.15000 15.37500 0.00794 0.78781 11
2.07076 -1.90597 0.00816 0 -3.02500 -6.07500 0.00794 0.87153 11
-2.95905 2.28345 0.00816 0 -0.60000 -8.90000 0.00794 0.88427 11
-5.43836 1.84152 0.00816 0 -3.90000 -25.05000 0.00794 0.95406 11
2.60943 -0.13820 0.00816 0 4.75000 -34.80000 0.00794 0.99287 11
-1.69538 0.09012 0.00816 0 6.97500 -42.90000 0.00794 1.02236 11
1.05227 -0.20752 0.00816 0 2.95000 -50.12500 0.00794 1.05628 11
-1.00793 0.28491 0.00816 0 6.87500 -55.70000 0.00794 1.08287 11
1.17622 -0.66080 0.00816 0 3.15000 -63.15000 0.00794 1.12033 11
-0.64134 -0.59049 0.00816 0 1.47500 -62.35000 0.00794 1.16638 11
0.74057 0.67888 0.00816 0 5.15000 -59.97500 0.00794 1.18327 11
-0.94883 -0.17184 0.00816 0 1.95000 -53.27500 0.00794 1.21689 11
1.24384 0.16519 0.00816 0 5.20000 -48.30000 0.00794 1.24030 11
-1.81430 0.62156 0.00816 0 3.32500 -42.70000 0.00794 1.26171 11
1.71038 -0.14683 0.00816 0 5.42500 -35.25000 0.00794 1.29186 11
0.02337 0.31158 0.00816 0 4.80000 -28.32500 0.00794 1.31623 11
-0.16990 -0.60888 0.00816 0 -3.67500 -28.17500 0.00794 1.34738 11
0.27277 0.25744 0.00816 0 5.05000 -28.97500 0.00794 1.36191 11
-0.14823 -0.16777 0.00816 0 8.25000 -30.22500 0.00794 1.38181 11
-0.41390 -0.09772 0.00816 0 -3.77500 -30.50000 0.00794 1.38504 11
1.13916 -0.07171 0.00816 0 5.55000 -32.42500 0.00794 1.39953 11
-1.12584 -0.11738 0.00816 0 7.45000 -36.02500 0.00794 1.41614 11
0.05847 -1.35579 0.00816 0 4.95000 -35.00000 0.00794 1.44775 11
0.48813 1.39814 0.00816 0 6.07500 -34.95000 0.00794 1.45198 11
-1.50025 0.41263 0.00816 0 6.40000 -34.50000 0.00794 1.45438 11
1.33308 0.04087 0.00816 0 7.70000 -30.47500 0.00794 1.46983 11
0.12796 2.29111 0.00816 0 7.37500 -29.02500 0.00794 1.48096 11
-0.62179 -1.48665 0.00816 0 8.07500 -32.32500 0.00794 1.53454 11
5.81272 -4.56930 0.00816 0 8.30000 -32.37500 0.00794 1.54131 11
-0.00194 -0.57029 0.00816 0 -4.32500 -24.07500 0.00794 0.94903 11
-0.19901 0.21278 0.00816 0 -3.17500 -23.82500 0.00794 0.95400 11
3.33639 -1.07124 0.00816 0 -3.30000 -23.90000 0.00794 0.95565 11
0.69659 -1.47782 0.00816 0 1.92500 61.57500 0.00794 0.57760 11
-0.70265 1.75904 0.00816 0 8.22500 59.07500 0.00794 0.60137 11
-0.57738 1.50459 0.00816 0 -1.52500 58.20000 0.00794 0.61048 11
0.55363 -2.04056 0.00816 0 2.05000 49.37500 0.00794 0.70573 11
-0.65329 2.24802 0.00816 0 6.70000 48.22500 0.00794 0.72224 11
-0.67475 3.43014 0.00816 0 -4.00000 47.90000 0.00794 0.72707 11
0.02101 -2.10451 0.00816 0 1.55000 47.45000 0.00794 0.82407 11
-0.01685 2.06500 0.00816 0 6.17500 47.42500 0.00794 0.84006 11
0.05156 -4.30096 0.00816 0 1.27500 45.25000 0.00794 0.93880 11
0.69655 15.47167 0.00816 0 2.57500 45.30000 0.00794 0.94350 11
-1.07642 -2.31268 0.00816 0 0.75000 54.90000 0.00794 1.04081 11
0.99960 2.28144 0.00816 0 4.52500 56.62500 0.00794 1.05511 11
2.22713 -0.08805 0.01882 0 -0.05000 54.80000 0.00343 0.92869 11
-2.30875 -0.10252 0.01882 0 2.82500 44.07500 0.00343 0.96784 11
1.51637 0.51545 0.01882 0 -1.05000 35.07500 0.00343 1.00367 11
-2.30519 -1.43283 0.01882 0 1.15000 22.30000 0.00343 1.05435 11
2.92843 0.70207 0.01882 0 -1.32500 18.25000 0.00343 1.07105 11
-3.12873 -1.17952 0.01882 0 0.72500 7.82500 0.00343 1.11090 11
3.27319 2.36645 0.01882 0 0.32500 7.00000 0.00343 1.11419 11
-0.97729 -1.15208 0.01882 0 2.07500 -0.42500 0.00343 1.15369 11
0.45665 0.86320 0.01882 0 1.12500 -0.87500 0.00343 1.15742 11
-0.84866 1.93202 0.01882 0 1.05000 -0.85000 0.00343 1.15762 11
0.51900 -1.25385 0.01882 0 2.00000 1.25000 0.00343 1.17467 11
43.87698 32.51324 0.00210 0 5.62500 64.67500 0.00207 1.40266 -11
0.66602 0.13895 0.01061 0 4.55000 62.57500 0.01006 0.83122 11
-0.79213 -0.48031 0.01061 0 6.27500 40.82500 0.01006 0.95892 11
0.67745 0.02761 0.01061 0 4.50000 28.95000 0.01006 1.02869 11
-0.80262 -0.36709 0.01061 0 6.50000 9.70000 0.01006 1.14401 11
0.74644 -0.01004 0.01061 0 5.52500 -2.22500 0.01006 1.21163 11
-1.01003 -0.43129 0.01061 0 5.45000 -25.75000 0.01006 1.33529 11
0.87170 0.05580 0.01061 0 6.57500 -39.07500 0.01006 1.39886 11
-0.89247 -0.58833 0.01061 0 6.57500 -59.25000 0.01006 1.51319 11
-0.86199 -0.28791 0.01061 0 6.27500 40.82500 0.01006 0.95892 11
0.51224 0.48424 0.01061 0 6.27500 40.82500 0.01006 0.95892 11
-0.51063 -0.38188 0.01061 0 7.70000 54.00000 0.01006 0.95606 11
0.38787 0.15057 0.01061 0 4.65000 46.95000 0.01006 1.02118 11
-0.36595 -0.44029 0.01061 0 7.15000 33.32500 0.01006 1.14281 11
0.28440 0.14393 0.01061 0 4.57500 27.95000 0.01006 1.20416 11
-0.34221 -0.42583 0.01061 0 7.25000 16.57500 0.01006 1.32013 11
0.23197 0.15716 0.01061 0 4.45000 11.82500 0.01006 1.38308 11
-0.30872 -0.61454 0.01061 0 6.25000 3.75000 0.01006 1.50045 11
0.23883 0.08735 0.01061 0 4.72500 -0.15000 0.01006 1.55587 11
-0.14004 -0.31874 0.01061 0 7.65000 -3.97500 0.01006 1.65603 11
0.12690 -0.03372 0.01061 0 4.75000 -6.97500 0.01006 1.72110 11
-0.04310 -0.21420 0.01061 0 7.75000 -10.25000 0.01006 1.81848 11
-0.03788 0.03736 0.01061 0 -4.30000 -10.27500 0.01006 1.82072 11
-0.08279 -0.10796 0.01061 0 5.22500 -10.00000 0.01006 1.88185 11
0.12894 -0.48413 0.01061 0 7.45000 -6.92500 0.01006 1.97681 11
-0.09716 -0.01017 0.01061 0 5.92500 -4.70000 0.01006 2.03413 11
0.03015 -0.23155 0.01061 0 7.85000 -4.55000 0.01006 2.12364 11
0.02638 0.12377 0.01061 0 -4.17500 -4.52500 0.01006 2.12604 11
-0.04266 -0.12022 0.01061 0 5.85000 -4.22500 0.01006 2.18959 11
-0.08263 -0.41669 0.01061 0 6.97500 -4.80000 0.01006 2.28025 11
0.17712 0.08648 0.01061 0 6.50000 -7.12500 0.01006 2.33385 11
-0.48899 -0.49234 0.01061 0 6.15000 -14.90000 0.01006 2.42384 11
0.53847 0.73146 0.01061 0 -3.82500 -20.40000 0.01006 2.46736 11
0.46288 0.22841 0.01061 0 7.87500 -20.77500 0.01006 2.47045 11
-0.67019 -0.95601 0.01061 0 4.95000 -31.77500 0.01006 2.56645 11
0.60691 0.44049 0.01061 0 -3.82500 -36.77500 0.01006 2.60412 11
0.47663 -0.21253 0.01061 0 8.05000 -37.25000 0.01006 2.60731 11
-0.68424 -0.28879 0.01061 0 5.27500 -48.92500 0.01006 2.67764 11
0.71370 0.31940 0.01061 0 -3.80000 -58.32500 0.01006 2.73034 11
0.71368 -0.24368 0.01061 0 8.17500 -58.90000 0.01006 2.73376 11
-0.35995 -0.24085 0.01061 0 0.70000 56.32500 0.01006 0.96687 11
0.39106 0.28854 0.01061 0 -3.15000 50.17500 0.01006 1.03464 11
-0.29667 -0.13304 0.01061 0 0.45000 37.62500 0.01006 1.15338 11
0.22386 0.15446 0.01061 0 -3.72500 31.45000 0.01006 1.22543 11
0.20165 -0.33800 0.01061 0 8.35000 31.27500 0.01006 1.22852 11
-0.17451 -0.09216 0.01061 0 0.70000 26.17500 0.01006 1.33367 11
-0.00331 0.24188 0.01061 0 -3.75000 22.42500 0.01006 1.40858 11
-0.05486 -0.21242 0.01061 0 8.25000 22.42500 0.01006 1.41151 11
0.13127 -0.23984 0.01061 0 -0.70000 26.25000 0.01006 1.52355 11
0.02523 0.39288 0.01061 0 -2.77500 27.10000 0.01006 1.57877 11
-0.05894 -0.42076 0.01061 0 -0.97500 26.20000 0.01006 1.69483 11
-0.01954 0.59019 0.01061 0 -1.70000 25.65000 0.01006 1.74295 11
-0.06993 -0.40279 0.01061 0 -0.95000 24.02500 0.01006 1.85732 11
-0.03497 0.53820 0.01061 0 -1.05000 22.50000 0.01006 1.90324 11
-0.00331 -0.52194 0.01061 0 -1.02500 22.85000 0.01006 2.01657 11
-0.09708 0.64945 0.01061 0 -0.57500 23.30000 0.01006 2.05964 11
0.17854 -0.63210 0.01061 0 -1.95000 27.62500 0.01006 2.17451 11
-0.17934 0.60089 0.01061 0 -1.65000 29.22500 0.01006 2.21926 11
0.09470 -0.31570 0.01061 0 -2.10000 34.00000 0.01006 2.32391 11
-0.01491 0.43833 0.01061 0 -2.12500 34.05000 0.01006 2.37118 11
-0.02814 -0.25058 0.01061 0 -2.40000 33.05000 0.01006 2.46893 11
-0.00398 0.50850 0.01061 0 -1.37500 33.90000 0.01006 2.51105 11
0.06431 -0.18955 0.01061 0 -1.87500 33.70000 0.01006 2.60649 11
-0.22416 0.46838 0.01061 0 -1.15000 35.45000 0.01006 2.65186 11
0.42289 -0.20776 0.01061 0 -2.95000 42.75000 0.01006 2.73450 11
-0.28470 0.45240 0.01061 0 -1.12500 45.85000 0.01006 2.77677 11
0.26516 -0.22302 0.01061 0 -3.22500 51.92500 0.01006 2.85417 11
-0.26382 0.33909 0.01061 0 -1.37500 54.85000 0.01006 2.89727 11
0.52865 -0.31894 0.01061 0 8.32500 62.37500 0.01006 2.97020 11
0.53805 0.00482 0.01061 0 -3.75000 62.87500 0.01006 2.97361 11
-0.67878 -0.36717 0.01061 0 -0.85000 43.87500 0.01006 0.96209 11
0.55716 0.50234 0.01061 0 -2.57500 35.65000 0.01006 1.02186 11
-0.58620 -0.19357 0.01061 0 -0.87500 16.95000 0.01006 1.14543 11
0.65971 0.20054 0.01061 0 -3.27500 6.37500 0.01006 1.21555 11
-0.51664 -0.01256 0.01061 0 -0.25000 -8.55000 0.01006 1.32450 11
0.59652 0.23508 0.01061 0 -2.67500 -18.92500 0.01006 1.39559 11
-0.62713 -0.24761 0.01061 0 -1.57500 -36.67500 0.01006 1.50793 11
0.63250 0.22785 0.01061 0 -2.77500 -47.12500 0.01006 1.57356 11
-0.71331 -0.24753 0.01061 0 -2.17500 -64.25000 0.01006 1.67955 11
-0.32061 -0.08508 0.01061 0 0.12500 53.80000 0.01006 0.96662 11
0.37808 -0.32449 0.01061 0 7.27500 46.12500 0.01006 1.04683 11
-0.41694 0.00404 0.01061 0 -0.05000 34.30000 0.01006 1.15698 11
0.40150 0.15129 0.01061 0 -4.10000 25.80000 0.01006 1.23237 11
0.36504 -0.29486 0.01061 0 7.95000 25.52500 0.01006 1.23505 11
-0.52063 -0.12578 0.01061 0 -0.55000 13.35000 0.01006 1.34590 11
0.63724 0.32324 0.01061 0 -3.25000 3.77500 0.01006 1.41581 11
-0.56276 -0.05833 0.01061 0 -1.87500 -14.72500 0.01006 1.52778 11
0.63666 0.05007 0.01061 0 -2.50000 -23.22500 0.01006 1.59054 11
-0.41394 0.35341 0.01061 0 -2.47500 -34.40000 0.01006 1.66392 11
0.31786 -0.01143 0.01061 0 -3.02500 -40.65000 0.01006 1.73208 11
-0.29103 0.17688 0.01061 0 -2.42500 -46.22500 0.01006 1.80432 11
0.44299 -0.07363 0.01061 0 -2.47500 -51.72500 0.01006 1.86563 11
-0.61683 0.16190 0.01061 0 8.22500 -61.15000 0.01006 1.92765 11
-0.67001 0.27987 0.01061 0 -3.60000 -61.75000 0.01006 1.93135 11
