-0.22550 0.79514 0.00282 0 -3.32500 45.85000 0.00080 1.22560 11
0.25496 -0.68573 0.00282 0 -1.00000 46.60000 0.00080 1.24607 11
3.44201 9.61996 0.00282 0 -2.82500 46.55000 0.00080 1.25311 11
-4.62610 8.84487 0.00282 0 -2.82500 58.82500 0.00080 1.37858 11
2.16026 -1.04781 0.00282 0 -2.35000 59.90000 0.00080 1.39241 11
-2.19781 0.17938 0.00282 0 -2.30000 60.22500 0.00080 1.39403 11
0.28990 -0.80904 0.00282 0 -1.67500 60.95000 0.00080 1.40469 11
0.38983 -0.29804 0.00282 0 4.10000 64.17500 0.00080 1.12849 11
-0.28718 0.30843 0.00282 0 8.30000 62.35000 0.00080 1.14908 11
-0.39724 0.13387 0.00282 0 -3.45000 62.05000 0.00080 1.15260 11
0.53410 -0.01043 0.00282 0 4.90000 58.35000 0.00080 1.17516 11
-0.55390 -0.12534 0.00282 0 -3.45000 54.92500 0.00080 1.20193 11
1.03463 0.02687 0.00282 0 5.20000 52.22500 0.00080 1.21965 11
-1.08005 0.18650 0.00282 0 7.92500 47.82500 0.00080 1.24059 11
-1.14329 0.22479 0.00282 0 -3.80000 46.85000 0.00080 1.24503 11
1.64327 -3.24859 0.00282 0 5.42500 42.80000 0.00080 1.27081 11
-1.94873 3.68542 0.00282 0 5.65000 42.72500 0.00080 1.27161 11
-0.43538 -0.96535 0.00282 0 3.00000 42.32500 0.00080 1.29323 11
0.60115 1.03136 0.00282 0 4.62500 42.92500 0.00080 1.29970 11
-0.46545 -0.85263 0.00282 0 2.45000 58.07500 0.00080 1.11385 11
0.98355 1.20441 0.00282 0 -0.70000 56.60000 0.00080 1.12726 11
0.89132 -1.33885 0.00282 0 4.70000 64.97500 0.00080 1.14434 11
-1.27553 1.35404 0.00282 0 6.65000 63.77500 0.00080 1.15256 11
1.13948 -1.25526 0.00282 0 5.02500 57.00000 0.00080 1.19024 11
-0.98224 1.09582 0.00282 0 7.32500 55.12500 0.00080 1.20107 11
1.78874 -0.20862 0.00282 0 -3.90000 56.62500 0.00080 1.20859 11
-0.23315 -0.35892 0.00282 0 6.50000 58.12500 0.00080 1.21882 11
-0.17626 0.24729 0.00282 0 8.17500 58.37500 0.00080 1.22770 11
-0.36322 0.14429 0.00282 0 -3.20000 57.92500 0.00080 1.23290 11
0.33969 -0.57204 0.00282 0 6.37500 51.82500 0.00080 1.21825 11
-0.40941 0.42030 0.00282 0 7.87500 50.87500 0.00080 1.22691 11
-0.80322 0.40989 0.00282 0 7.82500 50.95000 0.00080 1.22772 11
0.45086 0.07521 0.00282 0 8.15000 52.35000 0.00080 1.24939 11
-0.00422 4.46367 0.00186 0 5.32500 10.12500 0.00059 1.11482 11
0.58204 -0.22126 0.00186 0 6.57500 11.27500 0.00059 1.13570 11
-0.58784 -0.43496 0.00186 0 4.55000 12.77500 0.00059 1.15203 11
0.68357 0.35092 0.00186 0 6.35000 14.02500 0.00059 1.16173 11
-2.20051 -0.16691 0.00186 0 6.57500 14.57500 0.00059 1.16446 11
1.30220 -0.09599 0.00186 0 7.02500 17.32500 0.00059 1.17560 11
2.35890 0.03719 0.00186 0 6.85000 14.30000 0.00059 1.19268 11
-0.58333 -0.49108 0.00167 0 7.50000 -63.67500 0.00138 -0.09924 11
0.49450 -0.39975 0.00167 0 -2.17500 -61.32500 0.00138 -0.08170 11
0.22426 0.11803 0.00167 0 -3.55000 -60.17500 0.00138 -0.06338 11
0.79809 0.32858 0.00167 0 -3.55000 -55.70000 0.00138 -0.03994 11
-1.13388 0.58281 0.00167 0 -4.42500 -52.45000 0.00138 -0.02196 11
0.24367 0.12709 0.00167 0 -3.95000 -51.65000 0.00138 -0.01424 11
0.16683 0.55026 0.00726 0 -0.70000 60.17500 0.00726 1.32678 -11
-0.01833 -0.45649 0.00726 0 -0.45000 58.70000 0.00726 1.37944 -11
0.06912 0.77367 0.00726 0 -2.22500 56.80000 0.00726 1.45275 -11
0.14482 -0.53146 0.00726 0 -0.12500 56.70000 0.00726 1.49490 -11
-0.13616 0.64511 0.00726 0 -2.40000 59.80000 0.00726 1.56228 -11
0.02022 -0.39640 0.00726 0 -1.57500 60.02500 0.00726 1.61107 -11
0.08524 0.45668 0.00726 0 6.75000 59.15000 0.00726 1.67253 -11
0.17184 -0.29946 0.00726 0 -0.52500 59.47500 0.00726 1.70411 -11
-0.33532 0.39408 0.00726 0 -4.17500 62.55000 0.00726 1.75041 -11
-0.98313 0.58877 0.00726 0 7.65000 62.80000 0.00726 1.75297 -11
-0.25384 -0.15843 0.00726 0 0.65000 64.72500 0.00726 1.24968 -11
0.27441 0.06581 0.00726 0 0.37500 58.92500 0.00726 1.31137 -11
-0.25997 -0.05697 0.00726 0 0.92500 52.42500 0.00726 1.37894 -11
0.10851 -0.25520 0.00726 0 0.02500 49.52500 0.00726 1.42872 -11
0.00397 0.22867 0.00726 0 1.57500 48.80000 0.00726 1.50597 -11
0.02546 -0.18598 0.00726 0 -0.07500 48.97500 0.00726 1.54914 -11
-0.25740 -0.04688 0.00726 0 1.20000 48.00000 0.00726 1.62225 -11
0.23573 -0.25582 0.00726 0 -1.27500 45.92500 0.00726 1.66279 -11
-0.28743 0.36263 0.00726 0 1.95000 40.15000 0.00726 1.73369 -11
0.19476 -0.33114 0.00726 0 -1.10000 37.37500 0.00726 1.77142 -11
-0.58755 0.18212 0.00726 0 3.50000 29.00000 0.00726 1.83116 -11
0.64927 -0.12612 0.00726 0 -0.17500 23.65000 0.00726 1.87189 -11
-0.59253 -0.36264 0.00726 0 3.57500 14.25000 0.00726 1.92835 -11
0.54005 0.24087 0.00726 0 -0.47500 7.67500 0.00726 1.97565 -11
-0.59490 -0.68928 0.00726 0 4.80000 3.40000 0.00726 2.00971 -11
0.71789 0.77169 0.00726 0 -0.60000 -2.00000 0.00726 2.05769 -11
-3.28005 -5.57149 0.00726 0 6.97500 -4.97500 0.00726 2.07762 -11
0.24486 0.86470 0.00726 0 -1.82500 -11.42500 0.00726 2.13432 -11
-0.25649 -1.06292 0.00726 0 5.02500 -12.42500 0.00726 2.15455 -11
0.23027 0.65249 0.00726 0 -1.50000 -13.37500 0.00726 2.19861 -11
-0.39461 -1.50233 0.00726 0 5.45000 -14.40000 0.00726 2.21902 -11
0.36236 0.49655 0.00726 0 -1.80000 -18.20000 0.00726 2.26145 -11
-0.42654 -0.79800 0.00726 0 5.07500 -20.52500 0.00726 2.28492 -11
0.39267 0.30835 0.00726 0 -1.90000 -24.62500 0.00726 2.31845 -11
-0.35175 -0.43630 0.00726 0 5.02500 -27.47500 0.00726 2.34445 -11
-0.26895 -0.12297 0.00726 0 -1.82500 -26.72500 0.00726 2.36830 -11
0.45061 -0.19141 0.00726 0 5.65000 -23.80000 0.00726 2.39706 -11
-0.33893 0.35413 0.00726 0 -2.40000 -21.17500 0.00726 2.41952 -11
0.41964 -0.99189 0.00726 0 6.02500 -19.42500 0.00726 2.43630 -11
-0.26904 0.30065 0.00726 0 -2.20000 -17.92500 0.00726 2.45712 -11
0.57891 -0.93826 0.00726 0 6.27500 -16.22500 0.00726 2.47416 -11
-0.29193 0.09481 0.00726 0 -2.40000 -13.40000 0.00726 2.49992 -11
0.35973 -0.65565 0.00726 0 6.05000 -12.17500 0.00726 2.51755 -11
-0.42696 0.35024 0.00726 0 -2.52500 -10.62500 0.00726 2.53762 -11
0.23816 -1.47811 0.00726 0 6.60000 -9.12500 0.00726 2.55144 -11
0.46014 0.23868 0.00726 0 -2.32500 -9.92500 0.00726 2.57299 -11
-0.80305 -1.64576 0.00726 0 7.05000 -11.47500 0.00726 2.58643 -11
1.58397 0.54953 0.00726 0 -3.20000 -15.65000 0.00726 2.60907 -11
0.28059 0.60083 0.00726 0 -1.47500 -25.90000 0.00726 2.65945 -11
-0.46973 -0.16672 0.00726 0 -3.67500 -26.55000 0.00726 2.66961 -11
0.50026 -0.36384 0.00726 0 -1.57500 -28.17500 0.00726 2.68049 -11
-0.13110 0.05155 0.00726 0 -3.05000 -29.02500 0.00726 2.69058 -11
0.08034 0.58186 0.00726 0 -1.90000 -27.92500 0.00726 2.69966 -11
-0.24918 -0.13972 0.00726 0 -3.05000 -28.50000 0.00726 2.70745 -11
-0.06024 -0.52143 0.00726 0 3.80000 64.95000 0.00726 1.10804 -11
0.06516 0.13034 0.00726 0 5.10000 63.30000 0.00726 1.18196 -11
0.04783 -0.45219 0.00726 0 4.05000 63.95000 0.00726 1.24645 -11
-0.06737 0.03676 0.00726 0 4.90000 63.75000 0.00726 1.31495 -11
-0.06901 -0.61930 0.00726 0 -3.45000 64.55000 0.00726 1.40495 -11
0.04526 0.89052 0.00726 0 -4.45000 63.32500 0.00726 1.48554 -11
-0.15391 0.47499 0.00726 0 7.20000 63.32500 0.00726 1.48769 -11
0.00337 -0.36034 0.00726 0 -2.12500 64.55000 0.00726 0.96926 -11
0.61697 -0.35948 0.00726 0 5.02500 58.50000 0.00726 1.44179 -11
-0.52623 0.16347 0.00726 0 7.87500 47.30000 0.00726 1.52456 -11
-0.71057 0.83322 0.00726 0 -3.75000 46.77500 0.00726 1.52799 -11
0.74525 -0.79006 0.00726 0 3.25000 42.47500 0.00726 1.55797 -11
-0.42166 -0.49124 0.00726 0 6.77500 36.02500 0.00726 1.61337 -11
0.82426 -0.18668 0.00726 0 3.97500 27.72500 0.00726 1.67084 -11
-0.60008 -0.52179 0.00726 0 8.27500 16.82500 0.00726 1.73077 -11
-0.37880 0.04920 0.00726 0 -4.00000 16.45000 0.00726 1.73395 -11
0.45014 -0.08681 0.00726 0 5.02500 10.27500 0.00726 1.78368 -11
-0.39007 -0.33490 0.00726 0 7.75000 4.17500 0.00726 1.84187 -11
-0.20524 0.25029 0.00726 0 -4.27500 4.00000 0.00726 1.84424 -11
-0.13409 -0.54911 0.00726 0 4.75000 3.40000 0.00726 1.88494 -11
0.12756 0.72206 0.00726 0 -2.77500 5.25000 0.00726 1.94872 -11
-0.57183 -0.84516 0.00726 0 2.62500 5.97500 0.00726 1.96860 -11
0.24603 0.24326 0.00726 0 8.22500 11.17500 0.00726 2.03253 -11
0.39598 1.23588 0.00726 0 -3.15000 11.40000 0.00726 2.03656 -11
-0.89346 -2.73526 0.00726 0 0.62500 12.62500 0.00726 2.05060 -11
-0.19384 -0.27551 0.00726 0 -3.22500 63.57500 0.00726 0.96771 -11
0.46338 0.69799 0.00726 0 -1.95000 61.87500 0.00726 1.04356 -11
-0.50007 -0.55166 0.00726 0 -0.67500 56.17500 0.00726 1.09304 -11
0.55385 0.76089 0.00726 0 -1.77500 46.40000 0.00726 1.17320 -11
-0.27717 -0.49244 0.00726 0 -0.32500 42.00000 0.00726 1.22057 -11
0.33247 0.71974 0.00726 0 -1.90000 35.47500 0.00726 1.29452 -11
-0.34116 -0.38232 0.00726 0 -0.87500 31.12500 0.00726 1.34435 -11
0.21668 0.58235 0.00726 0 -2.55000 25.85000 0.00726 1.41034 -11
-0.30020 -0.50275 0.00726 0 -1.77500 23.30000 0.00726 1.45935 -11
0.28912 0.21366 0.00726 0 6.05000 17.27500 0.00726 1.51145 -11
-0.10646 -0.23690 0.00726 0 -0.87500 13.82500 0.00726 1.54699 -11
-0.07532 0.18788 0.00726 0 6.17500 14.92500 0.00726 1.59149 -11
0.12329 -0.09831 0.00726 0 -1.10000 15.70000 0.00726 1.62649 -11
-0.07769 0.24150 0.00726 0 5.62500 15.07500 0.00726 1.66400 -11
0.06870 -0.22168 0.00726 0 -0.80000 16.55000 0.00726 1.69469 -11
-0.06433 0.67745 0.00726 0 4.75000 15.57500 0.00726 1.73658 -11
-0.08864 -0.54813 0.00726 0 -0.35000 15.80000 0.00726 1.75710 -11
0.38977 0.51571 0.00726 0 4.20000 12.10000 0.00726 1.80154 -11
-0.29686 -0.49978 0.00726 0 -0.72500 9.95000 0.00726 1.82355 -11
0.28686 0.30608 0.00726 0 4.22500 6.75000 0.00726 1.86179 -11
-0.23706 -0.28166 0.00726 0 -0.95000 5.25000 0.00726 1.88568 -11
0.26812 0.31686 0.00726 0 4.02500 3.27500 0.00726 1.92160 -11
-0.32113 -0.21376 0.00726 0 -0.80000 1.40000 0.00726 1.94393 -11
0.36488 0.10220 0.00726 0 4.20000 -0.80000 0.00726 1.97228 -11
-0.37222 -0.15536 0.00726 0 -0.52500 -3.30000 0.00726 1.99685 -11
0.37984 0.35126 0.00726 0 3.82500 -7.42500 0.00726 2.02723 -11
-0.32826 -0.45066 0.00726 0 -0.50000 -9.17500 0.00726 2.04700 -11
0.10111 0.58508 0.00726 0 3.97500 -9.82500 0.00726 2.07715 -11
-0.04127 -0.60208 0.00726 0 0.07500 -10.15000 0.00726 2.09311 -11
0.20141 0.04473 0.00726 0 4.27500 -10.17500 0.00726 2.12297 -11
-0.12382 -0.46149 0.00726 0 3.05000 62.65000 0.00726 2.93089 -11
0.38497 0.24245 0.00726 0 2.15000 57.87500 0.00726 2.99633 -11
-0.38784 -0.43722 0.00726 0 4.22500 53.50000 0.00726 3.04539 -11
0.28806 -0.03367 0.00726 0 2.42500 47.50000 0.00726 3.10453 -11
-0.20861 -0.03972 0.00726 0 3.87500 44.77500 0.00726 3.17123 -11
0.16548 -0.23697 0.00726 0 1.67500 42.65000 0.00726 3.21460 -11
-0.15880 -0.15855 0.00726 0 3.90000 39.15000 0.00726 3.27690 -11
0.22468 -0.16779 0.00726 0 1.60000 37.35000 0.00726 3.32273 -11
-0.52763 0.05579 0.00726 0 5.25000 30.12500 0.00726 3.38293 -11
0.41055 -0.33882 0.00726 0 0.87500 25.45000 0.00726 3.41851 -11
-0.51580 -0.29550 0.00726 0 4.85000 19.85000 0.00726 3.46887 -11
0.93878 -0.09647 0.00726 0 -0.25000 12.45000 0.00726 3.50968 -11
-1.31245 0.78660 0.00726 0 7.00000 1.22500 0.00726 3.56159 -11
-1.37009 -0.05916 0.00726 0 7.07500 -35.10000 0.00726 3.72165 -11
0.21391 -0.25742 0.00726 0 1.12500 63.75000 0.00726 1.93918 -11
-0.30723 -0.12109 0.00726 0 5.07500 59.60000 0.00726 1.99258 -11
0.13697 -0.04724 0.00726 0 0.90000 56.12500 0.00726 2.03099 -11
-0.13929 -0.27475 0.00726 0 5.12500 55.50000 0.00726 2.07427 -11
0.28751 -0.08158 0.00726 0 0.80000 53.40000 0.00726 2.11260 -11
-0.24946 -0.22551 0.00726 0 5.77500 49.77500 0.00726 2.15601 -11
0.04692 0.15596 0.00726 0 0.92500 47.07500 0.00726 2.19473 -11
-0.33469 -0.82037 0.00726 0 6.52500 45.70000 0.00726 2.22626 -11
0.31693 0.68267 0.00726 0 0.22500 43.72500 0.00726 2.27372 -11
-0.78200 -3.00574 0.00726 0 7.92500 42.20000 0.00726 2.29170 -11
0.06805 0.23973 0.00726 0 1.62500 40.65000 0.00726 2.33018 -11
0.20607 -0.20582 0.00726 0 -3.75000 40.95000 0.00726 2.35644 -11
-0.47570 0.88254 0.00726 0 1.17500 43.00000 0.00726 2.39416 -11
0.66809 -0.90223 0.00726 0 -2.55000 44.82500 0.00726 2.40974 -11
-2.14016 1.73757 0.00726 0 0.97500 49.60000 0.00726 2.45156 -11
1.74979 -1.20924 0.00726 0 -0.82500 51.55000 0.00726 2.46071 -11
-3.44346 2.07710 0.00726 0 0.50000 62.12500 0.00726 2.50088 -11
3.36418 -2.27941 0.00726 0 -0.27500 63.40000 0.00726 2.50614 -11
-0.60318 -0.89440 0.00726 0 -0.10000 63.72500 0.00726 1.16552 -11
0.92445 0.52265 0.00726 0 6.15000 54.70000 0.00726 1.22772 -11
-0.93988 -0.46613 0.00726 0 0.55000 48.75000 0.00726 1.25833 -11
0.70771 0.29354 0.00726 0 6.62500 39.35000 0.00726 1.31198 -11
-0.38470 -0.26908 0.00726 0 0.02500 34.65000 0.00726 1.34572 -11
0.89770 0.33602 0.00726 0 6.52500 29.80000 0.00726 1.39283 -11
-0.92294 -0.43414 0.00726 0 1.42500 24.32500 0.00726 1.42163 -11
1.25041 0.69454 0.00726 0 5.92500 14.92500 0.00726 1.47380 -11
-1.26534 -0.82530 0.00726 0 2.00000 10.57500 0.00726 1.49506 -11
1.27838 1.16604 0.00726 0 5.37500 -0.57500 0.00726 1.54595 -11
-0.95512 -0.86483 0.00726 0 1.85000 -3.62500 0.00726 1.56260 -11
0.80620 0.44898 0.00726 0 6.72500 -9.37500 0.00726 1.60348 -11
-0.70565 -0.41794 0.00726 0 2.07500 -13.30000 0.00726 1.62769 -11
0.27011 0.46532 0.00726 0 6.27500 -18.35000 0.00726 1.67244 -11
-0.27087 -0.50808 0.00726 0 1.22500 -19.75000 0.00726 1.69432 -11
0.14884 0.30189 0.00726 0 5.90000 -23.22500 0.00726 1.73284 -11
-0.16910 -0.29976 0.00726 0 0.70000 -24.12500 0.00726 1.75703 -11
0.47997 0.44027 0.00726 0 4.70000 -29.60000 0.00726 1.79492 -11
-0.58921 -0.48096 0.00726 0 0.45000 -32.45000 0.00726 1.81565 -11
0.33792 0.57307 0.00726 0 3.92500 -38.65000 0.00726 1.85128 -11
-0.47896 -0.69194 0.00726 0 -0.05000 -40.00000 0.00726 1.86805 -11
0.42065 0.45337 0.00726 0 2.60000 -47.12500 0.00726 1.90385 -11
-0.40367 -0.40433 0.00726 0 -1.27500 -48.75000 0.00726 1.92137 -11
0.41956 0.20581 0.00726 0 2.42500 -52.67500 0.00726 1.94898 -11
-0.27265 -0.26103 0.00726 0 -1.55000 -54.65000 0.00726 1.96945 -11
-0.05981 0.19072 0.00726 0 2.27500 -56.10000 0.00726 1.99723 -11
0.05659 -0.21772 0.00726 0 -1.62500 -55.50000 0.00726 2.01667 -11
-0.19475 0.16336 0.00726 0 2.15000 -55.47500 0.00726 2.04017 -11
0.20490 -0.42903 0.00726 0 -1.42500 -54.75000 0.00726 2.05719 -11
-1.83061 2.08463 0.00726 0 1.05000 -52.00000 0.00726 2.08666 -11
2.89150 -2.75689 0.00726 0 0.12500 -51.30000 0.00726 2.09083 -11
-2.90736 1.04907 0.00726 0 0.10000 -50.45000 0.00726 2.09400 -11
6.09690 -4.18598 0.00726 0 -0.55000 -49.45000 0.00726 2.09827 -11
0.46655 2.19367 0.00726 0 -1.00000 -49.22500 0.00726 2.10025 -11
0.16804 -1.57139 0.00726 0 -2.37500 -49.27500 0.00726 2.10551 -11
0.98584 5.31571 0.00726 0 -3.25000 -49.32500 0.00726 2.10838 -11
0.20988 0.78794 0.00726 0 -3.67500 -49.17500 0.00726 2.11125 -11
1.65578 -0.39396 0.00726 0 -2.32500 -50.82500 0.00726 2.14704 -11
-0.27747 -0.19887 0.00726 0 -2.70000 61.77500 0.00726 1.25101 -11
0.37276 0.20802 0.00726 0 -1.97500 55.57500 0.00726 1.32070 -11
-0.32444 -0.00196 0.00726 0 -2.50000 48.92500 0.00726 1.39425 -11
0.44544 0.09448 0.00726 0 -2.72500 42.05000 0.00726 1.45582 -11
-0.65743 0.21892 0.00726 0 -1.72500 32.22500 0.00726 1.53064 -11
0.72131 -0.26298 0.00726 0 7.27500 22.90000 0.00726 1.58130 -11
-0.29382 -0.18810 0.00726 0 8.00000 17.50000 0.00726 1.65481 -11
-0.29152 0.32988 0.00726 0 -3.97500 17.27500 0.00726 1.65754 -11
0.19539 -0.20121 0.00726 0 6.65000 13.77500 0.00726 1.70640 -11
0.06634 -0.05154 0.00726 0 -3.75000 11.25000 0.00726 1.76602 -11
-0.10114 0.04400 0.00726 0 6.37500 10.85000 0.00726 1.82258 -11
0.21690 -0.10188 0.00726 0 -3.25000 12.95000 0.00726 1.87150 -11
0.25415 0.11914 0.00726 0 6.40000 11.60000 0.00726 1.92522 -11
-0.39334 0.18463 0.00726 0 -2.45000 5.47500 0.00726 1.97842 -11
0.51898 0.05927 0.00726 0 5.05000 -0.42500 0.00726 2.02233 -11
-0.50090 0.11398 0.00726 0 -3.40000 -6.27500 0.00726 2.07365 -11
1.73235 -0.84308 0.00726 0 3.20000 -10.72500 0.00726 2.10701 -11
-1.28159 1.72542 0.00726 0 0.72500 -24.60000 0.00726 2.16738 -11
0.01717 -1.53164 0.00726 0 3.95000 -25.50000 0.00726 2.17925 -11
0.28832 1.90405 0.00726 0 0.85000 -23.47500 0.00726 2.23206 -11
-0.02783 -0.68047 0.00726 0 3.02500 -23.60000 0.00726 2.23962 -11
0.05622 0.20571 0.00726 0 -1.97500 -23.15000 0.00726 2.27534 -11
-0.09001 -0.45199 0.00726 0 3.17500 -22.57500 0.00726 2.30037 -11
0.12624 0.18631 0.00726 0 -1.60000 -22.00000 0.00726 2.33299 -11
-0.11332 0.06608 0.00726 0 3.07500 -20.22500 0.00726 2.35815 -11
0.11165 -0.12483 0.00726 0 -1.52500 -19.22500 0.00726 2.38137 -11
-0.25738 -0.09742 0.00726 0 2.97500 -20.15000 0.00726 2.40469 -11
0.84627 1.29412 0.00726 0 0.55000 -17.67500 0.00726 2.42840 -11
-1.05905 0.28968 0.00726 0 0.45000 -16.62500 0.00726 2.43198 -11
0.37946 0.77584 0.00726 0 -0.97500 -14.70000 0.00726 2.44919 -11
-0.90229 0.37642 0.00726 0 -1.15000 -16.15000 0.00726 2.46182 -11
-0.37948 -0.44556 0.00726 0 -1.12500 -16.17500 0.00726 2.46272 -11
0.22840 0.49021 0.00726 0 -3.70000 6.40000 0.00726 1.98743 -11
-0.32086 -0.33279 0.00726 0 -2.60000 6.02500 0.00726 1.99760 -11
1.24889 0.31630 0.00726 0 6.67500 13.72500 0.00726 1.70659 -11
-0.62725 -0.48251 0.00726 0 7.65000 11.80000 0.00726 1.71745 -11
-0.06863 -0.31421 0.00726 0 -1.60000 64.70000 0.00726 1.95420 -11
0.06299 0.41141 0.00726 0 -0.40000 64.20000 0.00726 2.02811 -11
-0.39064 -0.25012 0.00726 0 -0.97500 56.95000 0.00726 2.09438 -11
0.42524 0.42468 0.00726 0 -1.30000 49.02500 0.00726 2.16558 -11
-0.12821 -0.15351 0.00726 0 -1.70000 44.50000 0.00726 2.22865 -11
0.02387 0.39678 0.00726 0 -1.52500 44.65000 0.00726 2.29414 -11
-0.10187 -0.27955 0.00726 0 -1.27500 43.17500 0.00726 2.35060 -11
0.50897 0.66661 0.00726 0 -1.90000 40.15000 0.00726 2.41690 -11
-0.81519 -0.45806 0.00726 0 0.50000 33.77500 0.00726 2.46461 -11
0.83472 0.79717 0.00726 0 -3.95000 20.70000 0.00726 2.53290 -11
0.36151 0.87247 0.00726 0 7.55000 20.17500 0.00726 2.53634 -11
-0.38047 -0.86074 0.00726 0 0.25000 17.95000 0.00726 2.56491 -11
0.08925 1.07226 0.00726 0 -3.95000 14.00000 0.00726 2.63952 -11
-0.01266 0.89718 0.00726 0 7.45000 13.95000 0.00726 2.64251 -11
0.01965 -0.84622 0.00726 0 0.50000 14.00000 0.00726 2.66869 -11
-0.10910 0.73840 0.00726 0 -3.05000 16.22500 0.00726 2.73213 -11
-0.13420 0.58532 0.00726 0 8.30000 16.32500 0.00726 2.73618 -11
0.29924 -0.57582 0.00726 0 0.65000 17.40000 0.00726 2.76740 -11
-0.49985 0.58095 0.00726 0 -3.32500 22.92500 0.00726 2.82602 -11
-0.53030 0.83532 0.00726 0 8.20000 23.42500 0.00726 2.83001 -11
0.56687 -0.99217 0.00726 0 2.15000 26.17500 0.00726 2.85489 -11
-0.87171 1.77581 0.00726 0 -4.20000 34.27500 0.00726 2.92180 -11
0.20773 4.07763 0.00726 0 6.77500 34.65000 0.00726 2.92602 -11
-2.49143 -8.96763 0.00726 0 5.90000 34.57500 0.00726 2.93135 -11
0.97927 1.19583 0.00726 0 -3.95000 24.75000 0.00726 2.98237 -11
0.86154 0.47442 0.00726 0 7.35000 24.07500 0.00726 2.98631 -11
-0.80154 -0.45608 0.00726 0 3.05000 20.25000 0.00726 3.00886 -11
0.26864 -0.14475 0.00726 0 -3.60000 18.47500 0.00726 3.03573 -11
0.27299 0.09999 0.00726 0 8.50000 18.17500 0.00726 3.03919 -11
-0.34484 0.38268 0.00726 0 3.92500 16.12500 0.00726 3.06573 -11
0.97509 -0.92098 0.00726 0 7.25000 14.92500 0.00726 3.08038 -11
-0.38481 -0.41468 0.00726 0 1.15000 64.10000 0.00726 0.97073 -11
0.54098 0.29752 0.00726 0 0.95000 55.62500 0.00726 1.04544 -11
-0.59106 -0.32322 0.00726 0 1.32500 49.57500 0.00726 1.10528 -11
0.79953 0.57560 0.00726 0 -0.27500 38.17500 0.00726 1.17686 -11
-1.06912 -0.83139 0.00726 0 3.00000 30.07500 0.00726 1.22156 -11
0.83024 0.60489 0.00726 0 -0.30000 15.42500 0.00726 1.30245 -11
-0.43216 -1.06073 0.00726 0 4.02500 10.97500 0.00726 1.33814 -11
0.11128 0.49042 0.00726 0 0.50000 7.02500 0.00726 1.40872 -11
-0.02318 -0.13304 0.00726 0 3.85000 5.42500 0.00726 1.45089 -11
-0.09034 -0.09382 0.00726 0 1.00000 5.17500 0.00726 1.49289 -11
0.21122 0.07919 0.00726 0 4.32500 8.17500 0.00726 1.55070 -11
-0.15313 -0.11019 0.00726 0 0.60000 10.45000 0.00726 1.58767 -11
-0.13114 -0.13315 0.00726 0 3.95000 11.85000 0.00726 1.64134 -11
0.07816 0.27369 0.00726 0 -1.50000 10.20000 0.00726 1.67051 -11
0.34815 -0.77689 0.00726 0 5.80000 10.92500 0.00726 1.69337 -11
0.16272 0.16027 0.00726 0 -0.10000 10.87500 0.00726 1.73075 -11
0.08389 -0.32149 0.00726 0 5.42500 11.37500 0.00726 1.76558 -11
-0.03048 0.36028 0.00726 0 -0.82500 10.12500 0.00726 1.79931 -11
0.00408 -0.79465 0.00726 0 5.87500 10.15000 0.00726 1.82234 -11
-0.07595 0.35826 0.00726 0 -0.70000 10.85000 0.00726 1.85625 -11
0.12813 -1.10278 0.00726 0 6.20000 11.50000 0.00726 1.87896 -11
-0.28365 0.75507 0.00726 0 -1.77500 16.05000 0.00726 1.91678 -11
0.20492 -1.52245 0.00726 0 5.95000 16.65000 0.00726 1.93429 -11
0.00462 0.95224 0.00726 0 -1.97500 16.92500 0.00726 1.96969 -11
0.30992 1.81562 0.00726 0 8.07500 16.77500 0.00726 1.97776 -11
-0.32688 -1.41790 0.00726 0 5.45000 16.30000 0.00726 1.98735 -11
-0.80863 0.94727 0.00726 0 -3.25000 18.75000 0.00726 2.01975 -11
-0.63147 0.88369 0.00726 0 -2.82500 22.40000 0.00726 2.04724 -11
-0.88264 1.35174 0.00726 0 -2.90000 25.82500 0.00726 2.07750 -11
68.65743 -38.64897 0.00726 0 -3.82500 32.32500 0.00726 2.10151 -11
-0.12862 -0.97215 0.00726 0 8.32500 39.27500 0.00726 2.13450 -11
-0.53973 0.88319 0.00726 0 6.87500 38.17500 0.00726 2.14758 -11
0.20536 1.49750 0.00726 0 -3.90000 38.30000 0.00726 2.15763 -11
-1.16982 -0.14824 0.00726 0 2.80000 14.45000 0.00726 1.65376 -11
-3.96994 3.63879 0.00726 0 3.47500 16.67500 0.00726 1.66790 -11
0.33909 -0.23909 0.00726 0 4.42500 17.55000 0.00726 1.67834 -11
0.04456 0.21735 0.00726 0 1.05000 64.47500 0.00726 1.46597 -11
0.00609 -0.18805 0.00726 0 -0.20000 65.00000 0.00726 1.53385 -11
-0.41938 0.32663 0.00726 0 4.52500 63.40000 0.00726 4.81284 -11
0.23950 -0.49401 0.00726 0 -0.75000 61.60000 0.00726 4.83994 -11
-0.06867 0.37977 0.00726 0 4.75000 58.90000 0.00726 4.89619 -11
0.61601 -0.72451 0.00726 0 -1.67500 56.82500 0.00726 4.91866 -11
-0.28185 0.78826 0.00726 0 5.65000 53.50000 0.00726 4.97940 -11
0.27770 -1.20174 0.00726 0 -3.52500 52.77500 0.00726 4.98951 -11
-0.07173 0.91425 0.00726 0 4.97500 52.25000 0.00726 5.04139 -11
0.07164 -1.07267 0.00726 0 -3.60000 51.72500 0.00726 5.05378 -11
0.02726 0.56641 0.00726 0 4.65000 50.20000 0.00726 5.09788 -11
0.37961 -0.35377 0.00726 0 -3.50000 49.72500 0.00726 5.11254 -11
-0.05191 0.93262 0.00726 0 4.42500 49.00000 0.00726 5.14557 -11
0.68377 -0.86676 0.00726 0 6.85000 48.17500 0.00726 5.15602 -11
-0.03855 -0.57956 0.00726 0 4.57500 64.92500 0.00726 1.39336 -11
0.10747 0.32821 0.00726 0 5.62500 61.65000 0.00726 1.47433 -11
-0.11479 -0.60016 0.00726 0 5.72500 60.17500 0.00726 1.52900 -11
0.01918 0.32780 0.00726 0 5.47500 57.50000 0.00726 1.60532 -11
-0.16699 -0.74105 0.00726 0 5.77500 56.00000 0.00726 1.65802 -11
0.19542 0.47261 0.00726 0 4.47500 49.55000 0.00726 1.73525 -11
-0.32812 -0.91773 0.00726 0 5.35000 46.50000 0.00726 1.78404 -11
0.07648 0.41398 0.00726 0 3.35000 43.12500 0.00726 1.86211 -11
-0.42225 -0.68551 0.00726 0 3.92500 40.57500 0.00726 1.91239 -11
0.39749 0.39584 0.00726 0 1.30000 34.20000 0.00726 1.98004 -11
-0.46278 -0.59032 0.00726 0 3.05000 29.20000 0.00726 2.02794 -11
0.35030 0.50379 0.00726 0 -0.45000 23.47500 0.00726 2.08559 -11
-0.34377 -0.73013 0.00726 0 3.32500 20.20000 0.00726 2.12190 -11
0.27042 0.45215 0.00726 0 -0.52500 15.97500 0.00726 2.18093 -11
-0.99030 -1.49441 0.00441 0 4.77500 -18.80000 0.00431 2.70289 11
-5.58535 -0.19322 0.00441 0 3.12500 -23.00000 0.00431 2.71926 11
0.45642 -1.40289 0.00441 0 3.25000 -42.82500 0.00431 2.84612 11
0.39992 1.35294 0.00441 0 4.52500 -42.60000 0.00431 2.85134 11
-0.04601 -0.95169 0.00441 0 4.37500 -36.25000 0.00431 2.97137 11
0.32638 1.06675 0.00441 0 5.32500 -36.22500 0.00431 2.97571 11
0.65792 -9.24295 0.00441 0 4.05000 -36.12500 0.00431 2.98437 11
0.43247 -0.74223 0.00441 0 4.05000 -36.20000 0.00431 2.98552 11
0.61827 1.10218 0.00726 0 3.05000 63.00000 0.00726 3.15820 -11
-0.43829 -0.98929 0.00726 0 0.27500 61.82500 0.00726 3.16939 -11
0.23493 0.88876 0.00726 0 2.72500 60.92500 0.00726 3.20387 -11
-0.37573 -0.75057 0.00726 0 -0.25000 59.97500 0.00726 3.21636 -11
-0.84287 2.00382 0.00726 0 1.37500 43.37500 0.00726 3.36719 -11
1.59425 -3.02124 0.00726 0 0.60000 43.80000 0.00726 3.37022 -11
-0.04347 1.30916 0.00726 0 2.37500 43.00000 0.00726 3.38542 -11
1.01173 -0.78808 0.00726 0 1.00000 43.75000 0.00726 3.39216 -11
-0.14111 -0.39450 0.00726 0 -3.50000 63.92500 0.00726 1.39362 -11
0.01216 0.46960 0.00726 0 -2.62500 64.32500 0.00726 1.47759 -11
-0.24307 -0.44955 0.00726 0 -1.90000 59.87500 0.00726 1.53325 -11
0.11901 0.94121 0.00726 0 -3.25000 59.95000 0.00726 1.61031 -11
0.12934 0.75731 0.00726 0 8.00000 59.82500 0.00726 1.61430 -11
-0.14963 -0.78144 0.00726 0 -0.70000 58.67500 0.00726 1.64809 -11
0.14311 0.76960 0.00726 0 -3.02500 57.02500 0.00726 1.72360 -11
0.12193 0.50893 0.00726 0 8.32500 56.87500 0.00726 1.72772 -11
-0.94041 -0.42700 0.00726 0 2.02500 52.25000 0.00726 1.76089 -11
1.10403 0.77527 0.00726 0 -3.25000 39.97500 0.00726 1.82376 -11
1.29267 0.88922 0.00726 0 8.00000 38.87500 0.00726 1.82922 -11
-1.33758 -0.78436 0.00726 0 2.95000 32.95000 0.00726 1.85698 -11
0.81285 0.89306 0.00726 0 -3.12500 20.65000 0.00726 1.92231 -11
0.60200 0.59579 0.00726 0 8.12500 19.87500 0.00726 1.92711 -11
-0.61556 -0.78982 0.00726 0 1.50000 15.82500 0.00726 1.95729 -11
1.21299 1.57600 0.00726 0 5.27500 5.20000 0.00726 2.02857 -11
-0.82482 -1.62244 0.00726 0 1.62500 3.32500 0.00726 2.04290 -11
-0.26284 -0.47028 0.00726 0 2.35000 64.22500 0.00726 1.10906 -11
0.12419 0.22425 0.00726 0 2.72500 60.65000 0.00726 1.18247 -11
-0.08058 -0.24775 0.00726 0 3.27500 59.02500 0.00726 1.23981 -11
0.20165 0.06808 0.00726 0 2.72500 56.00000 0.00726 1.29773 -11
-0.26861 -0.53790 0.00726 0 4.15000 50.92500 0.00726 1.35309 -11
0.22569 0.29641 0.00726 0 2.90000 46.15000 0.00726 1.41688 -11
-0.19788 -0.38148 0.00726 0 3.92500 44.75000 0.00726 1.47015 -11
0.22378 0.29422 0.00726 0 2.22500 41.17500 0.00726 1.52822 -11
-0.38996 -0.74767 0.00726 0 5.37500 37.55000 0.00726 1.56932 -11
0.23193 0.69014 0.00726 0 2.32500 33.72500 0.00726 1.63457 -11
-0.31499 -1.66756 0.00726 0 6.45000 32.00000 0.00726 1.66636 -11
0.10796 0.56686 0.00726 0 2.30000 29.07500 0.00726 1.73566 -11
-0.63925 -0.88930 0.00726 0 6.00000 25.62500 0.00726 1.77310 -11
0.26197 0.97951 0.00726 0 0.65000 17.52500 0.00726 1.83393 -11
0.34589 1.07279 0.00726 0 0.55000 12.45000 0.00726 1.92382 -11
0.24269 0.87109 0.00726 0 0.55000 6.35000 0.00726 2.01335 -11
-0.57254 -2.23820 0.00726 0 6.62500 5.10000 0.00726 2.03642 -11
0.51377 0.67462 0.00726 0 0.70000 0.22500 0.00726 2.09578 -11
-1.18116 -2.10996 0.00726 0 7.00000 -2.52500 0.00726 2.12020 -11
0.97341 0.56688 0.00726 0 -0.95000 -14.75000 0.00726 2.17832 -11
-1.46822 -1.57484 0.00726 0 6.15000 -19.32500 0.00726 2.20327 -11
3.33411 1.11157 0.00726 0 -2.22500 -31.52500 0.00726 2.25462 -11
-2.72045 -0.79267 0.00726 0 -4.20000 -36.07500 0.00726 2.27154 -11
-8.41198 8.32057 0.00726 0 -3.17500 -52.92500 0.00726 2.33072 -11
-0.97981 -0.07381 0.00726 0 8.25000 -63.97500 0.00726 2.37587 -11
0.05019 -0.58803 0.00726 0 3.87500 64.87500 0.00726 0.97069 -11
-0.72361 0.02999 0.00726 0 -3.15000 58.62500 0.00726 2.57909 -11
0.58285 -0.35242 0.00726 0 4.35000 52.22500 0.00726 2.61967 -11
-0.98329 0.29844 0.00726 0 -2.65000 41.97500 0.00726 2.67875 -11
3.43369 0.53248 0.00726 0 2.15000 32.02500 0.00726 2.71988 -11
-3.70688 -0.53671 0.00726 0 0.32500 23.20000 0.00726 2.75051 -11
2.66459 0.25043 0.00726 0 2.32500 5.82500 0.00726 2.81395 -11
-1.88451 -0.28597 0.00726 0 -1.17500 -2.37500 0.00726 2.84548 -11
1.53185 0.63187 0.00726 0 2.62500 -13.80000 0.00726 2.89197 -11
-1.71356 -0.84245 0.00726 0 -0.65000 -18.92500 0.00726 2.91353 -11
1.18364 0.22162 0.00726 0 2.07500 -31.87500 0.00726 2.96514 -11
-1.21194 -0.20978 0.00726 0 -2.07500 -38.40000 0.00726 2.99443 -11
1.39984 0.51645 0.00726 0 1.85000 -46.32500 0.00726 3.02883 -11
-1.14588 -0.56509 0.00726 0 -1.65000 -51.25000 0.00726 3.05074 -11
1.76136 0.97751 0.00726 0 1.92500 -60.37500 0.00726 3.09192 -11
-1.81160 -1.61463 0.00726 0 -0.15000 -62.37500 0.00726 3.10200 -11
0.27021 0.43177 0.00740 0 -4.07500 62.60000 0.00731 0.68322 -11
0.27697 0.23003 0.00740 0 7.65000 62.47500 0.00731 0.68580 -11
-0.21549 -0.38008 0.00740 0 2.70000 60.22500 0.00731 0.70978 -11
-0.00241 0.30186 0.00740 0 -4.12500 60.60000 0.00731 0.73523 -11
-0.01802 0.09474 0.00740 0 7.70000 60.62500 0.00731 0.73768 -11
-1.25263 -0.60575 0.00740 0 6.17500 64.10000 0.00731 0.61591 -11
0.78778 0.55058 0.00740 0 0.45000 48.05000 0.00731 0.69464 -11
-0.85498 -1.53106 0.00740 0 6.77500 43.82500 0.00731 0.72283 -11
0.50927 0.71782 0.00740 0 1.77500 37.27500 0.00731 0.79385 -11
-0.89021 -1.96127 0.00740 0 7.25000 34.25000 0.00731 0.82131 -11
0.29247 0.63485 0.00740 0 2.65000 28.42500 0.00731 0.88398 -11
-0.99217 -2.92649 0.00740 0 8.12500 26.62500 0.00731 0.91032 -11
1.12655 0.78852 0.00740 0 -0.15000 16.32500 0.00731 0.96824 -11
-1.19261 -0.67774 0.00740 0 -4.27500 12.10000 0.00731 0.98964 -11
1.52433 1.16434 0.00740 0 -1.10000 0.10000 0.00731 1.04454 -11
-1.65473 -1.23639 0.00740 0 -3.95000 -2.90000 0.00731 1.05900 -11
0.81156 0.83808 0.00740 0 -2.37500 -55.52500 0.00731 1.41380 -11
-16.80794 -39.59316 0.00740 0 8.05000 -56.85000 0.00731 1.42223 -11
0.60208 0.13825 0.00740 0 -2.75000 -61.32500 0.00731 1.44537 -11
-0.79008 -0.71357 0.00740 0 6.97500 -63.52500 0.00731 1.45934 -11
0.73278 -0.37939 0.00740 0 -2.77500 -64.95000 0.00731 1.47177 -11
-0.67021 0.40671 0.00740 0 -4.10000 -50.67500 0.00731 1.37577 -11
1.58954 -0.71324 0.00740 0 -3.45000 -50.12500 0.00731 1.38463 -11
-7.39560 1.32353 0.00740 0 -3.42500 -50.07500 0.00731 1.38510 -11
0.25500 -0.66344 0.00740 0 8.22500 26.67500 0.00731 0.91014 -11
-1.31988 -0.67845 0.00740 0 -4.07500 26.27500 0.00731 0.91377 -11
2.76357 1.59653 0.00740 0 -4.07500 24.92500 0.00731 0.91701 -11
0.36610 0.06802 0.00740 0 -1.40000 61.17500 0.00731 0.68740 -11
0.07398 -0.02308 0.00740 0 -0.47500 60.27500 0.00731 0.75054 -11
-0.09688 0.09012 0.00740 0 -1.40000 61.07500 0.00731 0.80375 -11
0.07982 0.00634 0.00740 0 0.57500 63.60000 0.00731 0.86144 -11
0.17213 0.10906 0.00740 0 -1.05000 62.47500 0.00731 0.90973 -11
-0.10386 0.08561 0.00740 0 1.32500 60.50000 0.00731 0.96475 -11
0.15134 -0.24055 0.00740 0 -1.22500 59.37500 0.00731 1.00526 -11
-0.21793 0.22376 0.00740 0 2.07500 54.55000 0.00731 1.07186 -11
0.32259 -0.10723 0.00740 0 -1.47500 51.77500 0.00731 1.10759 -11
0.39598 -0.16404 0.00740 0 7.55000 50.97500 0.00731 1.13060 -11
-0.36611 -0.94308 0.00740 0 -2.02500 52.50000 0.00731 1.14706 -11
-1.19854 2.25337 0.00740 0 2.37500 64.45000 0.00731 2.93259 -11
0.31139 0.15906 0.00740 0 4.15000 59.85000 0.00731 0.69042 -11
-0.66236 -0.60196 0.00740 0 6.45000 52.85000 0.00731 0.74282 -11
0.62261 0.10603 0.00740 0 3.42500 43.45000 0.00731 0.80334 -11
-1.00550 -0.55481 0.00740 0 7.40000 33.47500 0.00731 0.85620 -11
1.14785 -0.10467 0.00740 0 2.27500 21.77500 0.00731 0.91154 -11
-1.25461 -0.99432 0.00740 0 7.87500 11.80000 0.00731 0.95835 -11
0.65494 0.15514 0.00740 0 1.90000 -0.55000 0.00731 1.01734 -11
-0.71859 -1.28493 0.00740 0 8.17500 -5.42500 0.00731 1.04889 -11
-0.44336 -0.23097 0.00740 0 -4.30000 -5.80000 0.00731 1.05213 -11
0.50219 0.31357 0.00740 0 3.05000 -12.22500 0.00731 1.10417 -11
-0.40642 -0.69955 0.00740 0 7.92500 -15.60000 0.00731 1.13939 -11
-0.29754 -0.04890 0.00740 0 -4.27500 -15.85000 0.00731 1.14199 -11
0.15600 0.24211 0.00740 0 2.62500 -19.72500 0.00731 1.18651 -11
-0.16827 -0.24944 0.00740 0 -4.05000 -21.25000 0.00731 1.21740 -11
0.11730 0.39289 0.00740 0 2.20000 -23.57500 0.00731 1.25558 -11
-0.10986 -0.40256 0.00740 0 -3.60000 -24.25000 0.00731 1.28044 -11
0.24369 0.25256 0.00740 0 2.20000 -25.45000 0.00731 1.32111 -11
-0.13702 0.21057 0.00740 0 0.85000 -26.25000 0.00731 1.33765 -11
0.26213 -0.24932 0.00740 0 6.05000 -28.95000 0.00731 1.36378 -11
-0.40008 0.55179 0.00740 0 1.22500 -30.77500 0.00731 1.39780 -11
0.56685 -0.31532 0.00740 0 5.35000 -34.02500 0.00731 1.41894 -11
-0.39588 0.36811 0.00740 0 2.75000 -37.52500 0.00731 1.44296 -11
0.28521 -0.49305 0.00740 0 6.62500 -38.25000 0.00731 1.45966 -11
-0.21792 0.60516 0.00740 0 3.00000 -39.30000 0.00731 1.48927 -11
0.35018 0.34457 0.00740 0 5.22500 -42.10000 0.00731 1.50329 -11
-0.38916 -0.53178 0.00740 0 2.25000 -43.27500 0.00731 1.51730 -11
0.55118 1.36814 0.00740 0 4.50000 -44.45000 0.00731 1.54372 -11
-0.87330 -0.91747 0.00740 0 2.85000 -45.27500 0.00731 1.55054 -11
1.16245 0.40848 0.00740 0 4.85000 -48.82500 0.00731 1.57160 -11
-1.12686 -0.15254 0.00740 0 3.07500 -51.30000 0.00731 1.58368 -11
3.38148 3.29840 0.00740 0 2.07500 -52.17500 0.00731 1.58856 -11
