0.36559 0.17382 0.00940 0 -3.62500 -60.10000 0.00936 2.70423 -11
0.08806 0.43764 0.00940 0 8.27500 -60.40000 0.00936 2.70752 -11
-0.06473 -0.50110 0.00940 0 3.12500 -60.70000 0.00936 2.72961 -11
0.30820 1.24914 0.00940 0 -3.92500 -59.57500 0.00936 2.76741 -11
-0.70574 5.11451 0.00940 0 6.87500 -59.72500 0.00936 2.77225 -11
7.19234 -31.60592 0.00940 0 6.00000 -59.57500 0.00936 2.77535 -11
-0.32724 9.64635 0.00940 0 -4.07500 -56.50000 0.00936 2.81514 -11
-0.25583 -8.58224 0.00940 0 -4.35000 -56.50000 0.00936 2.81609 -11
-0.25485 -0.02683 0.01646 0 6.27500 -64.85000 0.01646 5.16245 11
0.40273 -0.06699 0.01646 0 -3.22500 -54.45000 0.01646 5.27435 11
-0.37673 -0.12229 0.01646 0 6.52500 -46.55000 0.01646 5.34082 11
0.27408 -0.11318 0.01646 0 -3.22500 -35.85000 0.01646 5.44756 11
-0.35353 -0.08012 0.01646 0 6.70000 -29.45000 0.01646 5.51110 11
0.29045 -0.43863 0.01646 0 8.20000 -19.15000 0.01646 5.60976 11
0.24803 -0.13397 0.01646 0 -4.02500 -18.92500 0.01646 5.61266 11
-0.14355 0.53039 0.01646 0 -2.95000 -16.10000 0.01646 5.65785 11
0.45588 -0.37968 0.01646 0 8.17500 -11.27500 0.01646 5.73877 11
0.39549 -0.11789 0.01646 0 -4.02500 -10.92500 0.01646 5.74178 11
-0.28148 0.31396 0.01646 0 -2.55000 -6.17500 0.01646 5.78867 11
0.20712 -0.31886 0.01646 0 8.30000 -2.57500 0.01646 5.86210 11
0.13423 0.01470 0.01646 0 -3.82500 -2.45000 0.01646 5.86506 11
-0.23781 0.36417 0.01646 0 -2.40000 0.20000 0.01646 5.91216 11
0.07643 -0.22758 0.01646 0 7.90000 2.80000 0.01646 5.97791 11
-0.00255 0.07118 0.01646 0 -4.15000 2.80000 0.01646 5.98036 11
-0.09029 0.20894 0.01646 0 -2.55000 3.50000 0.01646 6.02710 11
0.09870 -0.21370 0.01646 0 7.50000 5.12500 0.01646 6.08879 11
0.03930 0.20170 0.01646 0 -2.45000 5.10000 0.01646 6.13546 11
0.08738 -0.26875 0.01646 0 7.30000 6.07500 0.01646 6.19947 11
-0.10430 0.17352 0.01646 0 -2.17500 6.37500 0.01646 6.24320 11
-0.02938 -0.22489 0.01646 0 7.07500 7.32500 0.01646 6.30114 11
0.19320 0.05712 0.01646 0 -2.00000 5.92500 0.01646 6.34742 11
-0.18920 -0.02128 0.01646 0 6.90000 2.77500 0.01646 6.39686 11
0.24141 0.05158 0.01646 0 -1.47500 0.52500 0.01646 6.43953 11
-0.05137 -0.09101 0.01646 0 6.92500 -0.42500 0.01646 6.48664 11
0.07167 0.21123 0.01646 0 -1.05000 -0.65000 0.01646 6.52603 11
0.00723 -0.10965 0.01646 0 6.75000 -0.25000 0.01646 6.57410 11
0.14716 0.22738 0.01646 0 -0.82500 -1.62500 0.01646 6.61181 11
-0.15326 -0.30347 0.01646 0 6.50000 -2.22500 0.01646 6.65962 11
-0.24910 0.22191 0.01646 0 -0.52500 -0.30000 0.01646 6.69386 11
0.02709 -0.28860 0.01646 0 6.47500 0.80000 0.01646 6.73913 11
0.19493 0.44321 0.01646 0 -0.22500 0.30000 0.01646 6.77068 11
-0.00867 -0.33360 0.01646 0 5.77500 -2.00000 0.01646 6.81546 11
-0.10236 0.13295 0.01646 0 -0.55000 -1.37500 0.01646 6.84601 11
0.42279 -0.27513 0.01646 0 5.32500 0.50000 0.01646 6.88090 11
-0.54135 0.57129 0.01646 0 0.75000 3.25000 0.01646 6.90265 11
0.33538 -0.65492 0.01646 0 5.37500 5.80000 0.01646 6.94463 11
0.31459 0.14755 0.01646 0 1.10000 2.32500 0.01646 6.96804 11
-0.05847 -0.35047 0.01646 0 4.87500 0.25000 0.01646 6.99540 11
0.28559 0.58093 0.01646 0 0.47500 -0.57500 0.01646 7.01594 11
0.17692 -0.08965 0.01646 0 5.05000 -62.00000 0.01646 5.49111 11
-0.14407 -0.33831 0.01646 0 7.00000 -57.12500 0.01646 5.58857 11
0.13535 -0.22679 0.01646 0 4.62500 -51.72500 0.01646 5.73779 11
-0.17449 0.22063 0.01646 0 -4.20000 -47.57500 0.01646 5.82472 11
-0.17380 -0.20310 0.01646 0 7.82500 -47.47500 0.01646 5.82711 11
0.13618 -0.24593 0.01646 0 4.02500 -41.45000 0.01646 5.97726 11
-0.05786 -0.23240 0.01646 0 7.50000 -37.35000 0.01646 6.06573 11
0.07835 -0.23499 0.01646 0 3.70000 -37.05000 0.01646 6.20903 11
-0.09787 0.26002 0.01646 0 -3.55000 -34.82500 0.01646 6.28872 11
-0.09035 -0.24347 0.01646 0 8.45000 -34.75000 0.01646 6.29192 11
0.11205 -0.19690 0.01646 0 3.60000 -30.05000 0.01646 6.42657 11
-0.05716 0.12564 0.01646 0 -3.60000 -27.90000 0.01646 6.50804 11
0.04424 -0.08536 0.01646 0 3.92500 -26.32500 0.01646 6.63256 11
-0.13086 0.01353 0.01646 0 -3.52500 -24.57500 0.01646 6.71889 11
0.16675 -0.03634 0.01646 0 3.90000 -19.62500 0.01646 6.83564 11
-0.30141 0.05325 0.01646 0 -2.92500 -14.52500 0.01646 6.92199 11
0.42592 -0.15429 0.01646 0 2.27500 -0.80000 0.01646 7.04265 11
-0.43157 0.09903 0.01646 0 -1.97500 9.02500 0.01646 7.11934 11
0.45731 -0.18205 0.01646 0 2.55000 22.97500 0.01646 7.23618 11
-0.49858 0.16956 0.01646 0 -1.10000 31.72500 0.01646 7.30706 11
0.53056 -0.10745 0.01646 0 2.37500 47.27500 0.01646 7.41908 11
-0.45113 -0.00737 0.01646 0 -1.52500 58.80000 0.01646 7.50179 11
0.14743 0.30996 0.01646 0 4.52500 -63.65000 0.01646 4.70202 11
-0.16827 -0.72003 0.01646 0 3.15000 -59.87500 0.01646 4.78426 11
0.11688 0.42902 0.01646 0 3.47500 -58.07500 0.01646 4.83805 11
-0.01903 -0.66545 0.01646 0 2.77500 -57.05000 0.01646 4.91903 11
-0.13804 0.37889 0.01646 0 2.60000 -59.67500 0.01646 4.97239 11
0.10821 -0.50230 0.01646 0 2.80000 -64.00000 0.01646 5.04662 11
0.97375 -0.62589 0.01646 0 -1.72500 -50.52500 0.01646 5.45109 11
-0.56558 0.61015 0.01646 0 5.45000 -47.60000 0.01646 5.47178 11
0.57952 -1.20348 0.01646 0 -3.02500 -39.52500 0.01646 5.53252 11
-0.94265 0.82610 0.01646 0 5.45000 -38.62500 0.01646 5.54541 11
1.13222 -1.23014 0.01646 0 8.37500 -29.05000 0.01646 5.59376 11
-4.41478 2.88088 0.01646 0 6.37500 -26.50000 0.01646 5.60524 11
0.27645 -0.16788 0.01646 0 0.20000 -55.50000 0.01646 5.87040 11
-0.23968 0.05044 0.01646 0 2.62500 -49.95000 0.01646 5.95668 11
0.20510 -0.19852 0.01646 0 -0.35000 -38.15000 0.01646 6.12753 11
-0.09201 0.17285 0.01646 0 3.00000 -34.22500 0.01646 6.20824 11
-0.01889 -0.27139 0.01646 0 -0.80000 -30.77500 0.01646 6.38027 11
-0.04279 0.15610 0.01646 0 3.22500 -30.22500 0.01646 6.45649 11
-0.03195 -0.25159 0.01646 0 -0.92500 -30.07500 0.01646 6.62510 11
0.01007 0.11562 0.01646 0 3.30000 -30.32500 0.01646 6.70083 11
-0.06315 -0.20525 0.01646 0 -1.05000 -31.85000 0.01646 6.86582 11
0.05575 0.18949 0.01646 0 3.50000 -32.95000 0.01646 6.94085 11
-0.29213 -0.37188 0.01646 0 -2.17500 -34.25000 0.01646 7.10604 11
0.23690 0.26447 0.01646 0 5.00000 -39.07500 0.01646 7.17090 11
-0.13483 -0.36979 0.01646 0 -2.65000 -48.32500 0.01646 7.33855 11
0.12222 0.22727 0.01646 0 4.52500 -49.50000 0.01646 7.40104 11
-0.39798 -0.68664 0.01646 0 -3.05000 -58.30000 0.01646 7.56267 11
0.28706 0.40148 0.01646 0 6.97500 -62.15000 0.01646 7.61522 11
-0.13646 -0.03438 0.01646 0 4.60000 -62.32500 0.01646 4.21449 11
0.12387 -0.25551 0.01646 0 5.30000 -55.02500 0.01646 4.40642 11
-0.12881 -0.13692 0.01646 0 4.72500 -51.35000 0.01646 4.50479 11
-0.00858 -0.16016 0.01646 0 6.40000 -50.17500 0.01646 4.68241 11
-0.02270 -0.13258 0.01646 0 5.25000 -50.40000 0.01646 4.78570 11
0.03816 -0.36122 0.01646 0 4.45000 -49.07500 0.01646 4.97267 11
-0.01341 -0.01164 0.01646 0 5.85000 -49.07500 0.01646 5.06102 11
-0.05776 -0.31538 0.01646 0 4.47500 -49.12500 0.01646 5.24431 11
0.14963 -0.09599 0.01646 0 5.47500 -51.77500 0.01646 5.33631 11
-0.05815 -0.25942 0.01646 0 4.05000 -55.40000 0.01646 5.50907 11
0.04637 -0.09342 0.01646 0 5.27500 -57.75000 0.01646 5.60192 11
-0.00388 -0.15656 0.01646 0 3.52500 -61.97500 0.01646 5.76415 11
-0.02956 -0.17644 0.01646 0 4.92500 -59.55000 0.01646 5.85842 11
-0.05293 -0.19461 0.01646 0 2.85000 -61.32500 0.01646 6.01555 11
0.02763 -0.09374 0.01646 0 4.97500 -61.65000 0.01646 6.10600 11
0.03877 -0.07702 0.01646 0 2.87500 -63.45000 0.01646 6.25500 11
-0.00854 -0.19452 0.01646 0 5.42500 -62.72500 0.01646 6.34560 11
0.09135 -0.09223 0.01646 0 2.90000 -61.42500 0.01646 6.48617 11
-0.07983 -0.31391 0.01646 0 5.52500 -59.47500 0.01646 6.57895 11
0.11243 -0.03156 0.01646 0 2.87500 -56.40000 0.01646 6.71022 11
-0.10773 -0.28542 0.01646 0 5.72500 -53.87500 0.01646 6.80518 11
0.08020 -0.04746 0.01646 0 2.47500 -49.70000 0.01646 6.93637 11
0.01146 -0.23300 0.01646 0 6.12500 -49.97500 0.01646 7.02449 11
0.01239 -0.08248 0.01646 0 2.10000 -52.35000 0.01646 7.15791 11
-0.00318 -0.25143 0.01646 0 6.40000 -51.97500 0.01646 7.24315 11
0.02240 -0.11788 0.01646 0 1.52500 -50.72500 0.01646 7.37211 11
0.05864 -0.11529 0.01646 0 6.60000 -50.45000 0.01646 7.45312 11
-0.18422 -0.23410 0.01646 0 0.45000 -55.67500 0.01646 7.58351 11
0.27343 0.32551 0.01646 0 -4.40000 -58.87500 0.01646 7.65162 11
0.23163 -0.12286 0.01646 0 7.52500 -59.02500 0.01646 7.65373 11
-0.37555 0.43867 0.01646 0 -1.62500 -63.30000 0.01646 5.42273 11
0.35342 -0.48416 0.01646 0 3.22500 -46.97500 0.01646 5.58572 11
-0.41812 0.38187 0.01646 0 -1.32500 -40.27500 0.01646 5.65245 11
0.43141 -0.33330 0.01646 0 3.60000 -24.02500 0.01646 5.80853 11
-0.44838 0.27051 0.01646 0 -1.77500 -16.07500 0.01646 5.88269 11
0.39165 -0.29113 0.01646 0 4.10000 -1.15000 0.01646 6.02256 11
-0.38083 0.12960 0.01646 0 -2.50000 7.67500 0.01646 6.10695 11
0.35532 -0.13474 0.01646 0 3.90000 21.27500 0.01646 6.23705 11
-0.38565 0.02100 0.01646 0 -2.70000 30.02500 0.01646 6.32319 11
0.33899 -0.10431 0.01646 0 3.37500 41.50000 0.01646 6.44014 11
-0.33550 -0.00021 0.01646 0 -2.47500 48.52500 0.01646 6.52236 11
0.29291 0.09937 0.01646 0 3.57500 58.02500 0.01646 6.62770 11
0.50343 -0.33569 0.01646 0 6.75000 -62.95000 0.01646 6.00205 11
-0.52423 0.17057 0.01646 0 -2.82500 -49.75000 0.01646 6.09964 11
0.66444 -0.32979 0.01646 0 6.40000 -23.60000 0.01646 6.27727 11
-0.67713 0.22761 0.01646 0 -1.67500 -7.62500 0.01646 6.37476 11
0.66042 -0.31968 0.01646 0 6.30000 20.45000 0.01646 6.54602 11
-0.52805 0.25369 0.01646 0 -1.60000 35.20000 0.01646 6.64065 11
0.55326 -0.48961 0.01646 0 5.60000 59.75000 0.01646 6.82009 11
-0.56792 -0.79878 0.00286 0 0.07500 30.65000 0.00068 1.24953 11
0.32612 0.63606 0.00286 0 2.15000 31.50000 0.00068 1.25850 11
-2.85706 2.38546 0.00286 0 0.67500 33.72500 0.00068 1.27863 11
-7.65324 10.56284 0.00286 0 1.02500 37.22500 0.00068 1.29633 11
10.96770 -14.87702 0.00286 0 1.57500 38.32500 0.00068 1.31224 11
0.87475 -0.13768 0.00286 0 2.15000 39.30000 0.00068 1.32048 11
-1.07753 -1.10717 0.00744 0 -3.42500 -56.57500 0.00710 1.04716 11
1.13448 1.33450 0.00744 0 2.10000 -52.25000 0.00710 1.07186 11
-0.84123 -1.21317 0.00744 0 -4.05000 -41.35000 0.00710 1.15946 11
0.68583 1.11481 0.00744 0 1.92500 -38.12500 0.00710 1.18363 11
-0.60419 -0.91702 0.00744 0 -4.12500 -27.67500 0.00710 1.26726 11
0.61486 0.89952 0.00744 0 2.60000 -24.10000 0.00710 1.29532 11
-0.64301 -0.80570 0.00744 0 -4.42500 -15.45000 0.00710 1.37143 11
0.62670 0.79286 0.00744 0 2.35000 -11.60000 0.00710 1.40035 11
-0.60308 -0.75006 0.00744 0 -3.22500 -0.40000 0.00710 1.47901 11
0.67208 0.86225 0.00744 0 3.37500 3.45000 0.00710 1.50749 11
-0.91158 -0.91143 0.00744 0 -3.10000 14.22500 0.00710 1.57580 11
0.96201 0.88225 0.00744 0 2.42500 18.70000 0.00710 1.60168 11
-1.53822 -2.30099 0.00744 0 -2.60000 28.67500 0.00710 1.67207 11
1.21216 2.25330 0.00744 0 0.25000 30.22500 0.00710 1.68321 11
-8.37155 -27.44892 0.00744 0 -0.37500 40.92500 0.00710 1.76886 11
0.12169 -1.22036 0.00744 0 -1.60000 41.97500 0.00710 1.81171 11
0.06615 1.04261 0.00744 0 1.27500 41.55000 0.00710 1.82261 11
0.89974 -1.44766 0.00744 0 1.42500 21.65000 0.00710 1.99459 11
-2.08154 2.97989 0.00744 0 2.05000 21.32500 0.00710 1.99727 11
2.08677 -1.37132 0.00744 0 2.35000 20.85000 0.00710 1.99954 11
-1.63458 2.96133 0.00744 0 2.72500 20.47500 0.00710 2.00142 11
0.47681 -1.16484 0.00744 0 2.87500 20.15000 0.00710 2.00379 11
0.62876 -1.07701 0.00744 0 1.80000 21.40000 0.00710 1.99851 11
-0.03680 -0.31655 0.00744 0 -0.75000 41.32500 0.00710 1.83805 11
0.10935 0.58318 0.00744 0 1.17500 41.37500 0.00710 1.84694 11
-11.97969 -8.12910 0.00744 0 0.22500 42.82500 0.00710 1.86551 11
0.55765 0.39890 0.00744 0 -0.90000 47.05000 0.00710 1.89026 11
0.53649 0.25272 0.00744 0 0.10000 -61.12500 0.00710 1.02130 11
-0.34609 -0.45169 0.00744 0 5.70000 -55.52500 0.00710 1.06024 11
0.39559 0.08126 0.00744 0 0.60000 -52.12500 0.00710 1.09638 11
-0.70445 0.09736 0.00744 0 -4.05000 -45.97500 0.00710 1.12864 11
-1.30351 -0.93366 0.00744 0 8.15000 -45.47500 0.00710 1.13200 11
0.49535 -0.42745 0.00744 0 1.32500 -39.25000 0.00710 1.16970 11
-0.21433 0.37263 0.00744 0 -3.62500 -37.42500 0.00710 1.19297 11
-1.28162 -1.23536 0.00744 0 0.57500 -39.87500 0.00710 1.23153 11
0.74938 0.33302 0.00744 0 -2.75000 -41.75000 0.00710 1.24600 11
-0.74801 -0.20903 0.00744 0 0.57500 -46.27500 0.00710 1.27238 11
0.47479 -0.08093 0.00744 0 -2.85000 -49.85000 0.00710 1.29417 11
-0.41572 0.01147 0.00744 0 0.75000 -52.45000 0.00710 1.31501 11
0.39392 0.37490 0.00744 0 -2.80000 -53.70000 0.00710 1.33220 11
-4.55692 -0.95923 0.00744 0 -1.27500 6.95000 0.00710 1.48684 11
4.55190 1.58469 0.00744 0 -0.47500 10.15000 0.00710 1.49819 11
-0.87509 -0.04511 0.00744 0 -1.37500 16.07500 0.00710 1.51943 11
0.91635 0.04809 0.00744 0 0.95000 19.52500 0.00710 1.53606 11
-0.45856 0.29727 0.00744 0 -1.70000 21.10000 0.00710 1.54996 11
0.41867 -0.37586 0.00744 0 0.85000 23.15000 0.00710 1.56945 11
-0.26135 -0.19426 0.00744 0 -1.57500 25.20000 0.00710 1.58423 11
0.39708 0.10269 0.00744 0 0.95000 26.22500 0.00710 1.59748 11
0.12803 0.47317 0.00744 0 -1.00000 33.60000 0.00710 1.63333 11
-0.12981 -0.22520 0.00744 0 0.55000 33.10000 0.00710 1.64605 11
-1.02399 -0.42108 0.00744 0 -0.47500 34.60000 0.00710 1.66007 11
-0.99258 7.43901 0.00744 0 -1.90000 25.22500 0.00710 1.58504 11
-1.33081 -0.50330 0.00744 0 -1.92500 25.22500 0.00710 1.58505 11
1.59893 0.54046 0.01806 0 -2.57500 -37.62500 0.00185 1.10611 -11
-1.77821 -0.40169 0.01806 0 6.90000 -19.00000 0.00185 1.18042 -11
1.76995 0.36103 0.01806 0 -0.02500 11.87500 0.00185 1.29578 -11
-1.36366 -0.18475 0.01806 0 -2.87500 28.80000 0.00185 1.36386 -11
1.19478 0.33385 0.01806 0 -1.10000 55.30000 0.00185 1.47913 -11
0.60570 0.53955 0.00279 0 -1.62500 -47.12500 0.00270 0.68441 -11
-0.28063 -0.31596 0.00279 0 -3.77500 -48.37500 0.00270 0.69467 -11
0.24466 -0.11216 0.00279 0 -1.47500 -50.30000 0.00270 0.71050 -11
-0.14907 0.38440 0.00279 0 -3.72500 -51.52500 0.00270 0.72734 -11
-0.62417 0.38597 0.00279 0 -1.47500 -52.15000 0.00270 0.74318 -11
0.97056 -0.27417 0.00279 0 -2.67500 -50.05000 0.00270 0.75725 -11
-4.62461 -2.56150 0.00279 0 -2.52500 -49.25000 0.00270 0.76945 -11
-0.03587 0.66878 0.00279 0 0.57500 44.22500 0.00270 0.07702 -11
-0.26056 -0.35501 0.00279 0 2.77500 45.27500 0.00270 0.08767 -11
0.24890 0.37501 0.00279 0 0.77500 46.20000 0.00270 0.10284 -11
5.15100 -9.10854 0.00279 0 1.37500 46.47500 0.00270 0.10572 -11
0.14166 -0.98658 0.00279 0 1.67500 46.40000 0.00270 0.10743 -11
-0.20543 1.18014 0.00279 0 0.72500 46.30000 0.00270 0.11949 -11
-1.00288 -0.44198 0.00362 0 -1.90000 -54.72500 0.00095 0.85808 11
0.98012 0.35645 0.00362 0 2.25000 -50.07500 0.00095 0.88188 11
-0.97294 -0.08304 0.00362 0 -1.95000 -42.72500 0.00095 0.91787 11
0.87356 0.05281 0.00362 0 1.95000 -36.75000 0.00095 0.94593 11
-1.04888 -0.16943 0.00362 0 -1.92500 -30.20000 0.00095 0.97732 11
1.12359 0.32882 0.00362 0 1.55000 -25.02500 0.00095 1.00098 11
-5.42827 -4.81982 0.00362 0 0.07500 -14.05000 0.00095 1.04775 11
9.78950 9.07948 0.00362 0 0.70000 -13.32500 0.00095 1.05103 11
-1.84740 -0.55194 0.00362 0 -1.67500 -9.22500 0.00095 1.07318 11
2.24967 0.81026 0.00362 0 -0.47500 -6.75000 0.00095 1.08305 11
-0.67681 -0.19683 0.00362 0 -3.10000 -4.85000 0.00095 1.09914 11
0.83728 0.45304 0.00362 0 -0.92500 -2.77500 0.00095 1.11197 11
0.50409 -1.08358 0.00362 0 -1.52500 -3.45000 0.00095 1.13413 11
1.68704 4.17002 0.00362 0 -0.50000 -3.40000 0.00095 1.13836 11
0.43010 1.90558 0.00362 0 -0.55000 -2.30000 0.00095 1.14340 11
-1.05587 -2.21107 0.00362 0 0.92500 -13.10000 0.00095 1.05149 11
-2.26241 -8.11453 0.00362 0 1.05000 -13.02500 0.00095 1.05215 11
-0.99260 -2.56723 0.00362 0 1.10000 -13.00000 0.00095 1.05252 11
0.24957 0.34996 0.00362 0 2.00000 -12.30000 0.00095 1.05625 11
0.44141 0.63359 0.00362 0 2.22500 -11.87500 0.00095 1.06599 11
-0.33351 -0.41804 0.00362 0 2.97500 -12.07500 0.00095 1.07748 11
-3.84985 0.43969 0.00362 0 2.15000 -57.20000 0.00095 0.84118 11
3.01857 -0.55446 0.00362 0 3.25000 -48.42500 0.00095 0.87213 11
-0.15336 -0.49128 0.00362 0 -0.77500 -5.47500 0.00095 1.02837 11
0.13974 0.38146 0.00362 0 1.85000 -5.12500 0.00095 1.03981 11
-0.63182 0.45717 0.00362 0 -0.82500 -3.92500 0.00095 1.05517 11
1.08935 -0.42309 0.00362 0 1.27500 -1.27500 0.00095 1.07476 11
-0.48406 0.26600 0.00362 0 -0.80000 0.85000 0.00095 1.08765 11
0.62614 -0.47858 0.00362 0 1.27500 2.67500 0.00095 1.10426 11
-0.47690 0.03149 0.00362 0 -0.30000 5.90000 0.00095 1.12163 11
0.53369 -0.39014 0.00362 0 1.17500 7.45000 0.00095 1.14848 11
-88.10598 401.44842 0.00362 0 2.32500 -57.77500 0.00095 0.83993 11
-2.55994 -1.31333 0.00362 0 7.10000 -49.35000 0.00095 0.87496 11
2.37430 0.77165 0.00362 0 8.30000 -46.67500 0.00095 0.88521 11
4.81436 -1.44338 0.00362 0 -3.07500 -41.80000 0.00095 0.90277 11
-0.40731 -1.00405 0.00362 0 6.55000 -38.00000 0.00095 0.92031 11
0.17816 0.35331 0.00362 0 -2.67500 -37.10000 0.00095 0.93325 11
0.74601 1.12633 0.00362 0 -3.82500 -35.22500 0.00095 0.96272 11
10.41385 -13.15463 0.00362 0 6.85000 -34.40000 0.00095 0.98711 11
-3.08376 2.52000 0.00362 0 5.85000 -35.60000 0.00095 0.99242 11
0.44830 -0.30030 0.00362 0 6.72500 -53.77500 0.00095 0.87493 11
-0.31975 -1.56347 0.00362 0 7.42500 -53.80000 0.00095 0.88137 11
-3.25500 -0.23073 0.00362 0 -0.52500 -57.42500 0.00095 0.84731 11
29.99351 -0.17523 0.00362 0 0.60000 -47.82500 0.00095 0.88050 11
-7.29846 -0.58449 0.00362 0 0.60000 -47.50000 0.00095 0.88183 11
10.00229 1.48018 0.00362 0 1.47500 -43.35000 0.00095 0.89607 11
-54.74811 -3.42604 0.00362 0 1.45000 -41.75000 0.00095 0.90152 11
-0.06711 0.47507 0.00362 0 -0.67500 -40.70000 0.00095 0.91870 11
-1.85556 -3.38593 0.00362 0 0.35000 -41.07500 0.00095 0.93564 11
-0.54080 -0.04995 0.00362 0 1.07500 -42.97500 0.00095 0.95457 11
-0.86889 0.14508 0.00362 0 1.50000 -41.65000 0.00095 0.90137 11
1.01433 -0.31186 0.00362 0 2.77500 -39.55000 0.00095 0.91279 11
-0.51199 0.52576 0.00362 0 2.62500 -39.35000 0.00095 0.91397 11
0.15195 -0.15723 0.00362 0 3.87500 -38.65000 0.00095 0.92614 11
0.09351 0.59551 0.00362 0 2.67500 -39.17500 0.00095 0.93558 11
-0.35811 -0.72267 0.00362 0 3.47500 -39.82500 0.00095 0.94656 11
-1.43209 -0.75359 0.00362 0 3.87500 -59.92500 0.00095 0.85764 11
1.56260 1.22257 0.00362 0 6.82500 -57.05000 0.00095 0.87223 11
1.58028 1.44755 0.00362 0 -4.35000 -56.17500 0.00095 0.87668 11
-3.26269 -3.19939 0.00362 0 -4.27500 27.45000 0.00095 1.30927 11
1.48891 1.10617 0.00362 0 -2.10000 29.77500 0.00095 1.32030 11
-2.44133 1.09013 0.00362 0 -3.45000 34.87500 0.00095 1.33965 11
3.31057 -1.54760 0.00362 0 -1.95000 42.15000 0.00095 1.36878 11
-1.36456 0.56510 0.00362 0 -2.10000 42.50000 0.00095 1.37016 11
0.84979 0.02741 0.00362 0 0.22500 46.95000 0.00095 1.39247 11
-4.64951 -4.52586 0.00362 0 -1.15000 51.82500 0.00095 1.42108 11
-6.45890 -5.11317 0.00362 0 -0.77500 52.22500 0.00095 1.42293 11
2.88033 1.78719 0.00362 0 0.25000 53.75000 0.00095 1.42919 11
-0.33642 -0.79792 0.00362 0 -1.10000 56.50000 0.00095 1.44448 11
0.07359 1.00935 0.00362 0 0.15000 56.77500 0.00095 1.44978 11
-4.21912 3.46185 0.00362 0 -0.97500 58.05000 0.00095 1.46266 11
-4.19065 -0.81132 0.00362 0 -0.55000 58.72500 0.00095 1.47388 11
1.67291 0.20118 0.00362 0 -0.55000 58.75000 0.00095 1.47405 11
152.42533 17.63205 0.00362 0 4.67500 53.90000 0.00095 1.24135 11
0.95813 -1.02566 0.00362 0 5.62500 58.97500 0.00095 1.26660 11
-1.82138 -1.12239 0.00362 0 5.62500 59.05000 0.00095 1.26698 11
0.97304 1.02802 0.00362 0 3.67500 55.87500 0.00095 1.28021 11
-0.10125 -0.71062 0.00362 0 5.25000 53.97500 0.00095 1.30590 11
-0.06282 0.18973 0.00362 0 2.37500 53.42500 0.00095 1.31832 11
0.16691 -0.02653 0.00362 0 5.50000 54.42500 0.00095 1.33549 11
-0.38291 0.41783 0.00362 0 2.42500 54.07500 0.00095 1.35136 11
0.30177 -0.53839 0.00362 0 5.02500 55.65000 0.00095 1.37246 11
-0.79694 0.90844 0.00362 0 2.97500 56.17500 0.00095 1.38095 11
1.25283 -1.61765 0.00362 0 4.75000 58.97500 0.00095 1.40102 11
-1.96232 -0.72209 0.00362 0 2.70000 61.00000 0.00095 1.41584 11
2.96196 0.57605 0.00362 0 3.35000 62.40000 0.00095 1.42202 11
-0.29412 0.15935 0.00362 0 -3.92500 -64.72500 0.00095 0.90703 11
-0.41125 -0.47841 0.00362 0 8.27500 -64.52500 0.00095 0.91008 11
0.45707 -2.56206 0.00362 0 -1.25000 -60.52500 0.00095 1.35687 11
-2.22788 0.33679 0.00362 0 -3.10000 -59.07500 0.00095 1.36630 11
1.93906 0.45594 0.00362 0 -2.37500 -56.87500 0.00095 1.37500 11
0.11697 0.77067 0.00362 0 -4.10000 -56.30000 0.00095 1.38354 11
-0.04539 -0.04705 0.00362 0 7.75000 -56.40000 0.00095 1.38653 11
0.46563 0.39534 0.00362 0 7.80000 -56.02500 0.00095 1.40403 11
-0.28319 0.86325 0.00362 0 8.22500 -63.05000 0.00095 0.93423 11
-4.41771 2.84881 0.00362 0 -3.50000 -31.50000 0.00095 0.93440 11
-1.12994 -0.74413 0.00362 0 7.87500 -29.52500 0.00095 0.94199 11
0.75957 -0.12161 0.00362 0 -1.17500 -25.75000 0.00095 0.96299 11
-0.95373 -0.58295 0.00362 0 -3.82500 -20.62500 0.00095 0.98793 11
0.94730 0.40201 0.00362 0 -1.17500 -17.85000 0.00095 1.00293 11
-1.31499 -0.33535 0.00362 0 -3.25000 -13.35000 0.00095 1.02260 11
1.95312 1.29613 0.00362 0 -1.50000 -10.27500 0.00095 1.03575 11
-2.72910 -0.33807 0.00362 0 -1.65000 5.32500 0.00095 1.14648 11
1.24238 0.21718 0.00362 0 -0.42500 7.85000 0.00095 1.15791 11
-2.73128 2.06683 0.00362 0 -0.55000 8.30000 0.00095 1.15981 11
-0.31476 -1.73630 0.00362 0 -0.00000 8.52500 0.00095 1.16357 11
-6.65663 5.98654 0.00362 0 -3.20000 -31.95000 0.00095 0.93237 11
-0.43612 0.51012 0.00362 0 -3.25000 -31.92500 0.00095 0.93238 11
-1.12682 -0.04687 0.00362 0 -1.27500 -57.75000 0.00095 0.85340 11
1.53168 0.02642 0.00362 0 2.52500 -50.92500 0.00095 0.88335 11
-0.76048 -0.21126 0.00362 0 -1.70000 -44.77500 0.00095 0.91301 11
0.60980 0.16034 0.00362 0 2.97500 -40.30000 0.00095 0.94028 11
-0.43650 -0.28093 0.00362 0 -1.82500 -36.02500 0.00095 0.97568 11
0.47628 0.26399 0.00362 0 3.12500 -33.55000 0.00095 1.00016 11
-0.66734 -0.07246 0.00362 0 -1.55000 -29.75000 0.00095 1.03025 11
0.67683 0.01725 0.00362 0 2.52500 -25.00000 0.00095 1.05717 11
-0.78159 0.01301 0.00362 0 -1.80000 -21.05000 0.00095 1.08412 11
0.77054 -0.03408 0.00362 0 2.05000 -16.32500 0.00095 1.11064 11
-0.57380 0.09568 0.00362 0 -1.85000 -12.27500 0.00095 1.13519 11
0.51153 -0.17142 0.00362 0 2.10000 -8.45000 0.00095 1.16087 11
-0.22026 -0.01941 0.00362 0 -1.97500 -6.72500 0.00095 1.18060 11
0.11995 0.05036 0.00362 0 2.30000 -5.65000 0.00095 1.20343 11
0.64994 -0.12535 0.00362 0 -1.77500 -7.00000 0.00095 1.22453 11
-0.81205 0.05376 0.00362 0 1.65000 -10.55000 0.00095 1.24628 11
0.58552 -0.01952 0.00362 0 -1.35000 -14.02500 0.00095 1.26515 11
-0.80986 -0.01621 0.00362 0 1.95000 -16.85000 0.00095 1.28487 11
1.05251 0.83942 0.00362 0 -1.10000 -19.45000 0.00095 1.30198 11
-1.74396 -1.08201 0.00362 0 0.90000 -24.87500 0.00095 1.32896 11
2.44157 1.28111 0.00362 0 0.62500 -25.35000 0.00095 1.33095 11
-1.57527 -1.19861 0.00362 0 2.20000 -50.65000 0.00095 1.42912 11
-0.59791 -0.10596 0.00362 0 1.40000 -52.72500 0.00095 1.45650 11
0.51514 -0.24229 0.00362 0 3.45000 -50.32500 0.00095 1.47169 11
-0.38088 -0.13312 0.00362 0 1.52500 -49.75000 0.00095 1.48168 11
0.26717 3.36468 0.00362 0 2.55000 -48.60000 0.00095 1.49357 11
-0.23327 0.50934 0.00362 0 2.62500 -47.67500 0.00095 1.51733 11
-62.99959 35.37621 0.00362 0 2.40000 -45.25000 0.00095 1.53656 11
0.19500 -0.13437 0.00362 0 3.30000 -24.82500 0.00095 1.68917 11
-2.27215 -0.96492 0.00362 0 6.17500 -55.85000 0.00095 0.84690 11
2.20526 0.08925 0.00362 0 -2.87500 -48.80000 0.00095 0.87452 11
-1.18485 0.29050 0.00362 0 -4.00000 -37.27500 0.00095 0.91500 11
-0.67779 -0.54312 0.00362 0 8.10000 -36.35000 0.00095 0.91916 11
-1.48380 0.07638 0.00362 0 0.50000 -59.40000 0.00095 0.84637 11
1.64934 -0.18242 0.00362 0 4.10000 -51.22500 0.00095 0.88043 11
-1.98339 0.13691 0.00362 0 3.70000 -49.00000 0.00095 0.88832 11
1.86370 -0.04934 0.00362 0 6.25000 -41.35000 0.00095 0.91790 11
-1.93976 1.07522 0.00362 0 5.35000 -35.77500 0.00095 0.93731 11
0.14118 -0.50249 0.00362 0 5.40000 -24.35000 0.00095 0.99362 11
0.16795 -0.22782 0.00362 0 2.95000 -24.15000 0.00095 1.00576 11
-0.23429 0.25863 0.00362 0 5.30000 -24.72500 0.00095 1.01750 11
0.19728 0.32423 0.00362 0 3.02500 -25.70000 0.00095 1.03122 11
0.01111 -0.14021 0.00362 0 5.05000 -26.87500 0.00095 1.04617 11
-1.37144 -0.16046 0.00362 0 -1.32500 -57.77500 0.00095 0.84624 11
1.45917 0.29396 0.00362 0 2.15000 -51.72500 0.00095 0.87190 11
-1.96880 -1.07846 0.00362 0 -0.32500 -40.37500 0.00095 0.92050 11
1.76388 0.88919 0.00362 0 1.82500 -37.07500 0.00095 0.93423 11
-0.28482 0.05498 0.00362 0 -1.62500 -19.30000 0.00095 1.00699 11
0.28490 -0.16361 0.00362 0 1.22500 -18.17500 0.00095 1.02422 11
-0.41333 0.14230 0.00362 0 -1.45000 -16.52500 0.00095 1.03967 11
0.59708 -0.12111 0.00362 0 0.87500 -14.45000 0.00095 1.05448 11
-1.37669 0.42339 0.00362 0 -0.80000 -11.12500 0.00095 1.07020 11
0.84691 -1.10669 0.00362 0 0.40000 -7.25000 0.00095 1.08744 11
-2.08982 39.45879 0.00362 0 1.07500 -7.52500 0.00095 1.09140 11
1.22340 1.06676 0.00362 0 0.97500 -9.22500 0.00095 1.11499 11
0.43529 -1.36839 0.00362 0 2.02500 -11.60000 0.00095 1.22486 11
1.27358 5.87535 0.00362 0 1.80000 -11.45000 0.00095 1.22659 11
-0.01777 0.89632 0.00362 0 0.50000 -8.25000 0.00095 1.11127 11
-24.53426 -184.59114 0.00362 0 0.47500 -8.25000 0.00095 1.11127 11
-1.21060 0.51767 0.00362 0 1.82500 -63.90000 0.00095 0.82461 11
0.77031 -0.36541 0.00362 0 6.00000 -56.00000 0.00095 0.86590 11
-0.19047 0.35660 0.00362 0 1.20000 -51.55000 0.00095 0.89428 11
0.10849 -0.12266 0.00362 0 5.85000 -49.50000 0.00095 0.92599 11
-0.03189 -0.01845 0.00362 0 0.90000 -48.20000 0.00095 0.95204 11
1.58233 -0.87754 0.00362 0 5.70000 -44.10000 0.00095 0.98571 11
-1.37568 0.48125 0.00362 0 3.45000 -40.97500 0.00095 0.99951 11
1.15818 -0.38709 0.00362 0 5.92500 -36.00000 0.00095 1.02340 11
-1.22500 -0.22175 0.00362 0 4.05000 -31.17500 0.00095 1.04297 11
1.49522 0.40556 0.00362 0 6.30000 -28.25000 0.00095 1.05761 11
4.48288 -1.43419 0.00362 0 7.05000 -25.35000 0.00095 1.06374 11
0.11370 0.14207 0.00362 0 5.47500 -22.87500 0.00095 1.09332 11
-0.17909 -0.23730 0.00362 0 8.02500 -23.30000 0.00095 1.10946 11
-0.48451 -0.74702 0.00362 0 -4.22500 -23.52500 0.00095 1.11244 11
-1.19566 1.25477 0.00362 0 7.27500 -23.20000 0.00095 1.12161 11
-2.18538 2.62871 0.00362 0 7.52500 -22.15000 0.00095 1.13597 11
0.26228 -1.37267 0.00362 0 8.22500 -19.95000 0.00095 1.15085 11
0.17474 -0.36872 0.00362 0 8.00000 -20.10000 0.00095 1.15249 11
1.23180 -0.55219 0.00362 0 -2.50000 -59.67500 0.00095 0.87648 11
-0.38767 -0.05703 0.00362 0 4.90000 -55.40000 0.00095 0.90103 11
0.43432 -0.28276 0.00362 0 7.67500 -52.70000 0.00095 0.92318 11
-0.40199 0.00829 0.00362 0 3.00000 -50.27500 0.00095 0.94784 11
0.54106 0.10546 0.00362 0 7.45000 -47.27500 0.00095 0.97309 11
-21.12164 -1.50240 0.00362 0 5.30000 -41.37500 0.00095 0.99772 11
3.26493 -0.44921 0.00362 0 5.25000 -40.72500 0.00095 0.99964 11
-0.05554 0.33578 0.00362 0 3.57500 -39.42500 0.00095 1.00830 11
-0.07138 -0.54956 0.00362 0 5.85000 -40.05000 0.00095 1.02587 11
3.67595 2.71336 0.00362 0 5.05000 -41.12500 0.00095 1.03571 11
1.02492 1.37730 0.00362 0 5.57500 -42.17500 0.00095 1.04894 11
-1.76239 -1.53391 0.00362 0 6.40000 -44.60000 0.00095 1.06133 11
-0.30878 0.49227 0.00362 0 6.17500 -44.67500 0.00095 1.06288 11
-0.33009 -0.09721 0.00362 0 3.00000 -58.60000 0.00095 0.84693 11
0.65986 -0.39920 0.00362 0 -3.27500 -52.90000 0.00095 0.89089 11
-0.84020 0.32334 0.00362 0 3.90000 -50.05000 0.00095 0.91341 11
0.23663 -0.27872 0.00362 0 8.17500 -45.77500 0.00095 0.94831 11
0.09519 -0.00027 0.00362 0 -3.87500 -45.65000 0.00095 0.95120 11
-0.25547 -0.29950 0.00362 0 3.52500 -44.20000 0.00095 0.97547 11
0.31578 0.20189 0.00362 0 7.62500 -42.60000 0.00095 0.99494 11
0.62120 0.44881 0.00362 0 -4.07500 -42.25000 0.00095 0.99779 11
-0.42441 -0.23471 0.00362 0 4.05000 -39.65000 0.00095 1.01950 11
0.53594 0.36551 0.00362 0 7.65000 -37.55000 0.00095 1.03769 11
0.34333 0.40458 0.00362 0 -4.10000 -37.35000 0.00095 1.04036 11
-0.82128 -0.62390 0.00362 0 4.57500 -34.95000 0.00095 1.06085 11
0.86666 0.78684 0.00362 0 6.80000 -33.02500 0.00095 1.07211 11
-0.52217 -1.88149 0.00362 0 6.42500 -25.60000 0.00095 1.10470 11
7.60957 -28.82271 0.00362 0 7.65000 -25.55000 0.00095 1.10880 11
-0.99573 -0.09676 0.00362 0 -2.62500 -27.45000 0.00095 1.12195 11
1.38069 0.43713 0.00362 0 -2.65000 -27.62500 0.00095 1.12270 11
3.66527 2.15937 0.00362 0 7.17500 -55.80000 0.00095 0.85402 11
1.08820 0.46123 0.00362 0 7.25000 -55.72500 0.00095 0.85426 11
4.29297 0.73274 0.00362 0 -4.10000 -53.65000 0.00095 0.86214 11
-2.13460 0.33496 0.00362 0 6.35000 -50.45000 0.00095 0.87475 11
1.97392 -0.27542 0.00362 0 8.32500 -44.12500 0.00095 0.89900 11
2.18497 -0.34777 0.00362 0 -3.72500 -42.17500 0.00095 0.90639 11
-1.94849 -0.74054 0.00362 0 6.25000 -37.67500 0.00095 0.92458 11
1.67788 0.85737 0.00362 0 7.82500 -34.87500 0.00095 0.93613 11
0.72109 -0.16559 0.00362 0 -4.17500 -34.27500 0.00095 0.93939 11
-0.52776 -0.05932 0.00362 0 5.17500 -32.27500 0.00095 0.95470 11
0.64896 -0.03550 0.00362 0 7.60000 -30.02500 0.00095 0.97051 11
-0.82242 -0.26012 0.00362 0 5.25000 -27.80000 0.00095 0.98601 11
5.32034 1.04845 0.00362 0 6.05000 -23.40000 0.00095 1.00298 11
1.06123 -0.65644 0.00362 0 6.32500 -18.07500 0.00095 1.04455 11
0.11854 0.45297 0.00362 0 6.02500 -18.00000 0.00095 1.04631 11
-0.41310 -0.38600 0.00362 0 7.25000 -18.17500 0.00095 1.05751 11
-1.58019 1.19321 0.00362 0 2.12500 -54.40000 0.00095 0.84905 11
0.74725 -0.45895 0.00362 0 6.32500 -46.57500 0.00095 0.89426 11
-1.11017 0.33725 0.00362 0 2.47500 -42.27500 0.00095 0.91701 11
1.06196 -0.15294 0.00362 0 5.85000 -35.72500 0.00095 0.94778 11
-1.19590 -0.47242 0.00362 0 2.42500 -29.37500 0.00095 0.97967 11
1.19940 0.64956 0.00362 0 5.12500 -25.60000 0.00095 0.99687 11
0.02328 -0.49142 0.00362 0 0.87500 -24.70000 0.00095 1.02457 11
0.02943 0.52532 0.00362 0 4.77500 -24.80000 0.00095 1.04128 11
0.02294 -1.01210 0.00362 0 1.10000 -25.10000 0.00095 1.06877 11
0.12956 0.79916 0.00362 0 4.00000 -24.72500 0.00095 1.08010 11
-0.52195 -1.68822 0.00362 0 1.77500 -24.15000 0.00095 1.11277 11
0.68763 1.00451 0.00362 0 3.65000 -23.30000 0.00095 1.12023 11
0.23039 -0.88721 0.00362 0 1.60000 -19.50000 0.00095 1.14829 11
-0.09266 0.39765 0.00362 0 4.35000 -20.17500 0.00095 1.16008 11
-0.38483 0.09175 0.00362 0 1.45000 -18.57500 0.00095 1.17934 11
0.44901 -0.00228 0.00362 0 4.12500 -16.50000 0.00095 1.19620 11
-0.78412 1.75960 0.00362 0 2.80000 -13.05000 0.00095 1.21031 11
-1.85207 0.07675 0.00362 0 -1.35000 -61.57500 0.00095 0.83590 11
2.07073 -0.01422 0.00362 0 1.60000 -52.42500 0.00095 0.87113 11
-1.74617 -0.10249 0.00362 0 0.27500 -47.80000 0.00095 0.88769 11
1.60914 0.20797 0.00362 0 2.65000 -41.22500 0.00095 0.91248 11
-3.10163 2.10691 0.00362 0 0.40000 -37.07500 0.00095 0.92995 11
-2.01086 -0.20102 0.00362 0 -1.30000 -58.15000 0.00095 0.85340 11
2.98956 -0.00787 0.00362 0 0.82500 -50.15000 0.00095 0.88238 11
-1.86240 -0.99188 0.00362 0 -1.15000 -37.75000 0.00095 0.93180 11
2.41287 1.71649 0.00362 0 0.52500 -35.15000 0.00095 0.94263 11
-0.89476 -0.95375 0.00362 0 -2.70000 -28.72500 0.00095 0.98499 11
0.94633 0.94575 0.00362 0 0.52500 -26.65000 0.00095 0.99919 11
-0.90948 -0.62697 0.00362 0 7.35000 -12.00000 0.00095 1.06275 11
0.97791 -0.30857 0.00362 0 -1.67500 -6.87500 0.00095 1.08821 11
-1.02747 -0.14097 0.00362 0 7.25000 -3.07500 0.00095 1.10870 11
1.74345 -1.14376 0.00362 0 -2.32500 2.57500 0.00095 1.13578 11
-493.77688 42.59159 0.00362 0 -2.17500 5.50000 0.00095 1.14131 11
-1.93300 -1.09360 0.00362 0 -1.47500 8.02500 0.00095 1.15814 11
1.43018 3.25253 0.00362 0 -0.60000 9.05000 0.00095 1.16294 11
-0.40959 -0.97338 0.00362 0 -2.27500 15.85000 0.00095 1.20472 11
0.77063 1.67811 0.00362 0 -1.02500 16.30000 0.00095 1.21008 11
4.86148 -0.76591 0.00362 0 -0.90000 17.67500 0.00095 1.22747 11
-0.05059 -0.14647 0.00362 0 -0.52500 4.37500 0.00095 1.14442 11
0.59214 -0.48143 0.01226 0 -1.20000 62.80000 0.00858 1.25542 11
-0.64219 0.51363 0.01226 0 5.12500 58.85000 0.00858 1.28482 11
0.84913 -0.85315 0.01226 0 -0.00000 49.50000 0.00858 1.34421 11
-0.79934 0.88147 0.01226 0 5.10000 46.05000 0.00858 1.36688 11
0.95559 -0.74340 0.01226 0 1.25000 36.72500 0.00858 1.42153 11
