0.10321 -0.02922 0.00173 0 8.25000 -33.87500 0.00130 1.63897 11
-0.28100 -0.06028 0.00173 0 8.20000 -34.02500 0.00130 1.65679 11
-0.55644 -0.60494 0.01061 0 6.12500 54.60000 0.01006 0.96004 11
0.47028 0.30968 0.01061 0 4.42500 48.15000 0.01006 1.01677 11
-0.54853 -0.75933 0.01061 0 5.57500 31.45000 0.01006 1.14860 11
0.35547 0.32129 0.01061 0 4.47500 25.90000 0.01006 1.20165 11
-0.41675 -0.96279 0.01061 0 4.62500 11.87500 0.01006 1.33814 11
0.28955 0.33543 0.01061 0 4.52500 8.20000 0.01006 1.38475 11
-0.41118 -0.87551 0.01061 0 4.07500 -1.50000 0.01006 1.50667 11
0.38079 0.25043 0.01061 0 4.05000 -6.12500 0.01006 1.55524 11
-0.26569 -0.55998 0.01061 0 4.45000 -15.67500 0.01006 1.66669 11
0.07317 0.25286 0.01061 0 3.80000 -17.65000 0.01006 1.71655 11
-0.09615 -0.39332 0.01061 0 4.50000 -18.42500 0.01006 1.82275 11
0.07689 0.15902 0.01061 0 2.97500 -20.72500 0.01006 1.88025 11
-0.07186 -0.61420 0.01061 0 3.55000 -22.77500 0.01006 1.97990 11
0.13810 0.36203 0.01061 0 5.92500 -24.25000 0.01006 2.01589 11
-0.03891 -0.81406 0.01061 0 4.25000 -24.55000 0.01006 2.11965 11
-0.02600 0.25524 0.01061 0 5.90000 -25.12500 0.01006 2.15928 11
-0.02153 -0.78970 0.01061 0 4.22500 -24.92500 0.01006 2.25845 11
0.06907 0.22752 0.01061 0 5.50000 -26.57500 0.01006 2.30108 11
-0.00174 -0.44629 0.01061 0 4.47500 -27.50000 0.01006 2.39091 11
0.08152 0.10890 0.01061 0 5.35000 -28.05000 0.01006 2.43673 11
0.38619 -0.34063 0.01061 0 4.40000 -23.65000 0.01006 2.51559 11
-0.34554 -0.00577 0.01061 0 5.87500 -18.45000 0.01006 2.56433 11
0.40955 -0.75655 0.01061 0 3.77500 -12.40000 0.01006 2.64300 11
-0.51441 0.79336 0.01061 0 -4.05000 -8.80000 0.01006 2.67511 11
-0.45267 0.17830 0.01061 0 7.62500 -8.50000 0.01006 2.67783 11
0.62330 -1.31963 0.01061 0 3.12500 -0.95000 0.01006 2.75982 11
-0.67504 1.49543 0.01061 0 -1.97500 0.62500 0.01006 2.77855 11
0.93223 -2.62757 0.01061 0 2.45000 10.87500 0.01006 2.86695 11
-0.48151 1.69490 0.01061 0 -1.67500 12.30000 0.01006 2.88192 11
0.32797 -2.10755 0.01061 0 1.92500 15.65000 0.01006 2.95986 11
-0.65008 2.00699 0.01061 0 0.62500 15.77500 0.01006 2.96437 11
-0.31278 -0.55771 0.01061 0 5.85000 63.80000 0.01006 0.94863 11
0.32542 0.34256 0.01061 0 3.90000 59.27500 0.01006 1.00488 11
-0.36086 -0.82536 0.01061 0 4.45000 48.77500 0.01006 1.13600 11
0.28263 0.41114 0.01061 0 5.32500 44.62500 0.01006 1.17924 11
-0.19056 -1.08712 0.01061 0 4.07500 36.72500 0.01006 1.31660 11
0.07196 0.56944 0.01061 0 5.55000 35.82500 0.01006 1.35481 11
-0.17394 -2.15071 0.01061 0 1.65000 34.47500 0.01006 1.49725 11
0.80798 3.76733 0.01061 0 -2.37500 34.02500 0.01006 1.51133 11
0.22710 0.82616 0.01061 0 7.95000 33.65000 0.01006 1.51784 11
0.27760 0.78931 0.01061 0 8.17500 23.90000 0.01006 1.67020 11
0.71463 0.61370 0.01061 0 -3.57500 62.35000 0.01006 0.82610 11
0.54387 -0.02921 0.01061 0 8.15000 61.77500 0.01006 0.82974 11
-0.47745 -0.40136 0.01061 0 -1.87500 45.70000 0.01006 0.96610 11
0.25517 0.53752 0.01061 0 -3.72500 40.45000 0.01006 1.02127 11
0.15516 0.04167 0.01061 0 8.05000 40.25000 0.01006 1.02424 11
-0.11516 -0.37015 0.01061 0 -1.10000 35.40000 0.01006 1.15316 11
0.64159 1.69206 0.01061 0 0.42500 30.95000 0.01006 1.23888 11
-0.29847 -0.99334 0.01061 0 -3.40000 22.12500 0.01006 1.38915 11
0.62699 1.83333 0.01061 0 1.27500 20.25000 0.01006 1.41499 11
-0.38716 -0.99796 0.01061 0 -4.15000 10.75000 0.01006 1.56656 11
0.74378 1.77586 0.01061 0 0.97500 8.75000 0.01006 1.59096 11
-1.21821 -2.47292 0.01061 0 7.40000 -6.65000 0.01006 1.73506 11
1.19092 2.52090 0.01061 0 1.37500 -9.82500 0.01006 1.75842 11
0.35201 -2.80026 0.01061 0 4.35000 -47.62500 0.01006 2.85641 11
0.60469 2.65329 0.01061 0 0.72500 -47.25000 0.01006 2.86884 11
0.18332 0.30494 0.01061 0 -0.10000 64.45000 0.01006 1.49028 11
-0.38057 -0.49557 0.01061 0 3.22500 53.75000 0.01006 0.96227 11
0.43464 0.44050 0.01061 0 1.02500 47.90000 0.01006 1.01990 11
-0.44168 -0.57294 0.01061 0 2.70000 32.90000 0.01006 1.15395 11
0.54615 0.42431 0.01061 0 1.07500 27.65000 0.01006 1.20840 11
-0.66117 -0.40172 0.01061 0 2.27500 9.52500 0.01006 1.33186 11
0.60066 0.22160 0.01061 0 0.95000 -0.07500 0.01006 1.39409 11
-0.54701 -0.29885 0.01061 0 2.52500 -17.40000 0.01006 1.50933 11
0.55413 0.21151 0.01061 0 1.20000 -27.05000 0.01006 1.57291 11
-0.60721 -0.40468 0.01061 0 2.45000 -43.00000 0.01006 1.68716 11
0.39548 0.13760 0.01061 0 0.97500 -51.07500 0.01006 1.74839 11
-0.36304 -0.27971 0.01061 0 3.07500 -62.75000 0.01006 1.85339 11
0.23600 -0.32326 0.01061 0 2.60000 -58.45000 0.01006 2.32037 11
-0.08049 0.12408 0.01061 0 1.90000 -56.72500 0.01006 2.37244 11
-0.05129 -0.28610 0.01061 0 2.67500 -56.85000 0.01006 2.46420 11
0.03867 0.10762 0.01061 0 2.72500 -58.42500 0.01006 2.51271 11
0.08670 -0.32781 0.01061 0 2.97500 -55.42500 0.01006 2.59949 11
-0.08550 0.19181 0.01061 0 2.77500 -53.27500 0.01006 2.65169 11
-0.07541 -0.40130 0.01061 0 2.15000 -51.70000 0.01006 2.73581 11
0.32251 0.11613 0.01061 0 2.80000 -53.95000 0.01006 2.78352 11
-0.24173 -0.29871 0.01061 0 1.92500 -59.97500 0.01006 2.86493 11
0.14327 0.10860 0.01061 0 2.82500 -62.12500 0.01006 2.91206 11
-0.08083 -0.21661 0.01061 0 2.00000 -63.97500 0.01006 2.98364 11
0.10109 -0.05020 0.01061 0 3.05000 -64.35000 0.01006 3.03054 11
-0.14814 -1.65706 0.01061 0 6.60000 -60.32500 0.01006 3.46909 11
-0.02330 0.65184 0.01061 0 1.90000 -60.07500 0.01006 3.49834 11
0.03202 -2.13210 0.01061 0 7.97500 -60.37500 0.01006 3.56723 11
-0.70681 0.44634 0.01061 0 3.80000 -64.10000 0.01006 3.60225 11
-0.48224 -2.33033 0.01061 0 -1.57500 -14.82500 0.01006 6.53802 11
0.51782 1.75992 0.01061 0 0.37500 -14.22500 0.01006 6.54512 11
0.69709 -1.26177 0.01061 0 -1.10000 -11.85000 0.01006 6.58296 11
-0.48321 0.96909 0.01061 0 1.17500 -12.75000 0.01006 6.59199 11
0.82186 -1.18067 0.01061 0 -1.27500 -16.85000 0.01006 6.62015 11
-0.56047 1.39762 0.01061 0 0.65000 -17.82500 0.01006 6.62813 11
0.91460 -0.78181 0.01061 0 -0.57500 -21.70000 0.01006 6.65333 11
-0.94212 1.07682 0.01061 0 1.15000 -22.87500 0.01006 6.66165 11
6.22844 -7.57240 0.01061 0 0.77500 -27.75000 0.01006 6.68445 11
-1.80964 -3.48239 0.01061 0 -0.50000 -21.57500 0.01006 6.65372 11
-0.21051 0.79194 0.01061 0 -0.42500 -21.55000 0.01006 6.65373 11
-0.47029 -0.40548 0.01061 0 4.40000 49.87500 0.01006 0.96567 11
0.60915 0.21335 0.01061 0 1.47500 40.57500 0.01006 1.03438 11
-0.45912 -0.36191 0.01061 0 3.70000 23.77500 0.01006 1.15747 11
0.57183 0.22449 0.01061 0 1.75000 14.52500 0.01006 1.22194 11
-0.56012 -0.39600 0.01061 0 3.07500 -3.17500 0.01006 1.34475 11
0.56293 0.27697 0.01061 0 1.47500 -11.60000 0.01006 1.40615 11
-0.56747 -0.47894 0.01061 0 2.50000 -28.30000 0.01006 1.52063 11
0.23839 0.35513 0.01061 0 1.42500 -31.50000 0.01006 1.57139 11
-0.32844 -0.69622 0.01061 0 2.22500 -40.77500 0.01006 1.68984 11
0.44416 0.33908 0.01061 0 1.87500 -43.00000 0.01006 1.73661 11
-0.48773 -0.56057 0.01061 0 -0.72500 -52.90000 0.01006 1.81979 11
0.44491 0.63792 0.01061 0 3.55000 -56.45000 0.01006 1.85042 11
-0.13168 0.50040 0.00246 0 1.85000 -42.90000 0.00235 1.73666 11
0.30307 -0.38921 0.00246 0 5.42500 -42.20000 0.00235 1.76310 11
-0.82921 0.14531 0.00246 0 2.57500 -39.57500 0.00235 1.77892 11
0.75729 -0.26947 0.00246 0 5.20000 -35.57500 0.00235 1.80027 11
-0.99277 1.37609 0.00246 0 3.07500 -33.80000 0.00235 1.81090 11
-0.41635 -0.00131 0.01061 0 -2.77500 63.82500 0.01006 0.93766 11
0.38224 -0.10724 0.01061 0 6.70000 56.50000 0.01006 1.00474 11
-0.32526 -0.44735 0.01061 0 8.00000 49.75000 0.01006 1.09952 11
-0.21496 -0.23863 0.01061 0 -4.27500 49.57500 0.01006 1.10220 11
0.35168 0.57117 0.01061 0 -3.72500 45.87500 0.01006 1.14854 11
0.41133 0.07691 0.01061 0 8.05000 45.60000 0.01006 1.15160 11
-0.50501 -0.83135 0.01061 0 6.57500 35.37500 0.01006 1.25325 11
0.61857 0.78169 0.01061 0 -3.55000 30.75000 0.01006 1.29554 11
0.66059 0.15307 0.01061 0 8.05000 30.25000 0.01006 1.29914 11
-0.55189 -0.43198 0.01061 0 5.57500 16.55000 0.01006 1.38922 11
0.45613 0.00178 0.01061 0 6.85000 10.27500 0.01006 1.44031 11
-0.50177 -0.57551 0.01061 0 4.00000 -1.57500 0.01006 1.52181 11
0.62983 0.00684 0.01061 0 7.15000 -6.80000 0.01006 1.56174 11
-0.42793 -0.30505 0.01061 0 4.70000 -16.87500 0.01006 1.63692 11
0.36438 -0.36162 0.01061 0 7.02500 -22.40000 0.01006 1.68594 11
-0.36070 0.03307 0.01061 0 5.37500 -28.40000 0.01006 1.74549 11
0.22360 -0.54086 0.01061 0 7.45000 -33.22500 0.01006 1.80635 11
-0.27594 -0.07554 0.01061 0 5.35000 -36.25000 0.01006 1.85945 11
0.37751 0.16788 0.01061 0 -3.82500 -41.90000 0.01006 1.91142 11
0.31298 -0.32241 0.01061 0 8.22500 -42.22500 0.01006 1.91450 11
-0.36039 -0.29468 0.01061 0 4.62500 -47.70000 0.01006 1.96834 11
0.32308 0.31918 0.01061 0 -3.67500 -51.80000 0.01006 2.00776 11
0.27963 -0.28369 0.01061 0 8.30000 -52.07500 0.01006 2.01094 11
0.06244 -2.38554 0.01061 0 1.92500 -47.47500 0.01006 2.08574 11
-0.35507 0.99452 0.01061 0 -4.27500 -46.40000 0.01006 2.10886 11
-0.30263 0.18897 0.01061 0 7.40000 -46.20000 0.01006 2.11119 11
0.18408 -1.59659 0.01061 0 0.40000 -43.40000 0.01006 2.18041 11
-0.26130 2.00324 0.01061 0 -3.62500 -42.75000 0.01006 2.19490 11
-0.19191 0.57046 0.01061 0 7.52500 -42.62500 0.01006 2.19861 11
0.08712 -2.18731 0.01061 0 -1.70000 -41.45000 0.01006 2.26723 11
0.06707 0.57275 0.01061 0 6.45000 -41.90000 0.01006 2.28126 11
0.24252 -1.45805 0.01061 0 -2.62500 -43.60000 0.01006 2.34026 11
0.12397 0.81697 0.01061 0 6.55000 -43.80000 0.01006 2.35055 11
0.32815 1.01003 0.01061 0 7.22500 -53.55000 0.01006 2.46251 11
0.48408 -0.03357 0.01061 0 0.95000 64.50000 0.01006 0.84278 11
-0.68881 -0.09988 0.01061 0 4.77500 48.52500 0.01006 0.95073 11
0.91087 -0.22022 0.01061 0 3.25000 32.52500 0.01006 1.03248 11
-0.48190 0.39367 0.01061 0 7.22500 25.00000 0.01006 1.11181 11
-0.59028 0.85569 0.01061 0 -4.42500 24.70000 0.01006 1.11419 11
0.65184 -0.84379 0.01061 0 4.75000 9.82500 0.01006 1.22205 11
-0.84043 0.25111 0.01061 0 5.60000 -4.97500 0.01006 1.29905 11
1.18002 -0.16035 0.01061 0 7.30000 -22.87500 0.01006 1.37812 11
-1.61633 -0.44054 0.01061 0 4.62500 -47.65000 0.01006 1.48385 11
1.57648 0.41158 0.01061 0 -2.67500 -62.67500 0.01006 1.54283 11
-0.45959 -0.35993 0.01061 0 -1.02500 55.50000 0.01006 0.95738 11
0.36500 0.29830 0.01061 0 -3.70000 47.87500 0.01006 1.02089 11
0.40714 -0.21716 0.01061 0 8.27500 47.57500 0.01006 1.02403 11
-0.45219 -0.25103 0.01061 0 -1.02500 33.72500 0.01006 1.14135 11
0.32481 0.42275 0.01061 0 -3.57500 28.17500 0.01006 1.20182 11
0.27284 -0.15185 0.01061 0 8.30000 27.90000 0.01006 1.20508 11
-0.26808 -0.07159 0.01061 0 -0.20000 20.35000 0.01006 1.31560 11
0.25435 0.16058 0.01061 0 -3.80000 15.15000 0.01006 1.38561 11
0.27592 -0.43806 0.01061 0 8.30000 14.92500 0.01006 1.38866 11
-0.20649 0.17434 0.01061 0 0.17500 9.10000 0.01006 1.48172 11
0.21739 -0.13402 0.01061 0 -3.72500 3.92500 0.01006 1.56528 11
-0.19840 0.16644 0.01061 0 -0.00000 -1.57500 0.01006 1.65100 11
0.12586 -0.10664 0.01061 0 -3.62500 -4.87500 0.01006 1.72890 11
0.12633 -0.00317 0.01061 0 -1.15000 -1.97500 0.01006 1.81389 11
-0.31181 0.10031 0.01061 0 -2.67500 2.47500 0.01006 1.87539 11
0.16014 -0.06976 0.01061 0 -1.72500 9.55000 0.01006 1.96422 11
-0.24149 0.20092 0.01061 0 -2.77500 13.07500 0.01006 2.02318 11
0.14289 0.04837 0.01061 0 -1.97500 17.72500 0.01006 2.10494 11
-0.12298 0.24079 0.01061 0 -2.80000 20.30000 0.01006 2.16404 11
0.18276 -0.04579 0.01061 0 -2.62500 24.10000 0.01006 2.24787 11
-0.22621 0.25897 0.01061 0 -2.32500 26.97500 0.01006 2.29812 11
0.21825 -0.01817 0.01061 0 -2.75000 32.32500 0.01006 2.37817 11
-0.33445 0.33694 0.01061 0 -1.57500 36.42500 0.01006 2.42706 11
0.29987 -0.24158 0.01061 0 8.10000 41.02500 0.01006 2.48790 11
0.33038 -0.00202 0.01061 0 -4.00000 41.30000 0.01006 2.49077 11
-0.34428 0.05637 0.01061 0 -1.85000 45.45000 0.01006 2.53869 11
0.17668 -0.10006 0.01061 0 7.80000 49.95000 0.01006 2.59451 11
0.11158 0.65393 0.01061 0 -3.92500 50.02500 0.01006 2.59725 11
0.05479 -0.22921 0.01061 0 -1.55000 49.67500 0.01006 2.65698 11
-0.21414 0.23110 0.01061 0 7.42500 46.80000 0.01006 2.69988 11
-0.30975 0.60616 0.01061 0 -4.32500 46.62500 0.01006 2.70218 11
0.46120 -0.66465 0.01061 0 0.75000 41.27500 0.01006 2.75516 11
-0.40177 0.63328 0.01061 0 6.82500 38.85000 0.01006 2.78044 11
0.42719 -0.41238 0.01061 0 0.62500 33.37500 0.01006 2.83501 11
-0.38353 0.13991 0.01061 0 8.45000 29.62500 0.01006 2.87195 11
-0.28429 0.24414 0.01061 0 -3.35000 29.32500 0.01006 2.87553 11
0.30859 -0.14250 0.01061 0 2.07500 27.32500 0.01006 2.91269 11
-0.24597 -0.01243 0.01061 0 8.45000 25.92500 0.01006 2.94656 11
-0.24510 0.13757 0.01061 0 -3.47500 25.60000 0.01006 2.95004 11
0.25485 -0.37827 0.01061 0 2.77500 23.00000 0.01006 2.98156 11
-0.40613 0.39070 0.01061 0 7.95000 21.37500 0.01006 3.00492 11
-0.83978 0.19978 0.01061 0 -3.82500 20.80000 0.01006 3.00842 11
0.96350 -0.30565 0.01061 0 5.02500 13.95000 0.01006 3.03684 11
-0.79711 0.13207 0.01061 0 -2.90000 8.67500 0.01006 3.06471 11
-0.03289 -0.22708 0.01061 0 4.42500 5.62500 0.01006 3.08970 11
0.13822 0.00321 0.01061 0 -2.77500 6.05000 0.01006 3.11636 11
-0.68316 -0.03738 0.01061 0 4.65000 7.92500 0.01006 3.14093 11
0.69273 0.12384 0.01061 0 8.32500 11.65000 0.01006 3.16354 11
1.11881 -0.01322 0.01061 0 -3.55000 12.65000 0.01006 3.16833 11
-0.88723 0.09670 0.01061 0 5.55000 16.40000 0.01006 3.18710 11
1.15846 -0.32475 0.01061 0 8.35000 21.07500 0.01006 3.21082 11
1.94645 1.00033 0.01061 0 7.37500 28.70000 0.01006 3.23705 11
0.31001 0.11113 0.01061 0 -3.65000 30.55000 0.01006 3.24933 11
-0.20159 0.06230 0.01061 0 5.85000 32.35000 0.01006 3.26339 11
0.14487 -0.24980 0.01061 0 8.50000 33.02500 0.01006 3.27961 11
-0.09310 -1.04120 0.01061 0 -3.62500 32.85000 0.01006 3.28322 11
1.08421 1.01103 0.01061 0 -4.27500 32.65000 0.01006 3.28588 11
-0.73236 0.07359 0.01061 0 -4.10000 31.97500 0.01006 3.29207 11
-0.88034 -1.21176 0.01061 0 1.12500 47.25000 0.01006 0.94585 11
0.79604 1.01617 0.01061 0 5.50000 43.20000 0.01006 0.97583 11
-2.35369 -3.78153 0.01061 0 -1.17500 20.85000 0.01006 1.12703 11
2.80835 4.93219 0.01061 0 -2.27500 20.22500 0.01006 1.13152 11
0.53653 0.79121 0.01061 0 8.00000 19.05000 0.01006 1.13892 11
-0.40610 -2.71200 0.01061 0 2.22500 -10.97500 0.01006 1.42650 11
0.71151 1.99591 0.01061 0 -0.97500 -11.77500 0.01006 1.43772 11
-0.57243 -1.25354 0.01061 0 6.82500 -21.70000 0.01006 1.55058 11
0.55073 1.08687 0.01061 0 -0.42500 -24.87500 0.01006 1.57871 11
-2.80153 -4.36098 0.01061 0 5.30000 -40.92500 0.01006 1.69152 11
3.43742 9.73591 0.01061 0 0.92500 -43.32500 0.01006 1.70880 11
-0.82818 -1.47041 0.01061 0 4.52500 -48.27500 0.01006 1.78362 11
0.41565 0.78233 0.01061 0 -0.75000 -51.15000 0.01006 1.80540 11
0.55370 -1.39113 0.00164 0 5.05000 -56.92500 0.00164 1.86467 11
-0.49561 0.79228 0.00164 0 3.50000 -56.10000 0.00164 1.87123 11
0.59159 -0.66438 0.00164 0 5.30000 -54.30000 0.00164 1.89061 11
-0.47884 0.20142 0.00164 0 5.15000 -54.05000 0.00164 1.89202 11
0.46444 -0.42585 0.00164 0 7.05000 -52.70000 0.00164 1.90614 11
-0.83236 0.30093 0.00164 0 5.57500 -52.22500 0.00164 1.91299 11
2.27009 -0.61608 0.00164 0 6.80000 -49.97500 0.00164 1.92611 11
1.66435 0.31737 0.00164 0 6.95000 -30.62500 0.00164 2.00783 11
-0.02391 -0.01795 0.01061 0 0.42500 63.72500 0.01006 1.34053 11
0.01583 -0.30850 0.01061 0 6.92500 62.72500 0.01006 1.41998 11
-0.12010 0.00503 0.01061 0 0.15000 60.27500 0.01006 1.52776 11
0.10129 -0.54563 0.01061 0 6.57500 58.27500 0.01006 1.61458 11
-0.05960 0.45393 0.01061 0 -1.12500 56.70000 0.01006 1.69346 11
0.14406 -0.85032 0.01061 0 6.15000 55.60000 0.01006 1.79316 11
-0.07770 0.49215 0.01061 0 -1.42500 53.17500 0.01006 1.86959 11
0.11301 -0.71833 0.01061 0 6.32500 51.75000 0.01006 1.96587 11
-0.05379 0.44015 0.01061 0 -1.25000 49.90000 0.01006 2.04549 11
-0.03089 -0.95963 0.01061 0 6.97500 49.27500 0.01006 2.14155 11
0.03712 0.45489 0.01061 0 -2.45000 49.75000 0.01006 2.20809 11
-0.07393 -0.57246 0.01061 0 6.05000 50.52500 0.01006 2.29433 11
-0.29045 0.45974 0.01061 0 -2.85000 49.35000 0.01006 2.36826 11
0.34145 -0.75914 0.01061 0 7.30000 43.10000 0.01006 2.44973 11
-0.32008 0.20164 0.01061 0 7.42500 38.35000 0.01006 2.50745 11
-0.38476 0.59958 0.01061 0 -4.32500 38.15000 0.01006 2.50975 11
0.45289 -0.36389 0.01061 0 -4.47500 28.62500 0.01006 2.59190 11
0.65466 -0.95076 0.01061 0 8.05000 28.25000 0.01006 2.59508 11
-0.21776 0.50972 0.01061 0 -2.87500 23.80000 0.01006 2.65922 11
0.17919 -0.42077 0.01061 0 -3.47500 19.42500 0.01006 2.73781 11
-0.46367 0.30268 0.01061 0 -2.57500 16.62500 0.01006 2.79794 11
0.60865 0.15530 0.01061 0 -1.22500 8.15000 0.01006 2.85558 11
-0.71001 -0.09396 0.01061 0 -3.62500 -4.65000 0.01006 2.93382 11
0.55794 0.13398 0.01061 0 -0.65000 -12.95000 0.01006 2.98165 11
-0.60396 0.24838 0.01061 0 -2.15000 -22.55000 0.01006 3.05117 11
0.61578 -0.41660 0.01061 0 -0.05000 -31.07500 0.01006 3.11129 11
-0.75335 0.46059 0.01061 0 8.35000 -37.00000 0.01006 3.15203 11
-0.89928 0.60310 0.01061 0 -3.07500 -37.87500 0.01006 3.15701 11
0.79340 -0.43676 0.01061 0 1.05000 -49.27500 0.01006 3.22054 11
-0.85619 0.19072 0.01061 0 8.35000 -57.02500 0.01006 3.26204 11
-0.71697 0.78742 0.01061 0 -2.90000 -57.85000 0.01006 3.26722 11
0.52328 -0.21303 0.01061 0 7.32500 -59.25000 0.01006 3.27200 11
-0.45957 -0.89135 0.01061 0 -3.25000 -61.12500 0.01006 3.28757 11
-0.00745 0.04900 0.01061 0 -3.45000 -62.85000 0.01006 3.30917 11
0.49582 0.54903 0.01061 0 -3.97500 -62.97500 0.01006 3.31178 11
-0.22630 -0.07383 0.01061 0 -3.42500 -63.75000 0.01006 3.32001 11
-0.54006 -0.01208 0.01061 0 -1.02500 54.75000 0.01006 0.96275 11
0.27466 -0.27760 0.01061 0 6.57500 46.10000 0.01006 1.04040 11
-0.29013 0.19870 0.01061 0 -0.47500 36.67500 0.01006 1.14062 11
0.26440 -0.36312 0.01061 0 6.30000 29.52500 0.01006 1.22791 11
0.06170 -0.02158 0.01061 0 -0.75000 22.70000 0.01006 1.33305 11
-0.06931 -0.22661 0.01061 0 6.57500 23.82500 0.01006 1.40631 11
0.16175 0.14001 0.01061 0 -0.75000 28.55000 0.01006 1.50786 11
0.06024 -0.43437 0.01061 0 6.52500 28.20000 0.01006 1.58714 11
-0.08822 0.11904 0.01061 0 -0.95000 25.62500 0.01006 1.68058 11
0.21137 -0.31331 0.01061 0 7.17500 22.00000 0.01006 1.75586 11
-0.14033 -0.01512 0.01061 0 -1.37500 17.92500 0.01006 1.85408 11
0.13135 -0.21010 0.01061 0 7.35000 14.20000 0.01006 1.92530 11
-0.13217 -0.13946 0.01061 0 -2.22500 10.47500 0.01006 2.02481 11
0.17764 0.26446 0.01061 0 -3.85000 7.12500 0.01006 2.08178 11
0.11959 -0.24051 0.01061 0 8.15000 6.97500 0.01006 2.08463 11
-0.05792 -0.12992 0.01061 0 -2.00000 4.37500 0.01006 2.17746 11
-0.09954 0.32421 0.01061 0 -3.17500 5.27500 0.01006 2.23173 11
-0.04851 -0.25529 0.01061 0 -2.65000 6.02500 0.01006 2.33123 11
0.03809 0.57503 0.01061 0 -2.10000 5.80000 0.01006 2.37564 11
0.12882 -0.47362 0.01061 0 -2.95000 6.80000 0.01006 2.47133 11
-0.02328 0.76769 0.01061 0 -0.77500 7.77500 0.01006 2.50798 11
-0.03623 -0.56816 0.01061 0 -3.40000 5.72500 0.01006 2.60911 11
0.17040 0.94350 0.01061 0 -0.65000 4.60000 0.01006 2.64335 11
-0.47498 -0.91267 0.01061 0 8.20000 -0.30000 0.01006 2.73977 11
0.39890 0.95707 0.01061 0 -0.07500 -3.60000 0.01006 2.77278 11
-0.33680 -0.90742 0.01061 0 8.22500 -8.27500 0.01006 2.86485 11
-0.13925 -0.41731 0.01061 0 -4.25000 -8.40000 0.01006 2.86790 11
0.39075 0.63572 0.01061 0 -0.92500 -9.97500 0.01006 2.90096 11
-0.28501 -0.54825 0.01061 0 7.75000 -18.47500 0.01006 2.98039 11
0.25228 0.77300 0.01061 0 -0.95000 -21.02500 0.01006 3.01599 11
-0.27624 -0.47468 0.01061 0 7.40000 -26.70000 0.01006 3.09046 11
0.01754 0.64734 0.01061 0 7.20000 -26.75000 0.01006 3.09179 11
0.01948 0.82159 0.01061 0 7.70000 -22.35000 0.01006 3.19318 11
0.47521 0.89808 0.01061 0 7.87500 -28.00000 0.01006 3.29192 11
0.72484 0.72729 0.01061 0 7.87500 -40.45000 0.01006 3.38222 11
0.57159 -0.05988 0.01061 0 6.77500 64.02500 0.01006 0.83968 11
-0.83358 -0.52931 0.01061 0 8.47500 44.52500 0.01006 0.96009 11
-0.63334 -0.26312 0.01061 0 -3.90000 43.90000 0.01006 0.96394 11
0.64803 0.03977 0.01061 0 6.77500 34.37500 0.01006 1.02678 11
-0.68790 -0.50806 0.01061 0 8.47500 17.67500 0.01006 1.13826 11
-0.70261 -0.36816 0.01061 0 -3.97500 17.02500 0.01006 1.14222 11
0.63978 0.62240 0.01061 0 -2.95000 10.30000 0.01006 1.18933 11
-0.73395 -0.20815 0.01061 0 -3.75000 -9.00000 0.01006 1.30213 11
0.59523 0.38268 0.01061 0 -3.80000 -18.50000 0.01006 1.36121 11
0.62115 -0.11326 0.01061 0 8.10000 -18.97500 0.01006 1.36442 11
-0.74877 -0.68945 0.01061 0 7.00000 -36.05000 0.01006 1.46598 11
0.76165 0.47479 0.01061 0 -3.65000 -45.17500 0.01006 1.51886 11
0.72727 0.00594 0.01061 0 8.20000 -45.80000 0.01006 1.52251 11
-0.59236 -0.41885 0.01061 0 3.17500 48.27500 0.01006 0.95738 11
0.33836 0.26922 0.01061 0 0.25000 39.42500 0.01006 1.02440 11
-0.25711 -0.15230 0.01061 0 4.40000 27.42500 0.01006 1.14107 11
0.35715 -0.12363 0.01061 0 4.17500 22.05000 0.01006 1.19992 11
-0.52408 -0.10664 0.01061 0 3.67500 13.27500 0.01006 1.27345 11
0.33545 -0.24320 0.01061 0 4.05000 6.25000 0.01006 1.33538 11
-0.31727 0.12629 0.01061 0 4.42500 0.57500 0.01006 1.40570 11
0.37642 -0.49102 0.01061 0 5.32500 -5.27500 0.01006 1.47150 11
-0.24368 0.02384 0.01061 0 3.27500 -8.50000 0.01006 1.52223 11
0.04058 -0.41906 0.01061 0 5.82500 -13.42500 0.01006 1.57385 11
0.02545 -0.17323 0.01061 0 3.62500 -15.40000 0.01006 1.62793 11
-0.24580 -0.06204 0.01061 0 6.32500 -13.87500 0.01006 1.67104 11
0.28370 -0.38785 0.01061 0 3.02500 -10.65000 0.01006 1.73445 11
-0.34525 -0.12956 0.01061 0 6.80000 -8.42500 0.01006 1.77081 11
1.27058 -0.70965 0.01061 0 1.92500 0.22500 0.01006 1.82938 11
-0.88866 0.56027 0.01061 0 -3.57500 5.55000 0.01006 1.85749 11
-0.52893 -0.53331 0.01061 0 8.32500 6.25000 0.01006 1.86139 11
0.37061 0.29693 0.01061 0 3.90000 11.22500 0.01006 1.90472 11
-0.38109 -0.36452 0.01061 0 -2.72500 17.00000 0.01006 1.95880 11
-0.74598 0.02626 0.01061 0 1.95000 16.52500 0.01006 1.98462 11
0.90884 -0.19602 0.01061 0 -3.05000 9.12500 0.01006 2.02289 11
-1.10401 0.15381 0.01061 0 1.42500 2.12500 0.01006 2.05547 11
0.39536 0.40709 0.01061 0 -4.12500 -1.40000 0.01006 2.08406 11
0.52381 -0.28058 0.01061 0 7.80000 -1.65000 0.01006 2.08666 11
-0.06678 0.01688 0.01061 0 2.35000 -3.40000 0.01006 2.12525 11
0.01075 0.10216 0.01061 0 -3.35000 -3.40000 0.01006 2.15725 11
-0.33264 -1.19106 0.01061 0 1.27500 -6.12500 0.01006 2.19685 11
0.22067 1.21903 0.01061 0 -1.97500 -6.55000 0.01006 2.20895 11
1.04896 -2.34287 0.01061 0 -0.10000 -3.00000 0.01006 2.24675 11
0.26695 0.18794 0.01061 0 -2.37500 -3.60000 0.01006 2.25538 11
-0.06736 0.48231 0.01061 0 0.77500 -4.00000 0.01006 2.26900 11
0.11082 -0.99492 0.01061 0 -2.55000 -3.42500 0.01006 2.28937 11
-0.20242 0.98003 0.01061 0 -0.45000 -3.75000 0.01006 2.29741 11
-0.59125 0.10102 0.01061 0 -3.00000 -5.62500 0.01006 2.31226 11
0.63225 -0.12810 0.01061 0 -0.32500 -3.27500 0.01006 2.32989 11
0.59006 0.58154 0.01061 0 -1.77500 -2.00000 0.01006 2.33742 11
-0.71696 -0.70666 0.01061 0 0.12500 -4.90000 0.01006 2.35731 11
-0.04927 0.52565 0.01061 0 -2.22500 -6.45000 0.01006 2.37090 11
0.17015 -0.56279 0.01061 0 -0.20000 -6.07500 0.01006 2.38845 11
0.11336 1.99541 0.01061 0 -1.57500 -6.45000 0.01006 2.40445 11
0.24092 0.32750 0.01061 0 2.82500 61.15000 0.01006 1.20811 11
-0.20816 -0.72503 0.01061 0 4.70000 55.65000 0.01006 1.34305 11
0.24581 0.43870 0.01061 0 3.65000 52.77500 0.01006 1.39263 11
-0.23701 -0.77486 0.01061 0 4.70000 43.77500 0.01006 1.52244 11
0.25683 0.46912 0.01061 0 4.32500 39.97500 0.01006 1.57041 11
-0.30348 -0.70480 0.01061 0 4.47500 31.77500 0.01006 1.70382 11
0.18250 0.39567 0.01061 0 3.90000 29.05000 0.01006 1.75211 11
-0.18669 -0.85801 0.01061 0 4.07500 23.17500 0.01006 1.87594 11
0.03582 0.47662 0.01061 0 4.32500 22.75000 0.01006 1.91960 11
0.08626 -1.16878 0.01061 0 3.20000 22.17500 0.01006 2.04262 11
-0.11052 0.46167 0.01061 0 6.00000 23.87500 0.01006 2.07623 11
0.12483 -1.09551 0.01061 0 4.05000 28.47500 0.01006 2.19716 11
-0.13317 0.33110 0.01061 0 6.65000 29.67500 0.01006 2.23191 11
0.34457 -0.91657 0.01061 0 5.27500 37.97500 0.01006 2.33879 11
-0.36863 0.66960 0.01061 0 -3.92500 40.20000 0.01006 2.37340 11
-0.36376 0.07952 0.01061 0 7.85000 40.42500 0.01006 2.37618 11
0.36947 -0.75076 0.01061 0 6.42500 50.40000 0.01006 2.47406 11
-0.41905 0.59523 0.01061 0 -4.02500 54.57500 0.01006 2.51768 11
-0.29155 0.05111 0.01061 0 7.72500 54.85000 0.01006 2.52034 11
0.18012 -0.67322 0.01061 0 6.50000 60.17500 0.01006 2.60884 11
-0.00573 0.88231 0.01061 0 -3.52500 61.35000 0.01006 2.64808 11
-0.00484 0.13449 0.01061 0 8.05000 61.37500 0.01006 2.65134 11
0.10440 -1.03191 0.01061 0 5.37500 62.17500 0.01006 2.74209 11
-0.13158 0.87268 0.01061 0 -3.37500 62.05000 0.01006 2.77507 11
-0.05736 0.16006 0.01061 0 8.17500 62.20000 0.01006 2.77853 11
0.38765 -1.27715 0.01061 0 -0.35000 49.27500 0.01006 3.33760 11
-1.58879 2.88790 0.01061 0 -4.40000 50.65000 0.01006 3.35320 11
-1.26144 0.71222 0.01061 0 6.95000 51.12500 0.01006 3.35626 11
-0.83397 0.51269 0.01061 0 7.27500 61.32500 0.01006 3.42002 11
-0.41591 -0.32278 0.01061 0 6.37500 54.40000 0.01006 0.95106 11
0.27297 0.30741 0.01061 0 1.97500 47.90000 0.01006 1.02354 11
-0.35094 -0.51808 0.01061 0 4.55000 36.35000 0.01006 1.15237 11
0.37454 0.33923 0.01061 0 2.22500 31.10000 0.01006 1.21085 11
-0.25795 -0.43919 0.01061 0 4.85000 21.50000 0.01006 1.33327 11
0.27118 0.23993 0.01061 0 2.02500 17.17500 0.01006 1.39481 11
-0.18852 -0.38379 0.01061 0 4.40000 10.42500 0.01006 1.51312 11
0.16525 0.27296 0.01061 0 1.75000 8.27500 0.01006 1.57246 11
-0.28060 -0.48453 0.01061 0 3.35000 0.52500 0.01006 1.68903 11
0.46063 0.20283 0.01061 0 2.30000 -3.45000 0.01006 1.74151 11
-0.36573 -0.26587 0.01061 0 1.02500 -12.42500 0.01006 1.82341 11
0.44785 -0.01535 0.01061 0 2.15000 -17.77500 0.01006 1.87321 11
-0.51512 0.15522 0.01061 0 1.50000 -26.82500 0.01006 1.94426 11
0.86331 -0.55205 0.01061 0 3.67500 -37.50000 0.01006 2.01118 11
-0.52845 0.34149 0.01061 0 2.05000 -45.27500 0.01006 2.06497 11
0.69575 -0.54501 0.01061 0 4.90000 -55.30000 0.01006 2.12745 11
-0.53865 0.20169 0.01061 0 0.72500 -61.40000 0.01006 2.17009 11
0.07502 0.87878 0.00227 0 2.17500 -3.37500 0.00227 1.74172 11
-0.44980 -1.09523 0.00227 0 5.17500 -5.45000 0.00227 1.77634 11
0.07613 0.81223 0.00227 0 3.52500 -5.62500 0.00227 1.78252 11
-0.87992 -1.44872 0.00227 0 4.87500 -6.62500 0.00227 1.80697 11
-0.00101 0.46191 0.00227 0 3.72500 -7.17500 0.00227 1.81184 11
-0.05722 -0.35951 0.00227 0 5.87500 -6.92500 0.00227 1.82798 11
-0.46687 -0.34716 0.01061 0 7.22500 50.62500 0.01006 0.95317 11
0.31891 -0.07932 0.01061 0 2.92500 41.37500 0.01006 1.03046 11
-0.20235 -0.14083 0.01061 0 8.27500 33.05000 0.01006 1.13937 11
-0.18391 0.14538 0.01061 0 -3.72500 32.90000 0.01006 1.14238 11
0.18414 -0.03975 0.01061 0 3.20000 28.77500 0.01006 1.21886 11
-0.15540 -0.26906 0.01061 0 7.80000 24.57500 0.01006 1.33015 11
-0.21001 0.02117 0.01061 0 -4.30000 24.42500 0.01006 1.33249 11
0.18998 -0.02801 0.01061 0 3.47500 20.65000 0.01006 1.40312 11
-0.31549 -0.13481 0.01061 0 7.77500 14.67500 0.01006 1.50640 11
-0.36152 0.17299 0.01061 0 -4.22500 14.45000 0.01006 1.50885 11
0.39339 -0.16917 0.01061 0 5.07500 5.75000 0.01006 1.58109 11
-0.37084 -0.43884 0.01061 0 7.62500 -4.10000 0.01006 1.67661 11
0.42559 -0.02838 0.01061 0 6.15000 -10.05000 0.01006 1.73625 11
-0.61000 -0.41900 0.01061 0 7.25000 -22.95000 0.01006 1.83854 11
0.69571 0.01711 0.01061 0 7.07500 -30.82500 0.01006 1.89646 11
-0.80364 -0.65759 0.01061 0 3.10000 -45.45000 0.01006 1.97770 11
0.70047 0.08554 0.01061 0 6.67500 -52.80000 0.01006 2.02080 11
0.07465 -0.35502 0.00193 0 7.07500 -30.82500 0.00193 1.89655 11
-0.94992 0.53579 0.00193 0 7.30000 -28.57500 0.00193 1.92623 11
-0.69511 0.55256 0.00193 0 7.80000 -21.15000 0.00193 1.96178 11
-0.40185 -0.02284 0.01061 0 1.00000 52.92500 0.01006 0.96810 11
0.38986 0.14399 0.01061 0 -3.82500 44.15000 0.01006 1.04799 11
0.37925 -0.40614 0.01061 0 8.27500 43.80000 0.01006 1.05114 11
-0.38718 -0.13096 0.01061 0 -0.00000 30.37500 0.01006 1.16447 11
0.51342 0.20489 0.01061 0 -2.60000 21.87500 0.01006 1.23244 11
-0.60043 -0.06592 0.01061 0 -0.35000 7.40000 0.01006 1.33519 11
0.43659 0.08253 0.01061 0 -2.82500 -2.25000 0.01006 1.40687 11
-0.31805 -0.07816 0.01061 0 0.50000 -10.90000 0.01006 1.50961 11
0.36392 0.18616 0.01061 0 -2.07500 -17.12500 0.01006 1.57488 11
-0.32754 -0.28452 0.01061 0 -0.10000 -26.90000 0.01006 1.67906 11
0.24822 0.37876 0.01061 0 -1.30000 -30.17500 0.01006 1.73217 11
-0.18540 -0.29233 0.01061 0 -0.05000 -36.32500 0.01006 1.83858 11
0.19193 0.20013 0.01061 0 -1.82500 -39.50000 0.01006 1.89628 11
-0.07827 -0.15648 0.01061 0 -0.05000 -43.37500 0.01006 1.98951 11
0.05813 0.13030 0.01061 0 -1.95000 -44.12500 0.01006 2.04968 11
0.02829 -0.13363 0.01061 0 -0.40000 -45.67500 0.01006 2.13731 11
-0.02450 0.09867 0.01061 0 -1.75000 -45.00000 0.01006 2.19444 11
-0.21897 -0.03303 0.01061 0 -0.37500 -48.32500 0.01006 2.27585 11
0.28021 0.12827 0.01061 0 -1.52500 -52.47500 0.01006 2.33793 11
-0.22625 -0.02934 0.01061 0 -2.35000 -57.90000 0.01006 2.41460 11
0.40935 0.09082 0.01061 0 -0.97500 -62.42500 0.01006 2.46398 11
-0.31820 0.76095 0.01061 0 1.50000 -63.25000 0.01006 2.55800 11
0.28848 -0.43051 0.01061 0 -3.50000 -57.42500 0.01006 2.63225 11
-0.31501 0.61897 0.01061 0 1.00000 -55.47500 0.01006 2.66185 11
0.15583 -0.29155 0.01061 0 8.47500 -50.67500 0.01006 2.72918 11
-0.07467 -0.10875 0.01061 0 -3.72500 -50.62500 0.01006 2.73237 11
0.37206 0.21996 0.01061 0 0.22500 -52.50000 0.01006 2.76772 11
-0.36184 0.12195 0.01061 0 -3.50000 -55.82500 0.01006 2.82300 11
0.26999 0.00064 0.01061 0 1.17500 -59.45000 0.01006 2.86059 11
-0.66071 -0.21112 0.01061 0 7.92500 -64.07500 0.01006 2.90238 11
-0.64506 0.19513 0.01061 0 -4.02500 -64.55000 0.01006 2.90545 11
-1.02639 -0.35358 0.01487 0 -2.87500 63.05000 0.01201 1.27125 11
0.93299 0.14636 0.01487 0 1.80000 54.15000 0.01201 1.31323 11
-0.85123 -0.34781 0.01487 0 -2.02500 39.30000 0.01201 1.39130 11
0.88370 0.24197 0.01487 0 2.70000 32.12500 0.01201 1.42867 11
-0.81579 0.18863 0.01487 0 -0.87500 18.52500 0.01201 1.49833 11
0.54695 -0.50355 0.01487 0 3.27500 8.35000 0.01201 1.55303 11
0.72243 0.26939 0.01487 0 7.97500 -35.37500 0.01201 1.83148 11
0.40355 1.26610 0.01487 0 7.85000 -39.75000 0.01201 1.85829 11
4.00457 0.74673 0.01487 0 7.40000 -54.32500 0.01201 1.95469 11
-1.04739 -1.62435 0.02580 0 5.92500 51.72500 0.01273 1.33261 11
1.18064 1.45349 0.02580 0 0.50000 47.90000 0.01273 1.35563 11
0.86936 -0.75945 0.00688 0 4.52500 -63.52500 0.00050 1.34098 11
-0.85108 0.25270 0.00688 0 -0.67500 -58.80000 0.00050 1.36767 11
0.54000 -0.16038 0.00688 0 5.77500 -52.55000 0.00050 1.41102 11
-0.24710 0.23346 0.00688 0 -0.07500 -50.12500 0.00050 1.43821 11
0.15576 -0.41071 0.00688 0 6.12500 -47.92500 0.00050 1.48077 11
0.15029 0.69718 0.00688 0 1.27500 -48.20000 0.00050 1.50123 11
-0.54971 -0.77558 0.00688 0 5.42500 -50.45000 0.00050 1.54161 11
0.46986 0.77504 0.00688 0 1.80000 -51.80000 0.00050 1.55646 11
0.52631 -1.72821 0.00232 0 8.10000 26.40000 0.00197 1.57049 11
-0.35816 0.48496 0.00232 0 -3.87500 26.45000 0.00197 1.57531 11
-0.05915 1.61226 0.00232 0 7.17500 26.92500 0.00197 1.59500 11
2.07577 -1.91967 0.00232 0 8.20000 26.62500 0.00197 1.60591 11
-0.34737 -0.29405 0.00232 0 -2.90000 25.22500 0.00197 1.61515 11
-0.45914 3.72444 0.00232 0 -4.42500 25.87500 0.00197 1.62334 11
-1.36809 -0.45041 0.00232 0 7.02500 26.07500 0.00197 1.62714 11
-6.68060 -0.64779 0.00232 0 7.45000 27.57500 0.00197 1.63453 11
0.62744 0.13543 0.00232 0 8.02500 28.30000 0.00197 1.64096 11
-1.48684 -0.61876 0.00972 0 -0.35000 -37.65000 0.00614 0.39978 11
1.40621 0.91058 0.00972 0 -1.72500 -22.97500 0.00614 0.46544 11
-1.10132 -0.53700 0.00972 0 -0.42500 0.20000 0.00614 0.57353 11
1.39090 0.53248 0.00972 0 -2.20000 15.50000 0.00614 0.64141 11
-1.22470 -0.45776 0.00972 0 0.57500 36.60000 0.00614 0.73135 11
1.29766 0.48709 0.00972 0 -2.77500 51.02500 0.00614 0.79377 11
-1.34463 -0.27572 0.00972 0 1.70000 -37.52500 0.00614 0.40021 11
1.24439 0.24916 0.00972 0 2.15000 -17.02500 0.00614 0.49261 11
