-0.23406 0.09077 0.01068 0 2.45000 -10.82500 0.01053 1.35228 -11
0.23936 0.09115 0.01068 0 -2.52500 -3.85000 0.01053 1.45871 -11
-0.25056 -0.13996 0.01068 0 1.77500 1.50000 0.01053 1.53239 -11
0.33247 0.18507 0.01068 0 -1.35000 11.92500 0.01053 1.63646 -11
-0.23558 -0.20118 0.01068 0 1.70000 17.95000 0.01053 1.70237 -11
0.26668 0.30765 0.01068 0 -1.42500 24.77500 0.01053 1.80913 -11
-0.25876 -0.22540 0.01068 0 0.35000 29.35000 0.01053 1.86568 -11
0.28593 0.19387 0.01068 0 -2.02500 38.17500 0.01053 1.97122 -11
-0.16712 -0.13748 0.01068 0 0.30000 43.40000 0.01053 2.03455 -11
0.17995 0.04154 0.01068 0 -2.45000 49.10000 0.01053 2.13085 -11
-0.20970 -0.14066 0.01068 0 0.05000 53.12500 0.01053 2.19666 -11
0.13982 0.08680 0.01068 0 -2.30000 56.57500 0.01053 2.28592 -11
-0.22530 -0.10692 0.01068 0 -0.27500 59.70000 0.01053 2.34810 -11
-0.18182 -0.11532 0.01068 0 3.17500 -61.87500 0.01053 0.55912 -11
0.20628 0.19024 0.01068 0 -3.32500 -54.52500 0.01053 0.68757 -11
-0.26274 -0.27402 0.01068 0 2.20000 -50.37500 0.01053 0.76115 -11
0.18122 0.34211 0.01068 0 -2.30000 -42.17500 0.01053 0.89570 -11
-0.14583 -0.30134 0.01068 0 2.17500 -38.82500 0.01053 0.96217 -11
0.01113 0.36037 0.01068 0 -2.32500 -36.52500 0.01053 1.09127 -11
-0.18843 -0.42061 0.01068 0 1.25000 -33.40000 0.01053 1.15297 -11
0.54388 0.50327 0.01068 0 -1.05000 -22.02500 0.01053 1.28617 -11
-0.55317 -0.39686 0.01068 0 0.45000 -14.67500 0.01053 1.34352 -11
0.64666 0.45997 0.01068 0 -0.97500 3.15000 0.01053 1.47020 -11
-0.55384 -0.39503 0.01068 0 -0.82500 11.50000 0.01053 1.52450 -11
0.54317 0.52435 0.01068 0 -1.25000 28.35000 0.01053 1.64682 -11
-0.31466 -0.45875 0.01068 0 -1.77500 34.15000 0.01053 1.69366 -11
0.39166 0.60259 0.01068 0 -1.32500 42.70000 0.01053 1.81271 -11
-0.32730 -0.55960 0.01068 0 -2.45000 46.20000 0.01053 1.85457 -11
0.42388 0.53798 0.01068 0 -1.52500 58.20000 0.01053 1.96156 -11
-0.43227 -0.38523 0.01068 0 -2.52500 61.87500 0.01053 2.00463 -11
-0.17505 -0.19385 0.01068 0 2.70000 -62.10000 0.01053 0.55941 -11
0.01708 -0.31320 0.01068 0 8.47500 -57.12500 0.01053 0.68286 -11
-0.04697 0.23081 0.01068 0 -3.55000 -57.17500 0.01053 0.68608 -11
-0.09792 -0.24345 0.01068 0 2.12500 -56.75000 0.01053 0.75870 -11
-0.24878 0.19663 0.01068 0 -2.50000 -60.55000 0.01053 0.89521 -11
-0.18224 -0.26041 0.01068 0 7.30000 -63.45000 0.01053 0.55989 -11
0.19129 0.03518 0.01068 0 0.87500 -55.97500 0.01053 0.68620 -11
-0.18435 0.12987 0.01068 0 -4.45000 -52.25000 0.01053 0.76693 -11
-0.11133 -0.19306 0.01068 0 7.55000 -52.15000 0.01053 0.76898 -11
0.06515 -0.13249 0.01068 0 0.65000 -48.80000 0.01053 0.88260 -11
-0.10607 0.36279 0.01068 0 -4.25000 -45.85000 0.01053 0.97145 -11
-0.11576 -0.01651 0.01068 0 7.62500 -45.80000 0.01053 0.97369 -11
0.26562 -0.11800 0.01068 0 1.30000 -38.45000 0.01053 1.08703 -11
-0.29411 -0.00576 0.01068 0 6.82500 -30.12500 0.01053 1.17448 -11
0.26983 -0.18580 0.01068 0 1.22500 -20.80000 0.01053 1.27784 -11
-0.10748 -0.27123 0.01068 0 6.15000 -15.92500 0.01053 1.35839 -11
0.24170 0.16251 0.01068 0 2.50000 -9.60000 0.01053 1.47094 -11
-0.14384 -0.39579 0.01068 0 5.25000 -5.75000 0.01053 1.53181 -11
0.24425 -0.10953 0.01068 0 1.37500 -2.20000 0.01053 1.63279 -11
-0.16704 0.02440 0.01068 0 5.40000 2.70000 0.01053 1.70948 -11
0.11352 -0.18979 0.01068 0 1.32500 6.27500 0.01053 1.79606 -11
-0.12807 -0.04626 0.01068 0 5.12500 9.60000 0.01053 1.87110 -11
0.12395 -0.23507 0.01068 0 1.40000 11.52500 0.01053 1.95833 -11
-0.00525 0.08731 0.01068 0 4.85000 14.55000 0.01053 2.03814 -11
-0.00618 -0.24693 0.01068 0 1.55000 14.40000 0.01053 2.11925 -11
-0.01893 0.09845 0.01068 0 4.52500 14.20000 0.01053 2.19477 -11
0.09531 -0.15655 0.01068 0 1.85000 14.62500 0.01053 2.27217 -11
0.01688 -0.08497 0.01068 0 4.07500 15.57500 0.01053 2.33721 -11
-0.03593 -0.01470 0.01068 0 1.97500 13.32500 0.01053 2.42219 -11
0.25471 -0.26080 0.01068 0 3.17500 10.72500 0.01053 2.48116 -11
-0.24628 0.21455 0.01068 0 3.00000 5.27500 0.01053 2.57347 -11
0.21380 -0.46543 0.01068 0 2.00000 2.10000 0.01053 2.61806 -11
-0.20302 0.26249 0.01068 0 2.75000 -2.60000 0.01053 2.70830 -11
0.01926 -0.36365 0.01068 0 2.20000 -4.95000 0.01053 2.75576 -11
-0.05314 0.12493 0.01068 0 2.75000 -5.90000 0.01053 2.84087 -11
0.06388 -0.15856 0.01068 0 2.35000 -5.17500 0.01053 2.89075 -11
-0.10720 -0.02911 0.01068 0 2.62500 -7.47500 0.01053 2.96568 -11
0.14323 -0.11915 0.01068 0 2.15000 -9.35000 0.01053 3.01822 -11
-0.15642 -0.14555 0.01068 0 2.92500 -12.60000 0.01053 3.08358 -11
-0.04562 -0.18905 0.01068 0 2.25000 -13.57500 0.01053 3.13791 -11
-0.02804 -0.11015 0.01068 0 3.45000 -13.40000 0.01053 3.20687 -11
0.07946 0.03954 0.01068 0 2.07500 -14.32500 0.01053 3.25748 -11
-0.22054 -0.28087 0.01068 0 3.17500 -17.05000 0.01053 3.31701 -11
0.08385 0.09324 0.01068 0 1.02500 -20.97500 0.01053 3.36594 -11
-0.24010 -0.16500 0.01068 0 2.97500 -23.65000 0.01053 3.41999 -11
0.29446 -0.07345 0.01068 0 0.45000 -26.65000 0.01053 3.46547 -11
-0.12429 0.01763 0.01068 0 3.62500 -30.82500 0.01053 3.52440 -11
-0.20069 0.19411 0.01068 0 0.90000 -31.75000 0.01053 3.57315 -11
0.50952 -0.12645 0.01068 0 4.10000 -27.85000 0.01053 3.62050 -11
-0.90610 -0.21593 0.01068 0 -1.32500 -21.10000 0.01053 3.65778 -11
1.40432 0.19175 0.01068 0 5.12500 -8.70000 0.01053 3.71472 -11
-1.23834 -0.02685 0.01068 0 -3.50000 -1.05000 0.01053 3.74424 -11
-1.13674 0.00170 0.01068 0 8.47500 0.05000 0.01053 3.74916 -11
1.87537 -0.06875 0.01068 0 4.22500 7.37500 0.01053 3.78151 -11
-1.00911 -0.19993 0.01068 0 -3.77500 12.30000 0.01053 3.80472 -11
-0.64124 -0.11974 0.01068 0 8.42500 13.15000 0.01053 3.80893 -11
0.33661 0.10450 0.01068 0 2.57500 15.55000 0.01053 3.84255 -11
-0.40827 0.43534 0.01068 0 -4.30000 18.25000 0.01053 3.86920 -11
-0.17157 0.41501 0.01068 0 7.45000 18.47500 0.01053 3.87159 -11
0.04704 -0.37426 0.01068 0 2.65000 19.25000 0.01053 3.89295 -11
0.50987 1.17518 0.01068 0 5.75000 14.17500 0.01053 3.93392 -11
-0.40936 -1.30223 0.01068 0 2.92500 13.17500 0.01053 3.94493 -11
0.04052 0.25475 0.01068 0 5.77500 13.82500 0.01053 3.98310 -11
-0.04711 -0.22338 0.01068 0 1.52500 13.35000 0.01053 4.00314 -11
0.07545 -0.53972 0.01068 0 5.72500 14.55000 0.01053 4.02747 -11
-0.11640 0.21497 0.01068 0 2.15000 14.25000 0.01053 4.05252 -11
-0.05958 -0.19377 0.01068 0 5.62500 15.07500 0.01053 4.07086 -11
-0.25890 0.07623 0.01068 0 0.07500 -58.02500 0.01053 0.56472 -11
0.39901 -0.33059 0.01068 0 5.05000 -49.55000 0.01053 0.68120 -11
-0.37854 0.08150 0.01068 0 -0.47500 -41.12500 0.01053 0.77300 -11
0.40190 -0.26718 0.01068 0 6.60000 -28.47500 0.01053 0.88437 -11
-0.32154 -0.11606 0.01068 0 -0.62500 -20.02500 0.01053 0.96283 -11
0.22399 -0.11678 0.01068 0 6.67500 -11.15000 0.01053 1.08157 -11
-0.36576 -0.13580 0.01068 0 -1.17500 -6.70000 0.01053 1.15003 -11
0.36292 -0.19807 0.01068 0 7.20000 4.60000 0.01053 1.26549 -11
-0.44195 0.03071 0.01068 0 -1.20000 14.15000 0.01053 1.34353 -11
0.42366 -0.41331 0.01068 0 7.12500 25.10000 0.01053 1.44278 -11
-0.20239 -0.29426 0.01068 0 4.67500 -61.90000 0.01053 0.55841 -11
0.28942 0.24897 0.01068 0 -0.92500 -51.87500 0.01053 0.68879 -11
-0.42342 -0.45060 0.01068 0 2.97500 -44.50000 0.01053 0.75633 -11
0.40295 0.36265 0.01068 0 -0.12500 -29.72500 0.01053 0.89385 -11
-0.43681 -0.56534 0.01068 0 1.70000 -22.67500 0.01053 0.95129 -11
0.48244 0.46374 0.01068 0 0.25000 -5.65000 0.01053 1.09082 -11
-0.59862 -0.51852 0.01068 0 0.72500 0.67500 0.01053 1.14190 -11
0.53980 0.46274 0.01068 0 0.10000 17.05000 0.01053 1.27127 -11
-0.43680 -0.42912 0.01068 0 1.02500 24.02500 0.01053 1.32609 -11
0.54564 0.47724 0.01068 0 0.12500 38.55000 0.01053 1.44987 -11
-0.40375 -0.43242 0.01068 0 0.67500 45.27500 0.01053 1.50299 -11
-0.15664 0.04718 0.01068 0 -2.72500 -62.55000 0.01053 0.55953 -11
0.17970 -0.07597 0.01068 0 2.92500 -56.15000 0.01053 0.67661 -11
-0.17915 0.10085 0.01068 0 -2.92500 -51.87500 0.01053 0.75604 -11
0.15567 -0.26358 0.01068 0 2.40000 -47.55000 0.01053 0.86965 -11
-0.10078 0.25036 0.01068 0 -2.92500 -44.32500 0.01053 0.96030 -11
0.06825 -0.25549 0.01068 0 2.60000 -43.02500 0.01053 1.06468 -11
-0.10200 0.21378 0.01068 0 -3.42500 -40.02500 0.01053 1.14806 -11
0.29402 -0.14648 0.01068 0 3.37500 -33.20000 0.01053 1.25973 -11
-0.21328 0.21012 0.01068 0 -3.80000 -27.57500 0.01053 1.33829 -11
-0.25141 -0.01008 0.01068 0 8.17500 -27.40000 0.01053 1.34112 -11
0.41853 -0.74671 0.01068 0 7.32500 -20.60000 0.01053 1.41239 -11
0.17004 -0.23796 0.01068 0 7.07500 -13.70000 0.01053 1.49246 -11
-0.82511 1.17246 0.01068 0 2.35000 -16.27500 0.01053 1.53146 -11
0.02907 -0.10502 0.01068 0 -3.80000 -16.07500 0.01053 1.55692 -11
0.06557 -0.30671 0.01068 0 8.35000 -16.15000 0.01053 1.55999 -11
-0.16328 0.77891 0.01068 0 3.40000 -16.40000 0.01053 1.59679 -11
0.16551 -0.48455 0.01068 0 7.17500 -17.30000 0.01053 1.61207 -11
-0.06643 0.52792 0.01068 0 4.70000 -18.67500 0.01053 1.63593 -11
0.66424 -0.97758 0.01068 0 7.35000 -20.40000 0.01053 1.64809 -11
-0.55776 0.97865 0.01068 0 4.25000 -22.92500 0.01053 1.67904 -11
0.14580 0.03619 0.01068 0 5.95000 -23.55000 0.01053 1.68606 -11
-0.47041 -0.03492 0.01068 0 3.45000 -24.60000 0.01053 1.70093 -11
1.24044 -1.35189 0.01068 0 5.15000 -26.40000 0.01053 1.71106 -11
-1.14666 1.06742 0.01068 0 4.25000 -29.22500 0.01053 1.72850 -11
0.05855 -0.03009 0.01068 0 5.87500 -27.00000 0.01053 1.75234 -11
-0.39670 0.13487 0.00399 0 7.07500 -13.67500 0.00371 1.49246 11
0.54607 -0.91508 0.00399 0 0.60000 -7.77500 0.00371 1.54717 11
-0.10108 0.87495 0.00399 0 -4.40000 -6.62500 0.00371 1.56641 11
-0.05823 0.21068 0.00399 0 7.35000 -6.55000 0.00371 1.56852 11
-0.30764 0.83235 0.00399 0 8.45000 -5.75000 0.00371 1.63637 11
0.43272 -1.49837 0.00399 0 -0.55000 -2.42500 0.00371 1.68961 11
-0.46681 0.68837 0.00399 0 -3.87500 -1.90000 0.00371 1.70170 11
-0.35169 -0.14017 0.00399 0 8.07500 -1.62500 0.00371 1.70462 11
0.36732 -0.82435 0.00399 0 0.35000 0.55000 0.00371 1.73942 11
-0.75949 0.95427 0.00399 0 -2.72500 2.45000 0.00371 1.75270 11
-0.20055 -2.35219 0.00399 0 0.42500 12.02500 0.00371 1.97215 11
-1.03103 3.10380 0.00399 0 -0.12500 12.20000 0.00371 1.97422 11
-0.17721 -0.11287 0.01068 0 1.10000 -62.70000 0.01053 0.55871 -11
0.13632 -0.11835 0.01068 0 7.07500 -57.05000 0.01053 0.67580 -11
-0.08484 -0.20938 0.01068 0 0.40000 -55.32500 0.01053 0.74751 -11
0.14419 -0.20980 0.01068 0 6.82500 -49.45000 0.01053 0.86878 -11
0.00326 -0.15570 0.01068 0 -1.60000 -47.12500 0.01053 0.93398 -11
-0.02421 -0.51242 0.01068 0 6.15000 -47.77500 0.01053 1.02449 -11
0.00072 0.30077 0.01068 0 -1.15000 -48.22500 0.01053 1.10958 -11
0.09889 -0.60515 0.01068 0 6.32500 -46.97500 0.01053 1.19381 -11
-0.14955 0.22872 0.01068 0 -1.40000 -45.20000 0.01053 1.27892 -11
0.23105 -0.66094 0.01068 0 7.05000 -40.92500 0.01053 1.36215 -11
-0.30849 0.31673 0.01068 0 -1.60000 -35.75000 0.01053 1.44770 -11
0.31835 -0.53330 0.01068 0 7.90000 -27.35000 0.01053 1.53036 -11
0.35087 -0.03633 0.01068 0 -4.27500 -27.12500 0.01053 1.53289 -11
-0.28851 0.28741 0.01068 0 -2.30000 -19.35000 0.01053 1.60752 -11
0.28796 -0.68485 0.01068 0 8.02500 -13.02500 0.01053 1.68108 -11
0.39762 -0.08871 0.01068 0 -4.25000 -12.72500 0.01053 1.68387 -11
-0.29219 0.25477 0.01068 0 -3.12500 -6.05000 0.01053 1.75639 -11
0.45834 0.00330 0.01068 0 -3.47500 2.22500 0.01053 1.83051 -11
-0.53447 0.32536 0.01068 0 -4.10000 11.55000 0.01053 1.89654 -11
-0.48288 0.26570 0.01068 0 7.80000 11.90000 0.01053 1.89935 -11
0.00616 -0.20994 0.01068 0 -2.85000 13.95000 0.01053 1.94825 -11
-0.44200 0.50320 0.01068 0 6.50000 19.30000 0.01053 2.02227 -11
0.96181 -0.51268 0.01068 0 -2.10000 26.30000 0.01053 2.06530 -11
-1.14656 0.98554 0.01068 0 4.00000 40.17500 0.01053 2.14036 -11
1.13072 -0.82239 0.01068 0 -1.40000 45.32500 0.01053 2.16697 -11
-0.86562 0.75829 0.01068 0 5.10000 58.17500 0.01053 2.23220 -11
0.88734 -0.81209 0.01068 0 -1.00000 63.27500 0.01053 2.26152 -11
-5.44439 3.93334 0.01068 0 -4.12500 11.57500 0.01053 1.89669 -11
-0.17075 2.17583 0.01068 0 4.57500 -47.65000 0.01053 0.88993 -11
-0.23955 -0.01838 0.01068 0 -0.97500 -62.25000 0.01053 0.55893 -11
0.17159 -0.16481 0.01068 0 4.15000 -54.72500 0.01053 0.68218 -11
-0.19157 0.02949 0.01068 0 -1.15000 -50.20000 0.01053 0.76485 -11
0.32878 -0.18144 0.01068 0 5.02500 -39.12500 0.01053 0.88628 -11
-0.29285 0.06150 0.01068 0 -1.02500 -31.45000 0.01053 0.97007 -11
0.34694 -0.27299 0.01068 0 5.10000 -21.62500 0.01053 1.08111 -11
-0.36356 0.01846 0.01068 0 -1.30000 -14.15000 0.01053 1.16443 -11
0.45505 -0.18669 0.01068 0 6.85000 0.37500 0.01053 1.27723 -11
-0.48041 -0.10564 0.01068 0 -2.05000 9.70000 0.01053 1.34843 -11
0.47020 -0.02521 0.01068 0 6.87500 23.62500 0.01053 1.46597 -11
-0.51138 -0.17204 0.01068 0 -2.97500 32.55000 0.01053 1.53195 -11
0.35391 -0.21230 0.01068 0 6.20000 46.27500 0.01053 1.64329 -11
-0.37960 0.00702 0.01068 0 -2.60000 54.00000 0.01053 1.71586 -11
-0.15116 -0.06308 0.01068 0 -0.85000 -63.67500 0.01053 0.55839 -11
0.20684 -0.15405 0.01068 0 4.57500 -55.75000 0.01053 0.68156 -11
-0.16157 0.08979 0.01068 0 -0.32500 -50.10000 0.01053 0.77010 -11
0.21717 -0.30512 0.01068 0 4.65000 -44.77500 0.01053 0.88658 -11
-0.30966 0.18713 0.01068 0 -0.75000 -38.05000 0.01053 0.97601 -11
0.30511 -0.35960 0.01068 0 4.70000 -30.42500 0.01053 1.08535 -11
-0.25098 0.19736 0.01068 0 -0.95000 -23.40000 0.01053 1.17629 -11
0.17024 -0.51162 0.01068 0 4.82500 -18.20000 0.01053 1.27355 -11
-0.11141 0.25786 0.01068 0 -1.00000 -13.97500 0.01053 1.36524 -11
0.17222 -0.48831 0.01068 0 4.90000 -10.77500 0.01053 1.46246 -11
-0.23912 0.38710 0.01068 0 -1.37500 -6.67500 0.01053 1.55427 -11
0.12724 -0.65253 0.01068 0 5.40000 -1.25000 0.01053 1.64031 -11
-0.18829 0.44484 0.01068 0 -2.27500 4.15000 0.01053 1.73179 -11
-0.06228 -0.94302 0.01068 0 6.40000 4.60000 0.01053 1.80276 -11
-0.02641 0.62972 0.01068 0 -2.05000 5.22500 0.01053 1.89649 -11
0.41233 -1.45137 0.01068 0 7.82500 5.77500 0.01053 1.95756 -11
-0.23366 0.77781 0.01068 0 -2.90000 11.95000 0.01053 2.06061 -11
-0.25959 0.51423 0.01068 0 8.40000 12.20000 0.01053 2.06493 -11
0.17730 -2.03193 0.01068 0 8.27500 14.40000 0.01053 2.11446 -11
-0.17685 -0.08459 0.01068 0 1.17500 -62.47500 0.01053 0.55653 -11
0.11559 -0.24061 0.01068 0 6.30000 -57.57500 0.01053 0.68365 -11
-0.02941 -0.04275 0.01068 0 0.82500 -56.12500 0.01053 0.76283 -11
-0.00289 -0.30063 0.01068 0 5.97500 -54.80000 0.01053 0.88216 -11
-0.03511 -0.02655 0.01068 0 0.50000 -55.05000 0.01053 0.96335 -11
0.10525 -0.24104 0.01068 0 6.30000 -53.72500 0.01053 1.08148 -11
-0.24401 0.16300 0.01068 0 0.12500 -50.12500 0.01053 1.16085 -11
0.47541 -0.33296 0.01068 0 6.90000 -42.37500 0.01053 1.25684 -11
-0.56692 0.01555 0.01068 0 -0.95000 -32.05000 0.01053 1.33973 -11
0.80170 -0.42134 0.01068 0 7.77500 -17.47500 0.01053 1.43887 -11
0.90231 0.31759 0.01068 0 -4.22500 -16.87500 0.01053 1.44196 -11
-0.70347 0.02129 0.01068 0 -2.45000 -4.97500 0.01053 1.51431 -11
0.94746 -0.44103 0.01068 0 8.07500 11.52500 0.01053 1.61092 -11
1.02408 0.21916 0.01068 0 -3.97500 12.32500 0.01053 1.61468 -11
-1.09389 -0.43000 0.01068 0 6.72500 27.57500 0.01053 1.68490 -11
0.80996 -0.05737 0.01068 0 8.10000 47.17500 0.01053 1.78427 -11
0.77875 0.59348 0.01068 0 -3.65000 47.77500 0.01053 1.78796 -11
-0.50132 -0.45329 0.01068 0 7.65000 56.02500 0.01053 1.84187 -11
1.07462 -0.24650 0.01068 0 4.95000 58.70000 0.01053 3.76910 -11
-1.40471 0.71140 0.01068 0 0.55000 48.42500 0.01053 3.81625 -11
0.93410 -0.30438 0.01068 0 5.20000 43.85000 0.01053 3.83993 -11
-1.60125 0.83294 0.01068 0 0.40000 34.62500 0.01053 3.88747 -11
1.19077 0.14311 0.01068 0 3.57500 28.35000 0.01053 3.91219 -11
-1.08294 -0.10822 0.01068 0 -0.60000 22.07500 0.01053 3.94132 -11
1.36603 -0.37487 0.01068 0 3.02500 15.62500 0.01053 3.96922 -11
-0.80255 0.36118 0.01068 0 -1.45000 7.25000 0.01053 4.00987 -11
-0.15355 -0.04501 0.01068 0 2.80000 3.82500 0.01053 4.03295 -11
0.55019 1.87206 0.01068 0 0.95000 5.22500 0.01053 4.05623 -11
1.17520 -0.39292 0.01068 0 1.45000 4.95000 0.01053 4.05855 -11
-0.58613 0.40372 0.01068 0 -0.47500 2.62500 0.01053 4.07452 -11
0.23742 -0.91449 0.01068 0 1.17500 2.15000 0.01053 4.08171 -11
0.09272 0.13014 0.01068 0 0.02500 1.20000 0.01053 4.10052 -11
-0.18162 -0.10869 0.01068 0 1.27500 -62.42500 0.01053 0.55878 -11
0.24923 -0.20800 0.01068 0 7.10000 -54.32500 0.01053 0.68702 -11
-0.22581 -0.13922 0.01068 0 1.10000 -49.57500 0.01053 0.76481 -11
0.19800 -0.16171 0.01068 0 8.25000 -39.70000 0.01053 0.89099 -11
0.18975 0.34013 0.01068 0 -3.67500 -39.55000 0.01053 0.89401 -11
-0.14271 -0.31882 0.01068 0 0.65000 -36.85000 0.01053 0.95973 -11
0.12781 0.54863 0.01068 0 -2.65000 -30.67500 0.01053 1.09162 -11
-0.12656 -0.38437 0.01068 0 0.20000 -29.00000 0.01053 1.14852 -11
0.16297 0.47293 0.01068 0 -2.90000 -22.55000 0.01053 1.27648 -11
-0.09035 -0.34596 0.01068 0 -0.92500 -21.02500 0.01053 1.32953 -11
0.22477 -0.04254 0.01068 0 8.22500 -14.65000 0.01053 1.45031 -11
0.21377 0.47348 0.01068 0 -3.65000 -14.47500 0.01053 1.45336 -11
-0.28384 -0.35206 0.01068 0 -2.52500 -11.52500 0.01053 1.50501 -11
0.72338 0.70308 0.01068 0 -0.45000 5.32500 0.01053 1.63160 -11
-0.71732 -0.45626 0.01068 0 -2.55000 11.47500 0.01053 1.67346 -11
0.79766 0.80510 0.01068 0 -0.85000 26.95000 0.01053 1.78666 -11
-0.77318 -0.34648 0.01068 0 -3.35000 33.87500 0.01053 1.82902 -11
0.91386 0.41123 0.01068 0 -1.45000 51.15000 0.01053 1.92971 -11
-0.84634 -0.32113 0.01068 0 -3.75000 60.05000 0.01053 1.97858 -11
-0.00007 -0.58666 0.01068 0 -3.65000 -14.47500 0.01053 1.45339 -11
-4.54357 0.53100 0.01068 0 -4.32500 -13.95000 0.01053 1.45747 -11
-0.16735 -0.13060 0.01068 0 5.45000 -62.32500 0.01053 0.56036 -11
0.02198 0.23121 0.01068 0 -1.20000 -59.05000 0.01053 0.68921 -11
0.07664 -0.27887 0.01068 0 4.75000 -60.85000 0.01053 0.76306 -11
0.03724 0.11129 0.01068 0 -1.25000 -61.75000 0.01053 0.88812 -11
-0.08348 -0.13060 0.01068 0 5.32500 -60.10000 0.01053 0.97088 -11
0.06673 0.04369 0.01068 0 -0.65000 -56.25000 0.01053 1.08701 -11
-0.04484 -0.15102 0.01068 0 5.37500 -55.87500 0.01053 1.16637 -11
0.02351 -0.03991 0.01068 0 -0.50000 -55.40000 0.01053 1.27999 -11
-0.01709 -0.06807 0.01068 0 5.25000 -55.45000 0.01053 1.36103 -11
0.01972 0.10086 0.01068 0 -0.10000 -54.02500 0.01053 1.47268 -11
-0.07988 -0.17454 0.01068 0 4.90000 -53.52500 0.01053 1.54626 -11
-0.11653 0.10113 0.01068 0 0.35000 -53.47500 0.01053 1.65531 -11
0.19514 -0.30962 0.01068 0 3.90000 -57.00000 0.01053 1.72065 -11
-0.31306 0.04735 0.01068 0 0.42500 -63.60000 0.01053 1.82680 -11
0.04046 -0.33965 0.01068 0 4.75000 -60.85000 0.01053 0.76296 -11
-14.22528 8.22300 0.01068 0 4.77500 -60.85000 0.01053 0.76296 -11
-0.15852 -0.04755 0.01068 0 -0.90000 -62.77500 0.01053 0.55848 -11
0.15578 -0.19711 0.01068 0 4.42500 -55.65000 0.01053 0.68582 -11
-0.17645 0.16291 0.01068 0 -0.27500 -51.27500 0.01053 0.77343 -11
0.32664 -0.54080 0.01068 0 5.65000 -45.32500 0.01053 0.87183 -11
-0.24622 0.35245 0.01068 0 -0.92500 -37.77500 0.01053 0.96686 -11
0.06840 -0.63065 0.01068 0 7.07500 -32.77500 0.01053 1.04944 -11
-0.01103 0.27683 0.01068 0 -1.72500 -32.62500 0.01053 1.12881 -11
-0.14331 -0.01717 0.01068 0 -3.37500 -35.07500 0.01053 1.20193 -11
0.18453 0.37882 0.01068 0 -2.82500 -39.27500 0.01053 1.26691 -11
-0.01346 -0.08703 0.01068 0 -2.95000 -38.70000 0.01053 1.32810 -11
0.02287 0.85182 0.01068 0 -4.02500 -38.77500 0.01053 1.40748 -11
0.05065 0.51029 0.01068 0 7.52500 -38.80000 0.01053 1.41019 -11
0.25676 -0.66425 0.01068 0 -2.87500 -37.42500 0.01053 1.45286 -11
-0.36700 0.72671 0.01068 0 6.05000 -31.85000 0.01053 1.53271 -11
-0.97580 -0.32424 0.01068 0 -1.45000 -32.07500 0.01053 1.56769 -11
2.50014 0.92204 0.01068 0 3.12500 -47.02500 0.01053 1.63110 -11
-2.89867 -1.20314 0.01068 0 0.47500 -52.70000 0.01053 1.65276 -11
1.10427 -1.05865 0.01068 0 7.47500 -32.92500 0.01053 1.05074 -11
0.08901 0.38371 0.01068 0 7.80000 -33.15000 0.01053 1.06383 -11
1.34522 -0.85128 0.01068 0 8.32500 -31.52500 0.01053 1.07515 -11
0.44415 0.28908 0.01068 0 0.85000 -49.95000 0.01053 0.78051 -11
-0.88073 1.51507 0.01068 0 -0.82500 -50.70000 0.01053 0.78943 -11
-0.26338 0.66275 0.01068 0 -1.15000 -50.47500 0.01053 0.79132 -11
0.16187 -0.79109 0.01068 0 -0.30000 -49.47500 0.01053 0.80277 -11
-0.70934 0.82941 0.01068 0 -0.15000 -49.52500 0.01053 0.80631 -11
-0.16219 -0.14478 0.01068 0 2.50000 -62.87500 0.01053 0.55696 -11
0.14862 -0.39264 0.01068 0 7.97500 -56.80000 0.01053 0.67255 -11
0.14180 0.07830 0.01068 0 -4.15000 -56.70000 0.01053 0.67509 -11
-0.19238 0.02267 0.01068 0 1.22500 -52.72500 0.01053 0.75596 -11
0.03574 -0.41558 0.01068 0 8.07500 -49.87500 0.01053 0.85940 -11
0.00985 0.09977 0.01068 0 -4.05000 -49.90000 0.01053 0.86204 -11
-0.09986 0.05716 0.01068 0 0.02500 -48.37500 0.01053 0.93398 -11
0.20706 -0.53503 0.01068 0 8.30000 -45.67500 0.01053 1.02249 -11
0.19802 0.01261 0.01068 0 -3.92500 -45.50000 0.01053 1.02546 -11
-0.13512 0.09406 0.01068 0 -0.42500 -41.77500 0.01053 1.10080 -11
0.02624 -0.57146 0.01068 0 8.32500 -39.57500 0.01053 1.18621 -11
0.08101 0.06423 0.01068 0 -3.85000 -39.50000 0.01053 1.18919 -11
-0.06636 -0.08167 0.01068 0 -1.30000 -39.55000 0.01053 1.25422 -11
0.17326 0.09930 0.01068 0 -3.42500 -36.30000 0.01053 1.34968 -11
-0.05709 0.20300 0.01068 0 -0.80000 -33.62500 0.01053 1.42506 -11
-0.04234 -0.14294 0.01068 0 -3.27500 -33.22500 0.01053 1.50078 -11
0.11460 0.30297 0.01068 0 -1.30000 -35.90000 0.01053 1.57435 -11
0.12517 -0.11153 0.01068 0 -2.90000 -36.40000 0.01053 1.64376 -11
-0.09648 0.20821 0.01068 0 -1.67500 -33.37500 0.01053 1.70901 -11
0.09668 0.04141 0.01068 0 -2.75000 -30.47500 0.01053 1.78402 -11
-0.04728 0.09948 0.01068 0 -2.10000 -29.67500 0.01053 1.84388 -11
0.07594 0.02339 0.01068 0 0.92500 -27.85000 0.01053 1.89558 -11
-0.04278 -0.09048 0.01068 0 -2.35000 -27.35000 0.01053 1.93492 -11
-0.04982 0.06511 0.01068 0 1.22500 -27.05000 0.01053 1.98742 -11
-0.11472 -0.19381 0.01068 0 -2.72500 -25.80000 0.01053 2.02274 -11
-0.03209 0.32443 0.01068 0 2.22500 -24.47500 0.01053 2.07597 -11
-0.10625 -0.19075 0.01068 0 -3.02500 -25.10000 0.01053 2.10353 -11
0.28441 0.00897 0.01068 0 1.77500 -22.07500 0.01053 2.15349 -11
-0.72807 0.04050 0.01068 0 -4.02500 -17.37500 0.01053 2.18696 -11
-0.78946 -0.05805 0.01068 0 7.97500 -16.85000 0.01053 2.19011 -11
0.53036 0.33422 0.01068 0 2.00000 -11.25000 0.01053 2.23085 -11
-0.49173 -0.38083 0.01068 0 7.50000 -7.72500 0.01053 2.25818 -11
0.38253 0.89913 0.01068 0 2.75000 -1.87500 0.01053 2.30687 -11
-0.14518 -0.97375 0.01068 0 7.27500 -1.17500 0.01053 2.32445 -11
0.63383 2.24709 0.01068 0 4.52500 2.47500 0.01053 2.37452 -11
-0.60836 -1.07076 0.01068 0 5.17500 2.82500 0.01053 2.37727 -11
0.54648 1.07782 0.01068 0 2.37500 8.07500 0.01053 2.41913 -11
-0.59677 -0.83561 0.01068 0 5.00000 9.15000 0.01053 2.42949 -11
0.60031 0.49289 0.01068 0 1.70000 12.50000 0.01053 2.45685 -11
-0.40335 -0.74489 0.01068 0 4.62500 14.97500 0.01053 2.47231 -11
-0.09446 0.21417 0.01068 0 -0.80000 -33.62500 0.01053 1.42511 -11
2.01910 1.16124 0.01068 0 -0.80000 -33.62500 0.01053 1.42511 -11
-0.24856 -0.08777 0.01068 0 6.02500 -62.25000 0.01053 0.56015 -11
0.27840 -0.09932 0.01068 0 -1.12500 -53.67500 0.01053 0.67995 -11
-0.28924 -0.01949 0.01068 0 5.60000 -45.70000 0.01053 0.77254 -11
0.22053 -0.07596 0.01068 0 -0.95000 -36.62500 0.01053 0.88510 -11
-0.17156 -0.09056 0.01068 0 4.97500 -31.30000 0.01053 0.96977 -11
0.11171 0.09557 0.01068 0 -0.55000 -26.70000 0.01053 1.08300 -11
-0.12820 -0.21237 0.01068 0 4.35000 -24.85000 0.01053 1.15562 -11
0.15296 0.00512 0.01068 0 -0.17500 -19.35000 0.01053 1.26335 -11
-0.31042 -0.00525 0.01068 0 4.57500 -15.02500 0.01053 1.34146 -11
0.36288 -0.13702 0.01068 0 0.67500 -4.60000 0.01053 1.44060 -11
-0.38069 0.16650 0.01068 0 4.32500 4.12500 0.01053 1.52303 -11
0.38952 -0.25469 0.01068 0 0.87500 11.92500 0.01053 1.60569 -11
-0.50118 0.16110 0.01068 0 4.12500 20.02500 0.01053 1.68835 -11
0.45164 -0.31926 0.01068 0 3.27500 27.75000 0.01053 1.75729 -11
-0.36229 0.11976 0.01068 0 4.25000 35.75000 0.01053 1.83229 -11
0.36497 -0.53949 0.01068 0 2.95000 40.70000 0.01053 1.89864 -11
-0.26984 0.05756 0.01068 0 3.77500 46.35000 0.01053 1.96988 -11
0.29926 -0.30508 0.01068 0 2.90000 51.50000 0.01053 2.04370 -11
-0.31182 0.23632 0.01068 0 2.52500 59.60000 0.01053 2.11523 -11
0.28687 -0.43684 0.01068 0 2.45000 63.95000 0.01053 2.17516 -11
0.51223 -1.01320 0.01068 0 4.17500 19.95000 0.01053 1.68838 -11
-0.46663 1.24271 0.01068 0 5.42500 19.45000 0.01053 1.69346 -11
2.67833 0.17602 0.01068 0 4.80000 17.62500 0.01053 1.71577 -11
-1.49684 0.11992 0.01068 0 4.80000 5.25000 0.01053 1.76706 -11
-0.56800 0.01262 0.01068 0 4.17500 3.92500 0.01053 1.77739 -11
-0.22770 -0.18294 0.01068 0 5.82500 -61.50000 0.01053 0.56140 -11
0.08355 -0.12209 0.01068 0 -1.55000 -58.77500 0.01053 0.67014 -11
-0.14436 -0.02315 0.01068 0 6.20000 -56.40000 0.01053 0.76650 -11
0.04943 -0.02750 0.01068 0 -0.87500 -50.90000 0.01053 0.88608 -11
-0.11372 -0.12100 0.01068 0 6.10000 -51.95000 0.01053 0.97428 -11
0.03789 -0.00800 0.01068 0 -0.37500 -50.00000 0.01053 1.08560 -11
0.02556 -0.13054 0.01068 0 5.80000 -49.50000 0.01053 1.16713 -11
-0.01650 0.10999 0.01068 0 0.30000 -49.02500 0.01053 1.28538 -11
0.04271 -0.27864 0.01068 0 5.15000 -49.15000 0.01053 1.35590 -11
-0.08947 0.13063 0.01068 0 0.35000 -51.82500 0.01053 1.46919 -11
0.16573 -0.29216 0.01068 0 4.47500 -54.10000 0.01053 1.53645 -11
-0.26074 0.26337 0.01068 0 1.22500 -61.20000 0.01053 1.65414 -11
0.22549 -0.45290 0.01068 0 3.95000 -64.62500 0.01053 1.71413 -11
-0.18168 0.11735 0.01068 0 -4.30000 -62.75000 0.01053 0.55945 -11
-0.24505 -0.16445 0.01068 0 7.72500 -62.60000 0.01053 0.56173 -11
0.17315 -0.08060 0.01068 0 0.97500 -54.75000 0.01053 0.67709 -11
-0.10663 0.17998 0.01068 0 -4.10000 -49.57500 0.01053 0.76350 -11
-0.08320 -0.18932 0.01068 0 7.87500 -49.50000 0.01053 0.76598 -11
0.04394 -0.15163 0.01068 0 1.15000 -46.45000 0.01053 0.88036 -11
-0.01980 0.37044 0.01068 0 -3.67500 -45.97500 0.01053 0.97118 -11
0.00162 0.07550 0.01068 0 8.12500 -45.97500 0.01053 0.97414 -11
0.00156 -0.38169 0.01068 0 1.57500 -44.17500 0.01053 1.06951 -11
0.02355 0.66023 0.01068 0 -4.37500 -43.32500 0.01053 1.16600 -11
-0.02051 0.30353 0.01068 0 7.35000 -43.35000 0.01053 1.16812 -11
-0.10659 -0.37333 0.01068 0 1.52500 -44.77500 0.01053 1.25457 -11
0.12990 0.06213 0.01068 0 6.82500 -47.25000 0.01053 1.34300 -11
-0.07982 -0.23808 0.01068 0 1.77500 -50.12500 0.01053 1.43524 -11
0.09326 -0.01808 0.01068 0 6.45000 -51.42500 0.01053 1.51421 -11
-0.04342 -0.45081 0.01068 0 1.75000 -54.15000 0.01053 1.60334 -11
-0.07651 0.37313 0.01068 0 5.75000 -51.07500 0.01053 1.69852 -11
-0.24380 -0.57037 0.01068 0 2.62500 -52.72500 0.01053 1.76645 -11
0.38075 0.16121 0.01068 0 5.47500 -60.95000 0.01053 1.85861 -11
-0.14398 -0.27327 0.01068 0 5.15000 -62.50000 0.01053 0.56030 -11
0.14500 0.21605 0.01068 0 -0.70000 -57.95000 0.01053 0.69381 -11
0.04329 -0.25322 0.01068 0 5.07500 -59.07500 0.01053 0.76620 -11
-0.03483 0.15792 0.01068 0 -1.22500 -59.82500 0.01053 0.88870 -11
-0.03925 -0.22553 0.01068 0 4.62500 -59.92500 0.01053 0.96367 -11
0.07378 0.05983 0.01068 0 -1.42500 -57.27500 0.01053 1.07806 -11
-0.05423 -0.03994 0.01068 0 4.60000 -55.95000 0.01053 1.15822 -11
0.01126 0.01066 0.01068 0 -1.15000 -56.15000 0.01053 1.26638 -11
0.02268 0.02448 0.01068 0 4.77500 -57.50000 0.01053 1.34939 -11
0.02402 -0.13351 0.01068 0 -0.72500 -57.30000 0.01053 1.44662 -11
0.07355 -0.04061 0.01068 0 4.12500 -58.97500 0.01053 1.52322 -11
-0.12282 -0.04857 0.01068 0 -0.52500 -62.05000 0.01053 1.62155 -11
-0.15705 -0.07542 0.01068 0 5.70000 -62.60000 0.01053 0.56092 -11
0.24740 -0.08923 0.01068 0 -1.65000 -55.50000 0.01053 0.67773 -11
-0.21211 -0.01323 0.01068 0 5.57500 -50.62500 0.01053 0.76774 -11
0.22519 -0.05669 0.01068 0 -1.47500 -44.80000 0.01053 0.87858 -11
-0.30674 -0.08036 0.01068 0 4.90000 -38.25000 0.01053 0.96520 -11
0.39711 -0.01467 0.01068 0 -0.57500 -26.82500 0.01053 1.07542 -11
-0.35496 -0.09054 0.01068 0 4.75000 -18.05000 0.01053 1.15926 -11
0.34482 -0.14897 0.01068 0 -0.95000 -8.15000 0.01053 1.27007 -11
-0.58549 0.08188 0.01068 0 3.52500 4.67500 0.01053 1.36419 -11
0.73357 -0.10667 0.01068 0 0.30000 20.45000 0.01053 1.46240 -11
-0.79908 0.05465 0.01068 0 2.40000 34.70000 0.01053 1.54233 -11
0.92109 -0.04481 0.01068 0 0.07500 53.02500 0.01053 1.64769 -11
-0.21212 0.01520 0.01068 0 -1.47500 -62.65000 0.01053 0.55829 -11
0.28799 -0.27746 0.01068 0 3.37500 -54.32500 0.01053 0.67642 -11
-0.30187 0.12852 0.01068 0 -1.40000 -47.72500 0.01053 0.76720 -11
0.29972 -0.26812 0.01068 0 4.15000 -37.20000 0.01053 0.88459 -11
-0.24380 0.08541 0.01068 0 -1.12500 -30.90000 0.01053 0.97423 -11
0.22857 -0.26810 0.01068 0 5.05000 -23.92500 0.01053 1.08365 -11
-0.29801 0.09857 0.01068 0 -1.70000 -17.77500 0.01053 1.16503 -11
0.53643 -0.30924 0.01068 0 7.57500 -4.90000 0.01053 1.26448 -11
0.63263 0.21551 0.01068 0 -4.45000 -4.55000 0.01053 1.26682 -11
-0.62840 -0.21849 0.01068 0 -3.45000 6.02500 0.01053 1.33250 -11
0.66514 -0.07323 0.01068 0 8.05000 22.10000 0.01053 1.44109 -11
0.69475 0.38805 0.01068 0 -3.80000 22.67500 0.01053 1.44451 -11
-0.65403 -0.12395 0.01068 0 -3.05000 32.30000 0.01053 1.50726 -11
1.15951 0.73729 0.01068 0 0.12500 53.22500 0.01053 1.61351 -11
-0.95965 -0.49406 0.01068 0 -4.37500 61.07500 0.01053 1.65164 -11
-1.05393 -0.86609 0.01068 0 8.10000 61.80000 0.01053 1.65541 -11
-0.15117 -0.20610 0.01068 0 2.82500 -63.62500 0.01053 0.55942 -11
0.16352 0.49775 0.01068 0 -2.55000 -57.67500 0.01053 0.69270 -11
-0.13213 -0.48234 0.01068 0 1.25000 -54.67500 0.01053 0.75394 -11
0.02603 0.37581 0.01068 0 -1.87500 -54.55000 0.01053 0.88772 -11
0.01013 -0.33401 0.01068 0 2.00000 -54.32500 0.01053 0.95048 -11
-0.02005 0.35042 0.01068 0 -1.65000 -55.25000 0.01053 1.07491 -11
0.13828 -0.30365 0.01068 0 1.62500 -56.92500 0.01053 1.13531 -11
-0.42159 0.41619 0.01068 0 -1.32500 -63.42500 0.01053 1.25499 -11
-0.27596 -0.14600 0.01068 0 2.12500 -62.55000 0.01053 0.55922 -11
0.26941 -0.27777 0.01068 0 8.05000 -52.72500 0.01053 0.68337 -11
0.36679 0.22854 0.01068 0 -3.97500 -52.45000 0.01053 0.68618 -11
-0.29662 -0.15784 0.01068 0 0.92500 -45.10000 0.01053 0.76040 -11
0.28280 -0.16852 0.01068 0 8.35000 -33.05000 0.01053 0.88730 -11
0.28395 0.43636 0.01068 0 -3.50000 -32.80000 0.01053 0.89063 -11
-0.13926 -0.25981 0.01068 0 0.45000 -29.72500 0.01053 0.95404 -11
0.15204 -0.20601 0.01068 0 7.62500 -26.72500 0.01053 1.07152 -11
0.05879 0.31305 0.01068 0 -4.32500 -26.67500 0.01053 1.07368 -11
0.30763 0.00488 0.01068 0 -0.15000 -24.80000 0.01053 1.14038 -11
-0.22548 -0.30798 0.01068 0 7.30000 -32.12500 0.01053 1.24592 -11
0.31467 0.00694 0.01068 0 -0.35000 -38.30000 0.01053 1.32399 -11
-0.36790 -0.53270 0.01068 0 7.97500 -48.97500 0.01053 1.42318 -11
-0.34895 0.01753 0.01068 0 -4.22500 -49.25000 0.01053 1.42586 -11
0.33592 -0.01715 0.01068 0 -0.05000 -55.05000 0.01053 1.50404 -11
4.15306 0.25277 0.00540 0 6.32500 30.22500 0.00132 -0.07493 11
-1.83381 -0.06306 0.00540 0 -2.95000 10.30000 0.00132 -0.00436 11
1.04107 -0.77516 0.00540 0 6.42500 -0.10000 0.00132 0.03253 11
-0.62999 0.30194 0.00540 0 0.90000 -6.60000 0.00132 0.06857 11
1.12623 -0.25450 0.00540 0 -4.22500 -15.00000 0.00132 0.11594 11
-1.08104 0.14186 0.00540 0 0.30000 -22.07500 0.00132 0.14799 11
1.61545 -1.99045 0.00540 0 7.22500 -29.55000 0.00132 0.19078 11
-0.89321 0.73322 0.00540 0 -0.62500 -32.87500 0.00132 0.21069 11
-0.94649 0.93031 0.00540 0 -0.65000 -44.05000 0.00132 0.27809 11
0.42622 -0.90749 0.00540 0 -4.32500 -51.05000 0.00132 0.32784 11
-0.42593 1.02180 0.00540 0 -0.22500 -52.60000 0.00132 0.34418 11
0.12991 -0.72130 0.00540 0 -4.50000 -54.65000 0.00132 0.38972 11
-0.06816 0.54051 0.00540 0 0.57500 -55.00000 0.00132 0.41055 11
0.24898 -0.80284 0.00540 0 -4.22500 -56.40000 0.00132 0.45052 11
-0.26586 0.92998 0.00540 0 -0.10000 -57.30000 0.00132 0.46679 11
0.13369 -0.76587 0.00540 0 -4.32500 -59.20000 0.00132 0.50651 11
-0.19117 0.72147 0.00540 0 -0.10000 -59.95000 0.00132 0.52350 11
-0.23179 -1.63564 0.00540 0 -3.47500 -61.27500 0.00132 0.56488 11
0.23157 1.67810 0.00540 0 -1.00000 -60.87500 0.00132 0.57382 11
-2.59607 -1.11235 0.01090 0 0.70000 48.45000 0.00529 -0.09505 11
3.20393 1.21245 0.01090 0 -4.25000 37.85000 0.00529 -0.05539 11
1.69776 0.28125 0.01090 0 7.32500 36.37500 0.00529 -0.05004 11
-1.79617 -0.78664 0.01090 0 3.92500 0.55000 0.00529 0.10292 11
2.87764 0.92068 0.01090 0 -3.07500 -15.72500 0.00529 0.16474 11
-0.70728 -0.47060 0.00374 0 4.62500 -63.60000 0.00339 0.50906 -11
0.48694 0.43214 0.00374 0 -0.10000 -56.82500 0.00339 0.55296 -11
-0.75187 -0.37923 0.00374 0 5.22500 -54.30000 0.00339 0.57850 -11
0.45901 0.42931 0.00374 0 2.10000 -50.37500 0.00339 0.60649 -11
