-0.09688 0.05358 0.01149 0 1.05000 4.75000 0.01123 2.63588 -11
0.34266 -0.08392 0.01149 0 -0.52500 11.40000 0.01123 2.71619 -11
-0.16161 0.01494 0.01149 0 0.92500 15.55000 0.01123 2.77930 -11
0.17801 0.19193 0.01149 0 -0.25000 18.87500 0.01123 2.86088 -11
-0.13189 -0.21353 0.01149 0 0.27500 20.80000 0.01123 2.91385 -11
0.21650 0.20006 0.01149 0 0.55000 27.55000 0.01123 3.00168 -11
-0.42686 -0.09399 0.01149 0 0.17500 33.60000 0.01123 3.05647 -11
0.75962 -0.18921 0.01149 0 0.37500 43.85000 0.01123 3.13488 -11
-0.88221 0.43584 0.01149 0 -3.27500 56.87500 0.01123 3.20049 -11
-0.84738 0.30865 0.01149 0 8.35000 57.72500 0.01123 3.20502 -11
0.20014 -0.36485 0.01149 0 0.87500 62.87500 0.01123 3.24309 -11
1.13911 0.06192 0.01149 0 -2.97500 -6.47500 0.01123 2.27310 -11
-1.20293 -0.21879 0.01149 0 -1.57500 -8.67500 0.01123 2.28537 -11
1.09212 0.41032 0.01149 0 -1.75000 -9.00000 0.01123 2.28678 -11
-0.78605 -0.47395 0.01149 0 -1.07500 -11.30000 0.01123 2.29744 -11
-0.55201 1.10708 0.01149 0 -1.30000 -11.32500 0.01123 2.29884 -11
-0.13580 -0.99447 0.01149 0 -0.87500 -12.10000 0.01123 2.32342 -11
0.22491 0.27973 0.01149 0 -1.05000 64.12500 0.01123 0.53312 -11
-0.23669 -0.42087 0.01149 0 1.80000 55.50000 0.01123 0.64854 -11
0.35026 0.43024 0.01149 0 -1.27500 47.20000 0.01123 0.75749 -11
-0.34823 -0.51844 0.01149 0 2.22500 37.87500 0.01123 0.86485 -11
0.31922 0.58638 0.01149 0 -1.97500 28.52500 0.01123 0.98069 -11
-0.98112 -0.77262 0.01149 0 1.52500 17.20000 0.01123 1.08174 -11
0.66588 0.55229 0.01149 0 4.20000 -4.07500 0.01123 1.20216 -11
-0.41602 -0.55263 0.01149 0 4.82500 -11.05000 0.01123 1.25643 -11
0.34347 0.32250 0.01149 0 -2.97500 -20.65000 0.01123 1.34684 -11
-0.31765 -0.37882 0.01149 0 4.72500 -27.37500 0.01123 1.43707 -11
0.31538 0.30207 0.01149 0 -3.45000 -35.15000 0.01123 1.51972 -11
0.20154 -0.06740 0.01149 0 8.40000 -35.42500 0.01123 1.52311 -11
-0.33703 -0.27678 0.01149 0 5.05000 -42.02500 0.01123 1.61122 -11
0.15657 0.08331 0.01149 0 -3.75000 -45.27500 0.01123 1.68039 -11
0.14650 -0.22570 0.01149 0 8.30000 -45.40000 0.01123 1.68339 -11
-0.04917 -0.11594 0.01149 0 5.62500 -48.12500 0.01123 1.77700 -11
0.14941 -0.32540 0.01149 0 7.10000 -49.27500 0.01123 1.83431 -11
-0.15937 -0.08836 0.01149 0 5.60000 -54.62500 0.01123 1.92122 -11
-0.02534 -0.23653 0.01149 0 7.40000 -54.97500 0.01123 1.98390 -11
0.05493 -0.13997 0.01149 0 5.80000 -53.75000 0.01123 2.06786 -11
0.01000 -0.19130 0.01149 0 6.92500 -53.47500 0.01123 2.12907 -11
-0.10352 -0.12861 0.01149 0 6.20000 -55.02500 0.01123 2.20557 -11
0.16660 -0.35803 0.01149 0 6.37500 -57.40000 0.01123 2.26051 -11
-0.57504 0.06812 0.01149 0 6.70000 -60.60000 0.01123 2.34093 -11
0.25147 0.28747 0.01149 0 0.20000 63.42500 0.01123 0.53332 -11
-0.23437 -0.39516 0.01149 0 3.45000 54.72500 0.01123 0.64469 -11
0.31707 0.23080 0.01149 0 0.15000 47.45000 0.01123 0.74579 -11
-0.33608 -0.55759 0.01149 0 4.00000 37.55000 0.01123 0.85292 -11
0.22970 0.38560 0.01149 0 -0.00000 28.62500 0.01123 0.96076 -11
-0.19509 -0.39327 0.01149 0 4.30000 22.15000 0.01123 1.06160 -11
0.04282 0.10390 0.01149 0 -0.32500 17.30000 0.01123 1.15330 -11
0.15629 -0.24385 0.01149 0 4.30000 19.22500 0.01123 1.27152 -11
-0.12452 0.38906 0.01149 0 -0.50000 20.32500 0.01123 1.35853 -11
0.25103 -0.59531 0.01149 0 3.97500 24.05000 0.01123 1.45613 -11
-0.24047 0.48695 0.01149 0 -1.17500 30.07500 0.01123 1.55720 -11
0.45702 -1.07375 0.01149 0 6.20000 36.77500 0.01123 1.63431 -11
-0.51725 0.87211 0.01149 0 -1.85000 47.52500 0.01123 1.75449 -11
0.69326 -1.53156 0.01149 0 8.00000 54.62500 0.01123 1.81743 -11
-0.28996 0.83385 0.01149 0 -0.80000 62.10000 0.01123 1.93393 -11
0.14798 -0.51088 0.01149 0 -4.10000 64.60000 0.01123 1.99822 -11
0.11037 0.30161 0.01149 0 -0.70000 63.55000 0.01123 0.53323 -11
-0.12155 -0.37392 0.01149 0 1.60000 59.05000 0.01123 0.64968 -11
0.13302 0.32703 0.01149 0 -1.02500 55.00000 0.01123 0.75498 -11
-0.05528 -0.30156 0.01149 0 1.72500 50.77500 0.01123 0.87221 -11
0.11722 0.32760 0.01149 0 -1.35000 47.85000 0.01123 0.97448 -11
-0.05969 -0.37134 0.01149 0 2.27500 45.85000 0.01123 1.08286 -11
0.00869 0.30409 0.01149 0 -1.57500 45.62500 0.01123 1.17788 -11
-0.03688 -0.33555 0.01149 0 2.25000 45.12500 0.01123 1.28903 -11
0.00697 0.44110 0.01149 0 -1.80000 43.92500 0.01123 1.38960 -11
0.00219 -0.45463 0.01149 0 2.40000 43.52500 0.01123 1.48947 -11
-0.09712 0.42340 0.01149 0 -2.20000 44.22500 0.01123 1.59232 -11
0.00508 -0.45953 0.01149 0 2.52500 46.07500 0.01123 1.69122 -11
-0.00135 0.50306 0.01149 0 -2.55000 47.25000 0.01123 1.78676 -11
-0.02758 -0.79180 0.01149 0 4.12500 47.37500 0.01123 1.86729 -11
0.17675 0.75660 0.01149 0 -3.92500 44.07500 0.01123 1.97178 -11
0.06937 0.25682 0.01149 0 7.70000 43.97500 0.01123 1.97454 -11
0.10811 -0.93457 0.01149 0 4.40000 44.65000 0.01123 2.04112 -11
-0.15470 0.67943 0.01149 0 6.35000 47.70000 0.01123 2.15149 -11
0.43108 -1.04976 0.01149 0 4.35000 51.97500 0.01123 2.21040 -11
-0.34411 0.51879 0.01149 0 5.12500 62.05000 0.01123 2.31849 -11
0.22527 0.06908 0.01149 0 6.00000 64.45000 0.01123 0.53547 -11
-0.12716 -0.10290 0.01149 0 -3.05000 57.05000 0.01123 0.65410 -11
0.23465 0.10746 0.01149 0 5.95000 51.47500 0.01123 0.75804 -11
-0.17196 -0.27027 0.01149 0 -2.65000 43.45000 0.01123 0.86980 -11
0.27089 0.25968 0.01149 0 5.55000 35.65000 0.01123 0.98172 -11
-0.11831 -0.39896 0.01149 0 -2.70000 29.95000 0.01123 1.08002 -11
0.12166 0.31615 0.01149 0 5.45000 26.35000 0.01123 1.19415 -11
-0.14735 -0.41140 0.01149 0 -2.10000 22.15000 0.01123 1.28633 -11
0.22356 0.18666 0.01149 0 4.32500 17.17500 0.01123 1.38658 -11
-0.30346 -0.21638 0.01149 0 -1.70000 12.10000 0.01123 1.48104 -11
0.33549 0.30086 0.01149 0 3.42500 2.37500 0.01123 1.57793 -11
-0.19888 -0.29259 0.01149 0 -1.62500 -5.10000 0.01123 1.66488 -11
-0.25772 0.39507 0.01149 0 3.50000 -9.65000 0.01123 1.75755 -11
0.23904 -0.56666 0.01149 0 -0.67500 -5.47500 0.01123 1.83142 -11
-0.21346 0.42787 0.01149 0 3.07500 1.65000 0.01123 1.93002 -11
0.67275 -1.88979 0.01149 0 5.77500 3.87500 0.01123 1.96868 -11
-0.17832 0.74013 0.01149 0 5.57500 12.60000 0.01123 2.08674 -11
0.21298 -0.98005 0.01149 0 3.40000 15.55000 0.01123 2.14495 -11
-0.17342 0.45601 0.01149 0 4.85000 19.00000 0.01123 2.23985 -11
0.06312 -0.78696 0.01149 0 3.52500 22.00000 0.01123 2.29805 -11
-0.06116 0.35950 0.01149 0 4.95000 23.55000 0.01123 2.38268 -11
0.19803 -0.97245 0.01149 0 4.87500 25.17500 0.01123 2.43449 -11
-0.37826 0.43400 0.01149 0 4.60000 33.17500 0.01123 2.52362 -11
0.05034 -0.34617 0.01149 0 3.05000 33.55000 0.01123 2.58814 -11
-0.06793 0.20381 0.01149 0 3.97500 35.35000 0.01123 2.65968 -11
-0.03474 -0.30937 0.01149 0 3.22500 36.70000 0.01123 2.72338 -11
0.06103 0.05157 0.01149 0 3.45000 35.50000 0.01123 2.78469 -11
0.04258 -0.34631 0.01149 0 3.35000 35.22500 0.01123 2.84763 -11
-0.12905 0.03819 0.01149 0 3.02500 37.37500 0.01123 2.90483 -11
0.02170 -0.19857 0.01149 0 3.27500 38.42500 0.01123 2.96881 -11
-0.06025 0.01785 0.01149 0 2.62500 39.85000 0.01123 3.02591 -11
0.15445 -0.15333 0.01149 0 3.47500 41.32500 0.01123 3.08905 -11
-0.01628 -0.11296 0.01149 0 2.17500 42.80000 0.01123 3.13975 -11
0.23018 -0.14324 0.01149 0 4.17500 46.17500 0.01123 3.19872 -11
-0.19096 -0.25062 0.01149 0 1.67500 48.20000 0.01123 3.24003 -11
0.36828 -0.13049 0.01149 0 4.32500 53.22500 0.01123 3.29953 -11
-0.22432 -0.03354 0.01149 0 1.90000 56.15000 0.01123 3.34614 -11
0.28030 -0.24388 0.01149 0 4.77500 61.45000 0.01123 3.40022 -11
-0.78835 -1.97079 0.01149 0 -2.65000 22.05000 0.01123 1.29122 -11
0.17658 0.17699 0.01149 0 5.00000 64.17500 0.01123 0.53453 -11
-0.28224 -0.76375 0.01149 0 8.27500 57.72500 0.01123 0.64269 -11
-0.31648 -0.24529 0.01149 0 -4.15000 57.47500 0.01123 0.64581 -11
0.39085 0.20682 0.01149 0 4.17500 47.17500 0.01123 0.75768 -11
0.22245 0.18708 0.01149 0 1.57500 64.50000 0.01123 0.53218 -11
-0.19208 -0.40625 0.01149 0 4.30000 58.90000 0.01123 0.65141 -11
0.25124 0.21650 0.01149 0 1.27500 51.62500 0.01123 0.75848 -11
-0.33247 -0.51488 0.01149 0 5.07500 41.12500 0.01123 0.87298 -11
0.24052 0.30158 0.01149 0 0.92500 31.52500 0.01123 0.98055 -11
-0.41488 -0.80558 0.01149 0 4.65000 24.22500 0.01123 1.08189 -11
0.43432 0.65108 0.01149 0 -1.15000 10.82500 0.01123 1.19921 -11
-0.71210 -0.86244 0.01149 0 5.15000 -1.95000 0.01123 1.29077 -11
0.69429 0.74808 0.01149 0 -3.02500 -20.35000 0.01123 1.41164 -11
0.72969 0.40754 0.01149 0 8.37500 -21.05000 0.01123 1.41625 -11
-0.81666 -1.04765 0.01149 0 6.27500 -32.40000 0.01123 1.48711 -11
0.57335 0.79765 0.01149 0 -1.55000 -46.77500 0.01123 1.60036 -11
-0.72127 -0.58091 0.01149 0 -3.72500 -55.50000 0.01123 1.66614 -11
0.15753 0.10297 0.01149 0 3.50000 64.00000 0.01123 0.53409 -11
-0.21242 -0.48450 0.01149 0 6.67500 58.57500 0.01123 0.65257 -11
0.22482 0.13302 0.01149 0 3.12500 52.35000 0.01123 0.75570 -11
-0.23961 -0.66606 0.01149 0 6.95000 45.92500 0.01123 0.86433 -11
0.15666 0.19524 0.01149 0 3.05000 38.97500 0.01123 0.97108 -11
-0.14403 -0.68402 0.01149 0 6.85000 35.50000 0.01123 1.07577 -11
0.11714 0.21372 0.01149 0 2.92500 31.32500 0.01123 1.18195 -11
-0.13589 -0.60610 0.01149 0 7.27500 27.22500 0.01123 1.28387 -11
0.04784 0.25413 0.01149 0 2.85000 23.42500 0.01123 1.38611 -11
-0.14033 -1.02417 0.01149 0 8.22500 21.77500 0.01123 1.47473 -11
-0.24926 -0.31188 0.01149 0 -4.27500 21.57500 0.01123 1.47790 -11
0.21009 0.44274 0.01149 0 -0.92500 15.32500 0.01123 1.57183 -11
-0.21261 -0.48944 0.01149 0 -3.75000 10.40000 0.01123 1.64043 -11
0.09293 0.61531 0.01149 0 -1.30000 3.57500 0.01123 1.73684 -11
-0.10513 -0.84538 0.01149 0 8.07500 1.22500 0.01123 1.80304 -11
-0.04423 -0.33124 0.01149 0 -4.35000 1.17500 0.01123 1.80584 -11
0.03001 0.59906 0.01149 0 -1.95000 0.80000 0.01123 1.89153 -11
0.15862 -0.52794 0.01149 0 -3.22500 1.67500 0.01123 1.94927 -11
-0.22250 0.89151 0.01149 0 -2.40000 5.07500 0.01123 2.03759 -11
0.20830 -0.67052 0.01149 0 1.20000 6.52500 0.01123 2.07376 -11
-0.28098 0.44152 0.01149 0 0.57500 10.55000 0.01123 2.14703 -11
0.30755 -0.47623 0.01149 0 1.65000 15.40000 0.01123 2.19920 -11
-0.29848 0.41080 0.01149 0 -0.07500 19.27500 0.01123 2.25875 -11
0.35958 -0.67885 0.01149 0 2.82500 22.72500 0.01123 2.30087 -11
-0.46448 0.73174 0.01149 0 -0.52500 29.15000 0.01123 2.36820 -11
0.48604 -0.80751 0.01149 0 3.32500 32.62500 0.01123 2.40294 -11
-0.47781 0.56378 0.01149 0 -0.35000 39.57500 0.01123 2.46621 -11
0.61401 -1.19715 0.01149 0 6.10000 42.37500 0.01123 2.49217 -11
-0.28569 0.41815 0.01149 0 1.62500 48.50000 0.01123 2.55092 -11
0.43811 -0.69394 0.01149 0 6.55000 51.80000 0.01123 2.58432 -11
-0.15063 0.04832 0.01149 0 1.70000 53.42500 0.01123 2.62486 -11
0.46138 -0.26699 0.01149 0 5.70000 56.92500 0.01123 2.66983 -11
-0.39615 -0.36121 0.01149 0 0.17500 60.02500 0.01123 2.70578 -11
0.21372 0.43432 0.01149 0 -4.02500 64.10000 0.01123 0.53338 -11
0.19334 0.05785 0.01149 0 7.77500 63.95000 0.01123 0.53594 -11
-0.12951 -0.19358 0.01149 0 -0.92500 56.87500 0.01123 0.65035 -11
0.19030 0.48388 0.01149 0 -4.45000 51.97500 0.01123 0.75290 -11
0.22613 0.14558 0.01149 0 7.35000 51.85000 0.01123 0.75491 -11
-0.30162 -0.19543 0.01149 0 -0.32500 43.25000 0.01123 0.86443 -11
0.31028 -0.04530 0.01149 0 6.80000 36.42500 0.01123 0.95801 -11
-0.25395 -0.03083 0.01149 0 0.30000 27.45000 0.01123 1.06885 -11
0.39807 -0.05804 0.01149 0 6.17500 19.10000 0.01123 1.15541 -11
-0.19132 -0.08360 0.01149 0 0.30000 12.32500 0.01123 1.25980 -11
0.22046 -0.10950 0.01149 0 5.42500 8.05000 0.01123 1.33703 -11
-0.34026 -0.09949 0.01149 0 1.15000 -3.30000 0.01123 1.44322 -11
0.19660 -0.11069 0.01149 0 5.10000 -8.50000 0.01123 1.52022 -11
0.57545 1.02617 0.01149 0 3.60000 -12.60000 0.01123 1.61089 -11
-1.03230 -1.40529 0.01149 0 -1.00000 -8.67500 0.01123 1.63962 -11
0.53808 0.71977 0.01149 0 3.50000 10.42500 0.01123 1.76973 -11
-0.48652 -1.04689 0.01149 0 0.57500 13.97500 0.01123 1.80423 -11
0.46370 0.98050 0.01149 0 5.05000 26.22500 0.01123 1.92712 -11
-0.50892 -1.70278 0.01149 0 0.25000 27.87500 0.01123 1.95280 -11
0.31311 0.63652 0.01149 0 5.47500 37.42500 0.01123 2.07697 -11
-0.24290 -1.06323 0.01149 0 1.55000 39.47500 0.01123 2.10658 -11
0.00482 0.60393 0.01149 0 4.62500 38.67500 0.01123 2.21617 -11
-0.01832 -0.97944 0.01149 0 2.20000 39.42500 0.01123 2.25156 -11
0.00444 0.55786 0.01149 0 5.30000 39.25000 0.01123 2.35697 -11
-0.16874 -1.08011 0.01149 0 1.32500 40.20000 0.01123 2.38599 -11
0.25847 0.28736 0.01149 0 4.25000 44.72500 0.01123 2.48375 -11
-0.14540 -0.74260 0.01149 0 1.90000 46.30000 0.01123 2.52084 -11
0.14217 0.30642 0.01149 0 5.15000 48.67500 0.01123 2.61045 -11
-0.28724 -0.81393 0.01149 0 2.72500 49.97500 0.01123 2.64835 -11
0.14694 0.32502 0.01149 0 6.47500 55.50000 0.01123 2.73448 -11
-0.36800 -0.80905 0.01149 0 3.17500 56.52500 0.01123 2.76847 -11
0.20393 0.25264 0.01149 0 7.25000 64.10000 0.01123 2.84723 -11
0.09831 0.93853 0.01149 0 -4.42500 64.17500 0.01123 2.84942 -11
-0.12683 -1.84622 0.01149 0 3.10000 64.30000 0.01123 2.87756 -11
-0.11131 1.53905 0.01149 0 -1.52500 62.12500 0.01123 2.96775 -11
-0.11501 -1.09005 0.01149 0 3.82500 62.50000 0.01123 2.98682 -11
0.16312 0.20815 0.01149 0 0.62500 63.52500 0.01123 0.53286 -11
-0.34064 -0.45187 0.01149 0 3.77500 53.42500 0.01123 0.65006 -11
0.40239 0.26655 0.01149 0 0.12500 43.40000 0.01123 0.75528 -11
-0.51533 -0.44855 0.01149 0 4.62500 29.97500 0.01123 0.86823 -11
0.52449 0.24770 0.01149 0 -0.67500 16.60000 0.01123 0.97190 -11
-0.72644 -0.50474 0.01149 0 5.65000 0.50000 0.01123 1.07983 -11
0.60051 0.41067 0.01149 0 -1.62500 -17.10000 0.01123 1.18618 -11
-0.43348 -0.60137 0.01149 0 4.42500 -29.50000 0.01123 1.28373 -11
0.42787 0.36712 0.01149 0 -1.62500 -41.32500 0.01123 1.38428 -11
-0.53029 -0.35326 0.01149 0 4.85000 -51.87500 0.01123 1.48045 -11
0.53714 0.15508 0.01149 0 -3.52500 -63.85000 0.01123 1.56293 -11
0.64932 -0.22025 0.01149 0 8.47500 -64.35000 0.01123 1.56660 -11
0.20957 0.05188 0.01149 0 5.25000 62.77500 0.01123 0.53717 -11
-0.28849 -0.01746 0.01149 0 -3.72500 55.95000 0.01123 0.66210 -11
0.18270 -0.04848 0.01149 0 4.27500 49.02500 0.01123 0.75613 -11
-0.09002 -0.49601 0.01149 0 8.00000 45.90000 0.01123 0.87643 -11
-0.14245 0.07291 0.01149 0 -4.12500 45.82500 0.01123 0.87901 -11
0.10539 -0.04571 0.01149 0 3.60000 42.00000 0.01123 0.96891 -11
-0.08957 -0.46091 0.01149 0 8.25000 40.05000 0.01123 1.08987 -11
-0.05298 0.08396 0.01149 0 -3.90000 40.00000 0.01123 1.09273 -11
0.08084 -0.11649 0.01149 0 3.00000 38.05000 0.01123 1.17495 -11
-0.16821 -0.42447 0.01149 0 8.40000 35.90000 0.01123 1.29317 -11
-0.16423 0.02715 0.01149 0 -3.80000 35.77500 0.01123 1.29628 -11
0.23676 0.01246 0.01149 0 2.37500 30.00000 0.01123 1.38037 -11
-0.25754 -0.52375 0.01149 0 8.45000 23.02500 0.01123 1.48540 -11
-0.26678 -0.04653 0.01149 0 -3.77500 22.80000 0.01123 1.48865 -11
0.17695 0.08936 0.01149 0 2.20000 17.10000 0.01123 1.57698 -11
-0.27194 -0.03080 0.01149 0 -3.30000 11.25000 0.01123 1.67532 -11
0.28218 0.13078 0.01149 0 0.42500 3.95000 0.01123 1.75336 -11
-0.55664 -0.18299 0.01149 0 -2.92500 -6.87500 0.01123 1.84515 -11
0.56404 0.40467 0.01149 0 -0.37500 -18.27500 0.01123 1.93501 -11
-0.72937 -0.32711 0.01149 0 -1.42500 -30.97500 0.01123 2.01000 -11
0.67222 0.38894 0.01149 0 -0.27500 -44.82500 0.01123 2.09651 -11
-1.01443 -0.36795 0.01149 0 -1.05000 -57.57500 0.01123 2.17009 -11
1.46560 -3.05713 0.01149 0 -3.60000 9.22500 0.01123 1.68616 -11
-1.39297 0.30824 0.01149 0 -4.00000 9.00000 0.01123 1.70214 -11
0.19508 0.28592 0.01149 0 -0.67500 63.30000 0.01123 0.53238 -11
-0.19788 -0.35350 0.01149 0 2.10000 57.00000 0.01123 0.64544 -11
0.21183 0.39651 0.01149 0 -0.72500 49.82500 0.01123 0.75371 -11
-0.15318 -0.34332 0.01149 0 1.82500 44.77500 0.01123 0.86619 -11
0.31691 0.24741 0.01149 0 -1.95000 37.25000 0.01123 0.96548 -11
-0.38118 -0.34698 0.01149 0 2.67500 25.25000 0.01123 1.08079 -11
0.40515 0.30931 0.01149 0 -1.77500 16.15000 0.01123 1.18065 -11
-0.45859 -0.47368 0.01149 0 3.62500 4.40000 0.01123 1.28357 -11
0.44387 0.22884 0.01149 0 -1.82500 -5.45000 0.01123 1.38256 -11
-0.32736 -0.26999 0.01149 0 4.45000 -17.45000 0.01123 1.48957 -11
0.37536 0.24011 0.01149 0 -1.85000 -26.27500 0.01123 1.57661 -11
-0.36234 -0.26123 0.01149 0 5.07500 -38.35000 0.01123 1.68103 -11
0.41035 0.10442 0.01149 0 -1.77500 -46.97500 0.01123 1.76500 -11
-0.41352 -0.38725 0.01149 0 5.37500 -58.70000 0.01123 1.87039 -11
0.24098 0.25440 0.01149 0 -0.85000 63.87500 0.01123 0.53203 -11
-0.31575 -0.25126 0.01149 0 1.82500 56.60000 0.01123 0.65320 -11
0.25107 0.22293 0.01149 0 -1.62500 47.50000 0.01123 0.75510 -11
-0.15437 -0.22012 0.01149 0 1.45000 42.42500 0.01123 0.87615 -11
0.13279 0.25625 0.01149 0 -2.05000 37.15000 0.01123 0.97164 -11
-0.00339 -0.26162 0.01149 0 1.37500 33.45000 0.01123 1.08817 -11
0.02724 0.36455 0.01149 0 -2.07500 32.05000 0.01123 1.18719 -11
0.03000 -0.39309 0.01149 0 1.50000 32.05000 0.01123 1.29523 -11
0.07949 0.53220 0.01149 0 -2.60000 32.10000 0.01123 1.40256 -11
0.02824 -0.56376 0.01149 0 2.15000 30.42500 0.01123 1.49500 -11
0.04830 0.67295 0.01149 0 -3.05000 31.82500 0.01123 1.60603 -11
0.02560 0.36257 0.01149 0 8.45000 31.77500 0.01123 1.60994 -11
-0.04204 -0.51281 0.01149 0 2.02500 30.12500 0.01123 1.69535 -11
-0.02013 0.69730 0.01149 0 -3.67500 31.35000 0.01123 1.80065 -11
-0.03165 0.30011 0.01149 0 7.92500 31.40000 0.01123 1.80371 -11
0.15271 -0.66435 0.01149 0 2.52500 31.62500 0.01123 1.88215 -11
-0.16165 0.69114 0.01149 0 -4.05000 35.60000 0.01123 1.98399 -11
-0.11634 0.43040 0.01149 0 7.60000 35.70000 0.01123 1.98659 -11
-0.01327 -0.60292 0.01149 0 3.55000 36.10000 0.01123 2.05726 -11
-0.05209 0.73814 0.01149 0 -3.82500 34.20000 0.01123 2.15652 -11
-0.03682 0.38306 0.01149 0 7.77500 34.22500 0.01123 2.15938 -11
0.07725 -0.94552 0.01149 0 5.77500 35.17500 0.01123 2.21957 -11
-0.38905 0.52111 0.01149 0 -4.12500 36.65000 0.01123 2.31234 -11
-0.36170 0.23029 0.01149 0 7.62500 36.90000 0.01123 2.31489 -11
0.75123 -1.09612 0.01149 0 8.32500 43.67500 0.01123 2.36963 -11
0.41702 -0.18039 0.01149 0 -4.10000 44.07500 0.01123 2.37294 -11
-0.59399 0.68981 0.01149 0 -4.32500 53.25000 0.01123 2.44865 -11
-0.67843 0.37214 0.01149 0 7.35000 53.57500 0.01123 2.45113 -11
0.66005 -0.05325 0.01149 0 -1.17500 62.07500 0.01123 2.49956 -11
0.19501 0.31483 0.01149 0 -3.27500 64.12500 0.01123 0.53289 -11
-0.29074 -0.06082 0.01149 0 0.07500 56.15000 0.01123 0.65497 -11
0.33363 0.21058 0.01149 0 -4.10000 48.65000 0.01123 0.74557 -11
0.27073 -0.05416 0.01149 0 7.87500 48.40000 0.01123 0.74815 -11
-0.41743 0.05834 0.01149 0 -0.60000 43.05000 0.01123 0.79813 -11
0.52572 -0.07064 0.01149 0 7.17500 36.92500 0.01123 0.84262 -11
-0.43535 0.21123 0.01149 0 -0.52500 30.45000 0.01123 0.89333 -11
0.32761 -0.21928 0.01149 0 7.22500 26.85000 0.01123 0.93186 -11
-0.25751 0.17107 0.01149 0 -0.42500 22.07500 0.01123 0.98172 -11
0.41745 -0.27842 0.01149 0 6.60000 19.90000 0.01123 1.01288 -11
-0.15444 0.10842 0.01149 0 -0.40000 14.87500 0.01123 1.05988 -11
0.07896 -0.06165 0.01149 0 6.75000 12.35000 0.01123 1.09769 -11
-1.83433 0.36600 0.01149 0 5.85000 8.25000 0.01123 1.12057 -11
3.09375 -1.84900 0.01149 0 -3.27500 3.35000 0.01123 1.14050 -11
-0.30944 -0.26409 0.01149 0 4.20000 -5.20000 0.01123 1.18900 -11
0.79759 0.38201 0.01149 0 -2.20000 -9.37500 0.01123 1.22599 -11
-1.02919 -1.05044 0.01149 0 5.42500 -13.30000 0.01123 1.24864 -11
1.55656 1.08000 0.01149 0 -2.57500 -20.65000 0.01123 1.28841 -11
2.72144 0.89745 0.01149 0 -2.67500 -33.72500 0.01123 1.34791 -11
1.41336 0.62981 0.01149 0 -2.67500 -47.82500 0.01123 1.40440 -11
1.83945 1.10885 0.01149 0 8.25000 -49.90000 0.01123 1.41329 -11
-1.10154 -0.79752 0.01149 0 5.97500 -52.87500 0.01123 1.42662 -11
1.04643 0.51935 0.01149 0 -2.80000 -58.22500 0.01123 1.45701 -11
0.90583 0.58285 0.01149 0 8.07500 -59.25000 0.01123 1.46336 -11
-0.84449 -0.32831 0.01149 0 5.32500 -61.62500 0.01123 1.47731 -11
0.69381 0.61605 0.01149 0 -2.75000 -62.57500 0.01123 1.49893 -11
1.74216 2.82664 0.01149 0 7.85000 -63.62500 0.01123 1.50613 -11
-1.51730 -1.88055 0.01149 0 7.00000 -64.22500 0.01123 1.50985 -11
-2.24655 0.96202 0.01149 0 -4.27500 -59.15000 0.01123 1.65714 -11
-5.14435 3.18092 0.01149 0 6.80000 -57.02500 0.01123 1.66419 -11
-88.23450 72.64359 0.01149 0 5.50000 -55.32500 0.01123 1.67456 -11
0.13376 0.49520 0.01149 0 -4.37500 63.42500 0.01123 0.53431 -11
0.11118 0.10899 0.01149 0 7.42500 63.32500 0.01123 0.53641 -11
-0.18910 -0.33941 0.01149 0 1.20000 58.10000 0.01123 0.63338 -11
0.15049 0.15109 0.01149 0 7.20000 54.92500 0.01123 0.73010 -11
-0.20388 -0.26204 0.01149 0 2.10000 50.27500 0.01123 0.81866 -11
0.16178 0.01874 0.01149 0 5.95000 47.10000 0.01123 0.89989 -11
-0.12137 -0.20465 0.01149 0 2.45000 40.57500 0.01123 0.99199 -11
0.14136 -0.10335 0.01149 0 5.42500 37.92500 0.01123 1.06232 -11
-0.35535 -0.08749 0.01149 0 3.40000 29.95000 0.01123 1.15298 -11
0.30480 -0.15946 0.01149 0 5.15000 25.47500 0.01123 1.21514 -11
-0.44458 0.11602 0.01149 0 3.90000 17.12500 0.01123 1.30723 -11
0.47117 -0.43423 0.01149 0 3.77500 11.42500 0.01123 1.35910 -11
-0.17246 -0.17112 0.01149 0 5.25000 6.52500 0.01123 1.43688 -11
0.29000 -0.29637 0.01149 0 3.60000 3.10000 0.01123 1.48536 -11
-0.35650 -0.10224 0.01149 0 5.52500 -2.22500 0.01123 1.55427 -11
0.50185 -0.33356 0.01149 0 2.60000 -7.37500 0.01123 1.59777 -11
-0.53486 -0.08248 0.01149 0 6.05000 -15.97500 0.01123 1.66134 -11
0.51517 -0.18191 0.01149 0 2.35000 -22.95000 0.01123 1.70643 -11
-0.89162 -0.06328 0.01149 0 6.20000 -32.75000 0.01123 1.76667 -11
0.77257 -0.27360 0.01149 0 1.75000 -39.72500 0.01123 1.80848 -11
-0.92008 -0.57397 0.01149 0 7.75000 -48.85000 0.01123 1.85451 -11
-1.31515 0.13741 0.01149 0 -4.37500 -49.60000 0.01123 1.85787 -11
3.73546 0.35943 0.01149 0 -0.15000 -59.77500 0.01123 1.89803 -11
0.88480 -0.19081 0.00206 0 -4.32500 63.37500 0.00160 0.53439 11
-0.88497 0.27255 0.00206 0 -1.42500 60.40000 0.00160 0.55144 11
0.72789 0.01799 0.00206 0 -4.40000 57.07500 0.00160 0.57422 11
3.14986 -1.95907 0.00206 0 8.02500 56.47500 0.00160 0.57789 11
-1.89022 -0.31755 0.00206 0 -2.80000 52.97500 0.00160 0.59198 11
40.25603 10.04123 0.00206 0 7.27500 50.60000 0.00160 0.60470 11
0.05508 1.02816 0.00206 0 6.07500 48.60000 0.00160 0.61443 11
-0.06824 -0.85407 0.00206 0 6.92500 48.42500 0.00160 0.62495 11
0.16053 0.36126 0.01149 0 -0.22500 64.47500 0.01123 0.53457 -11
-0.17712 -0.38042 0.01149 0 2.45000 58.90000 0.01123 0.64493 -11
0.12885 0.22325 0.01149 0 -0.47500 55.27500 0.01123 0.74328 -11
-0.33534 -0.18787 0.01149 0 2.95000 49.55000 0.01123 0.86416 -11
0.38450 0.14495 0.01149 0 -1.67500 38.75000 0.01123 0.96171 -11
-0.35685 -0.20955 0.01149 0 3.52500 26.22500 0.01123 1.07780 -11
0.38743 0.22727 0.01149 0 -1.60000 16.02500 0.01123 1.17169 -11
-0.52382 -0.34080 0.01149 0 4.07500 2.47500 0.01123 1.28350 -11
0.47154 0.22679 0.01149 0 -2.07500 -9.32500 0.01123 1.37571 -11
-0.59798 1.01824 0.01149 0 5.92500 -24.10000 0.01123 1.48569 -11
0.28895 -1.72273 0.01149 0 8.42500 -24.95000 0.01123 1.49547 -11
-0.45955 0.87672 0.01149 0 6.45000 -29.15000 0.01123 1.52683 -11
-0.86587 -1.10454 0.01149 0 -3.20000 -29.52500 0.01123 1.53601 -11
-0.60618 -0.83816 0.01149 0 6.60000 -25.95000 0.01123 1.55875 -11
2.48905 0.66923 0.01149 0 6.57500 -26.00000 0.01123 1.55925 -11
-3.59862 -1.49899 0.01149 0 5.50000 -29.85000 0.01123 1.57368 -11
0.39229 0.57272 0.01149 0 -4.27500 -32.10000 0.01123 1.59311 -11
0.51356 0.48812 0.01149 0 7.15000 -32.40000 0.01123 1.59620 -11
-0.10169 -0.21362 0.01149 0 4.95000 -33.32500 0.01123 1.60728 -11
-1.22854 0.66710 0.01149 0 7.10000 -32.17500 0.01123 1.62105 -11
0.39400 -0.61561 0.01149 0 5.60000 -31.35000 0.01123 1.62820 -11
-0.23556 0.56298 0.01149 0 7.25000 -30.77500 0.01123 1.64211 -11
0.66744 -0.12510 0.01149 0 5.80000 -30.37500 0.01123 1.64899 -11
0.59347 0.51137 0.01149 0 7.37500 -29.85000 0.01123 1.66042 -11
0.16836 -0.49297 0.01149 0 6.17500 -30.22500 0.01123 1.66652 -11
2.59423 2.77317 0.01149 0 5.92500 -27.15000 0.01123 1.68444 -11
0.21275 0.30177 0.01149 0 -0.70000 63.15000 0.01123 0.53323 -11
-0.17431 -0.41732 0.01149 0 1.80000 55.30000 0.01123 0.65191 -11
0.20558 0.45033 0.01149 0 -0.82500 49.62500 0.01123 0.76260 -11
-0.18630 -0.55224 0.01149 0 2.20000 43.02500 0.01123 0.86689 -11
0.26305 0.54827 0.01149 0 -1.15000 37.15000 0.01123 0.98350 -11
-0.62591 -0.78600 0.01149 0 2.72500 29.37500 0.01123 1.07832 -11
0.59376 0.84185 0.01149 0 -3.97500 12.27500 0.01123 1.20322 -11
0.47422 0.37383 0.01149 0 7.60000 11.92500 0.01123 1.20618 -11
-0.70391 -0.91899 0.01149 0 4.12500 1.67500 0.01123 1.28066 -11
0.60413 0.69796 0.01149 0 -3.30000 -12.30000 0.01123 1.40520 -11
0.56211 0.32065 0.01149 0 8.20000 -12.85000 0.01123 1.40921 -11
-0.42952 -0.96009 0.01149 0 4.42500 -24.42500 0.01123 1.48839 -11
0.42116 0.62236 0.01149 0 -2.12500 -34.75000 0.01123 1.59398 -11
-0.28298 -0.83294 0.01149 0 4.00000 -39.60000 0.01123 1.67623 -11
0.31809 0.75744 0.01149 0 -3.52500 -47.30000 0.01123 1.78051 -11
0.21926 0.42335 0.01149 0 7.97500 -47.55000 0.01123 1.78395 -11
-0.31733 -0.71591 0.01149 0 3.72500 -52.70000 0.01123 1.85818 -11
0.32595 0.65921 0.01149 0 -4.50000 -60.00000 0.01123 1.95464 -11
0.27994 0.37372 0.01149 0 7.25000 -60.17500 0.01123 1.95679 -11
0.21824 0.13724 0.01149 0 4.90000 63.67500 0.01123 0.53735 -11
-0.21368 -0.66059 0.01149 0 7.97500 56.85000 0.01123 0.65157 -11
-0.09843 -0.11050 0.01149 0 -4.30000 56.77500 0.01123 0.65411 -11
0.16103 0.16980 0.01149 0 4.80000 53.05000 0.01123 0.75712 -11
-0.23487 -0.77209 0.01149 0 7.97500 48.70000 0.01123 0.86882 -11
-0.24873 -0.23258 0.01149 0 -4.35000 48.52500 0.01123 0.87149 -11
0.46208 0.28120 0.01149 0 3.65000 39.82500 0.01123 0.98549 -11
-0.49355 -0.24124 0.01149 0 -2.90000 26.42500 0.01123 1.09077 -11
0.46209 0.34130 0.01149 0 -0.55000 14.80000 0.01123 1.17805 -11
-0.45217 -0.19071 0.01149 0 -2.55000 4.50000 0.01123 1.25606 -11
0.45954 0.21309 0.01149 0 -0.22500 -3.62500 0.01123 1.33310 -11
-0.42089 -0.10785 0.01149 0 -1.95000 -12.85000 0.01123 1.41079 -11
0.33275 0.15655 0.01149 0 -0.42500 -20.82500 0.01123 1.48097 -11
-0.33085 -0.09086 0.01149 0 -1.57500 -28.12500 0.01123 1.55481 -11
0.27526 0.17206 0.01149 0 -0.07500 -32.85000 0.01123 1.62314 -11
-0.20480 -0.04275 0.01149 0 -1.22500 -39.95000 0.01123 1.70176 -11
0.25455 0.11852 0.01149 0 -0.20000 -43.57500 0.01123 1.76484 -11
-0.22358 -0.20854 0.01149 0 -0.80000 -48.32500 0.01123 1.83193 -11
0.23659 0.25901 0.01149 0 -0.12500 -52.00000 0.01123 1.90320 -11
-0.35342 -0.14623 0.01149 0 -0.37500 -56.87500 0.01123 1.96807 -11
0.27288 0.20544 0.01149 0 -0.32500 -61.52500 0.01123 2.03134 -11
-0.18474 -0.68387 0.01149 0 -2.32500 -64.72500 0.01123 2.09966 -11
0.15730 0.06955 0.01149 0 5.50000 64.75000 0.01123 0.53559 -11
-0.18362 -0.10687 0.01149 0 -3.82500 59.70000 0.01123 0.65773 -11
0.17307 0.10921 0.01149 0 4.97500 53.52500 0.01123 0.76327 -11
-0.21756 -0.08409 0.01149 0 -3.35000 46.15000 0.01123 0.87890 -11
0.17867 0.02494 0.01149 0 4.55000 41.45000 0.01123 0.97302 -11
-0.20910 -0.11162 0.01149 0 -3.40000 36.87500 0.01123 1.08456 -11
0.10263 0.30081 0.01149 0 4.50000 32.57500 0.01123 1.19427 -11
-0.18981 -0.32655 0.01149 0 -3.10000 28.52500 0.01123 1.28931 -11
0.14893 0.30735 0.01149 0 4.25000 23.17500 0.01123 1.39491 -11
-0.27011 -0.74663 0.01149 0 -3.47500 19.07500 0.01123 1.48568 -11
0.19909 0.75493 0.01149 0 1.17500 11.05000 0.01123 1.61410 -11
-0.23917 -0.64158 0.01149 0 -3.37500 6.82500 0.01123 1.68394 -11
0.19893 0.72734 0.01149 0 0.70000 1.27500 0.01123 1.80277 -11
-0.35364 -0.66830 0.01149 0 -3.37500 -3.47500 0.01123 1.87154 -11
0.67383 1.09902 0.01149 0 -1.37500 -15.95000 0.01123 1.98780 -11
-0.45555 -0.81501 0.01149 0 -2.02500 -22.25000 0.01123 2.04123 -11
1.06961 1.11385 0.01149 0 -0.97500 -34.50000 0.01123 2.14738 -11
-1.51860 -1.37068 0.01149 0 2.42500 -42.92500 0.01123 2.18989 -11
1.08891 1.21276 0.01149 0 -0.55000 -64.22500 0.01123 2.30824 -11
0.15855 0.21311 0.01149 0 0.20000 63.65000 0.01123 0.53304 -11
0.16988 0.38736 0.01149 0 -3.62500 63.25000 0.01123 0.53458 -11
0.21605 0.08534 0.01149 0 8.17500 63.12500 0.01123 0.53764 -11
-0.23723 -0.29323 0.01149 0 -0.45000 54.85000 0.01123 0.64723 -11
0.29634 0.39221 0.01149 0 -3.52500 48.10000 0.01123 0.75018 -11
0.29480 0.06706 0.01149 0 8.25000 47.82500 0.01123 0.75348 -11
-0.37930 -0.18485 0.01149 0 1.10000 35.40000 0.01123 0.86767 -11
0.54964 0.27062 0.01149 0 -3.42500 27.50000 0.01123 0.96186 -11
0.53233 -0.08342 0.01149 0 8.45000 26.95000 0.01123 0.96562 -11
-0.11479 0.31878 0.01149 0 2.90000 23.07500 0.01123 1.00391 -11
-0.06211 -0.21566 0.01149 0 -3.77500 22.97500 0.01123 1.02588 -11
-0.07953 -0.04623 0.01149 0 8.42500 23.10000 0.01123 1.02907 -11
0.03919 -0.21174 0.01149 0 1.05000 21.12500 0.01123 1.06505 -11
-0.56604 0.52434 0.01149 0 4.75000 25.42500 0.01123 1.10485 -11
0.59552 -0.58260 0.01149 0 0.75000 28.02500 0.01123 1.12379 -11
-0.64853 0.25309 0.01149 0 5.00000 31.12500 0.01123 1.15517 -11
0.68675 -0.24790 0.01149 0 1.25000 34.40000 0.01123 1.17544 -11
-0.53374 0.61695 0.01149 0 5.07500 36.87500 0.01123 1.20800 -11
0.67396 -0.70996 0.01149 0 1.82500 39.22500 0.01123 1.22361 -11
-1.75430 1.14955 0.01149 0 4.77500 41.15000 0.01123 1.41717 -11
2.26700 -0.83940 0.01149 0 3.52500 42.80000 0.01123 1.42455 -11
-26.60152 208.61347 0.01149 0 5.35000 45.50000 0.01123 1.43689 -11
1.12210 0.37273 0.01149 0 5.80000 44.77500 0.01123 1.44055 -11
-1.73467 0.49216 0.01149 0 4.12500 42.95000 0.01123 1.45326 -11
4.61132 0.81865 0.01149 0 4.10000 42.77500 0.01123 1.45393 -11
0.96443 0.40753 0.01149 0 3.52500 42.12500 0.01123 1.45746 -11
0.53541 0.09924 0.01149 0 2.32500 43.27500 0.01123 1.47100 -11
0.17874 0.18748 0.01149 0 1.15000 63.22500 0.01123 0.53240 -11
-0.22823 -0.38283 0.01149 0 3.97500 55.52500 0.01123 0.65206 -11
0.16745 0.20381 0.01149 0 1.02500 49.12500 0.01123 0.75705 -11
-0.21668 -0.50159 0.01149 0 4.15000 43.85000 0.01123 0.87033 -11
0.13259 0.21250 0.01149 0 0.62500 39.55000 0.01123 0.97368 -11
-0.02937 -0.33743 0.01149 0 4.67500 35.45000 0.01123 1.08730 -11
0.09421 0.19505 0.01149 0 0.30000 34.02500 0.01123 1.17724 -11
-0.18826 -0.35326 0.01149 0 4.77500 30.60000 0.01123 1.28636 -11
0.15704 0.07768 0.01149 0 -0.17500 27.25000 0.01123 1.37532 -11
-0.28838 -0.27742 0.01149 0 5.52500 20.25000 0.01123 1.48931 -11
0.26938 0.02084 0.01149 0 -1.10000 14.47500 0.01123 1.56994 -11
-0.36719 -0.19825 0.01149 0 6.72500 4.95000 0.01123 1.67746 -11
0.34223 0.00453 0.01149 0 -1.37500 -2.45000 0.01123 1.75194 -11
-0.26847 -0.21927 0.01149 0 7.07500 -13.40000 0.01123 1.86123 -11
0.24634 -0.06496 0.01149 0 -1.47500 -18.75000 0.01123 1.93053 -11
-0.25030 -0.18422 0.01149 0 7.05000 -25.27500 0.01123 2.03523 -11
0.50171 -0.21054 0.01149 0 -3.52500 -31.00000 0.01123 2.09556 -11
-0.56060 -0.25427 0.01149 0 8.37500 -45.05000 0.01123 2.19632 -11
-0.49819 0.34204 0.01149 0 -3.55000 -45.50000 0.01123 2.19982 -11
0.48044 -0.20878 0.01149 0 -3.17500 -53.20000 0.01123 2.25822 -11
-0.48108 -0.39703 0.01149 0 5.32500 -24.15000 0.01123 2.04649 -11
0.05730 0.38303 0.01149 0 6.72500 -23.92500 0.01123 2.05358 -11
-0.30918 0.03905 0.01868 0 -3.20000 62.72500 0.01806 1.85125 11
0.35842 -0.05561 0.01868 0 0.92500 58.97500 0.01806 1.89272 11
-0.47072 -0.14510 0.01868 0 7.95000 53.30000 0.01806 1.93543 11
-0.40012 -0.01809 0.01868 0 -4.15000 52.95000 0.01806 1.93822 11
0.31872 0.31348 0.01868 0 1.20000 48.80000 0.01806 1.97138 11
-0.59179 -0.46738 0.01868 0 7.00000 43.65000 0.01806 2.01474 11
0.93500 0.27283 0.01868 0 2.00000 39.50000 0.01806 2.03964 11
-0.90839 -0.18798 0.01868 0 5.60000 33.00000 0.01806 2.07187 11
2.00905 1.43094 0.01868 0 1.97500 28.30000 0.01806 2.09373 11
-1.00660 -0.81342 0.01868 0 5.22500 -18.25000 0.01806 2.30919 11
1.29129 0.67176 0.01868 0 2.65000 -20.40000 0.01806 2.32145 11
-1.34280 -0.38386 0.01868 0 5.27500 -26.95000 0.01806 2.35056 11
0.95498 -0.79518 0.01868 0 2.17500 -30.35000 0.01806 2.36878 11
-0.73590 0.75383 0.01868 0 4.80000 -32.27500 0.01806 2.38098 11
-0.14854 -3.44228 0.01868 0 2.30000 -37.17500 0.01806 2.40958 11
0.70485 2.31432 0.01868 0 3.25000 -36.92500 0.01806 2.41309 11
-1.46571 -1.03295 0.01868 0 1.65000 7.42500 0.01806 2.58708 11
1.39149 0.55273 0.01868 0 3.05000 9.10000 0.01806 2.59502 11
2.09293 0.09404 0.01868 0 2.05000 9.80000 0.01806 2.60057 11
30.40903 19.53620 0.01868 0 2.60000 6.82500 0.01806 2.61254 11
0.64247 -1.12298 0.01868 0 3.27500 7.00000 0.01806 2.62826 11
-0.57871 0.97514 0.01868 0 1.82500 5.80000 0.01806 2.64769 11
