-1.84425 -1.21971 0.01050 0 8.12500 -10.52500 0.00660 0.17477 -11
1.36523 0.54794 0.01050 0 4.90000 -40.65000 0.00660 0.30196 -11
-1.61809 -0.10725 0.01050 0 -3.55000 -54.30000 0.00660 0.36083 -11
1.26646 0.74093 0.01050 0 -3.00000 48.80000 0.00660 -0.11514 -11
1.04070 0.36421 0.01050 0 8.37500 47.62500 0.00660 -0.10948 -11
-0.84377 -0.48366 0.01050 0 -4.22500 35.52500 0.00660 -0.04303 -11
0.90855 0.80200 0.01050 0 -2.62500 13.75000 0.00660 0.07667 -11
-1.47834 -1.63876 0.01050 0 6.80000 1.60000 0.00660 0.14952 -11
0.84751 1.20690 0.01050 0 -4.37500 -17.32500 0.00660 0.27405 -11
0.71405 0.61960 0.01050 0 7.12500 -17.72500 0.00660 0.27679 -11
-0.81009 -0.21575 0.01050 0 -3.30000 -25.57500 0.00660 0.32738 -11
1.32781 0.02391 0.01050 0 1.45000 -36.50000 0.00660 0.37400 -11
-1.29862 -0.00546 0.01050 0 -3.05000 -46.07500 0.00660 0.41360 -11
1.68979 0.01583 0.01050 0 1.22500 -55.72500 0.00660 0.45297 -11
-1.36819 -0.06261 0.01050 0 -2.75000 -65.00000 0.00660 0.49007 -11
1.36655 0.38295 0.01050 0 2.60000 48.92500 0.00660 -0.11551 -11
-3.45208 -0.02954 0.01050 0 5.10000 23.20000 0.00660 -0.01754 -11
2.58522 -0.43639 0.01050 0 -3.17500 7.65000 0.00660 0.03650 -11
-1.62828 0.19957 0.01050 0 0.82500 -19.00000 0.00660 0.14266 -11
1.63639 -0.26436 0.01050 0 7.55000 -35.72500 0.00660 0.20633 -11
-2.05256 0.54005 0.01050 0 1.27500 -58.07500 0.00660 0.29268 -11
1.42796 0.45863 0.01050 0 2.05000 48.20000 0.00660 -0.11368 -11
-1.36502 -0.39296 0.01050 0 2.70000 29.47500 0.00660 -0.03312 -11
1.46704 0.11057 0.01050 0 1.65000 4.97500 0.00660 0.06905 -11
-1.27661 -0.16074 0.01050 0 4.55000 -19.45000 0.00660 0.16679 -11
0.64965 -0.04286 0.01050 0 5.52500 -33.70000 0.00660 0.24508 -11
-0.52909 -0.14136 0.01050 0 3.07500 -46.17500 0.00660 0.33644 -11
0.59226 -0.11084 0.01050 0 4.10000 -57.22500 0.00660 0.40527 -11
1.77372 0.29189 0.01050 0 6.05000 48.22500 0.00660 -0.11255 -11
-2.29153 -0.81323 0.01050 0 6.87500 25.80000 0.00660 -0.02260 -11
1.81880 0.43790 0.01050 0 2.95000 -6.00000 0.00660 0.09771 -11
-1.76285 -0.65302 0.01050 0 7.05000 -24.02500 0.00660 0.16737 -11
1.61341 0.27289 0.01050 0 3.70000 -50.87500 0.00660 0.27375 -11
-1.59332 -1.39738 0.01050 0 6.12500 -65.00000 0.00660 0.33538 -11
1.14081 0.18074 0.01050 0 5.37500 48.42500 0.00660 -0.11343 -11
-1.33318 -0.89349 0.01050 0 4.60000 28.95000 0.00660 -0.02643 -11
1.26137 0.40106 0.01050 0 4.92500 4.17500 0.00660 0.08785 -11
-1.51338 -1.15955 0.01050 0 5.40000 -12.55000 0.00660 0.16200 -11
0.91939 0.38410 0.01050 0 5.70000 -35.80000 0.00660 0.28318 -11
-0.69762 -0.74503 0.01050 0 2.00000 -47.62500 0.00660 0.36249 -11
1.45114 0.36235 0.01050 0 6.62500 48.15000 0.00660 -0.11213 -11
-1.03259 -0.47943 0.01050 0 -2.90000 33.40000 0.00660 -0.04804 -11
1.97346 1.31208 0.01050 0 -4.42500 4.95000 0.00660 0.08026 -11
1.79343 0.97368 0.01050 0 7.00000 4.02500 0.00660 0.08418 -11
-1.83366 -0.97720 0.01050 0 -0.25000 -7.07500 0.00660 0.13010 -11
2.50535 1.33653 0.01050 0 -4.27500 -38.47500 0.00660 0.26515 -11
1.67695 1.07845 0.01050 0 7.12500 -39.75000 0.00660 0.27018 -11
-1.61306 -1.33591 0.01050 0 -0.55000 -48.77500 0.00660 0.31135 -11
1.19124 0.55010 0.01050 0 -2.17500 49.02500 0.00660 -0.11592 -11
-1.14906 -0.09553 0.01050 0 -3.57500 30.45000 0.00660 -0.02717 -11
1.20612 0.38861 0.01050 0 -2.75000 8.97500 0.00660 0.07066 -11
-1.89483 0.13256 0.01050 0 -0.15000 -15.57500 0.00660 0.16776 -11
1.75616 -0.02827 0.01050 0 -4.20000 -35.95000 0.00660 0.24442 -11
1.85889 -0.22371 0.01050 0 7.87500 -37.25000 0.00660 0.24941 -11
-1.27775 0.21358 0.01050 0 -1.52500 -63.95000 0.00660 0.35738 -11
1.67625 0.45833 0.01050 0 -0.10000 48.87500 0.00660 -0.11565 -11
-1.30571 -0.42405 0.01050 0 0.22500 29.80000 0.00660 -0.03334 -11
1.67983 0.69476 0.01050 0 -0.85000 2.82500 0.00660 0.07923 -11
-1.59676 -0.87214 0.01050 0 1.80000 -11.22500 0.00660 0.13946 -11
1.30106 0.81572 0.01050 0 0.32500 -38.40000 0.00660 0.26220 -11
-1.36322 -0.96537 0.01050 0 1.57500 -51.02500 0.00660 0.32192 -11
1.19559 0.25293 0.01050 0 3.57500 48.75000 0.00660 -0.11484 -11
-1.61169 -0.50738 0.01050 0 3.67500 26.62500 0.00660 -0.02161 -11
1.73466 0.21956 0.01050 0 2.50000 -0.92500 0.00660 0.09227 -11
-2.61543 -0.25862 0.01050 0 4.92500 -24.87500 0.00660 0.18547 -11
8.72585 1.01994 0.01050 0 -3.42500 -53.97500 0.00660 0.28530 -11
-4.60767 -0.98120 0.01050 0 -3.65000 -55.52500 0.00660 0.29466 -11
1.37727 0.56758 0.01050 0 3.55000 48.72500 0.00660 -0.11482 -11
-1.40332 -0.63847 0.01050 0 3.07500 30.02500 0.00660 -0.03239 -11
1.02053 0.39031 0.01050 0 4.20000 6.12500 0.00660 0.08384 -11
-0.85687 -0.57752 0.01050 0 2.92500 -10.32500 0.00660 0.16524 -11
0.98520 0.47218 0.01050 0 4.50000 -29.90000 0.00660 0.26890 -11
-1.70469 -1.24611 0.01050 0 6.67500 -43.47500 0.00660 0.33023 -11
1.31548 0.38515 0.01050 0 6.62500 47.95000 0.00660 -0.11155 -11
-1.40324 -0.27007 0.01050 0 -3.97500 30.25000 0.00660 -0.03626 -11
1.03217 0.13265 0.01050 0 6.87500 2.15000 0.00660 0.08139 -11
-0.88509 -0.66688 0.01050 0 5.07500 -13.60000 0.00660 0.16517 -11
0.66358 0.22058 0.01050 0 7.10000 -33.50000 0.00660 0.27364 -11
-0.72854 -0.54065 0.01050 0 3.92500 -47.65000 0.00660 0.36161 -11
0.15112 0.30220 0.01050 0 -2.57500 -51.77500 0.00660 0.44829 -11
-0.16827 0.02021 0.01050 0 4.52500 -55.62500 0.00660 0.55008 -11
0.20465 -0.06217 0.01050 0 -4.35000 -59.12500 0.00660 0.61290 -11
0.24777 -0.36025 0.01050 0 7.80000 -59.25000 0.00660 0.61526 -11
0.54054 -0.31593 0.01050 0 -3.12500 -63.35000 0.00660 1.26684 -11
-0.46360 0.34970 0.01050 0 6.32500 -53.85000 0.00660 1.34326 -11
0.24170 -0.96610 0.01050 0 7.27500 -49.77500 0.00660 1.39489 -11
-0.14072 0.27146 0.01050 0 5.12500 -47.15000 0.00660 1.46624 -11
0.08711 -1.01457 0.01050 0 6.50000 -45.62500 0.00660 1.51387 -11
0.22769 0.41072 0.01050 0 3.95000 -47.35000 0.00660 1.58256 -11
-0.21411 -1.08749 0.01050 0 6.37500 -49.85000 0.00660 1.62380 -11
0.22127 0.35121 0.01050 0 3.25000 -50.92500 0.00660 1.68554 -11
-0.13317 -0.73813 0.01050 0 6.12500 -52.72500 0.00660 1.72684 -11
0.12120 0.29318 0.01050 0 2.72500 -53.47500 0.00660 1.78380 -11
-0.44632 -0.62535 0.01050 0 6.40000 -56.77500 0.00660 1.82441 -11
0.50443 0.22213 0.01050 0 2.45000 -61.90000 0.00660 1.87532 -11
-0.04760 -0.44085 0.00243 0 1.30000 -63.50000 0.00243 4.20303 11
-0.15498 0.38863 0.00243 0 2.87500 -63.72500 0.00243 4.21070 11
1.88150 1.43939 0.01050 0 3.35000 48.72500 0.00660 -0.11474 -11
-1.82223 -1.23690 0.01050 0 -4.20000 39.62500 0.00660 -0.07411 -11
3.25495 1.06234 0.01050 0 2.95000 3.02500 0.00660 0.08281 -11
-3.59032 -1.32128 0.01050 0 -1.17500 -6.67500 0.00660 0.11863 -11
-1.45802 -0.36085 0.01050 0 5.75000 -60.52500 0.00660 1.10789 -11
0.82990 1.36657 0.00288 0 2.90000 3.22500 0.00263 0.08225 11
-0.52530 -0.62042 0.00288 0 6.20000 -16.72500 0.00263 0.20805 11
0.62294 -0.16969 0.00288 0 2.92500 -18.60000 0.00263 0.22530 11
-0.78575 0.34250 0.00288 0 5.85000 -21.07500 0.00263 0.24200 11
1.04070 -0.13977 0.00288 0 3.85000 -26.10000 0.00263 0.26683 11
-1.04383 -0.19942 0.00288 0 6.17500 -29.37500 0.00263 0.28372 11
0.45647 0.42036 0.00288 0 3.85000 -31.17500 0.00263 0.29601 11
-0.60093 -0.58572 0.00288 0 6.17500 -33.95000 0.00263 0.31747 11
1.71097 -0.39937 0.00288 0 4.37500 -37.20000 0.00263 0.33228 11
-1.50048 0.13652 0.00288 0 5.87500 -39.52500 0.00263 0.34353 11
-0.10351 0.35672 0.00288 0 3.72500 -39.70000 0.00263 0.35725 11
0.34806 -0.27388 0.00288 0 5.55000 -38.92500 0.00263 0.37192 11
-0.75805 -0.09954 0.00288 0 4.47500 -36.02500 0.00263 0.38608 11
0.13583 0.01804 0.00288 0 5.80000 -34.45000 0.00263 0.39570 11
0.42847 0.18382 0.00288 0 4.35000 -34.97500 0.00263 0.40344 11
-0.04373 0.30505 0.00288 0 5.32500 -35.07500 0.00263 0.41567 11
1.07849 0.36120 0.01050 0 2.60000 48.90000 0.00660 -0.11548 -11
-1.24687 -0.47235 0.01050 0 2.27500 31.45000 0.00660 -0.03456 -11
1.22952 0.96602 0.01050 0 2.47500 5.70000 0.00660 0.08115 -11
-1.96720 -2.56588 0.01050 0 -2.70000 1.77500 0.00660 0.10342 -11
6.20411 10.22706 0.01050 0 1.37500 -28.25000 0.00660 0.27543 -11
-5.18896 -9.40546 0.01050 0 0.27500 -28.90000 0.00660 0.27955 -11
1.17183 0.37334 0.01050 0 4.00000 48.55000 0.00660 -0.11424 -11
-1.31573 -0.69010 0.01050 0 3.75000 30.50000 0.00660 -0.03307 -11
0.97971 0.31837 0.01050 0 4.97500 6.90000 0.00660 0.08086 -11
-0.83970 -0.66964 0.01050 0 2.70000 -12.52500 0.00660 0.17448 -11
0.88272 0.38831 0.01050 0 5.02500 -31.27500 0.00660 0.27982 -11
-1.17346 -0.61793 0.01050 0 5.17500 -45.37500 0.00660 0.35061 -11
-2.21104 0.71375 0.00386 0 4.85000 -59.15000 0.00059 0.23287 -11
-2.19139 -0.34270 0.00702 0 0.12500 -51.92500 0.00254 0.20855 11
-1.01502 -0.57043 0.00174 0 6.77500 -64.17500 0.00118 0.60840 11
0.77000 -0.14903 0.00174 0 -2.67500 -61.17500 0.00118 0.62638 11
-0.47852 -0.02299 0.00174 0 6.52500 -59.55000 0.00118 0.64298 11
0.40762 -0.70748 0.00174 0 -3.32500 -57.00000 0.00118 0.66447 11
-0.75681 -0.66288 0.00174 0 6.30000 -54.82500 0.00118 0.68107 11
0.72010 0.42104 0.00174 0 8.20000 -53.05000 0.00118 0.69190 11
0.09598 0.22392 0.00174 0 -3.32500 -52.97500 0.00118 0.69589 11
0.15191 0.42631 0.00174 0 -3.35000 -52.27500 0.00118 0.72086 11
-0.41473 -0.12718 0.00174 0 7.00000 -50.97500 0.00118 0.73185 11
0.87282 -0.84710 0.00174 0 -3.72500 -49.32500 0.00118 0.74728 11
-0.15185 0.11569 0.00174 0 6.77500 -48.72500 0.00118 0.75558 11
0.34373 -0.10629 0.00174 0 8.25000 -48.30000 0.00118 0.76604 11
3.37533 0.59499 0.00391 0 5.02500 -4.65000 0.00126 0.12560 11
-2.45593 -0.09575 0.00391 0 7.62500 -15.72500 0.00126 0.16549 11
1.46352 -0.32631 0.00391 0 5.87500 -24.40000 0.00126 0.19582 11
-1.59235 -0.04921 0.00391 0 -2.42500 -32.47500 0.00126 0.22921 11
0.33382 1.01300 0.00391 0 -4.25000 -34.82500 0.00126 0.23977 11
-0.07353 0.25170 0.00391 0 7.42500 -34.95000 0.00126 0.24218 11
0.70573 -1.45536 0.00391 0 -2.45000 -32.90000 0.00126 0.23115 11
-0.91986 1.79893 0.00391 0 -2.00000 -33.17500 0.00126 0.23342 11
-0.37057 0.10367 0.01352 0 3.67500 -64.65000 0.01029 1.08884 -11
0.53503 -0.11082 0.01352 0 -0.32500 -51.65000 0.01029 1.18771 -11
-0.18778 0.00025 0.01352 0 4.57500 -46.55000 0.01029 1.26945 -11
0.17359 0.04873 0.01352 0 0.22500 -39.15000 0.01029 1.37584 -11
-0.20248 -0.12238 0.01352 0 4.57500 -36.75000 0.01029 1.44855 -11
0.24465 -0.03936 0.01352 0 0.77500 -30.30000 0.01029 1.54724 -11
-0.22573 -0.01146 0.01352 0 4.40000 -24.70000 0.01029 1.62224 -11
0.13518 -0.11974 0.01352 0 0.90000 -18.62500 0.01029 1.71219 -11
-0.11764 -0.00206 0.01352 0 3.82500 -14.67500 0.01029 1.78288 -11
0.20577 -0.06407 0.01352 0 1.27500 -12.02500 0.01029 1.86812 -11
-0.28201 -0.06554 0.01352 0 3.22500 -8.10000 0.01029 1.93205 -11
0.18244 -0.05607 0.01352 0 1.50000 -2.30000 0.01029 2.01557 -11
-0.16110 -0.06065 0.01352 0 3.05000 1.27500 0.01029 2.07868 -11
-0.11553 -0.37453 0.01352 0 0.97500 3.95000 0.01029 2.15607 -11
0.24312 0.25059 0.01352 0 2.30000 0.80000 0.01029 2.23421 -11
-0.04685 -0.36463 0.01352 0 1.07500 -1.30000 0.01029 2.29879 -11
-0.14058 0.27174 0.01352 0 2.02500 -2.72500 0.01029 2.36822 -11
0.22159 -0.48334 0.01352 0 0.87500 -0.95000 0.01029 2.43081 -11
-0.18848 0.46617 0.01352 0 1.20000 0.95000 0.01029 2.50368 -11
-0.04265 -0.14436 0.01352 0 1.42500 2.82500 0.01029 2.56054 -11
0.04824 0.03139 0.01352 0 1.50000 1.85000 0.01029 2.62033 -11
-0.12429 -0.14164 0.01352 0 2.67500 -0.32500 0.01029 2.67903 -11
0.19390 -0.20003 0.01352 0 1.57500 -3.02500 0.01029 2.72949 -11
-0.21369 0.08048 0.01352 0 3.27500 -7.05000 0.01029 2.80019 -11
0.21572 -0.37434 0.01352 0 0.52500 -10.35000 0.01029 2.83990 -11
-0.37145 0.39478 0.01352 0 3.37500 -13.80000 0.01029 2.90920 -11
0.94643 -0.19511 0.01352 0 -2.15000 -21.15000 0.01029 2.94490 -11
-2.13446 0.54245 0.01352 0 4.05000 -39.65000 0.01029 3.02666 -11
0.79328 -0.60210 0.01352 0 -2.55000 -45.07500 0.01029 3.05390 -11
-1.22707 0.58260 0.01352 0 4.67500 -57.92500 0.01029 3.11800 -11
2.15627 -1.16222 0.01352 0 -3.72500 -62.35000 0.01029 3.13776 -11
2.24602 -0.09772 0.00501 0 6.00000 -19.10000 0.00196 0.05933 11
-1.28652 -0.18433 0.00501 0 -1.97500 -33.32500 0.00196 0.11372 11
0.85870 -0.08372 0.00501 0 5.02500 -40.50000 0.00196 0.14584 11
-0.58957 -0.59196 0.00501 0 -1.35000 -49.60000 0.00196 0.19670 11
0.40840 0.09610 0.00501 0 5.22500 -52.75000 0.00196 0.22038 11
-0.51372 -0.96926 0.00501 0 -1.42500 -58.60000 0.00196 0.27142 11
0.17932 0.32064 0.00501 0 6.92500 -60.55000 0.00196 0.28668 11
0.05411 0.52840 0.00501 0 7.80000 -63.55000 0.00196 0.35358 11
-0.16127 0.59996 0.00501 0 -1.97500 -33.35000 0.00196 0.11376 11
0.30860 -0.54763 0.00501 0 -2.05000 -31.35000 0.00196 0.13047 11
-1.40745 -0.58106 0.00359 0 5.77500 -35.92500 0.00124 0.10624 11
1.05753 1.38235 0.00359 0 2.75000 -38.12500 0.00124 0.12020 11
-0.80956 -0.89990 0.00359 0 4.92500 -43.70000 0.00124 0.15456 11
1.18896 0.15630 0.00359 0 2.77500 -45.95000 0.00124 0.16591 11
-1.40306 -0.01394 0.00359 0 5.35000 -50.35000 0.00124 0.18637 11
1.69630 -0.40707 0.00359 0 5.32500 -51.55000 0.00124 0.19095 11
-2.20267 0.07714 0.00359 0 6.65000 -54.60000 0.00124 0.20320 11
2.42492 -0.81620 0.00359 0 5.07500 -58.47500 0.00124 0.22037 11
-3.23363 1.19355 0.00359 0 6.02500 -61.47500 0.00124 0.23185 11
-3.08828 -3.07275 0.00359 0 5.90000 -62.32500 0.00124 0.25800 11
0.20682 0.05672 0.00359 0 5.20000 -61.30000 0.00124 0.27415 11
-0.14608 -0.21051 0.00359 0 6.75000 -61.45000 0.00124 0.28523 11
-1.03345 -0.65524 0.00396 0 7.30000 -42.00000 0.00094 0.12638 11
1.51375 0.34364 0.00396 0 2.92500 -46.57500 0.00094 0.15029 11
-0.53707 -0.12868 0.00396 0 -3.47500 -55.15000 0.00094 0.19699 11
0.43023 0.72365 0.00396 0 4.32500 -59.50000 0.00094 0.22025 11
-0.54980 -0.90888 0.00396 0 8.27500 -64.02500 0.00094 0.25788 11
2.24027 -0.49700 0.00296 0 7.77500 64.87500 0.00111 -0.19166 -11
-3.45989 0.54733 0.00296 0 6.35000 54.52500 0.00111 -0.15451 -11
0.80470 -0.53871 0.00296 0 -4.02500 48.22500 0.00111 -0.13187 -11
0.54986 -0.97110 0.00296 0 8.35000 47.60000 0.00111 -0.12805 -11
-2.31583 -0.61955 0.00201 0 -2.32500 61.42500 0.00022 -0.17943 11
1.53730 -0.09935 0.00201 0 -3.90000 56.87500 0.00022 -0.16153 11
10.08586 4.18565 0.00201 0 -3.45000 52.10000 0.00022 -0.14312 11
-0.07398 -1.02000 0.00201 0 7.85000 51.15000 0.00022 -0.13483 11
-0.93025 -0.09604 0.00201 0 -3.27500 51.90000 0.00022 -0.12101 11
-0.69636 0.31783 0.00201 0 -3.10000 50.37500 0.00022 -0.10904 11
-45.36963 -54.90784 0.00201 0 -4.02500 52.17500 0.00022 -0.09623 11
-0.14244 -0.04395 0.00201 0 7.17500 50.17500 0.00022 -0.08267 11
-0.58728 2.49159 0.00439 0 1.55000 -63.50000 0.00422 1.44931 -11
0.45885 -2.32539 0.00439 0 -1.37500 -62.87500 0.00422 1.45967 -11
-4.30805 -17.91190 0.00439 0 0.22500 -62.90000 0.00422 1.52898 -11
-1.16184 2.37027 0.00439 0 3.20000 -57.65000 0.00422 1.20248 -11
1.06064 -2.25010 0.00439 0 0.95000 -56.70000 0.00422 1.21085 -11
-1.51094 5.29347 0.00439 0 1.25000 -35.12500 0.00422 1.31196 -11
3.42564 -7.94865 0.00439 0 -0.07500 -34.75000 0.00422 1.31657 -11
-3.25856 4.56036 0.00439 0 -0.32500 -34.60000 0.00422 1.31746 -11
2.64317 -3.91408 0.00439 0 -1.55000 -33.60000 0.00422 1.32309 -11
0.12034 0.77103 0.00439 0 -0.82500 -30.52500 0.00422 1.35004 -11
0.28411 -1.29694 0.00439 0 -2.70000 -30.92500 0.00422 1.35778 -11
-7.78754 0.86123 0.00439 0 -1.72500 -63.10000 0.00422 1.53922 -11
-0.42516 -0.62206 0.00439 0 -1.72500 -62.20000 0.00422 1.54532 -11
2.17765 0.41407 0.00439 0 -2.45000 -60.70000 0.00422 1.55847 -11
-0.19011 1.48926 0.00439 0 -2.97500 -59.52500 0.00422 1.60466 -11
-3.16656 0.79038 0.00439 0 5.02500 -30.80000 0.00422 1.25854 -11
3.54429 -0.83611 0.00439 0 3.22500 -25.00000 0.00422 1.27940 -11
-2.23285 2.05888 0.00439 0 5.57500 -15.92500 0.00422 1.32400 -11
2.48066 -2.44950 0.00439 0 4.05000 -14.52500 0.00422 1.33110 -11
-2.40109 -1.28105 0.00439 0 5.70000 -6.30000 0.00422 1.37310 -11
1.93711 -3.60824 0.00757 0 3.97500 -55.87500 0.00170 1.92626 11
0.18545 2.26785 0.00757 0 3.65000 -55.80000 0.00170 1.92747 11
-0.26899 -1.08925 0.00312 0 -1.87500 -44.85000 0.00311 12.86481 11
0.18075 0.86805 0.00312 0 -0.97500 -44.82500 0.00311 12.86869 11
-0.12591 -0.81200 0.00312 0 -0.65000 -44.67500 0.00311 12.87043 11
0.43940 -0.34519 0.00312 0 0.50000 -43.30000 0.00311 12.87924 11
-2.24283 -0.45999 0.00611 0 2.87500 61.22500 0.00433 -0.08679 11
-4.10366 -1.55085 0.00611 0 0.42500 50.75000 0.00433 -0.04832 11
-1.48574 -0.86121 0.00611 0 0.25000 50.15000 0.00433 -0.04795 11
0.84679 1.04951 0.00611 0 -2.87500 47.60000 0.00433 -0.03376 11
-0.25878 -0.46942 0.00611 0 2.37500 42.77500 0.00433 0.01394 11
0.48697 0.39176 0.00611 0 -2.87500 40.52500 0.00433 0.03680 11
-1.33769 -0.55346 0.00611 0 1.70000 34.90000 0.00433 0.07567 11
0.63993 -0.24356 0.00611 0 6.10000 24.72500 0.00433 0.12722 11
-0.83229 -0.04244 0.00611 0 -1.50000 19.05000 0.00433 0.15904 11
0.90574 -0.13871 0.00611 0 -3.70000 11.85000 0.00433 0.18790 11
-0.85965 0.06344 0.00611 0 -0.57500 7.60000 0.00433 0.20951 11
0.99389 0.14965 0.00611 0 -4.12500 4.35000 0.00433 0.23174 11
-1.07976 -0.24596 0.00611 0 6.45000 6.62500 0.00433 0.24930 11
1.11468 0.33065 0.00611 0 8.00000 9.30000 0.00433 0.26146 11
0.24997 -0.31739 0.00611 0 -4.17500 9.75000 0.00433 0.26468 11
-0.37968 2.07963 0.00611 0 5.75000 8.40000 0.00433 0.27528 11
-0.26103 -2.56135 0.00611 0 6.72500 9.27500 0.00433 0.29633 11
-6.07675 47.79174 0.00611 0 7.32500 9.05000 0.00433 0.30134 11
-0.34391 0.22768 0.00611 0 6.45000 9.32500 0.00433 0.32022 11
0.18371 -0.22258 0.00611 0 7.92500 9.97500 0.00433 0.32987 11
33.07559 43.79733 0.00611 0 6.12500 7.50000 0.00433 0.34428 11
-4.48225 -15.91242 0.00611 0 6.22500 4.52500 0.00433 0.40185 11
-5.90054 -12.44071 0.00611 0 6.35000 3.87500 0.00433 0.41430 11
-1.27751 -0.96712 0.00326 0 2.27500 -63.90000 0.00179 1.20138 11
1.16777 0.96251 0.00326 0 4.95000 -60.97500 0.00179 1.21574 11
0.36876 -1.17777 0.00326 0 3.07500 -57.60000 0.00179 1.40284 11
-0.07639 0.95284 0.00326 0 4.70000 -58.15000 0.00179 1.40948 11
-0.53306 -0.20254 0.00326 0 3.07500 -55.22500 0.00179 1.42837 11
0.47525 0.09552 0.00326 0 5.12500 -53.95000 0.00179 1.43968 11
-1.00156 1.53147 0.00326 0 3.72500 -52.67500 0.00179 1.44751 11
-16.81702 15.91761 0.00326 0 4.37500 -43.15000 0.00179 1.51152 11
1.24078 -0.03504 0.00326 0 5.20000 -39.90000 0.00179 1.52800 11
-1.01564 -0.50733 0.00326 0 3.07500 -62.15000 0.00179 1.06704 11
0.95800 0.57328 0.00326 0 6.32500 -58.50000 0.00179 1.08550 11
-1.60471 -0.24568 0.00326 0 3.25000 -51.52500 0.00179 1.11953 11
1.84763 0.17553 0.00326 0 5.85000 -46.20000 0.00179 1.14152 11
-5.40477 1.78882 0.00326 0 3.85000 -41.15000 0.00179 1.16154 11
4.23544 -0.46655 0.00326 0 4.37500 57.30000 0.00179 1.53555 11
2.84009 0.57001 0.00326 0 4.35000 57.57500 0.00179 1.53645 11
-3.65774 0.72527 0.00326 0 2.47500 62.70000 0.00179 1.55754 11
1.23834 -0.80212 0.00326 0 -3.92500 -64.05000 0.00179 1.10026 11
-2.12217 0.45030 0.00326 0 6.20000 -59.82500 0.00179 1.11665 11
1.94039 -0.71548 0.00326 0 7.87500 -52.57500 0.00179 1.14472 11
-0.22567 0.88942 0.00326 0 6.35000 -51.62500 0.00179 1.15139 11
-0.06047 1.07587 0.00326 0 6.32500 -52.75000 0.00179 1.19052 11
2.01398 1.18956 0.00326 0 4.80000 -63.82500 0.00179 1.08541 11
-4.87965 3.96704 0.00326 0 1.87500 61.92500 0.00179 1.54697 11
0.41131 0.43287 0.00326 0 2.47500 -63.82500 0.00179 1.17341 11
-0.45690 -0.84856 0.00326 0 -1.37500 -59.00000 0.00179 1.21407 11
0.44767 1.06830 0.00326 0 2.32500 -57.52500 0.00179 1.22923 11
-1.00595 -1.28746 0.00326 0 -0.32500 -54.25000 0.00179 1.27346 11
0.91899 0.54501 0.00326 0 2.32500 -52.40000 0.00179 1.28510 11
-0.29943 0.04355 0.00326 0 -1.40000 -48.95000 0.00179 1.30622 11
-0.53943 -0.16009 0.00326 0 1.27500 -49.35000 0.00179 1.32587 11
1.38722 1.25465 0.00326 0 -1.70000 -51.50000 0.00179 1.34023 11
-1.89009 -1.56538 0.00326 0 -0.65000 -55.60000 0.00179 1.36482 11
-0.28878 0.27162 0.00326 0 -2.35000 -53.07500 0.00179 1.37987 11
0.08489 -0.75487 0.00326 0 -0.70000 -52.60000 0.00179 1.39358 11
-0.45562 0.18565 0.00326 0 -0.95000 -52.60000 0.00179 1.39478 11
0.43527 -0.07718 0.00326 0 0.45000 -51.62500 0.00179 1.40437 11
-0.40712 0.33813 0.00326 0 -0.92500 -52.20000 0.00179 1.41396 11
-0.42262 0.53400 0.00326 0 -1.67500 -51.47500 0.00179 1.34012 11
0.98118 -0.53985 0.00326 0 -0.07500 -49.60000 0.00179 1.35572 11
0.80917 0.19917 0.00326 0 -1.30000 -49.72500 0.00179 1.36138 11
-1.39281 -0.62218 0.00326 0 -1.07500 -50.52500 0.00179 1.36615 11
-3.68973 -2.54088 0.00326 0 -1.10000 -50.55000 0.00179 1.36655 11
6.52193 -3.90112 0.00326 0 -1.12500 -50.57500 0.00179 1.36697 11
2.42766 -1.69640 0.00326 0 5.47500 -59.87500 0.00179 1.09972 11
-2.92114 1.25648 0.00326 0 4.00000 -58.32500 0.00179 1.10717 11
2.24951 -2.20911 0.00326 0 4.67500 -48.00000 0.00179 1.14587 11
-0.40065 -1.43193 0.00326 0 -0.45000 -43.85000 0.00179 1.18959 11
1.14046 2.68865 0.00326 0 0.82500 -43.25000 0.00179 1.19477 11
-5.73012 -8.45171 0.00326 0 0.57500 -37.25000 0.00179 1.23020 11
4.61724 7.51643 0.00326 0 1.05000 -36.95000 0.00179 1.23157 11
-1.59904 -2.15734 0.00326 0 0.25000 -32.77500 0.00179 1.25592 11
5.05320 2.45783 0.00326 0 1.42500 -31.55000 0.00179 1.26077 11
6.12581 3.12902 0.00326 0 2.30000 -27.70000 0.00179 1.27409 11
-15.30801 -12.04808 0.00326 0 2.87500 -25.32500 0.00179 1.28651 11
-4.29971 -2.06701 0.00326 0 -3.45000 -64.00000 0.00179 1.08743 11
2.29115 2.49373 0.00326 0 -2.25000 -62.75000 0.00179 1.09343 11
-0.42190 -0.27194 0.00326 0 -4.15000 -54.57500 0.00179 1.13368 11
0.44555 0.40957 0.00326 0 -0.15000 -52.37500 0.00179 1.15339 11
-0.60410 -0.40001 0.00326 0 -4.10000 -50.17500 0.00179 1.18204 11
0.51300 0.34453 0.00326 0 -0.57500 -47.72500 0.00179 1.19986 11
-0.20579 -0.31055 0.00326 0 -3.95000 -45.20000 0.00179 1.22938 11
0.32102 0.23732 0.00326 0 -0.32500 -43.92500 0.00179 1.24682 11
-0.50622 -0.63602 0.00326 0 -3.77500 -41.67500 0.00179 1.27068 11
0.73897 0.59251 0.00326 0 -0.87500 -40.15000 0.00179 1.28386 11
0.11346 -0.71262 0.00326 0 -3.22500 -41.10000 0.00179 1.31301 11
0.19953 0.81251 0.00326 0 -0.80000 -41.10000 0.00179 1.32274 11
-2.07623 -2.28791 0.00326 0 -1.95000 -36.32500 0.00179 1.35055 11
2.75508 2.06405 0.00326 0 -1.02500 -35.65000 0.00179 1.35487 11
-3.80174 -17.53731 0.00326 0 -0.85000 -35.45000 0.00179 1.35576 11
-14.77888 100.83275 0.00326 0 -0.80000 -35.45000 0.00179 1.35599 11
0.95645 0.43419 0.00326 0 -0.55000 -35.77500 0.00179 1.35816 11
0.58814 -0.29154 0.00326 0 -0.55000 -35.80000 0.00179 1.35833 11
-0.19575 0.74323 0.00326 0 0.47500 -36.25000 0.00179 1.36398 11
-5.04524 -2.54843 0.00326 0 -3.42500 -63.87500 0.00179 1.08763 11
-0.13855 4.92679 0.00326 0 -3.42500 -63.85000 0.00179 1.08764 11
2.73659 -0.26317 0.00326 0 -3.07500 -57.82500 0.00179 1.11730 11
-2.39569 0.25741 0.00326 0 -4.02500 -49.10000 0.00179 1.14750 11
1.91446 0.04445 0.00326 0 -2.00000 -42.75000 0.00179 1.17246 11
-1.48591 -0.46849 0.00326 0 -2.00000 -38.30000 0.00179 1.18809 11
1.36809 0.40941 0.00326 0 -0.37500 -35.47500 0.00179 1.20029 11
-0.96597 -1.14739 0.00326 0 -0.05000 -34.92500 0.00179 1.20267 11
0.77238 1.73962 0.00326 0 1.30000 -34.15000 0.00179 1.20850 11
-1.90025 -2.05323 0.00326 0 0.10000 -31.15000 0.00179 1.22876 11
0.22767 0.66916 0.00326 0 0.50000 -31.05000 0.00179 1.23951 11
553.51504 58.64536 0.00326 0 0.37500 -32.10000 0.00179 1.25085 11
-2.30886 -2.53429 0.00326 0 0.85000 -32.55000 0.00179 1.25768 11
4.32436 -1.33057 0.00326 0 5.87500 -35.05000 0.00179 1.21689 11
-1.83687 -3.66354 0.00326 0 5.87500 -35.05000 0.00179 1.21689 11
-0.90914 -0.06892 0.00326 0 7.15000 -64.17500 0.00179 1.11960 11
0.10614 -0.18185 0.00326 0 -0.85000 -59.47500 0.00179 1.15178 11
-0.56368 -0.63628 0.00326 0 7.27500 -56.97500 0.00179 1.17242 11
0.54231 -0.08474 0.00326 0 -0.77500 -54.10000 0.00179 1.19563 11
-0.19107 -0.45276 0.00326 0 7.32500 -53.32500 0.00179 1.21445 11
0.30580 -0.40409 0.00326 0 0.02500 -51.77500 0.00179 1.24327 11
-0.30051 0.02098 0.00326 0 -3.10000 -49.70000 0.00179 1.25884 11
0.30179 0.01989 0.00326 0 0.45000 -48.05000 0.00179 1.27900 11
-0.19476 0.24432 0.00326 0 -2.87500 -46.55000 0.00179 1.29643 11
-0.02320 -0.37025 0.00326 0 0.35000 -46.45000 0.00179 1.31786 11
0.30646 0.73625 0.00326 0 -2.42500 -46.70000 0.00179 1.32957 11
0.02708 -0.11826 0.00326 0 5.55000 -62.70000 0.00179 1.20927 11
-0.20589 -0.27190 0.00326 0 1.07500 -61.05000 0.00179 1.23520 11
0.18145 0.23485 0.00326 0 5.30000 -60.05000 0.00179 1.25486 11
0.24484 -0.57061 0.00326 0 1.17500 -61.05000 0.00179 1.28281 11
-0.22226 0.55749 0.00326 0 4.75000 -62.25000 0.00179 1.29832 11
-0.13290 -0.03617 0.00326 0 0.77500 -61.90000 0.00179 1.32367 11
0.10986 0.14766 0.00326 0 4.65000 -61.30000 0.00179 1.34368 11
-0.01154 0.23596 0.00326 0 1.05000 -59.40000 0.00179 1.36587 11
-6.95385 6.02567 0.00326 0 3.27500 -55.95000 0.00179 1.39637 11
1.66265 -0.14954 0.00326 0 4.22500 -51.57500 0.00179 1.41848 11
0.70540 -0.19719 0.00326 0 2.82500 -48.42500 0.00179 1.45286 11
-0.45370 0.37835 0.00326 0 3.92500 -49.40000 0.00179 1.46196 11
-0.35095 0.93842 0.00326 0 -1.45000 -64.02500 0.00179 1.16545 11
0.16038 -0.44907 0.00326 0 2.57500 -63.12500 0.00179 1.20008 11
-0.19858 0.70572 0.00326 0 -1.42500 -62.05000 0.00179 1.21759 11
-0.00739 -0.86309 0.00326 0 1.40000 -62.02500 0.00179 1.24538 11
-0.79564 1.58895 0.00326 0 -0.47500 -61.92500 0.00179 1.25239 11
-3.86807 5.16523 0.00326 0 0.27500 -58.20000 0.00179 1.30921 11
0.83540 -0.25524 0.00326 0 1.40000 -54.85000 0.00179 1.32579 11
-0.63801 0.24960 0.00326 0 -0.15000 -53.55000 0.00179 1.33501 11
0.95347 -0.51464 0.00326 0 1.30000 -51.80000 0.00179 1.34867 11
-0.38175 -1.64449 0.00326 0 1.42500 -51.37500 0.00179 1.35085 11
-0.15692 1.69293 0.00326 0 2.30000 -51.12500 0.00179 1.35467 11
-0.70353 -1.34019 0.00326 0 6.02500 -63.97500 0.00179 1.18872 11
1.06059 1.40333 0.00326 0 7.77500 -63.12500 0.00179 1.19576 11
0.59485 0.53856 0.00326 0 -3.42500 -62.37500 0.00179 1.20057 11
-0.80882 0.70025 0.00326 0 6.02500 -58.95000 0.00179 1.22243 11
1.13166 -1.36174 0.00326 0 8.02500 -54.82500 0.00179 1.24629 11
-0.98715 0.25514 0.00326 0 7.22500 -52.60000 0.00179 1.25522 11
-0.40739 0.21655 0.00326 0 7.22500 -47.67500 0.00179 1.28293 11
1.13479 -1.94524 0.00326 0 -3.60000 -45.87500 0.00179 1.30302 11
-2.27789 0.82062 0.00326 0 -3.80000 -45.60000 0.00179 1.30421 11
2.29107 0.06423 0.00326 0 -3.15000 -42.32500 0.00179 1.31727 11
-0.78486 17.81383 0.00326 0 -3.97500 -40.85000 0.00179 1.32439 11
-0.24996 0.90676 0.00326 0 -4.20000 -40.97500 0.00179 1.32582 11
1.54840 0.20195 0.00326 0 1.97500 -61.57500 0.00179 1.11481 11
-0.67962 -0.70548 0.00326 0 -1.80000 -54.95000 0.00179 1.15121 11
0.62449 0.86433 0.00326 0 1.80000 -52.95000 0.00179 1.16681 11
-0.60040 -1.31655 0.00326 0 -1.55000 -48.50000 0.00179 1.20623 11
0.54329 1.47737 0.00326 0 0.75000 -47.55000 0.00179 1.21509 11
-0.10669 -0.70091 0.00326 0 -2.15000 -48.55000 0.00179 1.25355 11
0.16275 0.25172 0.00326 0 1.92500 -47.50000 0.00179 1.27193 11
-0.26195 0.23491 0.00326 0 -2.20000 -46.27500 0.00179 1.29344 11
0.21705 -0.48342 0.00326 0 2.32500 -45.67500 0.00179 1.32368 11
-0.18288 0.27185 0.00326 0 -1.30000 -44.52500 0.00179 1.34100 11
0.18577 -0.23137 0.00326 0 2.25000 -43.60000 0.00179 1.36309 11
-0.32502 -0.01936 0.00326 0 -0.92500 -41.57500 0.00179 1.38024 11
0.46818 0.15322 0.00326 0 2.12500 -39.57500 0.00179 1.39684 11
-0.17495 -0.85484 0.00326 0 -0.85000 -38.97500 0.00179 1.42021 11
-0.09362 0.76524 0.00326 0 1.32500 -38.62500 0.00179 1.42901 11
0.20447 -3.21008 0.00326 0 -0.87500 -40.32500 0.00179 1.45127 11
-0.81561 0.30847 0.00326 0 -0.40000 -41.80000 0.00179 1.46718 11
0.04241 -0.53728 0.00326 0 -0.95000 -42.92500 0.00179 1.48101 11
0.29924 0.27437 0.00326 0 8.47500 -63.52500 0.00179 1.21375 11
0.37500 0.20656 0.00326 0 -3.35000 -63.22500 0.00179 1.21738 11
-0.46110 -0.50537 0.00326 0 3.80000 -60.85000 0.00179 1.24844 11
0.43919 0.42364 0.00326 0 7.90000 -58.65000 0.00179 1.26747 11
0.39344 0.54158 0.00326 0 -3.70000 -58.35000 0.00179 1.27077 11
-0.12113 -0.78732 0.00326 0 4.45000 -54.92500 0.00179 1.30449 11
0.10204 0.58213 0.00326 0 8.07500 -54.55000 0.00179 1.31890 11
0.22918 0.39622 0.00326 0 -3.55000 -54.37500 0.00179 1.32227 11
0.59468 -0.94714 0.00326 0 4.82500 -57.32500 0.00179 1.35027 11
-0.60831 0.97742 0.00326 0 7.35000 -58.45000 0.00179 1.36059 11
-0.76646 0.72788 0.00326 0 -4.15000 -58.95000 0.00179 1.36381 11
0.35745 -0.53771 0.00326 0 4.72500 -61.00000 0.00179 1.39130 11
-0.43677 0.53439 0.00326 0 7.57500 -62.62500 0.00179 1.40469 11
-0.40768 0.55374 0.00326 0 -4.02500 -62.92500 0.00179 1.40762 11
0.11046 -0.46139 0.00326 0 5.82500 -63.50000 0.00179 1.43346 11
-0.29009 0.45863 0.00326 0 8.35000 -64.20000 0.00179 1.44519 11
0.14296 0.20251 0.00326 0 -3.27500 -64.25000 0.00179 1.44903 11
0.06935 -0.08528 0.00326 0 -2.32500 36.12500 0.00179 2.55824 11
-0.22571 0.10759 0.00326 0 -0.50000 35.72500 0.00179 2.56947 11
0.64072 0.85068 0.00326 0 -2.00000 34.80000 0.00179 2.58654 11
0.91659 0.43727 0.00326 0 -4.25000 -64.75000 0.00179 1.10514 11
-1.20342 -0.65206 0.00326 0 3.90000 -58.75000 0.00179 1.13492 11
1.28751 0.62143 0.00326 0 7.10000 -55.42500 0.00179 1.15197 11
-0.45528 0.08811 0.00326 0 3.05000 -51.17500 0.00179 1.17801 11
1.85340 0.23117 0.00326 0 1.92500 -61.37500 0.00179 1.11492 11
-0.69485 -0.47046 0.00326 0 -1.70000 -54.20000 0.00179 1.14823 11
0.58220 0.53832 0.00326 0 2.42500 -51.62500 0.00179 1.16744 11
-0.36838 0.15845 0.00326 0 -1.90000 -47.25000 0.00179 1.19754 11
-4.30422 -1.26828 0.00808 0 2.77500 -8.52500 0.00268 0.06407 11
2.00562 0.45704 0.00808 0 -3.40000 -22.77500 0.00268 0.11796 11
-1.56691 -0.43105 0.00808 0 1.55000 -48.70000 0.00268 0.21471 11
1.52604 -0.32436 0.00808 0 6.62500 -64.95000 0.00268 0.27958 11
2.94070 -2.31308 0.00870 0 5.37500 -56.05000 0.00186 1.23780 11
-1.62972 1.63386 0.00870 0 4.32500 -55.00000 0.00186 1.24293 11
-0.92997 0.11604 0.00642 0 5.70000 -58.80000 0.00636 1.56148 -11
1.72157 0.82956 0.00642 0 3.45000 -52.02500 0.00636 1.59149 -11
-1.02060 -0.05008 0.00642 0 7.27500 -44.95000 0.00636 1.62182 -11
1.40331 0.15337 0.00642 0 3.42500 -38.00000 0.00636 1.65352 -11
-1.08708 0.33652 0.00642 0 -4.50000 -31.35000 0.00636 1.68525 -11
-0.83070 0.12340 0.00642 0 7.35000 -30.77500 0.00636 1.68813 -11
0.88053 -0.05832 0.00642 0 3.22500 -26.00000 0.00636 1.71441 -11
-0.69241 0.07747 0.00642 0 6.72500 -20.15000 0.00636 1.74159 -11
0.54333 -0.12557 0.00642 0 2.42500 -16.27500 0.00636 1.76737 -11
-0.44827 0.16835 0.00642 0 7.00000 -13.32500 0.00636 1.79610 -11
0.62218 -0.23196 0.00642 0 2.92500 -10.62500 0.00636 1.81729 -11
-1.78632 1.70576 0.00642 0 6.70000 -6.87500 0.00636 1.84866 -11
3.69816 -4.56877 0.00642 0 6.15000 -6.20000 0.00636 1.85200 -11
-0.73802 0.46089 0.00642 0 -3.12500 -1.57500 0.00636 1.87923 -11
-0.19758 1.43707 0.00642 0 8.35000 -0.82500 0.00636 1.88417 -11
-0.19724 -0.93429 0.00642 0 5.87500 -1.20000 0.00636 1.89360 -11
0.01979 0.65323 0.00642 0 -3.07500 -2.47500 0.00636 1.91803 -11
-1.44706 21.35694 0.00642 0 7.85000 -2.65000 0.00636 1.92330 -11
-2.44112 1.76341 0.00642 0 7.22500 -2.40000 0.00636 1.92578 -11
2.51297 -1.50532 0.00642 0 6.37500 -0.90000 0.00636 1.93195 -11
-1.22170 -0.34886 0.00642 0 7.67500 0.82500 0.00636 1.94096 -11
-2.54020 -1.55822 0.00642 0 6.57500 4.80000 0.00636 1.95805 -11
-0.08887 0.48282 0.00642 0 4.70000 5.00000 0.00636 1.97324 -11
3.21694 0.37403 0.00642 0 6.60000 3.95000 0.00636 1.98713 -11
16.89773 0.49748 0.00642 0 5.87500 2.47500 0.00636 1.99477 -11
-0.91648 0.22570 0.00642 0 5.07500 0.87500 0.00636 2.00482 -11
0.01407 0.41391 0.00642 0 -0.27500 -64.95000 0.00636 1.57372 -11
-1.03602 0.55046 0.00642 0 -4.45000 -64.50000 0.00636 1.83366 -11
-1.26107 1.13021 0.00642 0 7.22500 -63.85000 0.00636 1.83686 -11
2.16604 -1.30447 0.00642 0 5.92500 -62.47500 0.00636 1.84376 -11
-0.16150 0.83050 0.00642 0 -3.95000 -60.52500 0.00636 1.85939 -11
-0.88291 0.42942 0.00642 0 7.22500 -60.25000 0.00636 1.86343 -11
0.87947 -0.32121 0.00642 0 5.47500 -58.77500 0.00636 1.87339 -11
-0.48783 -0.15333 0.00642 0 3.30000 -64.65000 0.00636 2.24705 -11
1.46699 0.38110 0.00642 0 -1.85000 -57.50000 0.00636 2.28708 -11
-1.48024 -0.16190 0.00642 0 1.52500 -49.72500 0.00636 2.31793 -11
1.19882 0.08916 0.00642 0 -2.15000 -41.40000 0.00636 2.35266 -11
-0.78056 0.00120 0.00642 0 2.72500 -35.27500 0.00636 2.38706 -11
0.56776 -0.00558 0.00642 0 -1.85000 -29.75000 0.00636 2.41676 -11
-0.34466 0.18393 0.00642 0 3.60000 -26.55000 0.00636 2.44829 -11
0.27638 -0.19670 0.00642 0 -1.70000 -24.17500 0.00636 2.47466 -11
-0.22732 0.19359 0.00642 0 3.62500 -22.57500 0.00636 2.50971 -11
