0.51898 -0.77978 0.00132 0 5.35000 -64.72500 0.00076 2.04874 11
-0.40304 0.24311 0.00132 0 -3.25000 63.87500 0.00076 1.11577 11
-0.57760 -0.97615 0.00132 0 -4.50000 64.65000 0.00076 1.12789 11
0.51903 0.59761 0.00132 0 -3.77500 64.97500 0.00076 1.13119 11
0.51171 0.43895 0.00132 0 1.47500 56.17500 0.00076 1.23947 11
0.12257 -1.48941 0.00132 0 2.10000 55.52500 0.00076 1.25051 11
0.11746 0.19706 0.00132 0 -0.50000 61.22500 0.00076 1.21219 11
-0.25871 -0.55763 0.00132 0 0.50000 61.10000 0.00076 1.22010 11
0.20995 1.07576 0.00132 0 0.40000 61.10000 0.00076 1.22073 11
0.96069 -0.22598 0.00132 0 0.75000 61.80000 0.00076 1.22826 11
0.66073 0.21688 0.00449 0 -0.25000 32.72500 0.00338 0.93708 11
-0.77004 -0.14802 0.00449 0 0.47500 32.00000 0.00338 0.94315 11
1.24247 -90.65946 0.00146 0 4.27500 18.67500 0.00141 1.24176 11
0.00648 0.39294 0.00146 0 2.67500 19.52500 0.00141 1.25072 11
0.05517 -0.49359 0.00146 0 3.52500 18.97500 0.00141 1.26669 11
-1.04271 -0.34822 0.00540 0 -3.70000 59.82500 0.00310 1.44793 11
0.94688 -0.08888 0.00540 0 3.45000 54.92500 0.00310 1.47437 11
-1.21102 0.21172 0.00540 0 7.42500 48.82500 0.00310 1.50171 11
0.71665 0.07974 0.00540 0 2.85000 42.47500 0.00310 1.53480 11
0.42683 -2.05100 0.00540 0 7.00000 61.75000 0.00310 1.78625 11
0.16229 0.92758 0.00540 0 4.77500 61.52500 0.00310 1.79431 11
-0.01992 -0.75729 0.00540 0 7.70000 60.95000 0.00310 1.82471 11
-0.29231 2.39933 0.00540 0 4.77500 61.17500 0.00310 1.83644 11
14.03546 -34.18916 0.00540 0 3.85000 21.90000 0.00310 2.02751 11
0.13903 -0.85279 0.00540 0 3.85000 21.90000 0.00310 2.02754 11
-106.66673 96.78174 0.00540 0 3.87500 21.90000 0.00310 2.02742 11
-0.40219 -0.06723 0.01450 0 2.57500 -55.87500 0.01349 -0.08757 -11
0.55992 -0.07499 0.01450 0 3.17500 -33.62500 0.01349 0.08717 -11
-0.61810 -0.05231 0.01450 0 0.67500 -16.72500 0.01349 0.19264 -11
0.49043 -0.12908 0.01450 0 2.02500 7.02500 0.01349 0.36112 -11
-0.49531 -0.01511 0.01450 0 1.07500 21.27500 0.01349 0.46968 -11
0.48833 -0.02485 0.01450 0 2.87500 43.42500 0.01349 0.64051 -11
-0.49342 -0.13511 0.01450 0 -0.10000 55.40000 0.01349 0.73310 -11
-0.41971 0.07917 0.01450 0 -0.40000 -55.95000 0.01349 -0.08801 -11
0.44692 -0.00834 0.01450 0 -0.65000 -36.42500 0.01349 0.08745 -11
-0.43797 0.03472 0.01450 0 -1.62500 -22.77500 0.01349 0.19280 -11
0.37281 0.05970 0.01450 0 -1.20000 -3.95000 0.01349 0.36415 -11
-0.31058 -0.02758 0.01450 0 -1.75000 5.40000 0.01349 0.46389 -11
0.38191 0.05618 0.01450 0 0.10000 23.55000 0.01349 0.63392 -11
-0.37778 0.03275 0.01450 0 -0.95000 33.32500 0.01349 0.73403 -11
0.37537 -0.10128 0.01450 0 0.27500 50.92500 0.01349 0.89088 -11
-0.37008 0.08490 0.01450 0 -0.72500 61.27500 0.01349 0.99508 -11
-0.40787 -0.12961 0.01450 0 2.12500 -55.92500 0.01349 -0.08775 -11
0.42438 0.03886 0.01450 0 2.92500 -35.70000 0.01349 0.09348 -11
-0.51826 -0.16570 0.01450 0 0.35000 -23.30000 0.01349 0.18692 -11
0.44835 0.07203 0.01450 0 3.32500 -1.35000 0.01349 0.37154 -11
-0.59444 -0.30696 0.01450 0 0.67500 9.50000 0.01349 0.46272 -11
0.60946 0.03361 0.01450 0 5.50000 36.77500 0.01349 0.64297 -11
-0.56947 -0.22804 0.01450 0 0.50000 50.22500 0.01349 0.73010 -11
-0.37513 0.08514 0.01450 0 -0.40000 -55.95000 0.01349 -0.08800 -11
0.49573 -0.09165 0.01450 0 -0.70000 -35.80000 0.01349 0.08350 -11
-0.37965 0.08380 0.01450 0 -0.12500 -24.00000 0.01349 0.19515 -11
0.46784 -0.11675 0.01450 0 0.17500 -3.35000 0.01349 0.35890 -11
-0.55394 0.22179 0.01450 0 -0.35000 11.77500 0.01349 0.47497 -11
0.62874 -0.27077 0.01450 0 1.25000 34.80000 0.01349 0.62575 -11
-0.61450 0.12090 0.01450 0 -0.25000 51.85000 0.01349 0.74411 -11
-0.43333 -0.11750 0.01450 0 3.27500 -55.87500 0.01349 -0.08739 -11
0.47273 -0.12864 0.01450 0 4.10000 -33.27500 0.01349 0.08597 -11
-0.50181 -0.15788 0.01450 0 3.10000 -20.65000 0.01349 0.18958 -11
0.49190 -0.09929 0.01450 0 4.35000 0.77500 0.01349 0.36312 -11
-0.45876 -0.08639 0.01450 0 2.72500 14.42500 0.01349 0.46649 -11
0.47491 -0.12606 0.01450 0 4.20000 35.67500 0.01349 0.63370 -11
-0.48936 -0.13093 0.01450 0 2.40000 49.90000 0.01349 0.73859 -11
-0.41447 -0.15698 0.01450 0 4.45000 -55.80000 0.01349 -0.08684 -11
0.27111 0.13221 0.01450 0 4.25000 -40.52500 0.01349 0.08916 -11
-0.20241 -0.46881 0.01450 0 2.15000 -36.52500 0.01349 0.13155 -11
0.10773 0.27456 0.01450 0 4.75000 -30.85000 0.01349 0.21266 -11
-0.24353 -0.68657 0.01450 0 2.30000 -28.95000 0.01349 0.25120 -11
-0.06605 0.23212 0.01450 0 5.62500 -23.77500 0.01349 0.32777 -11
-0.18028 -0.81691 0.01450 0 1.57500 -23.45000 0.01349 0.35775 -11
0.05365 0.29355 0.01450 0 5.65000 -21.10000 0.01349 0.43877 -11
0.00833 -0.68753 0.01450 0 1.97500 -21.75000 0.01349 0.47141 -11
0.00734 0.27116 0.01450 0 6.15000 -21.47500 0.01349 0.54754 -11
-0.41314 -0.73197 0.01450 0 0.97500 -19.52500 0.01349 0.57410 -11
0.31765 0.55083 0.01450 0 6.47500 -11.65000 0.01349 0.64274 -11
-0.54594 -1.48418 0.01450 0 -0.40000 -9.72500 0.01349 0.66243 -11
0.23457 0.51113 0.01450 0 6.12500 -5.97500 0.01349 0.73705 -11
-0.15370 -1.50776 0.01450 0 -0.50000 -5.17500 0.01349 0.75677 -11
0.21980 0.34609 0.01450 0 6.10000 -2.70000 0.01349 0.82482 -11
0.09970 -0.81397 0.01450 0 0.52500 -2.27500 0.01349 0.84983 -11
-0.35980 0.44885 0.01450 0 7.27500 -6.95000 0.01349 0.91034 -11
-0.57149 1.71721 0.01450 0 -4.15000 -7.17500 0.01349 0.91335 -11
1.00020 -1.06796 0.01450 0 -0.10000 -9.85000 0.01349 0.93071 -11
-0.48024 0.64553 0.01450 0 8.15000 -16.75000 0.01349 0.98341 -11
-0.19413 0.68939 0.01450 0 8.17500 -22.67500 0.01349 1.05021 -11
-0.36288 0.00626 0.01450 0 7.17500 -24.82500 0.01349 1.10810 -11
0.17883 -0.50275 0.01450 0 -0.25000 -26.92500 0.01349 1.12908 -11
0.01931 -0.00333 0.01450 0 7.12500 -27.02500 0.01349 1.16447 -11
-0.25631 -0.36128 0.01450 0 -1.40000 -26.15000 0.01349 1.17886 -11
0.65177 0.24588 0.01450 0 6.80000 -21.95000 0.01349 1.21272 -11
-0.94547 -0.15187 0.01450 0 -2.65000 -18.57500 0.01349 1.22861 -11
1.20022 -0.70082 0.01450 0 6.25000 -14.55000 0.01349 1.25010 -11
-0.81758 -0.14013 0.01450 0 -2.75000 -10.77500 0.01349 1.27118 -11
0.74351 -0.37535 0.01450 0 6.30000 -6.97500 0.01349 1.29265 -11
0.05260 -0.20240 0.01450 0 -2.47500 -5.22500 0.01349 1.31024 -11
0.94093 1.03225 0.01450 0 6.75000 -2.97500 0.01349 1.33600 -11
-0.91978 0.40632 0.01450 0 -1.82500 -2.17500 0.01349 1.35153 -11
0.53536 -1.32143 0.01450 0 -1.85000 -2.15000 0.01349 1.35176 -11
0.11704 -0.02411 0.01450 0 -1.52500 -4.27500 0.01349 1.36976 -11
-0.16279 -0.06738 0.01450 0 -2.85000 -4.67500 0.01349 1.37769 -11
-0.44227 -0.05833 0.01450 0 1.90000 -55.92500 0.01349 -0.08778 -11
0.36298 -0.02185 0.01450 0 2.52500 -35.67500 0.01349 0.08777 -11
-0.35243 -0.12845 0.01450 0 1.27500 -26.00000 0.01349 0.18353 -11
0.44912 0.01073 0.01450 0 3.40000 -3.25000 0.01349 0.35814 -11
-0.50664 -0.15969 0.01450 0 0.67500 9.05000 0.01349 0.45202 -11
0.46525 0.07361 0.01450 0 3.25000 30.32500 0.01349 0.62835 -11
-0.42944 -0.12310 0.01450 0 -0.02500 41.82500 0.01349 0.71872 -11
0.41926 -0.05123 0.01450 0 3.05000 62.72500 0.01349 0.88541 -11
-0.41482 -0.06390 0.01450 0 1.72500 -55.92500 0.01349 -0.08782 -11
0.40916 -0.10699 0.01450 0 1.50000 -36.25000 0.01349 0.08460 -11
-0.39270 -0.02823 0.01450 0 1.65000 -23.80000 0.01349 0.19429 -11
0.31112 0.03724 0.01450 0 2.87500 -5.00000 0.01349 0.37801 -11
-0.29448 -0.20046 0.01450 0 1.30000 3.15000 0.01349 0.46992 -11
0.18974 0.04249 0.01450 0 2.35000 16.35000 0.01349 0.65141 -11
-0.15862 -0.12550 0.01450 0 -2.27500 20.30000 0.01349 0.73016 -11
0.19652 0.14020 0.01450 0 3.35000 27.82500 0.01349 0.87970 -11
-0.17158 -0.13870 0.01450 0 -2.55000 31.77500 0.01349 0.95187 -11
0.16617 0.02007 0.01450 0 2.82500 40.97500 0.01349 1.09058 -11
-0.12791 -0.00641 0.01450 0 -1.55000 43.22500 0.01349 1.17335 -11
0.13171 -0.07579 0.01450 0 3.05000 47.60000 0.01349 1.30371 -11
-0.28229 0.06623 0.01450 0 -2.50000 53.25000 0.01349 1.38452 -11
0.22647 -0.11530 0.01450 0 3.27500 62.92500 0.01349 1.50443 -11
-0.36959 -0.02694 0.01450 0 1.20000 -55.95000 0.01349 -0.08793 -11
0.41961 -0.08641 0.01450 0 1.02500 -36.62500 0.01349 0.08669 -11
-0.42642 0.04473 0.01450 0 1.30000 -23.45000 0.01349 0.19971 -11
0.42756 -0.26553 0.01450 0 1.10000 -4.52500 0.01349 0.35502 -11
-0.35884 0.18802 0.01450 0 1.15000 9.92500 0.01349 0.47387 -11
0.44008 -0.21648 0.01450 0 0.80000 25.65000 0.01349 0.62085 -11
-0.40378 0.17295 0.01450 0 0.72500 39.12500 0.01349 0.73858 -11
0.23833 -0.24596 0.01450 0 -0.12500 51.72500 0.01349 0.88600 -11
-0.23023 0.24874 0.01450 0 0.80000 58.82500 0.01349 1.00443 -11
-0.37629 0.02350 0.01450 0 -0.67500 -55.97500 0.01349 -0.08802 -11
0.41375 0.08388 0.01450 0 -0.00000 -35.17500 0.01349 0.09379 -11
-0.31914 -0.09370 0.01450 0 -1.50000 -23.95000 0.01349 0.19070 -11
0.27443 0.19554 0.01450 0 -0.45000 -9.07500 0.01349 0.36854 -11
-0.24741 -0.13868 0.01450 0 -3.07500 -2.82500 0.01349 0.45297 -11
0.32894 0.20301 0.01450 0 -0.22500 12.17500 0.01349 0.63604 -11
-0.33704 -0.10155 0.01450 0 -2.82500 19.32500 0.01349 0.72221 -11
0.19586 0.24107 0.01450 0 0.12500 33.82500 0.01349 0.89556 -11
-0.14084 -0.10367 0.01450 0 -2.55000 37.37500 0.01349 0.97908 -11
0.22869 0.16715 0.01450 0 0.52500 46.30000 0.01349 1.14959 -11
-0.25145 -0.06560 0.01450 0 -2.32500 51.90000 0.01349 1.23508 -11
0.18188 0.06800 0.01450 0 -0.32500 60.80000 0.01349 1.39029 -11
-0.34231 -0.13634 0.01450 0 -1.50000 -23.95000 0.01349 0.19071 -11
1.42803 -1.07799 0.01450 0 -1.50000 -23.95000 0.01349 0.19071 -11
-0.31198 0.03367 0.01450 0 -0.80000 -55.92500 0.01349 -0.08796 -11
0.38466 0.00869 0.01450 0 -1.02500 -37.80000 0.01349 0.09065 -11
-0.41816 0.03718 0.01450 0 -0.82500 -26.77500 0.01349 0.19697 -11
0.45631 -0.05002 0.01450 0 -0.20000 -5.62500 0.01349 0.36505 -11
-0.46442 0.11012 0.01450 0 -0.45000 7.17500 0.01349 0.47449 -11
0.45655 -0.13260 0.01450 0 -0.10000 26.50000 0.01349 0.62846 -11
-0.56686 -0.01110 0.01450 0 -0.72500 40.72500 0.01349 0.74134 -11
-0.43370 0.08360 0.01450 0 -2.55000 -55.92500 0.01349 -0.08763 -11
0.38490 0.04127 0.01450 0 -2.37500 -35.40000 0.01349 0.08548 -11
-0.32341 0.11916 0.01450 0 -1.92500 -24.40000 0.01349 0.19429 -11
0.37510 0.07086 0.01450 0 -1.77500 -5.90000 0.01349 0.36208 -11
-0.38805 0.08969 0.01450 0 -2.32500 5.82500 0.01349 0.46692 -11
0.40493 -0.02911 0.01450 0 -1.67500 24.67500 0.01349 0.63308 -11
-0.33834 0.37573 0.01450 0 -2.05000 37.75000 0.01349 0.74486 -11
0.20010 -0.25350 0.01450 0 -3.10000 49.72500 0.01349 0.88632 -11
-0.15563 0.48143 0.01450 0 -1.35000 56.07500 0.01349 1.01524 -11
0.13363 -0.25983 0.01450 0 -2.55000 62.27500 0.01349 1.14640 -11
-0.38533 -0.17390 0.01450 0 6.75000 -55.67500 0.01349 -0.08539 -11
0.41424 -0.25988 0.01450 0 7.72500 -35.40000 0.01349 0.09036 -11
0.31326 0.17502 0.01450 0 -4.30000 -35.17500 0.01349 0.09271 -11
-0.27285 -0.19957 0.01450 0 7.07500 -25.52500 0.01349 0.19503 -11
0.25312 -0.12122 0.01450 0 7.67500 -13.12500 0.01349 0.37092 -11
0.27091 0.33754 0.01450 0 -4.25000 -12.95000 0.01349 0.37323 -11
-0.25730 -0.34498 0.01450 0 5.25000 -5.42500 0.01349 0.46156 -11
0.17755 -0.14274 0.01450 0 7.45000 8.30000 0.01349 0.63413 -11
-0.18284 -0.33630 0.01450 0 4.67500 13.27500 0.01349 0.72137 -11
0.27756 -0.21230 0.01450 0 7.37500 24.82500 0.01349 0.88705 -11
-0.30691 -0.21710 0.01450 0 4.45000 32.92500 0.01349 0.97868 -11
0.32373 -0.30022 0.01450 0 7.00000 46.72500 0.01349 1.13454 -11
-0.32602 -0.15019 0.01450 0 4.45000 55.62500 0.01349 1.23207 -11
-0.33844 0.08897 0.01450 0 -0.70000 -55.92500 0.01349 -0.08797 -11
0.38380 -0.05278 0.01450 0 -1.67500 -39.07500 0.01349 0.08266 -11
-0.46205 0.13093 0.01450 0 -1.47500 -25.50000 0.01349 0.19634 -11
0.66365 -0.21498 0.01450 0 0.07500 -1.10000 0.01349 0.35177 -11
-0.65161 0.36808 0.01450 0 -1.47500 20.10000 0.01349 0.48095 -11
0.68963 -0.13222 0.01450 0 0.45000 44.00000 0.01349 0.62802 -11
-0.69298 0.25669 0.01450 0 -2.12500 62.95000 0.01349 0.74307 -11
-0.38335 -0.04064 0.01450 0 3.70000 -55.87500 0.01349 -0.08723 -11
0.43096 -0.27188 0.01450 0 2.52500 -39.20000 0.01349 0.07881 -11
-0.40311 0.11822 0.01450 0 3.30000 -25.80000 0.01349 0.19741 -11
0.44201 -0.41726 0.01450 0 2.67500 -8.10000 0.01349 0.34517 -11
-0.24322 0.04525 0.01450 0 3.70000 4.97500 0.01349 0.47031 -11
0.31794 -0.21782 0.01450 0 3.35000 18.30000 0.01349 0.62883 -11
-0.40465 0.00933 0.01450 0 2.77500 28.97500 0.01349 0.73538 -11
0.37393 -0.11228 0.01450 0 3.67500 45.25000 0.01349 0.89297 -11
-0.34521 -0.09476 0.01450 0 1.95000 56.67500 0.01349 0.99386 -11
-0.49216 -0.29151 0.01450 0 4.75000 -55.77500 0.01349 -0.08665 -11
0.53940 -0.19646 0.01450 0 7.22500 -30.60000 0.01349 0.09374 -11
-0.59190 -0.20434 0.01450 0 5.00000 -15.00000 0.01349 0.20000 -11
0.65879 -0.35289 0.01450 0 7.57500 10.62500 0.01349 0.36313 -11
-0.61664 -0.06627 0.01450 0 5.62500 28.57500 0.01349 0.48025 -11
0.61358 -0.30616 0.01450 0 7.80000 51.77500 0.01349 0.63701 -11
0.59863 0.14619 0.01450 0 -4.27500 52.17500 0.01349 0.63967 -11
-0.48652 -0.24120 0.01450 0 7.05000 -55.62500 0.01349 -0.08510 -11
0.49318 -0.26831 0.01450 0 8.45000 -32.82500 0.01349 0.08500 -11
0.49587 0.17273 0.01450 0 -3.60000 -32.37500 0.01349 0.08851 -11
-0.47056 -0.19935 0.01450 0 7.15000 -18.60000 0.01349 0.19485 -11
0.37295 0.31201 0.01450 0 -3.22500 0.72500 0.01349 0.37477 -11
-0.40690 -0.42481 0.01450 0 6.25000 10.20000 0.01349 0.46533 -11
0.39348 0.29001 0.01450 0 -2.70000 29.45000 0.01349 0.64651 -11
-0.43721 -0.44518 0.01450 0 6.02500 39.57500 0.01349 0.73532 -11
0.43443 0.33287 0.01450 0 -1.90000 57.87500 0.01349 0.91600 -11
-0.31797 -0.03773 0.01450 0 0.97500 -55.90000 0.01349 -0.08791 -11
0.26112 -0.00240 0.01450 0 1.12500 -37.25000 0.01349 0.09097 -11
-0.28856 -0.05443 0.01450 0 1.65000 -29.02500 0.01349 0.19448 -11
0.33163 0.01710 0.01450 0 1.62500 -14.97500 0.01349 0.36912 -11
-0.29743 -0.09512 0.01450 0 0.87500 -5.77500 0.01349 0.46770 -11
0.33337 0.04108 0.01450 0 2.05000 10.82500 0.01349 0.64186 -11
-0.34650 -0.07352 0.01450 0 0.55000 20.70000 0.01349 0.73834 -11
0.29946 -0.02019 0.01450 0 1.50000 34.97500 0.01349 0.90705 -11
-0.28176 -0.09808 0.01450 0 0.12500 42.92500 0.01349 1.00250 -11
0.31495 0.01785 0.01450 0 2.25000 58.25000 0.01349 1.16796 -11
-0.39738 -0.10556 0.01450 0 3.87500 -55.85000 0.01349 -0.08711 -11
0.41538 -0.19927 0.01450 0 3.80000 -35.92500 0.01349 0.08123 -11
-0.41957 -0.01170 0.01450 0 4.10000 -22.72500 0.01349 0.19565 -11
0.44214 -0.35664 0.01450 0 3.65000 -4.80000 0.01349 0.34929 -11
-0.37681 0.15172 0.01450 0 4.37500 8.60000 0.01349 0.47239 -11
0.29339 -0.36904 0.01450 0 3.52500 23.05000 0.01349 0.61831 -11
-0.15723 0.02487 0.01450 0 4.40000 33.57500 0.01349 0.73941 -11
0.18913 -0.30573 0.01450 0 3.17500 41.67500 0.01349 0.88559 -11
-0.14301 -0.01049 0.01450 0 4.10000 48.12500 0.01349 0.99998 -11
-0.02410 -0.23467 0.01450 0 3.45000 48.57500 0.01349 1.15288 -11
-0.03549 0.01465 0.01450 0 4.05000 49.60000 0.01349 1.26191 -11
0.05606 -0.40769 0.01450 0 3.55000 51.62500 0.01349 1.41047 -11
-0.14162 0.07791 0.01450 0 3.72500 56.15000 0.01349 1.52252 -11
0.03163 -0.32617 0.01450 0 4.50000 61.40000 0.01349 1.65989 -11
0.01018 -0.02833 0.01450 0 2.82500 61.87500 0.01349 1.75764 -11
0.00081 -0.24966 0.01450 0 4.62500 62.50000 0.01349 1.89820 -11
0.00274 0.01145 0.01450 0 2.60000 62.10000 0.01349 1.99409 -11
0.00401 -0.17238 0.01450 0 5.02500 61.60000 0.01349 2.13416 -11
-0.04976 -0.08147 0.01450 0 1.77500 62.17500 0.01349 2.22145 -11
-0.36465 0.04099 0.01450 0 1.52500 -55.92500 0.01349 -0.08786 -11
0.29546 -0.14465 0.01450 0 0.22500 -41.42500 0.01349 0.08007 -11
-0.29656 0.08506 0.01450 0 1.57500 -30.47500 0.01349 0.19587 -11
0.27000 -0.18539 0.01450 0 -0.00000 -18.07500 0.01349 0.35706 -11
-0.29321 0.20662 0.01450 0 1.67500 -9.65000 0.01349 0.47439 -11
0.22504 -0.22870 0.01450 0 0.10000 1.55000 0.01349 0.62258 -11
-0.20455 0.04903 0.01450 0 0.95000 7.80000 0.01349 0.73017 -11
0.13860 -0.13914 0.01450 0 0.15000 16.05000 0.01349 0.89024 -11
-0.14319 0.17522 0.01450 0 1.17500 20.07500 0.01349 1.00066 -11
0.18184 -0.12583 0.01450 0 0.87500 29.82500 0.01349 1.15497 -11
-0.15641 -0.04691 0.01450 0 1.05000 35.00000 0.01349 1.25996 -11
0.25014 -0.07284 0.01450 0 2.25000 42.70000 0.01349 1.41795 -11
-0.23825 -0.01147 0.01450 0 0.87500 50.35000 0.01349 1.51561 -11
0.21094 -0.03582 0.01450 0 2.55000 60.55000 0.01349 1.66889 -11
-0.32212 -0.06470 0.01450 0 3.20000 -55.87500 0.01349 -0.08740 -11
0.26239 -0.09459 0.01450 0 2.40000 -40.85000 0.01349 0.08495 -11
-0.32256 -0.04755 0.01450 0 3.22500 -31.60000 0.01349 0.19344 -11
0.30081 -0.17899 0.01450 0 2.30000 -17.42500 0.01349 0.35423 -11
-0.35062 0.01965 0.01450 0 2.85000 -7.92500 0.01349 0.46285 -11
0.32906 -0.22419 0.01450 0 2.40000 7.42500 0.01349 0.62259 -11
0.23884 0.35530 0.01450 0 4.70000 2.02500 0.01349 0.76696 -11
-0.14340 -0.55210 0.01450 0 3.75000 -4.82500 0.01349 0.89313 -11
0.09394 0.27653 0.01450 0 4.70000 -9.72500 0.01349 1.02032 -11
-0.11936 -0.48377 0.01450 0 3.87500 -12.95000 0.01349 1.14856 -11
0.10624 0.17670 0.01450 0 4.32500 -15.05000 0.01349 1.26842 -11
-0.09894 -0.61463 0.01450 0 4.55000 -17.07500 0.01349 1.38895 -11
0.04263 0.15301 0.01450 0 4.42500 -19.82500 0.01349 1.50639 -11
-0.06283 -0.51977 0.01450 0 4.95000 -24.17500 0.01349 1.63252 -11
0.08559 0.12659 0.01450 0 4.02500 -26.52500 0.01349 1.74366 -11
-0.09950 -0.53745 0.01450 0 4.97500 -28.32500 0.01349 1.87071 -11
-0.00150 0.13695 0.01450 0 3.75000 -28.95000 0.01349 1.98401 -11
-0.22577 -0.45799 0.01450 0 5.55000 -31.65000 0.01349 2.10264 -11
0.16835 0.14854 0.01450 0 3.05000 -36.40000 0.01349 2.20604 -11
-0.28681 -0.51481 0.01450 0 5.52500 -42.80000 0.01349 2.32508 -11
0.11418 0.18451 0.01450 0 2.82500 -45.65000 0.01349 2.43027 -11
-0.21134 -0.62099 0.01450 0 6.10000 -49.67500 0.01349 2.53787 -11
0.18156 0.18875 0.01450 0 2.55000 -54.40000 0.01349 2.64328 -11
-0.24202 -0.63805 0.01450 0 6.55000 -60.10000 0.01349 2.74904 -11
-0.42455 0.14201 0.01450 0 -3.05000 -55.87500 0.01349 -0.08744 -11
0.37301 0.04728 0.01450 0 -3.30000 -36.97500 0.01349 0.08146 -11
-0.38516 0.08642 0.01450 0 -3.00000 -25.80000 0.01349 0.19160 -11
0.52618 0.06669 0.01450 0 -1.92500 -4.95000 0.01349 0.36248 -11
-0.48063 0.17815 0.01450 0 -3.70000 9.10000 0.01349 0.46873 -11
-0.42552 -0.15132 0.01450 0 8.27500 9.52500 0.01349 0.47204 -11
0.35541 0.00402 0.01450 0 -2.67500 25.07500 0.01349 0.61769 -11
-0.42283 0.24361 0.01450 0 -3.90000 36.20000 0.01349 0.72378 -11
-0.43517 -0.13304 0.01450 0 8.02500 36.52500 0.01349 0.72672 -11
0.47791 0.07725 0.01450 0 -1.22500 55.55000 0.01349 0.88062 -11
0.20626 -0.20313 0.00423 0 5.00000 -64.35000 0.00360 -0.09696 11
-0.54696 0.10208 0.00423 0 -1.52500 -60.87500 0.00360 -0.06501 11
0.08727 0.08338 0.00423 0 5.10000 -57.55000 0.00360 -0.02747 11
0.20543 -0.60261 0.00423 0 -1.60000 -57.82500 0.00360 0.01164 11
-0.17966 0.62168 0.00423 0 3.92500 -58.70000 0.00360 0.03390 11
0.33980 -0.49058 0.00423 0 -1.62500 -62.62500 0.00360 0.07962 11
-0.25643 0.38147 0.00423 0 3.92500 -64.67500 0.00360 0.10419 11
-0.01126 -0.29358 0.00423 0 -1.62500 -64.90000 0.00360 0.14741 11
0.06413 -0.50963 0.00423 0 3.15000 -63.95000 0.00360 1.69697 11
-0.15084 1.20190 0.00423 0 -1.60000 -64.17500 0.00360 1.71851 11
0.20903 -0.58490 0.00423 0 0.92500 -52.35000 0.00360 1.79960 11
0.03349 0.77351 0.00423 0 -2.72500 -51.70000 0.00360 1.81562 11
-0.90384 -1.13262 0.00423 0 -0.30000 -54.67500 0.00360 1.84724 11
0.05287 0.96944 0.00423 0 -3.10000 -56.05000 0.00360 1.85856 11
0.34556 -1.09695 0.00423 0 8.32500 -50.95000 0.00360 1.91949 11
0.19700 0.46884 0.00423 0 8.12500 -51.80000 0.00360 1.93566 11
-10.35307 -0.27347 0.00289 0 0.35000 49.02500 0.00111 0.11341 11
-21.85841 1.70625 0.00289 0 0.32500 49.57500 0.00111 0.11534 11
-2.70008 0.62139 0.00848 0 7.70000 48.10000 0.00189 0.22475 11
-2.14031 0.17011 0.02405 0 -2.17500 43.17500 0.01003 0.19160 -11
-2.01264 -0.13666 0.02405 0 -0.22500 43.10000 0.01003 0.19122 -11
-2.08735 0.18797 0.02405 0 -3.65000 43.62500 0.01003 0.19318 -11
-1.89018 -0.13267 0.02405 0 8.30000 45.37500 0.01003 0.19963 -11
-2.47069 -0.11071 0.02405 0 1.47500 43.32500 0.01003 0.19210 -11
-2.26894 0.13396 0.02405 0 -1.00000 43.15000 0.01003 0.19152 -11
-2.45048 0.11363 0.02405 0 -1.85000 43.35000 0.01003 0.19218 -11
-1.98087 0.08749 0.02405 0 -3.20000 43.47500 0.01003 0.19270 -11
-2.21699 -0.04996 0.02405 0 5.92500 44.95000 0.01003 0.19769 -11
-1.96427 0.03372 0.02405 0 1.30000 43.27500 0.01003 0.19182 -11
-2.11369 0.09055 0.02405 0 -2.22500 43.37500 0.01003 0.19224 -11
-2.02210 -0.02969 0.02405 0 1.32500 43.35000 0.01003 0.19209 -11
-2.02789 -0.04866 0.02405 0 5.07500 44.00000 0.01003 0.19465 -11
-2.36785 0.04720 0.02405 0 -0.15000 43.25000 0.01003 0.19180 -11
-2.07905 -0.01546 0.02405 0 1.02500 43.22500 0.01003 0.19173 -11
-2.76193 -0.20561 0.02405 0 2.92500 43.50000 0.01003 0.19274 -11
-2.06710 -0.06216 0.02405 0 0.87500 43.17500 0.01003 0.19153 -11
-2.29218 0.09821 0.02405 0 -1.75000 43.37500 0.01003 0.19221 -11
-1.96220 0.07498 0.02405 0 -2.47500 43.47500 0.01003 0.19256 -11
-2.10195 0.07603 0.02405 0 0.95000 43.22500 0.01003 0.19171 -11
-2.34773 0.11315 0.02405 0 1.55000 43.25000 0.01003 0.19184 -11
-2.02056 0.26031 0.02405 0 -3.27500 43.45000 0.01003 0.19258 -11
-2.38314 -0.01265 0.02405 0 -0.55000 43.30000 0.01003 0.19194 -11
-2.14167 -0.35397 0.00271 0 0.85000 48.92500 0.00048 1.03297 11
0.25917 -0.78585 0.00271 0 0.25000 44.55000 0.00048 1.05370 11
-0.08227 0.58861 0.00271 0 1.70000 44.45000 0.00048 1.06016 11
-0.06650 -0.79928 0.00271 0 0.45000 45.37500 0.00048 1.06853 11
0.07659 1.83537 0.00271 0 1.65000 45.27500 0.00048 1.07412 11
-1.18941 -2.12804 0.00206 0 -4.47500 -45.95000 0.00083 0.08921 11
0.47990 1.54576 0.00206 0 -3.40000 -45.47500 0.00083 0.09359 11
15.56673 139.15981 0.00206 0 6.55000 -45.27500 0.00083 0.11565 11
0.24346 -0.48481 0.00206 0 4.40000 -44.75000 0.00083 0.13149 11
-0.36744 0.50062 0.00206 0 6.37500 -45.37500 0.00083 0.14060 11
0.04595 -0.21298 0.00206 0 4.50000 -45.40000 0.00083 0.15028 11
-0.56756 0.53249 0.00206 0 6.10000 -46.17500 0.00083 0.15827 11
-2.77916 -2.66811 0.00206 0 5.50000 -47.15000 0.00083 0.17462 11
0.92125 -0.17241 0.00152 0 3.02500 21.30000 0.00059 0.59271 11
-0.80437 0.73005 0.00152 0 5.02500 20.05000 0.00059 0.60224 11
0.35509 -0.47430 0.00152 0 3.95000 17.55000 0.00059 0.62690 11
-0.40859 0.37849 0.00152 0 5.95000 16.57500 0.00059 0.63679 11
0.81533 -1.26644 0.00152 0 4.20000 16.02500 0.00059 0.65343 11
-13.51088 11.13237 0.00152 0 5.25000 15.07500 0.00059 0.65911 11
19.99787 -2.11356 0.00152 0 5.75000 13.80000 0.00059 0.66446 11
-2.02756 -0.13552 0.00152 0 6.37500 10.77500 0.00059 0.67700 11
0.49263 -0.86147 0.00152 0 5.72500 8.87500 0.00059 0.69155 11
-2.61701 -0.94703 0.00542 0 -2.00000 -59.50000 0.00416 0.91576 11
2.31992 0.71422 0.00542 0 1.60000 -51.42500 0.00416 0.94613 11
-3.96259 -1.35751 0.00542 0 -1.25000 -31.50000 0.00416 1.02018 11
2.77937 0.95879 0.00542 0 1.10000 -25.42500 0.00416 1.04224 11
-2.87500 -1.09112 0.00542 0 -1.57500 -8.02500 0.00416 1.10580 11
3.25931 1.31653 0.00542 0 1.07500 -2.47500 0.00416 1.12683 11
-12.68204 -1.80255 0.00542 0 0.47500 18.45000 0.00416 1.20000 11
-4.45977 -0.97576 0.00542 0 0.60000 19.15000 0.00416 1.20355 11
1.84907 0.65601 0.00542 0 3.50000 25.27500 0.00416 1.22616 11
-2.97892 -1.59193 0.00542 0 1.70000 37.22500 0.00416 1.27681 11
3.29181 1.18386 0.00542 0 3.42500 40.45000 0.00416 1.28934 11
-3.20413 -7.31579 0.00542 0 -2.87500 -59.20000 0.00416 0.91734 11
3.81118 12.36535 0.00542 0 -2.35000 -59.00000 0.00416 0.92028 11
-0.30248 -2.66974 0.00542 0 -4.45000 -48.37500 0.00416 1.13470 11
0.23101 1.67086 0.00542 0 -2.32500 -48.20000 0.00416 1.14213 11
0.03007 1.43948 0.00542 0 -2.35000 -49.42500 0.00416 1.19770 11
-0.40414 -1.43133 0.00542 0 6.85000 -48.42500 0.00416 1.24157 11
0.35453 0.48240 0.00542 0 -1.30000 -47.22500 0.00416 1.25811 11
-0.30526 -0.49946 0.00542 0 6.92500 -43.32500 0.00416 1.28780 11
-2.04137 -1.28086 0.00542 0 -3.32500 -59.22500 0.00416 0.91722 11
2.07380 1.30528 0.00542 0 0.37500 -54.10000 0.00416 0.93896 11
-1.97479 -1.55499 0.00542 0 -2.45000 -33.87500 0.00416 1.02332 11
2.42594 2.35751 0.00542 0 0.67500 -30.40000 0.00416 1.03940 11
-0.26205 -2.34313 0.00542 0 -2.15000 -22.90000 0.00416 1.12359 11
0.29472 3.29165 0.00542 0 0.77500 -22.55000 0.00416 1.13373 11
0.10800 -1.26501 0.00542 0 5.60000 -24.47500 0.00416 1.25534 11
-0.16679 0.60643 0.00542 0 -1.25000 -25.25000 0.00416 1.27647 11
0.64254 -1.69550 0.00542 0 6.27500 -29.90000 0.00416 1.31864 11
-0.29727 0.76986 0.00542 0 -1.37500 -31.27500 0.00416 1.33648 11
0.42856 -0.83255 0.00542 0 5.77500 -32.00000 0.00416 1.37459 11
-0.22128 0.24599 0.00542 0 -1.22500 -34.00000 0.00416 1.39860 11
0.50716 -0.56788 0.00542 0 5.85000 -36.05000 0.00416 1.43054 11
-0.48459 0.07905 0.00542 0 -1.80000 -38.95000 0.00416 1.45463 11
0.25410 -0.35542 0.00542 0 5.82500 -41.90000 0.00416 1.48298 11
-0.23624 -0.36370 0.00542 0 -2.40000 -43.55000 0.00416 1.50836 11
-0.34310 -0.76466 0.00542 0 5.47500 -42.95000 0.00416 1.53413 11
0.27119 1.10555 0.00542 0 8.07500 -41.90000 0.00416 1.54475 11
0.11464 0.54941 0.00542 0 -3.10000 -41.87500 0.00416 1.54917 11
-0.24715 -0.72956 0.00542 0 5.57500 -40.25000 0.00416 1.57387 11
0.17530 0.84594 0.00542 0 8.20000 -39.87500 0.00416 1.58427 11
0.06423 0.52062 0.00542 0 -2.87500 -39.75000 0.00416 1.58916 11
1.69621 -3.58135 0.00542 0 6.40000 -39.22500 0.00416 1.61292 11
-1.97330 3.69952 0.00542 0 7.15000 -39.62500 0.00416 1.61595 11
-1.21829 0.57126 0.00542 0 -4.25000 -40.42500 0.00416 1.62004 11
0.01309 -1.13010 0.00542 0 5.70000 -44.60000 0.00416 1.64314 11
0.01696 -0.01976 0.00542 0 6.95000 -44.97500 0.00416 1.66323 11
1.29269 -1.90158 0.00542 0 5.82500 -45.65000 0.00416 1.67668 11
0.76513 0.22547 0.00542 0 -2.40000 -20.95000 0.00416 1.20989 11
-0.48711 -0.32147 0.00542 0 -0.97500 -22.40000 0.00416 1.22085 11
-1.77620 -0.93692 0.00542 0 -0.12500 -59.57500 0.00416 0.91527 11
2.04630 0.61570 0.00542 0 3.70000 -51.92500 0.00416 0.94493 11
-3.58031 -0.69275 0.00542 0 0.30000 -34.85000 0.00416 1.00794 11
4.32960 0.64701 0.00542 0 2.75000 -27.35000 0.00416 1.03481 11
-2.56644 -0.79464 0.00542 0 -0.70000 -11.22500 0.00416 1.09756 11
2.08423 1.03188 0.00542 0 2.42500 -5.85000 0.00416 1.11908 11
-0.75432 -0.11707 0.00542 0 -0.70000 7.67500 0.00416 1.17217 11
0.42889 0.20291 0.00542 0 5.47500 12.97500 0.00416 1.20645 11
-0.34699 0.18313 0.00542 0 -0.40000 17.40000 0.00416 1.24181 11
0.60632 -0.55587 0.00542 0 4.47500 20.42500 0.00416 1.27570 11
-0.33259 0.36353 0.00542 0 -0.10000 23.00000 0.00416 1.29697 11
0.43674 -0.69191 0.00542 0 4.07500 25.92500 0.00416 1.33077 11
-0.70081 0.92052 0.00542 0 0.75000 27.42500 0.00416 1.34485 11
0.08762 -0.07950 0.00542 0 4.45000 30.17500 0.00416 1.37505 11
-0.12929 0.08169 0.00542 0 0.45000 29.97500 0.00416 1.39484 11
0.26179 -0.62703 0.00542 0 3.35000 30.95000 0.00416 1.41720 11
-0.31250 0.85047 0.00542 0 -0.22500 31.37500 0.00416 1.43602 11
-0.07566 -0.48998 0.00542 0 2.97500 32.20000 0.00416 1.46374 11
-1.72718 0.48989 0.00542 0 0.05000 32.47500 0.00416 1.47933 11
3.70313 -0.99119 0.00542 0 0.25000 47.55000 0.00416 1.53404 11
-0.80134 1.24827 0.00542 0 -0.30000 48.25000 0.00416 1.53729 11
-0.19287 -0.95196 0.00542 0 0.92500 48.40000 0.00416 1.55609 11
0.33253 -0.55743 0.00542 0 -0.72500 47.27500 0.00416 1.56571 11
9.17741 14.78702 0.00542 0 -0.05000 47.40000 0.00416 1.56850 11
38.24249 14.08959 0.00542 0 0.87500 47.37500 0.00416 1.57412 11
-0.57850 -1.17443 0.00542 0 2.02500 44.75000 0.00416 1.63945 11
-3.26660 -2.48996 0.00542 0 2.97500 -59.32500 0.00416 0.91685 11
2.77270 1.82464 0.00542 0 5.67500 -55.97500 0.00416 0.93130 11
-1.11068 -0.97022 0.00542 0 3.00000 -38.57500 0.00416 1.00665 11
1.21698 1.04295 0.00542 0 7.27500 -34.65000 0.00416 1.02746 11
1.38671 0.95526 0.00542 0 -4.15000 -33.87500 0.00416 1.03130 11
-0.90121 -0.96707 0.00542 0 2.22500 -26.60000 0.00416 1.07681 11
0.99550 1.11736 0.00542 0 6.10000 -23.95000 0.00416 1.09373 11
-1.11424 -2.46770 0.00542 0 3.57500 -11.60000 0.00416 1.15121 11
0.29000 2.15095 0.00542 0 5.05000 -11.37500 0.00416 1.15643 11
-1.20598 -1.89037 0.00542 0 2.55000 -6.17500 0.00416 1.18961 11
1.63153 2.44899 0.00542 0 3.92500 -5.40000 0.00416 1.19526 11
-9.07267 -8.06336 0.00542 0 2.90000 6.82500 0.00416 1.25560 11
0.81997 0.01460 0.00542 0 2.05000 9.47500 0.00416 1.27932 11
-0.62806 0.02160 0.00542 0 3.47500 7.60000 0.00416 1.29032 11
0.45927 0.06733 0.00542 0 1.95000 6.60000 0.00416 1.30010 11
-1.91479 0.13541 0.00542 0 2.80000 5.50000 0.00416 1.31307 11
-0.94718 0.45115 0.00542 0 2.75000 5.07500 0.00416 1.32228 11
-1.39156 -0.02812 0.00147 0 3.70000 -11.65000 0.00147 1.15152 11
0.74646 -0.05291 0.00147 0 5.65000 -9.32500 0.00147 1.16490 11
-0.03151 0.59539 0.00147 0 3.92500 -7.50000 0.00147 1.17543 11
-0.19898 -0.72809 0.00147 0 5.70000 -8.25000 0.00147 1.19245 11
1.51460 6.19307 0.00147 0 4.52500 -8.50000 0.00147 1.20739 11
0.51230 0.04093 0.00147 0 3.75000 -8.95000 0.00147 1.22598 11
-0.03657 -0.00574 0.00147 0 5.27500 -10.02500 0.00147 1.23618 11
-0.23951 -0.19206 0.00147 0 2.40000 -9.52500 0.00147 1.26482 11
-9.65696 -2.04634 0.00542 0 2.97500 -58.75000 0.00416 0.91908 11
-38.15783 17.81220 0.00542 0 3.35000 -57.82500 0.00416 0.92313 11
8.11467 -1.37657 0.00542 0 3.47500 6.55000 0.00416 1.15298 11
-1.47176 -0.10953 0.00542 0 3.30000 7.97500 0.00416 1.15763 11
1.35403 -0.14788 0.00542 0 5.80000 13.75000 0.00416 1.18155 11
0.00858 1.43655 0.00542 0 2.20000 19.10000 0.00416 1.20630 11
-26.50523 7.74509 0.00179 0 2.85000 -58.82500 0.00048 0.91857 11
17.90727 -3.49203 0.00179 0 3.17500 56.50000 0.00048 1.33793 11
-6.38102 -0.56936 0.00179 0 3.17500 56.72500 0.00048 1.33868 11
-2.66564 -1.26603 0.00179 0 3.17500 56.87500 0.00048 1.33924 11
-9.15376 -1.55400 0.00179 0 3.47500 59.85000 0.00048 1.34939 11
1.54415 -0.22323 0.00179 0 4.15000 64.37500 0.00048 1.37568 11
-2.15013 -1.22890 0.00542 0 1.07500 -59.50000 0.00416 0.91580 11
1.37607 0.40220 0.00542 0 6.85000 -50.62500 0.00416 0.95422 11
-1.77932 -0.44965 0.00542 0 1.92500 -35.17500 0.00416 1.01812 11
1.92960 0.38611 0.00542 0 6.17500 -26.22500 0.00416 1.05318 11
-2.89177 -0.99163 0.00542 0 3.05000 -8.00000 0.00416 1.12295 11
2.44708 1.01115 0.00542 0 5.55000 -2.50000 0.00416 1.14360 11
-1.49046 -1.17908 0.00542 0 3.07500 15.15000 0.00416 1.21462 11
1.35749 1.38056 0.00542 0 6.75000 18.50000 0.00416 1.23207 11
-2.59618 -0.99482 0.00542 0 3.47500 31.70000 0.00416 1.29781 11
2.14140 0.78291 0.00542 0 5.97500 36.92500 0.00416 1.31769 11
-0.73364 0.11191 0.00542 0 0.50000 44.30000 0.00416 1.35636 11
1.20219 -0.53662 0.00542 0 4.52500 51.22500 0.00416 1.39237 11
-0.49938 0.22932 0.00542 0 -0.30000 55.80000 0.00416 1.41831 11
-3.28738 -2.95587 0.00542 0 -0.90000 -59.65000 0.00416 0.91520 11
3.64167 4.66165 0.00542 0 0.65000 -57.97500 0.00416 0.92311 11
-0.42469 -1.62377 0.00542 0 3.17500 36.52500 0.00416 1.32757 11
0.74398 2.15588 0.00542 0 6.62500 37.27500 0.00416 1.34003 11
-1.12233 -0.56033 0.00542 0 2.80000 47.55000 0.00416 1.39333 11
1.09660 0.61137 0.00542 0 7.20000 52.35000 0.00416 1.41754 11
-0.83739 -0.33501 0.00542 0 2.60000 60.82500 0.00416 1.46176 11
-1.34389 -0.75922 0.00542 0 -4.05000 -48.15000 0.00416 0.98663 11
1.38364 0.74022 0.00542 0 0.52500 -42.57500 0.00416 1.01235 11
1.03426 0.71599 0.00542 0 0.55000 -23.75000 0.00416 1.10061 11
0.82576 0.94044 0.00542 0 0.60000 -11.67500 0.00416 1.18679 11
0.86491 0.88515 0.00542 0 0.62500 1.55000 0.00416 1.27008 11
0.54444 1.10085 0.00542 0 -0.75000 11.70000 0.00416 1.34454 11
0.45307 0.89186 0.00542 0 -0.75000 17.97500 0.00416 1.41835 11
-0.24853 -0.92264 0.00542 0 5.75000 23.00000 0.00416 1.46626 11
0.20036 0.35691 0.00542 0 -0.10000 24.45000 0.00416 1.49357 11
-0.26404 -0.95163 0.00542 0 5.62500 25.27500 0.00416 1.53409 11
0.28712 0.59937 0.00542 0 -0.87500 26.77500 0.00416 1.55743 11
0.07834 -1.10198 0.00542 0 6.30000 30.92500 0.00416 1.60235 11
-0.26479 0.47288 0.00542 0 -0.62500 29.35000 0.00416 1.62428 11
2.25623 -1.91820 0.00542 0 6.72500 25.77500 0.00416 1.66597 11
-3.72541 2.71753 0.00542 0 8.25000 23.62500 0.00416 1.67510 11
-1.43180 0.57971 0.00542 0 -2.17500 20.75000 0.00416 1.68699 11
0.96236 -0.84996 0.00542 0 6.20000 14.70000 0.00416 1.71948 11
-0.69055 0.44407 0.00542 0 -2.17500 11.25000 0.00416 1.73998 11
0.35232 9.51924 0.00542 0 7.35000 7.55000 0.00416 1.77742 11
-0.18198 1.13764 0.00542 0 -3.05000 7.40000 0.00416 1.78352 11
