0.22075 -0.12220 0.01306 0 3.35000 -56.40000 0.01254 1.89960 -11
-0.15376 0.01105 0.01306 0 -3.10000 -64.57500 0.01254 2.01662 -11
0.47146 0.34878 0.01306 0 -2.57500 -62.07500 0.01254 2.99468 -11
-0.56776 -0.26257 0.01306 0 -1.57500 -53.25000 0.01254 3.05473 -11
0.61799 0.34363 0.01306 0 -1.70000 -34.65000 0.01254 3.16725 -11
-0.61499 -0.28496 0.01306 0 -1.62500 -26.50000 0.01254 3.22190 -11
0.83666 0.57290 0.01306 0 -0.87500 -6.80000 0.01254 3.33754 -11
-0.47271 -0.30430 0.01306 0 -0.35000 0.57500 0.01254 3.39315 -11
0.51143 0.36481 0.01306 0 -0.50000 14.47500 0.01254 3.49764 -11
-0.32035 -0.24454 0.01306 0 0.10000 20.82500 0.01254 3.55289 -11
0.32535 0.24033 0.01306 0 -1.00000 29.62500 0.01254 3.65138 -11
-0.20091 -0.28573 0.01306 0 -0.50000 34.10000 0.01254 3.70365 -11
0.25524 0.48862 0.01306 0 -0.72500 39.07500 0.01254 3.80491 -11
-0.35075 -0.42133 0.01306 0 -0.77500 43.25000 0.01254 3.85442 -11
0.49284 0.66637 0.01306 0 0.35000 51.57500 0.01254 3.95603 -11
-0.61238 -0.54715 0.01306 0 -4.40000 56.12500 0.01254 3.98602 -11
-0.68566 -0.72574 0.01306 0 8.07500 56.62500 0.01254 3.98935 -11
-3.85706 1.53199 0.01306 0 1.95000 7.40000 0.01254 4.96794 -11
1.64644 -0.99419 0.01306 0 2.45000 6.40000 0.01254 4.97187 -11
0.26110 1.17695 0.01306 0 -0.35000 11.67500 0.01254 5.01750 -11
-0.36821 0.09989 0.01306 0 -0.07500 11.80000 0.01254 5.01885 -11
0.44266 0.01299 0.01306 0 -2.60000 13.27500 0.01254 5.03347 -11
0.43302 5.99080 0.01306 0 -0.95000 13.42500 0.01254 5.05235 -11
0.77455 0.27240 0.01306 0 0.05000 15.85000 0.01254 5.09490 -11
-0.88320 -0.01203 0.01306 0 -1.20000 14.45000 0.01254 5.10387 -11
1.26368 0.29942 0.01306 0 -1.15000 14.10000 0.01254 5.10552 -11
-1.42062 0.93642 0.01306 0 -1.45000 13.07500 0.01254 5.11018 -11
-0.32554 -0.50969 0.01306 0 1.50000 54.37500 0.01254 -0.04798 -11
0.31384 0.33190 0.01306 0 1.45000 44.62500 0.01254 0.07528 -11
-0.36820 -0.54711 0.01306 0 2.27500 33.65000 0.01254 0.19532 -11
0.38136 0.40487 0.01306 0 1.42500 22.15000 0.01254 0.31995 -11
-0.45426 -0.69279 0.01306 0 3.40000 11.07500 0.01254 0.43090 -11
0.42487 0.34364 0.01306 0 1.12500 -1.07500 0.01254 0.55152 -11
-0.78560 -0.86683 0.01306 0 6.15000 -16.02500 0.01254 0.65396 -11
0.90175 0.57959 0.01306 0 0.35000 -37.22500 0.01254 0.78355 -11
-0.98086 -0.52808 0.01306 0 -3.00000 -54.20000 0.01254 0.87105 -11
0.26547 0.11274 0.01306 0 6.72500 64.95000 0.01254 -0.16538 -11
-0.30552 -0.60256 0.01306 0 6.92500 55.17500 0.01254 -0.03256 -11
0.33119 0.16141 0.01306 0 5.95000 43.07500 0.01254 0.09052 -11
-0.50601 -0.68600 0.01306 0 7.17500 30.65000 0.01254 0.21676 -11
0.51875 0.13473 0.01306 0 4.12500 13.17500 0.01254 0.34172 -11
-0.68951 -0.34745 0.01306 0 -4.02500 -4.35000 0.01254 0.45878 -11
0.74978 0.35218 0.01306 0 2.62500 -27.00000 0.01254 0.58915 -11
-1.11045 -1.16249 0.01306 0 8.45000 -44.72500 0.01254 0.69370 -11
-0.89361 -0.36541 0.01306 0 -4.15000 -45.57500 0.01254 0.69813 -11
0.25871 0.16119 0.01306 0 6.67500 64.95000 0.01254 -0.16540 -11
-0.29432 -0.73182 0.01306 0 7.20000 55.85000 0.01254 -0.04154 -11
0.22425 0.12044 0.01306 0 6.37500 46.30000 0.01254 0.08305 -11
-0.34347 -0.71112 0.01306 0 7.42500 36.45000 0.01254 0.20963 -11
0.24033 0.12037 0.01306 0 6.20000 27.70000 0.01254 0.33103 -11
-0.17173 -0.72361 0.01306 0 7.80000 19.65000 0.01254 0.45000 -11
-0.10420 -0.17055 0.01306 0 -4.47500 19.57500 0.01254 0.45233 -11
0.13965 0.04665 0.01306 0 5.92500 13.30000 0.01254 0.56309 -11
-0.27698 -0.70842 0.01306 0 8.25000 5.90000 0.01254 0.68454 -11
-0.24505 -0.13367 0.01306 0 -4.07500 5.70000 0.01254 0.68752 -11
0.16832 0.08544 0.01306 0 5.65000 -0.77500 0.01254 0.79765 -11
-0.24410 -0.14579 0.01306 0 -3.75000 -8.90000 0.01254 0.91755 -11
0.27799 0.04188 0.01306 0 5.00000 -16.80000 0.01254 1.01894 -11
-0.43940 -0.12208 0.01306 0 -3.17500 -28.72500 0.01254 1.13768 -11
0.55792 0.06641 0.01306 0 3.70000 -42.55000 0.01254 1.24014 -11
-0.55950 -0.13619 0.01306 0 -2.50000 -59.72500 0.01254 1.35593 -11
-0.36946 -0.48143 0.01306 0 3.87500 55.57500 0.01254 -0.03601 -11
0.39461 0.28109 0.01306 0 3.02500 43.00000 0.01254 0.08568 -11
-0.49691 -0.64497 0.01306 0 4.62500 27.85000 0.01254 0.21064 -11
0.51095 0.31964 0.01306 0 2.77500 13.35000 0.01254 0.33685 -11
-0.45379 -0.13922 0.01306 0 -3.55000 -0.40000 0.01254 0.44165 -11
0.47363 0.15157 0.01306 0 2.47500 -12.90000 0.01254 0.54250 -11
-0.57088 -0.12234 0.01306 0 -2.90000 -26.02500 0.01254 0.64355 -11
0.54567 0.20375 0.01306 0 1.47500 -41.47500 0.01254 0.74117 -11
-0.40055 -0.14538 0.01306 0 -3.42500 -55.52500 0.01254 0.84345 -11
0.14842 -0.34527 0.00940 0 1.60000 -63.55000 0.00936 0.95206 -11
-0.08058 0.15372 0.00940 0 6.20000 -60.82500 0.00936 1.03943 -11
0.22498 -0.26140 0.00940 0 1.67500 -57.30000 0.00936 1.12517 -11
-0.13548 0.23167 0.00940 0 5.65000 -52.05000 0.00936 1.20995 -11
0.11216 -0.45493 0.00940 0 2.02500 -48.87500 0.00936 1.28524 -11
-0.14012 0.30318 0.00940 0 5.35000 -46.15000 0.00936 1.37176 -11
0.18843 -0.54026 0.00940 0 2.35000 -42.92500 0.00936 1.44238 -11
-0.21368 0.45427 0.00940 0 4.22500 -39.25000 0.00936 1.53539 -11
-0.12308 -0.65939 0.00940 0 2.37500 -40.77500 0.00936 1.59736 -11
0.19956 0.62134 0.00940 0 2.65000 -46.25000 0.00936 1.68309 -11
-0.54265 -0.95392 0.00940 0 3.45000 -50.67500 0.00936 1.73160 -11
0.63076 0.51209 0.00940 0 1.30000 -63.02500 0.00936 1.81560 -11
-0.42710 0.86670 0.00940 0 -1.55000 -63.85000 0.00936 3.95123 -11
-1.42775 4.34907 0.00940 0 8.45000 -63.12500 0.00936 3.96002 -11
1.72797 -8.61997 0.00940 0 7.90000 -62.85000 0.00936 3.96248 -11
1.46171 1.74302 0.00940 0 -1.57500 -64.87500 0.00936 3.99780 -11
1.00965 -1.82427 0.00940 0 6.72500 -64.22500 0.00936 4.21769 -11
-0.06773 0.65741 0.00940 0 -2.95000 -63.40000 0.00936 4.23655 -11
0.24596 0.33408 0.00940 0 -2.95000 -64.55000 0.00936 4.26610 -11
0.10535 0.98008 0.00940 0 8.47500 -64.72500 0.00936 4.27072 -11
-0.19110 -1.13699 0.00940 0 6.77500 -64.75000 0.00936 4.27761 -11
-3.02603 -17.36150 0.00940 0 6.77500 -18.35000 0.00936 4.55935 -11
0.11708 -0.89558 0.00940 0 5.92500 -62.90000 0.00936 0.75782 -11
-0.09383 0.52682 0.00940 0 -0.75000 -60.67500 0.00936 0.85976 -11
0.02751 -0.91411 0.00940 0 6.25000 -60.47500 0.00936 0.93746 -11
-0.01609 0.60453 0.00940 0 -1.52500 -59.67500 0.00936 1.04206 -11
0.21904 -0.92759 0.00940 0 6.45000 -57.10000 0.00936 1.11425 -11
-0.11302 0.60648 0.00940 0 -1.90000 -53.20000 0.00936 1.21282 -11
0.03359 -1.13591 0.00940 0 7.80000 -51.75000 0.00936 1.27602 -11
-0.06059 0.60013 0.00940 0 -1.95000 -49.15000 0.00936 1.37356 -11
-0.19129 -1.04390 0.00940 0 7.90000 -51.90000 0.00936 1.43837 -11
-0.17531 -0.28597 0.00940 0 -4.50000 -52.02500 0.00936 1.44088 -11
0.22756 0.57873 0.00940 0 -2.27500 -56.20000 0.00936 1.52513 -11
-0.51655 -1.06474 0.00940 0 8.27500 -62.12500 0.00936 1.59057 -11
-0.31650 -0.17741 0.00940 0 -4.15000 -62.40000 0.00936 1.59369 -11
0.70201 0.20715 0.00940 0 -2.95000 -56.70000 0.00936 2.00478 -11
-1.11464 0.26228 0.00940 0 5.35000 -47.52500 0.00936 2.05438 -11
1.25352 -0.27454 0.00940 0 -1.22500 -35.95000 0.00936 2.10346 -11
-1.45749 0.07555 0.00940 0 3.22500 -23.67500 0.00936 2.15366 -11
1.58489 0.07521 0.00940 0 -1.02500 -13.37500 0.00936 2.19467 -11
-1.10041 -0.02234 0.00940 0 2.65000 -2.30000 0.00936 2.23688 -11
1.59484 0.42238 0.00940 0 -1.02500 7.82500 0.00936 2.27895 -11
-1.22685 0.02075 0.00940 0 3.15000 13.77500 0.00936 2.30776 -11
1.16062 -0.16669 0.00940 0 -0.17500 19.42500 0.00936 2.33205 -11
-1.33038 0.10431 0.00940 0 3.65000 25.67500 0.00936 2.36189 -11
1.34167 -0.12439 0.00940 0 0.42500 31.65000 0.00936 2.38746 -11
-1.87316 0.79295 0.00940 0 2.62500 39.97500 0.00936 2.41917 -11
2.26878 -0.47267 0.00940 0 0.62500 44.45000 0.00936 2.43651 -11
-0.72406 0.60225 0.00940 0 2.10000 47.57500 0.00936 2.44894 -11
0.75613 -0.45330 0.00940 0 -0.95000 49.92500 0.00936 2.46386 -11
-0.63824 -0.30588 0.00940 0 1.40000 55.40000 0.00936 2.48748 -11
0.62443 -0.04130 0.00940 0 -1.90000 58.75000 0.00936 2.51102 -11
2.00685 3.36732 0.00940 0 1.30000 61.30000 0.00936 2.53730 -11
-1.25449 -2.17334 0.00940 0 0.40000 60.85000 0.00936 2.54080 -11
0.27287 1.02992 0.00940 0 3.00000 57.90000 0.00936 2.56324 -11
-0.21060 -1.11306 0.00940 0 0.75000 57.65000 0.00936 2.57197 -11
-0.95145 0.99182 0.00940 0 1.40000 58.90000 0.00936 2.65890 -11
0.91572 1.14218 0.00940 0 0.42500 60.37500 0.00936 2.67287 -11
-0.04124 0.22431 0.00940 0 0.05000 59.30000 0.00936 2.69166 -11
-2.00924 1.58249 0.00940 0 -0.17500 59.52500 0.00936 2.69427 -11
2.33688 -0.54215 0.00940 0 -0.67500 63.90000 0.00936 2.72487 -11
0.19184 -0.56657 0.00940 0 2.22500 -64.75000 0.00936 0.94449 -11
-0.10480 0.35043 0.00940 0 6.32500 -59.87500 0.00936 1.04211 -11
-0.10994 -0.83301 0.00940 0 2.70000 -61.82500 0.00936 1.11116 -11
-0.10496 0.38344 0.00940 0 5.32500 -64.55000 0.00936 1.21813 -11
0.18413 -0.80079 0.00940 0 2.40000 -62.02500 0.00936 1.28326 -11
-0.15588 0.54018 0.00940 0 4.97500 -58.40000 0.00936 1.38141 -11
0.11306 -0.36472 0.00940 0 2.52500 -56.30000 0.00936 1.44642 -11
-0.05212 0.09736 0.00940 0 5.40000 -54.90000 0.00936 1.52584 -11
0.06038 -0.29490 0.00940 0 2.72500 -53.27500 0.00936 1.60191 -11
-0.24416 0.05949 0.00940 0 5.05000 -49.72500 0.00936 1.67842 -11
0.16388 -0.23037 0.00940 0 3.17500 -44.37500 0.00936 1.75590 -11
-0.20621 -0.01771 0.00940 0 4.70000 -40.12500 0.00936 1.82262 -11
0.05483 -0.23428 0.00940 0 2.67500 -39.62500 0.00936 1.90284 -11
-0.07418 -0.02945 0.00940 0 4.02500 -36.65000 0.00936 1.96814 -11
0.20052 -0.24179 0.00940 0 3.10000 -34.52500 0.00936 2.04042 -11
-0.22207 -0.01918 0.00940 0 3.20000 -30.35000 0.00936 2.10045 -11
0.30537 -0.43777 0.00940 0 2.62500 -26.05000 0.00936 2.16900 -11
-0.12476 0.18527 0.00940 0 2.22500 -21.70000 0.00936 2.23488 -11
0.35791 -0.07405 0.00940 0 3.40000 -20.35000 0.00936 2.29322 -11
-0.84973 -0.47732 0.00940 0 1.02500 -14.15000 0.00936 2.34109 -11
0.58513 -0.11041 0.00940 0 4.57500 -2.50000 0.00936 2.41117 -11
-0.63973 -0.15727 0.00940 0 0.90000 5.17500 0.00936 2.45699 -11
0.88971 0.08196 0.00940 0 4.85000 17.17500 0.00936 2.52419 -11
-1.93682 -1.89101 0.00940 0 -2.05000 26.32500 0.00936 2.56155 -11
0.95798 0.02314 0.00940 0 5.10000 42.00000 0.00936 2.63883 -11
-0.78449 -0.20509 0.00940 0 0.15000 49.12500 0.00936 2.67837 -11
0.54341 -0.20528 0.00940 0 4.87500 56.90000 0.00936 2.72881 -11
-0.43811 -0.30701 0.00940 0 0.25000 62.55000 0.00936 2.76828 -11
0.41397 -1.07271 0.00940 0 8.22500 -62.22500 0.00936 0.75681 -11
0.34069 -0.46659 0.00940 0 -4.37500 -61.92500 0.00936 0.76012 -11
-0.34004 0.57904 0.00940 0 -1.20000 -51.57500 0.00936 0.86511 -11
0.29498 -0.90357 0.00940 0 7.35000 -46.50000 0.00936 0.93751 -11
-0.61980 -0.00816 0.00940 0 -1.60000 -38.65000 0.00936 1.02803 -11
0.51531 0.03287 0.00940 0 -3.47500 -26.17500 0.00936 1.11936 -11
-0.49310 0.16766 0.00940 0 -1.65000 -16.82500 0.00936 1.19093 -11
0.62836 -0.22814 0.00940 0 -2.57500 -4.97500 0.00936 1.26861 -11
-0.86858 0.53020 0.00940 0 -2.37500 9.60000 0.00936 1.35448 -11
0.74803 -0.20571 0.00940 0 -1.92500 21.02500 0.00936 1.41929 -11
-0.63695 0.06652 0.00940 0 -2.17500 33.95000 0.00936 1.49345 -11
0.41323 0.01203 0.00940 0 -2.57500 44.75000 0.00936 1.57249 -11
-0.42227 0.19001 0.00940 0 -2.57500 52.92500 0.00936 1.63707 -11
0.15708 -0.28827 0.00940 0 -2.90000 57.67500 0.00936 1.70010 -11
-0.12528 0.45110 0.00940 0 -2.35000 61.97500 0.00936 1.77009 -11
-0.12263 0.65063 0.00940 0 -2.87500 -63.97500 0.00936 0.86324 -11
0.12908 -0.78930 0.00940 0 3.55000 -62.45000 0.00936 0.94301 -11
-0.19363 0.82411 0.00940 0 -4.10000 -59.37500 0.00936 1.04893 -11
-0.14517 0.30866 0.00940 0 7.50000 -59.27500 0.00936 1.05149 -11
0.06006 -0.55067 0.00940 0 3.72500 -57.32500 0.00936 1.12393 -11
0.01294 0.49135 0.00940 0 -4.05000 -56.82500 0.00936 1.21660 -11
0.04839 0.17959 0.00940 0 7.72500 -56.82500 0.00936 1.21909 -11
0.13306 -0.97197 0.00940 0 6.22500 -55.17500 0.00936 1.27853 -11
-0.23170 0.40122 0.00940 0 5.62500 -49.60000 0.00936 1.35701 -11
0.39407 -0.79482 0.00940 0 6.07500 -45.17500 0.00936 1.41078 -11
-0.65385 -0.03487 0.00940 0 4.70000 -36.15000 0.00936 1.48492 -11
0.77114 0.19814 0.00940 0 6.32500 -26.10000 0.00936 1.55966 -11
-0.74615 -0.53399 0.00940 0 2.37500 -19.70000 0.00936 1.59829 -11
0.82063 0.38874 0.00940 0 6.42500 -7.10000 0.00936 1.68106 -11
-1.55944 -0.73179 0.00940 0 0.27500 -0.85000 0.00936 1.71167 -11
1.01319 0.06494 0.00940 0 6.30000 15.62500 0.00936 1.78520 -11
-0.51124 -2.19516 0.00940 0 0.52500 22.60000 0.00936 1.81942 -11
1.41284 0.57964 0.00199 0 3.35000 -56.85000 0.00177 1.29197 11
-3.02232 -1.44933 0.00199 0 5.05000 -63.32500 0.00177 1.31830 11
-0.15215 0.59621 0.00940 0 3.15000 -60.60000 0.00936 0.87348 -11
0.11844 -0.65064 0.00940 0 -0.42500 -59.30000 0.00936 0.93936 -11
-0.17853 0.53892 0.00940 0 3.20000 -56.25000 0.00936 1.04403 -11
0.22187 -0.55673 0.00940 0 -0.17500 -51.35000 0.00936 1.11301 -11
-0.51841 0.62452 0.00940 0 2.27500 -40.55000 0.00936 1.20746 -11
0.35300 -0.51611 0.00940 0 0.17500 -31.47500 0.00936 1.27642 -11
-1.52670 0.50916 0.00940 0 2.55000 -24.07500 0.00936 1.36659 -11
2.85693 -1.85174 0.00940 0 7.52500 -12.70000 0.00936 1.41391 -11
-2.16211 0.88425 0.00940 0 0.85000 16.32500 0.00936 1.52746 -11
2.71955 -1.03269 0.00940 0 -4.30000 26.07500 0.00936 1.56535 -11
-3.44399 0.68234 0.00940 0 1.55000 50.72500 0.00936 1.65872 -11
6.53158 -1.23240 0.00940 0 -1.65000 61.75000 0.00936 1.69765 -11
0.35609 -0.42722 0.00940 0 4.67500 -65.00000 0.00936 0.75744 -11
-0.34565 0.28834 0.00940 0 6.57500 -57.27500 0.00936 0.84522 -11
0.61441 -0.77079 0.00940 0 5.90000 -49.42500 0.00936 0.90838 -11
-0.66211 0.37477 0.00940 0 6.42500 -37.60000 0.00936 0.99845 -11
1.22818 -1.20668 0.00940 0 7.82500 -26.25000 0.00936 1.05840 -11
-0.68836 0.34136 0.00940 0 5.52500 -11.30000 0.00936 1.15101 -11
0.95039 -0.93852 0.00940 0 7.52500 -2.65000 0.00936 1.20398 -11
-0.44198 0.19797 0.00940 0 6.07500 7.62500 0.00936 1.28545 -11
0.55792 -0.67937 0.00940 0 7.30000 13.87500 0.00936 1.34004 -11
-0.49152 0.18274 0.00940 0 5.37500 22.92500 0.00936 1.41148 -11
0.84647 -0.91078 0.00940 0 8.20000 30.70000 0.00936 1.46181 -11
0.35048 -0.21515 0.00940 0 -4.27500 31.17500 0.00936 1.46515 -11
-0.12852 0.06713 0.00940 0 6.17500 35.22500 0.00936 1.52780 -11
-0.03197 -0.53489 0.00940 0 8.02500 36.05000 0.00936 1.57842 -11
0.04935 0.16408 0.00940 0 -4.07500 36.07500 0.00936 1.58103 -11
-0.04347 -0.28426 0.00940 0 5.82500 37.50000 0.00936 1.62595 -11
0.25653 -0.29134 0.00940 0 8.10000 38.07500 0.00936 1.68620 -11
0.21634 0.26890 0.00940 0 -3.90000 38.25000 0.00936 1.68902 -11
-0.10278 -0.31652 0.00940 0 5.50000 41.10000 0.00936 1.73422 -11
0.23278 0.20731 0.00940 0 -3.47500 44.25000 0.00936 1.79102 -11
-0.24911 -0.04252 0.00940 0 5.62500 47.77500 0.00936 1.83788 -11
0.44769 0.17315 0.00940 0 -2.52500 52.92500 0.00936 1.88649 -11
-0.20196 0.08168 0.00940 0 5.57500 58.55000 0.00936 1.93114 -11
-0.20117 -0.08578 0.00940 0 -3.15000 58.80000 0.00936 1.97537 -11
0.13521 -0.07100 0.00940 0 5.45000 57.47500 0.00936 2.02132 -11
-0.40041 0.16589 0.00940 0 -1.87500 53.10000 0.00936 2.06658 -11
0.64612 -0.69276 0.00940 0 4.50000 49.42500 0.00936 2.09662 -11
-1.11935 1.43008 0.00940 0 -0.60000 42.00000 0.00936 2.15465 -11
0.55843 -0.70559 0.00940 0 4.07500 39.72500 0.00936 2.17364 -11
-0.11746 0.34357 0.00940 0 -1.55000 35.65000 0.00936 2.22049 -11
0.17327 -1.04888 0.00940 0 3.77500 36.02500 0.00936 2.24190 -11
-0.96993 1.97760 0.00940 0 1.47500 31.02500 0.00936 2.28505 -11
0.25947 -0.73179 0.00940 0 3.90000 29.15000 0.00936 2.29590 -11
-0.15447 0.50503 0.00940 0 1.35000 27.22500 0.00936 2.32233 -11
0.40871 -0.24239 0.00940 0 4.67500 26.25000 0.00936 2.33722 -11
-0.30291 0.18777 0.00940 0 1.27500 24.27500 0.00936 2.35885 -11
0.51225 -0.89214 0.00940 0 4.30000 22.92500 0.00936 2.37304 -11
-0.06672 0.33259 0.00940 0 3.20000 -64.00000 0.00936 0.85677 -11
0.84375 -0.02436 0.00940 0 -0.92500 -53.22500 0.00936 1.98972 -11
-0.94846 0.31645 0.00940 0 -3.10000 -39.60000 0.00936 2.05889 -11
0.98457 -0.27333 0.00940 0 0.87500 -28.67500 0.00936 2.11298 -11
-1.03707 0.10345 0.00940 0 -2.60000 -15.97500 0.00936 2.17216 -11
0.75694 -0.01954 0.00940 0 0.10000 -2.85000 0.00936 2.24102 -11
-0.80617 0.14944 0.00940 0 -2.87500 7.47500 0.00936 2.29702 -11
0.57595 -0.02428 0.00940 0 -0.35000 17.40000 0.00936 2.35938 -11
-0.44408 0.28150 0.00940 0 -2.45000 23.92500 0.00936 2.41360 -11
0.23510 0.00878 0.00940 0 -0.30000 29.70000 0.00936 2.47064 -11
-0.14173 0.06154 0.00940 0 -2.60000 32.95000 0.00936 2.51838 -11
-0.02331 -0.08328 0.00940 0 -0.12500 34.67500 0.00936 2.57199 -11
0.01392 0.17640 0.00940 0 -2.72500 34.85000 0.00936 2.61834 -11
0.08964 -0.24940 0.00940 0 0.82500 35.15000 0.00936 2.66161 -11
-0.12954 -0.05774 0.00940 0 -3.12500 36.65000 0.00936 2.69751 -11
-0.38033 0.14584 0.00940 0 1.45000 35.32500 0.00936 2.74420 -11
0.44973 -0.25880 0.00940 0 -3.20000 31.77500 0.00936 2.77903 -11
-0.35467 0.49018 0.00940 0 2.72500 25.67500 0.00936 2.83584 -11
0.25057 -0.29509 0.00940 0 -2.75000 23.77500 0.00936 2.86303 -11
-0.37076 0.06896 0.00940 0 2.95000 19.35000 0.00936 2.90809 -11
0.35423 0.07569 0.00940 0 -2.55000 16.37500 0.00936 2.93962 -11
-0.42712 -0.01407 0.00940 0 2.90000 13.20000 0.00936 2.97864 -11
0.74080 0.23300 0.00940 0 -3.47500 10.30000 0.00936 3.00824 -11
0.88360 0.18913 0.00940 0 8.27500 9.65000 0.00936 3.01220 -11
-0.91487 -0.14184 0.00940 0 4.15000 4.20000 0.00936 3.03967 -11
0.16622 -0.38958 0.00940 0 -3.15000 1.90000 0.00936 3.06112 -11
-0.38139 0.92440 0.00940 0 5.30000 -1.55000 0.00936 3.10309 -11
0.55801 -1.31004 0.00940 0 -3.05000 -1.92500 0.00936 3.11673 -11
-0.37500 0.57103 0.00940 0 6.57500 -6.10000 0.00936 3.15455 -11
-0.15974 -0.61175 0.00940 0 -2.85000 -6.92500 0.00936 3.16514 -11
1.36117 2.42912 0.00940 0 6.82500 -3.77500 0.00936 3.19861 -11
0.85886 -1.75121 0.00940 0 7.70000 -3.65000 0.00936 3.20158 -11
-0.83793 0.11425 0.00940 0 5.97500 -6.20000 0.00936 3.21892 -11
-0.20017 0.06466 0.00940 0 -3.85000 -6.45000 0.00936 3.23084 -11
0.30205 7.35871 0.00940 0 7.82500 -6.45000 0.00936 3.23456 -11
-0.51474 1.58590 0.00940 0 7.70000 -6.40000 0.00936 3.23509 -11
0.01065 -0.54655 0.00940 0 6.35000 -6.65000 0.00936 3.24117 -11
0.33405 -0.54257 0.00940 0 3.85000 -59.82500 0.00936 0.76193 -11
-0.32237 0.64055 0.00940 0 -3.82500 -52.25000 0.00936 0.85894 -11
-0.28068 0.32676 0.00940 0 7.80000 -52.02500 0.00936 0.86189 -11
0.10992 -0.65685 0.00940 0 4.15000 -48.50000 0.00936 0.93380 -11
0.06728 0.26373 0.00940 0 7.07500 -50.25000 0.00936 1.02633 -11
-0.09628 -0.70814 0.00940 0 4.00000 -51.37500 0.00936 1.09581 -11
0.02354 0.43095 0.00940 0 5.95000 -53.60000 0.00936 1.18803 -11
0.01349 -1.16972 0.00940 0 5.55000 -53.82500 0.00936 1.23987 -11
0.04215 0.46179 0.00940 0 6.00000 -50.30000 0.00936 1.33618 -11
0.05893 -1.11160 0.00940 0 6.45000 -50.60000 0.00936 1.38506 -11
-0.00439 0.37189 0.00940 0 5.87500 -50.75000 0.00936 1.46138 -11
-0.04703 -0.97112 0.00940 0 6.32500 -51.15000 0.00936 1.51154 -11
-0.03824 0.45621 0.00940 0 5.32500 -51.17500 0.00936 1.58310 -11
-0.48859 -1.16749 0.00940 0 7.02500 -52.60000 0.00936 1.62670 -11
-0.12668 0.51611 0.00940 0 4.72500 -50.40000 0.00936 1.69862 -11
-0.06364 -1.09830 0.00940 0 5.95000 -49.12500 0.00936 1.74319 -11
0.20606 0.28025 0.00940 0 3.20000 -52.97500 0.00936 1.80947 -11
-0.78998 -1.35188 0.00940 0 7.62500 -58.12500 0.00936 1.84752 -11
0.37753 0.33706 0.00940 0 3.62500 -64.70000 0.00936 1.90908 -11
-1.59939 1.24743 0.00940 0 6.00000 -50.22500 0.00936 1.33635 -11
2.68744 -2.00702 0.00940 0 6.57500 -46.55000 0.00936 1.35809 -11
0.06188 0.72552 0.00940 0 0.35000 -64.75000 0.00936 1.03405 -11
0.03468 -0.77475 0.00940 0 6.90000 -64.25000 0.00936 1.11725 -11
0.02738 0.48602 0.00940 0 -1.35000 -63.92500 0.00936 1.21113 -11
-0.03204 -1.25591 0.00940 0 8.32500 -63.87500 0.00936 1.27559 -11
0.03044 -0.60630 0.00940 0 -4.40000 -63.85000 0.00936 1.27908 -11
-0.06514 0.83322 0.00940 0 -2.80000 -60.82500 0.00936 1.37495 -11
-0.13992 0.56815 0.00940 0 8.42500 -60.77500 0.00936 1.37937 -11
0.43133 -0.60997 0.00940 0 -3.35000 -56.12500 0.00936 1.42958 -11
-0.86645 1.36235 0.00940 0 -4.45000 -44.10000 0.00936 1.52798 -11
-0.63541 0.67964 0.00940 0 7.02500 -43.75000 0.00936 1.53059 -11
0.88651 -0.32506 0.00940 0 -1.17500 -36.17500 0.00936 1.57348 -11
-0.88471 0.43078 0.00940 0 -3.80000 -21.37500 0.00936 1.64797 -11
-0.80170 0.22633 0.00940 0 7.97500 -20.70000 0.00936 1.65159 -11
0.68246 -0.20095 0.00940 0 -1.62500 -9.50000 0.00936 1.71047 -11
-0.84313 0.42464 0.00940 0 -3.57500 1.37500 0.00936 1.77896 -11
-0.85824 0.37550 0.00940 0 8.17500 2.12500 0.00936 1.78301 -11
0.12437 -0.42385 0.00940 0 -1.40000 8.00000 0.00936 1.82839 -11
0.21754 0.63585 0.00940 0 4.37500 7.80000 0.00936 1.87121 -11
-0.16015 -0.65725 0.00940 0 -0.67500 6.27500 0.00936 1.89199 -11
0.51997 0.64224 0.00940 0 4.05000 3.27500 0.00936 1.93356 -11
-0.66009 -0.50349 0.00940 0 -0.37500 0.65000 0.00936 1.95376 -11
0.61359 0.68164 0.00940 0 3.72500 -5.67500 0.00936 1.99051 -11
-0.70413 -0.75724 0.00940 0 -0.07500 -7.82500 0.00936 2.00714 -11
0.56644 0.29146 0.00940 0 4.57500 -11.22500 0.00936 2.03949 -11
-0.56027 -0.28210 0.00940 0 1.45000 -13.52500 0.00936 2.05648 -11
1.44815 1.56357 0.00940 0 4.05000 -17.12500 0.00936 2.08158 -11
-1.13394 -1.73183 0.00940 0 2.42500 -18.45000 0.00936 2.08916 -11
-0.08672 0.49103 0.00940 0 3.22500 -20.95000 0.00936 2.11743 -11
0.12476 -0.63586 0.00940 0 0.82500 -21.02500 0.00936 2.12800 -11
0.19040 0.75105 0.00940 0 3.57500 -14.55000 0.00936 2.16765 -11
-0.03820 -0.57584 0.00940 0 1.82500 -14.67500 0.00936 2.17517 -11
1.41139 3.21204 0.00940 0 2.90000 -11.60000 0.00936 2.23089 -11
0.92945 0.09853 0.00940 0 2.15000 -11.37500 0.00936 2.23782 -11
0.27469 -0.58859 0.00940 0 4.57500 -64.77500 0.00936 0.75852 -11
-0.16882 0.39918 0.00940 0 -2.60000 -57.97500 0.00936 0.85228 -11
0.38521 -0.55211 0.00940 0 5.65000 -50.60000 0.00936 0.93525 -11
-0.27212 0.60345 0.00940 0 -2.95000 -40.92500 0.00936 1.02763 -11
0.07845 -0.87708 0.00940 0 5.42500 -39.30000 0.00936 1.09845 -11
-0.07938 0.73775 0.00940 0 -3.02500 -37.62500 0.00936 1.19682 -11
-0.08559 0.53628 0.00940 0 8.32500 -37.52500 0.00936 1.20088 -11
0.05321 -1.13445 0.00940 0 6.10000 -35.87500 0.00936 1.26038 -11
0.01664 0.94162 0.00940 0 -4.02500 -35.55000 0.00936 1.36060 -11
-0.07519 0.50781 0.00940 0 7.47500 -35.57500 0.00936 1.36336 -11
0.59147 -1.52124 0.00940 0 8.20000 -33.27500 0.00936 1.41021 -11
-1.32258 0.82730 0.00940 0 3.62500 -12.02500 0.00936 1.52050 -11
1.31415 -0.83565 0.00940 0 -3.70000 -3.65000 0.00936 1.55989 -11
-0.99541 0.60419 0.00940 0 4.52500 14.92500 0.00936 1.66193 -11
2.63776 -0.09983 0.00940 0 7.35000 35.17500 0.00936 1.74409 -11
2.58695 0.85783 0.00940 0 -4.45000 36.47500 0.00936 1.74887 -11
-2.51586 -3.73279 0.00940 0 -2.05000 41.77500 0.00936 1.76884 -11
0.39415 0.20970 0.00940 0 6.65000 51.75000 0.00936 1.84156 -11
-1.04988 -1.16076 0.00940 0 -1.27500 54.65000 0.00936 1.85979 -11
0.14978 -0.53375 0.00940 0 2.37500 -64.90000 0.00936 1.31232 -11
-0.17236 0.57707 0.00940 0 6.52500 -60.57500 0.00936 1.41189 -11
0.25547 -1.36446 0.00940 0 5.42500 -57.70000 0.00936 1.46511 -11
-0.15831 1.21930 0.00940 0 -4.37500 -53.42500 0.00936 1.57119 -11
-0.14473 0.57216 0.00940 0 7.15000 -53.35000 0.00936 1.57355 -11
0.38543 -1.13997 0.00940 0 5.72500 -49.07500 0.00936 1.63074 -11
-0.26927 0.61482 0.00940 0 6.62500 -40.47500 0.00936 1.73439 -11
0.56796 -1.58604 0.00940 0 8.12500 -36.57500 0.00936 1.77865 -11
-0.47849 0.56099 0.00940 0 6.20000 -26.40000 0.00936 1.87688 -11
0.12175 -1.57554 0.00940 0 7.62500 -21.77500 0.00936 1.92230 -11
-0.11259 0.49387 0.00940 0 6.47500 -16.97500 0.00936 2.00968 -11
-0.18161 -1.22135 0.00940 0 6.70000 -16.60000 0.00936 2.05892 -11
0.22197 0.40436 0.00940 0 4.75000 -19.82500 0.00936 2.14121 -11
-0.05593 -0.79445 0.00940 0 4.20000 -21.27500 0.00936 2.19714 -11
0.11159 0.10077 0.00940 0 2.70000 -23.17500 0.00936 2.26865 -11
-0.14992 -0.42056 0.00940 0 3.57500 -25.47500 0.00936 2.32562 -11
0.28752 0.19626 0.00940 0 2.30000 -27.45000 0.00936 2.38441 -11
0.07084 -0.52359 0.00940 0 4.05000 -30.15000 0.00936 2.43457 -11
-0.17324 0.00660 0.00940 0 1.97500 -27.05000 0.00936 2.48544 -11
0.26683 -0.15929 0.00940 0 4.57500 -23.80000 0.00936 2.53888 -11
-0.39294 0.07894 0.00940 0 1.62500 -18.67500 0.00936 2.58961 -11
0.77589 -0.30789 0.00940 0 4.50000 -11.82500 0.00936 2.64317 -11
-0.73295 0.07905 0.00940 0 -0.32500 -3.55000 0.00936 2.68903 -11
0.54155 0.01218 0.00940 0 4.92500 3.45000 0.00936 2.73399 -11
-0.26753 -0.46221 0.00940 0 -0.67500 6.07500 0.00936 2.76097 -11
-0.14023 0.12840 0.00940 0 4.70000 5.42500 0.00936 2.81373 -11
0.26012 -0.54420 0.00940 0 -0.55000 4.62500 0.00936 2.84212 -11
-1.19487 1.54153 0.00940 0 5.85000 1.42500 0.00936 2.89626 -11
1.98697 -2.17890 0.00940 0 6.35000 1.07500 0.00936 2.89848 -11
0.86198 1.44084 0.00940 0 4.22500 0.50000 0.00936 2.92796 -11
0.33786 0.00001 0.00940 0 7.02500 0.80000 0.00936 2.94076 -11
-0.50866 -0.13255 0.00940 0 4.65000 -0.90000 0.00936 2.95451 -11
0.66646 0.98433 0.00940 0 6.90000 -1.47500 0.00936 2.97301 -11
-1.59402 -1.98759 0.00940 0 5.80000 -2.50000 0.00936 2.97866 -11
0.74025 -0.37905 0.00940 0 -4.22500 -1.72500 0.00936 2.99186 -11
0.13148 0.52337 0.00940 0 7.60000 -2.02500 0.00936 2.99475 -11
-0.38253 -0.56033 0.00940 0 6.02500 -2.35000 0.00936 3.00178 -11
3.92352 -1.60295 0.00940 0 7.37500 -0.72500 0.00936 3.01552 -11
-0.08333 -0.39966 0.00940 0 -4.30000 -0.02500 0.00936 3.02052 -11
-1.89223 -0.12757 0.00940 0 6.67500 -40.37500 0.00936 1.73453 -11
37.03983 6.37144 0.00940 0 7.00000 -39.25000 0.00936 1.73918 -11
11.78350 -1.71421 0.00940 0 7.20000 -35.87500 0.00936 1.75248 -11
17.56900 -2.30216 0.00940 0 7.07500 -8.90000 0.00936 1.86042 -11
-1.47269 0.68652 0.00940 0 7.75000 -1.52500 0.00936 1.89557 -11
0.15412 0.30978 0.00940 0 8.15000 -0.90000 0.00936 1.91973 -11
0.43064 -1.00965 0.00940 0 7.05000 -62.47500 0.00936 0.75539 -11
-0.46146 0.75782 0.00940 0 -1.72500 -51.45000 0.00936 0.86210 -11
0.35700 -0.67829 0.00940 0 -4.17500 -44.82500 0.00936 0.92628 -11
-0.40077 0.90942 0.00940 0 -1.97500 -37.35000 0.00936 1.03421 -11
0.08856 -0.72285 0.00940 0 -4.45000 -33.50000 0.00936 1.09387 -11
-0.09938 1.36901 0.00940 0 -4.32500 -32.07500 0.00936 1.19547 -11
-0.02344 0.71992 0.00940 0 7.12500 -32.05000 0.00936 1.19804 -11
-0.31146 0.84226 0.00940 0 5.85000 -25.32500 0.00936 1.34527 -11
0.36107 -0.60429 0.00940 0 -1.65000 -22.77500 0.00936 1.37669 -11
-0.57391 1.09798 0.00940 0 -4.42500 -17.17500 0.00936 1.45110 -11
-0.54688 0.56004 0.00940 0 7.12500 -16.92500 0.00936 1.45351 -11
0.34127 -0.41778 0.00940 0 -1.32500 -13.05000 0.00936 1.48999 -11
-0.97677 -0.02208 0.00940 0 4.20000 -5.05000 0.00936 1.53183 -11
1.24316 0.33065 0.00940 0 1.10000 2.15000 0.00936 1.56418 -11
-1.34087 -0.20293 0.00940 0 3.95000 7.37500 0.00936 1.58542 -11
-0.66608 0.97069 0.00940 0 3.00000 7.30000 0.00936 1.70453 -11
0.11168 -0.55635 0.00940 0 6.67500 6.35000 0.00936 1.72015 -11
-0.19745 1.11989 0.00940 0 4.77500 -2.52500 0.00936 1.78033 -11
-0.69635 -0.18659 0.00940 0 7.60000 -2.15000 0.00936 1.79186 -11
0.90737 -0.23092 0.00940 0 5.45000 0.57500 0.00936 1.80710 -11
-0.05862 -0.03626 0.00940 0 -4.00000 1.92500 0.00936 1.82094 -11
1.81813 0.44585 0.00940 0 7.05000 2.45000 0.00936 1.82712 -11
0.51162 0.43988 0.00940 0 -3.92500 2.35000 0.00936 1.84843 -11
0.32598 0.41555 0.00940 0 7.42500 2.02500 0.00936 1.85216 -11
-0.60639 -0.44797 0.00940 0 5.85000 1.15000 0.00936 1.86065 -11
-0.66414 -1.13323 0.00940 0 6.95000 -2.05000 0.00936 1.87649 -11
1.01979 1.33385 0.00940 0 6.42500 -0.45000 0.00936 1.89016 -11
0.27690 -1.35828 0.00940 0 8.00000 -63.75000 0.00936 0.75562 -11
-0.13593 0.56639 0.00940 0 0.25000 -60.05000 0.00936 0.86392 -11
-0.01383 -1.08618 0.00940 0 7.97500 -59.37500 0.00936 0.93777 -11
0.07564 -0.25710 0.00940 0 -3.25000 -62.30000 0.00936 0.75919 -11
-0.02415 0.14222 0.00940 0 2.15000 -61.25000 0.00936 0.84886 -11
0.01187 -0.24151 0.00940 0 -2.65000 -62.12500 0.00936 0.93321 -11
-0.08755 0.31329 0.00940 0 2.12500 -59.02500 0.00936 1.02330 -11
0.04302 -0.23739 0.00940 0 -2.35000 -57.15000 0.00936 1.10386 -11
-0.03087 0.30192 0.00940 0 1.97500 -57.67500 0.00936 1.18833 -11
0.21593 -0.35564 0.00940 0 -1.82500 -53.90000 0.00936 1.26601 -11
-0.35705 0.50788 0.00940 0 -0.05000 -46.97500 0.00936 1.35623 -11
0.56430 -0.48231 0.00940 0 -1.97500 -40.15000 0.00936 1.42231 -11
-0.62168 0.57786 0.00940 0 -1.60000 -29.57500 0.00936 1.51015 -11
0.39091 -0.39377 0.00940 0 -1.47500 -23.80000 0.00936 1.56640 -11
-0.38929 0.72276 0.00940 0 -1.50000 -16.22500 0.00936 1.64874 -11
0.28370 -0.63509 0.00940 0 -0.40000 -12.25000 0.00936 1.69646 -11
-0.60114 0.71671 0.00940 0 -2.07500 -4.77500 0.00936 1.77448 -11
0.51919 -0.37252 0.00940 0 1.27500 1.15000 0.00936 1.81753 -11
-0.63136 0.23189 0.00940 0 -1.17500 9.57500 0.00936 1.87843 -11
0.91795 -0.38359 0.00940 0 2.37500 20.87500 0.00936 1.93541 -11
-0.81015 0.40781 0.00940 0 -2.20000 32.12500 0.00936 1.99170 -11
0.38466 -0.37962 0.00940 0 1.27500 37.62500 0.00936 2.03534 -11
-0.23781 0.70770 0.00940 0 -2.55000 41.87500 0.00936 2.09096 -11
0.26127 -0.65878 0.00940 0 1.62500 44.02500 0.00936 2.12433 -11
-0.90917 1.79866 0.00940 0 -3.42500 50.52500 0.00936 2.18416 -11
-0.73330 2.45320 0.00940 0 6.92500 51.27500 0.00936 2.19070 -11
0.48302 -2.37123 0.00940 0 3.80000 52.05000 0.00936 2.20179 -11
-0.28734 2.19439 0.00940 0 -3.87500 55.50000 0.00936 2.26685 -11
-0.52523 3.31880 0.00940 0 6.70000 55.75000 0.00936 2.27224 -11
0.10057 -2.54884 0.00940 0 4.32500 56.00000 0.00936 2.28031 -11
-0.26812 1.16631 0.00940 0 -4.02500 55.45000 0.00936 2.33964 -11
-0.32353 0.52419 0.00940 0 7.42500 55.70000 0.00936 2.34262 -11
0.41246 -0.56928 0.00940 0 2.07500 57.97500 0.00936 2.36581 -11
0.26371 0.50297 0.00940 0 -3.75000 59.17500 0.00936 2.40515 -11
0.71837 0.52941 0.00940 0 7.92500 58.92500 0.00936 2.40828 -11
-0.68509 -0.42819 0.00940 0 3.42500 55.55000 0.00936 2.43024 -11
0.85453 0.55961 0.00940 0 -4.00000 49.70000 0.00936 2.46236 -11
4.06143 -4.91590 0.00940 0 7.65000 49.00000 0.00936 2.46651 -11
-4.62760 3.39502 0.00940 0 4.27500 3.32500 0.00936 2.68948 -11
-4.60613 3.91364 0.00940 0 4.57500 2.92500 0.00936 2.69074 -11
1.50831 -1.65703 0.00940 0 6.65000 2.12500 0.00936 2.69984 -11
-1.59462 0.07298 0.00940 0 5.20000 -1.50000 0.00936 2.71791 -11
1.97489 0.10182 0.00940 0 6.70000 -3.82500 0.00936 2.72985 -11
-20.21801 3.05048 0.00940 0 6.07500 -5.22500 0.00936 2.73590 -11
22.04100 -15.01907 0.00940 0 5.65000 -8.60000 0.00936 2.75290 -11
-1.57579 1.25969 0.00940 0 5.27500 -24.22500 0.00936 2.82744 -11
0.07915 0.64663 0.00940 0 -1.82500 -53.90000 0.00936 1.26610 -11
0.03548 0.20432 0.00940 0 -3.27500 -54.05000 0.00936 1.27406 -11
-0.60882 0.09462 0.00940 0 -1.92500 -54.85000 0.00936 1.28370 -11
-0.46336 0.11019 0.00940 0 -2.65000 -55.82500 0.00936 1.29506 -11
0.88926 -0.49218 0.00940 0 -1.40000 -55.37500 0.00936 0.75025 -11
-1.08289 0.62055 0.00940 0 -0.87500 -36.92500 0.00936 0.84815 -11
1.25599 -0.83475 0.00940 0 2.65000 -26.87500 0.00936 0.89720 -11
-1.34197 1.15417 0.00940 0 -0.67500 -6.87500 0.00936 0.99309 -11
1.99890 -1.92555 0.00940 0 4.20000 0.12500 0.00936 1.02824 -11
-1.57787 0.57410 0.00940 0 -0.12500 19.97500 0.00936 1.11504 -11
1.67666 -0.82460 0.00940 0 4.47500 32.30000 0.00936 1.16688 -11
-2.58253 0.64203 0.00940 0 -1.00000 54.20000 0.00936 1.25830 -11
-0.03300 0.29921 0.00940 0 5.67500 -63.90000 0.00936 0.86569 -11
-0.37166 0.69134 0.00940 0 -0.82500 -60.00000 0.00936 0.86530 -11
0.52635 -1.02956 0.00940 0 6.82500 -53.97500 0.00936 0.94058 -11
-0.32421 0.46070 0.00940 0 -2.40000 -45.10000 0.00936 1.03582 -11
0.29024 -0.65983 0.00940 0 6.65000 -39.65000 0.00936 1.11129 -11
-0.01589 0.70754 0.00940 0 -2.52500 -34.82500 0.00936 1.19678 -11
-0.35669 -1.27885 0.00940 0 7.62500 -36.85000 0.00936 1.25741 -11
0.44207 0.71627 0.00940 0 6.82500 -45.32500 0.00936 1.36473 -11
-0.28245 -0.83469 0.00940 0 -4.22500 -49.15000 0.00936 1.40903 -11
0.10620 0.85579 0.00940 0 6.47500 -54.67500 0.00936 1.50968 -11
-0.35108 -0.78394 0.00940 0 -3.57500 -55.95000 0.00936 1.54854 -11
0.30428 0.88581 0.00940 0 5.82500 -62.92500 0.00936 1.64077 -11
-0.17168 0.39722 0.00940 0 5.47500 -63.40000 0.00936 2.49407 -11
0.11451 -0.16978 0.00940 0 -1.00000 -61.30000 0.00936 2.52525 -11
-0.09335 0.21158 0.00940 0 6.90000 -59.92500 0.00936 2.57298 -11
0.04187 -0.10017 0.00940 0 -0.00000 -59.50000 0.00936 2.60670 -11
-0.12690 0.22371 0.00940 0 7.12500 -60.30000 0.00936 2.64714 -11
0.07974 -0.34452 0.00940 0 2.55000 -59.20000 0.00936 2.67015 -11
