-1.20855 -1.77911 0.00835 0 -1.37500 2.55000 0.00783 1.40276 11
1.23215 1.73900 0.00835 0 4.15000 6.07500 0.00783 1.42543 11
-1.02923 -1.76110 0.00835 0 -1.60000 23.50000 0.00783 1.53876 11
0.90676 1.62643 0.00835 0 3.92500 26.27500 0.00783 1.56016 11
-1.07777 -1.70277 0.00835 0 -1.85000 43.25000 0.00783 1.66761 11
1.09753 1.71214 0.00835 0 3.20000 46.15000 0.00783 1.68771 11
-1.38601 -1.26969 0.00835 0 -1.72500 64.27500 0.00783 1.79258 11
-0.74220 -2.24444 0.00227 0 -1.10000 5.50000 0.00137 2.66710 11
0.35471 2.51742 0.00227 0 -0.40000 5.62500 0.00137 2.66968 11
-0.43803 -1.00388 0.00227 0 -2.12500 6.90000 0.00137 2.69425 11
0.52092 1.28166 0.00227 0 -0.25000 7.50000 0.00137 2.70197 11
0.05151 -6.20295 0.00227 0 -1.95000 10.25000 0.00137 2.72180 11
-0.21101 8.87351 0.00227 0 -1.77500 10.22500 0.00137 2.72241 11
-20.07314 17.46292 0.00227 0 -1.92500 -9.90000 0.00137 2.85932 11
-2.42407 -2.13092 0.00227 0 -2.05000 -9.32500 0.00137 2.87822 11
4.55477 2.34574 0.01858 0 1.15000 -8.50000 0.01823 1.42631 11
-7.35782 -2.78196 0.01858 0 1.72500 -16.25000 0.01823 1.45789 11
1.19129 -0.11231 0.01858 0 -0.02500 -19.50000 0.01823 1.47299 11
-0.69575 -0.10396 0.01858 0 1.57500 -22.10000 0.01823 1.48602 11
-0.20582 0.20631 0.01858 0 -0.50000 -22.17500 0.01823 1.50153 11
-0.97256 0.12964 0.01858 0 0.57500 -22.17500 0.01823 1.51839 11
-0.13546 0.03877 0.01858 0 1.20000 -23.10000 0.01823 1.53592 11
-0.01284 0.62283 0.01858 0 -0.07500 -21.92500 0.01823 1.54417 11
0.34128 -0.70855 0.01858 0 1.20000 -21.12500 0.01823 1.55696 11
3.37136 -0.13929 0.02237 0 6.35000 -48.32500 0.00648 0.17618 11
0.16341 -0.24243 0.00185 0 -2.87500 64.10000 0.00074 -0.03945 11
-0.33367 0.10780 0.00185 0 -0.65000 63.47500 0.00074 -0.02845 11
0.33901 -0.20798 0.00185 0 -2.60000 62.00000 0.00074 -0.01577 11
-0.61581 0.27822 0.00185 0 -0.75000 60.75000 0.00074 -0.00520 11
-4.33128 7.96407 0.00185 0 -2.25000 60.65000 0.00074 0.01036 11
-1.13825 -0.38780 0.00185 0 2.17500 62.42500 0.00074 0.52737 11
1.74549 0.04948 0.00185 0 0.42500 59.30000 0.00074 0.54169 11
-0.77004 0.12712 0.00185 0 1.47500 57.77500 0.00074 0.55046 11
1.13588 -0.03731 0.00185 0 0.70000 56.60000 0.00074 0.55768 11
4.23098 -0.28524 0.00185 0 1.00000 56.00000 0.00074 0.56096 11
-1.15312 -1.14339 0.00185 0 1.52500 55.22500 0.00074 0.57023 11
-0.09095 -0.32581 0.00185 0 1.85000 55.17500 0.00074 0.57813 11
0.90291 0.03919 0.00185 0 1.80000 55.50000 0.00074 0.59002 11
-1.47001 -0.98184 0.00185 0 5.47500 62.22500 0.00074 -0.06689 11
0.88291 0.63087 0.00185 0 3.67500 61.57500 0.00074 -0.05908 11
-0.92157 0.05001 0.00185 0 5.55000 57.47500 0.00074 -0.04193 11
0.34583 -4.36060 0.00185 0 5.97500 61.20000 0.00074 0.00497 11
0.73305 1.82909 0.00185 0 6.37500 61.07500 0.00074 0.00691 11
-0.48364 1.03912 0.00185 0 6.40000 61.22500 0.00074 0.00824 11
-0.90344 -2.39492 0.00185 0 6.80000 62.67500 0.00074 0.03219 11
1.78749 1.13561 0.00185 0 6.75000 62.65000 0.00074 0.03266 11
0.45583 0.82376 0.00185 0 6.75000 62.65000 0.00074 0.03284 11
-1.48281 -2.38431 0.00185 0 1.10000 30.02500 0.00074 0.19403 11
-1.30894 -0.12392 0.00185 0 1.05000 29.97500 0.00074 0.19499 11
0.36844 0.11105 0.00185 0 1.82500 30.52500 0.00074 0.20235 11
-0.59752 0.57332 0.00185 0 2.47500 64.82500 0.00074 -0.00599 11
0.27923 -7.37019 0.00185 0 1.67500 63.95000 0.00074 0.01145 11
0.68698 -0.10764 0.00185 0 2.02500 63.80000 0.00074 0.01427 11
-0.16379 0.45284 0.00185 0 3.27500 63.50000 0.00074 0.02185 11
-0.26728 -0.66653 0.00185 0 5.15000 64.85000 0.00074 0.39108 11
-1.18950 0.49473 0.00185 0 7.47500 59.47500 0.00074 -0.03496 11
0.19708 0.33151 0.00185 0 -4.20000 59.42500 0.00074 -0.03181 11
0.53187 -0.45972 0.00185 0 -4.25000 61.70000 0.00074 -0.01532 11
-0.74766 0.10397 0.00185 0 -3.65000 61.12500 0.00074 -0.00916 11
-2.22281 -1.31332 0.00185 0 -2.72500 59.80000 0.00074 -0.03314 11
0.29144 0.60743 0.00185 0 -3.00000 59.55000 0.00074 -0.03149 11
-0.35829 -0.71367 0.00185 0 -1.10000 58.40000 0.00074 -0.01447 11
0.40620 0.46093 0.00185 0 -1.67500 55.57500 0.00074 -0.00296 11
-0.03267 -0.21052 0.00185 0 -0.35000 55.00000 0.00074 0.01016 11
-8.28951 -1.38236 0.00185 0 -1.10000 56.52500 0.00074 0.02075 11
-0.87907 -0.13097 0.00296 0 7.07500 52.80000 0.00149 -0.17893 11
5.91851 -0.29502 0.00296 0 4.47500 46.75000 0.00149 -0.15390 11
-6.97706 -0.38466 0.00296 0 5.00000 42.55000 0.00149 -0.13914 11
1.87636 0.18754 0.00296 0 3.32500 38.57500 0.00149 -0.12403 11
-1.90576 -0.08407 0.00296 0 4.92500 33.00000 0.00149 -0.10236 11
2.59875 1.96527 0.00296 0 2.62500 29.65000 0.00149 -0.08649 11
-0.09232 -1.32921 0.00296 0 4.17500 24.65000 0.00149 -0.05387 11
0.50218 -0.30635 0.00296 0 1.65000 23.72500 0.00149 -0.04154 11
-1.11116 0.49150 0.00296 0 3.52500 22.57500 0.00149 -0.03242 11
1.03559 -1.14736 0.00296 0 3.97500 22.20000 0.00149 -0.03016 11
-2.09757 2.00332 0.00296 0 5.10000 21.52500 0.00149 -0.02476 11
2.46210 -0.32605 0.00296 0 5.17500 21.35000 0.00149 -0.02403 11
-1.23400 -0.00706 0.00296 0 5.72500 19.05000 0.00149 -0.01342 11
0.83421 -0.21111 0.01857 0 6.75000 49.02500 0.01531 -0.15595 -11
-0.77602 -0.25344 0.01857 0 4.97500 7.35000 0.01531 0.07184 -11
0.78291 0.24967 0.01857 0 -3.87500 -18.55000 0.01531 0.21709 -11
0.81223 -0.15452 0.01857 0 8.07500 -19.20000 0.01531 0.22055 -11
-0.72510 -0.24722 0.01857 0 6.27500 -57.32500 0.01531 0.43446 -11
0.71621 -0.13901 0.01857 0 4.00000 49.37500 0.01531 -0.15793 -11
-0.71420 -0.00318 0.01857 0 1.20000 10.50000 0.01531 0.06943 -11
0.70883 -0.10974 0.01857 0 3.15000 -12.47500 0.01531 0.19858 -11
-0.70572 0.00800 0.01857 0 0.72500 -50.75000 0.01531 0.42419 -11
0.69220 -0.08651 0.01857 0 1.70000 49.52500 0.01531 -0.15881 -11
-0.65738 0.09464 0.01857 0 -0.72500 9.87500 0.01531 0.07570 -11
0.67512 -0.07751 0.01857 0 0.95000 -10.25000 0.01531 0.19615 -11
-0.69610 0.07121 0.01857 0 -1.87500 -46.87500 0.01531 0.42911 -11
0.69422 0.10689 0.01857 0 -2.12500 49.50000 0.01531 -0.15870 -11
-0.69197 -0.05853 0.01857 0 -2.90000 21.10000 0.01531 0.02137 -11
0.78203 0.27583 0.01857 0 -3.47500 -2.22500 0.01531 0.15230 -11
0.71849 -0.08546 0.01857 0 8.42500 -2.95000 0.01531 0.15637 -11
-0.74443 -0.05057 0.01857 0 -3.05000 -30.55000 0.01531 0.32124 -11
0.78323 0.26396 0.01857 0 -4.40000 -51.35000 0.01531 0.44174 -11
0.66154 -0.09608 0.01857 0 7.55000 -51.82500 0.01531 0.44429 -11
0.65077 -0.18888 0.01857 0 6.77500 49.02500 0.01531 -0.15598 -11
-0.53425 -0.07180 0.01857 0 3.87500 12.05000 0.01531 0.08134 -11
0.55430 -0.31934 0.01857 0 7.27500 -5.17500 0.01531 0.20406 -11
-0.57725 -0.05944 0.01857 0 4.72500 -38.57500 0.01531 0.44103 -11
0.63086 -0.20371 0.01857 0 6.95000 -58.12500 0.01531 0.56446 -11
0.66718 0.02126 0.01857 0 -1.32500 49.52500 0.01531 -0.15888 -11
-0.67840 -0.32208 0.01857 0 7.87500 12.30000 0.01531 0.07108 -11
-0.66792 0.19706 0.01857 0 -4.15000 11.82500 0.01531 0.07397 -11
0.54471 -0.02353 0.01857 0 -1.60000 -8.27500 0.01531 0.19885 -11
-0.55592 -0.20268 0.01857 0 7.47500 -40.30000 0.01531 0.42949 -11
0.51548 -0.02122 0.01857 0 -2.47500 -56.00000 0.01531 0.54569 -11
-0.58807 0.28621 0.01857 0 2.05000 -58.45000 0.01531 1.75653 -11
0.74891 -0.52069 0.01857 0 0.17500 -46.37500 0.01531 1.83218 -11
-0.80004 0.38432 0.01857 0 2.22500 -31.72500 0.01531 1.93279 -11
0.50776 -0.32736 0.01857 0 0.50000 -18.62500 0.01531 2.01206 -11
-0.56208 0.29660 0.01857 0 2.67500 -6.92500 0.01531 2.09896 -11
0.30539 -0.39678 0.01857 0 0.02500 3.10000 0.01531 2.17810 -11
-0.41039 0.49516 0.01857 0 2.65000 11.07500 0.01531 2.26785 -11
0.80561 -1.35243 0.01857 0 4.00000 16.62500 0.01531 2.31494 -11
-0.67429 1.00269 0.01857 0 2.00000 34.00000 0.01531 2.42631 -11
0.94054 -1.61932 0.01857 0 3.77500 38.95000 0.01531 2.46813 -11
-0.55637 1.23680 0.01857 0 1.50000 54.72500 0.01531 2.57624 -11
-0.06397 0.57538 0.01857 0 0.87500 57.60000 0.01531 2.66262 -11
0.07342 -1.32154 0.01857 0 5.92500 57.97500 0.01531 2.69141 -11
0.21799 0.54859 0.01857 0 0.12500 55.60000 0.01531 2.74597 -11
-0.26723 -1.16665 0.01857 0 5.60000 54.50000 0.01531 2.77310 -11
0.17737 0.52604 0.01857 0 0.05000 52.87500 0.01531 2.82297 -11
-0.14537 -1.27470 0.01857 0 5.82500 52.30000 0.01531 2.84850 -11
-0.19644 0.60379 0.01857 0 -0.22500 52.90000 0.01531 2.89779 -11
0.30165 -1.11635 0.01857 0 6.05000 54.20000 0.01531 2.92150 -11
-0.33942 0.44653 0.01857 0 -0.42500 58.47500 0.01531 2.96767 -11
0.30115 -0.81900 0.01857 0 5.65000 60.25000 0.01531 2.99392 -11
-0.03854 0.54043 0.01857 0 -0.60000 61.27500 0.01531 3.03788 -11
0.08111 -1.12704 0.01857 0 6.07500 61.40000 0.01531 3.05980 -11
-0.31511 0.65190 0.01857 0 -0.72500 62.00000 0.01531 3.10145 -11
0.59797 -1.77265 0.01857 0 6.95000 63.45000 0.01531 3.11943 -11
0.69288 -0.07264 0.01857 0 0.75000 49.52500 0.01531 -0.15897 -11
-0.70692 0.09918 0.01857 0 -1.05000 8.25000 0.01531 0.07778 -11
0.69519 -0.06726 0.01857 0 1.75000 -13.10000 0.01531 0.20641 -11
-0.68914 -0.07641 0.01857 0 -1.17500 -50.50000 0.01531 0.42745 -11
0.67639 -0.17435 0.01857 0 5.72500 49.20000 0.01531 -0.15688 -11
-0.70712 -0.10355 0.01857 0 3.40000 9.35000 0.01531 0.07495 -11
0.74200 -0.10469 0.01857 0 6.12500 -13.85000 0.01531 0.20968 -11
-0.72167 -0.24487 0.01857 0 2.32500 -49.25000 0.01531 0.41999 -11
0.67677 -0.04998 0.01857 0 0.20000 49.55000 0.01531 -0.15900 -11
-0.71811 0.30019 0.01857 0 -1.20000 8.85000 0.01531 0.08262 -11
0.75560 -0.20140 0.01857 0 -1.60000 -9.12500 0.01531 0.18940 -11
-0.82818 0.33227 0.01857 0 0.92500 -54.97500 0.01531 0.43261 -11
0.65801 -0.18274 0.01857 0 6.57500 49.07500 0.01531 -0.15616 -11
-0.60346 -0.15908 0.01857 0 3.32500 11.77500 0.01531 0.07604 -11
0.50462 0.22793 0.01857 0 -3.60000 -7.15000 0.01531 0.20950 -11
0.47219 -0.10027 0.01857 0 8.35000 -7.60000 0.01531 0.21295 -11
-0.50949 -0.13143 0.01857 0 3.37500 -36.52500 0.01531 0.43031 -11
0.55923 -0.20801 0.01857 0 6.90000 -53.45000 0.01531 0.55532 -11
0.64642 -0.09505 0.01857 0 2.20000 49.50000 0.01531 -0.15869 -11
-0.67476 0.07313 0.01857 0 -0.50000 10.85000 0.01531 0.07682 -11
0.65448 -0.07330 0.01857 0 1.02500 -10.90000 0.01531 0.20131 -11
-0.62277 0.10851 0.01857 0 -1.37500 -46.77500 0.01531 0.43107 -11
0.66782 -0.04250 0.01857 0 -1.10000 49.55000 0.01531 -0.15894 -11
-0.72833 0.21269 0.01857 0 -2.62500 9.12500 0.01531 0.08174 -11
0.77834 -0.05116 0.01857 0 -1.75000 -11.32500 0.01531 0.20001 -11
-0.91281 0.24585 0.01857 0 -1.15000 -55.72500 0.01531 0.43946 -11
0.72112 -0.15001 0.01857 0 3.50000 49.42500 0.01531 -0.15818 -11
-0.69984 0.00517 0.01857 0 2.05000 7.35000 0.01531 0.07657 -11
0.72222 -0.19721 0.01857 0 4.30000 -13.20000 0.01531 0.20128 -11
-0.69639 -0.09315 0.01857 0 2.00000 -51.65000 0.01531 0.43007 -11
0.18960 -0.26561 0.01857 0 7.12500 -62.70000 0.01531 1.57679 -11
-0.15946 -0.13709 0.01857 0 -0.05000 -58.95000 0.01531 1.65357 -11
0.16923 -0.22626 0.01857 0 8.32500 -52.85000 0.01531 1.76209 -11
0.13884 0.27879 0.01857 0 -3.65000 -52.72500 0.01531 1.76516 -11
-0.11205 -0.19089 0.01857 0 -0.35000 -49.70000 0.01531 1.82959 -11
0.21643 0.28710 0.01857 0 -3.27500 -44.20000 0.01531 1.93999 -11
-0.04715 -0.12465 0.01857 0 -0.62500 -40.50000 0.01531 2.00164 -11
0.02790 -0.32967 0.01857 0 8.17500 -38.62500 0.01531 2.09916 -11
-0.00009 0.24283 0.01857 0 -3.85000 -38.62500 0.01531 2.10199 -11
-0.00583 -0.12395 0.01857 0 -1.17500 -38.92500 0.01531 2.16346 -11
-0.02955 -0.23104 0.01857 0 8.40000 -39.57500 0.01531 2.26203 -11
-0.04040 0.30120 0.01857 0 -3.57500 -39.60000 0.01531 2.26519 -11
0.08498 -0.31467 0.01857 0 -1.72500 -41.42500 0.01531 2.32253 -11
-0.06042 0.41375 0.01857 0 -2.62500 -43.82500 0.01531 2.42412 -11
-0.02446 -0.42964 0.01857 0 -2.35000 -44.17500 0.01531 2.47180 -11
-0.01245 -0.02690 0.01857 0 3.07500 -43.15000 0.01531 2.51627 -11
0.23223 -0.18421 0.01857 0 -1.50000 -44.22500 0.01531 2.55167 -11
-0.59555 0.46418 0.01857 0 4.42500 -50.27500 0.01531 2.60264 -11
0.42757 -0.52154 0.01857 0 -2.97500 -52.65000 0.01531 2.62151 -11
-0.50207 0.15363 0.01857 0 3.82500 -57.12500 0.01531 2.66627 -11
0.28506 -0.42655 0.01857 0 -2.60000 -61.00000 0.01531 2.69546 -11
0.64476 -0.17020 0.01857 0 7.30000 48.92500 0.01531 -0.15542 -11
-0.48207 -0.16349 0.01857 0 4.57500 17.32500 0.01531 0.05568 -11
0.54162 -0.17943 0.01857 0 6.77500 0.40000 0.01531 0.17577 -11
-0.50122 -0.19003 0.01857 0 3.72500 -28.90000 0.01531 0.38129 -11
0.48425 -0.19736 0.01857 0 6.70000 -44.82500 0.01531 0.50539 -11
3.14110 -2.03710 0.01857 0 7.45000 48.82500 0.01531 -0.15494 -11
-1.40924 1.49757 0.01857 0 8.02500 47.82500 0.01531 -0.15064 -11
-0.05925 0.17856 0.01857 0 -3.25000 47.80000 0.01531 -0.14584 -11
0.26891 4.06569 0.01857 0 -3.35000 49.10000 0.01531 -0.12540 -11
1.16437 -8.01970 0.01857 0 -3.25000 49.10000 0.01531 -0.12505 -11
0.78432 0.13101 0.01857 0 -4.07500 49.37500 0.01531 -0.15793 -11
0.93476 -0.34293 0.01857 0 7.95000 48.77500 0.01531 -0.15468 -11
-1.06133 0.48985 0.01857 0 -0.80000 -0.60000 0.01531 0.07739 -11
1.05440 -0.86237 0.01857 0 6.92500 -20.20000 0.01531 0.17608 -11
0.68202 -0.00243 0.01857 0 -2.27500 49.50000 0.01531 -0.15867 -11
-0.70127 -0.18963 0.01857 0 7.72500 10.37500 0.01531 0.07870 -11
-0.70298 0.23538 0.01857 0 -4.27500 9.90000 0.01531 0.08142 -11
0.65008 -0.00447 0.01857 0 -2.25000 -10.30000 0.01531 0.20409 -11
-0.75555 -0.31091 0.01857 0 7.67500 -47.92500 0.01531 0.42815 -11
-0.70331 0.03865 0.01857 0 -4.42500 -48.37500 0.01531 0.43076 -11
0.75574 -0.24611 0.01857 0 6.20000 49.12500 0.01531 -0.15645 -11
-0.78951 -0.07473 0.01857 0 5.02500 7.20000 0.01531 0.08051 -11
0.74635 -0.25262 0.01857 0 5.55000 -14.87500 0.01531 0.20272 -11
-0.75823 -0.09468 0.01857 0 5.07500 -56.85000 0.01531 0.43324 -11
0.68812 -0.23488 0.01857 0 6.32500 49.10000 0.01531 -0.15635 -11
-0.71483 -0.10524 0.01857 0 3.92500 9.85000 0.01531 0.07473 -11
0.68843 -0.21619 0.01857 0 6.35000 -10.87500 0.01531 0.20165 -11
-0.71182 -0.12220 0.01857 0 4.95000 -49.70000 0.01531 0.42668 -11
0.67020 -0.14215 0.01857 0 3.15000 49.45000 0.01531 -0.15836 -11
-0.65511 0.05224 0.01857 0 0.82500 11.20000 0.01531 0.07666 -11
0.60960 -0.04184 0.01857 0 1.30000 -7.52500 0.01531 0.19347 -11
-0.66154 -0.00496 0.01857 0 0.82500 -39.57500 0.01531 0.39245 -11
0.64083 -0.10619 0.01857 0 1.32500 -56.72500 0.01531 0.50650 -11
0.67487 -0.15933 0.01857 0 2.47500 49.50000 0.01531 -0.15862 -11
-0.67153 -0.02892 0.01857 0 -0.22500 10.22500 0.01531 0.07140 -11
0.72079 0.05217 0.01857 0 2.60000 -13.45000 0.01531 0.20670 -11
-0.85123 -0.14284 0.01857 0 -1.35000 -49.42500 0.01531 0.41610 -11
0.70837 -0.18030 0.01857 0 4.40000 49.30000 0.01531 -0.15767 -11
-0.66962 0.00427 0.01857 0 2.05000 10.30000 0.01531 0.07953 -11
0.72184 -0.15343 0.01857 0 3.77500 -11.30000 0.01531 0.20436 -11
-0.72781 -0.00800 0.01857 0 1.72500 -50.20000 0.01531 0.43133 -11
0.71179 -0.19830 0.01857 0 6.60000 49.07500 0.01531 -0.15613 -11
-0.68513 -0.10952 0.01857 0 3.80000 10.52500 0.01531 0.07551 -11
0.66532 -0.14287 0.01857 0 6.57500 -12.27500 0.01531 0.20972 -11
-0.76567 -0.21206 0.01857 0 4.67500 -51.42500 0.01531 0.43243 -11
0.68820 0.72868 0.00882 0 -3.00000 57.42500 0.00746 0.27580 -11
0.70822 0.46731 0.00882 0 8.40000 56.75000 0.00746 0.28044 -11
-0.73416 -1.29826 0.00882 0 7.17500 49.75000 0.00746 0.33962 -11
0.50643 0.55884 0.00882 0 6.92500 35.05000 0.00746 0.44899 -11
-0.82675 -1.91142 0.00882 0 7.67500 29.55000 0.00746 0.49780 -11
0.59006 0.87004 0.00882 0 5.22500 15.72500 0.00746 0.60534 -11
0.54211 0.91946 0.00882 0 5.25000 -1.07500 0.00746 0.75462 -11
-0.52236 -0.92461 0.00882 0 -4.42500 -5.30000 0.00746 0.79375 -11
0.50028 0.74976 0.00882 0 5.45000 -15.87500 0.00746 0.89926 -11
-1.35944 -0.51323 0.00882 0 -2.07500 -22.60000 0.00746 0.93816 -11
1.01803 0.44379 0.00882 0 4.60000 -37.87500 0.00746 1.01474 -11
-0.84633 -0.19971 0.00882 0 -1.32500 -44.82500 0.00746 1.05057 -11
0.53208 0.24489 0.00882 0 6.20000 -52.42500 0.00746 1.10239 -11
-0.37966 -0.25423 0.00882 0 -0.15000 -55.85000 0.00746 1.13439 -11
0.24705 1.05203 0.00882 0 5.45000 -60.55000 0.00746 1.19838 -11
-0.21957 -0.99257 0.00882 0 -0.32500 -61.57500 0.00746 1.22044 -11
0.06111 0.69880 0.00882 0 5.30000 -64.72500 0.00746 1.28076 -11
-0.03420 -0.69766 0.00882 0 -1.05000 -64.85000 0.00746 1.30603 -11
0.78758 -0.35682 0.00882 0 1.32500 -63.10000 0.00746 1.84402 -11
-1.24154 0.28535 0.00882 0 5.70000 -55.75000 0.00746 1.88263 -11
1.48312 -0.07949 0.00882 0 2.07500 -49.60000 0.00746 1.90939 -11
-1.25799 0.16366 0.00882 0 3.80000 -42.17500 0.00746 1.93588 -11
1.19937 -0.05787 0.00882 0 0.52500 -36.47500 0.00746 1.96061 -11
-2.35639 1.09871 0.00882 0 2.87500 -28.95000 0.00746 1.98946 -11
4.46128 -1.55623 0.00882 0 1.52500 -26.20000 0.00746 2.00010 -11
2.81905 -4.95709 0.00882 0 2.95000 -28.92500 0.00746 2.04549 -11
23.10254 23.84242 0.00882 0 4.85000 -16.37500 0.00746 2.09375 -11
0.76858 -1.55838 0.00882 0 5.90000 -16.12500 0.00746 2.09782 -11
0.78199 0.67396 0.00882 0 -0.95000 57.55000 0.00746 0.27512 -11
-0.84092 -0.39070 0.00882 0 -0.25000 45.05000 0.00746 0.33989 -11
0.67773 0.42517 0.00882 0 0.67500 30.10000 0.00746 0.43292 -11
-1.03626 -0.25498 0.00882 0 0.87500 16.62500 0.00746 0.50435 -11
1.54491 0.29771 0.00882 0 -1.95000 -1.40000 0.00746 0.58116 -11
-1.22630 -0.16053 0.00882 0 2.25000 -14.07500 0.00746 0.63752 -11
1.44540 0.06986 0.00882 0 -3.22500 -25.67500 0.00746 0.68770 -11
-3.05742 1.06321 0.00882 0 4.12500 -48.65000 0.00746 0.77648 -11
0.53866 -0.90604 0.00882 0 4.82500 -49.82500 0.00746 0.78117 -11
-0.20026 0.49001 0.00882 0 -1.72500 -53.97500 0.00746 0.84137 -11
0.28436 -0.62881 0.00882 0 5.30000 -55.72500 0.00746 0.87173 -11
0.12779 0.68100 0.00882 0 -0.90000 -59.15000 0.00746 0.92737 -11
0.12405 -0.36608 0.00882 0 6.30000 -60.25000 0.00746 0.95928 -11
-0.24524 0.40125 0.00882 0 -0.17500 -63.27500 0.00746 1.00672 -11
0.77565 0.64495 0.00882 0 -2.10000 57.42500 0.00746 0.27554 -11
-1.11282 -1.09935 0.00882 0 8.07500 44.90000 0.00746 0.35094 -11
-0.67426 -0.30506 0.00882 0 -4.40000 44.30000 0.00746 0.35438 -11
0.86762 0.43571 0.00882 0 -3.15000 30.15000 0.00746 0.44507 -11
-1.03667 0.07951 0.00882 0 -2.82500 14.70000 0.00746 0.52481 -11
0.90973 0.16062 0.00882 0 -3.15000 2.02500 0.00746 0.59453 -11
-0.82589 0.14344 0.00882 0 -1.62500 -14.77500 0.00746 0.67758 -11
0.95747 0.32485 0.00882 0 -3.42500 -28.17500 0.00746 0.74394 -11
0.92491 0.14229 0.00882 0 8.35000 -29.05000 0.00746 0.74832 -11
-0.83544 -0.01343 0.00882 0 -1.50000 -42.52500 0.00746 0.81440 -11
0.83176 -0.10461 0.00882 0 -3.47500 -53.22500 0.00746 0.87251 -11
0.60147 0.32013 0.00882 0 4.42500 57.30000 0.00746 0.27654 -11
-0.67580 -0.39979 0.00882 0 3.12500 47.10000 0.00746 0.34674 -11
0.49425 0.06293 0.00882 0 5.47500 35.82500 0.00746 0.43426 -11
-0.54521 -0.41914 0.00882 0 3.70000 25.27500 0.00746 0.51206 -11
0.50121 0.06185 0.00882 0 5.40000 14.75000 0.00746 0.59437 -11
-0.76039 -0.40389 0.00882 0 4.27500 2.07500 0.00746 0.67482 -11
0.53585 0.12100 0.00882 0 4.57500 -10.90000 0.00746 0.75458 -11
-0.83159 0.27741 0.00882 0 -1.22500 -17.90000 0.00746 0.79586 -11
0.55992 -0.28323 0.00882 0 5.17500 -24.42500 0.00746 0.83173 -11
-0.79772 0.40704 0.00882 0 -1.25000 -32.30000 0.00746 0.88225 -11
1.02337 -0.23683 0.00882 0 4.30000 -39.15000 0.00746 0.91590 -11
-0.92185 -0.02023 0.00882 0 -1.80000 -47.90000 0.00746 0.95944 -11
0.52616 0.03423 0.00882 0 4.55000 -53.55000 0.00746 0.99791 -11
-0.46973 0.23092 0.00882 0 -1.45000 -59.05000 0.00746 1.03675 -11
0.46905 -0.81868 0.00882 0 4.65000 -63.45000 0.00746 1.07039 -11
0.64646 0.57381 0.00882 0 2.57500 57.42500 0.00746 0.27569 -11
-0.35829 -0.65537 0.00882 0 2.27500 51.00000 0.00746 0.33215 -11
0.09853 0.71760 0.00882 0 3.20000 44.62500 0.00746 0.43072 -11
-0.52394 -1.76921 0.00882 0 6.42500 42.65000 0.00746 0.46583 -11
0.47926 0.57764 0.00882 0 4.75000 34.07500 0.00746 0.55202 -11
-0.39722 -0.41458 0.00882 0 -3.70000 30.75000 0.00746 0.58906 -11
0.34360 0.77680 0.00882 0 6.30000 23.85000 0.00746 0.66762 -11
-0.28819 -0.82197 0.00882 0 -2.55000 21.65000 0.00746 0.70244 -11
0.26168 0.74208 0.00882 0 5.80000 15.35000 0.00746 0.78899 -11
-0.78286 -2.66840 0.00882 0 8.15000 11.95000 0.00746 0.82820 -11
0.42501 0.67169 0.00882 0 3.55000 3.15000 0.00746 0.90501 -11
-0.40393 -0.66626 0.00882 0 -4.42500 -0.10000 0.00746 0.93835 -11
0.23755 0.44700 0.00882 0 3.52500 -7.62500 0.00746 1.01140 -11
-0.53288 -1.16742 0.00882 0 6.72500 -10.60000 0.00746 1.04977 -11
0.72806 0.45484 0.00882 0 1.67500 -21.37500 0.00746 1.11384 -11
-0.15735 -1.46195 0.00882 0 7.55000 -24.72500 0.00746 1.14273 -11
-0.01354 0.30698 0.00882 0 0.87500 -24.80000 0.00746 1.18959 -11
0.05078 -1.32394 0.00882 0 7.30000 -24.72500 0.00746 1.21372 -11
-0.22507 0.31648 0.00882 0 0.82500 -22.80000 0.00746 1.25222 -11
0.17564 -1.21677 0.00882 0 7.75000 -21.70000 0.00746 1.27483 -11
-0.64342 0.16828 0.00882 0 0.70000 -18.15000 0.00746 1.31045 -11
0.69801 -0.26397 0.00882 0 -3.95000 -13.92500 0.00746 1.33704 -11
-0.57341 0.50106 0.00882 0 0.27500 -9.05000 0.00746 1.37652 -11
0.77170 -0.49299 0.00882 0 -3.97500 -5.87500 0.00746 1.39783 -11
-0.98968 1.33996 0.00882 0 -0.92500 1.05000 0.00746 1.43922 -11
1.46783 -1.51385 0.00882 0 -3.25000 2.70000 0.00746 1.44938 -11
1.50912 1.16498 0.00882 0 3.17500 44.52500 0.00746 0.43086 -11
-0.55577 -0.47708 0.00882 0 4.30000 42.65000 0.00746 0.44599 -11
0.64074 0.33749 0.00882 0 6.12500 57.05000 0.00746 0.27796 -11
-0.99131 -0.73856 0.00882 0 5.75000 45.00000 0.00746 0.34627 -11
0.66839 0.22141 0.00882 0 5.77500 27.17500 0.00746 0.44327 -11
-0.53406 -0.77764 0.00882 0 5.17500 17.55000 0.00746 0.50892 -11
0.40390 0.25332 0.00882 0 6.67500 7.37500 0.00746 0.59946 -11
-0.44544 -0.80629 0.00882 0 5.62500 1.20000 0.00746 0.66187 -11
0.22994 0.51500 0.00882 0 6.50000 -5.60000 0.00746 0.75986 -11
-0.78429 -1.72740 0.00882 0 7.72500 -9.30000 0.00746 0.80524 -11
0.54927 0.72291 0.00882 0 6.05000 -19.42500 0.00746 0.90628 -11
-0.26134 -0.31033 0.00882 0 -3.02500 -25.15000 0.00746 0.94898 -11
0.34774 0.60876 0.00882 0 -2.67500 -30.52500 0.00746 1.02479 -11
-0.43340 -0.45961 0.00882 0 -2.12500 -35.67500 0.00746 1.07782 -11
0.74125 1.13377 0.00882 0 -3.20000 -42.55000 0.00746 1.15366 -11
1.57027 1.67882 0.00882 0 7.47500 -43.40000 0.00746 1.15966 -11
-2.32833 -2.08841 0.00882 0 4.30000 -46.37500 0.00746 1.17458 -11
0.72957 0.50358 0.00882 0 -2.05000 57.45000 0.00746 0.27546 -11
-1.81136 0.03217 0.00882 0 0.77500 36.77500 0.00746 0.36125 -11
1.72926 0.22208 0.00882 0 -2.40000 18.62500 0.00746 0.43531 -11
-0.66406 -0.36184 0.00882 0 -1.75000 5.22500 0.00746 0.50531 -11
0.76962 0.45005 0.00882 0 -1.27500 -7.30000 0.00746 0.58679 -11
-0.77484 -0.19147 0.00882 0 -1.32500 -18.75000 0.00746 0.65628 -11
0.87545 0.18527 0.00882 0 -2.32500 -31.72500 0.00746 0.72753 -11
-1.21135 0.07043 0.00882 0 -0.62500 -47.05000 0.00746 0.80507 -11
1.72995 -0.35743 0.00882 0 6.20000 -61.95000 0.00746 0.86443 -11
0.74833 0.49908 0.00882 0 -0.02500 57.55000 0.00746 0.27510 -11
-0.81576 -0.48263 0.00882 0 -1.92500 45.67500 0.00746 0.34892 -11
0.89606 0.44352 0.00882 0 -1.45000 28.75000 0.00746 0.44389 -11
-0.89038 -0.20030 0.00882 0 -0.62500 13.15000 0.00746 0.51900 -11
0.95021 0.05041 0.00882 0 -1.35000 -0.95000 0.00746 0.58984 -11
-1.07263 0.52067 0.00882 0 0.40000 -21.30000 0.00746 0.69153 -11
0.97239 -0.34821 0.00882 0 -3.12500 -30.42500 0.00746 0.73597 -11
-0.98814 0.39495 0.00882 0 0.77500 -50.17500 0.00746 0.82722 -11
0.83684 -0.27057 0.00882 0 -2.02500 -59.27500 0.00746 0.87469 -11
0.68676 0.35342 0.00882 0 -1.10000 57.52500 0.00746 0.27519 -11
-0.66502 -0.24537 0.00882 0 -2.37500 45.37500 0.00746 0.35088 -11
1.17923 0.49878 0.00882 0 -3.27500 26.25000 0.00746 0.44092 -11
0.98440 0.31036 0.00882 0 8.30000 25.10000 0.00746 0.44612 -11
-1.10595 -0.49702 0.00882 0 -2.10000 10.72500 0.00746 0.51184 -11
1.18692 0.54709 0.00882 0 6.30000 -11.10000 0.00746 0.61229 -11
-1.37651 -0.36858 0.00882 0 -2.15000 -22.57500 0.00746 0.66403 -11
1.31610 0.09635 0.00882 0 5.22500 -40.87500 0.00746 0.73980 -11
-1.50230 -0.35470 0.00882 0 -1.97500 -53.97500 0.00746 0.79475 -11
0.78925 0.43305 0.00882 0 4.92500 57.25000 0.00746 0.27691 -11
-1.02416 -0.25167 0.00882 0 -2.97500 47.42500 0.00746 0.32543 -11
0.59386 0.44721 0.00882 0 5.15000 36.30000 0.00746 0.38778 -11
-0.62209 -0.67039 0.00882 0 -4.10000 30.22500 0.00746 0.43029 -11
0.49139 0.77828 0.00882 0 2.55000 20.57500 0.00746 0.49973 -11
-0.56584 -0.77317 0.00882 0 -4.25000 17.22500 0.00746 0.52839 -11
0.74377 0.63941 0.00882 0 1.92500 7.17500 0.00746 0.59708 -11
-0.99729 -1.97131 0.00882 0 8.25000 3.00000 0.00746 0.62395 -11
-0.18486 -0.38684 0.00882 0 -4.40000 2.80000 0.00746 0.62718 -11
0.30873 0.07915 0.00882 0 3.52500 -1.97500 0.00746 0.67970 -11
-0.23869 -0.57187 0.00882 0 3.02500 -6.75000 0.00746 0.73739 -11
0.22477 0.48283 0.00882 0 -1.45000 -10.62500 0.00746 0.79121 -11
-0.19687 -0.55832 0.00882 0 4.80000 -11.75000 0.00746 0.81838 -11
0.50443 0.86649 0.00882 0 -2.15000 -14.32500 0.00746 0.86164 -11
0.95768 1.36876 0.00882 0 8.37500 -15.12500 0.00746 0.86876 -11
-1.21445 -1.59706 0.00882 0 5.27500 -16.92500 0.00746 0.88158 -11
0.46572 1.73969 0.00882 0 5.10000 -16.97500 0.00746 0.88218 -11
-0.12828 -3.18415 0.00882 0 6.15000 -18.77500 0.00746 0.89862 -11
0.43881 -0.78036 0.00882 0 6.60000 -9.02500 0.00746 0.98073 -11
4.46296 -1.84793 0.00882 0 6.15000 -9.92500 0.00746 1.00459 -11
0.70318 0.50274 0.00882 0 -3.00000 57.40000 0.00746 0.27583 -11
-0.71192 -0.63836 0.00882 0 6.75000 45.30000 0.00746 0.35578 -11
0.84683 0.36685 0.00882 0 -3.95000 30.72500 0.00746 0.44457 -11
0.86982 -0.08065 0.00882 0 7.97500 30.07500 0.00746 0.44798 -11
-1.14268 0.13966 0.00882 0 -2.12500 8.82500 0.00746 0.54212 -11
0.78650 0.03422 0.00882 0 -3.75000 -5.27500 0.00746 0.60904 -11
0.70894 -0.16602 0.00882 0 8.30000 -5.95000 0.00746 0.61276 -11
-0.82040 0.30761 0.00882 0 -3.02500 -20.55000 0.00746 0.69848 -11
0.70267 -0.41437 0.00882 0 7.67500 -29.12500 0.00746 0.75229 -11
-0.54830 0.54302 0.00882 0 -2.55000 -43.55000 0.00746 0.84604 -11
0.45556 -0.13132 0.00882 0 -4.47500 -49.90000 0.00746 0.89130 -11
0.34288 -0.31292 0.00882 0 7.70000 -50.15000 0.00746 0.89365 -11
-0.36120 0.46323 0.00882 0 -3.05000 -59.70000 0.00746 0.97459 -11
0.74992 0.55677 0.00882 0 -3.20000 57.40000 0.00746 0.27590 -11
0.59972 0.27577 0.00882 0 8.40000 56.70000 0.00746 0.28022 -11
-0.72810 -0.90362 0.00882 0 7.57500 46.32500 0.00746 0.34742 -11
0.43815 0.61325 0.00882 0 -2.77500 35.57500 0.00746 0.44724 -11
-0.43130 -0.96435 0.00882 0 7.20000 28.22500 0.00746 0.51540 -11
0.49852 0.54345 0.00882 0 -3.17500 18.37500 0.00746 0.60552 -11
0.48995 0.18225 0.00882 0 8.42500 17.85000 0.00746 0.60955 -11
-0.73861 -0.58788 0.00882 0 7.80000 7.15000 0.00746 0.68132 -11
-0.56629 -0.04213 0.00882 0 -4.37500 6.75000 0.00746 0.68401 -11
0.39825 0.37641 0.00882 0 -3.50000 -3.20000 0.00746 0.75907 -11
0.46762 0.02064 0.00882 0 8.25000 -3.55000 0.00746 0.76250 -11
-0.65061 -0.00000 0.00882 0 -3.37500 -13.05000 0.00746 0.83111 -11
0.78027 0.03208 0.00882 0 6.75000 -26.27500 0.00746 0.90220 -11
-0.72363 0.06983 0.00882 0 -3.65000 -36.77500 0.00746 0.96706 -11
0.70655 -0.31495 0.00882 0 5.70000 -46.77500 0.00746 1.02111 -11
-0.57923 -0.22530 0.00882 0 7.60000 -57.80000 0.00746 1.09437 -11
-0.75294 0.17460 0.00882 0 -4.42500 -58.22500 0.00746 1.09688 -11
0.73702 0.38066 0.00882 0 1.87500 57.42500 0.00746 0.27547 -11
-0.77606 -0.56400 0.00882 0 -0.10000 44.52500 0.00746 0.35249 -11
1.05555 0.71511 0.00882 0 0.05000 26.30000 0.00746 0.45273 -11
-1.12666 -0.73328 0.00882 0 3.07500 16.72500 0.00746 0.50246 -11
1.20977 0.38067 0.00882 0 0.70000 -1.70000 0.00746 0.58979 -11
-1.18426 -0.64690 0.00882 0 2.30000 -15.30000 0.00746 0.65399 -11
0.98582 0.35178 0.00882 0 -0.92500 -32.75000 0.00746 0.73577 -11
-0.93687 -0.47719 0.00882 0 3.97500 -41.15000 0.00746 0.77951 -11
1.00814 0.48849 0.00882 0 -1.45000 -53.75000 0.00746 0.83743 -11
-1.06174 -0.71459 0.00882 0 3.67500 -61.22500 0.00746 0.87603 -11
0.70706 0.54000 0.00882 0 -0.92500 57.47500 0.00746 0.27527 -11
-0.72930 -0.53758 0.00882 0 -2.32500 45.22500 0.00746 0.34789 -11
0.99814 1.01045 0.00882 0 -2.55000 26.35000 0.00746 0.45456 -11
0.96672 1.12836 0.00882 0 8.37500 25.22500 0.00746 0.46100 -11
-0.86446 -0.94440 0.00882 0 -0.57500 18.97500 0.00746 0.49998 -11
0.70884 0.98050 0.00882 0 -0.95000 3.25000 0.00746 0.60673 -11
-0.73717 -0.91435 0.00882 0 -0.37500 -3.72500 0.00746 0.65696 -11
0.55899 1.09144 0.00882 0 -1.02500 -17.35000 0.00746 0.76422 -11
-0.48601 -0.97823 0.00882 0 -0.47500 -22.07500 0.00746 0.81096 -11
0.45148 0.90198 0.00882 0 0.27500 -30.32500 0.00746 0.90858 -11
-0.39094 -0.98312 0.00882 0 0.80000 -34.50000 0.00746 0.95595 -11
0.34556 0.89210 0.00882 0 0.47500 -39.40000 0.00746 1.05198 -11
-0.17302 -1.24087 0.00882 0 3.47500 -41.37500 0.00746 1.08808 -11
0.29848 0.60560 0.00882 0 2.45000 -48.12500 0.00746 1.17201 -11
-0.48392 -1.17570 0.00882 0 4.20000 -51.15000 0.00746 1.21491 -11
0.38845 0.59649 0.00882 0 1.77500 -60.57500 0.00746 1.29777 -11
0.76560 0.36748 0.00882 0 -2.82500 57.45000 0.00746 0.27570 -11
-1.11609 0.11167 0.00882 0 -2.95000 39.00000 0.00746 0.36858 -11
-1.10481 0.12579 0.00882 0 -2.92500 38.97500 0.00746 0.36873 -11
1.17907 0.01005 0.00882 0 -4.42500 23.85000 0.00746 0.43788 -11
1.54258 -0.28294 0.00882 0 7.67500 23.07500 0.00746 0.44117 -11
-1.20839 0.30314 0.00882 0 0.15000 1.15000 0.00746 0.53001 -11
1.19803 -0.02385 0.00882 0 -3.60000 -10.62500 0.00746 0.58210 -11
-0.90226 0.22384 0.00882 0 -1.05000 -27.70000 0.00746 0.66565 -11
0.79513 -0.16392 0.00882 0 -3.57500 -36.95000 0.00746 0.71607 -11
0.33390 0.31856 0.00882 0 -3.35000 -30.17500 0.00746 1.01214 -11
-0.23198 -0.36935 0.00882 0 7.02500 -25.75000 0.00746 1.06043 -11
0.13084 0.40730 0.00882 0 -3.30000 -22.57500 0.00746 1.12904 -11
-0.18016 -0.33781 0.00882 0 6.97500 -20.37500 0.00746 1.17495 -11
0.17189 0.27213 0.00882 0 -3.10000 -17.45000 0.00746 1.24091 -11
-0.70451 -0.30674 0.00882 0 5.42500 -10.65000 0.00746 1.28545 -11
0.85143 0.32128 0.00882 0 -1.70000 0.80000 0.00746 1.34673 -11
-0.53543 -0.67854 0.00882 0 5.75000 6.50000 0.00746 1.38368 -11
0.15280 0.90851 0.00882 0 -1.37500 11.87500 0.00746 1.45378 -11
-0.19449 -0.83166 0.00882 0 5.52500 11.47500 0.00746 1.48028 -11
0.76784 1.65837 0.00882 0 0.50000 17.47500 0.00746 1.55486 -11
-0.29965 -0.79448 0.00882 0 6.60000 19.35000 0.00746 1.57854 -11
0.57421 1.27142 0.00882 0 1.00000 25.47500 0.00746 1.64158 -11
-2.76937 -5.75829 0.00882 0 4.82500 26.87500 0.00746 1.65606 -11
0.22715 0.03748 0.00882 0 7.45000 13.72500 0.00746 2.34616 -11
0.37010 1.31843 0.00882 0 7.60000 16.25000 0.00746 2.37691 -11
-1.98030 -0.45456 0.00882 0 8.25000 13.70000 0.00746 2.39243 -11
-2.20134 -2.18100 0.00882 0 4.90000 39.97500 0.00746 1.87838 -11
-0.04661 -0.66454 0.00882 0 7.67500 23.10000 0.00746 0.44120 -11
0.17118 -0.41464 0.00882 0 -2.97500 23.32500 0.00746 0.45099 -11
-0.27264 0.17461 0.00882 0 -4.50000 23.82500 0.00746 0.46135 -11
0.56440 0.28735 0.00882 0 0.87500 57.55000 0.00746 0.27511 -11
-0.79146 -0.11134 0.00882 0 -0.75000 43.10000 0.00746 0.36047 -11
0.72568 0.06305 0.00882 0 0.65000 29.82500 0.00746 0.43907 -11
-0.49112 -0.40233 0.00882 0 -1.05000 16.72500 0.00746 0.52141 -11
0.38025 0.23583 0.00882 0 1.30000 6.70000 0.00746 0.61510 -11
-0.47284 -0.09387 0.00882 0 -0.35000 -4.15000 0.00746 0.69543 -11
0.31262 0.14384 0.00882 0 1.70000 -11.62500 0.00746 0.76643 -11
-0.25568 -0.18325 0.00882 0 0.12500 -20.42500 0.00746 0.84320 -11
0.20174 0.02292 0.00882 0 2.02500 -26.70000 0.00746 0.91511 -11
-0.82477 0.07785 0.00882 0 0.35000 -31.52500 0.00746 0.99597 -11
0.72181 0.04819 0.00882 0 -0.42500 -43.82500 0.00746 1.06440 -11
-0.46434 0.11362 0.00882 0 0.40000 -57.32500 0.00746 1.14630 -11
0.45737 -0.00282 0.00882 0 0.40000 -64.60000 0.00746 1.20537 -11
0.71134 0.48054 0.00882 0 1.15000 57.50000 0.00746 0.27523 -11
-0.70930 -0.69560 0.00882 0 -0.85000 45.95000 0.00746 0.34739 -11
0.76475 0.62084 0.00882 0 -1.27500 27.50000 0.00746 0.45473 -11
-0.84267 -0.21641 0.00882 0 -0.97500 15.67500 0.00746 0.52092 -11
0.96677 0.31685 0.00882 0 -1.45000 0.55000 0.00746 0.60131 -11
-0.96935 -0.21102 0.00882 0 0.37500 -14.87500 0.00746 0.67449 -11
0.70023 0.13252 0.00882 0 -0.52500 -27.55000 0.00746 0.74404 -11
-0.59818 -0.18792 0.00882 0 -0.07500 -39.45000 0.00746 0.81774 -11
0.47448 0.22475 0.00882 0 -0.07500 -48.77500 0.00746 0.88633 -11
-0.56047 -0.22595 0.00882 0 1.30000 -59.15000 0.00746 0.95096 -11
0.60908 0.50040 0.00882 0 2.10000 57.47500 0.00746 0.27544 -11
-0.50250 -0.43218 0.00882 0 0.27500 47.77500 0.00746 0.34557 -11
0.55925 0.44789 0.00882 0 2.70000 36.82500 0.00746 0.44092 -11
