-0.30135 -0.05015 0.01195 0 4.42500 21.42500 0.01187 2.71951 -11
0.64985 0.44026 0.01195 0 1.77500 24.60000 0.01187 2.74337 -11
-0.41175 -0.29724 0.01195 0 5.32500 26.70000 0.01187 2.76003 -11
1.02345 0.57206 0.01195 0 1.47500 32.37500 0.01187 2.79325 -11
-1.88733 0.69176 0.01195 0 2.50000 50.00000 0.01187 2.85838 -11
1.69649 -0.71283 0.01195 0 1.15000 52.25000 0.01187 2.86805 -11
-1.48883 -0.43436 0.00818 0 -3.70000 49.45000 0.00551 0.00832 11
1.71263 0.63740 0.00818 0 3.35000 40.60000 0.00551 0.04290 11
-2.24561 -0.43004 0.00818 0 -3.47500 12.40000 0.00551 0.15262 11
2.38552 -0.01100 0.00818 0 3.55000 -3.10000 0.00551 0.20876 11
-1.64566 -0.01131 0.00818 0 -1.92500 -23.17500 0.00551 0.28516 11
1.91136 0.22538 0.00818 0 4.75000 -33.22500 0.00551 0.32536 11
-1.60975 -0.86225 0.00818 0 -2.60000 -52.65000 0.00551 0.40339 11
1.19549 0.43692 0.00818 0 5.65000 -58.80000 0.00551 0.42816 11
-1.14625 -0.66268 0.00818 0 1.92500 53.00000 0.00551 0.00347 11
0.94370 0.27123 0.00818 0 5.10000 42.90000 0.00551 0.05206 11
-1.04660 -0.99726 0.00818 0 1.75000 24.37500 0.00551 0.15672 11
1.00891 0.03885 0.00818 0 6.45000 18.57500 0.00551 0.18991 11
-0.70705 -0.43820 0.00818 0 3.55000 2.52500 0.00551 0.27425 11
0.59539 -0.02065 0.00818 0 5.80000 -5.47500 0.00551 0.32322 11
-0.79937 -0.78494 0.00818 0 1.17500 -17.17500 0.00551 0.39991 11
0.71430 0.29576 0.00818 0 6.67500 -22.40000 0.00551 0.43088 11
-1.24988 -1.00529 0.00818 0 0.45000 -35.20000 0.00551 0.50762 11
0.68003 0.14787 0.00818 0 6.92500 -39.97500 0.00551 0.53428 11
-0.71906 -0.98718 0.00818 0 -0.15000 -52.75000 0.00551 0.60442 11
0.55628 0.03973 0.00818 0 6.17500 -57.27500 0.00551 0.63118 11
-0.67526 -0.80066 0.00818 0 0.62500 -64.72500 0.00551 0.68960 11
-0.86522 0.17890 0.00818 0 2.95000 58.42500 0.00551 -0.01379 11
0.71433 -0.48782 0.00818 0 2.87500 44.67500 0.00551 0.07233 11
-1.17119 -0.00259 0.00818 0 2.15000 31.35000 0.00551 0.14424 11
1.23191 -0.24579 0.00818 0 5.67500 15.55000 0.00551 0.21153 11
-0.92785 -0.46657 0.00818 0 3.45000 -0.50000 0.00551 0.29027 11
0.77891 0.19706 0.00818 0 6.77500 -8.70000 0.00551 0.33484 11
-1.05985 -0.68261 0.00818 0 3.17500 -25.05000 0.00551 0.42448 11
0.41372 0.34513 0.00818 0 -4.17500 -34.02500 0.00551 0.46645 11
0.53937 -0.24948 0.00818 0 7.80000 -34.30000 0.00551 0.46902 11
-0.50124 -0.31173 0.00818 0 5.85000 -43.60000 0.00551 0.53791 11
0.48765 0.13224 0.00818 0 -4.40000 -50.95000 0.00551 0.59230 11
0.58078 -0.43166 0.00818 0 7.67500 -51.27500 0.00551 0.59471 11
-0.69085 -0.10898 0.00818 0 5.42500 -60.45000 0.00551 0.65804 11
-1.10778 -0.52445 0.00818 0 4.45000 55.55000 0.00551 -0.00389 11
1.98618 0.66211 0.00818 0 -4.42500 45.27500 0.00551 0.04562 11
1.81825 0.04388 0.00818 0 7.37500 44.25000 0.00551 0.04961 11
-2.26845 -0.61149 0.00818 0 1.05000 18.92500 0.00551 0.14625 11
2.60006 0.19695 0.00818 0 -3.05000 4.60000 0.00551 0.19724 11
-1.98071 0.22660 0.00818 0 -0.35000 -8.32500 0.00551 0.24446 11
2.30597 -1.00012 0.00818 0 -4.50000 -29.47500 0.00551 0.32698 11
-2.11224 0.91604 0.00818 0 -0.55000 -36.42500 0.00551 0.35473 11
1.87040 -1.34919 0.00818 0 6.05000 -53.57500 0.00551 0.42570 11
-1.22568 0.55051 0.00818 0 0.15000 -61.75000 0.00551 0.46276 11
-1.21239 -0.58571 0.00818 0 6.00000 55.97500 0.00551 -0.00339 11
1.47737 0.96984 0.00818 0 -2.50000 46.30000 0.00551 0.04303 11
-2.29350 -1.52638 0.00818 0 3.12500 19.77500 0.00551 0.15936 11
3.72095 2.28940 0.00818 0 2.52500 18.77500 0.00551 0.16352 11
-0.66062 -0.44771 0.00818 0 7.47500 62.25000 0.00551 -0.01014 11
0.92288 0.42412 0.00818 0 -2.82500 54.82500 0.00551 0.03907 11
-0.94205 -0.21914 0.00818 0 6.90000 38.32500 0.00551 0.12413 11
0.91766 0.25642 0.00818 0 -2.62500 27.10000 0.00551 0.18162 11
-0.98763 -0.46345 0.00818 0 6.32500 10.05000 0.00551 0.26965 11
0.96486 0.42599 0.00818 0 -2.47500 0.97500 0.00551 0.31772 11
-0.69388 -0.62550 0.00818 0 5.62500 -13.27500 0.00551 0.39265 11
0.48428 0.55739 0.00818 0 -2.67500 -17.95000 0.00551 0.42954 11
-0.48859 -0.48352 0.00818 0 5.82500 -26.82500 0.00551 0.50221 11
0.45411 0.58172 0.00818 0 -2.77500 -30.72500 0.00551 0.54025 11
-0.79355 -1.46548 0.00818 0 3.32500 -40.75000 0.00551 0.62197 11
0.20241 0.96857 0.00818 0 -1.65000 -42.80000 0.00551 0.64105 11
0.01838 -1.23926 0.00818 0 4.00000 -43.62500 0.00551 0.70931 11
0.11463 0.90558 0.00818 0 -1.65000 -43.80000 0.00551 0.73033 11
-0.20744 -0.53539 0.00818 0 4.35000 -46.62500 0.00551 0.79119 11
-0.38236 0.82401 0.00818 0 -0.40000 -46.30000 0.00551 0.81120 11
2.25775 -0.10005 0.00165 0 2.85000 -50.47500 0.00114 0.80691 11
-1.65003 -0.36682 0.00165 0 4.05000 -54.27500 0.00114 0.82189 11
0.53889 -0.51196 0.00165 0 1.95000 -56.37500 0.00114 0.83665 11
-0.37887 0.78685 0.00165 0 3.60000 -57.07500 0.00114 0.84401 11
-1.79962 -0.80644 0.00165 0 2.07500 -55.20000 0.00114 0.85899 11
1.51062 0.94198 0.00165 0 2.85000 -54.12500 0.00114 0.86433 11
-0.46677 -0.11398 0.00165 0 1.62500 -54.10000 0.00114 0.87497 11
0.26807 0.02709 0.00165 0 2.72500 -53.55000 0.00114 0.88248 11
-0.57328 -0.34792 0.00818 0 -1.37500 63.52500 0.00551 -0.00569 11
0.79088 0.37887 0.00818 0 -0.30000 56.10000 0.00551 0.04436 11
-0.87169 -0.74536 0.00818 0 -3.57500 37.65000 0.00551 0.14682 11
1.16919 1.29616 0.00818 0 2.27500 33.25000 0.00551 0.17283 11
-1.66401 -2.17216 0.00818 0 7.50000 12.60000 0.00551 0.29008 11
-0.56716 1.21081 0.00818 0 -4.37500 9.35000 0.00551 0.33473 11
-0.32376 0.05730 0.00818 0 7.27500 9.57500 0.00551 0.33706 11
-0.92738 -0.50678 0.00818 0 0.10000 12.20000 0.00551 0.38068 11
2.70021 -0.03152 0.00818 0 -0.97500 8.95000 0.00551 0.39296 11
-2.15655 0.85548 0.00818 0 0.32500 5.37500 0.00551 0.40636 11
11.60358 -6.49853 0.00818 0 -1.87500 -0.57500 0.00551 0.43702 11
1.03396 -1.37072 0.00818 0 -1.90000 -8.85000 0.00551 0.47194 11
-1.83106 1.33046 0.00818 0 -0.82500 -10.27500 0.00551 0.47856 11
0.19186 -5.55669 0.00818 0 -1.02500 -10.70000 0.00551 0.48086 11
2.84187 0.97982 0.00818 0 -0.80000 -11.07500 0.00551 0.48519 11
-1.14097 -0.38927 0.00818 0 -1.50000 53.35000 0.00551 0.00219 11
0.66728 0.22547 0.00818 0 0.72500 44.00000 0.00551 0.05190 11
-0.59364 -0.78541 0.00818 0 -2.20000 26.72500 0.00551 0.15326 11
0.41729 1.00611 0.00818 0 1.45000 22.92500 0.00551 0.18564 11
-0.32534 -0.66609 0.00818 0 -2.20000 14.05000 0.00551 0.29479 11
0.33500 0.79920 0.00818 0 0.82500 12.12500 0.00551 0.32790 11
-0.28958 -0.76601 0.00818 0 -2.72500 5.75000 0.00551 0.43215 11
0.42080 0.93103 0.00818 0 0.80000 4.05000 0.00551 0.46311 11
-0.65308 -1.18341 0.00818 0 7.75000 -5.82500 0.00551 0.54941 11
0.60882 1.58168 0.00818 0 1.77500 -8.12500 0.00551 0.57223 11
-0.46519 -1.14376 0.00818 0 8.22500 -14.27500 0.00551 0.65486 11
0.51738 0.83887 0.00818 0 1.45000 -16.87500 0.00551 0.68162 11
-0.77819 -1.17598 0.00818 0 7.27500 -27.80000 0.00551 0.75842 11
0.15506 0.96362 0.00818 0 1.60000 -30.52500 0.00551 0.78105 11
-0.02787 -0.33170 0.00818 0 -3.85000 -33.82500 0.00551 0.85319 11
0.09593 0.25615 0.00818 0 1.62500 -34.22500 0.00551 0.87913 11
0.40704 0.00440 0.00818 0 -3.67500 -33.35000 0.00551 0.92403 11
-0.35743 0.07546 0.00818 0 2.02500 -29.67500 0.00551 0.95542 11
0.59283 0.14963 0.00818 0 8.22500 -25.35000 0.00551 0.99051 11
-0.20013 0.41754 0.00818 0 -3.52500 -25.42500 0.00551 0.99386 11
0.14575 -0.26741 0.00818 0 2.37500 -25.67500 0.00551 1.02862 11
-0.17617 0.28995 0.00818 0 7.95000 -26.95000 0.00551 1.05374 11
-0.31100 0.49759 0.00818 0 -3.75000 -27.17500 0.00551 1.05679 11
1.04147 -0.56714 0.00818 0 4.22500 -34.62500 0.00551 1.09687 11
-1.11384 0.60741 0.00818 0 7.87500 -38.25000 0.00551 1.11611 11
-1.42899 0.75881 0.00818 0 -2.72500 -40.30000 0.00551 1.12531 11
0.26666 -0.37378 0.00818 0 5.57500 -46.37500 0.00551 1.15992 11
-0.21029 0.29438 0.00818 0 -1.77500 -46.97500 0.00551 1.18157 11
0.95244 -0.72568 0.00818 0 6.25000 -50.87500 0.00551 1.20831 11
-0.95265 0.18434 0.00818 0 -2.35000 -54.90000 0.00551 1.22953 11
0.56622 -0.32863 0.00818 0 6.10000 -59.02500 0.00551 1.25368 11
-0.55223 -0.20844 0.00818 0 -2.22500 -62.67500 0.00551 1.27857 11
-0.46489 0.03694 0.00818 0 0.85000 4.07500 0.00551 0.46304 11
0.96589 -0.34498 0.00818 0 2.55000 6.12500 0.00551 0.47564 11
-1.16817 0.57642 0.00818 0 2.37500 6.40000 0.00551 0.47693 11
1.11578 0.05389 0.00818 0 3.80000 10.92500 0.00551 0.49424 11
-3.39739 -1.86425 0.00818 0 7.12500 -18.92500 0.00551 0.29254 11
4.71512 2.39388 0.00818 0 3.65000 -28.37500 0.00551 0.32679 11
-0.90269 -0.15216 0.00818 0 7.20000 59.57500 0.00551 -0.00682 11
0.80595 0.20260 0.00818 0 -2.67500 44.82500 0.00551 0.06166 11
-0.98979 0.15281 0.00818 0 -2.97500 29.12500 0.00551 0.14934 11
1.13083 -0.02882 0.00818 0 -0.50000 14.70000 0.00551 0.21580 11
-0.62419 -0.07821 0.00818 0 8.35000 0.35000 0.00551 0.28242 11
-0.64218 0.09502 0.00818 0 -3.65000 -0.27500 0.00551 0.28612 11
0.87004 0.18289 0.00818 0 -2.22500 -9.47500 0.00551 0.34287 11
-0.85145 -0.24937 0.00818 0 7.22500 -23.17500 0.00551 0.41619 11
0.72406 0.02723 0.00818 0 -2.92500 -34.12500 0.00551 0.48040 11
-0.61664 -0.86005 0.00818 0 6.70000 -44.17500 0.00551 0.56226 11
0.74467 1.02402 0.00818 0 -0.20000 -47.40000 0.00551 0.58996 11
-0.46642 -1.36169 0.00818 0 6.00000 -57.15000 0.00551 0.67725 11
1.04777 1.36286 0.00818 0 -0.20000 -58.40000 0.00551 0.70004 11
0.73933 0.74784 0.00818 0 1.60000 61.25000 0.00551 0.04745 11
-0.95818 -0.80057 0.00818 0 -3.02500 40.52500 0.00551 0.16531 11
0.88933 0.97357 0.00818 0 2.17500 35.75000 0.00551 0.19398 11
-1.11034 -1.69280 0.00818 0 8.25000 15.00000 0.00551 0.30933 11
1.14726 1.14483 0.00818 0 2.02500 10.00000 0.00551 0.33729 11
-1.94084 -1.15001 0.00818 0 8.50000 -9.87500 0.00551 0.43406 11
2.27188 1.28961 0.00818 0 4.95000 -15.12500 0.00551 0.45578 11
-2.58263 -1.59036 0.00818 0 -3.32500 -37.15000 0.00551 0.55138 11
2.52743 1.24783 0.00818 0 5.90000 -40.92500 0.00551 0.56731 11
-1.75130 -0.58676 0.00818 0 -2.02500 -60.67500 0.00551 0.64728 11
-2.26024 -0.68902 0.00818 0 7.15000 52.97500 0.00551 0.00446 11
2.04489 1.01324 0.00818 0 3.70000 48.55000 0.00551 0.02367 11
-1.44115 -0.31842 0.00818 0 -2.20000 25.32500 0.00551 0.12138 11
1.61736 -0.13066 0.00818 0 3.05000 9.92500 0.00551 0.18218 11
-0.90251 -0.14090 0.00818 0 -2.17500 -6.92500 0.00551 0.25152 11
1.13280 0.01732 0.00818 0 1.10000 -16.80000 0.00551 0.30256 11
-0.54491 -0.17835 0.00818 0 -2.00000 -31.02500 0.00551 0.38495 11
0.41846 0.13768 0.00818 0 0.65000 -36.45000 0.00551 0.42807 11
-0.44244 -0.29083 0.00818 0 -2.12500 -45.05000 0.00551 0.50437 11
0.39655 0.15893 0.00818 0 0.62500 -50.47500 0.00551 0.54776 11
-0.82809 -0.48627 0.00818 0 -2.55000 -58.42500 0.00551 0.61725 11
0.85324 0.52103 0.00818 0 2.30000 -64.17500 0.00551 0.65133 11
-1.23004 -0.58559 0.00818 0 0.02500 51.55000 0.00551 0.00776 11
0.97440 0.24005 0.00818 0 4.47500 42.85000 0.00551 0.04854 11
-0.84805 -0.46772 0.00818 0 1.92500 25.50000 0.00551 0.14140 11
0.68590 0.04867 0.00818 0 3.87500 16.90000 0.00551 0.19184 11
-0.94084 -0.46956 0.00818 0 1.10000 -0.25000 0.00551 0.28178 11
1.15815 0.17573 0.00818 0 5.32500 -11.82500 0.00551 0.33275 11
-3.39918 -1.82564 0.00818 0 -2.35000 -36.25000 0.00551 0.43272 11
1.36857 0.54892 0.00818 0 5.45000 -42.82500 0.00551 0.45911 11
-1.13265 -0.58199 0.00818 0 -1.10000 -62.45000 0.00551 0.54545 11
-0.80700 -0.48529 0.00818 0 -0.00000 61.22500 0.00551 -0.00220 11
0.74510 0.46531 0.00818 0 1.67500 54.25000 0.00551 0.04402 11
-0.86989 -0.58617 0.00818 0 -1.17500 36.52500 0.00551 0.14628 11
0.66197 0.37424 0.00818 0 1.27500 29.15000 0.00551 0.19072 11
-0.65387 -0.75981 0.00818 0 -1.65000 14.55000 0.00551 0.29168 11
0.73167 1.21898 0.00818 0 2.65000 10.65000 0.00551 0.32215 11
-0.74170 -1.05843 0.00818 0 -3.65000 -2.57500 0.00551 0.43574 11
0.05418 0.84785 0.00818 0 2.35000 -5.37500 0.00551 0.45844 11
0.18907 -1.48698 0.00818 0 -3.57500 -3.65000 0.00551 0.56374 11
0.18896 1.43365 0.00818 0 2.92500 -2.77500 0.00551 0.58276 11
0.33686 2.67918 0.00818 0 3.92500 -5.75000 0.00551 0.69651 11
-0.27746 -3.75168 0.00818 0 6.47500 -8.80000 0.00551 0.80017 11
-0.17712 0.81712 0.00818 0 5.05000 -8.82500 0.00551 0.80491 11
-0.09906 -1.64556 0.00818 0 -2.47500 -7.35000 0.00551 0.88912 11
-0.02897 0.92935 0.00818 0 4.85000 -7.00000 0.00551 0.90536 11
-1.42844 1.37791 0.00818 0 6.42500 1.27500 0.00551 0.98284 11
-2.20886 1.71794 0.00818 0 7.27500 16.80000 0.00551 1.05709 11
0.78235 -0.70664 0.00818 0 -4.02500 31.35000 0.00551 1.11764 11
-0.54767 0.51676 0.00818 0 3.97500 34.27500 0.00551 1.13563 11
0.36726 -0.04060 0.00818 0 -2.52500 36.20000 0.00551 1.17780 11
-0.19144 -2.08208 0.00818 0 4.22500 39.67500 0.00551 1.20831 11
0.27581 2.20359 0.00818 0 6.72500 39.90000 0.00551 1.21704 11
0.47055 2.51282 0.00818 0 -3.77500 40.15000 0.00551 1.22256 11
-0.03029 2.10829 0.00818 0 -3.82500 39.92500 0.00551 1.27556 11
-0.07038 -0.65160 0.00818 0 4.05000 39.75000 0.00551 1.30933 11
0.23744 0.56362 0.00818 0 8.17500 40.45000 0.00551 1.32689 11
0.11454 0.48897 0.00818 0 -3.27500 40.65000 0.00551 1.33076 11
0.06712 -0.24144 0.00818 0 4.40000 41.30000 0.00551 1.35671 11
-0.13606 0.42134 0.00818 0 8.02500 41.12500 0.00551 1.37338 11
-0.09647 0.14839 0.00818 0 -3.70000 41.05000 0.00551 1.37650 11
0.02860 -0.11586 0.00818 0 4.80000 41.20000 0.00551 1.39265 11
0.00082 0.09080 0.00818 0 8.30000 41.05000 0.00551 1.41030 11
-0.18783 -0.27065 0.00818 0 -3.87500 40.95000 0.00551 1.41344 11
0.06474 -0.06847 0.00818 0 5.02500 40.45000 0.00551 1.42776 11
-0.29001 -0.02370 0.00818 0 8.05000 39.52500 0.00551 1.44463 11
-2.03112 -0.69851 0.00818 0 7.80000 40.20000 0.00551 1.44826 11
2.27257 1.26300 0.00818 0 8.50000 41.02500 0.00551 1.45219 11
1.17112 -0.57587 0.00818 0 -3.67500 43.00000 0.00551 1.46037 11
-1.01455 0.07782 0.00818 0 -4.05000 43.27500 0.00551 1.46260 11
4.29849 -0.82749 0.00818 0 -3.20000 45.47500 0.00551 1.47206 11
0.27407 -1.46362 0.00818 0 -3.07500 53.27500 0.00551 1.50841 11
0.23961 -0.20848 0.00818 0 -3.70000 52.57500 0.00551 1.52330 11
1.09851 0.30925 0.00818 0 5.02500 -8.80000 0.00551 0.80628 11
-1.13101 -0.44561 0.00818 0 2.45000 58.27500 0.00551 -0.00335 11
0.92934 0.42027 0.00818 0 5.37500 48.77500 0.00551 0.04508 11
-0.68171 -0.69225 0.00818 0 1.87500 31.50000 0.00551 0.14948 11
0.55583 0.34469 0.00818 0 4.15000 25.57500 0.00551 0.19223 11
0.76070 1.26668 0.00818 0 6.25000 9.47500 0.00551 0.32133 11
-0.85144 -0.63262 0.00818 0 6.55000 57.90000 0.00551 0.00564 11
0.91444 0.60987 0.00818 0 -3.17500 49.40000 0.00551 0.05360 11
-0.69487 -0.71982 0.00818 0 6.02500 31.77500 0.00551 0.15617 11
0.55070 0.69621 0.00818 0 -3.80000 25.20000 0.00551 0.20067 11
0.47435 0.01680 0.00818 0 7.90000 24.82500 0.00551 0.20373 11
-0.75602 -0.93846 0.00818 0 5.45000 12.42500 0.00551 0.29649 11
0.30566 0.82945 0.00818 0 -3.25000 8.02500 0.00551 0.33261 11
0.18052 0.10202 0.00818 0 8.35000 7.75000 0.00551 0.33626 11
-0.22473 -0.63914 0.00818 0 6.67500 4.10000 0.00551 0.42325 11
0.27590 0.50196 0.00818 0 -3.50000 0.60000 0.00551 0.46633 11
0.16216 -0.17479 0.00818 0 8.32500 0.37500 0.00551 0.46961 11
-0.26376 -0.40534 0.00818 0 7.15000 -3.97500 0.00551 0.54081 11
0.17287 0.46387 0.00818 0 -2.80000 -6.67500 0.00551 0.58271 11
-0.31672 -0.60397 0.00818 0 6.50000 -12.90000 0.00551 0.66561 11
0.27682 0.56826 0.00818 0 -3.10000 -14.75000 0.00551 0.70513 11
-0.21889 -0.93905 0.00818 0 5.65000 -18.27500 0.00551 0.78496 11
0.62143 1.14357 0.00818 0 -2.15000 -19.77500 0.00551 0.81468 11
-0.72025 -1.05827 0.00818 0 4.02500 -29.12500 0.00551 0.89931 11
0.79896 1.02448 0.00818 0 -1.45000 -32.62500 0.00551 0.92268 11
-0.51832 -0.63353 0.00818 0 5.10000 -40.37500 0.00551 0.99128 11
0.64878 0.77107 0.00818 0 -1.10000 -43.57500 0.00551 1.01761 11
-0.04543 -0.88516 0.00818 0 4.85000 -49.30000 0.00551 1.08283 11
-0.00651 0.71246 0.00818 0 -1.65000 -49.97500 0.00551 1.10860 11
-0.43958 -0.61385 0.00818 0 4.50000 -51.30000 0.00551 1.16566 11
0.38820 0.95850 0.00818 0 -0.87500 -53.52500 0.00551 1.18782 11
-0.00426 -2.05305 0.00818 0 3.00000 -58.15000 0.00551 1.24785 11
0.29852 1.12568 0.00818 0 -0.62500 -58.05000 0.00551 1.26066 11
-0.85269 -2.33898 0.00818 0 2.87500 -62.65000 0.00551 1.31456 11
0.47849 1.60445 0.00818 0 1.80000 -63.00000 0.00551 1.31856 11
-0.69202 -0.25674 0.00818 0 3.85000 59.62500 0.00551 -0.00372 11
0.60869 -0.14868 0.00818 0 3.40000 50.37500 0.00551 0.06007 11
-0.63779 -0.07526 0.00818 0 3.27500 36.97500 0.00551 0.14233 11
0.69924 -0.21881 0.00818 0 4.15000 25.82500 0.00551 0.20642 11
-0.60273 -0.15107 0.00818 0 3.40000 12.90000 0.00551 0.28616 11
0.78885 -0.18999 0.00818 0 4.80000 2.80000 0.00551 0.34559 11
-0.96065 0.03337 0.00818 0 2.02500 -11.47500 0.00551 0.41554 11
0.74564 -0.21760 0.00818 0 4.70000 -23.60000 0.00551 0.47638 11
-0.65084 -0.08557 0.00818 0 2.62500 -33.62500 0.00551 0.54074 11
0.59899 -0.27326 0.00818 0 4.32500 -42.37500 0.00551 0.59948 11
-0.42513 0.20074 0.00818 0 3.07500 -51.35000 0.00551 0.66374 11
0.59395 -0.64204 0.00818 0 5.07500 -60.55000 0.00551 0.72938 11
-0.97463 -0.26981 0.00818 0 -2.92500 55.30000 0.00551 -0.00361 11
1.00695 0.37611 0.00818 0 0.32500 44.17500 0.00551 0.04743 11
-0.77992 -0.26908 0.00818 0 8.00000 28.07500 0.00551 0.12466 11
-0.73570 0.11069 0.00818 0 -4.02500 27.50000 0.00551 0.12789 11
0.43440 -0.18866 0.00818 0 -2.20000 19.95000 0.00551 0.18781 11
-0.48435 0.05927 0.00818 0 7.57500 14.50000 0.00551 0.23857 11
-0.69295 0.48693 0.00818 0 -4.22500 14.10000 0.00551 0.24127 11
0.51531 -0.38679 0.00818 0 -1.30000 5.42500 0.00551 0.30335 11
-0.44571 0.56976 0.00818 0 7.12500 0.80000 0.00551 0.34163 11
-0.65259 1.14378 0.00818 0 -4.42500 0.50000 0.00551 0.34418 11
0.34971 -0.43256 0.00818 0 -0.37500 -6.00000 0.00551 0.40757 11
0.04787 0.28431 0.00818 0 7.82500 -7.35000 0.00551 0.44385 11
0.12321 0.59288 0.00818 0 -3.77500 -7.25000 0.00551 0.44684 11
-0.15932 -0.54940 0.00818 0 0.12500 -4.82500 0.00551 0.50042 11
0.19297 0.55584 0.00818 0 7.35000 -3.50000 0.00551 0.53022 11
0.38773 0.65050 0.00818 0 -4.30000 -3.32500 0.00551 0.53264 11
-0.68425 -0.56571 0.00818 0 0.75000 4.20000 0.00551 0.58395 11
0.74493 0.69564 0.00818 0 6.67500 8.32500 0.00551 0.61149 11
-1.15593 -0.95563 0.00818 0 1.82500 18.92500 0.00551 0.67043 11
0.97851 0.81280 0.00818 0 6.27500 22.87500 0.00551 0.69190 11
-0.77129 -0.90075 0.00818 0 0.82500 30.80000 0.00551 0.74659 11
0.69416 0.96772 0.00818 0 5.42500 33.70000 0.00551 0.76638 11
-0.06279 -0.98816 0.00818 0 0.50000 37.72500 0.00551 0.82263 11
-0.24172 1.21645 0.00818 0 4.60000 37.07500 0.00551 0.83771 11
-0.19376 -0.97661 0.00818 0 -0.02500 38.95000 0.00551 0.89184 11
0.21421 1.11587 0.00818 0 4.57500 39.70000 0.00551 0.90923 11
0.02831 -0.81544 0.00818 0 -0.02500 39.17500 0.00551 0.95922 11
-0.04610 0.91215 0.00818 0 4.65000 39.17500 0.00551 0.97705 11
-0.10616 -1.45871 0.00818 0 0.57500 37.60000 0.00551 1.02659 11
0.10706 1.56217 0.00818 0 3.67500 37.87500 0.00551 1.03771 11
-0.02201 -1.80091 0.00818 0 1.45000 37.37500 0.00551 1.08704 11
0.18758 2.20413 0.00818 0 3.87500 37.47500 0.00551 1.09565 11
0.49224 -1.46124 0.00818 0 0.65000 37.27500 0.00551 1.13545 11
-0.43478 1.11033 0.00818 0 3.50000 36.55000 0.00551 1.14620 11
0.49519 -2.08390 0.00818 0 1.05000 34.50000 0.00551 1.18535 11
-0.12133 3.07521 0.00818 0 2.75000 34.17500 0.00551 1.19149 11
0.21352 -1.59370 0.00818 0 0.95000 34.50000 0.00551 1.22778 11
-0.19219 1.72562 0.00818 0 3.05000 34.07500 0.00551 1.23557 11
2.66190 0.95447 0.00818 0 2.35000 34.75000 0.00551 1.31080 11
-1.20272 -0.75737 0.00818 0 4.00000 30.00000 0.00551 1.33350 11
0.75584 0.25831 0.00818 0 2.22500 28.70000 0.00551 1.34217 11
-0.64341 -0.13296 0.00818 0 4.40000 27.05000 0.00551 1.35608 11
-0.22549 -0.18592 0.00818 0 2.25000 26.12500 0.00551 1.36795 11
0.03848 0.24632 0.00818 0 4.27500 26.80000 0.00551 1.37854 11
-0.06647 0.54901 0.00818 0 3.12500 42.55000 0.00551 1.58606 11
0.58404 0.18691 0.00818 0 3.65000 44.07500 0.00551 1.59600 11
-0.87706 -0.42417 0.00818 0 7.40000 60.82500 0.00551 -0.01250 11
0.75829 0.17265 0.00818 0 -2.77500 50.12500 0.00551 0.04551 11
-0.89113 -0.14618 0.00818 0 7.07500 36.35000 0.00551 0.11825 11
0.95737 0.06592 0.00818 0 -1.50000 23.22500 0.00551 0.18003 11
-0.46100 -0.15120 0.00818 0 7.82500 10.80000 0.00551 0.24838 11
-0.55638 0.34383 0.00818 0 -4.02500 10.40000 0.00551 0.25123 11
0.53848 -0.13003 0.00818 0 -2.27500 2.47500 0.00551 0.30961 11
-0.30288 0.25039 0.00818 0 7.45000 -2.25000 0.00551 0.35768 11
-0.34998 0.67723 0.00818 0 -4.22500 -2.47500 0.00551 0.36013 11
0.14512 -0.64205 0.00818 0 -1.45000 -3.02500 0.00551 0.43307 11
-0.16494 0.73328 0.00818 0 6.95000 -4.57500 0.00551 0.46665 11
0.07270 -0.54316 0.00818 0 -1.02500 -5.05000 0.00551 0.54299 11
-0.12331 0.39443 0.00818 0 6.92500 -5.77500 0.00551 0.57698 11
0.08637 -0.32290 0.00818 0 -1.50000 -7.17500 0.00551 0.63809 11
-0.11592 0.19879 0.00818 0 6.87500 -8.67500 0.00551 0.67690 11
0.18981 0.03087 0.00818 0 -1.37500 -11.97500 0.00551 0.72293 11
-0.65822 -0.09482 0.00818 0 6.25000 -16.70000 0.00551 0.76672 11
0.63648 0.44059 0.00818 0 -0.67500 -22.07500 0.00551 0.80364 11
-0.55302 -0.37857 0.00818 0 5.92500 -29.02500 0.00551 0.85630 11
0.38432 0.62355 0.00818 0 -0.00000 -32.20000 0.00551 0.88307 11
-0.41124 -0.47286 0.00818 0 5.80000 -37.10000 0.00551 0.93375 11
-0.37579 -0.08159 0.00818 0 0.30000 -39.92500 0.00551 0.95841 11
2.66376 1.57035 0.00818 0 2.22500 -37.02500 0.00551 0.97063 11
-1.34698 -0.14576 0.00818 0 -0.40000 -25.55000 0.00551 1.01741 11
1.31902 0.12410 0.00818 0 3.02500 -19.07500 0.00551 1.04461 11
-3.35322 0.95312 0.00818 0 0.35000 -11.12500 0.00551 1.07544 11
10.18719 -3.04922 0.00818 0 1.47500 1.40000 0.00551 1.12097 11
-13.73569 4.60974 0.00818 0 1.35000 1.75000 0.00551 1.12252 11
4.29702 -2.50006 0.00818 0 1.67500 15.35000 0.00551 1.17269 11
-4.92366 1.91572 0.00818 0 1.32500 16.20000 0.00551 1.17560 11
-31.20373 5.92077 0.00818 0 2.65000 25.00000 0.00551 1.21046 11
-4.96155 -0.99059 0.00818 0 2.62500 25.15000 0.00551 1.21095 11
8.34993 2.41719 0.00818 0 3.25000 26.12500 0.00551 1.21321 11
15.50891 28.07991 0.00818 0 4.10000 31.40000 0.00551 1.23558 11
-0.05722 -0.65882 0.00818 0 3.27500 32.27500 0.00551 1.25044 11
-0.04079 0.81063 0.00818 0 4.40000 32.52500 0.00551 1.25590 11
-0.09604 -0.02286 0.00818 0 4.15000 32.30000 0.00551 1.25924 11
-1.12723 -0.33139 0.00818 0 -1.67500 59.55000 0.00551 0.00330 11
1.08542 0.23218 0.00818 0 1.87500 47.92500 0.00551 0.05477 11
-0.89713 -0.19914 0.00818 0 -1.47500 28.40000 0.00551 0.14349 11
0.80839 0.40303 0.00818 0 0.97500 18.67500 0.00551 0.19407 11
-0.78008 -0.31607 0.00818 0 -2.00000 0.95000 0.00551 0.29080 11
1.01551 0.26349 0.00818 0 0.77500 -8.52500 0.00551 0.33989 11
-0.83533 -0.40270 0.00818 0 -2.22500 -25.95000 0.00551 0.43547 11
1.15516 0.64589 0.00818 0 1.75000 -33.62500 0.00551 0.47562 11
-0.68066 -0.50785 0.00818 0 -3.27500 -52.12500 0.00551 0.56881 11
0.43944 0.52286 0.00818 0 0.87500 -56.92500 0.00551 0.60197 11
-1.32726 -0.97278 0.00818 0 1.82500 53.82500 0.00551 0.01271 11
1.02693 0.29412 0.00818 0 6.52500 44.45000 0.00551 0.05475 11
-1.45767 -1.37364 0.00818 0 1.05000 21.35000 0.00551 0.16161 11
1.38219 1.14085 0.00818 0 -4.42500 16.62500 0.00551 0.18658 11
0.97012 0.35093 0.00818 0 7.20000 16.05000 0.00551 0.18943 11
-0.86823 -0.65225 0.00818 0 2.72500 -2.82500 0.00551 0.28774 11
0.58177 0.18061 0.00818 0 6.20000 -9.22500 0.00551 0.32747 11
-0.32770 -0.56846 0.00818 0 3.77500 -19.55000 0.00551 0.41099 11
0.31133 0.07789 0.00818 0 5.92500 -23.20000 0.00551 0.45329 11
-0.43952 -0.51338 0.00818 0 3.00000 -32.85000 0.00551 0.53326 11
0.32831 0.05450 0.00818 0 5.72500 -36.67500 0.00551 0.57307 11
-0.39594 -0.55509 0.00818 0 2.90000 -43.50000 0.00551 0.64795 11
0.66660 0.47794 0.00818 0 -2.85000 -46.87500 0.00551 0.67364 11
-0.35920 -0.61082 0.00818 0 3.17500 -53.02500 0.00551 0.72506 11
0.25043 0.62049 0.00818 0 -2.60000 -55.27500 0.00551 0.74980 11
-0.43093 -0.62373 0.00818 0 2.87500 -58.17500 0.00551 0.79535 11
0.03796 1.23524 0.00818 0 -1.50000 -59.17500 0.00551 0.81234 11
-0.75251 -1.67136 0.00818 0 1.10000 -63.05000 0.00551 0.93223 11
0.79817 0.61232 0.00818 0 -1.82500 -64.60000 0.00551 0.94397 11
-1.79991 -0.59464 0.00818 0 4.00000 52.95000 0.00551 -0.00242 11
1.10660 0.47751 0.00818 0 -4.22500 41.67500 0.00551 0.04780 11
0.80536 -0.31688 0.00818 0 7.65000 41.00000 0.00551 0.05098 11
-0.79161 -0.40802 0.00818 0 5.55000 25.02500 0.00551 0.13400 11
0.69063 -0.24921 0.00818 0 6.75000 14.57500 0.00551 0.19514 11
-0.70066 -0.22510 0.00818 0 5.45000 1.60000 0.00551 0.27254 11
0.57563 -0.14491 0.00818 0 7.37500 -8.45000 0.00551 0.32983 11
-0.59443 -0.65576 0.00818 0 6.17500 -18.30000 0.00551 0.41306 11
0.58094 0.49152 0.00818 0 -3.57500 -24.47500 0.00551 0.45788 11
0.50359 -0.20329 0.00818 0 8.27500 -24.95000 0.00551 0.46136 11
-0.36260 -0.35464 0.00818 0 7.12500 -32.62500 0.00551 0.53774 11
0.07081 0.37823 0.00818 0 -3.90000 -35.40000 0.00551 0.58677 11
-0.13707 -0.20845 0.00818 0 8.00000 -35.42500 0.00551 0.58947 11
0.04993 -0.62670 0.00818 0 6.40000 -33.20000 0.00551 0.65666 11
-0.16132 0.72460 0.00818 0 0.30000 -32.60000 0.00551 0.68080 11
-0.41892 -1.58695 0.00818 0 5.17500 -33.27500 0.00551 0.73981 11
0.02092 0.80741 0.00818 0 0.70000 -33.65000 0.00551 0.75622 11
-0.11518 -0.80279 0.00818 0 5.75000 -33.22500 0.00551 0.80686 11
-0.50493 0.88256 0.00818 0 1.07500 -33.52500 0.00551 0.82481 11
0.17124 -0.48403 0.00818 0 5.95000 -28.90000 0.00551 0.87359 11
0.30354 0.43114 0.00818 0 0.57500 -29.20000 0.00551 0.89663 11
-1.99534 -1.24563 0.00818 0 5.02500 -33.60000 0.00551 0.93602 11
1.03072 0.63016 0.00818 0 2.20000 -35.82500 0.00551 0.94891 11
-0.40832 -0.18942 0.00818 0 5.85000 -40.40000 0.00551 0.97899 11
0.33150 0.20653 0.00818 0 2.12500 -41.60000 0.00551 0.99581 11
-0.29627 -0.09937 0.00818 0 5.97500 -43.82500 0.00551 1.01937 11
0.21953 0.34848 0.00818 0 2.10000 -44.32500 0.00551 1.03826 11
-0.15567 -0.67599 0.00818 0 5.80000 -45.45000 0.00551 1.06636 11
0.32482 0.39093 0.00818 0 3.00000 -45.62500 0.00551 1.07839 11
-0.66295 -0.31018 0.00818 0 1.12500 59.35000 0.00551 0.00167 11
0.83323 0.19162 0.00818 0 1.70000 49.87500 0.00551 0.05932 11
-1.59999 -0.67178 0.00818 0 -1.35000 29.65000 0.00551 0.15522 11
1.49317 0.39786 0.00818 0 4.87500 20.80000 0.00551 0.19192 11
-1.16196 -0.42157 0.00818 0 0.22500 0.60000 0.00551 0.28418 11
0.88707 0.00273 0.00818 0 4.47500 -8.87500 0.00551 0.32974 11
-1.53525 -0.52848 0.00818 0 -0.65000 -25.80000 0.00551 0.40544 11
1.00759 0.24038 0.00818 0 6.00000 -33.57500 0.00551 0.43873 11
-0.75267 -0.65163 0.00818 0 0.80000 -46.85000 0.00551 0.51179 11
0.55795 0.16303 0.00818 0 4.65000 -51.30000 0.00551 0.54778 11
-0.52457 -0.55148 0.00818 0 0.22500 -60.55000 0.00551 0.61357 11
0.42134 0.99726 0.00818 0 0.02500 0.25000 0.00551 0.28589 11
-0.33829 -0.77834 0.00818 0 0.75000 -22.90000 0.00551 0.52789 11
-3.29958 -0.41895 0.00335 0 7.47500 -49.55000 0.00092 0.20084 -11
2.90573 0.02183 0.00335 0 -3.05000 -61.15000 0.00092 0.24189 -11
6.68610 0.25229 0.01249 0 -2.97500 -40.07500 0.00201 0.16720 11
0.66809 0.33109 0.00784 0 4.67500 -56.82500 0.00077 1.27626 -11
-0.52706 -0.39309 0.00784 0 -3.57500 -53.85000 0.00077 1.29421 -11
-10.12149 -1.36609 0.00640 0 3.97500 -53.22500 0.00089 1.02017 11
4.01832 0.81058 0.00640 0 5.10000 -48.07500 0.00089 1.03756 11
2.85800 -0.33981 0.02481 0 3.95000 -40.90000 0.00793 0.19840 11
3.91750 -0.48869 0.02481 0 2.17500 -40.32500 0.00793 0.19648 11
3.15184 -0.30951 0.02481 0 5.25000 -41.57500 0.00793 0.20075 11
3.36426 -0.58900 0.02481 0 4.75000 -41.45000 0.00793 0.20032 11
0.27547 -0.62051 0.02481 0 -2.37500 -62.22500 0.00793 1.21337 11
-0.46351 0.58212 0.02481 0 2.12500 -53.62500 0.00793 1.28685 11
0.21882 -0.99569 0.02481 0 -3.77500 -32.95000 0.00793 1.56483 11
-0.30684 1.96614 0.02481 0 -4.12500 -31.27500 0.00793 1.60751 11
-0.11059 0.79596 0.02481 0 7.17500 -31.17500 0.00793 1.61051 11
0.00033 1.28207 0.02481 0 7.85000 -22.90000 0.00793 1.87278 11
1.34474 -0.14714 0.02481 0 7.90000 -22.97500 0.00793 1.87279 11
0.18888 -0.65644 0.02481 0 7.95000 -25.72500 0.00793 1.91308 11
0.58922 -0.49986 0.02481 0 7.92500 -24.00000 0.00793 1.93606 11
3.77020 -0.07030 0.02481 0 -3.50000 -40.60000 0.00793 0.19745 11
2.56004 -0.14671 0.02481 0 -2.35000 -40.62500 0.00793 0.19733 11
2.88268 -0.35208 0.02481 0 4.77500 -40.87500 0.00793 0.19844 11
2.69121 -0.22981 0.02481 0 0.57500 -40.35000 0.00793 0.19633 11
2.88144 -0.19546 0.02481 0 -2.57500 -40.55000 0.00793 0.19709 11
3.05421 -0.48073 0.02481 0 7.12500 -42.90000 0.00793 0.20539 11
2.88121 0.05721 0.02481 0 -1.27500 -40.25000 0.00793 0.19606 11
2.95754 -0.24831 0.02481 0 0.05000 -40.27500 0.00793 0.19614 11
4.48261 0.12300 0.02481 0 -1.80000 -40.50000 0.00793 0.19672 11
3.48768 -0.23791 0.02481 0 1.95000 -40.95000 0.00793 0.19842 11
3.62293 -0.58754 0.02481 0 5.57500 -41.62500 0.00793 0.20097 11
3.34936 0.11936 0.02481 0 -1.80000 -40.52500 0.00793 0.19699 11
3.31411 -0.10550 0.02481 0 2.05000 -40.45000 0.00793 0.19680 11
2.96038 -0.38999 0.02481 0 2.32500 -40.35000 0.00793 0.19645 11
2.91698 -0.08344 0.02481 0 -0.07500 -40.45000 0.00793 0.19667 11
2.98747 -0.08986 0.02481 0 -3.80000 -41.10000 0.00793 0.19899 11
4.75794 -1.09550 0.02481 0 8.47500 -43.92500 0.00793 0.20897 11
2.85611 -0.10280 0.02481 0 -0.85000 -40.30000 0.00793 0.19622 11
2.64765 -0.18149 0.02481 0 0.97500 -40.22500 0.00793 0.19599 11
11.19783 1.93189 0.00676 0 -1.90000 -52.07500 0.00134 0.14188 11
0.08573 0.84358 0.01515 0 1.10000 -62.62500 0.01505 0.72606 -11
-0.15794 -0.94054 0.01515 0 1.12500 -62.05000 0.01505 0.76875 -11
-0.04039 0.78166 0.01515 0 1.62500 -59.67500 0.01505 0.92092 -11
-0.28774 -1.42259 0.01515 0 -3.10000 -59.17500 0.01505 0.94561 -11
0.37487 1.52779 0.01515 0 1.60000 -50.70000 0.01505 1.10693 -11
-0.30285 -1.31992 0.01515 0 -3.05000 -49.12500 0.01505 1.13239 -11
0.34824 1.20315 0.01515 0 2.02500 -37.07500 0.01505 1.28869 -11
-0.28014 -1.18098 0.01515 0 -2.15000 -35.50000 0.01505 1.31591 -11
0.33041 1.18623 0.01515 0 1.95000 -29.57500 0.01505 1.46205 -11
-0.21609 -1.37490 0.01515 0 -2.47500 -28.00000 0.01505 1.48848 -11
0.51786 1.54166 0.01515 0 3.25000 -18.85000 0.01505 1.63399 -11
-0.69532 -1.27122 0.01515 0 -2.97500 -16.45000 0.01505 1.65511 -11
0.72522 1.49540 0.01515 0 1.72500 -1.35000 0.01505 1.78585 -11
-1.03713 -1.16550 0.01515 0 -3.45000 2.65000 0.01505 1.81290 -11
0.90771 1.21605 0.01515 0 2.50000 22.92500 0.01505 1.94192 -11
-0.90352 -1.24990 0.01515 0 -3.52500 26.65000 0.01505 1.96588 -11
0.78954 0.93905 0.01515 0 2.05000 44.15000 0.01505 2.08489 -11
-0.97998 -0.88099 0.01515 0 -2.07500 48.50000 0.01505 2.11653 -11
0.63529 1.64764 0.01515 0 3.05000 -45.02500 0.01505 2.63649 -11
-0.12243 -1.51785 0.01515 0 6.67500 -44.35000 0.01505 2.64943 -11
-0.58021 0.76992 0.01515 0 1.60000 -47.87500 0.01505 2.70842 -11
0.62349 -0.20143 0.01515 0 7.25000 -52.27500 0.01505 2.73688 -11
-0.53118 0.38605 0.01515 0 1.70000 -58.25000 0.01505 2.77764 -11
1.19932 -0.25313 0.01515 0 6.00000 -63.15000 0.01505 2.80231 -11
0.64215 1.53843 0.01515 0 1.17500 -18.30000 0.01505 3.13465 -11
-0.75859 -1.12559 0.01515 0 6.50000 -15.45000 0.01505 3.15565 -11
1.12872 1.54363 0.01515 0 -0.22500 -3.67500 0.01505 3.25329 -11
-3.91480 -5.30739 0.01515 0 4.10000 -0.87500 0.01505 3.27126 -11
1.44974 1.40950 0.01515 0 -0.22500 16.32500 0.01505 3.36943 -11
-2.50068 -2.48550 0.01515 0 4.02500 20.97500 0.01505 3.39121 -11
3.48144 -0.01021 0.01515 0 -1.92500 -60.12500 0.01505 2.65569 -11
-9.83701 -1.73995 0.01515 0 -0.40000 -54.02500 0.01505 2.67735 -11
0.01915 0.44056 0.01515 0 -0.50000 -64.77500 0.01505 2.08708 -11
-0.03972 -0.77349 0.01515 0 6.17500 -64.40000 0.01505 2.15664 -11
0.05811 0.67903 0.01515 0 1.70000 -61.17500 0.01505 2.34815 -11
-0.11260 -0.93978 0.01515 0 5.15000 -59.57500 0.01505 2.40372 -11
0.25522 0.83288 0.01515 0 2.55000 -50.90000 0.01505 2.59317 -11
-0.22178 -1.94953 0.01515 0 2.50000 -48.40000 0.01505 2.63581 -11
-0.13490 1.32502 0.01515 0 -0.87500 -47.12500 0.01505 2.70519 -11
0.13882 -0.81889 0.01515 0 4.50000 -48.02500 0.01505 2.72589 -11
0.46963 1.03157 0.01515 0 -0.15000 -46.42500 0.01505 2.78200 -11
-0.61056 -0.65980 0.01515 0 4.87500 -44.90000 0.01505 2.80251 -11
