0.01144 -1.01626 0.00544 0 -3.45000 47.75000 0.00088 1.45557 11
-0.00599 0.79776 0.00544 0 -0.17500 47.75000 0.00088 1.46813 11
-0.72879 -4.37393 0.00544 0 -2.25000 51.60000 0.00088 1.50472 11
-0.31761 -1.97005 0.00544 0 -2.70000 53.72500 0.00088 1.50803 11
-0.30485 0.59153 0.00544 0 -0.65000 55.35000 0.00088 1.54192 11
0.15158 -0.75886 0.00544 0 -2.57500 50.27500 0.00088 1.59816 11
-0.08801 0.47908 0.00544 0 -0.37500 50.20000 0.00088 1.60756 11
1.68181 -0.24338 0.00544 0 -2.10000 49.45000 0.00088 1.62810 11
6.25937 19.86278 0.00544 0 -1.02500 46.27500 0.00088 1.64770 11
-0.02879 -1.11312 0.00544 0 0.15000 47.17500 0.00088 1.66613 11
-1.28826 0.13768 0.00544 0 -1.35000 45.70000 0.00088 1.71211 11
5.59064 2.15647 0.00544 0 -0.65000 47.40000 0.00088 1.72076 11
-6.43179 -19.38753 0.00544 0 -0.22500 47.80000 0.00088 1.72470 11
-0.45004 0.29398 0.00544 0 0.20000 47.55000 0.00088 1.72937 11
-7.33181 1.14632 0.00275 0 -0.52500 12.27500 0.00078 0.06117 11
4.04995 -1.90081 0.00275 0 -0.15000 24.30000 0.00078 0.10349 11
-0.69664 0.76523 0.00275 0 -2.90000 26.57500 0.00078 0.11652 11
-1.21414 1.02486 0.00235 0 8.12500 50.42500 0.00132 0.22553 11
-1.56593 -0.16478 0.00235 0 7.80000 56.65000 0.00132 0.25483 11
2.52696 0.26702 0.00151 0 8.22500 -64.27500 0.00080 -0.07040 11
6.54047 -5.54489 0.00151 0 -3.92500 -63.22500 0.00080 -0.06457 11
0.26424 -0.13856 0.00151 0 8.27500 -62.50000 0.00080 -0.05924 11
2.06060 -0.15227 0.01020 0 -3.52500 60.37500 0.00288 0.24913 11
-0.44039 2.03428 0.00477 0 7.22500 64.50000 0.00476 1.66599 11
-0.46951 1.36787 0.00477 0 -3.55000 64.07500 0.00476 1.67102 11
-0.04396 -1.70453 0.00477 0 3.87500 64.45000 0.00476 2.96519 11
-0.05396 1.83012 0.00477 0 7.80000 64.47500 0.00476 2.97904 11
0.05927 0.82999 0.00477 0 -3.37500 64.50000 0.00476 2.98316 11
-0.07546 -1.85682 0.00477 0 3.57500 61.70000 0.00476 3.04193 11
0.23006 1.77221 0.00477 0 7.12500 62.12500 0.00476 3.05456 11
0.05621 1.70860 0.00477 0 -3.52500 62.27500 0.00476 3.05964 11
-0.43696 2.41772 0.00477 0 -3.60000 57.55000 0.00476 3.12471 11
-0.04629 -1.72368 0.00477 0 3.87500 31.07500 0.00476 3.60065 11
0.01553 2.25557 0.00477 0 5.67500 31.37500 0.00476 3.60718 11
-0.30679 3.68242 0.00477 0 5.15000 30.32500 0.00476 3.64454 11
2.81159 9.77669 0.00477 0 4.45000 30.87500 0.00476 3.67416 11
-2.10700 -0.30728 0.00477 0 2.57500 38.30000 0.00476 3.72957 11
1.56523 0.97108 0.00477 0 2.62500 38.35000 0.00476 3.72997 11
-0.25930 1.62472 0.00477 0 -0.70000 62.55000 0.00476 1.62402 11
-0.79737 -2.74376 0.00477 0 6.65000 63.07500 0.00476 1.69466 11
0.40319 0.90985 0.00477 0 0.25000 64.92500 0.00476 1.71677 11
-2.27447 -2.29330 0.00477 0 2.45000 46.95000 0.00476 7.22507 11
1.85884 1.45081 0.00477 0 4.07500 48.57500 0.00476 7.23298 11
-1.71528 0.39062 0.00477 0 1.37500 56.22500 0.00476 7.26391 11
1.38308 -1.22981 0.00477 0 5.02500 -61.22500 0.00476 6.08683 11
1.04879 4.68904 0.00477 0 2.10000 -60.92500 0.00476 6.09866 11
-1.27769 -0.84618 0.00477 0 1.85000 -64.40000 0.00476 6.67931 11
0.44452 0.56787 0.00477 0 2.67500 -63.85000 0.00476 6.68620 11
88.41553 -29.79443 0.00477 0 -1.32500 29.00000 0.00476 1.63273 11
-31.14365 17.29997 0.00477 0 -1.22500 28.70000 0.00476 1.63371 11
-2.50033 3.00000 0.00477 0 -0.85000 24.07500 0.00476 1.64267 11
0.47380 1.00384 0.00477 0 -2.07500 12.97500 0.00476 1.73343 11
-5.85674 -11.44434 0.00477 0 -1.27500 11.42500 0.00476 1.75144 11
5.35747 5.17186 0.00477 0 -1.32500 6.67500 0.00476 1.79264 11
-4.71284 3.01269 0.00477 0 -1.02500 5.57500 0.00476 1.80391 11
2.48367 -3.39429 0.00477 0 -1.02500 5.55000 0.00476 1.80413 11
2.24138 -0.15518 0.01890 0 5.22500 64.72500 0.01018 1.03978 11
-1.63507 -0.14928 0.01890 0 -2.75000 52.90000 0.01018 1.08599 11
3.81450 -2.24951 0.01890 0 5.60000 44.20000 0.01018 1.12515 11
-3.23410 1.75988 0.01890 0 6.82500 42.12500 0.01018 1.13339 11
17.56896 2.88868 0.01890 0 3.87500 34.07500 0.01018 1.17791 11
-5.94850 0.26815 0.01890 0 3.80000 33.75000 0.01018 1.17890 11
2.60368 -1.89175 0.01890 0 3.72500 11.15000 0.01018 1.31837 11
-1.88304 1.38133 0.01890 0 4.65000 10.02500 0.01018 1.32374 11
-0.11964 0.26183 0.01890 0 3.07500 8.25000 0.01018 1.34467 11
0.34383 -2.29886 0.01890 0 4.02500 10.60000 0.01018 1.36701 11
0.81696 1.06792 0.01890 0 2.40000 9.37500 0.01018 1.37588 11
-1.48399 -1.57514 0.01890 0 2.87500 2.00000 0.01018 1.41720 11
1.78747 -3.29282 0.01890 0 2.72500 1.67500 0.01018 1.41917 11
1.47395 -1.14277 0.01890 0 3.95000 34.17500 0.01018 1.17715 11
-0.42992 0.51404 0.01890 0 5.30000 32.97500 0.01018 1.18451 11
-0.17380 -0.24334 0.01890 0 3.82500 31.05000 0.01018 1.20184 11
0.03501 0.72112 0.01890 0 4.90000 31.15000 0.01018 1.20873 11
-0.85791 0.04302 0.01890 0 -3.75000 46.15000 0.01018 1.12371 11
0.87914 -0.14232 0.01890 0 -4.45000 44.02500 0.01018 1.13847 11
-0.00951 0.39225 0.01890 0 -3.42500 43.57500 0.01018 1.14492 11
-0.64151 0.37755 0.01890 0 6.25000 64.35000 0.01018 2.43052 11
0.86670 -0.29625 0.01890 0 0.45000 55.40000 0.01018 2.47821 11
-0.74609 0.42158 0.01890 0 6.00000 48.85000 0.01018 2.51168 11
0.82242 -0.82226 0.01890 0 1.05000 38.75000 0.01018 2.56434 11
-0.87579 0.89513 0.01890 0 5.70000 35.20000 0.01018 2.58584 11
1.21108 -1.26823 0.01890 0 1.85000 25.92500 0.01018 2.64472 11
-1.35008 1.35265 0.01890 0 5.20000 22.95000 0.01018 2.66052 11
1.13049 -1.05955 0.01890 0 2.50000 11.72500 0.01018 2.71834 11
-1.31472 1.07029 0.01890 0 5.75000 8.55000 0.01018 2.73447 11
2.02399 -0.40618 0.01890 0 3.12500 -2.72500 0.01018 2.78291 11
-5.87314 0.45388 0.01890 0 5.25000 -11.35000 0.01018 2.81412 11
-8.45029 3.81124 0.01890 0 5.30000 -11.67500 0.01018 2.81586 11
0.35774 -1.33042 0.01890 0 3.82500 -17.47500 0.01018 2.86611 11
-0.32645 1.41912 0.01890 0 6.17500 -17.97500 0.01018 2.87490 11
-0.37762 -0.72002 0.01890 0 3.50000 -20.05000 0.01018 2.90790 11
0.04057 0.78995 0.01890 0 6.65000 -19.12500 0.01018 2.92110 11
0.14950 -0.24531 0.01890 0 3.20000 -19.07500 0.01018 2.94565 11
-0.12551 0.21172 0.01890 0 6.70000 -19.70000 0.01018 2.96236 11
0.51406 0.72283 0.01890 0 0.60000 -21.42500 0.01018 2.99320 11
-0.03412 -0.80755 0.01890 0 3.50000 -23.07500 0.01018 3.02006 11
0.76145 0.43201 0.01890 0 0.15000 -20.00000 0.01018 3.04156 11
-0.64506 -0.17927 0.01890 0 1.32500 -22.10000 0.01018 3.05409 11
-0.80114 -0.20378 0.01890 0 -0.12500 -23.10000 0.01018 3.06576 11
-2.40974 -6.71340 0.01890 0 0.52500 -22.07500 0.01018 3.07125 11
-0.60379 1.43176 0.01890 0 1.62500 -22.70000 0.01018 3.07721 11
1.10778 -0.43714 0.00269 0 -0.72500 27.65000 0.00041 0.16067 11
-0.96222 -1.27455 0.00269 0 -2.77500 33.55000 0.00041 0.19720 11
0.75808 1.11715 0.00269 0 -0.77500 34.75000 0.00041 0.20560 11
-0.21812 -0.22534 0.00269 0 -3.50000 38.10000 0.00041 0.23370 11
0.35309 0.09017 0.00269 0 -0.20000 39.40000 0.00041 0.25156 11
-2.22829 -0.50276 0.00269 0 -2.25000 44.05000 0.00041 0.27312 11
3.43051 0.46091 0.00269 0 -0.72500 47.42500 0.00041 0.28692 11
0.94970 -0.96635 0.00269 0 -1.85000 47.75000 0.00041 0.31025 11
-1.11369 0.22340 0.00269 0 -0.80000 46.70000 0.00041 0.31598 11
0.72087 -0.83444 0.00224 0 3.75000 29.92500 0.00090 0.17106 11
-0.22203 1.03328 0.00224 0 1.07500 31.02500 0.00090 0.18324 11
0.69284 -0.22898 0.00993 0 3.50000 61.47500 0.00980 1.46186 11
-0.71147 -0.15259 0.00993 0 2.02500 49.17500 0.00980 1.53366 11
0.71659 -0.09619 0.00993 0 3.97500 38.00000 0.00980 1.59341 11
-0.74297 -0.10546 0.00993 0 2.27500 24.70000 0.00980 1.67045 11
1.48899 0.95933 0.00993 0 -3.67500 16.25000 0.00980 1.70698 11
0.94433 0.07746 0.00993 0 7.92500 15.32500 0.00980 1.71133 11
-0.98062 -0.39011 0.00993 0 4.35000 3.17500 0.00980 1.77757 11
0.86447 0.37427 0.00993 0 -3.77500 -4.90000 0.00980 1.82111 11
0.91618 -0.12985 0.00993 0 8.15000 -5.65000 0.00980 1.82491 11
-1.24299 -0.28795 0.00993 0 2.75000 -19.27500 0.00980 1.88624 11
0.85475 0.41287 0.00993 0 -4.20000 -29.27500 0.00980 1.93222 11
0.78752 -0.01635 0.00993 0 7.72500 -29.80000 0.00980 1.93511 11
-1.07260 -0.64878 0.00993 0 2.60000 -43.02500 0.00980 2.00599 11
0.93386 0.64521 0.00993 0 -3.22500 -49.60000 0.00980 2.03803 11
-0.89769 -0.61108 0.00993 0 2.75000 -62.50000 0.00980 2.10544 11
-1.21913 4.20049 0.01876 0 0.72500 44.30000 0.01856 1.04368 -11
4.87616 -9.82105 0.01876 0 3.72500 43.30000 0.01856 1.05436 -11
-1.09289 2.31826 0.01876 0 -0.60000 22.30000 0.01856 1.22026 -11
1.22529 -2.56927 0.01876 0 5.60000 19.47500 0.01856 1.24361 -11
0.43024 0.25634 0.01876 0 3.85000 55.55000 0.01856 5.12363 -11
-0.22368 -0.40087 0.01876 0 -0.55000 46.55000 0.01856 5.20959 -11
0.25501 0.32970 0.01876 0 3.70000 40.15000 0.01856 5.30705 -11
-0.69688 -0.81392 0.01876 0 1.50000 33.40000 0.01856 5.37237 -11
0.76413 0.70611 0.01876 0 3.02500 20.65000 0.01856 5.47100 -11
-0.99443 -1.19877 0.01876 0 4.00000 11.97500 0.01856 5.52363 -11
0.77084 0.87516 0.01876 0 2.75000 -3.17500 0.01856 5.63577 -11
-1.22366 -1.71975 0.01876 0 4.67500 -10.02500 0.01856 5.68044 -11
0.56445 1.12693 0.01876 0 2.17500 -25.30000 0.01856 5.79538 -11
-0.72347 -2.00079 0.01876 0 4.27500 -29.27500 0.01856 5.83441 -11
0.16025 0.98812 0.01876 0 2.35000 -38.47500 0.01856 5.94494 -11
-0.19218 -1.38133 0.01876 0 3.07500 -39.77500 0.01856 5.98801 -11
0.14327 1.45156 0.01876 0 1.20000 -42.67500 0.01856 6.09648 -11
-0.35428 -5.21415 0.01876 0 5.17500 -43.35000 0.01856 6.12517 -11
-0.27195 2.00475 0.01876 0 -0.05000 -40.62500 0.01856 6.23975 -11
-0.25083 1.61725 0.01876 0 0.02500 -34.75000 0.01856 6.37578 -11
0.03127 -0.11581 0.01876 0 2.57500 -34.22500 0.01856 6.45102 -11
0.07987 -0.42493 0.01876 0 5.02500 -32.30000 0.01856 6.50262 -11
0.06337 0.15378 0.01876 0 1.95000 -32.75000 0.01856 6.54922 -11
0.02957 -0.68448 0.01876 0 5.42500 -32.95000 0.01856 6.58870 -11
0.18148 0.10716 0.01876 0 1.85000 -34.30000 0.01856 6.63834 -11
-0.01147 0.21044 0.01876 0 5.35000 -34.17500 0.01856 6.69761 -11
-0.43914 -0.69977 0.01876 0 -1.00000 -32.50000 0.01856 6.71964 -11
0.45919 0.43397 0.01876 0 5.20000 -26.27500 0.01856 6.77994 -11
-0.61573 -1.10242 0.01876 0 -1.92500 -23.55000 0.01856 6.80019 -11
0.28320 1.04412 0.01876 0 6.92500 -18.75000 0.01856 6.86829 -11
0.74289 2.97562 0.01876 0 -4.37500 -18.57500 0.01856 6.87133 -11
-0.51376 -1.30303 0.01876 0 -2.27500 -18.00000 0.01856 6.87868 -11
0.35690 0.84731 0.01876 0 7.10000 -13.65000 0.01856 6.92623 -11
-0.05543 0.11440 0.01876 0 3.17500 64.72500 0.01856 0.91655 -11
0.15256 -0.29513 0.01876 0 2.92500 62.67500 0.01856 1.00581 -11
-0.21758 0.04067 0.01876 0 2.40000 53.02500 0.01856 1.21229 -11
0.25234 -0.26880 0.01876 0 2.75000 46.20000 0.01856 1.30904 -11
-0.23388 0.11777 0.01876 0 3.40000 31.45000 0.01856 1.51211 -11
0.27138 -0.32241 0.01876 0 2.52500 24.85000 0.01856 1.60302 -11
-0.28442 0.11361 0.01876 0 2.90000 10.82500 0.01856 1.80231 -11
0.33120 -0.38177 0.01876 0 1.15000 3.90000 0.01856 1.88981 -11
-0.35367 0.18407 0.01876 0 6.00000 -18.92500 0.01856 2.09642 -11
0.35542 -0.51386 0.01876 0 1.90000 -26.50000 0.01856 2.17506 -11
-0.25537 0.13405 0.01876 0 5.95000 -42.57500 0.01856 2.37481 -11
0.24709 -0.51668 0.01876 0 1.00000 -48.22500 0.01856 2.44760 -11
-0.23098 0.12114 0.01876 0 7.67500 -59.25000 0.01856 2.62260 -11
-0.29200 0.62990 0.01876 0 -4.07500 -59.42500 0.01856 2.62517 -11
0.16815 -0.61623 0.01876 0 -0.10000 -63.42500 0.01856 2.68494 -11
1.01718 0.19135 0.00482 0 1.02500 52.70000 0.00169 0.20350 11
-0.80515 -0.34706 0.00482 0 -4.07500 63.25000 0.00169 0.25205 11
-0.66742 0.14659 0.01534 0 7.30000 43.15000 0.00095 1.34395 -11
-0.65386 0.66977 0.01534 0 -4.47500 42.80000 0.00095 1.34624 -11
0.71359 -0.64507 0.01534 0 -0.12500 33.40000 0.00095 1.41368 -11
-0.59984 0.07554 0.01534 0 7.55000 3.97500 0.00095 1.60273 -11
-0.73281 0.69053 0.01534 0 -4.20000 3.55000 0.00095 1.60547 -11
0.53096 -0.48655 0.01534 0 -0.20000 -6.32500 0.00095 1.67301 -11
-0.55010 0.20278 0.01534 0 7.82500 -31.47500 0.00095 1.85520 -11
-0.63427 0.76369 0.01534 0 -3.82500 -31.90000 0.00095 1.85841 -11
0.46321 -0.52988 0.01534 0 -0.55000 -39.15000 0.00095 1.91880 -11
-0.32272 0.20687 0.01534 0 6.90000 -55.72500 0.00095 2.10102 -11
0.25931 -0.55627 0.01534 0 -0.40000 -59.65000 0.00095 2.16419 -11
1.09631 -0.76840 0.00259 0 2.27500 -19.35000 0.00171 -0.05303 11
-0.65131 0.64573 0.00259 0 -0.37500 -16.85000 0.00171 -0.03952 11
2.63627 -1.95077 0.00259 0 2.55000 -11.20000 0.00171 -0.00516 11
-1.33210 0.19623 0.00259 0 2.30000 -10.77500 0.00171 -0.00346 11
1.15276 -0.23354 0.00259 0 4.10000 -6.80000 0.00171 0.01430 11
-0.00787 0.28535 0.00259 0 2.25000 -5.75000 0.00171 0.02297 11
0.06047 -0.35522 0.00259 0 4.77500 -5.55000 0.00171 0.04039 11
0.25739 -0.34279 0.00259 0 2.35000 -4.60000 0.00171 0.05400 11
-0.07452 0.41418 0.00259 0 4.55000 -4.77500 0.00171 0.06480 11
-0.00067 0.15665 0.00259 0 2.55000 -5.07500 0.00171 0.07758 11
0.01518 -0.14045 0.00259 0 4.37500 -5.05000 0.00171 0.09040 11
-0.05638 -0.28964 0.00259 0 2.77500 -4.60000 0.00171 0.10167 11
0.18854 -0.82511 0.00259 0 3.62500 -4.75000 0.00171 0.11183 11
6.32786 -7.83291 0.00259 0 3.57500 -4.67500 0.00171 0.11267 11
-1.23108 -0.33297 0.00450 0 -1.27500 63.05000 0.00432 1.20702 -11
2.87117 -0.61305 0.00450 0 0.52500 54.97500 0.00432 1.23626 -11
-4.08780 1.67881 0.00450 0 -0.80000 43.65000 0.00432 1.27727 -11
0.16733 0.11047 0.00450 0 1.85000 39.90000 0.00432 1.29428 -11
-0.46431 -0.31400 0.00450 0 -0.90000 38.75000 0.00432 1.30712 -11
1.63687 -0.09536 0.00450 0 0.75000 33.77500 0.00432 1.32973 -11
-1.61535 -0.04742 0.00450 0 -0.62500 29.45000 0.00432 1.34735 -11
-0.61230 -1.04462 0.00450 0 0.92500 28.77500 0.00432 1.35424 -11
-1.52441 -1.63975 0.00450 0 0.85000 30.72500 0.00432 1.37693 -11
-0.45219 -0.21258 0.00450 0 0.37500 29.90000 0.00432 1.39406 -11
0.45809 0.77287 0.00450 0 1.85000 28.07500 0.00432 1.40533 -11
0.28136 -0.16094 0.00450 0 0.77500 28.47500 0.00432 1.41143 -11
0.63008 -1.33433 0.00682 0 1.32500 60.17500 0.00679 0.96584 11
-0.64521 1.05979 0.00682 0 7.62500 57.67500 0.00679 0.99014 11
-0.88341 0.82366 0.00682 0 -3.77500 57.07500 0.00679 0.99392 11
0.60425 -0.18761 0.00682 0 -0.02500 46.27500 0.00679 1.06427 11
-0.57017 0.12911 0.00682 0 8.32500 39.15000 0.00679 1.11016 11
-0.78383 0.23168 0.00682 0 -3.52500 38.47500 0.00679 1.11407 11
1.17760 -0.17684 0.00682 0 1.30000 28.60000 0.00679 1.16285 11
-1.91145 0.09608 0.00682 0 -2.40000 12.72500 0.00679 1.23048 11
1.51806 -0.25627 0.00682 0 5.60000 3.42500 0.00679 1.26673 11
-1.07774 0.05478 0.00682 0 -1.02500 -7.50000 0.00679 1.31239 11
1.42403 -0.83511 0.00682 0 6.15000 -14.35000 0.00679 1.34854 11
-1.33454 0.23838 0.00682 0 -1.85000 -20.55000 0.00679 1.37655 11
1.60697 0.20157 0.00682 0 -3.72500 -32.90000 0.00679 1.42229 11
-1.69222 -0.36340 0.00682 0 -0.90000 -41.77500 0.00679 1.45758 11
1.27945 0.36874 0.00682 0 -2.30000 -45.75000 0.00679 1.47225 11
-1.54531 -1.00551 0.00682 0 0.12500 -53.10000 0.00679 1.50702 11
0.54218 1.26198 0.00682 0 -2.50000 -54.45000 0.00679 1.51818 11
-0.20341 0.81310 0.00682 0 2.07500 63.37500 0.00679 1.51386 11
-0.19933 1.49973 0.00682 0 2.12500 58.92500 0.00679 1.63428 11
-0.27984 -2.66261 0.00682 0 -1.47500 55.62500 0.00679 1.74063 11
0.30030 2.27089 0.00682 0 2.35000 56.12500 0.00679 1.75377 11
0.11910 -1.15155 0.00682 0 -3.22500 57.65000 0.00679 1.84456 11
-0.19858 1.06971 0.00682 0 3.45000 56.80000 0.00679 1.86915 11
0.09518 -1.10555 0.00682 0 -3.75000 52.95000 0.00679 1.94857 11
-0.01495 1.15572 0.00682 0 2.77500 52.67500 0.00679 1.97242 11
-0.25990 -1.86739 0.00682 0 -2.25000 53.47500 0.00679 2.05204 11
0.28654 1.61100 0.00682 0 1.62500 54.10000 0.00679 2.06571 11
-0.33252 -1.33346 0.00682 0 -3.45000 56.37500 0.00679 2.13956 11
0.41909 1.41972 0.00682 0 1.57500 57.32500 0.00679 2.15795 11
-0.68855 0.51671 0.00682 0 -2.15000 64.65000 0.00679 1.26314 11
0.80415 -0.71718 0.00682 0 2.55000 56.45000 0.00679 1.31823 11
-0.81630 0.64928 0.00682 0 8.42500 52.05000 0.00679 1.34568 11
-0.81442 0.68473 0.00682 0 -2.72500 51.12500 0.00679 1.35128 11
1.34483 -0.61484 0.00682 0 3.40000 41.00000 0.00679 1.40213 11
-1.96343 1.05049 0.00682 0 7.05000 35.22500 0.00679 1.42613 11
4.96034 -1.82504 0.00682 0 3.20000 21.87500 0.00679 1.48504 11
-7.65455 2.46820 0.00682 0 4.15000 19.35000 0.00679 1.49442 11
0.60078 0.64413 0.00682 0 0.82500 11.22500 0.00679 1.52796 11
-0.17822 -0.31565 0.00682 0 4.42500 9.37500 0.00679 1.55398 11
-0.02269 0.62257 0.00682 0 1.60000 8.32500 0.00679 1.56754 11
0.90629 -0.26411 0.00682 0 -2.87500 58.17500 0.00679 1.05551 11
-0.75273 0.15369 0.00682 0 4.72500 50.02500 0.00679 1.10022 11
0.92007 -0.46294 0.00682 0 -2.42500 39.90000 0.00679 1.15577 11
-0.92915 0.44924 0.00682 0 3.95000 33.30000 0.00679 1.19070 11
1.20760 -0.59488 0.00682 0 -2.35000 22.37500 0.00679 1.24861 11
-0.92719 0.80597 0.00682 0 2.80000 15.97500 0.00679 1.27847 11
0.77101 -0.72944 0.00682 0 -3.20000 7.25000 0.00679 1.34130 11
-0.72428 0.75425 0.00682 0 2.55000 3.10000 0.00679 1.36767 11
0.64143 -1.69980 0.00682 0 -2.15000 -5.40000 0.00679 1.43302 11
-0.48820 1.79570 0.00682 0 1.45000 -6.40000 0.00679 1.44609 11
0.27250 -1.44030 0.00682 0 -0.67500 -13.65000 0.00679 1.51698 11
-0.40133 1.65999 0.00682 0 3.27500 -14.17500 0.00679 1.53125 11
0.74202 -1.42683 0.00682 0 -1.05000 -16.97500 0.00679 1.58841 11
-1.00326 1.66327 0.00682 0 2.20000 -18.67500 0.00679 1.60136 11
4.59758 -4.40367 0.00682 0 0.42500 -30.02500 0.00679 1.66210 11
-3.99893 3.79309 0.00682 0 1.42500 -31.05000 0.00679 1.66683 11
3.44367 -3.53462 0.00682 0 0.52500 -43.82500 0.00679 1.71858 11
-1.26968 1.99961 0.00682 0 1.52500 -44.70000 0.00679 1.72312 11
1.57245 -2.25586 0.00682 0 -1.05000 -47.80000 0.00679 1.76458 11
-3.65157 4.54162 0.00682 0 -0.02500 -48.60000 0.00679 1.76925 11
0.10355 -0.07483 0.00682 0 -3.27500 -53.80000 0.00679 1.82429 11
0.02151 0.25495 0.00682 0 -0.82500 -53.97500 0.00679 1.83682 11
0.41517 -0.66077 0.00682 0 -2.67500 -55.62500 0.00679 1.85432 11
-0.70201 0.86817 0.00682 0 -1.25000 -56.67500 0.00679 1.86141 11
-2.44327 -2.69658 0.00682 0 -4.30000 -63.90000 0.00679 1.90487 11
0.97790 1.67515 0.00682 0 -3.72500 -63.60000 0.00679 1.90810 11
0.18007 1.04711 0.00682 0 -1.25000 -53.05000 0.00679 1.80961 11
-0.54169 -1.43640 0.00682 0 -0.15000 -53.67500 0.00679 1.82505 11
0.89583 -0.62098 0.00682 0 1.55000 57.62500 0.00679 0.94243 11
-1.67367 -0.24554 0.00682 0 8.10000 47.40000 0.00679 0.98852 11
-1.29584 -0.12793 0.00682 0 -3.95000 46.30000 0.00679 0.99319 11
0.58723 -0.12106 0.00682 0 5.67500 43.15000 0.00679 1.00753 11
-0.43740 -0.17957 0.00682 0 -2.82500 40.07500 0.00679 1.03266 11
0.33385 -1.48122 0.00682 0 5.92500 37.05000 0.00679 1.06014 11
-0.00358 1.52335 0.00682 0 7.95000 36.92500 0.00679 1.06753 11
0.49705 0.65004 0.00682 0 -2.70000 37.40000 0.00679 1.07369 11
1.30801 -0.46319 0.00249 0 7.25000 33.27500 0.00028 1.04461 11
-1.12321 -0.37069 0.00249 0 -3.05000 29.62500 0.00028 1.06180 11
0.48942 0.41120 0.00249 0 6.67500 28.55000 0.00028 1.07277 11
-1.29233 2.18736 0.00682 0 -2.75000 63.85000 0.00679 1.33556 11
0.68178 -1.07538 0.00682 0 2.22500 54.35000 0.00679 1.40572 11
-0.73943 1.19197 0.00682 0 7.37500 51.67500 0.00679 1.42641 11
-0.52519 1.11358 0.00682 0 -3.92500 51.30000 0.00679 1.42987 11
0.43270 -0.98152 0.00682 0 0.85000 43.25000 0.00679 1.49439 11
-0.37001 0.93693 0.00682 0 7.10000 41.37500 0.00679 1.51857 11
-0.25266 1.66885 0.00682 0 -4.22500 41.17500 0.00679 1.52165 11
-0.51994 -2.67463 0.00682 0 3.90000 44.72500 0.00679 1.59992 11
0.41520 2.09617 0.00682 0 7.05000 45.22500 0.00679 1.61086 11
0.38413 1.73108 0.00682 0 -3.87500 45.52500 0.00679 1.61509 11
-0.13424 0.15562 0.00682 0 0.85000 64.30000 0.00679 1.23537 11
-0.70102 0.35935 0.00682 0 7.30000 57.35000 0.00679 1.28633 11
-0.41434 0.75436 0.00682 0 -4.40000 57.07500 0.00679 1.28869 11
-0.02499 -0.23531 0.00682 0 -0.57500 56.55000 0.00679 1.33842 11
0.06495 0.20922 0.00682 0 6.65000 57.27500 0.00679 1.37285 11
-0.11945 -0.10494 0.00682 0 -1.02500 57.40000 0.00679 1.41687 11
0.38405 0.04957 0.00682 0 4.07500 58.50000 0.00679 1.44439 11
-0.12709 -0.14145 0.00682 0 -1.90000 61.55000 0.00679 1.48305 11
0.32871 0.15668 0.00682 0 4.97500 60.72500 0.00679 1.51492 11
-0.51836 0.07278 0.00682 0 0.10000 65.00000 0.00679 1.54360 11
0.62471 -0.95148 0.00682 0 0.15000 64.07500 0.00679 1.04556 11
-0.57107 1.02159 0.00682 0 6.82500 60.95000 0.00679 1.07265 11
1.19055 -1.57682 0.00682 0 1.52500 48.05000 0.00679 1.15312 11
-1.07677 1.60743 0.00682 0 6.05000 45.15000 0.00679 1.17185 11
1.91632 -2.59364 0.00682 0 1.05000 32.72500 0.00679 1.25034 11
-1.89046 3.01369 0.00682 0 3.32500 31.35000 0.00679 1.25945 11
-0.25361 0.13590 0.00682 0 0.42500 17.87500 0.00679 1.34149 11
0.85324 -0.00635 0.00682 0 8.25000 23.85000 0.00679 1.38986 11
0.75839 0.18976 0.00682 0 -3.65000 24.52500 0.00679 1.39367 11
-0.91599 -0.13127 0.00682 0 2.12500 32.47500 0.00679 1.43595 11
0.27963 0.32185 0.00682 0 8.17500 36.90000 0.00679 1.46833 11
0.60303 0.25961 0.00682 0 -3.55000 37.40000 0.00679 1.47198 11
-0.60655 0.04630 0.00682 0 2.72500 42.95000 0.00679 1.50532 11
0.59501 0.07143 0.00682 0 -1.22500 49.57500 0.00679 1.55301 11
-1.34194 -0.35461 0.00682 0 6.05000 55.27500 0.00679 1.58551 11
1.56653 -0.25568 0.00682 0 -2.60000 63.07500 0.00679 1.61799 11
0.21897 -1.11726 0.00682 0 0.17500 60.67500 0.00679 1.48859 11
-0.22441 1.08426 0.00682 0 6.60000 59.65000 0.00679 1.51251 11
0.35328 -1.97937 0.00682 0 0.42500 56.95000 0.00679 1.58929 11
-0.65685 2.46657 0.00682 0 4.15000 56.25000 0.00679 1.60243 11
0.48422 -1.51409 0.00682 0 1.52500 48.37500 0.00679 1.68763 11
-0.51348 1.52627 0.00682 0 5.87500 47.07500 0.00679 1.70366 11
0.41362 -1.28562 0.00682 0 0.82500 44.97500 0.00679 1.77311 11
-0.32531 1.25655 0.00682 0 5.67500 43.72500 0.00679 1.79117 11
0.23511 -0.44511 0.00682 0 -0.02500 40.35000 0.00679 1.85355 11
-0.45566 -0.09164 0.00682 0 7.47500 37.40000 0.00679 1.89032 11
0.61336 0.12449 0.00682 0 1.15000 32.32500 0.00679 1.92554 11
-0.21061 -0.02739 0.00682 0 7.97500 28.17500 0.00679 1.96408 11
-0.25434 -0.18966 0.00682 0 -4.20000 28.07500 0.00679 1.96669 11
0.31414 0.30515 0.00682 0 1.75000 25.10000 0.00679 1.99468 11
-0.16994 -0.09030 0.00682 0 6.90000 22.30000 0.00679 2.02831 11
-0.30924 0.32018 0.00682 0 1.00000 20.75000 0.00679 2.05653 11
0.41052 -0.85349 0.00682 0 6.27500 22.20000 0.00679 2.09627 11
-1.67807 1.85445 0.00682 0 3.15000 24.10000 0.00679 2.10958 11
-0.48853 -0.63525 0.00682 0 2.92500 45.40000 0.00679 2.36601 11
0.26890 1.36059 0.00682 0 0.92500 43.22500 0.00679 2.37693 11
2.78276 -1.04541 0.00682 0 6.10000 62.55000 0.00679 1.13328 11
-2.76934 0.74304 0.00682 0 8.37500 56.65000 0.00679 1.15495 11
-2.29123 0.66753 0.00682 0 -2.80000 54.17500 0.00679 1.16444 11
-3.35721 1.06170 0.00682 0 -2.82500 36.12500 0.00679 1.23281 11
0.66425 -0.33129 0.00682 0 2.37500 18.80000 0.00679 1.31536 11
-0.78927 0.48613 0.00682 0 6.60000 15.30000 0.00679 1.33752 11
0.54635 -0.04028 0.00682 0 2.82500 9.50000 0.00679 1.37302 11
-3.55578 -1.58539 0.00682 0 7.30000 -0.20000 0.00679 1.41983 11
0.11725 -0.64822 0.00682 0 3.57500 -2.75000 0.00679 1.44636 11
-0.09719 0.58103 0.00682 0 6.95000 -3.07500 0.00679 1.46061 11
1.27973 -1.33068 0.00682 0 4.42500 -4.70000 0.00679 1.48629 11
-0.52206 1.05192 0.00682 0 6.00000 -5.67500 0.00679 1.49311 11
1.23687 -0.75969 0.00682 0 4.20000 -6.87500 0.00679 1.51881 11
-2.13437 0.56047 0.00682 0 5.77500 -9.15000 0.00679 1.52925 11
0.31998 0.18456 0.00682 0 5.10000 -13.10000 0.00679 1.54874 11
-0.28208 -0.41786 0.00682 0 6.42500 -13.97500 0.00679 1.56088 11
-0.61556 0.81325 0.00682 0 6.40000 -13.70000 0.00679 1.56382 11
-0.46096 -4.19760 0.00682 0 6.90000 -15.62500 0.00679 1.67913 11
-0.31473 0.66293 0.00682 0 -1.07500 63.30000 0.00679 2.06842 11
0.39498 -1.39423 0.00682 0 4.70000 60.90000 0.00679 2.12010 11
-0.29081 1.33744 0.00682 0 8.47500 59.95000 0.00679 2.13396 11
-0.22823 0.92853 0.00682 0 -2.20000 59.72500 0.00679 2.14011 11
1.21834 -3.72660 0.00682 0 4.72500 56.25000 0.00679 2.18993 11
-0.59878 2.62985 0.00682 0 6.00000 55.90000 0.00679 2.19453 11
0.67846 -1.09661 0.00682 0 2.27500 53.47500 0.00679 2.24489 11
-0.74497 0.87416 0.00682 0 6.12500 51.02500 0.00679 2.26166 11
0.48427 -0.57545 0.00682 0 1.80000 45.22500 0.00679 2.30183 11
-0.58486 0.70341 0.00682 0 6.12500 42.92500 0.00679 2.32109 11
0.43599 -0.48394 0.00682 0 2.40000 36.50000 0.00679 2.36002 11
-0.46317 0.56318 0.00682 0 6.75000 34.50000 0.00679 2.37928 11
0.14250 -0.44344 0.00682 0 2.20000 32.72500 0.00679 2.41381 11
-0.15081 0.49478 0.00682 0 6.62500 31.80000 0.00679 2.43274 11
0.26153 -0.80453 0.00682 0 2.10000 31.22500 0.00679 2.46508 11
-0.44118 0.94830 0.00682 0 5.67500 30.20000 0.00679 2.47946 11
0.00830 -0.60564 0.00682 0 3.10000 29.45000 0.00679 2.51988 11
-0.05590 0.51278 0.00682 0 7.07500 29.42500 0.00679 2.53652 11
-0.05483 -0.28891 0.00682 0 3.17500 30.22500 0.00679 2.56581 11
-0.22088 0.18679 0.00682 0 7.17500 28.77500 0.00679 2.58592 11
-0.44839 -0.33792 0.00682 0 3.32500 28.25000 0.00679 2.61222 11
0.61070 0.42296 0.00682 0 6.57500 30.45000 0.00679 2.62854 11
-0.49606 -0.45498 0.00682 0 3.57500 33.92500 0.00679 2.65630 11
0.35172 0.40883 0.00682 0 6.67500 35.40000 0.00679 2.67073 11
-0.36739 -1.03736 0.00682 0 3.55000 37.37500 0.00679 2.69257 11
0.43392 1.32710 0.00682 0 5.40000 37.75000 0.00679 2.69969 11
-0.74599 -0.01553 0.00682 0 3.20000 41.05000 0.00679 2.72351 11
0.42999 0.00992 0.00682 0 5.75000 43.47500 0.00679 2.73980 11
-0.21937 -1.89769 0.00682 0 4.40000 47.07500 0.00679 2.76529 11
0.07704 1.09305 0.00682 0 5.95000 47.05000 0.00679 2.77119 11
-1.43359 -1.50292 0.00682 0 4.72500 48.92500 0.00679 2.79316 11
0.64711 0.75233 0.00682 0 6.40000 49.62500 0.00679 2.79820 11
1.18548 -0.00448 0.00682 0 5.62500 49.97500 0.00679 2.81739 11
-0.96160 0.36347 0.00682 0 6.40000 48.10000 0.00679 2.82598 11
7.04386 -5.25822 0.00442 0 -3.37500 59.42500 0.00040 0.26948 11
-2.73798 1.78351 0.00442 0 -3.50000 59.62500 0.00040 0.27028 11
0.98301 -4.37522 0.00438 0 5.70000 62.60000 0.00415 1.11473 11
-0.43601 2.03501 0.00438 0 6.97500 62.30000 0.00415 1.11921 11
-0.27737 1.11932 0.00438 0 -4.32500 62.12500 0.00415 1.12200 11
-0.51599 -0.61752 0.00438 0 4.95000 64.77500 0.00415 1.14759 11
1.03724 2.07099 0.00147 0 5.55000 54.50000 0.00121 1.16286 11
-0.21963 -1.46552 0.00147 0 6.20000 52.80000 0.00121 1.18302 11
-1.17602 0.11588 0.00438 0 -3.27500 61.60000 0.00415 1.26149 11
1.50701 -0.01578 0.00438 0 3.92500 53.97500 0.00415 1.29616 11
-1.32329 -0.15904 0.00438 0 7.60000 44.27500 0.00415 1.33481 11
1.00798 0.14308 0.00438 0 3.12500 38.45000 0.00415 1.36270 11
-0.66201 -0.50470 0.00438 0 7.80000 31.65000 0.00415 1.40118 11
0.58041 1.09255 0.00438 0 4.55000 31.05000 0.00415 1.41382 11
-0.88711 -1.03283 0.00438 0 7.82500 21.95000 0.00415 1.49759 11
0.90631 0.43140 0.00438 0 5.02500 18.95000 0.00415 1.51324 11
-1.03750 -0.43882 0.00438 0 7.75000 14.45000 0.00415 1.53827 11
0.36647 0.19768 0.00438 0 6.45000 12.90000 0.00415 1.54588 11
0.47833 1.06651 0.00438 0 6.50000 12.02500 0.00415 1.57586 11
-1.51642 2.31087 0.00438 0 0.57500 63.87500 0.00415 1.29061 11
0.00870 -1.31822 0.00438 0 0.12500 21.00000 0.00415 1.69085 11
0.01997 1.37488 0.00438 0 2.95000 21.02500 0.00415 1.70109 11
0.13470 -1.39905 0.00438 0 0.07500 18.35000 0.00415 1.74231 11
-0.39561 1.55913 0.00438 0 2.72500 18.05000 0.00415 1.75199 11
1.20924 -1.91604 0.00438 0 0.05000 12.77500 0.00415 1.78825 11
-1.24478 2.03012 0.00438 0 1.75000 11.87500 0.00415 1.79498 11
0.00004 -1.44843 0.00438 0 0.90000 8.90000 0.00415 1.83629 11
-0.06914 1.36821 0.00438 0 3.20000 8.92500 0.00415 1.84471 11
-1.40635 0.26067 0.00438 0 1.15000 16.77500 0.00415 1.89083 11
-8.40837 3.13319 0.00438 0 1.60000 20.57500 0.00415 1.90996 11
0.25682 -0.51492 0.00438 0 2.40000 22.27500 0.00415 1.93027 11
-0.74509 0.85463 0.00438 0 0.92500 22.67500 0.00415 1.93706 11
0.80398 -1.54297 0.00438 0 1.42500 24.77500 0.00415 1.95137 11
1.11527 2.86777 0.00438 0 1.32500 24.85000 0.00415 1.95245 11
-0.89667 0.12266 0.00438 0 2.60000 64.72500 0.00415 1.24821 11
0.67360 -0.34640 0.00438 0 -2.42500 57.77500 0.00415 1.29160 11
-0.79027 0.40631 0.00438 0 2.45000 53.50000 0.00415 1.31732 11
1.08484 -0.22311 0.00438 0 -1.70000 45.15000 0.00415 1.35969 11
-0.95864 0.25006 0.00438 0 2.40000 39.70000 0.00415 1.38575 11
0.62960 0.24695 0.00438 0 -1.92500 33.62500 0.00415 1.41618 11
-0.46660 -0.45293 0.00438 0 2.25000 28.17500 0.00415 1.45236 11
0.74666 0.99994 0.00438 0 -1.50000 26.77500 0.00415 1.46772 11
-0.26107 -0.02713 0.00438 0 1.97500 23.72500 0.00415 1.49609 11
0.01714 -0.43879 0.00438 0 -2.05000 22.92500 0.00415 1.53009 11
0.12959 0.56381 0.00438 0 1.92500 23.22500 0.00415 1.54691 11
-0.04150 -0.63501 0.00438 0 -1.70000 21.95000 0.00415 1.57846 11
-0.04636 0.52376 0.00438 0 2.02500 22.10000 0.00415 1.59416 11
0.42445 -0.36672 0.00438 0 -1.62500 20.35000 0.00415 1.62198 11
-0.21119 0.40349 0.00438 0 1.90000 18.57500 0.00415 1.63894 11
0.41951 -1.22219 0.00438 0 -1.17500 19.50000 0.00415 1.66906 11
-0.31170 1.01982 0.00438 0 1.25000 18.65000 0.00415 1.67871 11
1.38646 -0.87054 0.00438 0 -1.15000 15.87500 0.00415 1.70726 11
-1.98321 2.29465 0.00438 0 0.60000 13.97500 0.00415 1.71678 11
0.33553 -0.34866 0.00438 0 -1.77500 11.57500 0.00415 1.73947 11
-0.45124 0.32940 0.00438 0 0.92500 10.20000 0.00415 1.75342 11
-12.14621 15.48724 0.00438 0 -0.27500 4.90000 0.00415 1.77612 11
0.34619 -1.17097 0.00438 0 -1.77500 4.97500 0.00415 1.79203 11
0.95416 -3.30369 0.00438 0 -1.42500 5.42500 0.00415 1.79888 11
-0.01611 -0.00547 0.00438 0 -0.70000 6.15000 0.00415 1.81859 11
0.24763 0.36496 0.00438 0 -1.45000 9.40000 0.00415 1.84657 11
0.19961 0.73780 0.00438 0 3.90000 29.30000 0.00415 1.45337 11
-5.47884 -0.33791 0.00438 0 3.90000 29.30000 0.00415 1.45338 11
-0.71198 -0.11448 0.00438 0 7.37500 64.80000 0.00415 1.18185 11
0.09678 -0.15825 0.00438 0 4.15000 60.22500 0.00415 1.20330 11
-0.12812 -0.02064 0.00438 0 -2.97500 59.05000 0.00415 1.23092 11
-0.11412 -0.26883 0.00438 0 4.15000 59.27500 0.00415 1.25727 11
0.14420 0.13323 0.00438 0 -3.17500 59.92500 0.00415 1.28140 11
-0.41235 -0.80686 0.00438 0 4.37500 61.22500 0.00415 1.30383 11
0.45335 0.88838 0.00438 0 7.20000 62.20000 0.00415 1.31521 11
0.72136 1.16239 0.00438 0 -4.30000 62.57500 0.00415 1.31812 11
0.32004 -0.72340 0.00438 0 5.77500 63.75000 0.00415 1.30549 11
-0.35792 0.19051 0.00438 0 -0.80000 61.95000 0.00415 1.33140 11
0.99092 -0.98198 0.00438 0 6.72500 56.40000 0.00415 1.36765 11
-0.50589 0.04737 0.00438 0 -0.62500 52.67500 0.00415 1.39391 11
0.56963 -0.73807 0.00438 0 6.55000 49.37500 0.00415 1.42406 11
-0.54697 0.19235 0.00438 0 -1.10000 46.30000 0.00415 1.44686 11
1.11176 -1.02414 0.00438 0 7.40000 40.55000 0.00415 1.47895 11
-0.70618 0.42991 0.00438 0 -1.17500 37.32500 0.00415 1.49801 11
-0.38245 0.86819 0.00438 0 -1.22500 32.75000 0.00415 1.54616 11
0.77922 -0.68674 0.00438 0 -4.40000 32.80000 0.00415 1.58010 11
2.03801 -1.80727 0.00438 0 8.07500 31.32500 0.00415 1.58647 11
-0.63315 -0.00099 0.00438 0 -1.27500 28.55000 0.00415 1.60286 11
0.62172 0.01973 0.00438 0 -4.05000 25.22500 0.00415 1.62206 11
-0.55816 0.01032 0.00438 0 -1.15000 22.65000 0.00415 1.64015 11
-0.03357 -0.66321 0.00438 0 -3.90000 20.20000 0.00415 1.66035 11
0.38013 0.71088 0.00438 0 -1.70000 20.82500 0.00415 1.66944 11
-0.98796 0.14347 0.00438 0 -3.85000 22.90000 0.00415 1.69206 11
1.99989 0.13345 0.00438 0 -2.05000 26.47500 0.00415 1.70967 11
-3.20707 -0.64160 0.00438 0 -1.97500 26.90000 0.00415 1.71118 11
4.12831 0.57446 0.00438 0 -1.35000 29.42500 0.00415 1.72050 11
-3.71712 -3.01759 0.00438 0 -1.27500 29.77500 0.00415 1.72205 11
0.94770 3.83306 0.00438 0 -0.82500 30.02500 0.00415 1.72419 11
-2.57220 -1.08010 0.00438 0 -3.32500 58.77500 0.00415 0.99544 11
1.15578 0.74997 0.00438 0 5.10000 54.80000 0.00415 1.01438 11
-0.20209 2.20209 0.00438 0 5.85000 49.12500 0.00415 1.07919 11
0.58930 -0.40704 0.00438 0 -2.67500 62.85000 0.00415 1.21602 11
-0.65048 0.32856 0.00438 0 1.42500 59.50000 0.00415 1.23767 11
0.84893 -0.23642 0.00438 0 -2.55000 54.82500 0.00415 1.26546 11
-0.86572 0.24994 0.00438 0 1.17500 50.70000 0.00415 1.28826 11
