-0.27813 2.11281 0.00542 0 -4.30000 7.65000 0.00416 1.85003 11
-1.84231 -2.51122 0.00542 0 -1.47500 -59.42500 0.00416 0.91592 11
1.94523 2.78246 0.00542 0 1.32500 -57.55000 0.00416 0.92740 11
-1.84680 -1.69432 0.00542 0 -1.47500 -40.97500 0.00416 1.01345 11
1.60693 1.77267 0.00542 0 1.37500 -38.35000 0.00416 1.02672 11
-1.34476 -2.82862 0.00542 0 -0.75000 -26.17500 0.00416 1.09702 11
0.94507 2.47267 0.00542 0 1.92500 -25.35000 0.00416 1.10653 11
-0.25595 -0.08104 0.00542 0 -1.55000 3.25000 0.00416 1.31009 11
0.28002 0.07368 0.00542 0 2.67500 4.65000 0.00416 1.33240 11
-0.36603 -0.35628 0.00542 0 -0.80000 6.57500 0.00416 1.35845 11
0.53930 0.48000 0.00542 0 2.40000 8.22500 0.00416 1.37362 11
-0.62812 -0.12287 0.00542 0 0.20000 13.25000 0.00416 1.39822 11
0.42264 0.04244 0.00542 0 3.27500 15.30000 0.00416 1.41611 11
-0.50998 -0.45398 0.00542 0 0.87500 19.22500 0.00416 1.43789 11
0.49149 0.57543 0.00542 0 3.42500 20.82500 0.00416 1.45035 11
-0.01606 -0.27123 0.00542 0 1.10000 22.32500 0.00416 1.47385 11
0.38895 0.01697 0.00542 0 3.87500 22.15000 0.00416 1.48699 11
-0.48900 0.05743 0.00542 0 1.92500 24.97500 0.00416 1.50159 11
0.70522 -0.04289 0.00542 0 3.87500 27.30000 0.00416 1.51550 11
-1.14349 0.38077 0.00542 0 1.97500 30.05000 0.00416 1.53026 11
-32.83650 13.09608 0.00542 0 2.50000 33.97500 0.00416 1.54850 11
0.56627 -0.41099 0.00542 0 3.10000 36.77500 0.00416 1.57176 11
-796.18726 37.97642 0.00542 0 2.55000 35.65000 0.00416 1.58902 11
-0.31848 0.12018 0.00542 0 0.52500 -16.82500 0.00416 1.19405 11
-0.00887 -0.41603 0.00542 0 2.07500 -16.55000 0.00416 1.20887 11
-1.50441 -2.64673 0.00542 0 -1.30000 -59.55000 0.00416 0.91556 11
1.36315 3.04105 0.00542 0 0.22500 -58.85000 0.00416 0.92661 11
0.12905 -0.39383 0.00542 0 -4.50000 -59.07500 0.00416 0.97096 11
0.55523 -1.90779 0.00542 0 8.07500 -59.20000 0.00416 0.97415 11
-0.28298 0.48012 0.00542 0 1.12500 -60.80000 0.00416 0.99576 11
0.38337 -0.29796 0.00542 0 -4.27500 -63.30000 0.00416 1.04094 11
-1.96942 -3.42836 0.00542 0 -1.40000 -59.42500 0.00416 0.91598 11
2.34301 5.42641 0.00542 0 0.62500 -58.32500 0.00416 0.92388 11
4.49926 6.32256 0.00542 0 -3.42500 -57.05000 0.00416 0.92912 11
-6.09382 -2.57068 0.00542 0 -4.42500 -58.40000 0.00416 0.92162 11
-2.14995 -0.01726 0.00542 0 5.77500 -46.55000 0.00416 0.96270 11
6.14547 -4.11672 0.00542 0 -2.55000 -24.65000 0.00416 1.04389 11
2.30323 -0.70844 0.00542 0 -1.10000 -22.45000 0.00416 1.04638 11
-0.54552 -1.39718 0.00542 0 -1.67500 -13.30000 0.00416 1.10061 11
0.42581 0.64062 0.00542 0 0.17500 -12.85000 0.00416 1.10788 11
-0.22323 -0.81918 0.00542 0 -1.87500 -10.70000 0.00416 1.12642 11
0.19498 0.89651 0.00542 0 -0.27500 -10.25000 0.00416 1.13298 11
-19.17503 22.63899 0.00542 0 -0.62500 -13.12500 0.00416 1.15757 11
-1.31242 0.37103 0.00542 0 -1.82500 -13.22500 0.00416 1.10046 11
1.32982 -0.44508 0.00542 0 -0.70000 -10.90000 0.00416 1.11417 11
0.04706 0.34958 0.00542 0 -0.90000 -10.50000 0.00416 1.11627 11
0.10844 0.02734 0.00542 0 0.22500 -10.82500 0.00416 1.12460 11
5.74996 -0.06789 0.00542 0 -4.00000 -26.27500 0.00416 1.03490 11
-52.15560 -95.91221 0.00542 0 -4.00000 -26.12500 0.00416 1.03492 11
1.60949 -0.11262 0.00542 0 -3.47500 -51.12500 0.00416 0.94754 11
7.42131 1.28383 0.00542 0 -3.12500 -49.40000 0.00416 0.95212 11
-0.36301 0.22773 0.00542 0 -3.90000 -46.42500 0.00416 0.97495 11
0.27546 -0.28849 0.00542 0 -2.27500 -45.62500 0.00416 0.98750 11
0.51365 -0.48850 0.00542 0 -2.00000 -45.12500 0.00416 0.99030 11
-1.46336 -1.86634 0.00542 0 1.00000 -59.65000 0.00416 0.91516 11
1.38086 1.85157 0.00542 0 5.30000 -56.45000 0.00416 0.93367 11
-0.62811 -1.73517 0.00542 0 -0.32500 -48.55000 0.00416 1.01273 11
0.59513 1.61283 0.00542 0 4.07500 -47.22500 0.00416 1.02879 11
-1.33822 -2.09414 0.00542 0 1.65000 -40.70000 0.00416 1.08725 11
1.96310 2.19165 0.00542 0 3.75000 -39.27500 0.00416 1.09599 11
-1.71526 -2.87546 0.00542 0 0.75000 -31.17500 0.00416 1.14139 11
1.38238 2.91245 0.00542 0 2.27500 -30.47500 0.00416 1.14713 11
-1.35453 -14.00167 0.00542 0 2.37500 49.60000 0.00416 2.15864 11
-5.60128 -5.81986 0.00542 0 -2.82500 -59.42500 0.00416 0.91705 11
8.98761 8.87620 0.00542 0 -1.65000 -58.27500 0.00416 0.92255 11
1.43112 1.08351 0.00542 0 -1.02500 -38.87500 0.00416 1.01079 11
-0.69870 -3.11566 0.00542 0 -3.67500 -28.27500 0.00416 1.08399 11
0.40069 3.18392 0.00542 0 -1.50000 -28.00000 0.00416 1.09152 11
-0.37702 -1.11523 0.00542 0 -2.97500 -24.00000 0.00416 1.16056 11
0.29214 1.00708 0.00542 0 1.42500 -22.72500 0.00416 1.17753 11
-0.36222 -1.07929 0.00542 0 -2.90000 -21.82500 0.00416 1.23027 11
0.44678 1.32644 0.00542 0 1.02500 -20.82500 0.00416 1.24509 11
-0.39844 -0.65852 0.00542 0 -3.30000 -17.45000 0.00416 1.29160 11
0.42817 0.63197 0.00542 0 1.10000 -15.42500 0.00416 1.31014 11
0.02437 -0.64348 0.00542 0 -3.87500 -16.92500 0.00416 1.35105 11
0.00770 0.68615 0.00542 0 0.67500 -16.85000 0.00416 1.36891 11
-0.04104 -0.80240 0.00542 0 -4.05000 -18.02500 0.00416 1.40843 11
0.03025 0.74023 0.00542 0 0.17500 -17.70000 0.00416 1.42486 11
0.13457 -0.54494 0.00542 0 -4.47500 -17.97500 0.00416 1.46153 11
-0.28599 0.55026 0.00542 0 -0.02500 -18.85000 0.00416 1.47992 11
0.44706 -0.60780 0.00542 0 -4.27500 -22.55000 0.00416 1.51498 11
-0.41330 0.73464 0.00542 0 -0.45000 -24.27500 0.00416 1.53132 11
0.14502 -0.85390 0.00542 0 -4.40000 -26.72500 0.00416 1.56573 11
-0.44518 1.01757 0.00542 0 -1.02500 -27.85000 0.00416 1.57931 11
-0.15702 -1.07115 0.00542 0 -3.65000 -30.00000 0.00416 1.61588 11
0.27211 1.15582 0.00542 0 -1.07500 -29.57500 0.00416 1.62555 11
-0.76433 -0.41645 0.00542 0 -3.87500 -27.32500 0.00416 1.65444 11
0.92898 0.42758 0.00542 0 -1.27500 -24.72500 0.00416 1.66892 11
-1.27369 1.13530 0.00542 0 -1.57500 -16.30000 0.00416 1.70387 11
1.53781 -1.20825 0.00542 0 -0.40000 -11.17500 0.00416 1.72933 11
5.55035 36.14852 0.00542 0 -0.32500 -10.40000 0.00416 1.73268 11
-1.58491 -0.75471 0.00542 0 0.52500 -59.60000 0.00416 0.91508 11
1.90309 0.84058 0.00542 0 5.07500 -52.25000 0.00416 0.94548 11
-5.58309 -2.89585 0.00542 0 2.35000 -31.30000 0.00416 1.02502 11
6.68822 2.37341 0.00542 0 3.30000 -29.32500 0.00416 1.03270 11
-4.85531 -3.75370 0.00542 0 3.92500 -41.67500 0.00416 0.98369 11
21.56016 28.60024 0.00542 0 4.70000 -40.77500 0.00416 0.98787 11
-3.63708 -2.79459 0.00542 0 3.87500 -32.00000 0.00416 1.03224 11
5.40376 3.06994 0.00542 0 4.25000 -31.47500 0.00416 1.03460 11
-0.57664 -1.76642 0.00542 0 2.45000 -26.57500 0.00416 1.05707 11
0.33711 1.18459 0.00542 0 4.40000 -26.20000 0.00416 1.06461 11
-0.73203 -1.37873 0.00542 0 3.05000 -24.57500 0.00416 1.08892 11
0.41129 0.82692 0.00542 0 4.57500 -23.80000 0.00416 1.09558 11
-0.46938 0.26496 0.00542 0 2.35000 -21.80000 0.00416 1.11910 11
0.59529 -0.01440 0.00542 0 3.82500 -19.20000 0.00416 1.14949 11
0.05366 0.19895 0.00542 0 2.20000 -19.02500 0.00416 1.15859 11
0.00723 -0.88010 0.00542 0 3.52500 -19.37500 0.00416 1.16997 11
-3.57395 -2.81169 0.00542 0 -3.95000 -58.85000 0.00416 0.91924 11
4.52708 2.83183 0.00542 0 -2.02500 -56.55000 0.00416 0.92941 11
-13.78609 10.88146 0.00542 0 -3.10000 -31.42500 0.00416 1.02591 11
-1.18216 0.33785 0.00542 0 7.60000 -29.60000 0.00416 1.03227 11
3.93539 4.44311 0.00542 0 -3.92500 4.67500 0.00416 1.24842 11
-3.36268 0.08144 0.00316 0 -0.92500 30.67500 0.00044 0.21515 11
2.75931 -0.28081 0.00316 0 0.50000 39.22500 0.00044 0.24553 11
-3.03584 1.93422 0.00316 0 -1.72500 44.70000 0.00044 0.26668 11
1.81726 -3.32836 0.00316 0 0.32500 52.47500 0.00044 0.30872 11
-0.96525 1.88677 0.00316 0 -1.07500 53.10000 0.00044 0.30985 11
2.35695 -4.89971 0.00316 0 0.52500 61.77500 0.00044 1.22244 11
5.94522 -8.76835 0.00316 0 0.67500 61.70000 0.00044 1.22304 11
-1.46461 2.09729 0.00316 0 1.65000 60.95000 0.00044 1.22729 11
-0.17287 -0.33474 0.00316 0 1.00000 58.42500 0.00044 1.25895 11
-0.04398 0.31982 0.00316 0 3.70000 58.92500 0.00044 1.27214 11
1.03995 -0.65701 0.00316 0 1.37500 57.92500 0.00044 1.29167 11
-1.28182 0.39365 0.00316 0 2.92500 56.12500 0.00044 1.30090 11
4.52152 -8.04461 0.00316 0 2.22500 52.47500 0.00044 1.31880 11
0.26599 0.34570 0.00316 0 2.00000 51.45000 0.00044 1.32994 11
-0.45073 -0.35500 0.00316 0 3.55000 50.30000 0.00044 1.34339 11
-0.60502 -0.13726 0.01003 0 0.25000 61.32500 0.00100 1.30786 11
0.63232 0.04128 0.01003 0 -4.35000 57.32500 0.00100 1.33343 11
1.07597 -0.66108 0.01003 0 7.87500 56.87500 0.00100 1.33633 11
1.61731 0.35737 0.01003 0 7.30000 49.27500 0.00100 1.37349 11
-0.23757 -0.15649 0.01003 0 -2.30000 42.80000 0.00100 1.40500 11
0.23756 -0.03358 0.01003 0 5.65000 41.95000 0.00100 1.42628 11
-6.94079 -5.35240 0.01003 0 -2.90000 37.15000 0.00100 1.46145 11
2.22827 0.10129 0.01003 0 8.15000 35.50000 0.00100 1.46922 11
-0.79779 1.03390 0.01003 0 -3.40000 20.62500 0.00100 1.52610 11
1.39871 0.30485 0.01003 0 7.10000 13.87500 0.00100 1.55341 11
-0.33226 -0.60043 0.01003 0 7.15000 10.37500 0.00100 1.57790 11
0.32104 1.03782 0.01003 0 8.50000 10.62500 0.00100 1.58343 11
0.21467 -0.27992 0.01003 0 -3.10000 10.92500 0.00100 1.58819 11
0.44496 -0.14255 0.01003 0 7.35000 12.22500 0.00100 1.60120 11
0.38056 0.62033 0.01003 0 7.42500 8.82500 0.00100 1.62078 11
4.56970 5.40252 0.01003 0 8.20000 8.92500 0.00100 1.63700 11
0.43234 0.14970 0.00997 0 3.35000 63.15000 0.00842 1.59009 -11
-0.31114 -0.40894 0.00997 0 3.35000 56.22500 0.00842 1.65433 -11
0.24156 0.17873 0.00997 0 3.70000 51.10000 0.00842 1.72137 -11
-0.35902 -0.41364 0.00997 0 4.82500 46.35000 0.00842 1.77657 -11
0.21577 0.03858 0.00997 0 4.42500 40.85000 0.00842 1.84149 -11
-0.18716 -0.39670 0.00997 0 5.20000 36.75000 0.00842 1.90116 -11
0.30209 0.00141 0.00997 0 4.30000 33.25000 0.00842 1.95850 -11
-0.40717 -0.77413 0.00997 0 4.62500 28.57500 0.00842 2.01617 -11
0.30149 0.16705 0.00997 0 2.02500 22.32500 0.00842 2.08525 -11
-0.56665 -0.24778 0.00997 0 5.62500 15.75000 0.00842 2.13458 -11
1.99751 -0.42292 0.00997 0 1.25000 7.65000 0.00842 2.17875 -11
-2.20765 1.03461 0.00997 0 -1.52500 -9.55000 0.00842 2.24331 -11
2.04356 -2.56644 0.00997 0 1.60000 -13.65000 0.00842 2.26095 -11
-0.60381 2.24497 0.00997 0 -1.10000 -22.77500 0.00842 2.32830 -11
1.24995 -0.63873 0.00997 0 0.72500 -23.17500 0.00842 2.33472 -11
0.82199 0.03473 0.00997 0 -2.35000 -23.10000 0.00842 2.36351 -11
-1.11209 0.28088 0.00997 0 2.47500 -18.75000 0.00842 2.39325 -11
1.14990 -0.31483 0.00997 0 -1.17500 -13.87500 0.00842 2.41653 -11
-0.67901 1.07534 0.00997 0 1.42500 -4.82500 0.00842 2.45536 -11
0.13707 -1.01346 0.00997 0 -1.72500 -4.47500 0.00842 2.46706 -11
-0.00298 0.64990 0.00997 0 1.90000 -2.87500 0.00842 2.50480 -11
-0.09465 -0.71580 0.00997 0 -2.02500 -3.07500 0.00842 2.52066 -11
0.13222 1.00297 0.00997 0 1.65000 -3.30000 0.00842 2.55597 -11
-0.20729 -0.94572 0.00997 0 -1.50000 -3.85000 0.00842 2.56807 -11
-0.11496 0.42805 0.00997 0 2.32500 -4.80000 0.00842 2.59798 -11
0.10444 -0.36915 0.00997 0 -1.50000 -4.40000 0.00842 2.61447 -11
-0.24372 0.23164 0.00997 0 1.95000 -4.67500 0.00842 2.64268 -11
0.30167 -0.18627 0.00997 0 -1.60000 -3.05000 0.00842 2.66100 -11
-0.58399 -0.28207 0.00997 0 2.02500 -2.10000 0.00842 2.68165 -11
0.64293 0.16607 0.00997 0 -0.92500 1.40000 0.00842 2.70484 -11
-0.35708 -0.31037 0.00997 0 2.22500 4.12500 0.00842 2.72710 -11
0.69980 0.47293 0.00657 0 6.55000 54.92500 0.00637 0.73401 -11
-0.61482 -0.39629 0.00657 0 -3.27500 48.92500 0.00637 0.77946 -11
0.91257 0.39067 0.00657 0 3.95000 34.77500 0.00637 0.84636 -11
-0.20170 -1.36161 0.00657 0 7.70000 29.57500 0.00637 0.88536 -11
0.24203 0.35726 0.00657 0 4.25000 25.95000 0.00637 0.95251 -11
-0.32893 -0.57996 0.00657 0 -3.82500 23.47500 0.00637 0.98729 -11
0.38438 0.26555 0.00657 0 4.27500 17.82500 0.00637 1.04601 -11
-1.08592 0.79135 0.00657 0 -1.20000 13.87500 0.00637 1.08249 -11
1.24184 -0.95405 0.00657 0 2.60000 10.62500 0.00637 1.10013 -11
-1.05654 0.56445 0.00657 0 -0.47500 -1.50000 0.00637 1.15359 -11
1.01058 -0.27573 0.00657 0 4.10000 -7.22500 0.00637 1.18205 -11
0.10614 1.18723 0.00657 0 -0.47500 63.85000 0.00637 0.86575 -11
-0.06801 -1.53445 0.00657 0 2.92500 63.12500 0.00637 0.89785 -11
0.13443 0.99148 0.00657 0 -0.55000 59.55000 0.00637 0.98164 -11
-0.10026 -1.28618 0.00657 0 2.75000 58.40000 0.00637 1.01482 -11
-0.07289 1.07428 0.00657 0 -1.52500 56.77500 0.00637 1.10010 -11
0.11686 -1.10148 0.00657 0 1.57500 57.30000 0.00637 1.13467 -11
-0.01635 0.41270 0.00657 0 -0.42500 58.07500 0.00637 1.20152 -11
-0.10657 -0.03629 0.00657 0 0.70000 57.85000 0.00637 1.25778 -11
-0.02325 -0.10926 0.00657 0 -1.40000 57.72500 0.00637 1.30385 -11
0.07523 0.26822 0.00657 0 1.55000 58.05000 0.00637 1.36394 -11
-0.30506 -0.54863 0.00657 0 -2.12500 58.85000 0.00637 1.39741 -11
0.26297 0.46100 0.00657 0 2.97500 63.77500 0.00637 1.46731 -11
-0.06569 -0.29417 0.00657 0 0.60000 57.90000 0.00637 1.25770 -11
0.50928 -10.53133 0.00657 0 0.60000 57.90000 0.00637 1.25770 -11
-1.19104 -0.10753 0.00657 0 -1.77500 57.80000 0.00637 0.65851 -11
1.21571 -0.35190 0.00657 0 4.65000 46.57500 0.00637 0.70694 -11
-0.87290 0.38058 0.00657 0 -1.25000 32.65000 0.00637 0.77273 -11
2.01136 -1.64903 0.00657 0 4.02500 26.45000 0.00637 0.80283 -11
-1.00325 -0.02810 0.00657 0 -1.70000 -60.65000 0.00637 1.16723 -11
0.46729 0.29869 0.00657 0 6.95000 61.17500 0.00637 0.72412 -11
-0.55831 -0.13195 0.00657 0 -2.05000 53.42500 0.00637 0.77424 -11
0.55222 0.10774 0.00657 0 7.07500 45.70000 0.00637 0.82823 -11
-0.64207 0.01014 0.00657 0 -1.82500 37.85000 0.00637 0.88125 -11
0.64101 0.18598 0.00657 0 6.82500 31.20000 0.00637 0.93447 -11
-0.23783 -0.34013 0.00657 0 -0.80000 25.52500 0.00637 0.97432 -11
0.11170 0.56552 0.00657 0 -3.97500 25.35000 0.00637 1.02712 -11
0.16510 0.29232 0.00657 0 7.67500 25.25000 0.00637 1.02981 -11
-0.32075 -0.30453 0.00657 0 -0.35000 22.97500 0.00637 1.06708 -11
0.39854 0.38323 0.00657 0 6.92500 18.17500 0.00637 1.11910 -11
-0.31705 -0.36618 0.00657 0 -0.15000 14.40000 0.00637 1.15222 -11
0.23516 0.15266 0.00657 0 6.50000 9.52500 0.00637 1.19726 -11
0.21240 -0.10169 0.00657 0 -1.12500 10.75000 0.00637 1.23543 -11
-0.22813 -0.17816 0.00657 0 4.90000 15.17500 0.00637 1.27137 -11
0.07065 0.52737 0.00657 0 -0.65000 18.70000 0.00637 1.31277 -11
-0.47440 -0.48536 0.00657 0 3.90000 20.62500 0.00637 1.33178 -11
0.14971 0.30520 0.00657 0 -1.52500 24.35000 0.00637 1.37193 -11
0.02333 -0.73144 0.00657 0 3.42500 25.25000 0.00637 1.39280 -11
0.03612 0.36749 0.00657 0 -1.15000 25.87500 0.00637 1.42886 -11
-0.42245 -0.16930 0.00657 0 3.87500 27.00000 0.00637 1.45236 -11
0.03695 0.19850 0.00657 0 -0.07500 28.90000 0.00637 1.47812 -11
0.11010 -0.54572 0.00657 0 4.30000 28.30000 0.00637 1.49853 -11
-0.25591 1.47679 0.00657 0 1.02500 24.95000 0.00637 1.53676 -11
0.73566 -3.72440 0.00657 0 3.52500 25.17500 0.00637 1.54597 -11
0.39890 1.05751 0.00657 0 3.82500 60.55000 0.00637 0.86520 -11
-0.34165 -0.91224 0.00657 0 -3.90000 58.37500 0.00637 0.89500 -11
-0.00700 0.76130 0.00657 0 4.57500 53.02500 0.00637 0.97728 -11
0.06047 -0.72600 0.00657 0 -4.10000 53.50000 0.00637 1.01103 -11
-0.05854 0.65630 0.00657 0 4.72500 53.52500 0.00637 1.08919 -11
0.96492 -3.05580 0.00657 0 8.25000 54.20000 0.00637 1.12250 -11
-0.54624 0.80173 0.00657 0 2.65000 61.20000 0.00637 1.19481 -11
0.56574 -0.81986 0.00657 0 -3.92500 64.32500 0.00637 1.22208 -11
0.17505 3.12700 0.00657 0 -1.57500 62.92500 0.00637 0.74895 -11
0.52706 2.99494 0.00657 0 -1.62500 59.62500 0.00637 0.86366 -11
-0.10384 2.46302 0.00657 0 -1.82500 54.12500 0.00637 0.97463 -11
-0.18563 3.21284 0.00657 0 -1.72500 56.05000 0.00637 1.08103 -11
0.04462 -3.81604 0.00657 0 -4.15000 56.15000 0.00637 1.08932 -11
0.11086 1.75276 0.00657 0 -1.15000 56.07500 0.00637 1.18027 -11
1.41725 0.99719 0.00657 0 -2.50000 46.10000 0.00637 1.25283 -11
2.35704 0.05693 0.00657 0 -2.47500 28.72500 0.00637 1.32319 -11
-9.04432 -3.96125 0.00657 0 7.90000 21.00000 0.00637 1.35098 -11
2.94020 1.05251 0.00657 0 7.42500 19.92500 0.00637 1.35476 -11
-3.08094 -0.07477 0.00657 0 5.87500 16.00000 0.00637 1.36934 -11
2.22226 0.47974 0.00657 0 7.27500 10.72500 0.00637 1.38913 -11
-1.01901 -0.24761 0.00657 0 4.70000 6.75000 0.00637 1.40648 -11
0.80247 0.15340 0.00657 0 -4.20000 3.35000 0.00637 1.42489 -11
0.80385 -0.12223 0.00657 0 7.75000 2.85000 0.00637 1.42784 -11
-0.96691 0.12705 0.00657 0 4.92500 -1.30000 0.00637 1.44997 -11
0.32196 -0.63243 0.00657 0 6.47500 -3.37500 0.00637 1.45958 -11
-12.82202 19.45979 0.00657 0 3.82500 -9.17500 0.00637 1.56073 -11
-0.24260 -0.38200 0.00657 0 0.55000 64.25000 0.00637 0.87486 -11
0.00995 0.20114 0.00657 0 -1.52500 62.87500 0.00637 0.92673 -11
-0.11765 -0.22242 0.00657 0 1.10000 62.12500 0.00637 0.97274 -11
-0.06938 0.26641 0.00657 0 -1.42500 61.60000 0.00637 1.02060 -11
-0.14177 -0.17476 0.00657 0 1.35000 60.07500 0.00637 1.06862 -11
0.07686 0.33973 0.00657 0 -1.82500 58.10000 0.00637 1.11577 -11
0.25640 0.17762 0.00657 0 1.90000 60.55000 0.00637 1.16255 -11
-0.36215 -0.12325 0.00657 0 -2.65000 62.50000 0.00637 1.19592 -11
-0.23820 -0.46001 0.00657 0 1.70000 62.35000 0.00637 0.78039 -11
0.20223 0.44430 0.00657 0 0.40000 59.77500 0.00637 0.84484 -11
-0.32420 -0.75096 0.00657 0 2.90000 56.45000 0.00637 0.88723 -11
0.70401 0.98008 0.00657 0 -0.32500 50.62500 0.00637 0.95951 -11
-0.84449 -1.49685 0.00657 0 4.37500 46.57500 0.00637 0.99045 -11
0.44371 0.70671 0.00657 0 0.22500 40.72500 0.00637 1.06420 -11
-0.62567 -1.30966 0.00657 0 4.30000 37.12500 0.00637 1.09775 -11
0.45014 0.83468 0.00657 0 -0.35000 32.72500 0.00637 1.17206 -11
-0.45674 -1.17272 0.00657 0 4.00000 29.72500 0.00637 1.20357 -11
0.64026 0.25538 0.00657 0 -0.55000 19.92500 0.00637 1.26640 -11
-0.14486 0.07876 0.00657 0 2.77500 13.95000 0.00637 1.31881 -11
-0.14456 -0.29401 0.00657 0 -1.40000 15.22500 0.00637 1.35106 -11
-0.11250 0.24625 0.00657 0 2.92500 16.70000 0.00637 1.40547 -11
-0.26582 -0.09617 0.00657 0 -1.10000 17.65000 0.00637 1.44091 -11
-0.04333 -0.25681 0.00657 0 4.17500 20.37500 0.00637 1.48037 -11
-0.12498 0.13425 0.00657 0 -0.25000 22.50000 0.00637 1.52417 -11
-0.10889 -0.67869 0.00657 0 7.45000 22.20000 0.00637 1.54714 -11
0.15320 0.04270 0.00657 0 2.15000 20.82500 0.00637 1.58253 -11
-0.41713 -0.11386 0.00657 0 -4.07500 17.25000 0.00637 1.61666 -11
0.57597 -0.21800 0.00657 0 1.90000 13.60000 0.00637 1.65030 -11
-0.36267 -0.42002 0.00657 0 8.25000 8.47500 0.00637 1.68861 -11
-0.54841 0.40147 0.00657 0 -3.72500 7.97500 0.00637 1.69210 -11
-0.07575 0.16901 0.00657 0 1.82500 9.87500 0.00637 1.72901 -11
0.22049 -0.09194 0.00657 0 -3.95000 10.72500 0.00637 1.75721 -11
-0.02970 -0.13617 0.00657 0 1.10000 9.77500 0.00637 1.78369 -11
-0.18041 0.35052 0.00657 0 -2.37500 9.75000 0.00637 1.80824 -11
0.01804 -0.23517 0.00657 0 1.55000 9.15000 0.00637 1.82473 -11
-0.49908 0.05640 0.00657 0 -2.57500 7.47500 0.00637 1.85215 -11
0.69210 0.32263 0.00657 0 0.77500 4.02500 0.00637 1.87786 -11
-0.86874 -0.02514 0.00657 0 -2.35000 0.95000 0.00637 1.89655 -11
0.95637 0.02039 0.00657 0 0.57500 -2.20000 0.00637 1.91476 -11
-1.11536 0.03113 0.00657 0 -2.10000 -5.82500 0.00637 1.93402 -11
-3.49156 -0.06966 0.00657 0 -1.27500 -10.67500 0.00637 1.95039 -11
0.81257 0.18836 0.00657 0 -0.05000 -15.20000 0.00637 1.97605 -11
-0.63840 -0.22559 0.00657 0 -1.72500 -16.95000 0.00637 1.98592 -11
0.42957 0.11972 0.00657 0 0.10000 -18.30000 0.00637 1.99680 -11
-0.22153 0.03436 0.00657 0 -1.72500 -19.37500 0.00637 2.00805 -11
0.12885 0.49127 0.00657 0 2.20000 63.17500 0.00637 0.97146 -11
-0.04666 -0.39046 0.00657 0 4.75000 62.17500 0.00637 1.01484 -11
0.01006 0.00960 0.00657 0 2.92500 61.55000 0.00637 1.07201 -11
0.13448 -0.46688 0.00657 0 4.52500 63.55000 0.00637 1.12689 -11
0.05772 0.08802 0.00657 0 2.27500 64.32500 0.00637 1.18046 -11
-0.36249 -0.55293 0.00657 0 5.55000 62.60000 0.00637 1.22356 -11
0.27356 -0.01481 0.00657 0 1.97500 58.07500 0.00637 1.27294 -11
-0.69055 0.12099 0.00657 0 5.82500 53.40000 0.00637 1.32852 -11
0.56117 -0.12855 0.00657 0 0.17500 48.85000 0.00637 1.35871 -11
-0.27373 -0.21501 0.00657 0 4.87500 44.72500 0.00637 1.40314 -11
0.23535 -0.01991 0.00657 0 -0.12500 40.10000 0.00637 1.44045 -11
-0.07098 -0.28616 0.00657 0 3.50000 39.62500 0.00637 1.48719 -11
-0.10909 0.07953 0.00657 0 -1.45000 37.70000 0.00637 1.52680 -11
-0.14079 -0.17039 0.00657 0 4.02500 37.92500 0.00637 1.56183 -11
0.25356 0.06387 0.00657 0 -1.92500 36.37500 0.00637 1.59048 -11
0.01657 0.29623 0.00657 0 3.82500 34.95000 0.00637 1.62978 -11
0.01365 -0.25633 0.00657 0 -3.40000 34.85000 0.00637 1.64865 -11
-0.16868 0.54364 0.00657 0 3.87500 34.27500 0.00637 1.68846 -11
0.89035 -0.89626 0.00657 0 7.77500 32.62500 0.00637 1.70496 -11
0.33632 1.32222 0.00657 0 5.02500 12.52500 0.00637 1.83173 -11
1.30472 -0.76976 0.00657 0 7.02500 13.35000 0.00637 1.84090 -11
-1.07822 0.68057 0.00657 0 5.20000 9.60000 0.00637 1.86158 -11
0.70817 -0.55597 0.00657 0 6.10000 4.37500 0.00637 1.88137 -11
-0.47329 0.72673 0.00657 0 4.55000 2.90000 0.00637 1.89873 -11
-1.66176 -1.14835 0.00657 0 5.90000 1.90000 0.00637 1.91157 -11
54.11233 -12.07130 0.00657 0 5.52500 6.02500 0.00637 1.94427 -11
1.19178 -1.53269 0.00657 0 5.27500 6.32500 0.00637 1.94650 -11
-0.07285 1.41498 0.00657 0 0.55000 63.27500 0.00637 0.86905 -11
-0.59851 6.06896 0.00657 0 8.42500 63.65000 0.00637 0.88446 -11
0.63597 -6.11341 0.00657 0 6.85000 63.80000 0.00637 0.89005 -11
-0.16156 1.25500 0.00657 0 1.20000 64.80000 0.00637 0.97739 -11
0.55464 1.16058 0.00657 0 0.90000 64.20000 0.00637 1.19696 -11
2.41460 6.19996 0.00657 0 8.42500 62.57500 0.00637 1.21455 -11
-1.83646 -3.89662 0.00657 0 6.25000 61.60000 0.00637 1.22274 -11
0.98301 0.77457 0.00657 0 -0.60000 52.05000 0.00637 1.30933 -11
-1.08343 -1.06496 0.00657 0 4.65000 45.77500 0.00637 1.34339 -11
0.73816 0.76997 0.00657 0 0.05000 35.32500 0.00637 1.41139 -11
-0.92559 -1.30028 0.00657 0 5.15000 30.57500 0.00637 1.44278 -11
0.40507 0.48674 0.00657 0 -0.00000 21.50000 0.00637 1.51303 -11
-0.41824 -0.29897 0.00657 0 3.75000 18.37500 0.00637 1.55285 -11
0.58307 0.05764 0.00657 0 -1.60000 13.92500 0.00637 1.59222 -11
-0.66234 -0.56892 0.00657 0 5.05000 9.65000 0.00637 1.62311 -11
0.37905 0.74227 0.00657 0 -1.42500 5.12500 0.00637 1.66585 -11
-0.40919 -1.48907 0.00657 0 5.52500 3.55000 0.00637 1.68665 -11
-0.09063 1.08774 0.00657 0 -2.17500 2.80000 0.00637 1.73555 -11
-0.66107 2.04491 0.00657 0 8.12500 3.00000 0.00637 1.74271 -11
0.60848 -2.20681 0.00657 0 5.57500 3.80000 0.00637 1.75206 -11
-0.34018 0.81850 0.00657 0 -2.90000 8.30000 0.00637 1.79722 -11
-0.49166 2.12947 0.00657 0 8.07500 8.67500 0.00637 1.80239 -11
0.34702 -2.60145 0.00657 0 6.12500 8.97500 0.00637 1.80931 -11
-0.06554 1.04602 0.00657 0 -2.60000 10.20000 0.00637 1.84903 -11
-1.00459 2.41351 0.00657 0 8.02500 10.20000 0.00637 1.85511 -11
1.09734 -2.35469 0.00657 0 6.52500 10.87500 0.00637 1.86085 -11
-0.15697 1.35513 0.00657 0 -3.32500 11.50000 0.00637 1.89109 -11
0.59931 1.85698 0.00657 0 7.40000 11.60000 0.00637 1.89638 -11
-1.34340 -3.74450 0.00657 0 6.27500 11.20000 0.00637 1.90070 -11
3.54266 0.51958 0.00657 0 5.60000 10.62500 0.00637 1.90430 -11
2.30045 -0.16698 0.00657 0 5.57500 10.40000 0.00637 1.90538 -11
-1.29781 0.97222 0.00657 0 4.52500 7.72500 0.00637 1.91992 -11
0.74371 -2.91565 0.00657 0 4.40000 7.65000 0.00637 1.92326 -11
-0.44568 -0.16910 0.00657 0 -2.27500 64.72500 0.00637 0.70606 -11
0.61205 0.28267 0.00657 0 3.02500 57.42500 0.00637 0.74746 -11
-0.64885 -0.27863 0.00657 0 -2.40000 52.77500 0.00637 0.77701 -11
0.29686 0.82880 0.00657 0 3.00000 50.20000 0.00637 0.82386 -11
-0.21895 -0.85307 0.00657 0 -1.80000 49.20000 0.00637 0.84262 -11
0.11641 0.41768 0.00657 0 3.47500 47.45000 0.00637 0.88640 -11
-0.29857 -0.34834 0.00657 0 -2.17500 46.62500 0.00637 0.91122 -11
0.50549 0.10282 0.00657 0 3.10000 42.12500 0.00637 0.94526 -11
-0.09260 0.40125 0.00657 0 -3.35000 40.17500 0.00637 0.98134 -11
0.09110 0.08673 0.00657 0 1.10000 37.87500 0.00637 1.00376 -11
-0.26864 -0.21531 0.00657 0 8.05000 36.65000 0.00637 1.03127 -11
-0.32163 0.59510 0.00657 0 -3.80000 36.45000 0.00637 1.03426 -11
-0.04383 -0.24958 0.00657 0 -0.25000 35.92500 0.00637 1.04952 -11
0.12026 0.13784 0.00657 0 -3.60000 36.57500 0.00637 1.07115 -11
0.12096 0.14681 0.00657 0 -0.40000 34.97500 0.00637 1.09194 -11
-0.21670 -0.41072 0.00657 0 -3.62500 34.62500 0.00637 1.10869 -11
0.11427 0.73552 0.00657 0 -1.22500 32.95000 0.00637 1.13267 -11
-0.11782 -0.68787 0.00657 0 -3.65000 32.50000 0.00637 1.14267 -11
0.04095 0.41205 0.00657 0 -1.07500 33.20000 0.00637 1.16321 -11
-0.10138 -0.58808 0.00657 0 -3.60000 33.25000 0.00637 1.17446 -11
-0.22888 2.34922 0.00657 0 -2.07500 31.77500 0.00637 1.19761 -11
-0.19598 -2.07311 0.00657 0 -2.90000 31.70000 0.00637 1.20072 -11
-0.54794 0.29417 0.00657 0 -1.95000 33.05000 0.00637 1.21700 -11
0.61114 -0.46244 0.00657 0 -3.22500 33.90000 0.00637 1.22418 -11
-0.28219 -0.20731 0.00657 0 -2.05000 34.92500 0.00637 1.23351 -11
0.64403 0.89706 0.00657 0 5.97500 54.80000 0.00637 0.74120 -11
-0.58209 -0.82396 0.00657 0 -1.85000 50.87500 0.00637 0.77384 -11
0.59962 0.59222 0.00657 0 6.27500 41.85000 0.00637 0.85450 -11
0.80649 -0.01555 0.00657 0 -0.17500 40.82500 0.00637 0.88863 -11
-0.33230 0.11517 0.00657 0 6.50000 46.17500 0.00637 0.92523 -11
0.68968 -0.20149 0.00657 0 -0.97500 50.80000 0.00637 0.96388 -11
-0.83979 0.07920 0.00657 0 4.32500 58.55000 0.00637 1.00263 -11
0.78228 -0.00926 0.00657 0 3.82500 64.32500 0.00637 0.76705 -11
-0.78172 0.00590 0.00657 0 -2.65000 56.62500 0.00637 0.81012 -11
0.90802 -0.11041 0.00657 0 3.17500 51.30000 0.00637 0.84392 -11
-0.78080 0.35175 0.00657 0 -1.40000 43.45000 0.00637 0.88357 -11
0.56504 -0.53750 0.00657 0 3.40000 39.70000 0.00637 0.90779 -11
-1.11150 0.50065 0.00657 0 -0.55000 31.92500 0.00637 0.95060 -11
1.81298 1.14076 0.00657 0 1.62500 25.40000 0.00637 0.97509 -11
-2.22177 -1.29111 0.00657 0 -0.65000 22.60000 0.00637 0.98774 -11
-0.37623 1.11765 0.00657 0 0.65000 11.85000 0.00637 1.02898 -11
0.40100 -1.15552 0.00657 0 -2.20000 12.52500 0.00637 1.03971 -11
-0.43559 0.77363 0.00657 0 1.22500 16.40000 0.00637 1.07137 -11
0.45108 -1.19983 0.00657 0 -1.62500 17.07500 0.00637 1.08249 -11
-0.75285 0.83949 0.00657 0 0.75000 21.47500 0.00637 1.11412 -11
0.70756 -1.09562 0.00657 0 -1.17500 23.07500 0.00637 1.12344 -11
-0.86751 0.19111 0.00657 0 1.07500 24.10000 0.00637 1.15001 -11
0.76577 -0.13607 0.00657 0 -1.25000 26.57500 0.00637 1.16391 -11
-0.96375 -0.98462 0.00657 0 1.45000 27.80000 0.00637 1.17735 -11
1.07966 0.99816 0.00657 0 -0.02500 32.00000 0.00637 1.20075 -11
0.11256 0.63873 0.00657 0 1.35000 33.22500 0.00637 1.20823 -11
-0.34758 -0.73840 0.00657 0 -0.40000 32.92500 0.00637 1.21645 -11
0.75807 0.24148 0.00657 0 1.00000 31.00000 0.00637 1.22838 -11
-1.05213 -0.68413 0.00657 0 -0.07500 30.25000 0.00637 1.23408 -11
0.70534 1.77906 0.00657 0 -4.05000 64.42500 0.00637 0.74559 -11
0.41293 1.33943 0.00657 0 7.10000 64.07500 0.00637 0.74922 -11
-0.36885 -1.44325 0.00657 0 0.65000 62.47500 0.00637 0.77295 -11
0.18566 1.06014 0.00657 0 5.87500 59.00000 0.00637 0.86491 -11
-0.18018 -1.07794 0.00657 0 -1.35000 58.02500 0.00637 0.89200 -11
0.42563 1.00169 0.00657 0 5.80000 53.95000 0.00637 0.97148 -11
-0.41530 -1.01245 0.00657 0 -1.07500 51.55000 0.00637 0.99844 -11
0.12980 0.71596 0.00657 0 6.70000 51.22500 0.00637 1.07121 -11
-0.18869 -0.70874 0.00657 0 -0.87500 50.15000 0.00637 1.10086 -11
0.37451 1.32032 0.00657 0 6.37500 44.80000 0.00637 1.17018 -11
-0.42118 -1.67161 0.00657 0 4.10000 44.25000 0.00637 1.17865 -11
0.72919 0.58006 0.00657 0 -4.30000 42.00000 0.00637 1.21075 -11
1.00381 0.43216 0.00657 0 7.37500 41.50000 0.00637 1.21361 -11
-1.12811 -0.53158 0.00657 0 4.62500 38.40000 0.00637 1.22941 -11
-7.61021 -0.29953 0.00657 0 4.90000 15.52500 0.00637 1.31240 -11
0.20674 -0.34542 0.00657 0 6.37500 13.62500 0.00637 1.32159 -11
-0.30249 0.15966 0.00657 0 3.50000 12.37500 0.00637 1.34065 -11
-0.05702 0.07910 0.00657 0 6.42500 11.77500 0.00637 1.35701 -11
-0.00666 0.10047 0.00657 0 3.57500 11.77500 0.00637 1.37248 -11
0.37082 -0.57754 0.00657 0 5.97500 11.15000 0.00637 1.38322 -11
-0.26729 0.65835 0.00657 0 3.80000 9.65000 0.00637 1.40246 -11
0.10547 -0.58951 0.00657 0 5.42500 9.10000 0.00637 1.40955 -11
-0.11659 0.70288 0.00657 0 3.62500 8.52500 0.00637 1.42809 -11
12.56396 -10.65779 0.00657 0 4.82500 7.30000 0.00637 1.44434 -11
0.51376 -0.70077 0.00657 0 4.92500 5.42500 0.00637 1.46113 -11
-0.11979 1.23471 0.00657 0 3.65000 4.02500 0.00637 1.47544 -11
0.21137 -0.17851 0.00657 0 3.60000 3.92500 0.00637 1.47998 -11
-0.04642 -1.42737 0.00657 0 2.62500 3.72500 0.00637 1.49518 -11
1.02357 1.50605 0.00657 0 1.87500 -17.65000 0.00637 1.31714 -11
8.64183 10.93240 0.00657 0 1.57500 -17.90000 0.00637 1.31872 -11
3.82645 1.79185 0.00657 0 1.10000 -18.35000 0.00637 1.32081 -11
-1.78503 0.52167 0.00657 0 -0.20000 -24.52500 0.00637 1.34359 -11
-0.14428 -2.03183 0.00657 0 3.35000 -27.37500 0.00637 1.36066 -11
-1.12007 4.85686 0.00657 0 2.17500 -26.07500 0.00637 1.41949 -11
0.86983 -0.04563 0.00657 0 2.52500 -26.37500 0.00637 1.42145 -11
-1.08403 0.01534 0.00657 0 1.15000 -28.42500 0.00637 1.43304 -11
-1.66473 -0.29455 0.00241 0 -1.07500 59.05000 0.00203 3.61412 11
-6.28541 8.10466 0.00241 0 -0.00000 61.55000 0.00203 3.62550 11
-0.15267 -0.28961 0.00241 0 1.50000 61.70000 0.00203 3.64669 11
-0.57773 0.89427 0.00241 0 1.87500 63.32500 0.00203 3.65952 11
0.86343 0.12395 0.01112 0 2.50000 51.65000 0.00815 0.37867 -11
-0.70024 -0.02555 0.01112 0 -2.62500 31.60000 0.00815 0.49544 -11
0.65246 0.09027 0.01112 0 2.32500 16.15000 0.00815 0.58995 -11
-0.69063 -0.33405 0.01112 0 -2.30000 -1.35000 0.00815 0.69299 -11
0.55520 0.41899 0.01112 0 2.50000 -19.37500 0.00815 0.80764 -11
-0.75320 -0.35685 0.01112 0 -2.00000 -33.40000 0.00815 0.89719 -11
0.81301 0.48056 0.01112 0 2.07500 -51.10000 0.00815 1.00813 -11
0.84827 0.29810 0.01112 0 -2.12500 51.65000 0.00815 0.37862 -11
-0.86157 -0.50151 0.01112 0 5.80000 31.52500 0.00815 0.48557 -11
0.68303 0.31732 0.01112 0 -2.10000 12.17500 0.00815 0.59182 -11
-0.63138 -0.41475 0.01112 0 4.80000 -4.85000 0.00815 0.69912 -11
0.63917 0.21169 0.01112 0 -1.75000 -17.82500 0.00815 0.79439 -11
-0.77369 -0.26205 0.01112 0 6.15000 -36.52500 0.00815 0.90743 -11
0.66667 -0.01003 0.01112 0 -3.20000 -50.45000 0.00815 0.98680 -11
1.00577 0.22263 0.01112 0 -2.80000 51.57500 0.00815 0.37895 -11
-1.39265 -0.35792 0.01112 0 6.95000 26.40000 0.00815 0.49429 -11
1.48041 0.00720 0.01112 0 6.50000 -0.77500 0.00815 0.60573 -11
-1.65011 0.08737 0.01112 0 -3.45000 -30.22500 0.00815 0.71937 -11
-0.02015 0.07287 0.01112 0 3.20000 -30.97500 0.00815 0.75632 -11
0.41009 -0.02454 0.01112 0 -2.62500 -29.95000 0.00815 0.78755 -11
-0.52465 -0.07644 0.01112 0 2.92500 -25.57500 0.00815 0.82327 -11
-0.06899 0.09800 0.01112 0 -2.40000 -23.65000 0.00815 0.85561 -11
0.04437 -0.17800 0.01112 0 2.92500 -24.55000 0.00815 0.88107 -11
-0.20213 0.26003 0.01112 0 -1.87500 -25.65000 0.00815 0.91035 -11
0.24165 -0.63001 0.01112 0 1.97500 -26.42500 0.00815 0.92585 -11
-0.55317 0.80684 0.01112 0 -1.70000 -28.47500 0.00815 0.95726 -11
0.09369 -0.62285 0.01112 0 2.12500 -29.47500 0.00815 0.97380 -11
0.08587 1.12252 0.01112 0 -0.80000 -29.05000 0.00815 1.00420 -11
2.68932 -2.39963 0.01112 0 2.10000 -30.67500 0.00815 1.01685 -11
-2.82916 2.32017 0.01112 0 0.92500 -34.82500 0.00815 1.03817 -11
2.18500 -4.57088 0.01112 0 1.05000 -34.92500 0.00815 1.03867 -11
1.95241 1.02649 0.01112 0 3.12500 -13.72500 0.00815 1.08603 -11
0.85428 0.32130 0.01112 0 -1.27500 51.77500 0.00815 0.37817 -11
-0.95281 -0.70054 0.01112 0 6.37500 33.80000 0.00815 0.47837 -11
0.83377 0.28893 0.01112 0 -1.47500 13.27500 0.00815 0.58912 -11
-0.99321 -0.42484 0.01112 0 7.45000 -7.60000 0.00815 0.69567 -11
0.72429 0.06605 0.01112 0 -1.77500 -25.67500 0.00815 0.78905 -11
-0.71530 -0.37977 0.01112 0 6.75000 -44.60000 0.00815 0.89878 -11
0.63566 0.15633 0.01112 0 -1.05000 -58.80000 0.00815 0.99020 -11
0.93439 0.07226 0.01112 0 3.62500 51.52500 0.00815 0.37923 -11
-0.82793 -0.14781 0.01112 0 -0.27500 29.30000 0.00815 0.49458 -11
1.08101 0.09297 0.01112 0 3.57500 10.35000 0.00815 0.59479 -11
-1.11705 -0.10418 0.01112 0 2.02500 -14.17500 0.00815 0.70562 -11
1.21448 -0.03793 0.01112 0 3.87500 -33.60000 0.00815 0.79760 -11
-1.47672 -0.01150 0.01112 0 4.80000 -61.25000 0.00815 0.91218 -11
0.83183 0.12034 0.01112 0 4.77500 51.37500 0.00815 0.37997 -11
-0.75809 -0.37898 0.01112 0 0.92500 31.65000 0.00815 0.48347 -11
