-0.77906 -1.04200 0.00900 0 6.75000 -52.17500 0.00817 0.79618 11
0.63130 0.29335 0.00900 0 8.32500 -43.40000 0.00817 0.86181 11
0.77264 0.50391 0.00900 0 -3.32500 -42.72500 0.00817 0.86598 11
-0.64890 -0.72559 0.00900 0 7.30000 -28.27500 0.00817 0.95594 11
0.61407 0.27901 0.00900 0 -3.17500 -17.27500 0.00817 1.03279 11
-0.70798 -0.25356 0.00900 0 -3.82500 -2.40000 0.00817 1.12170 11
0.90162 0.09295 0.00900 0 7.77500 10.72500 0.00817 1.19193 11
0.96950 0.36483 0.00900 0 -4.07500 11.40000 0.00817 1.19527 11
-0.78800 -0.14580 0.00900 0 -2.87500 26.05000 0.00817 1.27191 11
0.58347 0.34885 0.00900 0 7.97500 35.97500 0.00817 1.33223 11
0.56766 0.79858 0.00900 0 -3.47500 36.42500 0.00817 1.33600 11
-0.50729 -0.43489 0.00900 0 -2.15000 49.07500 0.00817 1.42235 11
0.18251 0.42093 0.00900 0 8.32500 54.40000 0.00817 1.47105 11
0.23466 0.73091 0.00900 0 -3.05000 54.67500 0.00817 1.47518 11
-0.22719 -0.49393 0.00900 0 -2.27500 59.35000 0.00817 1.55412 11
0.21066 0.53038 0.00900 0 8.40000 61.45000 0.00817 1.59845 11
0.27938 0.70808 0.00900 0 -2.95000 61.70000 0.00817 1.60274 11
-0.36208 -1.69580 0.00134 0 7.05000 -57.60000 0.00097 1.79672 11
-0.19564 1.25528 0.00134 0 7.95000 -57.42500 0.00097 1.80029 11
-0.77094 -0.68877 0.00134 0 -3.75000 -60.42500 0.00097 1.81621 11
-1.50633 -3.10556 0.04675 0 -4.25000 -52.45000 0.00487 1.10810 11
2.34245 4.27308 0.04675 0 -2.40000 -51.40000 0.00487 1.11542 11
-0.19692 -5.19520 0.04675 0 -4.17500 -41.60000 0.00487 1.32566 11
0.68776 10.55049 0.04675 0 -3.80000 -41.60000 0.00487 1.32757 11
-0.75878 1.12778 0.04675 0 -2.70000 57.42500 0.00487 3.00242 11
-0.73409 -1.47580 0.04675 0 7.10000 53.17500 0.00487 3.03676 11
0.60030 0.27048 0.04675 0 -2.30000 54.92500 0.00487 3.04982 11
-1.15927 -0.50052 0.04675 0 7.55000 59.12500 0.00487 3.07444 11
0.88720 -0.86429 0.04675 0 -2.35000 62.37500 0.00487 3.09378 11
-2.74034 0.33341 0.04675 0 -2.57500 62.77500 0.00487 3.09548 11
1.09840 1.46694 0.00924 0 4.77500 -0.45000 0.00702 0.63428 -11
-1.79675 0.15354 0.00924 0 4.87500 -0.27500 0.00702 0.63506 -11
1.64265 -0.51207 0.00924 0 3.70000 2.40000 0.00702 0.64623 -11
-1.24438 1.32276 0.00924 0 5.00000 3.35000 0.00702 0.66633 -11
-1.13020 7.70014 0.00924 0 4.27500 3.80000 0.00702 0.66970 -11
-0.76893 -1.05100 0.00924 0 3.22500 3.17500 0.00702 0.67513 -11
-1.33728 0.23278 0.00924 0 4.40000 4.30000 0.00702 0.68846 -11
1.05100 -0.61950 0.00924 0 3.40000 5.87500 0.00702 0.69807 -11
0.89386 -0.87964 0.00494 0 8.10000 -64.95000 0.00118 1.61527 -11
0.52667 0.55584 0.00494 0 -3.90000 -64.52500 0.00118 1.61853 -11
-0.12433 -0.18418 0.00494 0 -0.87500 -63.27500 0.00118 1.63208 -11
0.33876 -0.54228 0.00494 0 -2.27500 -62.70000 0.00118 1.63874 -11
-0.49237 0.27402 0.00494 0 -2.27500 -62.25000 0.00118 1.64087 -11
0.26436 -0.46008 0.00494 0 -3.50000 -61.97500 0.00118 1.64730 -11
5.67971 -6.14087 0.00494 0 -3.87500 -62.15000 0.00118 1.64960 -11
-0.16947 -2.25221 0.00494 0 -0.85000 -63.25000 0.00118 1.63223 -11
6.77341 38.12927 0.00494 0 -0.07500 -63.17500 0.00118 1.63507 -11
1.03419 2.43950 0.00494 0 0.60000 -63.02500 0.00118 1.63767 -11
-0.15046 -0.15989 0.00494 0 -2.52500 -62.87500 0.00118 1.66232 -11
0.18843 0.19141 0.00494 0 -1.02500 -62.50000 0.00118 1.67005 -11
-0.08593 -0.41782 0.00494 0 -2.35000 -63.65000 0.00118 1.68247 -11
0.02684 0.76378 0.00494 0 -1.40000 -63.75000 0.00118 1.68686 -11
1.61873 0.99376 0.00503 0 8.17500 -60.72500 0.00256 1.00733 11
1.86023 0.82047 0.00503 0 -2.87500 -58.92500 0.00256 1.01499 11
-1.35476 -0.76565 0.00503 0 4.12500 -47.85000 0.00256 1.06668 11
1.25123 0.86017 0.00503 0 8.27500 -43.40000 0.00256 1.08851 11
1.07930 0.32796 0.00503 0 -3.22500 -42.37500 0.00256 1.09362 11
-0.37225 -0.09478 0.00503 0 3.27500 -34.77500 0.00256 1.13304 11
0.45964 -0.00501 0.00503 0 -2.27500 -29.30000 0.00256 1.17477 11
-0.59377 -0.05216 0.00503 0 4.17500 -24.45000 0.00256 1.20563 11
0.80316 0.07597 0.00503 0 -3.15000 -20.00000 0.00256 1.23907 11
-1.90749 -0.75841 0.00503 0 5.95000 -12.45000 0.00256 1.27171 11
2.83012 0.84598 0.00503 0 8.02500 -9.37500 0.00256 1.28488 11
-2.60569 2.13475 0.00503 0 6.15000 -3.50000 0.00256 1.30735 11
0.71636 -0.30760 0.00503 0 7.87500 1.82500 0.00256 1.33412 11
-0.38141 0.64268 0.00503 0 4.85000 3.25000 0.00256 1.34856 11
2.10832 0.61374 0.01136 0 1.80000 26.30000 0.00493 -0.06541 -11
0.10259 -1.45507 0.01136 0 7.37500 15.80000 0.00493 -0.01779 -11
-0.28792 0.97428 0.01136 0 -4.37500 20.60000 0.00493 0.07154 -11
-0.29461 0.43080 0.01136 0 7.25000 20.75000 0.00493 0.07384 -11
0.17373 -0.35401 0.01136 0 -4.12500 24.40000 0.00493 0.12373 -11
-0.27931 0.75181 0.01136 0 -4.37500 28.87500 0.00493 0.20005 -11
-0.22575 0.46446 0.01136 0 7.30000 29.00000 0.00493 0.20226 -11
0.19397 -0.51309 0.01136 0 -2.85000 31.05000 0.00493 0.24489 -11
-0.24786 0.94858 0.01136 0 5.75000 33.70000 0.00493 0.33478 -11
0.25630 -0.93917 0.01136 0 -2.30000 35.50000 0.00493 0.36533 -11
-0.37396 0.96244 0.01136 0 6.10000 42.77500 0.00493 0.45009 -11
0.36263 -0.90563 0.01136 0 -1.82500 45.20000 0.00493 0.48100 -11
-0.19537 1.08135 0.01136 0 5.97500 50.15000 0.00493 0.56600 -11
0.21196 -1.11856 0.01136 0 -1.15000 51.10000 0.00493 0.59236 -11
-0.17304 0.88330 0.01136 0 5.40000 55.85000 0.00493 0.67852 -11
0.18195 -0.90071 0.01136 0 -2.35000 57.00000 0.00493 0.70827 -11
-0.49538 1.48465 0.01136 0 4.57500 62.25000 0.00493 0.78909 -11
0.40595 -1.65642 0.01136 0 -0.65000 63.52500 0.00493 0.80805 -11
2.08375 0.87117 0.01136 0 5.87500 21.22500 0.00493 -0.04290 -11
-2.00647 -0.83347 0.01136 0 -2.42500 7.02500 0.00493 0.01410 -11
2.37934 0.67978 0.01136 0 6.40000 -26.45000 0.00493 0.15054 -11
-2.49912 -0.57791 0.01136 0 -0.22500 -44.60000 0.00493 0.21670 -11
2.17886 1.87015 0.01136 0 -3.42500 18.85000 0.00493 -0.05236 -11
1.44713 1.07225 0.01136 0 7.45000 17.57500 0.00493 -0.04628 -11
-1.67160 -1.16265 0.01136 0 -1.75000 7.40000 0.00493 0.00161 -11
2.45743 1.80712 0.01136 0 -3.95000 -26.62500 0.00493 0.15374 -11
2.71006 1.76903 0.01136 0 7.10000 -27.90000 0.00493 0.15948 -11
-2.73583 -1.64551 0.01136 0 1.52500 -35.82500 0.00493 0.19228 -11
7.39371 0.72942 0.01136 0 -4.50000 10.52500 0.00493 -0.01095 -11
71.68162 -2.43818 0.01136 0 7.20000 6.05000 0.00493 0.00507 -11
-6.18699 1.25932 0.01136 0 7.22500 -19.22500 0.00493 0.09170 -11
-62.83413 -23.07106 0.01136 0 6.05000 17.42500 0.00493 -0.03068 -11
-7.19685 -2.20215 0.01136 0 5.82500 16.80000 0.00493 -0.02820 -11
3.58362 1.36665 0.01136 0 -1.35000 -27.22500 0.00493 0.13077 -11
-4.84023 -2.07200 0.01136 0 4.87500 -41.60000 0.00493 0.18336 -11
3.84821 2.67218 0.01136 0 2.45000 21.37500 0.00493 -0.04534 -11
-3.17017 -2.03295 0.01136 0 -2.27500 14.90000 0.00493 -0.01840 -11
3.02012 1.83416 0.01136 0 2.87500 -28.75000 0.00493 0.15445 -11
-2.96459 -1.84145 0.01136 0 -3.22500 -37.42500 0.00493 0.19033 -11
-0.15750 0.22357 0.01136 0 -2.35000 -30.82500 0.00493 0.51661 -11
-3.58303 -0.69798 0.01136 0 -3.55000 61.60000 0.00493 -0.19962 -11
0.99303 3.14043 0.01136 0 -3.82500 42.70000 0.00493 -0.03012 -11
0.67038 1.94486 0.01136 0 6.85000 42.30000 0.00493 -0.02528 -11
-0.72654 -2.05213 0.01136 0 -0.95000 39.85000 0.00493 0.00287 -11
0.97372 1.73210 0.01136 0 5.50000 19.90000 0.00493 0.17603 -11
-0.91455 -1.64051 0.01136 0 -3.10000 15.55000 0.00493 0.20949 -11
0.46363 2.04911 0.01136 0 -4.05000 2.75000 0.00493 0.35500 -11
0.20816 0.93537 0.01136 0 7.12500 2.62500 0.00493 0.35830 -11
-0.47472 -1.67217 0.01136 0 5.35000 -0.05000 0.00493 0.41116 -11
0.48510 0.57993 0.01136 0 6.75000 -10.10000 0.00493 0.52854 -11
-0.62908 -1.13933 0.01136 0 5.67500 -17.12500 0.00493 0.58738 -11
0.46067 0.43287 0.01136 0 6.47500 -30.80000 0.00493 0.69010 -11
-0.88747 -1.39226 0.01136 0 6.20000 -37.57500 0.00493 0.74532 -11
0.61377 0.53603 0.01136 0 5.30000 -52.05000 0.00493 0.84988 -11
-0.85794 -1.26063 0.01136 0 6.10000 -59.65000 0.00493 0.90229 -11
-2.25069 -0.63762 0.01136 0 1.50000 -58.37500 0.00493 1.77748 -11
1.56638 0.48309 0.01136 0 -1.92500 -45.67500 0.00493 1.82815 -11
-1.42092 -0.62022 0.01136 0 1.77500 -38.70000 0.00493 1.85642 -11
0.54193 0.35753 0.01136 0 -2.67500 -31.95000 0.00493 1.89710 -11
-0.70889 -0.27146 0.01136 0 2.70000 -29.57500 0.00493 1.92261 -11
0.25855 -0.00548 0.01136 0 -2.70000 -26.27500 0.00493 1.95604 -11
-0.06405 -0.01513 0.01136 0 2.52500 -24.80000 0.00493 1.98410 -11
-0.18414 0.17806 0.01136 0 -2.82500 -25.50000 0.00493 2.01411 -11
-0.02583 -0.17741 0.01136 0 1.50000 -24.65000 0.00493 2.03413 -11
0.36544 0.76959 0.01136 0 -1.55000 -23.17500 0.00493 2.05989 -11
-0.45913 -0.65639 0.01136 0 1.50000 -22.65000 0.00493 2.07201 -11
2.75316 1.41221 0.01136 0 -0.27500 23.15000 0.00493 -0.05321 -11
-3.12040 -1.92499 0.01136 0 3.77500 10.45000 0.00493 -0.00197 -11
1.95579 1.18914 0.01136 0 -0.70000 -28.22500 0.00493 0.15641 -11
-1.97605 -1.23894 0.01136 0 1.90000 -41.27500 0.00493 0.21230 -11
2.22329 -0.31385 0.01136 0 -2.05000 11.50000 0.00493 -0.02154 -11
-1.37371 -0.01312 0.01136 0 5.00000 -12.82500 0.00493 0.06863 -11
1.27572 -0.03040 0.01136 0 -0.10000 -26.40000 0.00493 0.12420 -11
-1.55040 0.23745 0.01136 0 4.70000 -44.57500 0.00493 0.20112 -11
1.12716 -0.36306 0.01136 0 -0.52500 -53.57500 0.00493 0.24192 -11
-0.08585 0.46787 0.01136 0 -3.17500 12.27500 0.00493 -0.01749 -11
-1.14244 -4.12074 0.01136 0 -2.17500 11.92500 0.00493 -0.00670 -11
0.78347 -0.43315 0.01136 0 -1.50000 11.40000 0.00493 0.00504 -11
4.52239 -8.10543 0.01136 0 -1.55000 11.42500 0.00493 0.00568 -11
0.72729 0.43748 0.01136 0 -1.60000 11.42500 0.00493 0.00648 -11
3.01003 1.93712 0.01136 0 0.97500 23.67500 0.00493 -0.04699 -11
3.06491 1.77245 0.01136 0 1.50000 -25.60000 0.00493 0.16076 -11
-2.86727 -1.52055 0.01136 0 -3.52500 -33.80000 0.00493 0.19326 -11
2.77802 1.38903 0.01136 0 1.85000 26.32500 0.00493 -0.05349 -11
2.48553 1.24311 0.01136 0 2.00000 -27.85000 0.00493 0.15799 -11
-2.83598 -1.44720 0.01136 0 -4.10000 -37.77500 0.00493 0.19767 -11
3.28852 1.68476 0.01136 0 3.62500 23.27500 0.00493 -0.04448 -11
-4.23016 -2.08017 0.01136 0 -1.97500 13.80000 0.00493 -0.00720 -11
3.64848 1.94329 0.01136 0 4.40000 -28.52500 0.00493 0.16266 -11
-3.36445 -1.87283 0.01136 0 -0.30000 -36.67500 0.00493 0.19441 -11
2.53887 0.96310 0.01136 0 0.50000 24.25000 0.00493 -0.05089 -11
-4.34677 -2.28794 0.01136 0 5.57500 10.02500 0.00493 0.00335 -11
6.02685 2.03554 0.01136 0 -0.15000 -38.72500 0.00493 0.18254 -11
-6.79206 -2.01695 0.01136 0 -3.15000 -47.52500 0.00493 0.21372 -11
3.62156 1.47642 0.01136 0 3.20000 17.85000 0.00493 -0.04023 -11
-2.30968 -1.02046 0.01136 0 -2.92500 7.47500 0.00493 0.00051 -11
1.74645 0.94697 0.01136 0 -4.12500 -24.92500 0.00493 0.13710 -11
1.82706 0.41333 0.01136 0 7.42500 -25.90000 0.00493 0.14145 -11
-1.37530 -0.44899 0.01136 0 -2.02500 -45.02500 0.00493 0.21699 -11
3.58103 1.71406 0.01136 0 -4.15000 -24.95000 0.00493 0.13736 -11
13.53161 -17.45503 0.01136 0 -4.15000 -25.00000 0.00493 0.13736 -11
-0.30171 0.28244 0.00178 0 6.50000 64.07500 0.00156 0.00571 11
-0.51602 -0.52793 0.00217 0 3.77500 -62.32500 0.00214 1.24326 11
2.55976 2.43448 0.00217 0 4.95000 -60.57500 0.00214 1.28268 11
1.08347 1.64599 0.00217 0 5.40000 -61.22500 0.00214 1.32863 11
-0.86760 -1.13638 0.00217 0 5.60000 -61.12500 0.00214 1.32967 11
2.33425 0.72722 0.00217 0 6.20000 -60.05000 0.00214 1.33624 11
-1.05634 -0.87961 0.00217 0 6.20000 -59.97500 0.00214 1.33705 11
-0.97411 -0.35667 0.00336 0 0.37500 -59.87500 0.00097 0.87855 11
1.10467 0.34115 0.00336 0 2.52500 -57.00000 0.00097 0.89279 11
-1.84931 -0.48579 0.00336 0 1.70000 -50.42500 0.00097 0.91820 11
-5.10294 -1.75142 0.00336 0 1.70000 -47.37500 0.00097 0.93248 11
0.93133 0.53354 0.00336 0 2.35000 -45.80000 0.00097 0.95532 11
-2.94509 0.61423 0.00336 0 1.42500 -41.75000 0.00097 0.97607 11
-1.23866 -0.40302 0.00336 0 2.10000 -40.00000 0.00097 0.98550 11
0.92900 0.69685 0.00336 0 3.00000 -39.02500 0.00097 0.99186 11
0.69986 0.80793 0.00336 0 3.05000 -39.00000 0.00097 0.99223 11
-0.80924 -0.21075 0.00336 0 -0.75000 -58.30000 0.00097 0.89311 11
0.33841 0.02793 0.00336 0 0.40000 -57.32500 0.00097 0.90136 11
0.13135 0.43165 0.00336 0 0.22500 -57.37500 0.00097 0.90274 11
-0.01266 -0.02536 0.00336 0 0.77500 -57.95000 0.00097 0.91181 11
1.61997 2.21935 0.00336 0 0.80000 -57.65000 0.00097 0.91469 11
-3.24870 0.42081 0.01642 0 -2.27500 -63.32500 0.00115 1.03920 -11
3.35016 -0.78540 0.01642 0 4.42500 -45.00000 0.00115 1.10438 -11
-3.61725 0.44818 0.01642 0 -3.45000 -15.00000 0.00115 1.20850 -11
-3.15901 0.60383 0.01642 0 7.97500 -11.50000 0.00115 1.22084 -11
2.32140 -0.24285 0.01642 0 2.07500 6.17500 0.00115 1.28513 -11
-2.41409 -0.38720 0.01642 0 7.10000 25.72500 0.00115 1.35470 -11
1.51743 0.29070 0.01642 0 3.60000 43.85000 0.00115 1.42106 -11
-1.48347 -0.61907 0.01642 0 -2.45000 54.05000 0.00115 1.46197 -11
0.87005 -1.55726 0.00258 0 5.30000 -8.97500 0.00063 0.07560 11
-0.59710 1.16972 0.00258 0 7.45000 -9.97500 0.00063 0.08415 11
-0.66787 1.34631 0.00258 0 -3.92500 -10.22500 0.00063 0.08738 11
0.31426 -1.35518 0.00258 0 5.72500 -10.45000 0.00063 0.11925 11
-0.53987 2.00467 0.00258 0 8.07500 -10.90000 0.00063 0.12829 11
-0.24854 0.77587 0.00258 0 -2.45000 -11.25000 0.00063 0.13491 11
0.09653 -2.09476 0.00258 0 -4.00000 -12.20000 0.00063 0.16422 11
0.48539 3.88001 0.00258 0 -2.77500 -12.27500 0.00063 0.16866 11
-0.65164 -3.66197 0.00258 0 -3.75000 -11.40000 0.00063 0.19301 11
-2.20311 8.71185 0.00258 0 -3.52500 -11.37500 0.00063 0.19377 11
-1.32882 2.87307 0.00258 0 -2.00000 -12.15000 0.00063 0.19741 11
-0.45225 0.15848 0.00258 0 -1.02500 -12.52500 0.00063 0.21187 11
3.85023 0.01761 0.00173 0 4.82500 -31.42500 0.00043 0.13349 11
38.45946 11.68322 0.00173 0 4.95000 -37.87500 0.00043 0.15349 11
2.11880 1.10155 0.00173 0 4.22500 -39.05000 0.00043 0.16273 11
-1.79416 0.26504 0.00173 0 5.30000 -44.07500 0.00043 0.18334 11
1.24932 0.33999 0.00173 0 3.97500 -46.10000 0.00043 0.19319 11
-2.32359 -0.46307 0.00173 0 5.27500 -49.15000 0.00043 0.20713 11
1.51387 -0.11259 0.00173 0 4.92500 -50.67500 0.00043 0.21180 11
-0.11761 0.06075 0.00173 0 5.87500 -52.87500 0.00043 0.23327 11
0.40051 0.09466 0.01979 0 0.62500 -47.92500 0.01813 1.61218 -11
-0.41409 -0.12480 0.01979 0 -0.72500 -37.45000 0.01813 1.70761 -11
0.39859 0.08547 0.01979 0 0.77500 -16.77500 0.01813 1.89089 -11
-0.41023 0.03854 0.01979 0 -0.07500 -4.95000 0.01813 1.99326 -11
0.43597 -0.01272 0.01979 0 1.20000 16.27500 0.01813 2.16006 -11
-0.61152 -0.12735 0.01979 0 -1.30000 28.87500 0.01813 2.25651 -11
0.55845 0.08495 0.01979 0 3.17500 56.37500 0.01813 2.42939 -11
-0.67837 -0.38574 0.01074 0 -4.12500 -47.27500 0.01013 0.53021 11
-0.99796 -1.25389 0.01074 0 8.47500 -46.60000 0.01013 0.53428 11
0.82442 0.51344 0.01074 0 -1.50000 -34.22500 0.01013 0.60862 11
-0.79017 -0.99624 0.01074 0 7.87500 -14.70000 0.01013 0.72000 11
0.48354 0.45939 0.01074 0 0.07500 -3.60000 0.01013 0.80425 11
-0.44625 -0.39318 0.01074 0 -4.07500 9.42500 0.01013 0.91305 11
0.44604 0.50727 0.01074 0 -0.20000 17.95000 0.01013 0.99023 11
-0.35759 -0.38032 0.01074 0 -4.50000 27.57500 0.01013 1.09357 11
-0.40367 -1.06246 0.01074 0 7.97500 27.85000 0.01013 1.09653 11
0.28997 0.46412 0.01074 0 -0.32500 34.05000 0.01013 1.17143 11
-0.33541 -1.46184 0.01074 0 7.80000 39.35000 0.01013 1.26926 11
0.27299 0.75026 0.01074 0 -2.65000 42.90000 0.01013 1.32743 11
-0.30671 -1.00304 0.01074 0 6.52500 49.22500 0.01013 1.42814 11
0.27084 0.37759 0.01074 0 7.72500 52.80000 0.01013 1.48609 11
0.29490 0.64355 0.01074 0 -3.92500 53.00000 0.01013 1.48891 11
-0.29432 -0.64686 0.01074 0 7.30000 62.02500 0.01013 1.56951 11
-0.46716 -0.60632 0.01074 0 -3.10000 -56.15000 0.01013 0.52946 11
0.80551 0.53410 0.01074 0 0.75000 -45.27500 0.01013 0.60653 11
-0.82899 -0.39232 0.01074 0 -2.42500 -26.12500 0.01013 0.71726 11
0.77519 0.57198 0.01074 0 -0.35000 -12.05000 0.01013 0.79570 11
-0.61096 -0.40677 0.01074 0 -4.05000 2.25000 0.01013 0.90483 11
0.74308 0.55449 0.01074 0 -1.05000 14.50000 0.01013 0.98366 11
-1.30804 -0.29866 0.01074 0 -2.67500 32.75000 0.01013 1.08466 11
1.57139 0.32142 0.01074 0 4.57500 48.17500 0.01013 1.14618 11
-0.40464 -0.42281 0.01074 0 -0.22500 -55.70000 0.01013 0.52738 11
0.44539 0.39668 0.01074 0 5.60000 -47.00000 0.01013 0.61443 11
-0.36241 -0.24431 0.01074 0 -0.55000 -38.07500 0.01013 0.71697 11
0.39319 0.14822 0.01074 0 5.02500 -28.75000 0.01013 0.81222 11
-0.44156 -0.21185 0.01074 0 -0.27500 -18.72500 0.01013 0.90580 11
0.44447 0.04959 0.01074 0 4.32500 -6.10000 0.01013 1.00422 11
-0.57058 -0.15275 0.01074 0 0.12500 4.12500 0.01013 1.08751 11
0.75481 0.12271 0.01074 0 3.45000 19.55000 0.01013 1.18668 11
-0.92511 -0.34526 0.01074 0 2.17500 36.95000 0.01013 1.27733 11
1.87010 0.67274 0.01074 0 -2.17500 53.27500 0.01013 1.34370 11
-0.41129 -0.44763 0.01074 0 -1.42500 -64.87500 0.01013 0.50575 11
0.40932 0.46147 0.01074 0 2.62500 -56.15000 0.01013 0.58495 11
-0.42712 -0.47309 0.01074 0 -0.67500 -44.95000 0.01013 0.68246 11
0.32015 0.44283 0.01074 0 3.07500 -38.42500 0.01013 0.75750 11
-0.44014 -0.38041 0.01074 0 -0.22500 -30.10000 0.01013 0.85021 11
0.18473 0.45988 0.01074 0 3.12500 -24.60000 0.01013 0.92343 11
-0.31718 -0.55973 0.01074 0 0.50000 -18.35000 0.01013 1.02088 11
0.32947 0.50267 0.01074 0 1.90000 -12.40000 0.01013 1.08297 11
-0.31001 -0.62001 0.01074 0 -0.07500 -5.60000 0.01013 1.17788 11
0.22633 0.42988 0.01074 0 2.62500 -0.92500 0.01013 1.24518 11
-0.16374 -0.52641 0.01074 0 0.70000 2.75000 0.01013 1.33343 11
0.13812 0.27186 0.01074 0 2.70000 5.85000 0.01013 1.39928 11
-0.16290 -0.43273 0.01074 0 0.82500 8.22500 0.01013 1.47868 11
0.36269 0.47419 0.01074 0 1.22500 12.67500 0.01013 1.53624 11
-0.35670 -0.72082 0.01074 0 1.50000 20.27500 0.01013 1.62028 11
0.27299 0.40398 0.01074 0 1.60000 25.00000 0.01013 1.67538 11
-0.27520 -0.63346 0.01074 0 2.15000 30.52500 0.01013 1.75515 11
-0.01404 0.27792 0.01074 0 2.90000 31.20000 0.01013 1.81350 11
-0.18661 -0.51515 0.01074 0 3.17500 32.30000 0.01013 1.88375 11
0.22994 0.27995 0.01074 0 1.60000 35.67500 0.01013 1.93321 11
-0.43816 -0.44870 0.01074 0 2.72500 40.17500 0.01013 1.99487 11
0.31141 0.25666 0.01074 0 0.87500 44.97500 0.01013 2.04524 11
-0.26827 -0.28313 0.01074 0 3.72500 48.90000 0.01013 2.09582 11
0.19434 0.20618 0.01074 0 0.30000 51.92500 0.01013 2.14006 11
-0.17570 -0.19821 0.01074 0 4.17500 55.70000 0.01013 2.18957 11
0.04349 0.00603 0.01074 0 -1.10000 57.62500 0.01013 2.22732 11
-0.07358 -0.18529 0.01074 0 4.07500 58.17500 0.01013 2.25821 11
0.41100 0.07620 0.01074 0 -1.42500 61.30000 0.01013 2.29536 11
1.25334 4.64069 0.01074 0 4.40000 55.72500 0.01013 2.19018 11
0.65886 -0.24017 0.01074 0 0.27500 45.40000 0.01013 2.06586 11
-2.60673 -1.20157 0.01074 0 0.62500 42.00000 0.01013 2.07958 11
0.65543 0.50817 0.01074 0 0.50000 41.82500 0.01013 2.08076 11
-0.45032 -0.22508 0.01074 0 1.47500 40.87500 0.01013 2.09008 11
-2.75998 7.26768 0.01074 0 1.35000 40.72500 0.01013 2.09131 11
-0.31106 -0.18127 0.01074 0 2.90000 -63.97500 0.01013 0.52809 11
0.25568 0.21091 0.01074 0 -2.92500 -53.40000 0.01013 0.64037 11
-0.31077 -0.22979 0.01074 0 3.02500 -45.37500 0.01013 0.72715 11
0.27434 0.16140 0.01074 0 -2.92500 -36.97500 0.01013 0.83434 11
-0.38666 -0.22545 0.01074 0 3.52500 -30.70000 0.01013 0.91551 11
0.43234 -0.09018 0.01074 0 8.30000 -19.92500 0.01013 1.01539 11
0.41532 0.14882 0.01074 0 -3.67500 -19.55000 0.01013 1.01864 11
-0.28815 -0.20907 0.01074 0 3.82500 -11.65000 0.01013 1.09862 11
0.25474 0.05613 0.01074 0 7.10000 -7.22500 0.01013 1.18059 11
-0.21973 -0.37208 0.01074 0 3.72500 -1.30000 0.01013 1.26345 11
0.23249 0.20313 0.01074 0 6.95000 1.80000 0.01013 1.33962 11
-0.56653 -0.35811 0.01074 0 5.02500 11.82500 0.01013 1.42290 11
0.65636 -0.18494 0.01074 0 5.47500 24.37500 0.01013 1.50557 11
-0.72423 -0.14158 0.01074 0 6.82500 35.37500 0.01013 1.56656 11
0.61881 -0.47359 0.01074 0 5.15000 49.82500 0.01013 1.65151 11
-0.52226 0.05898 0.01074 0 6.92500 56.82500 0.01013 1.70016 11
0.57752 0.38961 0.01074 0 -0.60000 -59.35000 0.01013 1.40987 11
-0.51676 -0.39969 0.01074 0 -3.95000 -48.50000 0.01013 1.50694 11
0.52966 0.63460 0.01074 0 -1.87500 -39.27500 0.01013 1.57621 11
-0.51888 -0.36091 0.01074 0 -3.77500 -27.17500 0.01013 1.67203 11
0.53657 0.67520 0.01074 0 -2.12500 -19.55000 0.01013 1.73730 11
-0.29921 -0.41791 0.01074 0 -3.65000 -10.80000 0.01013 1.82918 11
0.30590 0.58429 0.01074 0 -1.52500 -3.15000 0.01013 1.89821 11
-0.29237 -0.40178 0.01074 0 -2.65000 2.92500 0.01013 1.98183 11
0.35552 0.80587 0.01074 0 -2.65000 7.50000 0.01013 2.03543 11
-0.20928 -0.45335 0.01074 0 -3.22500 12.72500 0.01013 2.11678 11
0.03203 0.65258 0.01074 0 -1.15000 14.70000 0.01013 2.17870 11
-0.19641 -0.61518 0.01074 0 -0.52500 17.02500 0.01013 2.25940 11
0.05762 0.14893 0.01074 0 -1.72500 19.60000 0.01013 2.31019 11
-0.16041 -0.20697 0.01074 0 -1.57500 20.87500 0.01013 2.37014 11
0.00004 0.25366 0.01074 0 -2.22500 22.82500 0.01013 2.42789 11
-0.02433 -0.07368 0.01074 0 -1.17500 22.02500 0.01013 2.48380 11
0.11334 0.13253 0.01074 0 -3.37500 22.30000 0.01013 2.53633 11
0.01461 0.11691 0.01074 0 -1.27500 23.40000 0.01013 2.58216 11
-0.23029 -0.31363 0.01074 0 6.92500 21.82500 0.01013 2.63004 11
0.07213 0.23685 0.01074 0 -1.90000 20.87500 0.01013 2.67004 11
-0.19782 -0.10453 0.01074 0 6.90000 17.57500 0.01013 2.72480 11
0.16984 -0.00091 0.01074 0 -1.60000 14.70000 0.01013 2.76864 11
-0.02434 0.07429 0.01074 0 6.40000 13.12500 0.01013 2.81038 11
0.03236 -0.05829 0.01074 0 -1.72500 11.95000 0.01013 2.85415 11
-0.03956 -0.10435 0.01074 0 6.15000 10.22500 0.01013 2.89763 11
0.16738 -0.07936 0.01074 0 -1.47500 8.27500 0.01013 2.93763 11
-0.33232 -0.02735 0.01074 0 5.02500 6.07500 0.01013 2.97172 11
0.41415 -0.03975 0.01074 0 -1.17500 2.42500 0.01013 3.00642 11
-1.16644 -0.60940 0.01074 0 4.20000 -4.42500 0.01013 3.04712 11
0.53785 0.70869 0.01074 0 0.22500 -8.10000 0.01013 3.06724 11
-0.37899 -0.62853 0.01074 0 4.45000 -11.47500 0.01013 3.10632 11
0.16677 0.45036 0.01074 0 -0.02500 -12.77500 0.01013 3.12568 11
0.08943 -0.50243 0.01074 0 4.52500 -13.85000 0.01013 3.15933 11
-0.09074 0.65959 0.01074 0 1.00000 -13.37500 0.01013 3.17361 11
-0.65137 -0.77899 0.01074 0 6.32500 -54.55000 0.01013 0.53010 11
0.53699 0.38996 0.01074 0 -0.85000 -42.17500 0.01013 0.62028 11
-0.56649 -1.20518 0.01074 0 6.65000 -26.87500 0.01013 0.72747 11
0.34432 0.59046 0.01074 0 -1.77500 -17.40000 0.01013 0.80232 11
-0.42855 -0.96818 0.01074 0 5.57500 -5.77500 0.01013 0.90809 11
0.45333 0.62191 0.01074 0 -1.97500 1.20000 0.01013 0.98455 11
-0.56340 -0.96076 0.01074 0 5.90000 12.25000 0.01013 1.08752 11
0.34668 0.31403 0.01074 0 8.47500 20.15000 0.01013 1.15582 11
0.29302 0.63351 0.01074 0 -3.02500 20.47500 0.01013 1.15988 11
-0.30368 -0.77515 0.01074 0 4.45000 27.05000 0.01013 1.26024 11
-0.00000 0.37798 0.01074 0 -2.55000 29.12500 0.01013 1.34208 11
-0.04545 -0.58874 0.01074 0 4.95000 28.92500 0.01013 1.42845 11
0.12425 0.27146 0.01074 0 -2.80000 31.40000 0.01013 1.51329 11
0.18746 -0.42195 0.01074 0 5.42500 32.72500 0.01013 1.59354 11
-0.06639 0.25506 0.01074 0 -3.10000 30.05000 0.01013 1.67866 11
0.14096 -0.36420 0.01074 0 5.77500 28.75000 0.01013 1.75440 11
-0.01146 -0.06199 0.01074 0 8.45000 26.12500 0.01013 1.83656 11
-0.03942 0.31161 0.01074 0 -3.40000 26.10000 0.01013 1.83988 11
0.04070 -0.43605 0.01074 0 6.37500 25.77500 0.01013 1.91377 11
-0.28737 0.03811 0.01074 0 6.77500 21.75000 0.01013 1.97772 11
0.30456 -0.58693 0.01074 0 5.85000 16.35000 0.01013 2.05075 11
-0.15613 0.04045 0.01074 0 7.17500 11.75000 0.01013 2.11837 11
0.05180 -0.38508 0.01074 0 6.52500 10.05000 0.01013 2.18373 11
0.01383 -0.26517 0.01074 0 7.32500 10.12500 0.01013 2.26214 11
-0.14989 -0.24899 0.01074 0 7.45000 11.32500 0.01013 2.31808 11
0.18625 -0.20937 0.01074 0 7.05000 13.22500 0.01013 2.38648 11
-0.32646 0.18328 0.01074 0 -4.22500 16.70000 0.01013 2.44006 11
-0.15078 -0.39353 0.01074 0 7.85000 16.92500 0.01013 2.44254 11
0.10929 -0.20301 0.01074 0 6.95000 19.87500 0.01013 2.50712 11
-0.00034 0.11158 0.01074 0 -4.12500 21.07500 0.01013 2.56063 11
0.00816 -0.50970 0.01074 0 8.00000 21.07500 0.01013 2.56320 11
0.00253 0.06489 0.01074 0 6.82500 21.45000 0.01013 2.61691 11
0.13026 0.23463 0.01074 0 -3.82500 20.32500 0.01013 2.67108 11
0.02895 -0.30122 0.01074 0 8.20000 20.25000 0.01013 2.67397 11
-0.13048 -0.26660 0.01074 0 6.10000 18.17500 0.01013 2.73557 11
0.10583 0.45682 0.01074 0 -2.97500 17.32500 0.01013 2.77400 11
-0.05694 -0.44573 0.01074 0 5.90000 16.27500 0.01013 2.84235 11
0.06546 0.43625 0.01074 0 -3.10000 14.95000 0.01013 2.88198 11
-0.23637 -0.88667 0.01074 0 2.12500 11.47500 0.01013 2.93627 11
-0.25676 0.48567 0.01074 0 -3.00000 12.72500 0.01013 2.95680 11
0.31962 -0.17632 0.01074 0 2.75000 17.55000 0.01013 3.00016 11
0.05594 0.07707 0.01074 0 -3.25000 19.05000 0.01013 3.03245 11
0.40764 -0.18270 0.01074 0 2.45000 20.67500 0.01013 3.06629 11
-0.22223 0.36316 0.01074 0 -2.70000 22.55000 0.01013 3.09125 11
0.31143 -0.30499 0.01074 0 1.30000 26.47500 0.01013 3.12417 11
-0.20969 0.81806 0.01074 0 -2.55000 27.17500 0.01013 3.13977 11
0.18163 -0.37306 0.01074 0 0.25000 28.85000 0.01013 3.16625 11
-0.29436 1.16316 0.01074 0 -2.95000 29.67500 0.01013 3.17935 11
0.45164 -0.41010 0.01074 0 0.02500 33.32500 0.01013 3.21180 11
-0.62415 0.16585 0.01074 0 -3.22500 35.05000 0.01013 3.22771 11
0.56030 -0.11352 0.01074 0 -0.15000 38.30000 0.01013 3.24954 11
-0.25959 0.33241 0.01074 0 -3.27500 39.40000 0.01013 3.26403 11
-0.02463 -1.86861 0.01074 0 -0.50000 40.25000 0.01013 3.29054 11
2.20447 0.77153 0.01074 0 -2.47500 39.47500 0.01013 3.29863 11
-1.16434 -0.83659 0.01074 0 -2.12500 35.00000 0.01013 3.32089 11
0.54245 -0.43763 0.01074 0 -2.55000 35.40000 0.01013 3.35109 11
-0.55701 -0.54864 0.01074 0 2.67500 -54.85000 0.01013 0.52469 11
0.55690 0.13418 0.01074 0 7.60000 -41.12500 0.01013 0.62004 11
0.54013 0.45396 0.01074 0 -4.20000 -40.77500 0.01013 0.62264 11
-0.60752 -0.39705 0.01074 0 3.00000 -28.20000 0.01013 0.71964 11
0.64194 0.08704 0.01074 0 6.52500 -13.95000 0.01013 0.81205 11
-0.74706 -0.45724 0.01074 0 3.82500 1.02500 0.01013 0.90294 11
0.86351 0.30786 0.01074 0 4.92500 16.15000 0.01013 0.98288 11
-1.65040 -1.38256 0.01074 0 5.55000 37.92500 0.01013 1.09937 11
1.17467 0.01319 0.01074 0 2.77500 51.00000 0.01013 1.15864 11
0.12833 1.53350 0.01074 0 -0.75000 53.32500 0.01013 1.17535 11
0.19939 -2.74953 0.01074 0 1.25000 51.42500 0.01013 1.21231 11
-1.57527 3.35514 0.01074 0 0.60000 51.60000 0.01013 1.21485 11
0.01604 -0.40473 0.01074 0 2.60000 53.87500 0.01013 1.24233 11
-0.06308 0.98836 0.01074 0 -0.35000 52.35000 0.01013 1.25717 11
-1.37413 0.64208 0.00241 0 -0.27500 55.95000 0.00137 1.18270 11
-0.17930 -0.64438 0.01074 0 1.82500 -61.87500 0.01013 0.72301 11
0.12668 0.56876 0.01074 0 6.87500 -59.42500 0.01013 0.79633 11
-0.23653 -0.89113 0.01074 0 2.37500 -53.32500 0.01013 0.91822 11
0.24310 0.44143 0.01074 0 7.90000 -47.75000 0.01013 0.99629 11
0.30591 0.74700 0.01074 0 -3.62500 -47.52500 0.01013 0.99959 11
-0.31160 -0.66163 0.01074 0 3.57500 -40.20000 0.01013 1.10622 11
0.55413 -0.03929 0.01074 0 8.47500 -29.77500 0.01013 1.20035 11
0.54002 0.15544 0.01074 0 -3.47500 -29.22500 0.01013 1.20408 11
-0.54006 -0.17227 0.01074 0 5.77500 -18.27500 0.01013 1.28254 11
0.55024 -0.08917 0.01074 0 8.10000 -4.75000 0.01013 1.37882 11
0.54380 0.15738 0.01074 0 -3.87500 -4.30000 0.01013 1.38194 11
-0.69270 -0.15235 0.01074 0 6.00000 6.72500 0.01013 1.45981 11
0.59085 -0.31550 0.01074 0 6.10000 24.10000 0.01013 1.56282 11
-0.44317 0.12995 0.01074 0 5.87500 31.25000 0.01013 1.61862 11
0.50093 -0.38873 0.01074 0 6.25000 42.32500 0.01013 1.71981 11
-0.14124 0.04616 0.01074 0 5.05000 48.07500 0.01013 1.78065 11
0.28370 -0.39709 0.01074 0 6.12500 52.42500 0.01013 1.87625 11
-0.22209 -0.02972 0.01074 0 5.90000 56.67500 0.01013 1.92929 11
0.26193 -0.45858 0.01074 0 6.30000 63.02500 0.01013 2.01968 11
-0.83685 -1.23750 0.01074 0 6.72500 -53.00000 0.01013 0.53065 11
0.18740 0.20638 0.01074 0 8.25000 -44.00000 0.01013 0.59635 11
0.23763 0.62862 0.01074 0 -3.32500 -43.77500 0.01013 0.59994 11
-0.27573 -0.57514 0.01074 0 2.62500 -38.47500 0.01013 0.70564 11
0.26843 0.41572 0.01074 0 7.22500 -32.90000 0.01013 0.78113 11
0.35803 0.82149 0.01074 0 -4.45000 -32.72500 0.01013 0.78334 11
-0.29306 -0.94544 0.01074 0 3.17500 -26.42500 0.01013 0.89413 11
0.15906 0.43490 0.01074 0 6.67500 -23.30000 0.01013 0.95999 11
-0.06381 -0.90119 0.01074 0 3.40000 -19.65000 0.01013 1.07035 11
-0.01947 0.41810 0.01074 0 7.35000 -19.40000 0.01013 1.13872 11
-0.06287 0.82047 0.01074 0 -4.27500 -19.42500 0.01013 1.14108 11
-0.00387 -0.87265 0.01074 0 4.40000 -20.35000 0.01013 1.23751 11
0.18235 0.56455 0.01074 0 5.70000 -19.17500 0.01013 1.29368 11
-0.17580 -1.23579 0.01074 0 5.62500 -17.75000 0.01013 1.39563 11
0.19855 0.40477 0.01074 0 5.82500 -15.75000 0.01013 1.44642 11
-0.20320 -0.56997 0.01074 0 4.70000 -10.22500 0.01013 1.52299 11
0.20577 0.25251 0.01074 0 5.27500 -7.37500 0.01013 1.58245 11
-0.44478 -0.53623 0.01074 0 5.05000 -1.57500 0.01013 1.65832 11
0.28570 0.14796 0.01074 0 4.47500 3.27500 0.01013 1.71547 11
0.03127 -0.59127 0.01074 0 4.50000 7.02500 0.01013 1.78217 11
-0.07041 0.33808 0.01074 0 4.45000 5.75000 0.01013 1.83792 11
-0.00918 -0.75973 0.01074 0 5.62500 5.17500 0.01013 1.91175 11
-0.04558 0.26456 0.01074 0 4.75000 5.05000 0.01013 1.96238 11
0.02501 -0.49354 0.01074 0 5.92500 3.02500 0.01013 2.03032 11
-0.07825 -0.13753 0.01074 0 5.07500 4.80000 0.01013 2.09362 11
-0.02702 -0.32352 0.01074 0 6.75000 4.72500 0.01013 2.14480 11
-0.19051 -0.13667 0.01074 0 4.85000 3.47500 0.01013 2.20203 11
0.29279 -0.30584 0.01074 0 7.25000 1.00000 0.01013 2.25048 11
-0.59163 -0.83364 0.01074 0 3.32500 -6.80000 0.01013 2.31668 11
0.67135 0.36060 0.01074 0 -4.02500 -10.97500 0.01013 2.34927 11
0.79435 -0.18328 0.01074 0 7.95000 -11.47500 0.01013 2.35233 11
-2.11709 -1.64961 0.01074 0 0.30000 -26.55000 0.01013 2.41921 11
0.84603 2.40232 0.01074 0 -0.60000 -27.40000 0.01013 2.42356 11
-0.98198 -1.86659 0.01074 0 2.35000 -34.05000 0.01013 2.49586 11
1.12984 0.45506 0.01074 0 -2.00000 -38.17500 0.01013 2.51714 11
-1.16314 -0.27285 0.01074 0 2.27500 -46.02500 0.01013 2.55558 11
0.84958 -0.12038 0.01074 0 -2.05000 -52.10000 0.01013 2.58432 11
-0.94492 0.08763 0.01074 0 2.60000 -57.85000 0.01013 2.61454 11
-0.37530 -0.89113 0.01074 0 4.82500 -64.25000 0.01013 0.51136 11
0.26214 0.49713 0.01074 0 6.65000 -60.00000 0.01013 0.57117 11
-0.43752 -1.07324 0.01074 0 4.00000 -50.57500 0.01013 0.68119 11
0.32221 0.60335 0.01074 0 6.12500 -45.27500 0.01013 0.74113 11
-0.38783 -0.97123 0.01074 0 3.57500 -37.72500 0.01013 0.84763 11
0.25730 0.58719 0.01074 0 5.60000 -33.07500 0.01013 0.90681 11
-0.41907 -1.06584 0.01074 0 4.47500 -22.72500 0.01013 1.01547 11
0.34561 0.56484 0.01074 0 5.92500 -18.02500 0.01013 1.07274 11
-0.32385 -1.24579 0.01074 0 5.15000 -10.47500 0.01013 1.17879 11
0.14665 0.49966 0.01074 0 5.45000 -8.05000 0.01013 1.22949 11
-0.10668 -1.08640 0.01074 0 4.70000 -6.45000 0.01013 1.32895 11
0.26280 0.41140 0.01074 0 5.05000 -4.92500 0.01013 1.38068 11
-0.28279 -0.65793 0.01074 0 4.57500 1.67500 0.01013 1.46624 11
0.29370 0.21841 0.01074 0 5.30000 6.60000 0.01013 1.52819 11
-0.36878 -0.89929 0.01074 0 5.37500 11.92500 0.01013 1.60452 11
0.36217 0.56662 0.01074 0 4.02500 16.37500 0.01013 1.65033 11
-0.92304 -1.79268 0.01074 0 6.65000 21.47500 0.01013 1.73695 11
0.56264 0.69830 0.01074 0 3.05000 25.80000 0.01013 1.77268 11
-0.81209 -1.60920 0.01074 0 6.60000 36.37500 0.01013 1.85675 11
0.70066 0.39911 0.01074 0 0.40000 40.65000 0.01013 1.88568 11
-1.39346 -1.43991 0.01074 0 6.45000 52.47500 0.01013 1.94527 11
0.87768 0.68968 0.01074 0 0.12500 57.35000 0.01013 1.97306 11
0.21858 0.24424 0.01074 0 7.45000 -59.15000 0.01013 0.61880 11
0.30557 0.44289 0.01074 0 -4.37500 -59.00000 0.01013 0.62096 11
-0.37967 -0.25893 0.01074 0 1.30000 -49.32500 0.01013 0.71818 11
0.36802 0.29842 0.01074 0 5.65000 -41.97500 0.01013 0.79993 11
-0.38019 -0.34765 0.01074 0 0.97500 -31.20000 0.01013 0.89747 11
0.46742 0.03499 0.01074 0 6.40000 -22.70000 0.01013 0.99407 11
-0.37461 -0.29050 0.01074 0 2.07500 -12.52500 0.01013 1.08283 11
0.31611 0.12973 0.01074 0 6.60000 -2.47500 0.01013 1.17608 11
-0.18402 -0.30343 0.01074 0 1.70000 3.42500 0.01013 1.26956 11
