0.42660 -0.11639 0.00242 0 5.62500 64.57500 0.00153 -0.00373 11
-0.32578 -0.03900 0.00242 0 -3.22500 62.82500 0.00153 0.01556 11
0.39650 -0.05493 0.00242 0 5.85000 61.95000 0.00153 0.02941 11
-0.27136 -0.25698 0.00242 0 -3.35000 60.20000 0.00153 0.05029 11
-0.43021 0.14461 0.00242 0 6.37500 61.37500 0.00153 0.06118 11
-1.17391 -0.77655 0.00242 0 6.80000 64.50000 0.00153 0.10174 11
-0.52995 0.38827 0.00242 0 5.55000 63.97500 0.00153 0.10757 11
-1.53723 0.20195 0.00145 0 5.87500 17.32500 0.00144 1.78807 11
0.25323 0.28175 0.01176 0 3.05000 -60.17500 0.01137 1.58978 11
-0.30929 -0.46168 0.01176 0 1.02500 -53.02500 0.01137 1.67640 11
0.20714 0.45847 0.01176 0 3.07500 -49.25000 0.01137 1.74164 11
-0.34366 -0.75706 0.01176 0 1.72500 -44.15000 0.01137 1.83067 11
0.23470 0.89982 0.01176 0 1.22500 -40.80000 0.01137 1.87846 11
-0.35141 -1.27703 0.01176 0 3.40000 -35.00000 0.01137 1.96503 11
0.31668 0.90868 0.01176 0 0.55000 -32.45000 0.01137 2.00075 11
-0.52239 -1.33893 0.01176 0 2.50000 -28.42500 0.01137 2.07957 11
0.50191 1.15136 0.01176 0 -1.12500 -25.55000 0.01137 2.11232 11
-0.05535 -1.21701 0.01176 0 1.82500 -21.00000 0.01137 2.19417 11
0.07251 1.13320 0.01176 0 -1.17500 -20.75000 0.01137 2.22847 11
0.37097 -1.98218 0.01176 0 2.95000 -22.10000 0.01137 2.31406 11
-0.38294 1.96176 0.01176 0 7.50000 -22.95000 0.01137 2.33005 11
-0.57876 1.98615 0.01176 0 -2.65000 -23.55000 0.01137 2.33728 11
-1.38310 2.14950 0.01176 0 -4.15000 -28.12500 0.01137 2.43998 11
0.45572 -1.31780 0.01176 0 3.75000 -35.77500 0.01137 2.50687 11
-0.45969 1.41392 0.01176 0 8.02500 -36.92500 0.01137 2.52273 11
-0.36368 1.22892 0.01176 0 -2.47500 -37.27500 0.01137 2.52903 11
-21.68589 18.23093 0.01176 0 5.00000 -39.20000 0.01137 2.61252 11
-0.03043 0.46992 0.01176 0 5.97500 -43.37500 0.01137 2.59825 11
-0.42737 -0.02196 0.01176 0 7.00000 -43.85000 0.01137 2.60614 11
-0.26351 -1.13395 0.01176 0 5.82500 -63.50000 0.01137 1.91337 11
0.22819 0.58116 0.01176 0 0.35000 -61.90000 0.01137 1.94059 11
-0.35351 -2.02038 0.01176 0 6.25000 -58.67500 0.01137 1.99463 11
0.28063 0.77632 0.01176 0 -0.37500 -57.65000 0.01137 2.01546 11
-0.69484 -4.00187 0.01176 0 5.77500 -54.92500 0.01137 2.06648 11
0.31273 4.49649 0.01176 0 7.20000 -54.80000 0.01137 2.07145 11
-0.14086 1.42662 0.01176 0 -2.40000 -55.05000 0.01137 2.07999 11
-0.37386 1.59818 0.01176 0 -2.45000 -57.45000 0.01137 2.14503 11
0.39948 -2.12434 0.01176 0 5.20000 -61.52500 0.01137 2.19074 11
-0.52826 2.03491 0.01176 0 7.67500 -62.07500 0.01137 2.19958 11
-0.49492 0.86347 0.01176 0 -3.07500 -62.72500 0.01137 2.20519 11
-0.40384 -0.58984 0.00928 0 0.95000 -58.15000 0.00877 0.27162 11
0.31393 0.48975 0.00928 0 3.80000 -52.62500 0.00877 0.33814 11
-0.58199 -0.76379 0.00928 0 0.85000 -41.10000 0.00877 0.44324 11
0.45325 0.40188 0.00928 0 2.55000 -33.27500 0.00877 0.50687 11
-0.48129 -0.41236 0.00928 0 0.95000 -25.40000 0.00877 0.59404 11
0.33182 0.23441 0.00928 0 2.50000 -18.35000 0.00877 0.66354 11
-0.36168 -0.57043 0.00928 0 1.47500 -10.10000 0.00877 0.74648 11
0.31210 0.00420 0.00928 0 2.95000 -3.45000 0.00877 0.81692 11
-0.27474 -0.15874 0.00928 0 2.20000 1.90000 0.00877 0.88004 11
0.31561 -0.01174 0.00928 0 2.85000 8.07500 0.00877 0.95520 11
-0.14823 -0.15907 0.00928 0 2.15000 12.00000 0.00877 1.01866 11
0.09200 -0.06574 0.00928 0 2.62500 14.42500 0.00877 1.08899 11
-0.29234 -0.09344 0.00928 0 2.65000 17.75000 0.00877 1.14445 11
0.36826 0.20412 0.00928 0 2.07500 24.10000 0.00877 1.20759 11
-0.31482 -0.18829 0.00928 0 2.85000 30.20000 0.00877 1.26956 11
0.37060 0.02101 0.00928 0 2.30000 34.55000 0.00877 1.33555 11
-0.52559 -0.25946 0.00928 0 4.32500 41.47500 0.00877 1.39095 11
0.79504 -0.24903 0.00928 0 1.32500 51.85000 0.00877 1.45410 11
-0.98091 -0.05243 0.00928 0 5.22500 60.27500 0.00877 1.50016 11
-0.39926 -0.50680 0.00928 0 -2.52500 -58.10000 0.00877 0.27199 11
0.18513 0.32514 0.00928 0 2.55000 -52.02500 0.00877 0.35439 11
-0.04626 -0.29476 0.00928 0 -2.40000 -48.92500 0.00877 0.44628 11
-0.04819 0.36644 0.00928 0 2.60000 -49.30000 0.00877 0.52868 11
0.12853 -0.37406 0.00928 0 -1.80000 -50.60000 0.00877 0.62215 11
-0.13496 0.42823 0.00928 0 2.02500 -53.95000 0.00877 0.69620 11
0.03326 -0.35220 0.00928 0 -1.80000 -56.25000 0.00877 0.78585 11
-0.06379 0.34468 0.00928 0 1.85000 -57.02500 0.00877 0.86002 11
0.14032 -0.38703 0.00928 0 -1.57500 -59.67500 0.00877 0.94607 11
-0.27543 0.22247 0.00928 0 1.92500 -63.25000 0.00877 1.02365 11
-0.38788 -0.61049 0.00928 0 1.75000 -58.12500 0.00877 0.27174 11
0.32015 0.46265 0.00928 0 5.37500 -51.40000 0.00877 0.34388 11
-0.34991 -0.91143 0.00928 0 2.30000 -42.20000 0.00877 0.45433 11
0.19604 0.53627 0.00928 0 5.40000 -38.40000 0.00877 0.51817 11
-0.05624 -0.76820 0.00928 0 2.15000 -36.15000 0.00877 0.62074 11
0.20101 0.63903 0.00928 0 5.05000 -34.42500 0.00877 0.68339 11
-0.49238 -1.48966 0.00928 0 4.05000 -28.32500 0.00877 0.78908 11
0.48083 0.72098 0.00928 0 5.02500 -23.20000 0.00877 0.84199 11
-0.76440 -1.45005 0.00928 0 6.00000 -10.02500 0.00877 0.94304 11
0.46015 0.71151 0.00928 0 3.22500 -5.47500 0.00877 0.98280 11
-0.95849 -1.37039 0.00928 0 5.42500 7.60000 0.00877 1.07210 11
0.69391 0.73120 0.00928 0 2.37500 13.60000 0.00877 1.11224 11
-1.49462 -2.28789 0.00928 0 6.77500 28.50000 0.00877 1.21124 11
0.69636 0.72373 0.00928 0 3.00000 33.62500 0.00877 1.24701 11
-1.05561 -1.73728 0.00928 0 6.20000 44.65000 0.00877 1.33635 11
0.69174 0.82641 0.00928 0 2.67500 49.85000 0.00877 1.37353 11
-0.94839 -2.01148 0.00928 0 5.95000 58.87500 0.00877 1.46104 11
0.48778 0.90361 0.00928 0 1.95000 62.37500 0.00877 1.49335 11
-0.48575 -0.76300 0.00928 0 4.00000 -58.02500 0.00877 0.27264 11
0.12447 0.44195 0.00928 0 7.42500 -54.40000 0.00877 0.34037 11
0.14189 0.88853 0.00928 0 -4.17500 -54.32500 0.00877 0.34290 11
-0.12943 -0.78301 0.00928 0 4.17500 -52.57500 0.00877 0.44475 11
0.04896 0.43348 0.00928 0 6.92500 -52.35000 0.00877 0.50848 11
-0.05516 -0.83522 0.00928 0 4.15000 -51.15000 0.00877 0.60661 11
-0.08728 0.44503 0.00928 0 5.50000 -51.57500 0.00877 0.66362 11
0.14659 -0.83435 0.00928 0 3.70000 -53.35000 0.00877 0.75345 11
-0.16979 0.50175 0.00928 0 3.67500 -54.87500 0.00877 0.80466 11
0.41285 -1.24546 0.00928 0 3.37500 -59.90000 0.00877 0.89335 11
-0.28429 0.88179 0.00928 0 2.05000 -62.85000 0.00877 0.93558 11
-0.32725 -0.33999 0.00928 0 -1.02500 -58.15000 0.00877 0.27161 11
0.43415 0.31300 0.00928 0 3.92500 -51.15000 0.00877 0.35651 11
-0.48409 -0.41972 0.00928 0 0.67500 -38.72500 0.00877 0.45521 11
0.52189 0.13171 0.00928 0 3.55000 -28.05000 0.00877 0.53537 11
-0.57399 -0.06040 0.00928 0 0.95000 -18.22500 0.00877 0.61163 11
0.38814 -0.15595 0.00928 0 2.65000 -5.90000 0.00877 0.70063 11
-0.24646 0.09360 0.00928 0 -0.12500 -1.17500 0.00877 0.76759 11
0.40399 -0.17950 0.00928 0 1.62500 7.82500 0.00877 0.85911 11
-0.34746 0.15772 0.00928 0 0.35000 13.17500 0.00877 0.91729 11
0.40393 -0.27028 0.00928 0 1.45000 21.57500 0.00877 1.01622 11
-0.45044 0.12063 0.00928 0 0.80000 28.22500 0.00877 1.07394 11
0.44868 -0.42773 0.00928 0 0.47500 40.65000 0.00877 1.17012 11
-0.45748 0.33873 0.00928 0 1.52500 45.72500 0.00877 1.21592 11
0.65959 -1.02553 0.00928 0 -3.05000 62.95000 0.00877 1.33039 11
0.83465 0.45541 0.00928 0 7.25000 58.80000 0.00877 3.00773 11
-1.77815 -2.94522 0.00928 0 -2.20000 50.97500 0.00877 3.05558 11
6.60205 8.30135 0.00928 0 -3.17500 50.35000 0.00877 3.05990 11
0.53950 0.31845 0.00928 0 7.72500 48.82500 0.00877 3.06660 11
-1.29710 -0.61336 0.00928 0 -2.32500 42.50000 0.00877 3.09891 11
1.62864 -0.56404 0.00928 0 -2.42500 -55.40000 0.00877 3.45037 11
-2.45974 1.21971 0.00928 0 -0.75000 -57.90000 0.00877 3.46123 11
3.60839 -0.42540 0.00928 0 -0.47500 -58.57500 0.00877 3.46401 11
-3.65370 0.37550 0.00928 0 0.60000 -63.92500 0.00877 3.48402 11
-1.61855 0.54676 0.00928 0 -0.75000 -57.90000 0.00877 3.46123 11
2.35209 2.77712 0.00928 0 -0.75000 -57.90000 0.00877 3.46124 11
-0.16132 -0.40230 0.00928 0 -1.37500 -58.12500 0.00877 0.27167 11
0.10066 0.46230 0.00928 0 3.30000 -56.45000 0.00877 0.34720 11
-0.16478 -0.33125 0.00928 0 -1.35000 -53.32500 0.00877 0.44798 11
0.06754 0.30609 0.00928 0 3.70000 -49.35000 0.00877 0.53463 11
-0.06575 -0.42143 0.00928 0 -0.77500 -47.87500 0.00877 0.62908 11
0.01717 0.40093 0.00928 0 2.90000 -48.30000 0.00877 0.70058 11
-0.09990 -0.55601 0.00928 0 -0.50000 -47.02500 0.00877 0.79855 11
0.17891 0.50593 0.00928 0 2.52500 -45.47500 0.00877 0.86508 11
-0.21839 -0.56263 0.00928 0 -0.25000 -42.20000 0.00877 0.95992 11
-0.04497 0.53724 0.00928 0 1.75000 -41.00000 0.00877 1.02051 11
-0.00255 -0.50113 0.00928 0 -0.52500 -39.95000 0.00877 1.11148 11
-0.02191 0.29919 0.00928 0 1.35000 -38.90000 0.00877 1.17486 11
0.04422 -0.43126 0.00928 0 -0.65000 -39.10000 0.00877 1.25599 11
0.09262 0.33256 0.00928 0 1.35000 -38.02500 0.00877 1.32183 11
-0.09819 -0.30509 0.00928 0 0.12500 -36.65000 0.00877 1.39635 11
0.26575 0.15301 0.00928 0 1.07500 -34.20000 0.00877 1.45960 11
-0.35301 -0.12519 0.00928 0 0.90000 -28.52500 0.00877 1.52223 11
0.27876 0.12420 0.00928 0 0.30000 -20.20000 0.00877 1.59082 11
-0.24736 -0.33840 0.00928 0 0.35000 -15.57500 0.00877 1.65269 11
0.16958 0.33642 0.00928 0 0.20000 -14.20000 0.00877 1.70950 11
-0.07056 -0.48800 0.00928 0 0.80000 -11.72500 0.00877 1.77779 11
-0.00419 0.47894 0.00928 0 0.32500 -10.97500 0.00877 1.82996 11
-0.13357 -0.50786 0.00928 0 1.47500 -9.55000 0.00877 1.89852 11
0.02743 0.38067 0.00928 0 -0.97500 -7.35000 0.00877 1.94269 11
-0.07677 -0.59370 0.00928 0 1.32500 -6.65000 0.00877 2.00696 11
0.04573 0.52643 0.00928 0 -1.22500 -6.00000 0.00877 2.04819 11
0.03132 -0.68052 0.00928 0 2.20000 -7.45000 0.00877 2.10204 11
0.02135 0.75688 0.00928 0 -1.87500 -7.52500 0.00877 2.13463 11
-0.06053 -0.98317 0.00928 0 2.90000 -4.87500 0.00877 2.19549 11
-0.02141 0.75628 0.00928 0 -1.45000 -5.17500 0.00877 2.22674 11
-0.05002 -1.19892 0.00928 0 4.07500 -4.12500 0.00877 2.28945 11
0.01657 0.84912 0.00928 0 -1.20000 -3.90000 0.00877 2.31559 11
-0.28663 -0.79050 0.00928 0 4.05000 -0.90000 0.00877 2.37065 11
0.27822 0.56322 0.00928 0 -0.92500 1.22500 0.00877 2.40125 11
-0.23431 -1.59766 0.00928 0 5.50000 5.27500 0.00877 2.45962 11
0.32332 0.95789 0.00928 0 -1.27500 6.80000 0.00877 2.47991 11
-0.13455 -0.96700 0.00928 0 5.22500 10.30000 0.00877 2.53265 11
0.11999 0.57729 0.00928 0 -0.60000 11.15000 0.00877 2.55806 11
-0.02836 -0.91684 0.00928 0 5.45000 14.00000 0.00877 2.60420 11
0.02266 0.37224 0.00928 0 -0.35000 14.12500 0.00877 2.63101 11
-0.34882 0.81552 0.00928 0 -1.15000 6.85000 0.00877 2.69651 11
-0.79917 -2.91622 0.00928 0 6.75000 4.25000 0.00877 2.73905 11
9.12149 9.46156 0.00928 0 7.75000 5.00000 0.00877 2.74362 11
-2.05123 -2.07345 0.00928 0 8.25000 5.52500 0.00877 2.74592 11
0.89983 0.13583 0.00928 0 -0.72500 9.12500 0.00877 2.76458 11
-0.38043 -0.46693 0.00928 0 -1.90000 -58.12500 0.00877 0.27178 11
0.47366 0.41185 0.00928 0 1.40000 -49.82500 0.00877 0.34639 11
-0.53754 -0.38403 0.00928 0 -1.45000 -37.65000 0.00877 0.44342 11
0.62360 0.32737 0.00928 0 -0.85000 -25.87500 0.00877 0.51497 11
-0.72045 -0.25370 0.00928 0 -2.15000 -11.40000 0.00877 0.60410 11
1.06154 0.66503 0.00928 0 -1.87500 2.72500 0.00877 0.67796 11
-0.84837 -0.34934 0.00928 0 -0.20000 21.97500 0.00877 0.77182 11
0.78566 0.36106 0.00928 0 -1.87500 33.90000 0.00877 0.83469 11
-0.81440 -0.28879 0.00928 0 -0.65000 47.97500 0.00877 0.90969 11
0.87484 0.28376 0.00928 0 -2.20000 60.07500 0.00877 0.97474 11
-0.37840 -0.43336 0.00928 0 -1.62500 -58.12500 0.00877 0.27172 11
0.47573 0.30609 0.00928 0 1.85000 -49.00000 0.00877 0.34974 11
-0.47091 -0.29982 0.00928 0 -1.67500 -37.60000 0.00877 0.44508 11
0.30766 0.23302 0.00928 0 1.75000 -29.05000 0.00877 0.52555 11
-0.30424 -0.18833 0.00928 0 -2.07500 -21.27500 0.00877 0.61324 11
0.64180 0.00049 0.00928 0 0.77500 -8.37500 0.00877 0.71134 11
-0.58849 0.09169 0.00928 0 -0.22500 3.50000 0.00877 0.78276 11
0.66039 -0.15286 0.00928 0 0.45000 19.30000 0.00877 0.88212 11
-0.77280 -0.02290 0.00928 0 0.40000 31.27500 0.00877 0.94920 11
0.79454 0.00649 0.00928 0 0.02500 48.50000 0.00877 1.04000 11
-0.61245 0.20362 0.00928 0 0.37500 60.17500 0.00877 1.10563 11
-0.32975 -0.92914 0.00928 0 5.07500 -57.97500 0.00877 0.27327 11
0.22262 0.66534 0.00928 0 -2.67500 -53.72500 0.00877 0.34679 11
-0.22937 -0.56880 0.00928 0 4.90000 -48.32500 0.00877 0.43993 11
-0.00768 0.31549 0.00928 0 -2.60000 -46.20000 0.00877 0.52604 11
-0.01717 -0.53651 0.00928 0 5.42500 -45.90000 0.00877 0.60674 11
0.38257 0.09014 0.00928 0 -3.30000 -40.22500 0.00877 0.69304 11
-0.46514 -0.44194 0.00928 0 6.90000 -32.47500 0.00877 0.76306 11
0.11597 -0.09085 0.00928 0 8.37500 -23.70000 0.00877 0.84028 11
0.07759 0.17702 0.00928 0 -3.60000 -23.62500 0.00877 0.84340 11
0.02539 -0.34303 0.00928 0 6.20000 -23.30000 0.00877 0.91148 11
-0.02250 -0.06931 0.00928 0 7.95000 -23.52500 0.00877 0.98630 11
-0.08426 0.19352 0.00928 0 -4.00000 -23.57500 0.00877 0.98889 11
0.05161 -0.39615 0.00928 0 6.52500 -25.95000 0.00877 1.05511 11
-0.10933 -0.24497 0.00928 0 7.72500 -27.95000 0.00877 1.13124 11
-0.13668 0.07687 0.00928 0 -4.32500 -28.02500 0.00877 1.13348 11
0.15945 -0.41104 0.00928 0 7.30000 -31.07500 0.00877 1.19329 11
-0.21373 -0.14645 0.00928 0 7.65000 -34.12500 0.00877 1.26171 11
-0.17857 0.14751 0.00928 0 -4.35000 -34.27500 0.00877 1.26390 11
0.16745 0.20875 0.00928 0 -4.22500 -36.10000 0.00877 1.31818 11
0.27891 -0.47460 0.00928 0 7.80000 -36.22500 0.00877 1.32055 11
-0.37419 0.08494 0.00928 0 6.77500 -41.22500 0.00877 1.37695 11
0.37038 0.03161 0.00928 0 -4.12500 -47.87500 0.00877 1.44116 11
0.45550 -0.68544 0.00928 0 8.07500 -48.15000 0.00877 1.44398 11
-0.44751 0.01599 0.00928 0 5.90000 -54.57500 0.00877 1.49804 11
0.32030 -0.07123 0.00928 0 -4.45000 -60.20000 0.00877 1.55649 11
0.19383 -0.64112 0.00928 0 7.77500 -60.40000 0.00877 1.55888 11
0.01904 0.30822 0.00928 0 5.62500 -60.80000 0.00877 1.60373 11
-0.00277 -0.18079 0.00928 0 -4.27500 -61.20000 0.00877 1.66537 11
0.11293 -1.06412 0.00928 0 8.10000 -61.20000 0.00877 1.66822 11
-0.04756 0.23166 0.00928 0 3.12500 -62.12500 0.00877 1.70003 11
-0.46893 -0.62728 0.00928 0 2.27500 -58.12500 0.00877 0.27188 11
0.29671 0.44776 0.00928 0 6.35000 -52.17500 0.00877 0.34546 11
-0.39469 -1.13393 0.00928 0 4.20000 -42.05000 0.00877 0.45946 11
0.34385 0.69581 0.00928 0 6.75000 -37.45000 0.00877 0.52001 11
-0.62945 -1.34684 0.00928 0 6.15000 -26.45000 0.00877 0.63706 11
0.50780 0.35913 0.00928 0 6.55000 -19.62500 0.00877 0.69354 11
-0.58862 -0.97107 0.00928 0 5.80000 -7.77500 0.00877 0.79079 11
0.55878 0.36296 0.00928 0 6.35000 -0.62500 0.00877 0.85003 11
-0.50818 -0.21261 0.00928 0 -4.30000 8.50000 0.00877 0.92151 11
-1.33357 -1.25038 0.00928 0 8.07500 8.95000 0.00877 0.92477 11
0.42107 0.19507 0.00928 0 2.40000 14.17500 0.00877 0.95839 11
-0.79949 -0.90586 0.00928 0 7.07500 21.00000 0.00877 1.00742 11
0.54256 0.36242 0.00928 0 3.00000 27.32500 0.00877 1.04898 11
-0.60411 -0.32422 0.00928 0 -3.62500 33.95000 0.00877 1.09829 11
0.01922 0.23189 0.00928 0 5.32500 37.15000 0.00877 1.13946 11
-0.22036 -0.13217 0.00928 0 -0.92500 39.50000 0.00877 1.18006 11
0.33196 -0.12522 0.00928 0 2.95000 41.45000 0.00877 1.20358 11
-0.58856 0.06982 0.00928 0 -1.57500 43.07500 0.00877 1.22619 11
108.17669 -50.95836 0.00928 0 -0.37500 48.15000 0.00877 1.25310 11
0.00231 -0.71252 0.00169 0 3.50000 6.55000 0.00131 0.90558 11
-0.00439 0.61308 0.00169 0 5.85000 6.52500 0.00131 0.91529 11
-0.53843 -0.49791 0.00169 0 3.62500 8.50000 0.00131 0.93572 11
0.77188 0.77889 0.00169 0 5.50000 9.65000 0.00131 0.94460 11
6.56572 9.14341 0.00169 0 4.87500 14.07500 0.00131 0.96545 11
2.34389 7.46291 0.00169 0 4.97500 15.30000 0.00131 0.99002 11
-0.49172 -0.91102 0.00928 0 5.55000 -57.95000 0.00877 0.27359 11
0.25158 0.36260 0.00928 0 7.97500 -53.50000 0.00877 0.33870 11
0.25398 0.69287 0.00928 0 -3.55000 -53.30000 0.00877 0.34205 11
-0.26717 -0.88486 0.00928 0 5.85000 -49.82500 0.00877 0.43602 11
0.38334 0.31385 0.00928 0 7.45000 -45.25000 0.00877 0.49761 11
0.58726 0.72398 0.00928 0 -4.22500 -44.95000 0.00877 0.50018 11
-0.82740 -0.34117 0.00928 0 -3.65000 -29.17500 0.00877 0.59164 11
0.96715 0.08486 0.00928 0 7.25000 -15.62500 0.00877 0.66008 11
-0.54856 0.08412 0.00928 0 -3.05000 -1.85000 0.00877 0.72920 11
0.60804 0.20658 0.00928 0 -3.02500 9.87500 0.00877 0.80967 11
-0.46133 -0.00209 0.00928 0 -2.92500 20.05000 0.00877 0.87985 11
0.67533 0.30815 0.00928 0 -3.00000 30.27500 0.00877 0.95346 11
-0.61961 -0.04221 0.00928 0 -1.95000 41.12500 0.00877 1.02129 11
0.84200 0.22914 0.00928 0 -2.80000 52.32500 0.00877 1.09150 11
-0.50480 -1.08989 0.00928 0 6.60000 -57.87500 0.00877 0.27445 11
0.39478 0.85899 0.00928 0 -1.90000 -52.65000 0.00877 0.34218 11
-0.42772 -1.04334 0.00928 0 7.12500 -43.25000 0.00877 0.44859 11
0.33089 0.51594 0.00928 0 -1.30000 -36.95000 0.00877 0.52258 11
-0.33897 -0.38190 0.00928 0 -4.45000 -29.12500 0.00877 0.61642 11
-0.72059 -1.16546 0.00928 0 8.10000 -28.85000 0.00877 0.61958 11
0.38919 0.50548 0.00928 0 8.00000 -22.45000 0.00877 0.67346 11
0.35691 0.62793 0.00928 0 -3.52500 -22.12500 0.00877 0.67694 11
-0.49512 -0.71696 0.00928 0 6.85000 -11.75000 0.00877 0.76678 11
0.39647 0.20445 0.00928 0 8.27500 -3.97500 0.00877 0.83481 11
0.30176 0.43950 0.00928 0 -3.42500 -3.65000 0.00877 0.83832 11
-0.16625 -0.76843 0.00928 0 6.50000 0.97500 0.00877 0.92021 11
0.03287 0.18282 0.00928 0 8.07500 2.40000 0.00877 0.98283 11
0.06830 0.53425 0.00928 0 -3.60000 2.42500 0.00877 0.98594 11
-0.05624 -0.81961 0.00928 0 6.97500 4.30000 0.00877 1.06986 11
0.13464 0.09293 0.00928 0 7.72500 4.82500 0.00877 1.13039 11
0.30929 0.52301 0.00928 0 -4.02500 5.02500 0.00877 1.13306 11
-0.06089 -0.17795 0.00928 0 -4.27500 8.07500 0.00877 1.20626 11
-0.03667 -0.56168 0.00928 0 8.10000 8.12500 0.00877 1.20906 11
0.05132 -0.20755 0.00928 0 7.90000 9.52500 0.00877 1.27699 11
0.08570 0.00320 0.00928 0 -4.20000 9.57500 0.00877 1.27943 11
-0.00816 0.26181 0.00928 0 -3.25000 10.17500 0.00877 1.32654 11
0.14416 -0.19477 0.00928 0 7.92500 10.90000 0.00877 1.39562 11
0.17509 0.05830 0.00928 0 -4.12500 11.02500 0.00877 1.39813 11
-0.27200 0.14041 0.00928 0 -2.87500 13.57500 0.00877 1.44729 11
0.34765 -0.26765 0.00928 0 7.42500 19.57500 0.00877 1.51307 11
-0.45527 0.20498 0.00928 0 -2.05000 23.95000 0.00877 1.55942 11
0.42664 -0.13066 0.00928 0 7.22500 30.15000 0.00877 1.61771 11
-0.42324 0.25572 0.00928 0 -1.97500 35.12500 0.00877 1.66784 11
0.59094 -0.50990 0.00928 0 5.77500 43.80000 0.00877 1.72962 11
-0.40862 0.54631 0.00928 0 -1.07500 48.92500 0.00877 1.76250 11
0.37263 -0.41582 0.00928 0 6.55000 55.50000 0.00877 1.82251 11
-0.63002 0.15046 0.00928 0 -0.60000 61.67500 0.00877 1.86112 11
-0.26323 -0.65124 0.00928 0 2.25000 -58.10000 0.00877 0.27189 11
0.13645 0.45338 0.00928 0 4.80000 -55.82500 0.00877 0.33704 11
-0.11706 -0.64382 0.00928 0 2.87500 -54.82500 0.00877 0.41957 11
-0.00843 0.37752 0.00928 0 4.57500 -54.82500 0.00877 0.48067 11
0.14038 -0.51778 0.00928 0 3.52500 -55.37500 0.00877 0.56479 11
-0.04157 0.36004 0.00928 0 4.22500 -56.72500 0.00877 0.62313 11
0.21394 -0.58756 0.00928 0 3.67500 -58.70000 0.00877 0.70270 11
-0.28715 0.35602 0.00928 0 3.90000 -62.62500 0.00877 0.76007 11
-0.12434 0.21407 0.00928 0 3.37500 -44.87500 0.00877 1.43095 11
0.18831 -0.12662 0.00928 0 -1.85000 -46.20000 0.00877 1.46132 11
-0.78079 -0.75211 0.00928 0 1.10000 -47.92500 0.00877 1.48434 11
3.15020 2.90385 0.00928 0 -1.22500 -51.05000 0.00877 1.49887 11
-0.40842 -0.40965 0.00928 0 -2.20000 -58.10000 0.00877 0.27186 11
0.35501 0.47280 0.00928 0 1.47500 -49.77500 0.00877 0.34818 11
-0.38826 -0.37784 0.00928 0 -2.32500 -40.12500 0.00877 0.44689 11
0.36763 0.26900 0.00928 0 0.77500 -33.02500 0.00877 0.52230 11
-0.32023 -0.33924 0.00928 0 -1.80000 -24.65000 0.00877 0.60662 11
0.21159 0.43180 0.00928 0 -0.52500 -21.15000 0.00877 0.66769 11
-0.27350 -0.48024 0.00928 0 -2.37500 -14.10000 0.00877 0.75634 11
0.10336 0.45814 0.00928 0 -1.07500 -11.22500 0.00877 0.81627 11
-0.13631 -0.46550 0.00928 0 -2.42500 -8.62500 0.00877 0.89389 11
0.08094 0.45707 0.00928 0 -1.67500 -5.07500 0.00877 0.95263 11
-0.05048 -0.25930 0.00928 0 -2.45000 -4.07500 0.00877 1.02478 11
0.48205 -0.75717 0.00928 0 -2.37500 -2.25000 0.00877 1.10885 11
-0.71586 0.12624 0.00928 0 5.57500 0.90000 0.00877 1.12756 11
-0.05089 0.99892 0.00928 0 7.35000 6.17500 0.00877 1.18745 11
-0.15162 1.59694 0.00928 0 7.35000 10.05000 0.00877 1.25068 11
-0.02765 4.40336 0.00928 0 6.92500 11.37500 0.00877 1.30804 11
0.33076 -0.95277 0.00928 0 7.75000 11.92500 0.00877 1.34260 11
-0.08827 0.72326 0.00928 0 6.42500 13.05000 0.00877 1.34909 11
-0.13151 -1.48793 0.00928 0 8.00000 11.07500 0.00877 1.36811 11
-1.38545 3.59613 0.00928 0 6.22500 11.87500 0.00877 1.38038 11
-1.29204 7.34870 0.00928 0 6.80000 14.80000 0.00877 1.46937 11
0.06634 -2.93142 0.00928 0 7.42500 15.92500 0.00877 1.50425 11
-0.61738 -0.66606 0.00928 0 7.25000 15.92500 0.00877 1.50516 11
0.05165 -0.92985 0.00928 0 -2.37500 -2.27500 0.00877 1.10884 11
1.36186 1.15047 0.00928 0 -2.37500 -2.27500 0.00877 1.10884 11
-0.43045 -0.65877 0.00331 0 -2.25000 -3.85000 0.00304 1.10894 11
0.13072 0.32464 0.00331 0 4.35000 -5.20000 0.00304 1.13153 11
-0.10423 -0.01851 0.00331 0 -2.57500 -6.97500 0.00304 1.16897 11
-0.08366 0.16751 0.00331 0 3.95000 -6.15000 0.00304 1.19436 11
-0.12603 -0.30941 0.00331 0 -3.52500 -7.25000 0.00304 1.23092 11
0.12372 0.23547 0.00331 0 3.40000 -6.75000 0.00304 1.25407 11
-0.24349 -0.54377 0.00331 0 8.07500 -9.37500 0.00304 1.28954 11
0.73575 0.76381 0.00331 0 4.37500 -11.42500 0.00304 1.30643 11
-0.35554 -1.15222 0.00331 0 6.80000 -24.22500 0.00304 1.37826 11
0.26981 0.55474 0.00331 0 4.00000 -24.00000 0.00304 1.38931 11
-0.30149 -0.71861 0.00928 0 2.90000 -58.10000 0.00877 0.27210 11
0.10562 0.20838 0.00928 0 7.25000 -54.20000 0.00877 0.34667 11
-0.03813 -0.40820 0.00928 0 2.55000 -51.90000 0.00877 0.43471 11
0.12510 0.19719 0.00928 0 7.25000 -51.57500 0.00877 0.51764 11
-0.07162 -0.54537 0.00928 0 3.50000 -48.95000 0.00877 0.61458 11
0.11809 0.33292 0.00928 0 7.27500 -47.35000 0.00877 0.68898 11
0.25804 0.69239 0.00928 0 -4.45000 -47.25000 0.00877 0.69109 11
-0.22222 -0.64281 0.00928 0 4.82500 -41.52500 0.00877 0.78183 11
0.28215 0.15823 0.00928 0 6.65000 -37.00000 0.00877 0.84921 11
-0.14297 -0.49543 0.00928 0 4.85000 -34.15000 0.00877 0.93324 11
0.13565 0.18651 0.00928 0 6.05000 -32.32500 0.00877 0.99670 11
-0.20420 -0.62809 0.00928 0 4.82500 -28.80000 0.00877 1.07432 11
0.25582 0.17382 0.00928 0 5.95000 -24.92500 0.00877 1.13760 11
-0.41648 -0.56047 0.00928 0 5.45000 -19.20000 0.00877 1.20962 11
0.35744 0.04381 0.00928 0 5.22500 -13.10000 0.00877 1.27133 11
-0.33464 -0.65656 0.00928 0 5.35000 -7.20000 0.00877 1.33964 11
0.42478 0.16343 0.00928 0 3.12500 -2.47500 0.00877 1.38863 11
-0.30683 -1.01781 0.00928 0 6.27500 3.00000 0.00877 1.45862 11
0.81799 -0.01545 0.00928 0 1.77500 9.27500 0.00877 1.50116 11
-0.77562 0.02156 0.00928 0 -4.45000 16.07500 0.00877 1.54066 11
-1.06049 -0.57482 0.00928 0 7.75000 16.65000 0.00877 1.54368 11
0.88422 -0.25290 0.00928 0 1.50000 24.30000 0.00877 1.58501 11
-1.14983 0.36024 0.00928 0 -2.92500 30.67500 0.00877 1.61440 11
0.49213 -0.94952 0.00928 0 1.60000 51.65000 0.00877 1.72091 11
-0.61357 1.01176 0.00928 0 -1.30000 52.87500 0.00877 1.73219 11
0.23606 0.42291 0.00928 0 5.30000 -7.20000 0.00877 1.33962 11
-0.63104 -0.57733 0.00928 0 7.00000 -8.32500 0.00877 1.35440 11
1.16416 0.06757 0.00928 0 6.22500 -10.00000 0.00877 1.36195 11
-0.62415 -0.26298 0.00928 0 6.95000 -11.52500 0.00877 1.37052 11
-0.37985 -0.48967 0.00928 0 -1.85000 -58.10000 0.00877 0.27179 11
0.62749 0.55835 0.00928 0 1.25000 -49.57500 0.00877 0.34371 11
-0.70737 -0.56995 0.00928 0 -0.40000 -32.82500 0.00877 0.45209 11
0.63289 0.47775 0.00928 0 1.45000 -22.02500 0.00877 0.52278 11
-0.43965 -0.47949 0.00928 0 -0.77500 -10.37500 0.00877 0.61869 11
0.64762 0.54019 0.00928 0 1.07500 -2.45000 0.00877 0.68531 11
-0.63339 -0.49738 0.00928 0 -0.12500 10.40000 0.00877 0.77613 11
0.67510 0.49903 0.00928 0 0.65000 20.05000 0.00877 0.84176 11
-0.75586 -0.52253 0.00928 0 1.37500 35.37500 0.00877 0.92809 11
0.38798 0.51359 0.00928 0 -1.37500 43.22500 0.00877 0.97809 11
-0.56360 -0.47071 0.00928 0 -1.12500 51.35000 0.00877 1.05457 11
0.94291 0.39535 0.00928 0 -2.67500 60.70000 0.00877 1.11146 11
-0.49119 -1.06858 0.00928 0 7.27500 -57.77500 0.00877 0.27512 11
0.60735 0.52428 0.00928 0 -2.32500 -50.92500 0.00877 0.34284 11
-0.74878 -0.51214 0.00928 0 -4.27500 -36.27500 0.00877 0.43887 11
0.69495 0.52307 0.00928 0 8.00000 -27.32500 0.00877 0.49713 11
0.94006 0.91170 0.00928 0 -3.35000 -26.57500 0.00877 0.50163 11
-0.58874 -0.45822 0.00928 0 -3.77500 -11.72500 0.00877 0.60004 11
0.65443 0.45068 0.00928 0 -2.45000 -0.97500 0.00877 0.66978 11
-0.54756 -0.26813 0.00928 0 -3.55000 10.32500 0.00877 0.75177 11
0.38555 0.33497 0.00928 0 7.85000 17.47500 0.00877 0.80713 11
0.35494 0.69776 0.00928 0 -3.72500 17.75000 0.00877 0.81033 11
-0.22292 -0.69940 0.00928 0 7.07500 23.07500 0.00877 0.89205 11
0.13257 0.18123 0.00928 0 8.07500 25.35000 0.00877 0.95360 11
0.17875 0.51505 0.00928 0 -3.67500 25.50000 0.00877 0.95663 11
-0.14460 -0.12594 0.00928 0 -4.15000 29.62500 0.00877 1.02673 11
-0.21424 -0.91742 0.00928 0 8.20000 29.70000 0.00877 1.02967 11
0.14032 0.17863 0.00928 0 7.17500 33.02500 0.00877 1.08215 11
-0.17235 -0.04497 0.00928 0 -3.92500 36.47500 0.00877 1.14464 11
-0.13654 -0.68270 0.00928 0 8.37500 36.60000 0.00877 1.14776 11
0.11506 0.04126 0.00928 0 6.10000 40.02500 0.00877 1.19761 11
0.23560 0.08660 0.00928 0 -3.72500 36.52500 0.00877 1.24653 11
-0.18601 0.15276 0.00928 0 6.17500 34.42500 0.00877 1.29777 11
0.05573 -0.13968 0.00928 0 -3.42500 31.42500 0.00877 1.35509 11
0.29368 0.00268 0.00928 0 5.77500 32.00000 0.00877 1.40132 11
-0.50304 -0.08245 0.00928 0 -3.17500 36.12500 0.00877 1.45185 11
0.29739 -0.30819 0.00928 0 3.10000 41.50000 0.00877 1.49217 11
-0.53056 0.32278 0.00928 0 -2.82500 42.90000 0.00877 1.51975 11
0.69979 -1.02835 0.00928 0 1.27500 47.37500 0.00877 1.55663 11
-0.44532 1.19173 0.00928 0 -2.35000 48.97500 0.00877 1.57149 11
1.72245 -0.81505 0.00928 0 -0.10000 62.77500 0.00877 1.64883 11
0.51470 -0.07297 0.00928 0 -3.17500 36.12500 0.00877 1.45195 11
-0.73655 0.13263 0.00928 0 -1.67500 35.00000 0.00877 1.46118 11
-1.29830 1.30676 0.00928 0 -2.87500 34.80000 0.00877 1.46703 11
5.87170 -6.19218 0.00928 0 -2.47500 36.72500 0.00877 1.48155 11
8.30963 -4.06256 0.00928 0 -1.92500 39.77500 0.00877 1.49679 11
-6.85235 1.25526 0.00928 0 -1.72500 40.57500 0.00877 1.50498 11
-0.36375 -0.71096 0.00928 0 5.10000 -58.00000 0.00877 0.27323 11
0.23561 0.65248 0.00928 0 -2.25000 -51.95000 0.00877 0.35178 11
-0.10470 -0.71519 0.00928 0 5.25000 -48.22500 0.00877 0.45072 11
0.33541 0.20460 0.00928 0 7.82500 -41.42500 0.00877 0.52204 11
0.42065 0.53557 0.00928 0 -3.87500 -41.12500 0.00877 0.52497 11
-0.46992 -0.44178 0.00928 0 5.72500 -29.52500 0.00877 0.61284 11
0.38882 0.00497 0.00928 0 7.85000 -19.75000 0.00877 0.69281 11
0.43640 0.35458 0.00928 0 -4.02500 -19.45000 0.00877 0.69552 11
-0.43389 -0.35976 0.00928 0 5.97500 -9.42500 0.00877 0.77798 11
0.42820 0.10579 0.00928 0 8.02500 -1.32500 0.00877 0.85531 11
0.50688 0.35660 0.00928 0 -3.82500 -0.92500 0.00877 0.85843 11
-0.59804 -0.10125 0.00928 0 -4.27500 10.82500 0.00877 0.93501 11
-0.93683 -0.84505 0.00928 0 8.05000 11.32500 0.00877 0.93818 11
1.02483 -0.10347 0.00928 0 5.45000 24.47500 0.00877 1.00314 11
-1.09136 0.33523 0.00928 0 -2.97500 38.25000 0.00877 1.06509 11
0.89021 0.11496 0.00928 0 7.12500 52.77500 0.00877 1.14211 11
-0.39770 -0.66753 0.00928 0 5.42500 -57.95000 0.00877 0.27351 11
0.30087 0.51943 0.00928 0 -2.25000 -50.52500 0.00877 0.35456 11
-0.32513 -0.72588 0.00928 0 5.77500 -43.50000 0.00877 0.45041 11
0.31748 0.39943 0.00928 0 7.40000 -39.55000 0.00877 0.51190 11
0.17500 0.75459 0.00928 0 -4.25000 -39.42500 0.00877 0.51430 11
-0.32630 -0.86019 0.00928 0 5.45000 -35.42500 0.00877 0.60999 11
0.24856 0.23576 0.00928 0 7.52500 -30.35000 0.00877 0.67613 11
0.12761 0.56695 0.00928 0 -4.22500 -30.25000 0.00877 0.67848 11
-0.29400 -0.57065 0.00928 0 5.85000 -27.80000 0.00877 0.75843 11
0.19230 0.07006 0.00928 0 7.77500 -24.17500 0.00877 0.82976 11
0.25116 0.29023 0.00928 0 -4.10000 -24.00000 0.00877 0.83226 11
-0.33416 -0.66986 0.00928 0 6.92500 -18.00000 0.00877 0.90519 11
0.27965 0.07296 0.00928 0 7.55000 -12.12500 0.00877 0.96987 11
0.27303 0.32900 0.00928 0 -4.32500 -11.95000 0.00877 0.97210 11
-0.09832 0.00065 0.00928 0 -3.82500 -8.42500 0.00877 1.03157 11
-0.11614 -0.83959 0.00928 0 8.47500 -8.35000 0.00877 1.03480 11
-0.04777 -0.00487 0.00928 0 6.77500 -7.40000 0.00877 1.08476 11
0.27463 0.18811 0.00928 0 -3.85000 -8.25000 0.00877 1.13805 11
0.34615 -0.44442 0.00928 0 8.25000 -8.50000 0.00877 1.14107 11
-0.35109 -0.22213 0.00928 0 5.75000 -13.65000 0.00877 1.19825 11
0.37183 0.30234 0.00928 0 -3.20000 -17.40000 0.00877 1.23909 11
-0.41995 -0.27209 0.00928 0 5.75000 -23.60000 0.00877 1.30040 11
0.32288 0.15362 0.00928 0 -3.15000 -27.60000 0.00877 1.34394 11
-0.32024 -0.02190 0.00928 0 5.50000 -32.52500 0.00877 1.39435 11
0.16753 -0.19705 0.00928 0 -3.37500 -34.02500 0.00877 1.43759 11
-0.07238 0.24348 0.00928 0 5.52500 -34.80000 0.00877 1.47857 11
0.13344 -0.05669 0.00928 0 -2.50000 -36.25000 0.00877 1.52510 11
0.00810 -0.03448 0.00928 0 4.57500 -36.62500 0.00877 1.56199 11
-0.07035 0.03710 0.00928 0 -3.22500 -36.10000 0.00877 1.60247 11
-0.15609 -0.37216 0.00928 0 3.87500 -37.17500 0.00877 1.64503 11
0.29566 0.27215 0.00928 0 -2.77500 -39.70000 0.00877 1.67602 11
-0.14050 0.07926 0.00928 0 4.35000 -42.20000 0.00877 1.71760 11
0.07053 -0.29516 0.00928 0 -2.27500 -44.00000 0.00877 1.75654 11
-0.07327 0.21256 0.00928 0 4.45000 -44.45000 0.00877 1.78712 11
0.22621 -0.11416 0.00928 0 -1.32500 -47.15000 0.00877 1.82063 11
-0.10366 0.18302 0.00928 0 4.60000 -48.05000 0.00877 1.84925 11
0.46792 -0.31805 0.00928 0 0.15000 -49.32500 0.00877 1.87757 11
-0.29735 0.14415 0.00928 0 4.02500 -51.80000 0.00877 1.89703 11
0.18326 -0.25745 0.00928 0 -0.32500 -52.97500 0.00877 1.92162 11
-0.31017 0.27656 0.00928 0 3.62500 -54.12500 0.00877 1.93975 11
0.08541 0.08394 0.00928 0 -0.15000 -57.02500 0.00877 1.96517 11
-0.05751 -0.25212 0.00928 0 2.22500 -57.50000 0.00877 1.98383 11
0.26497 0.21905 0.00928 0 -0.72500 -59.52500 0.00877 2.00011 11
-0.22381 -0.21941 0.00928 0 2.30000 -60.77500 0.00877 2.01990 11
-0.17431 1.43292 0.00928 0 -0.15000 -61.40000 0.00877 2.03020 11
-0.38527 -0.53914 0.00928 0 -0.87500 -58.15000 0.00877 0.27160 11
0.34611 0.53353 0.00928 0 2.80000 -51.97500 0.00877 0.34236 11
-0.29532 -0.49505 0.00928 0 -1.35000 -45.25000 0.00877 0.44550 11
0.17505 0.39547 0.00928 0 1.82500 -37.92500 0.00877 0.51858 11
-0.40541 -0.27129 0.00928 0 -1.25000 -27.22500 0.00877 0.61268 11
0.62139 0.04010 0.00928 0 1.07500 -15.35000 0.00877 0.70119 11
-0.95977 -0.31674 0.00928 0 1.12500 0.87500 0.00877 0.78524 11
0.72738 0.18204 0.00928 0 1.65000 12.27500 0.00877 0.85647 11
-0.53210 -0.35527 0.00928 0 1.12500 25.52500 0.00877 0.93623 11
0.36208 0.26579 0.00928 0 3.15000 33.35000 0.00877 1.00871 11
-0.48256 -0.38209 0.00928 0 1.40000 41.07500 0.00877 1.09009 11
0.69994 0.52992 0.00928 0 2.05000 50.35000 0.00877 1.15562 11
-0.60721 -0.77301 0.00928 0 3.12500 64.47500 0.00877 1.24613 11
-0.32244 -0.48580 0.00928 0 -3.72500 -58.02500 0.00877 0.27250 11
0.56625 0.47182 0.00928 0 -0.00000 -51.50000 0.00877 0.34548 11
-1.11975 -0.68645 0.00928 0 -1.10000 -33.10000 0.00877 0.45112 11
0.25081 0.97020 0.00928 0 -1.77500 -25.52500 0.00877 0.50454 11
-0.53635 -1.12949 0.00928 0 0.95000 -20.17500 0.00877 0.60032 11
0.67460 1.30437 0.00928 0 -1.85000 -16.37500 0.00877 0.63739 11
0.02494 -1.28588 0.00928 0 2.20000 -3.82500 0.00877 0.73043 11
-0.06031 0.98692 0.00928 0 -0.10000 -4.40000 0.00877 0.76754 11
0.01937 -0.87919 0.00928 0 1.72500 -5.87500 0.00877 0.85002 11
0.02552 0.88227 0.00928 0 -0.20000 -5.47500 0.00877 0.89023 11
-0.17549 -1.78417 0.00928 0 3.57500 -1.67500 0.00877 0.97716 11
0.03852 1.18023 0.00928 0 -0.95000 -1.15000 0.00877 1.00461 11
