0.52169 -0.07133 22.69464 0 2.12500 -15.32500 20.13189 0.11381 13
1.29151 -0.07223 78.19234 0 2.20000 -36.72500 47.94860 0.16465 -13
0.52041 0.12309 14.01791 0 -3.67500 -14.90000 12.45496 0.11418 -13
0.53594 -0.27688 14.01791 0 8.40000 -15.37500 12.45496 0.11765 -13
0.72170 -0.08298 30.13232 0 2.47500 -25.22500 24.46291 0.12446 13
-0.19843 -0.02552 91.77163 0 0.77500 6.55000 90.01758 0.10270 13
0.03419 0.09220 3.33818 0 -2.92500 -0.32500 3.33625 0.10129 13
0.47821 -0.11519 82.21665 0 3.47500 -13.12500 74.26262 0.11223 -13
-0.43942 -0.24119 96.47164 0 7.27500 14.52500 88.71645 0.11265 -13
1.83763 0.06046 80.42714 0 -1.80000 -56.17500 38.49772 0.21076 -13
-0.51168 -0.08463 85.65076 0 2.55000 15.17500 76.30518 0.11343 13
1.77735 -0.13946 42.76318 0 4.22500 -52.55000 21.12235 0.20588 -13
0.56122 -0.04421 86.76685 0 1.32500 -16.50000 75.68288 0.11557 13
0.71060 -0.18698 88.68630 0 5.62500 -19.00000 72.70607 0.12496 13
0.66461 -0.18074 93.93530 0 5.45000 -21.57500 78.61504 0.12227 13
0.11048 0.12495 81.29999 0 -3.77500 -3.50000 80.81584 0.10210 -13
0.11370 -0.27501 81.29999 0 8.30000 -3.60000 80.81584 0.10508 -13
0.08562 -0.10449 46.28243 0 3.15000 -0.92500 46.11550 0.10162 -13
-0.65534 0.12107 45.04176 0 -3.67500 21.52500 37.75504 0.12102 13
-0.67545 -0.27915 45.04176 0 8.40000 22.12500 37.75504 0.12472 13
0.27908 0.08146 56.39665 0 -2.45000 -8.90000 54.33503 0.10487 -13
0.20283 0.06606 90.13214 0 -1.97500 -4.52500 88.34101 0.10297 -13
-1.55890 -0.13151 51.98032 0 3.97500 45.55000 28.23715 0.18699 -13
1.40124 0.04400 22.30163 0 -1.30000 -43.72500 12.96297 0.17341 -13
-0.88347 -0.06255 5.14678 0 1.75000 26.25000 3.86018 0.13453 13
0.68822 0.06216 39.89010 0 -1.85000 -22.80000 32.88063 0.12240 -13
-0.31103 -0.13532 11.91621 0 4.05000 10.60000 11.38776 0.10632 13
0.83953 -0.12659 90.86686 0 3.82500 -24.60000 69.82126 0.13211 -13
0.44170 -0.06851 93.81725 0 2.05000 -11.05000 85.85116 0.11030 13
0.59260 0.10773 27.07769 0 -3.22500 -18.42500 23.32882 0.11755 -13
0.80264 -0.20001 42.60863 0 6.02500 -28.80000 33.48244 0.13067 13
-0.96075 -0.01719 26.93013 0 0.50000 29.50000 19.42103 0.13966 13
1.31989 0.08846 86.07259 0 -2.65000 -39.55000 52.10678 0.16699 -13
0.13168 0.13725 60.99407 0 -4.15000 -1.87500 60.48161 0.10251 13
0.13485 -0.26207 60.99407 0 7.90000 -1.97500 60.48161 0.10498 13
1.79123 0.11025 29.96128 0 -3.35000 -54.57500 14.67235 0.20691 13
-1.04484 -0.23342 63.95280 0 7.05000 30.77500 44.82744 0.14754 -13
-0.01122 -0.17983 20.94297 0 5.40000 -0.15000 20.94170 0.10231 13
0.55585 -0.13131 50.51660 0 3.97500 -16.77500 44.24254 0.11597 -13
0.17955 0.01517 56.32659 0 -0.47500 -5.27500 55.44022 0.10232 13
1.02589 -0.03711 36.25448 0 1.15000 -29.10000 25.31505 0.14433 -13
-1.73806 0.09133 98.87012 0 -2.75000 51.80000 49.46029 0.20213 -13
-1.49910 0.02467 87.80128 0 -0.72500 44.52500 48.73356 0.18149 -13
-0.14314 -0.22402 48.18061 0 6.75000 4.12500 47.71744 0.10419 13
-1.65493 -0.18540 50.20867 0 5.57500 49.77500 26.28855 0.19559 13
-1.33083 -0.13427 53.05562 0 4.02500 43.25000 32.05351 0.16817 13
-0.59891 0.10055 30.88217 0 -3.02500 17.80000 26.52894 0.11781 -13
0.90341 -0.04631 30.67747 0 1.42500 -28.12500 22.77466 0.13580 -13
0.33280 -0.06934 88.37572 0 2.07500 -9.35000 83.87405 0.10636 13
-0.31665 0.14058 17.99064 0 -4.20000 8.80000 17.16661 0.10656 -13
-0.32389 -0.25855 17.99064 0 7.82500 9.02500 17.16661 0.10904 -13
1.12683 -0.06253 20.81771 0 1.85000 -34.30000 13.83310 0.15184 13
1.26385 -0.01189 60.43794 0 0.37500 -37.92500 37.50282 0.16230 -13
0.32107 -0.23068 90.88658 0 6.95000 -10.12500 86.74044 0.10828 13
1.83089 -0.20653 20.63643 0 6.27500 -56.67500 10.05189 0.21118 -13
-0.52032 -0.15607 70.62789 0 4.70000 15.77500 62.81351 0.11460 13
0.19164 -0.04382 70.37708 0 1.32500 -8.55000 69.12172 0.10263 -13
-0.89250 -0.18614 66.59862 0 5.60000 29.25000 50.06046 0.13626 13
-0.52506 -0.10329 15.34392 0 3.07500 16.35000 13.60064 0.11420 13
0.59631 0.02917 27.23317 0 -0.90000 -18.85000 23.39165 0.11729 13
-0.20353 0.01757 26.30125 0 -0.55000 4.72500 25.77299 0.10278 13
0.15835 -0.13536 53.16765 0 4.10000 -4.70000 52.52486 0.10287 -13
1.18003 0.07573 6.34496 0 -2.15000 -34.75000 4.10883 0.15593 -13
1.09276 -0.10963 13.05844 0 3.25000 -31.87500 8.84427 0.14955 13
0.29396 -0.16070 22.38904 0 4.82500 -8.37500 21.50184 0.10619 13
1.66827 -0.04454 16.18898 0 1.27500 -50.62500 8.32965 0.19590 13
0.39576 -0.03965 94.13425 0 1.20000 -11.95000 87.53826 0.10838 -13
-1.30347 -0.21930 18.25618 0 6.57500 38.07500 11.27623 0.16686 13
-0.37279 0.03290 30.24447 0 -1.00000 12.17500 28.34118 0.10753 13
0.01746 -0.14544 71.02649 0 4.37500 1.50000 71.01589 0.10177 13
0.16455 -0.02436 65.81961 0 0.75000 -7.35000 64.94678 0.10209 -13
-1.69470 0.00849 30.03148 0 -0.22500 50.15000 15.26249 0.19815 -13
2.04169 -0.08562 75.40371 0 2.57500 -64.97500 33.26544 0.22889 13
-1.49744 -0.19287 36.13590 0 5.80000 44.70000 20.32166 0.18234 13
0.01555 -0.04902 90.71353 0 1.47500 0.05000 90.70257 0.10084 13
-0.46039 -0.11671 52.97082 0 3.52500 13.00000 48.17280 0.11140 -13
-0.46039 -0.11671 52.97082 0 3.52500 13.00000 48.17280 0.11149 -13
0.58139 -0.01798 76.32899 0 0.52500 -15.97500 65.98967 0.11651 13
-0.34329 -0.15213 97.21341 0 4.60000 11.67500 92.05630 0.10757 -13
0.16236 -0.07122 81.65180 0 2.15000 -6.25000 80.60160 0.10227 13
0.08760 -0.08173 30.55918 0 2.45000 -0.75000 30.44334 0.10142 13
0.64954 -0.21358 74.04674 0 6.42500 -19.90000 62.50292 0.12199 13
0.51823 -0.01153 56.82055 0 0.35000 -14.12500 50.44931 0.11343 -13
0.80336 0.10311 47.92069 0 -3.10000 -23.90000 37.43596 0.12958 -13
1.99690 -0.10823 57.22384 0 3.27500 -61.65000 25.74192 0.22518 -13
0.97159 0.12583 90.42324 0 -3.80000 -29.05000 65.09981 0.14097 -13
0.99955 -0.27408 90.42324 0 8.27500 -29.90000 65.09981 0.14504 -13
-1.21476 -0.24423 7.54409 0 7.47500 37.10000 4.87735 0.16049 -13
-0.45516 0.12594 70.68960 0 -3.80000 13.60000 64.42519 0.11136 -13
-0.46823 -0.27397 70.68960 0 8.27500 13.97500 64.42519 0.11457 -13
0.48744 -0.05540 77.70649 0 1.67500 -15.00000 69.87043 0.11217 13
0.15890 0.14395 50.17702 0 -4.32500 -7.72500 49.56779 0.10299 -13
0.16232 -0.25505 50.17702 0 7.70000 -7.82500 49.56779 0.10521 -13
0.41381 0.00381 46.76138 0 -0.10000 -14.75000 43.20815 0.10898 -13
-1.32918 -0.15835 47.85428 0 4.80000 39.90000 28.99746 0.16828 -13
0.07917 -0.06593 69.52348 0 1.97500 -3.80000 69.30757 0.10123 13
-0.61533 -0.06572 91.17529 0 2.00000 18.87500 77.69798 0.11843 -13
0.86626 -0.14643 87.76211 0 4.40000 -28.27500 66.63474 0.13404 13
0.87863 -0.14522 71.08097 0 4.37500 -24.95000 53.63980 0.13484 13
0.07237 -0.10103 85.33414 0 3.05000 -2.77500 85.11385 0.10148 -13
1.00679 0.01896 72.19883 0 -0.57500 -27.37500 50.88366 0.14292 13
-1.07633 -0.02063 69.39953 0 0.60000 27.82500 47.24264 0.14796 13
0.21491 -0.01887 16.65245 0 0.60000 -5.37500 16.28092 0.10302 -13
-1.79332 -0.00043 51.77227 0 0.02500 53.47500 25.21453 0.20678 -13
-0.59391 -0.19187 36.34826 0 5.80000 17.10000 31.39770 0.11872 -13
-0.12782 -0.09801 40.88470 0 2.97500 4.67500 40.55791 0.10201 -13
-0.91822 -0.08270 25.23301 0 2.52500 27.40000 18.61488 0.13699 -13
-1.86043 -0.22798 84.56772 0 6.90000 56.57500 40.82902 0.21395 -13
0.93022 0.09119 89.99967 0 -2.75000 -27.72500 66.02406 0.13784 -13
-0.94256 -0.17446 40.71496 0 5.27500 25.37500 29.83575 0.13951 -13
-0.95635 -0.20625 69.70928 0 6.20000 28.95000 50.87750 0.14087 13
1.03535 0.12978 26.58613 0 -3.90000 -34.20000 18.54955 0.14553 -13
1.06346 -0.26989 26.58613 0 8.17500 -35.05000 18.54955 0.14953 -13
-0.28458 -0.00338 61.00748 0 0.10000 9.32500 58.67777 0.10470 -13
0.17655 0.10815 69.58045 0 -3.25000 -5.50000 68.53274 0.10283 -13
-0.01108 -0.10822 79.49713 0 3.25000 0.15000 79.49231 0.10130 13
0.30908 -0.25123 3.09324 0 7.40000 -8.45000 2.96287 0.10831 13
1.85108 0.14009 20.02489 0 -4.27500 -56.70000 9.58897 0.21241 13
1.89381 -0.25920 20.02489 0 7.77500 -57.95000 9.58897 0.21716 13
0.23193 0.12830 67.80914 0 -3.87500 -5.77500 66.08300 0.10418 13
0.23838 -0.27150 67.80914 0 8.17500 -5.97500 66.08300 0.10707 13
0.03772 -0.17269 75.54145 0 5.22500 -2.77500 75.48932 0.10227 -13
-1.01313 -0.10653 9.30625 0 3.12500 29.02500 6.55598 0.14373 13
-2.10993 -0.09728 50.56754 0 2.90000 61.85000 21.74076 0.23533 13
-0.12514 0.14101 92.55118 0 -4.25000 5.60000 91.84867 0.10248 13
-0.12797 -0.25813 92.55118 0 7.77500 5.70000 91.84867 0.10480 13
1.93236 0.02622 96.82649 0 -0.80000 -56.95000 44.51436 0.21911 13
-1.28542 -0.22090 81.03455 0 6.65000 40.32500 50.49321 0.16550 13
-0.04263 -0.15134 75.59233 0 4.55000 0.80000 75.52527 0.10194 13
0.67087 -0.05809 93.38565 0 1.75000 -21.05000 77.59099 0.12141 13
-0.15578 0.07019 43.57634 0 -2.12500 4.80000 43.05952 0.10216 13
0.52822 1.21414 43.57634 0 -2.00000 4.32500 43.05952 0.10467 13
-136.13360 -159.77498 43.57634 0 -1.42500 2.45000 43.05952 0.13836 13
-1.65635 -0.57752 43.57634 0 -0.82500 0.12500 43.05952 0.15022 13
-1.04008 -0.15304 71.09949 0 4.62500 31.05000 49.57343 0.14612 -13
-1.64325 -0.01493 46.32302 0 0.47500 49.55000 24.08320 0.19372 -13
2.01685 -0.08276 40.21147 0 2.47500 -62.17500 17.91178 0.22683 13
-0.56405 -0.06075 31.58403 0 1.85000 16.07500 27.52209 0.11578 -13
0.04482 0.02211 4.52061 0 -0.55000 -0.67500 4.51608 0.10085 -13
-0.67609 -0.17223 92.25097 0 5.20000 20.90000 76.77084 0.12280 -13
-0.46998 0.03933 52.04573 0 -1.17500 15.60000 47.10961 0.11134 -13
1.57650 0.06609 94.11232 0 -1.97500 -48.30000 50.48910 0.18811 -13
-0.74540 -0.17073 94.58905 0 5.15000 23.42500 76.22478 0.12678 -13
-0.17181 -0.19131 28.49153 0 5.75000 5.27500 28.09439 0.10396 13
1.13983 -0.22763 58.07250 0 6.85000 -35.40000 38.84286 0.15439 13
-0.34715 -0.08264 63.52958 0 2.47500 12.80000 60.03812 0.10692 13
-0.07115 -0.01608 34.01682 0 0.47500 1.05000 33.93107 0.10097 13
0.41732 -0.17750 80.51626 0 5.35000 -11.32500 74.47409 0.11058 -13
0.15639 -0.23513 92.52472 0 7.10000 -7.57500 91.47089 0.10465 -13
-0.39552 -0.22640 52.13859 0 6.85000 8.92500 48.64491 0.11067 -13
1.85352 -0.22616 93.89836 0 6.80000 -55.85000 45.44942 0.21328 13
-0.61774 0.09439 62.82429 0 -2.85000 23.15000 53.51394 0.11875 -13
0.30668 0.03759 42.67778 0 -1.12500 -7.65000 40.80459 0.10540 -13
-1.84858 -0.08658 87.40496 0 2.62500 55.32500 41.70684 0.21184 -13
1.23421 0.07182 12.75626 0 -2.22500 -36.67500 8.04325 0.16015 13
0.44482 0.11603 90.92693 0 -3.50000 -14.60000 83.16927 0.11083 -13
-0.14106 -0.23181 4.87776 0 7.10000 4.92500 4.83238 0.10444 -13
-0.25691 -0.13216 76.42863 0 3.97500 5.45000 74.06402 0.10481 13
-0.67755 0.08897 79.58616 0 -2.70000 21.40000 65.96864 0.12197 13
-0.84890 -0.15383 65.53536 0 4.65000 25.85000 50.20482 0.13300 -13
0.29039 -0.20817 70.54892 0 6.27500 -9.70000 67.85957 0.10694 -13
-0.85288 -0.24465 91.14315 0 7.37500 27.82500 70.18608 0.13462 13
-0.08866 0.14132 75.83897 0 -4.25000 0.30000 75.54845 0.10209 -13
-0.09066 -0.25779 75.83897 0 7.77500 0.35000 75.54845 0.10440 -13
-0.03756 -0.17426 10.36675 0 5.30000 2.47500 10.35968 0.10232 -13
0.57613 0.09725 37.38076 0 -2.92500 -16.72500 32.42757 0.11663 -13
-1.89864 -0.13823 77.73110 0 4.15000 58.82500 36.49207 0.21653 13
0.83448 0.11067 37.92604 0 -3.35000 -27.57500 29.19216 0.13164 13
-0.65682 -0.12789 6.87094 0 3.95000 18.77500 5.75666 0.12123 -13
1.26007 0.06982 30.76040 0 -2.07500 -37.70000 19.14980 0.16214 -13
0.67030 0.08684 50.11115 0 -2.60000 -19.22500 41.67305 0.12154 -13
-0.32900 -0.01150 86.97960 0 0.35000 10.50000 82.62363 0.10602 -13
0.69657 0.06384 31.03391 0 -1.95000 -21.27500 25.48187 0.12291 13
0.29841 0.00767 84.71001 0 -0.22500 -7.02500 81.17305 0.10509 13
0.22585 -0.21304 52.47587 0 6.42500 -6.27500 51.24072 0.10544 13
-1.08836 -0.12691 77.50982 0 3.82500 33.00000 52.66879 0.14938 13
0.15413 -0.15443 99.52786 0 4.67500 -7.17500 98.39305 0.10307 -13
-0.85573 -0.14094 11.83306 0 4.20000 26.82500 9.02768 0.13327 13
1.26283 -0.19091 92.99147 0 5.75000 -37.40000 58.36362 0.16334 13
0.84335 -0.16528 88.46561 0 4.97500 -26.37500 68.00360 0.13278 13
-0.87152 -0.21525 34.87227 0 6.52500 25.25000 26.54362 0.13535 -13
1.09536 -0.01337 21.22065 0 0.42500 -31.80000 14.30801 0.14937 -13
-0.37528 -0.21007 85.77741 0 6.32500 11.30000 80.51872 0.10962 13
0.09301 0.01549 92.71846 0 -0.47500 -3.90000 92.32005 0.10115 13
0.34150 -0.01621 27.69237 0 0.50000 -8.52500 26.20684 0.10643 -13
-1.11990 0.09774 9.67070 0 -3.02500 32.35000 6.45870 0.15155 13
0.95577 -0.24374 36.21306 0 7.37500 -27.40000 26.53668 0.14147 -13
-0.31204 0.07141 9.43502 0 -2.20000 9.20000 9.00858 0.10576 13
-2.00928 -0.09116 17.52703 0 2.67500 62.27500 7.83589 0.22614 13
0.68259 0.07269 97.53433 0 -2.17500 -23.00000 80.62366 0.12214 -13
2.04637 0.00243 98.08098 0 -0.05000 -62.62500 43.06243 0.22937 -13
-2.00043 0.05190 24.61305 0 -1.52500 59.25000 11.01764 0.22525 -13
0.73167 -0.24561 67.42488 0 7.40000 -22.67500 54.96304 0.12720 13
-0.19260 -0.19570 57.37191 0 5.90000 5.22500 56.37365 0.10442 13
-1.67786 -0.23872 75.08661 0 7.20000 48.35000 39.22984 0.19815 13
-0.59737 0.02564 21.49815 0 -0.80000 17.02500 18.45757 0.11734 13
-0.96526 0.08331 22.51918 0 -2.55000 29.25000 16.22940 0.14022 13
-0.83319 0.14322 68.09285 0 -4.30000 26.00000 52.53105 0.13186 -13
-0.85135 -0.25581 68.09285 0 7.72500 26.55000 52.53105 0.13475 -13
0.86580 0.06117 15.00141 0 -1.87500 -26.02500 11.35025 0.13336 13
0.12398 0.11664 47.25336 0 -3.50000 -1.62500 46.89905 0.10215 -13
-0.58159 0.11692 98.00784 0 -3.52500 16.92500 84.86619 0.11709 -13
0.66179 -0.00231 29.28247 0 0.10000 -21.15000 24.41922 0.12076 -13
-1.46346 -0.22027 92.87227 0 6.65000 44.45000 53.24291 0.17986 -13
2.11943 0.27609 92.87227 0 6.65000 44.52500 53.24291 0.18004 -13
-0.83128 0.13318 92.87227 0 5.95000 47.42500 53.24291 0.19375 -13
0.76354 -0.61508 92.87227 0 7.02500 48.85000 53.24291 0.20599 -13
0.44636 -0.41299 92.87227 0 7.00000 51.90000 53.24291 0.24390 -13
0.06130 0.11101 58.87083 0 -3.35000 -0.95000 58.76188 0.10151 13
0.10115 0.05523 98.44246 0 -1.67500 -3.20000 97.94421 0.10137 13
0.33737 -0.00154 52.90122 0 0.05000 -11.57500 50.12550 0.10628 -13
-0.30696 -0.21851 64.29514 0 6.60000 6.70000 61.58575 0.10762 -13
-1.74826 -0.25055 5.08314 0 7.37500 53.20000 2.58322 0.20402 13
-0.94752 -0.12751 74.03737 0 3.82500 30.22500 53.94783 0.13932 13
0.97066 0.02436 97.44909 0 -0.72500 -26.15000 69.93558 0.14036 -13
-0.22072 -0.07054 14.39509 0 2.10000 8.57500 14.05822 0.10337 13
-0.10310 -0.14717 35.16580 0 4.42500 2.27500 34.98431 0.10231 13
0.38213 -0.08341 7.31294 0 2.60000 -12.92500 6.83401 0.10817 -13
-0.43925 -0.17849 40.03875 0 5.37500 17.12500 36.75000 0.11144 13
0.09661 0.05872 12.09488 0 -1.72500 -4.05000 12.03908 0.10134 -13
0.96936 -0.13842 50.42245 0 4.20000 -27.12500 36.37108 0.14095 -13
-0.23854 0.00304 82.73792 0 -0.10000 7.10000 80.47978 0.10353 13
-1.16230 -0.09633 56.70318 0 2.90000 34.70000 37.07995 0.15470 13
-1.62395 0.14570 66.74000 0 -4.40000 48.72500 35.26095 0.19263 13
-1.65771 -0.25322 66.74000 0 7.62500 49.72500 35.26095 0.19660 13
-0.44052 0.00312 83.21347 0 -0.10000 13.67500 76.15204 0.11004 13
-1.45501 -0.14703 36.78756 0 4.40000 43.75000 20.98781 0.17839 13
0.85228 -0.15736 87.21587 0 4.75000 -25.30000 66.71820 0.13326 13
-1.75935 -0.19631 98.09009 0 5.92500 52.45000 49.16537 0.20475 -13
-0.81065 0.13305 16.40456 0 -3.97500 23.57500 12.78779 0.13030 -13
-0.83161 -0.26638 16.40456 0 8.07500 24.22500 12.78779 0.13374 -13
0.20554 0.03269 96.78234 0 -0.97500 -4.90000 94.80272 0.10286 -13
-0.08061 -0.08731 39.81171 0 2.65000 3.37500 39.68399 0.10142 -13
0.10127 -0.17733 13.97284 0 5.32500 -2.40000 13.90396 0.10277 13
1.09632 0.06516 75.24715 0 -1.97500 -32.32500 50.76813 0.14958 13
0.13204 -0.14036 38.73121 0 4.25000 -1.35000 38.40430 0.10256 -13
-1.83970 0.05440 60.37915 0 -1.65000 56.07500 28.86845 0.21094 13
0.49051 -0.18813 15.84437 0 5.65000 -12.77500 14.27244 0.11373 13
-0.27790 0.11177 94.56636 0 -3.37500 8.02500 91.15390 0.10513 13
-0.09113 -0.15360 75.86975 0 4.62500 2.37500 75.56389 0.10229 13
-1.13372 0.00742 71.21920 0 -0.22500 34.72500 47.11227 0.15224 13
-0.01941 -0.14633 4.63707 0 4.30000 0.57500 4.63621 0.10177 13
-1.38285 -0.06207 20.49572 0 1.82500 41.40000 12.02539 0.17195 13
1.61352 -0.04773 87.14938 0 1.45000 -49.35000 45.94667 0.19123 -13
0.47083 0.11085 93.96646 0 -3.35000 -14.55000 85.10870 0.11186 -13
1.73475 -0.18604 59.75415 0 5.60000 -50.70000 30.22342 0.20250 13
1.01762 0.05531 35.49747 0 -1.70000 -29.02500 24.89970 0.14379 13
-1.45804 -0.24720 26.80075 0 7.50000 45.97500 15.46356 0.17984 -13
-1.35890 -0.09653 15.97087 0 2.85000 39.87500 9.49497 0.17015 13
-0.12574 0.12887 38.46299 0 -3.87500 3.17500 38.16733 0.10232 -13
-0.12921 -0.27086 38.46299 0 8.17500 3.27500 38.16733 0.10515 -13
-0.84210 0.11330 3.80448 0 -3.25000 25.27500 2.91782 0.13212 -13
0.31615 -0.17977 84.02306 0 5.42500 -9.05000 80.22851 0.10715 13
-1.30374 -0.23224 35.19820 0 6.97500 37.45000 21.77564 0.16708 13
-1.27264 0.05504 46.53708 0 -1.65000 40.12500 28.77966 0.16308 -13
0.37694 -0.19286 37.18722 0 5.82500 -11.45000 34.87525 0.10936 -13
0.65441 -0.18540 4.24157 0 5.45000 -18.45000 3.56691 0.12173 13
0.50662 0.05630 99.16476 0 -1.70000 -15.02500 88.48906 0.11303 13
0.17910 -0.03661 30.56321 0 1.10000 -6.15000 30.08511 0.10237 13
-0.07420 -0.11771 55.75914 0 3.55000 4.42500 55.60834 0.10167 13
-0.02886 -0.08989 89.51756 0 2.70000 1.60000 89.48062 0.10115 13
-0.10706 -0.00930 4.38188 0 0.40000 3.77500 4.35696 0.10132 -13
0.42440 -0.08969 4.51197 0 2.60000 -10.37500 4.15595 0.10976 13
-0.20187 -0.11987 75.67614 0 3.60000 6.22500 74.20035 0.10344 13
0.46264 -0.18418 56.52123 0 5.57500 -14.42500 51.44635 0.11250 -13
0.22779 -0.24169 29.79913 0 7.27500 -7.00000 29.09447 0.10610 13
-1.58797 -0.13722 99.12267 0 4.15000 45.12500 53.17317 0.18949 -13
-2.20344 -0.08971 79.16380 0 2.72500 64.12500 32.82461 0.24385 -13
1.02653 -0.14564 89.44512 0 4.40000 -30.82500 62.74918 0.14507 -13
1.12327 -0.00684 55.31476 0 0.22500 -35.65000 36.78134 0.15145 -13
0.34089 -0.08190 20.72037 0 2.45000 -10.22500 19.61910 0.10670 13
-2.04206 0.05678 52.71769 0 -1.72500 58.52500 23.21539 0.22906 13
-0.13936 0.02891 41.15061 0 -0.87500 3.15000 40.75710 0.10172 13
0.17118 -0.08462 37.24483 0 2.55000 -4.57500 36.71460 0.10252 13
-0.21242 -0.15761 30.80697 0 4.77500 5.65000 30.15041 0.10418 -13
2.06484 -0.15579 35.56814 0 4.67500 -57.60000 15.65398 0.23153 13
-1.12847 -0.05251 25.43721 0 1.62500 37.35000 16.88388 0.15193 -13
0.57474 -0.08597 18.25380 0 2.55000 -17.70000 15.84066 0.11646 13
0.93728 -0.05445 68.78210 0 1.62500 -28.05000 50.21905 0.13813 13
1.50660 -0.09970 36.90942 0 3.02500 -42.80000 20.48143 0.18240 -13
0.02282 -0.15448 64.50882 0 4.65000 -4.45000 64.49240 0.10192 13
-0.59259 0.03522 6.75708 0 -0.97500 15.47500 5.81393 0.11711 -13
-1.10923 -0.23291 73.86448 0 7.02500 31.32500 50.17618 0.15223 -13
0.64118 0.06209 48.23713 0 -1.87500 -20.35000 40.63014 0.11979 13
0.91483 -0.19194 46.11084 0 5.80000 -28.10000 34.30008 0.13786 -13
0.80505 -0.23700 33.39624 0 7.12500 -23.77500 26.28996 0.13145 13
-0.32029 0.07387 27.22433 0 -2.25000 11.25000 25.93340 0.10600 13
0.84102 -0.01789 49.46183 0 0.55000 -23.87500 37.85657 0.13160 -13
-1.14380 0.09096 67.42085 0 -2.75000 32.47500 44.48052 0.15327 13
0.12208 -0.12668 14.75224 0 3.77500 -3.80000 14.64524 0.10224 13
2.03002 -0.24505 15.59752 0 7.47500 -60.55000 7.05607 0.22933 -13
1.23981 0.11942 12.97580 0 -3.67500 -36.87500 8.18126 0.16090 13
1.27873 -0.28107 12.97580 0 8.40000 -38.02500 8.18126 0.16582 13
0.12119 -0.07713 85.34402 0 2.32500 -4.65000 84.72772 0.10174 -13
1.60357 -0.21240 75.64851 0 6.42500 -48.50000 40.66599 0.19152 -13
-0.27825 -0.20948 52.18157 0 6.32500 6.40000 50.34784 0.10664 -13
0.92072 -0.01043 50.60812 0 0.30000 -25.02500 37.23163 0.13689 13
1.09551 -0.07665 80.68266 0 2.30000 -34.67500 54.48137 0.14957 13
-1.07983 0.00457 30.12146 0 -0.15000 30.35000 20.46694 0.14821 13
0.68194 -0.00694 72.01337 0 0.20000 -21.10000 59.49661 0.12189 13
-0.65327 -0.22986 10.47927 0 7.00000 21.90000 8.83974 0.12255 -13
0.08338 -0.23796 41.27573 0 7.20000 -2.55000 41.14066 0.10387 -13
0.56232 -0.15618 38.12401 0 4.72500 -16.70000 33.32595 0.11661 -13
-0.64731 -0.19292 70.37805 0 5.82500 20.30000 59.39588 0.12153 -13
0.32132 -0.06618 24.20513 0 2.02500 -8.80000 23.04941 0.10599 -13
1.45834 -0.22511 99.14544 0 6.80000 -42.37500 57.01312 0.17951 -13
0.54692 -0.21546 97.37598 0 6.50000 -16.90000 85.87307 0.11680 13
0.24613 -0.18896 65.05652 0 5.70000 -6.70000 63.23343 0.10543 13
-0.84356 -0.12416 14.33370 0 3.70000 26.07500 10.99071 0.13232 13
1.72636 -0.13912 3.16636 0 3.87500 -51.95000 1.59865 0.20122 13
-1.05350 0.05811 2.66494 0 -1.47500 34.32500 1.83633 0.14643 -13
-1.84224 0.10777 36.02889 0 -3.27500 55.67500 17.26354 0.21140 13
0.00239 -0.16663 64.28668 0 5.02500 -0.07500 64.28650 0.10210 -13
-0.09309 0.02932 74.39131 0 -0.87500 4.07500 74.07131 0.10118 -13
0.23225 -0.12931 84.76553 0 3.90000 -6.17500 82.60271 0.10420 13
1.51915 -0.00548 71.63325 0 0.15000 -43.92500 39.38684 0.18315 13
-0.28658 -0.18103 10.17572 0 5.40000 6.80000 9.79352 0.10631 13
-0.32042 0.06189 5.68970 0 -1.77500 11.85000 5.41951 0.10592 -13
-0.34640 -0.14219 53.54844 0 4.30000 8.22500 50.65246 0.10754 -13
0.20788 0.08699 49.76602 0 -2.62500 -2.52500 48.73196 0.10322 -13
0.01831 0.14650 51.24464 0 -4.40000 1.60000 51.23622 0.10179 -13
0.01870 -0.25239 51.24464 0 7.62500 1.57500 51.23622 0.10389 -13
1.21349 0.13936 91.92846 0 -4.20000 -34.60000 58.79669 0.15898 13
1.24177 -0.25987 91.92846 0 7.82500 -35.45000 58.79669 0.16267 13
1.97228 -0.02470 23.22064 0 0.80000 -59.05000 10.50322 0.22271 -13
1.35410 -0.09697 37.20320 0 2.90000 -38.90000 22.16825 0.16978 13
0.41672 -0.19069 18.15821 0 5.77500 -10.92500 16.80469 0.11080 -13
0.43321 -0.04216 58.03561 0 1.27500 -13.20000 53.26052 0.10983 -13
0.51799 0.01618 56.85680 0 -0.47500 -16.32500 50.48733 0.11342 -13
-1.43665 -0.23498 45.34650 0 7.07500 44.35000 26.37577 0.17782 13
-0.18540 -0.21837 47.09711 0 6.57500 5.72500 46.34307 0.10474 13
-0.01395 -0.18591 1.48624 0 5.25000 0.50000 1.48610 0.10249 13
-0.10721 0.06310 43.10842 0 -1.90000 0.22500 42.86373 0.10148 -13
-1.65013 -0.08022 14.45092 0 2.50000 51.02500 7.50746 0.19450 -13
1.82698 -0.18439 68.99477 0 5.57500 -54.97500 33.55450 0.21058 -13
-0.17055 0.02599 35.59057 0 -0.80000 4.50000 35.08427 0.10219 13
0.27269 0.08833 36.65846 0 -2.67500 -7.50000 35.37671 0.10476 13
-0.99263 0.02045 65.90504 0 -0.60000 28.35000 46.77890 0.14191 -13
-1.87384 -0.06781 1.11046 0 1.12500 57.27500 0.52360 0.21473 13
0.09315 -0.21954 25.86216 0 6.60000 -3.92500 25.75576 0.10352 13
0.02780 -0.00764 18.54257 0 0.20000 -1.20000 18.53541 0.10075 13
-0.03165 0.09892 79.45394 0 -2.97500 0.70000 79.41455 0.10124 -13
-0.45860 -0.01805 34.70615 0 0.55000 13.12500 31.54798 0.11080 -13
-0.89937 0.14790 35.67375 0 -4.47500 30.40000 26.65225 0.13627 13
-0.91734 -0.25096 35.67375 0 7.55000 30.95000 26.65225 0.13895 13
-0.05285 0.03578 80.58706 0 -1.07500 2.92500 80.47492 0.10091 13
2.06803 -0.16425 56.94198 0 4.97500 -60.65000 25.05643 0.23195 -13
0.00303 0.09347 27.99739 0 -2.80000 -1.37500 27.99726 0.10114 -13
-0.19213 0.05105 50.15370 0 -1.55000 6.20000 49.25518 0.10267 13
0.60305 0.01872 78.78048 0 -0.57500 -17.35000 67.46570 0.11761 13
1.00866 -0.14239 3.45825 0 4.47500 -30.02500 2.44650 0.14398 -13
-1.98878 0.11237 13.60779 0 -3.32500 59.30000 6.14311 0.22441 -13
1.90743 -0.15812 80.45040 0 4.75000 -59.40000 37.71718 0.21745 13
-0.13858 -0.15354 39.78519 0 4.65000 4.22500 39.41707 0.10284 -13
1.49180 -0.19087 91.36201 0 5.75000 -43.60000 51.49853 0.18187 13
-1.57693 -0.01416 11.84660 0 0.50000 47.15000 6.34476 0.18806 -13
-0.09849 0.12281 74.46152 0 -3.70000 1.15000 74.10829 0.10195 13
-0.10143 -0.27732 74.46152 0 8.35000 1.22500 74.10829 0.10500 13
-0.80894 -0.15431 30.35585 0 4.62500 23.30000 23.71025 0.13044 13
-1.72376 -0.20536 1.97365 0 6.70000 51.17500 1.00689 0.20250 -13
0.43094 -0.24275 85.92272 0 7.32500 -14.82500 79.25376 0.11235 -13
-0.22281 -0.04445 67.37499 0 1.35000 8.67500 65.76543 0.10328 -13
-0.08359 -0.22875 15.58320 0 6.92500 4.25000 15.53170 0.10367 -13
-0.19811 0.12094 43.42909 0 -3.62500 7.32500 42.61272 0.10338 -13
-0.20420 -0.27926 43.42909 0 8.42500 7.50000 42.61272 0.10657 -13
0.36088 0.00604 78.46258 0 -0.20000 -11.22500 73.80387 0.10706 13
2.15024 -0.10705 53.16161 0 3.20000 -63.27500 22.52332 0.23903 13
-1.42061 -0.17037 66.77889 0 5.15000 43.75000 38.80437 0.17580 -13
0.02745 0.14680 15.07892 0 -4.45000 -0.05000 15.07336 0.10184 13
0.02806 -0.25213 15.07892 0 7.57500 -0.07500 15.07336 0.10387 13
-0.14286 0.14550 91.50107 0 -4.40000 2.00000 90.60018 0.10278 13
-0.14584 -0.25344 91.50107 0 7.65000 2.10000 90.60018 0.10492 13
-0.16866 0.12429 87.24409 0 -3.75000 5.70000 86.04719 0.10289 -13
-0.17362 -0.27571 87.24409 0 8.32500 5.85000 86.04719 0.10592 -13
0.52667 -0.19971 75.41900 0 6.02500 -15.92500 67.00947 0.11558 13
-1.17204 -0.01524 57.13781 0 0.47500 35.07500 37.08879 0.15516 -13
-1.35327 -0.23767 24.72059 0 7.20000 40.80000 14.95267 0.17117 -13
-0.23467 -0.14408 77.88003 0 4.35000 6.40000 75.86048 0.10445 13
1.13007 0.08012 27.36126 0 -2.45000 -34.77500 18.16546 0.15218 13
-0.82337 -0.05260 52.71210 0 1.57500 25.07500 40.71598 0.13055 13
-1.15808 -0.11312 22.12881 0 3.45000 35.70000 14.51495 0.15452 -13
-0.85174 0.06591 48.69687 0 -1.97500 23.62500 37.10587 0.13244 -13
-0.25577 -0.07286 12.48394 0 2.15000 10.92500 12.09659 0.10419 13
0.45235 -0.02500 47.02563 0 0.75000 -14.62500 42.84834 0.11055 13
0.50890 -0.23034 54.53714 0 6.95000 -15.57500 48.85927 0.11534 13
0.51598 -0.21729 42.09537 0 6.57500 -14.45000 37.58762 0.11543 -13
0.08738 -0.11279 65.35718 0 3.40000 -3.05000 65.11216 0.10172 13
-0.71615 -0.17415 43.65579 0 5.27500 20.72500 35.67144 0.12511 -13
0.27240 -0.22418 42.37636 0 6.75000 -9.72500 40.95436 0.10678 13
-1.50638 -0.22094 57.06446 0 6.65000 42.82500 32.08313 0.18341 13
-1.19231 0.00679 82.93486 0 -0.20000 33.45000 53.29572 0.15671 -13
1.25653 -0.00435 95.11972 0 0.12500 -36.97500 59.23279 0.16172 13
-1.45990 -0.07824 4.80321 0 2.55000 40.55000 2.71940 0.17854 -13
0.41813 -0.20495 44.93132 0 6.17500 -14.75000 41.57846 0.11108 13
-0.68739 -0.05283 23.73629 0 1.62500 21.20000 19.56913 0.12232 -13
-0.64720 -0.08026 16.29656 0 2.45000 18.90000 13.69457 0.12023 -13
-0.50653 -0.02711 27.92592 0 0.80000 14.72500 24.91444 0.11292 13
-0.40452 0.04825 86.70990 0 -1.45000 14.85000 80.39521 0.10874 13
0.52184 0.10252 49.50310 0 -3.10000 -16.02500 43.93550 0.11406 13
0.39874 0.09353 67.32228 0 -2.82500 -11.85000 62.57138 0.10883 13
-1.72747 0.09436 77.00882 0 -2.85000 52.42500 38.70903 0.20124 13
-1.31412 -0.15181 95.58143 0 4.60000 39.35000 58.29858 0.16701 -13
-1.73811 -0.23826 52.51474 0 7.20000 51.05000 26.73340 0.20340 -13
0.54962 -0.03906 9.22021 0 1.22500 -19.40000 8.08159 0.11500 -13
-0.12418 0.08452 6.11140 0 -2.62500 2.90000 6.06515 0.10187 13
0.44244 0.12333 36.22270 0 -3.72500 -16.50000 33.16620 0.11082 13
0.45562 -0.27678 36.22270 0 8.32500 -16.90000 33.16620 0.11410 13
1.01286 -0.05414 70.34830 0 1.62500 -32.45000 49.46195 0.14344 13
-0.05654 -0.11197 55.37657 0 3.40000 4.97500 55.28935 0.10150 -13
-1.09252 0.09078 13.20904 0 -2.80000 31.62500 8.93774 0.14947 13
-0.49985 -0.18086 4.24021 0 5.60000 14.72500 3.80479 0.11418 -13
-1.04674 -0.10957 78.33210 0 3.30000 30.30000 54.27904 0.14619 13
0.93788 -0.00622 18.09089 0 0.22500 -30.20000 13.19533 0.13807 -13
0.37245 -0.23489 65.06083 0 7.10000 -14.35000 61.16446 0.11004 -13
0.14787 -0.06658 29.41900 0 2.02500 -4.20000 29.10391 0.10202 -13
0.26003 0.10164 2.73659 0 -3.25000 -6.17500 2.64934 0.10471 13
0.72750 -0.12881 17.65635 0 3.85000 -22.92500 14.31763 0.12519 13
0.43666 -0.00575 37.54980 0 0.15000 -12.57500 34.41206 0.10988 13
-0.30856 -0.16799 74.82676 0 5.07500 7.67500 71.58586 0.10674 -13
-0.38154 -0.21354 6.09651 0 6.35000 12.15000 5.71191 0.10986 13
-0.80806 -0.05677 16.93908 0 1.67500 27.30000 13.18398 0.12959 13
1.30630 0.14694 86.61042 0 -4.45000 -39.72500 53.00091 0.16634 13
1.33283 -0.25195 86.61042 0 7.60000 -40.52500 53.00091 0.16969 13
-0.03198 -0.01480 70.17572 0 0.45000 2.10000 70.13987 0.10077 -13
-0.11364 -0.13778 80.96876 0 4.15000 4.85000 80.46053 0.10230 -13
-0.53987 0.09241 52.46910 0 -2.80000 13.80000 46.21493 0.11482 13
0.20322 0.06416 57.11103 0 -1.95000 -7.45000 55.97171 0.10297 13
-0.34697 -0.16646 54.47987 0 5.02500 9.10000 51.54477 0.10790 -13
-1.17921 -0.15209 25.75174 0 4.55000 33.80000 16.76556 0.15644 13
-0.17130 0.13939 3.82009 0 -4.07500 5.22500 3.76633 0.10311 -13
-0.17521 -0.25961 3.82009 0 7.97500 5.35000 3.76633 0.10569 -13
0.46905 -0.11211 46.16298 0 3.40000 -12.52500 41.84091 0.11181 -13
1.07806 -0.06731 4.28241 0 2.20000 -33.82500 2.91612 0.14832 -13
1.48035 -0.15844 79.53061 0 4.80000 -44.02500 44.89796 0.18062 -13
-0.88691 -0.15715 4.04584 0 4.90000 26.52500 3.04272 0.13571 -13
1.03055 0.14692 20.48469 0 -4.47500 -28.75000 14.34311 0.14539 13
1.05146 -0.25202 20.48469 0 7.57500 -29.37500 14.34311 0.14828 13
0.04133 0.03236 53.73550 0 -0.97500 -0.85000 53.68973 0.10084 13
0.39846 -0.13765 52.45183 0 4.15000 -10.65000 48.78826 0.10929 13
-1.65820 -0.09278 43.13990 0 2.77500 50.02500 22.35050 0.19519 13
-1.20903 -0.03373 80.20472 0 1.00000 35.65000 51.13536 0.15804 13
0.85249 0.09827 88.36681 0 -2.97500 -27.92500 67.38371 0.13270 13
0.76183 -0.24507 70.07799 0 7.40000 -23.37500 56.33317 0.12899 -13
0.06222 -0.22168 96.92208 0 6.70000 -1.32500 96.74378 0.10334 -13
0.39324 -0.13584 69.99748 0 4.10000 -9.52500 65.22115 0.10907 -13
0.80898 -0.00941 52.60669 0 0.27500 -19.87500 40.89995 0.12954 13
0.13536 -0.09998 8.91128 0 2.95000 -2.12500 8.83152 0.10211 13
-1.31098 -0.04183 9.49640 0 1.35000 37.47500 5.76184 0.16615 -13
0.53941 -0.20294 81.14621 0 6.12500 -17.15000 71.73912 0.11624 -13
1.26803 0.07512 44.40505 0 -2.27500 -39.65000 27.54432 0.16281 13
0.95451 0.03502 44.45460 0 -1.05000 -27.45000 32.16649 0.13925 -13
-0.48677 0.04058 86.62690 0 -1.22500 13.72500 77.90154 0.11207 -13
0.58702 0.09900 64.82110 0 -2.97500 -16.30000 55.97102 0.11719 -13
1.95386 -0.09572 92.50240 0 2.87500 -59.60000 42.29756 0.22123 13
-0.39049 -0.24513 82.88289 0 7.40000 10.32500 77.49663 0.11090 -13
-0.63794 0.08009 98.72274 0 -2.42500 20.05000 83.30592 0.11972 13
-1.29280 -0.20444 23.95466 0 6.20000 37.87500 14.84358 0.16592 -13
-0.07567 -0.20709 83.90683 0 6.25000 1.62500 83.67752 0.10313 -13
1.07776 -0.23789 59.63234 0 7.20000 -33.40000 41.15634 0.15000 -13
0.71245 0.09144 52.45330 0 -2.77500 -24.65000 42.77959 0.12400 13
1.42216 -0.03139 57.95145 0 0.92500 -40.75000 33.34468 0.17510 13
0.58385 0.02510 58.09816 0 -0.77500 -18.27500 50.17702 0.11664 13
0.85791 -0.12361 15.39703 0 3.67500 -24.95000 11.72344 0.13324 13
-0.84018 -0.08556 35.89400 0 2.57500 26.80000 27.52286 0.13181 13
1.68756 -0.01961 14.01930 0 0.52500 -48.92500 7.14897 0.19751 13
0.39423 0.24060 14.01930 0 0.50000 -48.90000 7.14897 0.19739 13
-0.46113 -0.25548 14.01930 0 2.85000 -50.62500 7.14897 0.21247 13
0.85874 -0.60077 14.01930 0 1.97500 -52.20000 7.14897 0.21964 13
-0.87830 0.57533 14.01930 0 3.45000 -53.40000 7.14897 0.22734 13
0.10488 -0.89345 14.01930 0 2.72500 -61.95000 7.14897 0.30894 13
-0.11977 0.36781 14.01930 0 4.17500 -61.87500 7.14897 0.31592 13
-0.63811 -0.05003 36.63083 0 1.52500 23.57500 30.89092 0.11957 -13
-0.99682 0.03900 48.73213 0 -1.20000 30.50000 34.52652 0.14225 13
0.01448 0.03904 48.04045 0 -1.17500 -0.47500 48.03543 0.10079 13
0.10888 0.10868 23.11481 0 -3.30000 -3.07500 22.98050 0.10190 13
-0.42056 -0.19553 93.00053 0 5.90000 13.02500 85.96583 0.11100 13
-1.21907 -0.12449 52.85665 0 3.77500 37.67500 33.67642 0.15929 -13
1.11156 -0.07918 86.62344 0 2.37500 -31.90000 58.03608 0.15077 13
0.06855 0.06334 86.20038 0 -1.92500 -2.72500 85.99940 0.10114 13
-0.98154 0.03494 88.04073 0 -1.05000 31.07500 62.85028 0.14115 -13
0.71599 0.05231 14.91008 0 -1.62500 -20.22500 12.12824 0.12399 13
0.42164 -0.10409 43.12203 0 3.15000 -11.20000 39.76668 0.10979 -13
1.47899 -0.08320 21.51144 0 2.55000 -44.55000 12.07691 0.18002 -13
0.32505 -0.03468 3.68614 0 1.20000 -8.80000 3.50574 0.10601 -13
1.02464 -0.05721 71.65654 0 1.72500 -29.55000 50.09052 0.14429 13
-1.81996 -0.10099 68.57659 0 3.05000 53.27500 33.15232 0.20938 -13
-1.16995 -0.04325 1.96433 0 1.70000 36.15000 1.27718 0.15535 -13
-1.13619 0.13201 90.81746 0 -3.97500 32.62500 60.29333 0.15300 -13
-1.16607 -0.26757 90.81746 0 8.07500 33.52500 60.29333 0.15703 -13
-1.72009 0.07074 23.72093 0 -2.17500 56.12500 11.94469 0.20051 13
0.07700 -0.01114 5.31048 0 0.25000 -1.62500 5.29483 0.10103 13
-1.06275 0.05932 12.74356 0 -1.85000 34.45000 8.74090 0.14710 13
1.01583 -0.21202 77.20320 0 6.37500 -30.62500 54.76266 0.14512 13
0.54599 -0.19787 16.89720 0 6.00000 -15.97500 14.89507 0.11648 -13
-0.46329 -0.16229 46.75172 0 4.87500 13.87500 42.51713 0.11217 13
0.04932 -0.09250 49.04543 0 2.77500 -2.67500 48.98642 0.10125 13
-1.73855 -0.13533 55.84540 0 4.07500 51.95000 28.03498 0.20242 13
-0.47390 0.13170 90.45088 0 -3.97500 14.52500 81.86525 0.11222 -13
-0.48640 -0.26789 90.45088 0 8.10000 14.90000 81.86525 0.11519 -13
-1.21225 -0.21775 35.86911 0 6.55000 36.07500 23.13852 0.15975 13
