-0.62432 -0.25858 98.64602 0 7.80000 19.30000 84.42209 0.12153 13
0.98904 0.03898 19.70307 0 -1.20000 -31.47500 14.01406 0.14169 13
-0.60609 -0.11586 3.60412 0 3.32500 20.50000 3.08786 0.11831 13
1.24236 0.09239 92.07882 0 -2.77500 -37.62500 57.88482 0.16087 -13
0.74979 -0.05752 73.98759 0 1.72500 -22.17500 59.23106 0.12600 13
1.02493 -0.22577 21.11490 0 6.77500 -31.35000 14.93173 0.14596 13
1.68425 -0.00913 49.55827 0 0.25000 -51.82500 25.30177 0.19725 13
0.03608 -0.07225 40.60460 0 2.20000 0.02500 40.57832 0.10103 -13
0.34401 -0.00303 24.34515 0 0.10000 -7.97500 23.02100 0.10650 -13
1.61657 0.04688 93.76508 0 -1.40000 -46.10000 49.36653 0.19148 -13
-0.56954 -0.02344 12.00775 0 0.65000 18.02500 10.43490 0.11591 13
1.82011 -0.18413 9.06462 0 5.67500 -55.02500 4.42058 0.21015 -13
0.09203 -0.12638 42.82915 0 3.82500 -2.67500 42.65176 0.10194 -13
1.74239 -0.23949 81.13354 0 7.22500 -51.67500 41.23656 0.20376 -13
0.03017 -0.11499 83.73070 0 3.47500 -3.20000 83.69312 0.10141 -13
-1.76103 -0.14133 15.55919 0 4.32500 52.25000 7.74091 0.20449 -13
-2.15070 -0.15638 19.09048 0 4.65000 61.62500 8.12816 0.23932 13
-1.24973 0.05238 60.98150 0 -1.60000 39.45000 38.13188 0.16127 13
-1.33182 -0.17202 54.24698 0 5.20000 40.50000 32.87521 0.16862 -13
1.64116 -0.02881 86.21399 0 0.87500 -51.67500 44.87372 0.19356 -13
0.59128 -0.20071 17.56001 0 6.10000 -16.45000 15.19187 0.11875 -13
-2.03992 -0.01707 70.16796 0 0.50000 61.72500 30.88888 0.22879 13
-1.21077 -0.17444 9.93399 0 5.35000 35.10000 6.38208 0.15920 -13
1.31589 -0.12243 1.29579 0 4.27500 -39.95000 0.78822 0.16778 -13
0.32119 0.14229 71.34250 0 -4.27500 -9.60000 67.98776 0.10673 -13
0.32829 -0.25678 71.34250 0 7.75000 -9.80000 67.98776 0.10911 -13
0.33960 0.00995 71.26431 0 -0.30000 -9.55000 67.47973 0.10635 -13
-0.07300 -0.05736 18.27539 0 1.70000 0.90000 18.22708 0.10113 13
-0.82278 -0.00140 8.13945 0 -0.02500 22.02500 6.28541 0.13042 13
-0.44365 0.10543 41.00492 0 -3.20000 13.87500 37.51603 0.11069 13
0.27643 0.08819 83.80102 0 -2.65000 -7.37500 80.79384 0.10486 -13
2.13815 0.12473 91.94330 0 -3.77500 -63.55000 39.19855 0.23804 13
-0.10218 0.07224 45.51699 0 -2.17500 2.87500 45.28243 0.10149 -13
0.14065 -0.15618 59.11114 0 4.72500 -3.85000 58.54849 0.10291 -13
0.24114 -0.07608 75.25574 0 2.30000 -5.35000 73.17031 0.10387 13
0.50421 -0.23744 4.08384 0 7.02500 -14.30000 3.66632 0.11520 13
2.00045 0.07625 28.25973 0 -2.32500 -60.77500 12.66621 0.22535 13
0.18013 0.01945 34.16492 0 -0.57500 -6.02500 33.62387 0.10234 -13
-0.46017 0.09593 46.91020 0 -2.90000 12.77500 42.64863 0.11128 13
-0.61320 0.06828 99.65097 0 -2.07500 19.65000 85.00522 0.11833 13
-1.50116 0.01583 95.40040 0 -0.47500 47.50000 52.89468 0.18165 -13
-0.20214 -0.01027 60.96202 0 0.30000 5.30000 59.75357 0.10275 13
-0.08487 -0.06703 6.63366 0 2.10000 -0.12500 6.61001 0.10132 -13
-0.02094 0.09232 69.35760 0 -2.80000 -0.45000 69.34253 0.10116 13
1.82644 -0.21398 92.35996 0 6.45000 -57.25000 45.12192 0.21078 13
1.52905 -0.02326 79.39469 0 0.70000 -46.90000 43.46415 0.18400 13
0.50575 -0.13612 32.63064 0 4.12500 -17.75000 29.17262 0.11368 -13
0.47206 -0.18567 75.39299 0 5.60000 -13.90000 68.38615 0.11291 13
-0.48512 -0.02492 90.80463 0 0.75000 13.85000 81.70325 0.11196 13
0.60049 -0.00747 82.21425 0 0.22500 -18.92500 70.48361 0.11746 13
0.52901 -0.03047 86.94669 0 0.92500 -16.12500 76.86293 0.11397 13
0.12243 -0.04518 97.66865 0 1.37500 -4.97500 96.94621 0.10156 -13
-0.48367 -0.10037 26.60619 0 3.05000 15.55000 23.97398 0.11233 -13
-1.42055 -0.14970 29.37089 0 4.55000 42.22500 17.03267 0.17561 -13
0.52153 0.04077 25.47665 0 -1.25000 -15.00000 22.59309 0.11365 13
0.10170 -0.21389 37.00111 0 6.47500 -3.27500 36.81950 0.10350 -13
2.04271 0.12456 82.30309 0 -3.77500 -60.82500 36.41353 0.22938 13
2.10261 -0.27548 82.30309 0 8.30000 -62.62500 36.41353 0.23605 13
-0.24499 -0.13105 41.98524 0 3.97500 6.57500 40.79866 0.10452 -13
0.64285 -0.09064 51.33079 0 2.72500 -21.92500 43.23017 0.12007 13
-0.43539 0.03228 7.31885 0 -1.05000 12.00000 6.71087 0.10990 13
-0.33796 0.05742 37.60907 0 -1.72500 11.65000 35.63529 0.10645 -13
-0.28141 0.13324 43.11143 0 -4.00000 5.87500 41.52590 0.10547 -13
-0.28864 -0.26626 43.11143 0 8.05000 6.10000 41.52590 0.10820 -13
-0.37666 0.00628 92.66263 0 -0.17500 12.20000 86.71556 0.10761 -13
-0.73843 0.05769 95.44789 0 -1.75000 21.50000 76.82757 0.12532 13
0.61641 -0.08756 82.92420 0 2.65000 -18.25000 70.66463 0.11863 -13
0.27761 -0.17979 1.46468 0 5.80000 -7.37500 1.41278 0.10659 -13
-0.58073 0.02920 99.21804 0 -0.87500 18.35000 85.80864 0.11649 13
-0.72944 -0.21006 71.74534 0 6.35000 22.32500 58.39315 0.12643 -13
-0.62851 0.03671 86.39144 0 -1.12500 17.92500 73.15772 0.11900 13
-0.99833 -0.21114 25.00151 0 6.35000 28.02500 17.88532 0.14385 13
1.68301 -0.17321 45.01947 0 5.20000 -50.67500 23.24835 0.19789 13
0.12318 -0.11045 23.94868 0 3.35000 -4.37500 23.77119 0.10208 -13
-1.26334 -0.23499 19.65943 0 7.05000 39.67500 12.40380 0.16391 13
1.52996 0.01585 92.77947 0 -0.50000 -48.60000 50.76498 0.18408 13
-2.06375 -0.07915 41.26159 0 2.42500 62.30000 18.03905 0.23108 -13
-0.04735 -0.03633 74.17458 0 1.10000 0.52500 74.09169 0.10088 13
1.10048 -0.04595 41.01929 0 1.40000 -30.82500 27.60187 0.14982 -13
0.46433 0.03810 43.88439 0 -1.15000 -11.47500 39.80795 0.11110 13
0.94045 -0.16182 58.77367 0 4.87500 -28.82500 43.07294 0.13919 13
-0.90042 -0.02293 65.77283 0 0.67500 28.15000 48.88390 0.13553 13
0.16180 -0.08902 42.49913 0 2.67500 -5.52500 41.95782 0.10241 13
-0.79158 -0.14536 48.24558 0 4.40000 22.00000 37.98052 0.12927 -13
-1.11635 0.04789 64.14085 0 -1.45000 33.17500 42.82361 0.15101 13
0.40537 -0.18497 90.15350 0 5.57500 -12.77500 83.74552 0.11025 -13
-1.26158 -0.18575 6.34783 0 5.47500 37.25000 3.98400 0.16310 13
0.29366 -0.03921 78.83157 0 1.17500 -9.57500 75.64222 0.10503 13
0.20037 0.01548 77.34292 0 -0.47500 -5.75000 75.83600 0.10272 13
-1.62532 0.10017 28.57791 0 -3.05000 48.97500 15.02935 0.19247 13
-0.18888 0.04545 11.53546 0 -1.42500 6.50000 11.33539 0.10259 13
0.10474 -0.21915 68.67870 0 6.60000 -2.52500 68.32200 0.10362 13
-0.34179 -0.05942 14.39620 0 1.82500 9.40000 13.62502 0.10660 -13
2.09397 -0.14348 57.40465 0 4.30000 -64.40000 24.94394 0.23411 13
-0.08601 -0.01211 96.30742 0 0.37500 3.30000 95.95320 0.10108 -13
0.86868 0.08424 56.16399 0 -2.52500 -23.85000 42.46458 0.13366 -13
-0.25339 -0.20438 5.74996 0 6.25000 8.80000 5.58053 0.10599 -13
-0.62125 -0.15276 31.69015 0 4.62500 17.82500 27.00428 0.11956 -13
0.67100 -0.18169 87.92364 0 5.47500 -19.27500 73.37542 0.12264 13
-0.26810 0.00595 72.03028 0 -0.17500 8.65000 69.57328 0.10426 -13
-0.89410 -0.16458 54.87211 0 4.97500 26.87500 41.14710 0.13611 -13
-0.34954 0.10573 65.19233 0 -3.20000 8.02500 61.57819 0.10721 13
0.14694 0.01420 73.27092 0 -0.42500 -6.37500 72.49263 0.10179 -13
2.01751 0.04531 90.89980 0 -1.37500 -59.60000 40.40175 0.22680 13
-0.21944 -0.15143 62.59258 0 4.55000 7.75000 61.16930 0.10422 13
0.78650 -0.15561 53.35771 0 4.67500 -24.02500 42.13074 0.12906 13
0.43851 0.04408 39.27079 0 -1.32500 -13.70000 35.97064 0.11005 -13
0.13735 -0.05926 57.83915 0 1.77500 -4.40000 57.30308 0.10182 13
-1.44119 -0.08197 89.39156 0 2.47500 42.22500 51.07605 0.17683 13
0.96653 -0.21417 80.64275 0 6.45000 -28.05000 58.60923 0.14170 13
0.70240 0.00264 48.31592 0 -0.07500 -23.42500 39.53791 0.12306 -13
-0.23922 -0.10622 33.82052 0 3.20000 6.25000 32.90245 0.10409 13
0.08931 -0.18518 52.94584 0 5.60000 -2.32500 52.74285 0.10282 -13
0.81472 -0.24503 3.71494 0 7.22500 -26.02500 2.91291 0.13211 13
-0.52267 -0.13569 57.65362 0 4.10000 17.17500 51.19429 0.11446 -13
0.19564 0.02148 57.21732 0 -0.65000 -5.77500 56.15334 0.10264 -13
-1.16657 -0.16688 37.32232 0 5.05000 35.67500 24.48255 0.15566 -13
0.21053 -0.04104 70.44201 0 1.25000 -5.67500 68.93345 0.10300 -13
-0.56578 -0.06857 99.03592 0 2.07500 18.80000 86.24459 0.11591 -13
-1.50355 -0.13432 83.47981 0 4.05000 47.00000 46.51757 0.18235 -13
-0.63933 0.13750 73.47449 0 -4.15000 20.05000 62.07158 0.12032 -13
-0.65473 -0.26179 73.47449 0 7.90000 20.50000 62.07158 0.12323 -13
1.65221 -0.10007 17.92068 0 3.07500 -49.25000 9.31278 0.19478 -13
-1.12679 -0.07891 99.40063 0 2.37500 34.65000 66.09403 0.15192 13
0.26631 -0.06130 72.04193 0 1.85000 -8.72500 69.62419 0.10439 13
0.35131 -0.23893 32.72375 0 7.22500 -9.87500 30.96600 0.10943 -13
0.44716 -0.07986 6.75564 0 2.47500 -13.57500 6.17043 0.11064 -13
0.29842 0.01817 53.76716 0 -0.55000 -10.67500 51.52261 0.10511 -13
-0.45488 -0.23094 57.44114 0 6.95000 11.95000 52.51411 0.11304 13
-0.31851 -0.10381 72.41066 0 3.12500 10.20000 69.02949 0.10619 13
-1.44955 -0.20019 51.34308 0 6.05000 45.07500 29.54580 0.17849 -13
-0.54561 0.06133 85.75943 0 -1.85000 18.20000 75.31457 0.11488 -13
0.38388 -0.08593 15.33181 0 2.55000 -11.85000 14.32006 0.10820 13
0.52232 0.04275 23.63218 0 -1.32500 -18.57500 20.95121 0.11369 13
-0.05681 -0.08590 12.56348 0 2.62500 3.70000 12.54343 0.10126 -13
0.04688 0.13921 10.60969 0 -4.15000 -1.45000 10.59829 0.10177 -13
0.04805 -0.25990 10.60969 0 7.90000 -1.47500 10.59829 0.10421 -13
-1.20847 0.11197 67.88155 0 -3.40000 36.10000 43.43564 0.15837 13
0.12068 -0.07833 48.43178 0 2.37500 -0.87500 48.08501 0.10174 -13
0.92353 0.12598 49.70230 0 -3.82500 -26.42500 36.64473 0.13767 13
0.95005 -0.27396 49.70230 0 8.25000 -27.22500 36.64473 0.14160 13
1.15720 0.14103 7.43955 0 -4.37500 -34.57500 4.89218 0.15475 13
1.18375 -0.25836 7.43955 0 7.67500 -35.32500 4.89218 0.15804 13
-0.03312 -0.13494 27.10284 0 4.05000 0.52500 27.08825 0.10166 13
0.61024 -0.18414 93.48659 0 5.55000 -21.17500 80.15917 0.11942 13
-0.50731 0.10114 40.78820 0 -3.05000 15.70000 36.41307 0.11337 -13
-1.45534 -0.06118 50.37361 0 1.82500 44.52500 28.56404 0.17792 13
1.05153 0.03867 62.75680 0 -1.15000 -34.20000 43.26435 0.14618 -13
-0.52999 0.01123 13.36659 0 -0.30000 17.92500 11.81042 0.11397 -13
0.38989 -0.12938 16.04089 0 3.87500 -11.65000 14.96137 0.10886 13
-0.43445 0.13009 64.12130 0 -3.92500 14.55000 58.88872 0.11058 13
-0.44619 -0.26961 64.12130 0 8.12500 14.90000 58.88872 0.11356 13
1.26567 -0.02998 65.34478 0 0.92500 -38.32500 40.52029 0.16247 -13
-0.42680 -0.01615 44.43452 0 0.47500 13.87500 40.86881 0.10950 13
-1.32974 0.06447 68.24123 0 -1.92500 42.07500 41.06998 0.16767 -13
0.00806 -0.04459 82.50085 0 1.35000 0.92500 82.49817 0.10080 13
0.47397 0.14226 92.64569 0 -4.30000 -15.05000 83.87045 0.11236 13
0.48448 -0.25684 92.64569 0 7.75000 -15.37500 83.87045 0.11485 13
-1.55073 -0.22315 70.76615 0 6.75000 45.47500 39.01086 0.18719 -13
-0.12000 -0.02146 91.10405 0 0.65000 3.40000 90.45533 0.10145 -13
1.40726 0.03311 86.92569 0 -1.00000 -43.80000 50.36938 0.17388 -13
-2.09627 0.06439 23.86986 0 -1.90000 63.62500 10.29465 0.23396 -13
-1.61368 -0.04034 15.01026 0 1.15000 48.75000 7.91184 0.19120 13
-0.55698 0.03671 70.46334 0 -1.10000 15.57500 61.56872 0.11533 -13
-0.33580 -0.11556 18.03359 0 3.52500 10.35000 17.10725 0.10688 -13
-1.62179 -0.19594 71.00289 0 5.90000 47.67500 37.77589 0.19286 13
-0.72606 0.13645 20.15073 0 -4.07500 21.40000 16.35831 0.12518 -13
-0.74382 -0.26285 20.15073 0 7.95000 21.95000 16.35831 0.12830 -13
-0.93234 -0.05882 68.65497 0 1.77500 27.25000 50.25578 0.13781 13
1.39622 0.01210 75.75064 0 -0.35000 -42.50000 44.10980 0.17295 -13
-0.19398 -0.14657 89.61191 0 4.42500 5.92500 88.00571 0.10363 13
0.92832 -0.22426 20.53222 0 6.72500 -27.97500 15.21675 0.13923 13
0.51267 0.07918 88.33666 0 -2.37500 -16.57500 78.65928 0.11344 -13
-1.35535 -0.24664 57.55838 0 7.45000 41.77500 34.82538 0.17145 -13
0.95112 -0.09476 84.67086 0 2.87500 -29.45000 61.48149 0.13931 -13
-0.24773 -0.18563 9.11070 0 5.65000 8.67500 8.85175 0.10546 -13
0.06038 -0.00496 76.02905 0 0.15000 -2.60000 75.89085 0.10089 -13
1.10719 -0.21906 34.95651 0 6.62500 -33.05000 23.73170 0.15188 -13
0.62195 -0.01851 40.41324 0 0.55000 -19.10000 34.31905 0.11860 13
0.47794 -0.12501 46.09693 0 3.75000 -15.60000 41.64891 0.11232 13
-1.33365 -0.20298 14.75392 0 6.17500 35.15000 8.96456 0.16919 -13
1.57866 -0.01227 78.53838 0 0.35000 -46.15000 42.02993 0.18819 13
0.18699 -0.24662 35.43447 0 7.45000 -8.50000 34.86455 0.10543 -13
1.32771 -0.05538 83.32673 0 1.67500 -42.05000 50.18019 0.16748 -13
0.69467 -0.16116 93.38399 0 4.85000 -21.97500 77.01276 0.12368 13
0.23201 0.11780 90.81322 0 -3.55000 -7.07500 88.49437 0.10406 13
1.25253 -0.19144 72.61819 0 5.77500 -36.77500 45.80571 0.16254 13
0.34417 0.13741 76.20747 0 -4.15000 -11.47500 72.12994 0.10740 13
0.35247 -0.26191 76.20747 0 7.90000 -11.72500 72.12994 0.10998 13
1.35290 0.10610 95.19508 0 -3.20000 -40.70000 56.78884 0.16975 -13
-0.48954 -0.07354 68.40130 0 2.22500 15.60000 61.46688 0.11237 -13
-0.85633 0.02398 26.99789 0 -0.70000 25.00000 20.50896 0.13260 -13
0.33882 0.10627 50.54843 0 -3.20000 -9.20000 47.90247 0.10686 -13
0.25799 0.04951 95.64311 0 -1.50000 -6.67500 92.61793 0.10413 13
1.36610 -0.08307 42.85248 0 2.52500 -41.77500 25.36874 0.17071 -13
-0.67924 -0.04963 49.02148 0 1.47500 19.82500 40.56751 0.12184 13
-0.47624 -0.18712 17.04180 0 5.60000 15.42500 15.43447 0.11310 13
0.43342 -0.09476 31.66333 0 2.87500 -13.57500 29.07253 0.11018 -13
0.55914 0.08266 73.65068 0 -2.50000 -17.80000 64.33610 0.11568 13
-0.44177 -0.00036 97.81650 0 -0.00000 13.05000 89.47423 0.11009 13
1.20195 0.01129 94.98336 0 -0.32500 -36.65000 60.75112 0.15745 -13
1.86365 -0.09335 89.68599 0 2.80000 -55.55000 42.54736 0.21319 13
-0.69342 0.04658 61.96032 0 -1.40000 23.07500 50.93459 0.12263 -13
-1.19131 -0.15249 83.24372 0 4.60000 34.27500 53.88016 0.15739 -13
0.62855 0.05982 90.78087 0 -1.80000 -18.37500 76.89812 0.11909 13
1.15261 0.12674 16.98943 0 -3.87500 -32.12500 11.18471 0.15423 13
1.18529 -0.27315 16.98943 0 8.20000 -33.10000 11.18471 0.15852 13
0.13710 -0.10393 48.11221 0 3.12500 -4.90000 47.67107 0.10218 13
-1.32169 -0.06841 37.92888 0 2.05000 39.12500 22.92278 0.16701 13
-1.01270 -0.23838 21.07425 0 7.22500 32.17500 15.01459 0.14534 -13
-1.48850 -0.19661 83.03579 0 5.95000 47.47500 46.91108 0.18167 -13
0.54262 -0.08539 50.47326 0 2.57500 -17.57500 44.39981 0.11489 13
0.20098 -0.02834 48.96545 0 0.87500 -7.17500 48.00622 0.10276 -13
0.61844 -0.09043 42.36546 0 2.72500 -19.40000 36.07230 0.11875 13
-0.19877 0.00074 10.22548 0 0.02500 4.00000 10.02929 0.10268 -13
1.55667 -0.01722 69.72180 0 0.52500 -45.75000 37.68746 0.18633 -13
0.82488 -0.06512 88.44353 0 1.97500 -25.22500 68.28541 0.13071 -13
-0.16034 -0.19788 26.87951 0 5.95000 4.90000 26.55308 0.10391 13
0.03699 0.09041 29.58773 0 -2.75000 1.27500 29.56767 0.10119 13
-0.58607 0.03845 28.10099 0 -1.15000 17.07500 24.24881 0.11678 -13
-0.66786 0.01924 83.30721 0 -0.57500 18.82500 69.28165 0.12111 -13
0.70480 -0.02395 60.77583 0 0.72500 -19.80000 49.68180 0.12323 -13
0.23580 -0.10139 93.31924 0 3.05000 -6.50000 90.85256 0.10396 13
-0.42093 -0.23867 55.91844 0 7.20000 15.60000 51.74893 0.11188 -13
0.55859 -0.22370 80.79264 0 6.75000 -17.72500 70.93757 0.11753 -13
0.81014 -0.11834 51.67997 0 3.55000 -25.62500 40.26627 0.13014 13
-0.73167 0.06990 27.69286 0 -2.12500 21.97500 22.36813 0.12499 13
-1.60435 -0.13019 76.57372 0 3.95000 48.25000 40.74898 0.19084 -13
-0.98979 -0.09709 9.16210 0 2.85000 30.97500 6.52678 0.14200 13
-2.14486 0.14788 24.15529 0 -4.40000 64.07500 10.29771 0.23873 -13
-0.03934 -0.14464 38.32609 0 4.35000 1.70000 38.29708 0.10182 13
-0.10188 0.02979 62.45369 0 -0.90000 2.27500 62.13232 0.10127 13
0.24369 -0.16533 83.11668 0 5.00000 -7.00000 80.81354 0.10498 -13
0.90624 0.03616 47.86325 0 -1.07500 -25.17500 35.47644 0.13595 -13
-0.49535 -0.06193 47.50268 0 1.87500 13.45000 42.58237 0.11256 -13
-0.34565 0.10934 78.00266 0 -3.30000 10.35000 73.76971 0.10712 13
-0.32240 0.09222 62.33968 0 -2.80000 9.15000 59.35593 0.10622 13
1.42200 -0.02259 2.86320 0 0.40000 -43.00000 1.64733 0.17517 13
0.42203 0.03255 38.32013 0 -1.00000 -13.12500 35.30767 0.10935 13
-1.06753 0.13352 25.10561 0 -4.05000 30.77500 17.24420 0.14793 13
-1.09493 -0.26605 25.10561 0 8.00000 31.60000 17.24420 0.15167 13
-1.84008 0.00053 85.77658 0 -0.02500 54.72500 40.95766 0.21091 13
0.56640 -0.09775 19.45270 0 2.97500 -18.65000 16.94570 0.11616 -13
0.10897 -0.04057 55.41215 0 1.22500 -4.75000 55.08655 0.10138 -13
0.12245 -0.01628 12.78088 0 0.45000 -5.17500 12.68609 0.10147 13
-2.10177 -0.18049 1.02568 0 4.37500 60.80000 0.44640 0.23509 13
1.60324 -0.00324 14.21937 0 0.02500 -48.15000 7.52555 0.19029 13
0.54311 -0.19767 12.81619 0 6.00000 -13.90000 11.31082 0.11635 -13
-1.49527 0.01081 23.11449 0 -0.30000 46.62500 12.85026 0.18115 -13
-0.50168 -0.19731 13.50274 0 6.00000 17.62500 12.11469 0.11444 -13
-1.77807 -0.10880 4.94735 0 3.07500 52.77500 2.43601 0.20563 13
-1.34419 -0.06797 62.34438 0 2.07500 41.55000 37.26747 0.16886 -13
0.98490 -0.11611 18.32668 0 3.47500 -30.02500 13.10006 0.14181 13
0.57426 -0.14726 2.35460 0 4.20000 -17.05000 2.04715 0.11707 13
-0.83916 0.07665 41.60694 0 -2.32500 26.27500 31.91059 0.13170 13
0.58665 -0.14726 4.48498 0 4.30000 -19.92500 3.87925 0.11764 13
0.59469 -0.13066 75.96235 0 3.95000 -17.87500 65.43329 0.11790 -13
-0.77422 -0.20367 83.66259 0 6.12500 22.57500 66.65206 0.12899 13
-0.97323 0.12721 11.74499 0 -3.77500 27.32500 8.44943 0.14108 -13
-1.00054 -0.27257 11.74499 0 8.27500 28.17500 8.44943 0.14517 -13
0.87054 0.12185 57.90323 0 -3.67500 -25.97500 43.81129 0.13408 13
0.89698 -0.27835 57.90323 0 8.37500 -26.77500 43.81129 0.13814 13
0.91667 -0.01763 48.60705 0 0.55000 -26.62500 35.83351 0.13663 -13
-0.45111 0.03858 30.59404 0 -1.17500 11.95000 27.89130 0.11054 13
-0.15151 0.06399 1.35492 0 -2.30000 4.95000 1.33963 0.10246 13
-1.30796 -0.24831 94.73805 0 7.47500 39.07500 58.62615 0.16766 13
0.14052 0.14466 94.68551 0 -4.35000 -2.80000 93.78300 0.10273 -13
0.14351 -0.25431 94.68551 0 7.67500 -2.90000 93.78300 0.10491 -13
-0.44030 0.07697 63.21116 0 -2.32500 10.37500 57.87932 0.11031 13
0.23340 0.02502 38.98028 0 -0.75000 -7.92500 37.96066 0.10344 -13
0.72477 -0.21043 31.62442 0 6.37500 -20.97500 25.79499 0.12618 -13
-0.60497 -0.12540 97.82519 0 3.80000 18.60000 83.87432 0.11837 -13
-0.55082 -0.11394 58.46590 0 3.42500 17.87500 51.28778 0.11554 13
0.33077 -0.04468 15.18230 0 1.32500 -6.65000 14.41567 0.10616 13
0.15079 -0.16329 42.65060 0 4.92500 -4.85000 42.18596 0.10316 -13
1.26280 0.09119 67.01773 0 -2.77500 -38.92500 41.71108 0.16247 13
-0.82820 -0.21108 81.07086 0 6.37500 24.92500 62.98691 0.13248 -13
-1.27429 -0.22419 53.54137 0 6.75000 39.15000 33.55459 0.16466 13
-0.43420 0.11039 13.78545 0 -3.30000 11.47500 12.65702 0.11034 -13
-1.59630 -0.23915 5.15149 0 7.40000 48.35000 2.78997 0.19150 -13
-0.62697 -0.05108 36.73846 0 1.52500 18.22500 31.13800 0.11897 13
-0.89971 -0.09917 53.51646 0 3.00000 27.62500 39.87123 0.13584 -13
-1.33064 -0.13609 94.50745 0 4.10000 39.17500 57.11016 0.16818 13
-0.31894 -0.01919 39.27633 0 0.57500 9.90000 37.41968 0.10572 13
-0.27555 -0.08940 2.88761 0 2.87500 6.32500 2.78460 0.10497 -13
2.15924 0.11568 73.01854 0 -3.47500 -64.20000 30.85195 0.23991 -13
-2.14238 0.00169 9.16615 0 0.07500 63.27500 3.87666 0.23811 -13
1.97751 0.00919 49.21108 0 -0.25000 -60.95000 22.20792 0.22316 -13
1.14561 0.10599 94.87186 0 -3.20000 -34.02500 62.58585 0.15351 13
0.88170 -0.16323 1.77667 0 4.52500 -27.65000 1.34005 0.13526 13
0.65320 -0.09412 26.51373 0 2.85000 -19.75000 22.22722 0.12066 -13
1.34334 -0.02075 7.52397 0 0.72500 -38.95000 4.49335 0.16869 -13
-0.78633 -0.09072 89.63144 0 2.72500 24.55000 70.56783 0.12844 13
-0.07233 -0.02593 68.98769 0 0.80000 2.97500 68.80806 0.10100 -13
-0.00630 0.02060 53.66949 0 -0.60000 -2.47500 53.66843 0.10073 -13
-0.23734 -0.10799 2.62657 0 3.07500 8.20000 2.55649 0.10409 13
-0.45319 0.11489 45.37341 0 -3.47500 13.50000 41.37319 0.11117 13
0.24206 -0.13053 61.78025 0 3.95000 -4.35000 60.07394 0.10445 -13
0.79306 0.07239 40.45799 0 -2.17500 -22.47500 31.73194 0.12873 -13
-0.07446 -0.02635 22.88397 0 0.82500 3.77500 22.82082 0.10102 -13
0.49945 0.06315 80.75523 0 -1.90000 -11.32500 72.27437 0.11275 13
-0.04549 0.01170 31.49338 0 -0.37500 0.95000 31.46086 0.10081 13
0.00708 -0.14204 84.19717 0 4.30000 0.52500 84.19510 0.10172 -13
1.34615 -0.13249 94.83699 0 4.00000 -42.82500 56.87042 0.16940 -13
-0.12007 -0.16363 85.00634 0 4.92500 2.92500 84.41576 0.10275 13
-1.30882 -0.11048 17.54764 0 3.27500 42.50000 10.69437 0.16622 13
0.00329 -0.08316 1.91114 0 2.77500 0.92500 1.91112 0.10128 -13
-0.09553 -0.11819 81.78538 0 3.57500 3.60000 81.41981 0.10186 -13
0.48907 -0.03095 59.52343 0 0.95000 -14.12500 53.47609 0.11215 -13
-0.59521 0.00647 43.40871 0 -0.17500 17.42500 37.30153 0.11719 -13
-0.91515 -0.13646 18.67440 0 4.15000 25.17500 13.83335 0.13723 -13
-0.25429 0.06605 87.47385 0 -1.97500 6.92500 84.78715 0.10412 -13
-0.19771 0.09403 81.35455 0 -2.85000 6.92500 79.82255 0.10309 13
2.07640 0.11118 42.37910 0 -3.37500 -62.67500 18.48093 0.23238 13
0.20472 -0.07175 95.29989 0 2.17500 -6.27500 93.37307 0.10305 -13
1.11262 -0.07509 42.46637 0 2.27500 -32.60000 28.43147 0.15084 -13
0.89446 0.09272 69.55411 0 -2.80000 -28.10000 51.93968 0.13543 -13
-0.84009 -0.06457 5.19792 0 2.07500 24.42500 3.98338 0.13175 -13
1.00295 -0.02395 9.61057 0 0.65000 -30.77500 6.78653 0.14265 13
-1.57834 -0.02439 77.44851 0 0.75000 46.12500 41.45867 0.18818 -13
1.48242 -0.13669 46.86584 0 4.15000 -45.95000 26.37557 0.18062 -13
-0.03737 0.10842 70.68201 0 -3.27500 3.70000 70.63329 0.10136 13
-0.19192 -0.05533 23.13283 0 1.65000 7.20000 22.71932 0.10269 13
-0.76182 0.03219 30.75251 0 -1.00000 25.37500 24.46679 0.12664 13
0.15514 -0.01406 85.05770 0 0.42500 -0.62500 84.05253 0.10192 13
0.03154 -0.11406 18.05431 0 3.42500 4.32500 18.04545 0.10139 13
-1.28515 -0.15732 50.73471 0 4.75000 38.97500 31.39350 0.16476 -13
0.88261 -0.16588 95.38680 0 5.00000 -26.82500 71.93871 0.13535 13
1.79679 -0.23056 90.22484 0 6.97500 -55.70000 44.74741 0.20839 -13
-0.49929 0.13202 76.81639 0 -3.97500 16.15000 68.84393 0.11334 -13
-0.51241 -0.26754 76.81639 0 8.07500 16.55000 68.84393 0.11632 -13
0.21297 -0.18129 96.71907 0 5.47500 -7.60000 94.66304 0.10457 13
0.61170 0.12589 92.93472 0 -3.80000 -13.57500 79.44755 0.11873 -13
0.62929 -0.27402 92.93472 0 8.27500 -14.10000 79.44755 0.12215 -13
0.87287 -0.06820 37.60833 0 2.07500 -25.82500 28.36105 0.13386 -13
0.55036 -0.21668 65.68608 0 6.52500 -15.67500 57.84905 0.11699 13
-0.29516 -0.14346 43.07807 0 4.32500 9.65000 41.34950 0.10598 13
2.13677 0.08077 96.10077 0 -2.42500 -62.45000 40.84373 0.23771 -13
-1.07826 -0.15870 13.62110 0 4.72500 34.45000 9.32468 0.14891 13
0.19151 -0.22469 66.34083 0 6.77500 -7.65000 65.21213 0.10501 -13
0.34277 -0.02893 70.31183 0 0.87500 -9.87500 66.51573 0.10650 -13
1.80307 -0.09945 98.70457 0 3.00000 -53.57500 48.05171 0.20787 13
0.62993 0.11781 34.34683 0 -3.57500 -18.37500 29.11840 0.11962 13
-1.19216 0.02532 42.37080 0 -0.77500 36.27500 27.23560 0.15672 13
1.89718 -0.01275 39.84143 0 0.35000 -57.82500 18.57906 0.21597 13
-1.65092 -0.00613 39.04710 0 0.15000 51.65000 20.23029 0.19437 13
1.77867 -0.15914 14.42439 0 4.72500 -52.12500 7.13558 0.20606 13
1.09195 -0.16378 19.74495 0 4.90000 -28.95000 13.43094 0.14999 13
-0.37435 0.10773 43.91011 0 -3.25000 11.32500 41.15205 0.10807 -13
-0.36943 -0.03644 35.71313 0 1.12500 8.15000 33.50295 0.10742 -13
0.22261 0.14510 41.60144 0 -4.40000 -5.72500 40.62729 0.10421 13
0.22728 -0.25390 41.60144 0 7.65000 -5.87500 40.62729 0.10638 13
1.70377 -0.18904 19.12106 0 5.75000 -50.40000 9.80506 0.19993 -13
0.76011 -0.10876 72.67472 0 3.30000 -24.40000 57.98199 0.12697 -13
0.80482 0.14503 61.59822 0 -4.37500 -25.45000 48.18195 0.13008 -13
0.82176 -0.25391 61.59822 0 7.67500 -25.97500 48.18195 0.13284 -13
-1.67605 -0.23506 77.38305 0 7.10000 50.65000 40.43698 0.19798 -13
-0.39390 0.03635 1.28882 0 -1.52500 11.65000 1.19921 0.10873 13
0.01655 0.02227 55.22997 0 -0.67500 1.05000 55.22241 0.10074 13
-1.10802 -0.20163 84.12560 0 6.07500 34.55000 56.98061 0.15166 13
-0.65114 0.05309 80.19023 0 -1.60000 20.52500 67.22811 0.12029 13
0.85320 -0.18210 42.20285 0 5.47500 -25.72500 32.32458 0.13363 13
0.68073 -0.09714 86.97717 0 2.92500 -18.97500 72.00578 0.12221 13
0.64150 0.03546 74.51123 0 -1.07500 -19.40000 62.72761 0.11970 13
-0.94864 0.00483 15.70829 0 -0.10000 30.07500 11.39640 0.13881 -13
-1.48574 -0.14983 87.13112 0 4.52500 42.45000 49.02250 0.18099 -13
-1.04051 -0.04790 82.68438 0 1.45000 30.00000 57.32894 0.14541 -13
0.76936 -0.18984 2.36803 0 5.45000 -24.22500 1.88883 0.12843 13
-0.81673 0.06572 79.57192 0 -1.97500 24.95000 61.68248 0.13009 -13
-2.66060 -4.24955 79.57192 0 -1.82500 24.97500 61.68248 0.13042 -13
1.64512 0.07212 9.18491 0 -2.27500 -49.37500 4.78070 0.19403 13
0.21057 0.04221 97.26377 0 -1.27500 -5.65000 95.18027 0.10300 13
0.86299 -0.09109 23.95958 0 2.72500 -24.45000 18.17127 0.13332 13
-1.12271 0.01832 99.41224 0 -0.55000 34.82500 66.12724 0.15142 13
0.79490 0.09451 46.15532 0 -2.82500 -22.52500 36.19298 0.12899 -13
-0.06920 0.14549 84.85001 0 -4.37500 0.80000 84.65180 0.10200 -13
-0.07064 -0.25345 84.85001 0 7.65000 0.85000 84.65180 0.10414 -13
1.01000 0.10911 53.22388 0 -3.30000 -32.45000 37.55835 0.14356 13
-1.29146 0.14766 18.23264 0 -4.40000 39.07500 11.23801 0.16513 -13
-1.31725 -0.25115 18.23264 0 7.62500 39.87500 11.23801 0.16852 -13
1.08639 -0.19443 96.79668 0 5.85000 -33.10000 66.21154 0.14997 13
1.69098 0.13086 86.38792 0 -3.92500 -52.40000 44.25028 0.19826 -13
1.73619 -0.26876 86.38792 0 8.12500 -53.77500 44.25028 0.20360 -13
1.93600 -0.21611 48.18342 0 6.50000 -57.57500 22.51215 0.22048 13
-0.78441 -0.24588 61.08768 0 7.40000 23.92500 48.59505 0.13035 13
0.82372 0.14197 89.10610 0 -4.30000 -24.80000 69.05417 0.13126 13
0.84207 -0.25713 89.10610 0 7.75000 -25.35000 69.05417 0.13417 13
-0.87493 -0.05864 90.42679 0 1.77500 26.02500 68.10652 0.13394 13
1.33175 0.11718 83.41040 0 -3.52500 -41.17500 50.30284 0.16811 -13
-0.45852 -0.23949 70.94910 0 7.22500 13.37500 64.79904 0.11338 -13
0.96339 -0.10993 77.98448 0 3.30000 -29.42500 56.32356 0.14026 13
2.05224 -0.08760 96.67405 0 2.62500 -60.95000 42.47837 0.23006 13
0.67298 -0.23499 55.51102 0 7.07500 -20.60000 46.43356 0.12366 13
-0.13135 -0.13403 70.66482 0 4.05000 4.32500 70.07355 0.10246 -13
0.17118 -0.05851 65.01461 0 1.77500 -9.37500 64.08558 0.10234 -13
-1.20152 -0.23014 42.98366 0 6.92500 35.37500 27.91411 0.15910 13
-1.55948 0.02716 89.21398 0 -0.80000 47.95000 48.16997 0.18658 -13
-1.47787 -0.19348 20.24131 0 5.80000 44.27500 11.48686 0.18070 13
-1.70493 0.08925 98.36265 0 -2.70000 49.97500 49.91037 0.19926 13
0.55595 -0.20084 84.78184 0 6.05000 -16.65000 74.44151 0.11698 13
0.95089 0.06226 23.48561 0 -1.90000 -27.47500 17.03507 0.13912 13
1.75525 -0.17894 96.05763 0 5.37500 -53.47500 48.11716 0.20421 13
0.28719 0.00758 98.08556 0 -0.22500 -11.12500 94.27477 0.10478 -13
0.39284 0.02352 44.00690 0 -0.70000 -9.65000 40.96130 0.10822 -13
1.60169 0.02074 27.44016 0 -0.60000 -48.85000 14.53471 0.19015 -13
0.54103 -0.24811 63.33679 0 7.50000 -17.87500 56.07627 0.11720 -13
-0.92237 -0.11722 51.66151 0 3.55000 28.17500 38.09331 0.13752 -13
-0.05227 -0.03855 68.21519 0 1.17500 -2.02500 68.12234 0.10092 -13
-0.25231 -0.04468 56.31546 0 1.35000 5.25000 54.60741 0.10396 -13
-1.47645 -0.05049 8.60340 0 1.62500 46.30000 4.82861 0.17970 -13
-0.11759 0.05886 79.73867 0 -1.77500 5.10000 79.19491 0.10157 -13
0.80520 0.06766 13.49577 0 -2.00000 -24.27500 10.52129 0.12946 -13
-0.59171 -0.00883 40.22974 0 0.27500 18.75000 34.62307 0.11702 -13
-0.99348 -0.20733 49.93521 0 6.27500 26.87500 35.79349 0.14349 -13
-1.09365 -0.03555 75.06381 0 1.07500 33.40000 50.67081 0.14928 -13
-0.09193 -0.02184 33.04235 0 0.67500 2.25000 32.90368 0.10115 -13
1.50683 0.07059 37.47178 0 -2.10000 -49.35000 20.75545 0.18226 -13
1.08227 0.02610 15.15235 0 -0.75000 -35.70000 10.28507 0.14841 -13
1.23099 0.10722 28.62687 0 -3.20000 -38.97500 18.11198 0.15991 -13
1.23101 0.10723 28.62687 0 -3.20000 -39.02500 18.11198 0.16007 -13
1.05915 -0.19212 79.73361 0 5.80000 -32.62500 55.26128 0.14797 -13
0.79091 -0.13204 29.06776 0 3.95000 -22.95000 22.87401 0.12907 13
0.95719 -0.11398 2.03167 0 3.10000 -31.10000 1.47218 0.13990 13
-0.37620 0.13131 67.64530 0 -3.97500 7.90000 63.38024 0.10840 13
-0.38620 -0.26832 67.64530 0 8.07500 8.20000 63.38024 0.11127 13
0.42552 -0.18861 38.23726 0 5.70000 -11.35000 35.27755 0.11109 -13
-0.94164 -0.12737 67.22962 0 3.82500 31.00000 49.13039 0.13891 13
-0.08156 -0.23038 27.36467 0 6.97500 2.27500 27.27862 0.10368 -13
0.06163 -0.05958 22.24639 0 1.77500 -3.87500 22.20442 0.10107 13
-1.55591 -0.24762 42.47534 0 7.45000 46.52500 23.44971 0.18789 13
0.80640 0.10135 35.96224 0 -3.05000 -22.70000 28.05069 0.12976 -13
-0.63100 -0.06477 68.11257 0 1.95000 18.22500 57.63836 0.11925 -13
-1.16783 0.08328 75.92894 0 -2.50000 35.55000 49.48369 0.15505 -13
2.05496 -0.14436 84.77804 0 4.37500 -62.72500 37.40523 0.23062 -13
-1.26518 -0.21887 42.07468 0 6.57500 38.62500 26.46538 0.16386 13
1.73461 0.00051 13.19795 0 0.05000 -55.55000 6.59134 0.20164 -13
-1.40027 -0.21077 44.11899 0 6.37500 43.52500 26.00874 0.17460 -13
0.83958 0.07192 35.36879 0 -2.15000 -23.80000 27.11673 0.13168 -13
0.49944 -0.02330 34.16262 0 0.70000 -15.65000 30.56528 0.11259 13
-1.11726 0.11174 40.54059 0 -3.40000 32.17500 27.13046 0.15142 13
-1.48091 0.11832 3.96085 0 -3.35000 44.75000 2.22595 0.18036 -13
1.35844 -0.19045 90.03961 0 5.75000 -42.05000 53.99480 0.17096 -13
0.76055 -0.22555 48.46054 0 6.80000 -24.12500 38.91933 0.12853 13
1.41028 0.10568 36.69976 0 -3.17500 -42.25000 21.30601 0.17441 -13
0.22510 -0.17409 82.08629 0 5.25000 -8.87500 80.13924 0.10469 13
-0.99337 -0.12084 85.61203 0 3.65000 30.45000 60.95591 0.14247 -13
-0.68052 -0.03882 63.94432 0 1.17500 20.57500 52.87704 0.12187 -13
0.70990 0.02606 54.11656 0 -0.77500 -21.97500 44.13305 0.12352 -13
0.17026 -0.10453 38.20976 0 3.15000 -6.17500 37.67340 0.10269 13
2.05092 0.01747 24.99958 0 -0.47500 -63.95000 10.95754 0.22979 -13
-1.28070 -0.04601 31.97549 0 1.42500 39.52500 19.69177 0.16370 -13
1.09605 -0.14590 91.61874 0 4.40000 -33.52500 62.10485 0.15014 -13
1.78765 -0.10285 9.52665 0 3.00000 -53.92500 4.67003 0.20646 13
-0.23137 -0.13295 71.53657 0 4.00000 9.20000 69.72623 0.10422 13
0.21889 -0.21313 4.52361 0 6.30000 -4.22500 4.42324 0.10525 13
0.37740 0.02533 77.37834 0 -0.77500 -14.05000 72.39718 0.10767 13
-0.83038 -0.12213 36.54255 0 3.67500 22.85000 28.19841 0.13146 13
-0.55230 -0.04119 47.00777 0 1.22500 15.02500 41.15737 0.11512 13
-0.67593 -0.14351 16.78405 0 4.30000 22.17500 13.94961 0.12239 13
0.20352 -0.06782 92.51654 0 2.05000 -3.62500 90.66620 0.10300 -13
0.28331 0.08748 12.61520 0 -2.60000 -9.27500 12.14089 0.10503 -13
1.18489 -0.02104 31.09648 0 0.60000 -35.72500 20.05866 0.15615 13
0.99328 0.06580 75.66733 0 -2.00000 -29.60000 53.74274 0.14209 13
-0.61730 0.08631 40.92668 0 -2.60000 17.55000 34.86088 0.11866 -13
0.10690 -0.07676 22.89380 0 2.32500 -6.20000 22.76483 0.10158 -13
-0.34749 -0.09820 63.17244 0 2.95000 12.82500 59.70364 0.10706 13
1.20113 0.10390 31.26450 0 -3.10000 -39.50000 20.06717 0.15773 -13
0.86214 0.07339 29.84773 0 -2.22500 -28.45000 22.63222 0.13317 13
0.91643 0.09775 90.40848 0 -2.95000 -28.55000 66.79740 0.13695 13
-1.67242 -0.17845 49.46609 0 5.37500 50.57500 25.67954 0.19703 13
-0.14457 -0.03835 24.91553 0 1.17500 5.27500 24.65955 0.10183 -13
1.86831 0.00334 80.94242 0 -0.12500 -56.90000 38.19667 0.21341 13
-0.89528 -0.10329 37.19329 0 3.12500 30.70000 27.77601 0.13557 -13
2.13530 -0.09052 35.52222 0 2.75000 -64.50000 15.11621 0.23764 -13
-0.54974 0.14412 64.91327 0 -4.35000 18.75000 57.01915 0.11583 13
-0.56150 -0.25488 64.91327 0 7.67500 19.10000 57.01915 0.11830 13
0.04492 -0.23119 59.90182 0 6.97500 -1.10000 59.84455 0.10345 13
-2.15618 0.08442 64.02775 0 -2.57500 64.60000 27.01734 0.23952 13
-1.26250 -0.20269 89.48195 0 6.12500 38.12500 56.24551 0.16348 -13
0.67243 -0.08067 52.73437 0 2.45000 -20.15000 43.80508 0.12163 -13
0.77584 0.02449 52.54174 0 -0.75000 -23.97500 41.51747 0.12748 13
0.70481 -0.23424 90.73026 0 7.07500 -21.50000 74.80946 0.12544 -13
0.81831 0.08331 33.19582 0 -2.50000 -22.92500 25.72577 0.13039 -13
0.86046 -0.24311 61.26169 0 7.32500 -25.77500 46.99756 0.13508 13
0.62372 -0.14109 80.73341 0 4.27500 -20.10000 68.68884 0.11954 -13
-0.24990 -0.24151 98.82176 0 7.30000 7.65000 96.02901 0.10661 -13
-0.13832 0.03972 15.98652 0 -1.22500 4.47500 15.83596 0.10175 13
-0.99650 -0.19637 6.51701 0 5.80000 26.95000 4.65986 0.14345 13
-1.66999 -0.00876 1.97117 0 0.72500 50.52500 1.01309 0.19629 -13
0.06873 0.12093 23.24917 0 -3.67500 -2.22500 23.19522 0.10168 13
0.07083 -0.27931 23.24917 0 8.40000 -2.27500 23.19522 0.10478 13
-0.29880 -0.10407 74.80487 0 3.12500 7.42500 71.70502 0.10562 13
0.08302 0.08343 56.09236 0 -2.52500 -2.62500 55.90140 0.10140 13
-0.46883 -0.09536 29.73732 0 2.90000 12.95000 26.94720 0.11164 -13
-0.85825 -0.20153 57.44017 0 6.07500 26.60000 43.95331 0.13423 13
0.64366 -0.24097 38.57668 0 7.25000 -21.52500 32.70146 0.12218 13
-0.10611 -0.10214 19.18954 0 3.05000 3.95000 19.08353 0.10178 13
-0.62865 0.08466 65.69982 0 -2.55000 20.70000 55.67841 0.11925 -13
0.09119 -0.01422 37.43178 0 0.42500 -1.47500 37.27712 0.10113 13
-0.30418 0.01109 69.35516 0 -0.32500 9.87500 66.35368 0.10526 -13
