-0.43865 0.00264 27.11121 0 -0.05000 11.20000 24.82772 0.10997 -13
-0.14211 -0.17032 16.58628 0 5.17500 4.60000 16.42590 0.10317 -13
-0.12029 -0.01635 89.80262 0 0.50000 3.50000 89.16015 0.10144 13
0.10658 0.09644 11.21793 0 -2.95000 -6.25000 11.15537 0.10175 13
0.55711 0.09086 11.21793 0 -3.07500 -6.32500 11.15537 0.10227 13
-0.61938 -0.04478 11.21793 0 -1.82500 -8.15000 11.15537 0.11269 13
-0.18574 0.11479 92.27126 0 -3.45000 5.57500 90.73923 0.10308 -13
-0.92995 -0.19210 97.84970 0 5.80000 27.37500 72.25304 0.13887 13
0.42716 -0.03071 99.03399 0 0.92500 -14.15000 91.07956 0.10954 13
0.14036 0.06337 4.27851 0 -2.02500 -5.17500 4.23717 0.10194 13
-0.71532 -0.19648 92.49129 0 5.92500 19.82500 75.70357 0.12539 -13
-0.63474 -0.19807 9.07238 0 5.90000 18.87500 7.70186 0.12088 13
0.61737 0.05914 77.32974 0 -1.77500 -18.80000 65.83159 0.11850 -13
0.17647 -0.18851 28.72964 0 5.70000 -4.45000 28.30710 0.10401 -13
-1.69448 -0.13734 84.57831 0 4.12500 51.82500 43.28496 0.19861 13
0.39343 -0.04981 11.12142 0 1.45000 -10.75000 10.35113 0.10833 13
2.09766 -0.11328 67.75954 0 3.42500 -60.87500 29.31006 0.23431 -13
0.97439 -0.15998 49.81031 0 4.85000 -28.97500 35.89391 0.14153 -13
0.77262 -0.23585 15.39330 0 7.07500 -23.85000 12.30300 0.12942 13
-0.74317 0.00145 45.68033 0 -0.02500 22.15000 36.66405 0.12547 -13
2.14475 0.09311 97.76530 0 -2.82500 -62.50000 41.45984 0.23850 13
-0.50750 0.09792 8.99758 0 -3.02500 15.85000 8.03133 0.11339 13
-0.36553 -0.01608 75.09704 0 0.47500 10.65000 70.53386 0.10723 13
0.63796 -0.23030 79.39921 0 6.95000 -18.72500 67.43049 0.12168 13
-0.24385 0.03060 20.97949 0 -0.95000 9.77500 20.38268 0.10370 13
-1.39797 -0.15079 1.91835 0 4.10000 41.35000 1.12502 0.17357 13
0.41836 -0.16889 57.17840 0 5.10000 -12.72500 52.85783 0.11048 -13
-0.79002 -0.11511 87.68340 0 3.47500 25.07500 68.97643 0.12887 -13
-0.31210 -0.00025 42.74390 0 0.02500 9.37500 40.80294 0.10549 -13
1.59809 0.10088 3.75737 0 -2.80000 -47.12500 2.00048 0.19003 -13
0.09781 -0.03574 46.52374 0 1.10000 -3.05000 46.30313 0.10125 -13
1.23304 0.03362 89.39164 0 -1.00000 -38.82500 56.32681 0.15991 -13
0.92831 -0.16254 67.30911 0 4.92500 -28.45000 49.62674 0.13838 -13
-0.85585 0.09194 13.04785 0 -2.72500 25.32500 9.93087 0.13285 -13
0.81754 -0.00596 19.03318 0 0.20000 -23.87500 14.73547 0.13008 -13
0.16795 -3.56795 19.03318 0 0.45000 -25.07500 14.73547 0.17312 -13
0.92215 0.02860 86.53726 0 -0.87500 -26.50000 63.62927 0.13702 13
0.73135 -0.09001 21.88885 0 2.67500 -20.80000 17.69271 0.12508 13
-1.33556 0.08199 23.94199 0 -2.50000 41.65000 14.38057 0.16824 13
0.03864 0.10026 26.04706 0 -3.05000 -1.60000 26.02782 0.10129 13
0.01687 0.11830 6.25635 0 -3.65000 1.30000 6.25547 0.10147 13
0.01741 -0.28232 6.25635 0 8.42500 1.30000 6.25547 0.10459 13
1.46757 0.09815 24.78295 0 -2.92500 -43.05000 13.99979 0.17911 -13
-0.09991 0.13025 3.75639 0 -3.80000 0.32500 3.73806 0.10204 -13
-0.10262 -0.26906 3.75639 0 8.25000 0.42500 3.73806 0.10497 -13
-0.26884 -0.18156 16.03509 0 5.45000 9.20000 15.50198 0.10586 13
0.79259 -0.08845 26.68526 0 2.70000 -22.95000 20.94424 0.12881 -13
0.19682 -0.11164 30.35100 0 3.37500 -5.12500 29.78660 0.10325 -13
-0.73937 -0.07873 42.63556 0 2.35000 20.92500 34.32005 0.12548 13
0.43411 0.11538 42.86793 0 -3.47500 -10.67500 39.36357 0.11039 -13
0.00299 -0.06209 51.21012 0 1.87500 0.67500 51.20989 0.10090 -13
-0.34317 -0.01779 41.37529 0 0.55000 13.62500 39.13575 0.10649 -13
1.21198 0.04889 42.97167 0 -1.50000 -34.75000 27.36727 0.15832 13
0.42601 0.14419 14.09453 0 -4.30000 -12.40000 12.98753 0.11040 -13
0.43514 -0.25472 14.09453 0 7.72500 -12.67500 12.98753 0.11281 -13
-0.06304 0.01131 32.89829 0 -0.35000 1.87500 32.83315 0.10091 13
0.33339 -0.10369 60.66860 0 3.12500 -8.62500 57.58524 0.10666 13
0.36016 -0.17922 82.27263 0 5.40000 -10.92500 77.54413 0.10855 -13
-0.13169 -0.16121 71.52733 0 4.87500 3.35000 70.93043 0.10286 -13
-0.35123 -0.12584 37.43710 0 3.80000 11.32500 35.35199 0.10749 -13
-0.18130 0.04563 69.48773 0 -1.37500 5.50000 68.37551 0.10245 -13
-0.72874 -0.04661 93.26840 0 1.42500 20.70000 75.40562 0.12469 -13
1.94433 0.03812 80.08498 0 -1.17500 -60.37500 36.64944 0.22023 13
-2.10409 -0.05443 45.85536 0 1.67500 62.60000 19.70749 0.23468 -13
0.62877 -0.20943 59.52291 0 6.30000 -19.80000 50.69248 0.12080 13
-1.16893 -0.13536 73.10804 0 4.10000 35.40000 47.77398 0.15552 -13
-1.76989 -0.06806 41.40654 0 2.02500 52.42500 20.40465 0.20482 13
-0.53853 -0.16276 87.82135 0 4.92500 16.70000 77.54722 0.11555 -13
-0.27484 -0.05766 46.51873 0 1.75000 7.25000 44.86067 0.10460 -13
0.11066 0.08174 36.45660 0 -2.47500 -3.30000 36.23682 0.10166 13
0.06802 -0.21348 1.28354 0 6.02500 -2.30000 1.28071 0.10327 13
0.56614 0.06621 95.28124 0 -2.00000 -17.15000 82.95947 0.11591 -13
0.90972 -0.03646 41.51168 0 1.07500 -29.47500 30.71576 0.13619 13
-0.85675 -0.17794 59.92157 0 5.35000 25.60000 45.80293 0.13381 13
0.15015 -0.00416 93.32284 0 0.12500 -6.57500 92.28843 0.10184 13
-1.56996 0.06071 96.40469 0 -1.82500 46.82500 51.85979 0.18754 -13
-1.09130 0.04269 71.18446 0 -1.30000 30.00000 48.11532 0.14912 13
0.40496 0.07787 87.93395 0 -2.35000 -13.07500 81.53914 0.10893 -13
-1.19640 0.06040 65.60761 0 -1.80000 36.42500 42.12157 0.15713 -13
0.10489 0.14642 54.06586 0 -4.40000 -1.52500 53.77702 0.10232 -13
0.10704 -0.25246 54.06586 0 7.62500 -1.57500 53.77702 0.10443 -13
-0.37662 -0.24314 82.86529 0 7.35000 9.87500 77.81786 0.11036 -13
-1.14018 -0.21686 3.97826 0 6.75000 34.87500 2.65715 0.15455 -13
-0.57412 0.00953 15.15520 0 -0.25000 18.65000 13.14313 0.11613 -13
-0.17874 -0.13477 11.58895 0 4.02500 6.82500 11.41121 0.10318 13
-0.33847 -0.01297 99.10145 0 0.37500 8.60000 93.87097 0.10632 13
0.29275 0.08891 1.73251 0 -2.40000 -8.57500 1.66330 0.10542 -13
1.49702 0.08088 20.19519 0 -2.40000 -44.87500 11.24257 0.18147 -13
-0.28509 -0.04005 84.19648 0 1.20000 12.15000 80.97510 0.10479 13
0.73766 -0.22273 48.32166 0 6.70000 -19.55000 39.21464 0.12712 13
-1.04988 0.03821 61.95672 0 -1.15000 29.77500 42.74708 0.14606 -13
1.83259 -0.23731 54.13012 0 7.12500 -53.72500 26.47859 0.21155 13
-1.32510 0.14320 15.35679 0 -4.27500 41.72500 9.31034 0.16775 -13
-1.35388 -0.25581 15.35679 0 7.77500 42.62500 9.31034 0.17152 -13
-0.56742 -0.02854 74.88406 0 0.87500 14.55000 65.13613 0.11582 -13
1.16908 -0.05566 88.26543 0 1.67500 -37.27500 57.42510 0.15502 -13
0.87168 -0.22112 85.23681 0 6.67500 -25.95000 64.90891 0.13544 -13
-0.38968 0.08179 64.44871 0 -2.47500 9.97500 60.07686 0.10839 13
-0.93066 0.02457 20.28089 0 -0.77500 26.95000 14.84841 0.13759 13
0.19136 0.00787 31.63972 0 -0.22500 -4.97500 31.07595 0.10253 -13
0.73837 -0.13033 91.07147 0 3.92500 -22.82500 73.48118 0.12586 13
-0.42802 -0.17578 91.36474 0 5.30000 12.67500 84.18981 0.11096 13
-0.87441 -0.05048 3.37156 0 1.70000 28.27500 2.53875 0.13401 -13
-1.63939 0.13336 85.72423 0 -4.00000 47.72500 44.92746 0.19384 -13
-1.68150 -0.26614 85.72423 0 8.05000 49.00000 44.92746 0.19886 -13
0.93652 0.02098 45.24801 0 -0.62500 -31.02500 33.03014 0.13798 -13
1.18020 0.02567 33.75342 0 -0.75000 -33.35000 21.82399 0.15580 -13
-0.15366 0.14267 3.70820 0 -4.15000 4.65000 3.66608 0.10286 -13
-0.15708 -0.25624 3.70820 0 7.87500 4.75000 3.66608 0.10532 -13
0.00907 -0.16266 93.44889 0 4.90000 1.40000 93.44514 0.10204 -13
0.26821 -0.08589 10.04695 0 2.55000 -6.32500 9.70632 0.10461 13
-0.66076 -0.00598 98.44668 0 0.17500 17.65000 82.13615 0.12070 13
0.29518 0.08631 38.91535 0 -2.62500 -7.42500 37.33449 0.10536 13
-0.44273 0.01522 81.51338 0 -0.47500 14.52500 74.53639 0.11014 13
-1.87230 -0.20582 81.70320 0 6.22500 55.27500 39.11527 0.21477 -13
-0.02774 -0.24516 40.23825 0 7.37500 1.30000 40.22365 0.10371 13
-0.13196 0.14919 41.03437 0 -4.47500 1.97500 40.68930 0.10267 -13
-0.13454 -0.24961 41.03437 0 7.55000 2.05000 40.68930 0.10468 -13
-0.85905 0.12216 35.63372 0 -3.70000 24.60000 27.11459 0.13334 13
-0.88506 -0.27800 35.63372 0 8.37500 25.40000 27.11459 0.13734 13
0.64174 -0.16255 77.16558 0 4.90000 -16.47500 65.18790 0.12077 13
0.73815 -0.21070 68.79274 0 6.37500 -23.60000 55.76684 0.12696 -13
-0.92765 0.09564 74.95073 0 -2.87500 26.70000 55.06455 0.13770 -13
-1.51934 -0.11923 50.82319 0 3.57500 45.02500 28.07932 0.18355 13
-0.24656 0.02772 76.62928 0 -0.82500 6.20000 74.40273 0.10376 -13
0.28267 -0.19916 15.67175 0 6.05000 -8.30000 15.10212 0.10658 -13
0.39999 0.00955 31.22638 0 -0.30000 -12.92500 28.99320 0.10847 13
0.90702 -0.15528 48.14090 0 4.67500 -25.25000 35.84935 0.13685 13
0.12758 -0.20834 42.81511 0 6.27500 -4.30000 42.48501 0.10366 13
0.50223 -0.21255 98.95277 0 6.40000 -15.05000 88.81438 0.11470 13
0.01004 -0.04900 2.70455 0 1.30000 0.45000 2.70442 0.10088 13
1.23695 0.02875 50.57852 0 -0.85000 -36.95000 31.80575 0.16020 -13
0.08996 -0.00941 62.66956 0 0.30000 -3.45000 62.41751 0.10112 -13
0.25974 -0.23608 17.23452 0 7.10000 -7.45000 16.70894 0.10670 13
-0.49667 0.02762 55.76598 0 -0.82500 14.42500 49.94871 0.11247 -13
0.49698 0.09847 36.62344 0 -2.95000 -16.32500 32.82788 0.11288 -13
0.49674 -0.20391 28.00385 0 6.12500 -15.85000 25.17945 0.11429 13
-0.25706 -0.02003 67.00043 0 0.60000 7.55000 64.89154 0.10400 -13
-0.95812 -0.21797 88.74999 0 6.57500 29.47500 64.79058 0.14120 -13
-0.52610 0.06216 99.57277 0 -1.87500 14.80000 88.15856 0.11396 -13
-0.05231 -0.01797 11.08106 0 0.57500 -0.02500 11.06592 0.10087 -13
-1.09310 0.05680 57.62739 0 -1.70000 34.35000 38.93190 0.14930 -13
-0.67947 -0.15477 63.18618 0 4.65000 21.77500 52.45764 0.12274 13
-0.11713 0.07364 90.53020 0 -2.22500 3.87500 89.91881 0.10166 13
0.98654 0.14125 46.83105 0 -4.27500 -24.92500 33.50006 0.14218 13
1.00878 -0.25790 46.83105 0 7.77500 -25.57500 33.50006 0.14536 13
0.69560 -0.06184 42.70040 0 1.87500 -23.40000 35.07557 0.12283 -13
-0.42037 -0.22952 53.36084 0 6.92500 12.80000 49.37716 0.11167 -13
-1.90711 0.05976 72.47992 0 -1.80000 57.60000 33.70481 0.21694 -13
1.16344 -0.01919 24.14564 0 0.55000 -34.12500 15.74067 0.15450 13
-0.72858 -0.24645 90.63984 0 7.42500 21.57500 73.99679 0.12704 13
0.66818 -0.12230 42.01984 0 3.67500 -21.40000 35.01812 0.12174 13
0.02175 0.13158 65.70262 0 -3.97500 -3.30000 65.68735 0.10160 13
0.02232 -0.26804 65.70262 0 8.07500 -3.30000 65.68735 0.10428 13
0.55077 0.13368 50.47333 0 -4.05000 -14.75000 44.30200 0.11576 13
0.56485 -0.26584 50.47333 0 8.00000 -15.17500 44.30200 0.11871 13
-0.26944 -0.09765 97.70561 0 2.95000 9.22500 94.37142 0.10476 -13
0.86439 0.01949 36.15837 0 -0.57500 -25.52500 27.35728 0.13312 -13
0.00355 0.14035 18.02907 0 -4.20000 -0.60000 18.02896 0.10168 -13
0.00360 -0.25875 18.02907 0 7.82500 -0.60000 18.02896 0.10405 -13
1.14567 0.10375 78.08163 0 -3.12500 -35.17500 51.50140 0.15349 -13
-0.85898 0.04271 85.31539 0 -1.27500 25.65000 64.74244 0.13282 -13
0.11801 -0.21120 70.84277 0 6.37500 -2.15000 70.37523 0.10360 13
-0.75008 0.12283 81.07970 0 -3.70000 22.80000 65.03556 0.12648 -13
-0.77257 -0.27726 81.07970 0 8.37500 23.47500 65.03556 0.13029 -13
-2.04991 -0.18991 71.88753 0 5.75000 64.20000 31.97093 0.23051 -13
-0.63229 -0.03251 26.52486 0 0.95000 20.45000 22.42259 0.11919 13
-0.48470 -0.04866 88.00819 0 1.45000 15.65000 79.21308 0.11202 13
0.92854 0.08856 8.82397 0 -2.75000 -23.37500 6.47826 0.13775 13
-1.21896 -0.12619 42.59081 0 3.82500 38.90000 27.14019 0.15930 -13
-0.76861 0.13993 80.49394 0 -4.22500 19.57500 64.04931 0.12779 -13
-0.78636 -0.25925 80.49394 0 7.82500 20.10000 64.04931 0.13075 -13
1.01559 0.06229 74.68139 0 -1.87500 -30.85000 52.44923 0.14366 -13
-0.28052 0.10842 26.07082 0 -3.30000 7.85000 25.11262 0.10517 13
-1.70281 -0.23002 4.71094 0 6.72500 51.47500 2.43162 0.19993 13
-1.04379 -0.14611 96.15054 0 4.40000 31.25000 66.88210 0.14631 13
1.23612 0.04798 61.71376 0 -1.42500 -36.70000 38.84144 0.16018 -13
0.15170 -0.00412 38.06724 0 0.12500 -3.07500 37.63664 0.10186 -13
1.59067 0.12107 19.88468 0 -3.70000 -47.85000 10.63831 0.18964 13
1.63953 -0.27925 19.88468 0 8.37500 -49.30000 10.63831 0.19535 13
-0.51496 0.07064 14.44741 0 -2.17500 15.22500 12.85105 0.11350 13
1.28332 -0.06159 17.45781 0 1.80000 -37.12500 10.74283 0.16395 13
0.06581 0.02222 56.22158 0 -0.67500 -0.42500 56.10030 0.10095 13
-0.76717 0.13904 80.35011 0 -4.17500 23.62500 63.97490 0.12769 -13
-0.78515 -0.26018 80.35011 0 7.85000 24.17500 63.97490 0.13070 -13
-1.58630 -0.21321 47.02985 0 6.40000 50.30000 25.47940 0.19003 13
-0.56125 0.14558 72.22888 0 -4.37500 13.90000 63.14395 0.11640 -13
-0.57294 -0.25333 72.22888 0 7.65000 14.25000 63.14395 0.11883 -13
0.49975 -0.10093 98.85740 0 3.05000 -16.45000 88.51881 0.11304 -13
-0.69145 0.13689 74.38178 0 -4.12500 21.47500 61.36346 0.12320 -13
-0.70827 -0.26242 74.38178 0 7.92500 21.97500 61.36346 0.12621 -13
0.64618 0.07205 82.25330 0 -2.17500 -21.10000 69.13752 0.12012 -13
0.13890 0.01039 82.36573 0 -0.32500 -6.02500 81.58255 0.10168 13
-0.98127 -0.11094 99.06334 0 3.35000 28.55000 70.91916 0.14153 13
-1.52566 -0.10059 1.77715 0 3.55000 45.85000 0.97735 0.18471 -13
0.41231 -0.14675 37.58207 0 4.42500 -11.00000 34.79797 0.10991 13
-0.10925 -0.10289 46.95797 0 3.12500 4.55000 46.68306 0.10184 -13
-0.17754 -0.10761 52.07045 0 3.25000 6.70000 51.27764 0.10285 -13
-0.42349 0.09305 71.83569 0 -2.80000 13.20000 66.19163 0.10976 -13
-1.04770 0.05867 43.07875 0 -1.75000 30.50000 29.77079 0.14597 -13
0.27789 0.05421 44.59496 0 -1.62500 -9.60000 42.97147 0.10466 -13
-1.73362 -0.12749 65.56991 0 3.85000 54.72500 32.96150 0.20196 -13
-0.04382 0.10288 22.22193 0 -3.07500 0.30000 22.20084 0.10133 -13
-0.60086 0.10884 56.34301 0 -3.27500 16.02500 48.37054 0.11799 -13
-0.32627 -0.17995 58.19794 0 5.45000 8.97500 55.41073 0.10747 -13
1.13103 0.00881 8.45438 0 -0.35000 -34.27500 5.59991 0.15206 13
0.04385 0.01080 30.02569 0 -0.35000 -4.00000 29.99685 0.10081 13
-1.30045 -0.00260 7.67791 0 0.17500 38.90000 4.68031 0.16522 -13
0.87633 -0.05215 74.22677 0 1.57500 -28.22500 55.85727 0.13400 -13
0.39427 -0.04205 76.34405 0 1.25000 -12.32500 71.03172 0.10833 13
-0.16138 -0.05148 63.30083 0 1.55000 8.22500 62.49436 0.10214 13
-0.51020 -0.17308 92.17109 0 5.22500 15.65000 82.35023 0.11438 13
-0.71098 0.00296 64.30092 0 -0.10000 24.62500 52.40596 0.12356 13
0.99527 0.03552 19.86085 0 -1.10000 -28.75000 14.08151 0.14213 13
-0.56181 -0.06775 7.51671 0 1.97500 15.47500 6.55664 0.11571 13
1.95753 -0.09214 64.99125 0 2.80000 -59.62500 29.66500 0.22157 -13
0.81325 0.02336 25.47244 0 -0.67500 -25.65000 19.76425 0.12982 -13
0.97082 -0.09269 80.39843 0 2.80000 -27.82500 57.80478 0.14066 -13
0.43063 -0.24003 15.66477 0 7.20000 -13.30000 14.44919 0.11225 13
0.00882 0.14783 27.95095 0 -4.47500 0.00000 27.94988 0.10181 13
0.00899 -0.25101 27.95095 0 7.55000 0.00000 27.94988 0.10382 13
-0.06625 0.05815 8.41003 0 -1.70000 0.90000 8.39170 0.10109 -13
0.31490 -0.19231 55.03865 0 5.80000 -10.25000 52.58207 0.10734 -13
-0.14094 -0.12013 44.46865 0 3.62500 3.57500 44.03956 0.10242 -13
-0.82353 0.05918 99.54209 0 -1.80000 23.87500 76.89361 0.13059 13
-0.20937 -0.08662 78.12547 0 2.60000 3.55000 76.47933 0.10325 13
1.59539 -0.17543 93.08233 0 5.27500 -46.52500 49.97439 0.19042 13
-1.29918 0.08045 79.65283 0 -2.42500 37.30000 48.68268 0.16529 -13
0.75198 0.05951 70.69139 0 -1.77500 -21.10000 56.53510 0.12614 -13
0.36008 -0.08367 63.70677 0 2.52500 -11.57500 59.96320 0.10737 -13
-0.52087 -0.24191 54.64837 0 7.30000 17.12500 48.75604 0.11613 -13
-0.46829 -0.00070 93.28486 0 0.02500 15.95000 84.48064 0.11120 -13
-0.41967 0.13694 23.82878 0 -4.10000 14.15000 22.00271 0.11007 -13
-0.42985 -0.26231 23.82878 0 7.95000 14.45000 22.00271 0.11277 -13
0.54621 -0.17467 2.43055 0 5.02500 -17.90000 2.14047 0.11604 13
-0.85762 0.10478 6.35542 0 -3.27500 24.67500 4.83570 0.13314 13
1.68387 -0.23150 69.20758 0 7.00000 -50.35000 36.02284 0.19861 -13
0.18035 -0.22577 50.42370 0 6.82500 -6.72500 49.66114 0.10483 -13
-0.64456 0.03928 8.98091 0 -1.25000 21.12500 7.55042 0.11989 13
0.57047 -0.11436 9.26329 0 3.40000 -18.32500 8.05869 0.11650 13
-1.33458 -0.02352 26.08275 0 0.75000 39.00000 15.64314 0.16772 -13
-1.33456 -0.02352 26.08275 0 0.75000 39.02500 15.64314 0.16796 -13
0.98169 -0.19525 42.49869 0 5.90000 -31.35000 30.60455 0.14250 -13
0.86306 0.02879 14.82979 0 -0.82500 -29.45000 11.22889 0.13305 -13
1.60039 0.05990 71.10320 0 -1.80000 -48.62500 37.72634 0.19013 -13
-0.03416 -0.23778 9.41560 0 7.22500 2.32500 9.41040 0.10362 -13
1.81275 0.05439 61.98076 0 -1.65000 -55.52500 29.97245 0.20856 13
-0.07280 -0.19284 76.87068 0 5.82500 1.47500 76.67503 0.10283 -13
-0.03163 -0.20759 8.03609 0 6.32500 0.52500 8.03223 0.10295 -13
-0.37383 0.01981 56.40851 0 -0.60000 11.32500 52.83838 0.10753 13
1.78162 -0.01797 50.96309 0 0.55000 -52.27500 24.94699 0.20576 -13
0.83688 0.07949 93.22581 0 -2.40000 -25.57500 71.58594 0.13156 13
0.10584 0.05431 73.21743 0 -1.65000 -4.02500 72.81200 0.10142 13
-0.93359 0.03638 71.88609 0 -1.10000 29.70000 52.56200 0.13781 -13
0.29524 0.12566 39.35074 0 -3.77500 -8.67500 37.76385 0.10575 -13
0.30375 -0.27425 39.35074 0 8.27500 -8.92500 37.76385 0.10882 -13
-0.62280 -0.13397 3.28972 0 4.22500 18.80000 2.79919 0.11956 -13
-1.46528 -0.05123 83.96365 0 1.52500 45.95000 47.37264 0.17872 13
-1.99723 -0.22934 45.71214 0 6.90000 61.22500 20.88768 0.22607 13
1.91539 0.13605 31.76940 0 -4.12500 -58.65000 14.80958 0.21805 13
1.96263 -0.26340 31.76940 0 7.90000 -60.05000 14.80958 0.22334 13
0.10198 0.05383 41.71515 0 -1.62500 -4.25000 41.50050 0.10137 13
-0.12961 -0.19629 74.53527 0 5.92500 3.10000 73.93969 0.10345 13
1.65957 -0.07915 28.35149 0 2.35000 -49.72500 14.66532 0.19527 13
1.73862 -0.11297 75.28673 0 3.42500 -52.22500 37.71538 0.20231 -13
0.57597 0.11960 18.88897 0 -3.57500 -16.97500 16.39699 0.11682 -13
0.59395 -0.28071 18.88897 0 8.50000 -17.52500 16.39699 0.12045 -13
0.66722 0.01479 41.16488 0 -0.42500 -19.30000 34.24341 0.12107 -13
-0.48494 0.02869 64.99991 0 -0.87500 15.20000 58.49019 0.11196 13
-1.72917 0.13556 98.98533 0 -4.07500 51.87500 49.89299 0.20161 -13
-1.77212 -0.26381 98.98533 0 7.97500 53.17500 49.89299 0.20664 -13
2.15800 -0.15794 96.90154 0 4.75000 -63.25000 41.15670 0.24003 13
-0.46980 -0.20565 90.01390 0 6.20000 11.92500 81.77169 0.11317 13
0.06494 0.06108 16.11335 0 -1.80000 -2.62500 16.07958 0.10110 -13
0.99356 0.10034 86.15727 0 -3.02500 -32.20000 61.27106 0.14231 -13
-0.30476 -0.19954 77.63888 0 6.02500 9.47500 74.38755 0.10718 -13
-0.25094 0.05353 21.93171 0 -1.65000 8.75000 21.27398 0.10397 13
-0.57024 0.11865 49.85464 0 -3.60000 15.02500 43.38176 0.11655 13
-0.58833 -0.28176 49.85464 0 8.47500 15.57500 43.38176 0.12022 13
1.27905 -0.08951 8.37619 0 2.60000 -38.75000 5.17204 0.16371 13
-0.57815 -0.21407 97.70902 0 6.45000 16.75000 85.05774 0.11830 13
-0.45236 -0.03194 77.81598 0 0.95000 13.27500 70.90556 0.11057 13
0.74844 0.04927 81.22486 0 -1.50000 -20.60000 65.05692 0.12588 13
1.41920 -0.00190 34.50945 0 0.02500 -45.35000 19.87691 0.17484 13
-1.59344 0.09157 84.67151 0 -2.77500 47.55000 45.14279 0.18968 13
0.21319 -0.07634 31.50961 0 2.27500 -6.45000 30.82101 0.10326 13
1.47987 -0.12118 2.75157 0 3.35000 -45.05000 1.54846 0.18018 13
-0.53192 -0.09348 28.98649 0 2.80000 16.00000 25.61586 0.11444 13
-0.23765 0.05102 7.01002 0 -1.60000 8.85000 6.82056 0.10366 13
0.02298 0.04918 90.28494 0 -1.50000 -2.35000 90.26116 0.10085 13
0.23730 -0.15883 48.89938 0 4.80000 -6.65000 47.60931 0.10473 -13
-0.90204 0.12716 69.32341 0 -3.82500 27.87500 51.66025 0.13622 -13
-0.92752 -0.27268 69.32341 0 8.22500 28.65000 51.66025 0.14008 -13
-1.03634 -0.06220 37.47855 0 1.90000 29.57500 26.04995 0.14517 -13
-0.95955 -0.19743 66.60049 0 5.95000 28.20000 48.49375 0.14096 13
0.37884 0.01515 95.70925 0 -0.45000 -12.67500 89.50325 0.10770 13
0.66285 -0.08285 42.08346 0 2.52500 -20.82500 35.11432 0.12111 -13
0.75101 0.00140 57.51663 0 -0.02500 -22.87500 45.99108 0.12594 -13
0.19167 0.08492 4.13391 0 -2.45000 -9.52500 4.06050 0.10290 -13
-0.88102 -0.15976 92.67494 0 4.82500 27.00000 69.91887 0.13517 13
-0.77566 -0.10995 7.95683 0 3.25000 23.70000 6.30121 0.12790 13
-0.61097 -0.24837 65.31873 0 7.50000 16.25000 56.18421 0.12064 -13
0.94014 0.14222 97.64671 0 -4.30000 -30.65000 71.47627 0.13896 13
0.96098 -0.25687 97.64671 0 7.75000 -31.27500 71.47627 0.14203 13
-0.01343 0.03584 12.24643 0 -1.05000 4.47500 12.24533 0.10078 -13
0.04079 -0.07891 62.54875 0 2.37500 -2.40000 62.49708 0.10110 13
0.21298 0.08861 35.28023 0 -2.67500 -6.62500 34.51246 0.10335 13
-0.45825 -0.02437 38.18880 0 0.72500 14.02500 34.71894 0.11080 13
0.67306 -0.16884 52.21889 0 5.07500 -20.10000 43.50882 0.12257 13
0.81663 -0.18268 85.51308 0 5.52500 -26.25000 66.66613 0.13131 -13
-1.24152 -0.14077 33.63335 0 4.22500 37.52500 21.22363 0.16114 13
-0.86502 0.10182 63.40683 0 -3.07500 24.87500 48.06062 0.13355 13
0.20905 -0.05782 87.42241 0 1.75000 -5.42500 85.57853 0.10304 13
1.96978 -0.16976 92.08420 0 5.10000 -62.17500 42.15632 0.22311 13
-0.20719 -0.19883 22.46949 0 6.02500 6.90000 22.01953 0.10479 -13
1.45878 0.04683 6.21403 0 -1.55000 -41.60000 3.51624 0.17823 13
1.13880 -0.07356 89.53431 0 2.20000 -36.95000 59.16747 0.15280 13
-0.05451 -0.19635 73.09985 0 5.92500 1.20000 72.99549 0.10277 13
-1.18674 0.05771 96.61375 0 -1.75000 36.50000 62.31679 0.15639 13
0.58404 -0.07657 30.73557 0 2.32500 -18.72500 26.56014 0.11688 -13
0.02273 0.10395 36.01728 0 -3.15000 -0.27500 36.00807 0.10128 13
0.50578 0.02272 48.92296 0 -0.67500 -14.95000 43.65892 0.11287 -13
-0.41913 -0.06896 42.69735 0 2.07500 12.60000 39.39232 0.10941 13
-0.22657 0.11991 99.15413 0 -3.62500 6.22500 96.73671 0.10396 -13
-0.23363 -0.28037 99.15413 0 8.45000 6.42500 96.73671 0.10720 -13
0.74568 -0.23551 10.70836 0 7.17500 -25.12500 8.66629 0.12790 -13
0.24246 -0.12096 47.52561 0 3.65000 -6.12500 46.20603 0.10433 13
-0.63781 -0.13346 86.04853 0 4.02500 18.32500 72.73268 0.12020 -13
0.49711 -0.14262 5.49106 0 4.40000 -13.50000 4.92702 0.11344 -13
0.39302 -0.09403 42.08687 0 2.85000 -10.90000 39.19295 0.10862 -13
-1.49851 -0.21924 56.15053 0 6.62500 45.15000 31.67515 0.18278 -13
0.23137 0.00944 41.06814 0 -0.30000 -5.80000 40.01127 0.10337 13
1.01243 0.01177 81.89413 0 -0.37500 -27.90000 57.55111 0.14331 13
0.30180 -0.18549 42.01209 0 5.60000 -7.42500 40.27615 0.10684 -13
-1.34801 -0.06288 84.19156 0 1.90000 42.97500 50.22413 0.16914 13
0.87436 -0.19389 52.22995 0 5.82500 -25.27500 39.63226 0.13518 13
-0.51730 -0.05027 41.50931 0 1.50000 14.87500 36.87824 0.11349 13
0.03435 0.12398 52.25715 0 -3.75000 1.90000 52.22683 0.10154 13
0.03536 -0.27608 52.25715 0 8.32500 1.85000 52.22683 0.10452 13
1.93071 0.02257 68.04573 0 -0.67500 -57.22500 31.30144 0.21897 -13
-1.07355 -0.03235 45.85144 0 0.95000 33.35000 31.26104 0.14778 13
-0.67760 0.11289 29.77126 0 -3.37500 22.57500 24.69502 0.12217 -13
-0.41868 0.05497 16.09452 0 -1.62500 11.30000 14.84919 0.10931 -13
0.48924 -0.15119 82.56656 0 4.55000 -13.22500 74.32688 0.11314 13
-0.04290 -0.21227 24.58358 0 6.42500 -1.60000 24.56207 0.10306 -13
0.53290 -0.19646 47.34594 0 5.92500 -17.82500 41.95611 0.11581 13
-0.32668 0.10981 83.46165 0 -3.30000 9.15000 79.38116 0.10651 -13
-2.01916 -0.12306 44.29819 0 3.67500 61.02500 19.77888 0.22722 13
-0.00187 0.07420 46.75190 0 -2.22500 -2.32500 46.75182 0.10098 -13
-0.03633 -0.05327 63.00673 0 1.60000 1.27500 62.96530 0.10091 13
0.36937 -0.06943 12.81094 0 2.12500 -8.32500 12.02076 0.10759 -13
-0.69742 0.12891 77.89719 0 -3.87500 19.97500 64.06455 0.12346 -13
-0.71661 -0.27082 77.89719 0 8.17500 20.55000 64.06455 0.12687 -13
-0.78730 -0.11089 48.79060 0 3.32500 24.52500 38.42492 0.12865 13
0.84510 -0.15904 5.59651 0 4.92500 -27.45000 4.29646 0.13293 -13
0.37899 0.14702 74.02339 0 -4.45000 -10.35000 69.31133 0.10871 13
0.38667 -0.25186 74.02339 0 7.60000 -10.57500 69.31133 0.11090 13
-0.45371 -0.06155 82.34141 0 1.85000 15.07500 75.00875 0.11075 13
-0.05287 0.03808 62.93347 0 -1.15000 1.42500 62.84582 0.10092 -13
1.42519 -0.22917 48.59250 0 6.90000 -42.67500 28.38904 0.17681 13
0.90565 -0.24384 20.84334 0 7.40000 -28.77500 15.64833 0.13810 -13
1.14791 -0.07432 87.24512 0 2.25000 -35.02500 57.39731 0.15350 -13
-0.75979 0.02607 31.84449 0 -0.77500 22.17500 25.35858 0.12650 -13
0.57777 -0.11446 29.20691 0 3.47500 -16.65000 25.33058 0.11688 -13
1.02400 -0.07069 32.77013 0 2.10000 -30.65000 22.92501 0.14430 13
-0.04469 0.08623 8.56783 0 -2.65000 4.25000 8.55934 0.10120 13
0.35977 0.12041 72.88163 0 -3.65000 -10.30000 68.63452 0.10771 13
0.37091 -0.27986 72.88163 0 8.42500 -10.62500 68.63452 0.11104 13
0.20798 0.14216 37.63480 0 -4.27500 -8.20000 36.86155 0.10384 -13
0.21259 -0.25692 37.63480 0 7.77500 -8.32500 36.86155 0.10617 -13
-0.50522 0.01423 95.97143 0 -0.42500 17.77500 85.66147 0.11283 -13
0.61555 0.04990 44.97044 0 -1.52500 -18.15000 38.30951 0.11836 13
0.44440 -0.05140 15.08375 0 1.50000 -14.15000 13.78598 0.11032 13
-0.39134 -0.16388 68.05272 0 4.92500 10.92500 63.48311 0.10938 13
-0.26684 -0.22154 93.36626 0 6.70000 8.07500 90.35056 0.10659 -13
0.10640 -0.09503 98.05988 0 2.85000 -2.15000 97.51435 0.10172 13
-1.37933 -0.23739 31.80265 0 7.20000 41.10000 19.00212 0.17325 -13
-0.29208 -0.14258 71.32820 0 4.30000 9.50000 68.52107 0.10589 -13
0.14718 0.10645 70.75838 0 -3.20000 -5.12500 70.01251 0.10235 -13
0.33734 -0.21744 19.21848 0 6.52500 -9.55000 18.25221 0.10849 13
1.55902 -0.00133 4.77482 0 -0.15000 -49.50000 2.57829 0.18654 13
-1.07136 -0.13566 3.04381 0 3.87500 33.12500 2.08719 0.14815 13
-0.88274 -0.03367 94.75361 0 1.00000 27.45000 71.05438 0.13437 13
-0.75827 -0.19764 19.51236 0 6.00000 21.52500 15.65641 0.12796 -13
0.13260 0.04963 76.43383 0 -1.50000 -4.45000 75.77216 0.10170 13
-0.03854 0.04664 17.67138 0 -1.42500 -0.47500 17.65835 0.10089 13
-0.33879 0.14044 90.91510 0 -4.25000 9.80000 86.19343 0.10727 13
-0.34655 -0.25873 90.91510 0 7.80000 10.02500 86.19343 0.10972 13
0.17960 0.00419 26.92232 0 -0.10000 -7.20000 26.49836 0.10232 -13
1.41691 -0.24236 80.44077 0 7.30000 -43.67500 47.26687 0.17633 13
-0.69039 -0.03803 83.47192 0 1.15000 20.42500 68.70769 0.12243 -13
-0.83103 -0.05068 49.05852 0 1.52500 23.47500 37.75075 0.13103 13
1.04081 -0.19926 35.86576 0 6.02500 -29.20000 25.10023 0.14674 -13
-0.63218 -0.15442 81.16744 0 4.65000 18.80000 68.83643 0.12014 13
-0.11810 -0.19278 35.81453 0 5.82500 4.00000 35.57612 0.10325 -13
-0.58035 -0.20563 10.32477 0 6.15000 16.22500 8.97587 0.11822 13
-0.29404 0.04082 21.84934 0 -1.20000 11.17500 20.96332 0.10504 -13
1.46503 -0.05103 36.61674 0 1.52500 -42.75000 20.66169 0.17869 13
0.74762 -0.07260 77.37196 0 2.20000 -21.42500 62.02724 0.12595 -13
-0.43774 -0.02533 1.75296 0 0.45000 13.20000 1.60601 0.11013 13
-1.40921 -0.12822 81.21734 0 3.87500 45.37500 47.25650 0.17450 -13
-1.63057 -0.23078 85.64852 0 6.97500 50.62500 45.62248 0.19404 -13
0.50486 -0.16836 56.00443 0 5.10000 -13.72500 50.13479 0.11408 -13
1.27268 0.08414 26.40908 0 -2.57500 -38.27500 16.35198 0.16323 13
-0.49031 -0.20438 88.67248 0 6.17500 15.42500 79.92806 0.11403 -13
0.28297 -0.16908 21.11403 0 5.12500 -8.15000 20.33731 0.10601 -13
-0.19236 -1.73664 21.11403 0 5.15000 -8.15000 20.33731 0.10611 -13
0.10802 1.13981 21.11403 0 6.00000 -8.00000 20.33731 0.10971 -13
0.96848 -0.04130 21.20793 0 1.22500 -28.15000 15.24038 0.14025 13
-0.46887 0.08387 34.35469 0 -2.52500 13.95000 31.12473 0.11154 -13
-0.53137 -0.23154 58.24829 0 6.97500 16.87500 51.72777 0.11639 13
0.07508 0.01028 37.62477 0 -0.30000 -4.70000 37.51919 0.10099 -13
0.78724 -0.01545 98.04738 0 0.45000 -20.47500 77.04312 0.12817 13
-1.12932 0.03875 20.01640 0 -1.20000 35.20000 13.27582 0.15196 13
2.10452 -0.09647 80.51836 0 2.90000 -62.82500 34.68779 0.23483 13
1.15485 0.14788 62.23469 0 -4.45000 -32.42500 40.99054 0.15455 -13
1.17784 -0.25096 62.23469 0 7.57500 -33.12500 40.99054 0.15766 -13
0.84552 -0.04120 17.82402 0 1.27500 -24.15000 13.61582 0.13195 -13
1.12452 0.14731 33.89536 0 -4.42500 -34.70000 22.65900 0.15225 -13
1.14715 -0.25164 33.89536 0 7.60000 -35.40000 22.65900 0.15536 -13
-0.76267 -0.01409 11.86398 0 0.47500 23.22500 9.43403 0.12666 -13
0.90044 -0.23713 53.50634 0 7.17500 -26.52500 40.24470 0.13761 -13
-1.08681 -0.16466 16.13939 0 5.00000 35.07500 11.00680 0.14969 -13
-2.00203 0.04298 53.84694 0 -1.32500 58.50000 24.07887 0.22540 13
-1.48773 -0.09992 97.08437 0 3.02500 45.30000 54.34393 0.18081 -13
0.45984 -0.01292 38.57506 0 0.37500 -15.62500 35.04766 0.11085 13
2.10237 -0.05153 76.48434 0 1.57500 -62.45000 32.88852 0.23451 -13
2.03212 0.08567 64.76039 0 -2.60000 -59.50000 28.67829 0.22825 13
-0.20127 -0.21989 31.51570 0 6.65000 5.27500 30.92390 0.10509 -13
-1.90920 0.11694 35.77321 0 -3.50000 55.77500 16.68769 0.21732 -13
-0.15377 -0.21412 61.17126 0 6.47500 1.30000 60.49130 0.10415 -13
-0.62290 -0.12574 85.08387 0 3.80000 21.10000 72.37650 0.11932 -13
-1.25971 -0.01312 20.64969 0 0.35000 37.70000 12.83927 0.16198 13
1.78991 -0.13130 67.98956 0 3.95000 -53.87500 33.37647 0.20689 13
-0.73750 -0.17937 52.11342 0 5.42500 24.25000 42.17318 0.12643 -13
-2.06271 0.13539 19.02539 0 -4.02500 63.57500 8.36059 0.23119 -13
-0.11002 0.08973 26.93273 0 -2.70000 2.57500 26.77249 0.10171 -13
-0.69905 -0.02470 10.28200 0 0.80000 20.75000 8.42788 0.12291 -13
1.30351 0.02188 24.86660 0 -0.70000 -39.97500 15.13756 0.16547 13
1.53193 -0.09757 25.24547 0 2.97500 -47.12500 13.84516 0.18451 -13
-1.67664 0.09459 79.29359 0 -2.87500 52.60000 40.75123 0.19683 13
1.08190 -0.19196 13.14401 0 5.72500 -32.75000 9.00850 0.14957 13
0.71104 -0.01672 7.85305 0 0.42500 -22.37500 6.40022 0.12359 13
1.09608 0.11978 95.05474 0 -3.62500 -31.72500 64.31428 0.14990 13
1.13032 -0.28053 95.05474 0 8.45000 -32.75000 64.31428 0.15457 13
0.61011 -0.24533 86.11007 0 7.40000 -18.77500 74.08120 0.12053 -13
-1.05941 -0.16888 11.91823 0 5.02500 31.97500 8.24235 0.14763 13
-1.66216 -0.06026 88.43137 0 1.80000 53.45000 45.64895 0.19543 13
-0.68583 -0.01019 59.21214 0 0.32500 20.32500 48.83197 0.12212 -13
-0.60259 0.07853 29.95455 0 -2.35000 17.15000 25.67747 0.11783 -13
-1.07035 -0.16858 92.64166 0 5.10000 31.87500 63.71633 0.14849 -13
-1.22542 -0.06238 47.13982 0 1.90000 34.75000 29.83878 0.15941 -13
1.69141 -0.21725 33.89120 0 6.57500 -51.67500 17.54314 0.19912 -13
1.74003 -0.08812 27.64660 0 2.67500 -53.55000 13.81560 0.20231 -13
1.04085 -0.07215 24.05401 0 2.15000 -30.25000 16.68755 0.14553 13
1.10906 -0.11586 27.59281 0 3.52500 -33.85000 18.54593 0.15085 -13
0.10296 -0.16172 71.06948 0 4.87500 -3.87500 70.70520 0.10254 -13
0.74435 -0.11110 41.27436 0 3.32500 -21.02500 33.18133 0.12603 13
-1.39328 0.13831 69.20166 0 -4.17500 43.02500 40.60276 0.17328 13
-1.42640 -0.26100 69.20166 0 7.85000 44.02500 40.60276 0.17737 13
-0.21499 0.13774 45.21533 0 -4.15000 8.90000 44.22357 0.10393 -13
-0.22014 -0.26152 45.21533 0 7.90000 9.05000 44.22357 0.10644 -13
-0.01226 0.07075 54.04859 0 -2.15000 -1.00000 54.04454 0.10096 13
-0.20581 -0.02029 60.53408 0 0.60000 7.10000 59.29185 0.10283 13
0.52155 -0.02476 53.46243 0 0.75000 -16.42500 47.40577 0.11360 13
0.95826 0.02330 63.59854 0 -0.72500 -31.12500 45.92478 0.13950 13
-0.59978 -0.07728 67.85435 0 2.32500 18.62500 58.23609 0.11768 13
-0.41547 -0.02572 16.62413 0 0.75000 11.17500 15.35278 0.10908 13
-0.70421 0.10999 73.88002 0 -3.30000 20.45000 60.52499 0.12366 -13
1.53922 -0.02965 81.27153 0 0.90000 -45.70000 44.29011 0.18487 -13
-0.03983 0.14493 60.22398 0 -4.37500 0.42500 60.17719 0.10183 -13
-0.04067 -0.25403 60.22398 0 7.67500 0.45000 60.17719 0.10399 -13
0.58571 -0.23697 36.75446 0 7.17500 -17.52500 31.93277 0.11914 -13
-0.33344 -0.03489 81.62019 0 1.05000 8.15000 77.43395 0.10621 13
-0.95974 -0.02232 41.29739 0 0.65000 30.05000 29.79914 0.13959 13
1.85918 -0.00902 83.01810 0 0.25000 -56.62500 39.32693 0.21259 13
-0.85374 0.00287 47.48802 0 -0.07500 26.65000 36.11596 0.13241 -13
0.52122 -0.11717 37.24998 0 3.52500 -15.15000 33.08044 0.11417 13
1.80744 -0.17471 23.38615 0 5.22500 -55.97500 11.45158 0.20871 13
1.02828 -0.20389 41.52492 0 6.17500 -29.52500 29.25167 0.14591 -13
-0.06820 -0.11429 60.45106 0 3.45000 0.02500 60.31278 0.10160 -13
-2.20214 -0.07068 48.30413 0 2.15000 64.55000 20.01275 0.24362 -13
-0.91791 0.02484 33.37484 0 -0.72500 27.07500 24.59043 0.13671 -13
-0.88476 0.00293 89.06243 0 -0.07500 27.62500 66.70308 0.13446 -13
-0.36513 0.13802 36.31742 0 -4.17500 11.25000 34.15218 0.10811 13
-0.37384 -0.26127 36.31742 0 7.87500 11.50000 34.15218 0.11067 13
0.96395 0.00080 96.52595 0 -0.02500 -29.50000 69.49508 0.13988 13
-0.26671 0.13242 54.09132 0 -3.97500 9.25000 52.29440 0.10506 -13
-0.27369 -0.26713 54.09132 0 8.07500 9.45000 52.29440 0.10782 -13
-0.51455 -0.00029 46.55088 0 -0.00000 14.55000 41.39278 0.11325 13
-0.90664 0.08826 87.53967 0 -2.67500 26.05000 64.96656 0.13622 13
0.72669 -0.04724 32.47848 0 1.45000 -22.25000 26.28402 0.12458 -13
-0.71143 -0.07543 49.42016 0 2.30000 25.80000 40.30797 0.12382 -13
0.73884 0.12746 65.66817 0 -3.82500 -20.35000 52.96560 0.12586 -13
0.75960 -0.27235 65.66817 0 8.22500 -20.97500 52.96560 0.12941 -13
0.55049 -0.14263 7.93675 0 4.37500 -14.42500 6.96887 0.11590 -13
0.16139 -0.15828 41.90286 0 4.77500 -3.90000 41.38035 0.10325 -13
-0.36165 0.11588 77.96929 0 -3.50000 11.77500 73.37812 0.10772 13
-0.76293 0.14366 38.47398 0 -4.35000 21.47500 30.70341 0.12750 13
-0.77944 -0.25539 38.47398 0 7.67500 21.97500 30.70341 0.13022 13
