1.25128 -0.13743 68.86696 0 4.15000 -37.35000 43.23917 0.16191 -13
-0.00434 -0.13763 20.74263 0 4.17500 -1.22500 20.74244 0.10166 -13
-2.04681 -0.13194 70.96984 0 4.00000 62.02500 31.37083 0.22981 -13
0.31804 -0.07232 94.48901 0 2.17500 -10.75000 90.06616 0.10592 13
-0.69581 -0.19704 15.08879 0 5.90000 19.75000 12.46161 0.12425 13
-0.50444 -0.20248 37.95838 0 6.10000 15.10000 34.02696 0.11461 13
-0.98828 0.02964 7.60337 0 -0.80000 28.25000 5.40938 0.14161 -13
1.22420 0.04868 3.66205 0 -1.25000 -35.95000 2.31800 0.15930 -13
1.29451 -0.24340 21.54801 0 7.37500 -40.40000 13.41092 0.16658 -13
0.77380 -0.15503 20.56003 0 4.70000 -22.05000 16.33278 0.12830 -13
1.15434 -0.07957 82.12736 0 2.40000 -35.27500 53.87185 0.15400 13
1.00748 0.00554 11.64604 0 -0.10000 -29.50000 8.20504 0.14294 -13
-0.07731 0.05007 87.74615 0 -1.52500 2.57500 87.48574 0.10113 13
-0.16680 0.02590 83.28158 0 -0.80000 3.02500 82.14744 0.10213 13
-0.83860 0.10919 87.56245 0 -3.30000 25.85000 67.25716 0.13189 13
-0.37820 -0.20093 47.53123 0 6.05000 10.77500 44.56622 0.10954 13
-0.24729 -0.00344 18.93125 0 0.12500 6.02500 18.37761 0.10374 -13
-0.85893 -0.03874 11.75310 0 1.22500 26.15000 8.91877 0.13282 -13
-1.21460 -0.13635 60.15061 0 4.12500 36.75000 38.44218 0.15904 -13
1.31576 -0.24841 74.92744 0 7.50000 -39.92500 46.19719 0.16831 -13
1.58460 -0.15870 13.06028 0 4.72500 -48.65000 7.03255 0.18930 13
-0.95147 0.06622 75.91306 0 -2.00000 31.75000 55.05372 0.13916 13
0.41733 0.01895 84.60318 0 -0.57500 -12.47500 78.07910 0.10914 13
0.29074 -0.16746 53.68540 0 5.05000 -8.50000 51.60576 0.10623 -13
-0.15181 0.07765 30.81013 0 -2.32500 5.67500 30.46314 0.10215 -13
-0.55236 0.09291 39.27278 0 -2.80000 13.40000 34.41116 0.11542 -13
0.67633 -0.15800 10.51866 0 4.82500 -18.52500 8.74640 0.12265 -13
-1.89739 -0.13651 48.01057 0 4.15000 55.00000 22.54688 0.21644 -13
0.17597 0.03990 50.84721 0 -1.22500 -5.50000 50.07892 0.10233 13
0.17082 -0.16621 48.61397 0 5.00000 -7.55000 47.93818 0.10352 13
-1.34149 0.07455 36.90332 0 -2.22500 38.25000 22.09925 0.16863 -13
-1.49995 0.01265 43.59732 0 -0.35000 45.95000 24.18559 0.18154 -13
1.00289 -0.12723 19.20578 0 3.87500 -31.47500 13.61426 0.14324 -13
0.56857 -0.10168 37.15659 0 3.07500 -17.97500 32.34095 0.11630 -13
0.56398 -0.15721 3.95986 0 4.60000 -17.90000 3.45902 0.11666 13
1.02863 -0.18159 77.32593 0 5.47500 -33.77500 54.34839 0.14562 13
-0.16650 0.13617 66.91139 0 -4.10000 5.45000 66.01885 0.10300 -13
-0.17060 -0.26318 66.91139 0 7.95000 5.57500 66.01885 0.10554 -13
0.77107 -0.12741 49.32606 0 3.85000 -23.50000 39.17914 0.12781 -13
-1.79727 -0.04814 96.51310 0 1.45000 53.50000 46.96679 0.20717 13
1.27322 0.04410 51.06726 0 -1.35000 -35.97500 31.56235 0.16310 13
-0.57486 -0.20153 51.25360 0 6.10000 14.72500 44.65163 0.11792 -13
1.55282 -0.00529 46.77343 0 0.17500 -47.90000 25.32521 0.18599 -13
1.55765 -0.10107 48.41513 0 3.07500 -47.67500 26.25004 0.18670 -13
1.97530 0.10205 65.71733 0 -3.10000 -58.55000 29.80435 0.22322 13
0.16947 -0.03114 22.28427 0 0.95000 -3.82500 21.97128 0.10219 -13
-1.25221 -0.19624 54.10783 0 5.90000 38.40000 34.15308 0.16257 13
0.48608 0.09003 25.07848 0 -2.70000 -14.57500 22.57238 0.11233 -13
1.32225 -0.12903 55.53490 0 3.90000 -43.00000 33.67526 0.16746 -13
0.76071 -0.22293 74.85029 0 6.72500 -19.45000 60.09656 0.12851 -13
-1.13477 0.04222 5.21893 0 -1.12500 35.12500 3.45198 0.15238 -13
-0.40879 0.12470 8.20493 0 -3.82500 11.80000 7.60329 0.10955 13
-0.42074 -0.27551 8.20493 0 8.25000 12.15000 7.60329 0.11266 13
-0.45521 -0.07708 61.83271 0 2.32500 13.90000 56.30476 0.11091 13
0.43097 0.02750 38.77455 0 -0.82500 -8.97500 35.61046 0.10969 -13
-1.28757 0.01903 13.82825 0 -0.62500 38.05000 8.48287 0.16420 13
0.40725 0.14505 70.25019 0 -4.37500 -9.30000 65.15762 0.10970 -13
0.41583 -0.25390 70.25019 0 7.67500 -9.57500 65.15762 0.11202 -13
-0.22931 -0.18428 90.63486 0 5.55000 7.12500 88.41437 0.10497 13
1.32191 0.11688 69.38993 0 -3.52500 -38.10000 42.04364 0.16734 -13
0.71127 -0.24668 53.58790 0 7.42500 -20.50000 44.09549 0.12604 13
0.04067 0.12267 47.03204 0 -3.70000 -2.82500 46.99376 0.10154 -13
0.04191 -0.27742 47.03204 0 8.37500 -2.85000 46.99376 0.10460 -13
0.40453 0.04307 84.55627 0 -1.30000 -11.00000 78.39556 0.10872 -13
1.27564 -0.03379 53.90163 0 1.02500 -37.90000 33.26639 0.16327 -13
-0.65967 0.13408 21.75538 0 -4.02500 21.47500 18.20848 0.12138 -13
-0.67647 -0.26538 21.75538 0 8.02500 21.97500 18.20848 0.12452 -13
1.48590 0.14179 89.54969 0 -4.27500 -44.70000 50.34045 0.18093 13
1.51909 -0.25734 89.54969 0 7.75000 -45.70000 50.34045 0.18496 13
-1.19901 -0.23340 87.81806 0 7.05000 35.60000 57.12408 0.15898 -13
-0.51044 -0.16417 36.54572 0 4.97500 16.72500 32.63914 0.11428 -13
0.18809 0.09590 23.77081 0 -2.92500 -2.87500 23.36484 0.10293 13
-0.86725 -0.16089 42.11322 0 4.82500 26.12500 31.98908 0.13427 13
0.89428 -0.04208 61.49111 0 1.27500 -26.92500 45.85369 0.13517 -13
0.71744 -0.18609 89.03119 0 5.62500 -19.52500 72.75425 0.12535 -13
-0.09634 0.05746 36.63858 0 -1.75000 2.02500 36.47029 0.10134 13
0.30189 -0.11676 20.46113 0 3.50000 -9.12500 19.59897 0.10584 13
1.12684 -0.08223 79.92524 0 2.47500 -33.90000 53.15083 0.15194 13
-0.93881 -0.12429 28.27363 0 3.72500 27.17500 20.68755 0.13868 13
0.50821 -0.12805 51.73525 0 3.85000 -14.22500 46.19731 0.11369 13
-0.87906 -0.11528 42.78905 0 3.45000 26.25000 32.22966 0.13458 13
-0.95703 0.07177 48.00673 0 -2.17500 28.22500 34.72516 0.13958 13
1.80536 -0.10235 3.91277 0 2.82500 -54.35000 1.90326 0.20801 13
1.12737 -0.18534 43.15316 0 5.60000 -34.35000 28.90492 0.15292 -13
-0.07794 0.08190 68.97295 0 -2.47500 1.67500 68.76580 0.10134 -13
-0.71118 -0.03617 35.82982 0 1.07500 19.87500 29.20508 0.12362 13
0.50388 0.04213 36.98470 0 -1.27500 -15.42500 33.03455 0.11285 13
0.60115 0.04930 77.20869 0 -1.47500 -17.32500 66.19354 0.11760 -13
-0.85282 -0.01995 30.66953 0 0.62500 24.02500 23.33771 0.13237 -13
-0.64170 0.05826 37.03431 0 -1.77500 18.55000 31.18433 0.11981 13
2.05838 0.00356 91.98139 0 -0.10000 -61.82500 40.19421 0.23044 -13
-2.07556 -0.06080 95.54299 0 1.82500 64.30000 41.53128 0.23209 13
-1.05302 -0.19114 72.20913 0 5.77500 30.40000 50.19147 0.14745 -13
0.01219 -0.58224 72.20913 0 5.77500 30.40000 50.19147 0.14750 -13
0.35730 0.98664 72.20913 0 7.30000 30.52500 50.19147 0.15426 -13
-0.77059 0.61246 72.20913 0 -3.72500 30.10000 50.19147 0.15948 -13
-0.00836 0.51218 72.20913 0 -3.70000 30.07500 50.19147 0.17691 -13
1.01695 1.28964 72.20913 0 -3.65000 28.65000 50.19147 0.19251 -13
1.46701 0.34435 72.20913 0 -3.02500 30.07500 50.19147 0.20161 -13
-1.25619 -0.14041 85.69742 0 4.25000 39.27500 53.69216 0.16231 -13
-0.33730 -0.18720 51.96964 0 5.62500 11.87500 49.32933 0.10793 13
1.23705 -0.07195 60.52430 0 2.17500 -35.60000 38.10862 0.16035 -13
1.55992 0.07121 45.96993 0 -2.17500 -47.47500 24.85389 0.18674 13
-0.67503 -0.11129 24.31296 0 3.32500 20.75000 20.19028 0.12200 13
-2.11992 -0.09576 64.90862 0 2.90000 62.52500 27.79582 0.23624 -13
-0.97665 -0.14323 55.36494 0 4.32500 27.47500 39.80413 0.14152 -13
0.78966 0.10895 75.36545 0 -3.27500 -23.77500 59.28114 0.12878 -13
-1.99503 0.08507 1.95845 0 -1.97500 62.70000 0.87983 0.22497 -13
-0.32695 0.09452 88.79114 0 -2.85000 7.80000 84.43110 0.10637 -13
1.63184 0.10465 51.82572 0 -3.15000 -51.62500 27.18679 0.19301 -13
0.21017 0.06080 99.58452 0 -1.82500 -5.05000 97.46298 0.10308 -13
1.44815 -0.06376 29.91826 0 1.90000 -42.27500 17.02370 0.17733 13
1.04472 -0.21494 11.48192 0 6.55000 -31.92500 8.03235 0.14731 -13
-0.20510 -0.11407 89.14662 0 3.45000 5.05000 87.35148 0.10344 -13
0.36834 -0.14528 3.88877 0 4.25000 -11.65000 3.65369 0.10828 13
-0.14173 -0.21644 90.24262 0 6.52500 4.22500 89.38907 0.10402 13
1.99376 -0.20174 38.02062 0 6.12500 -60.15000 17.31886 0.22557 -13
0.25666 0.08965 32.59178 0 -2.72500 -5.75000 31.57638 0.10436 13
0.18960 -0.05114 68.95219 0 1.52500 -5.77500 67.74831 0.10263 13
-1.86007 -0.02295 69.58879 0 0.67500 54.45000 32.95863 0.21267 13
-1.39252 0.07334 56.21729 0 -2.22500 44.40000 32.84975 0.17281 13
1.99305 -0.18506 98.41465 0 5.57500 -62.85000 44.73016 0.22532 13
0.03770 -0.16526 52.41304 0 4.97500 -2.75000 52.37681 0.10214 13
0.44197 -0.08515 2.25335 0 2.82500 -16.32500 2.06249 0.11062 -13
0.34049 0.00358 63.00361 0 -0.10000 -12.05000 59.64124 0.10638 -13
1.69513 0.01507 10.10541 0 -0.35000 -50.97500 5.13490 0.19821 -13
0.83380 0.02092 6.72255 0 -0.52500 -25.52500 5.16358 0.13114 -13
-0.28441 -0.22727 35.83168 0 6.87500 8.07500 34.52842 0.10718 -13
-0.02344 0.08231 77.99240 0 -2.47500 1.90000 77.97114 0.10107 -13
0.68477 -0.19033 84.06653 0 5.72500 -21.32500 69.75317 0.12354 13
0.64806 -0.04014 68.28855 0 1.20000 -18.55000 57.32082 0.12007 13
0.68409 0.10259 95.32484 0 -3.10000 -18.30000 78.80816 0.12244 13
0.97186 -0.23796 81.93617 0 7.17500 -26.02500 59.53865 0.14245 13
-0.45234 -0.12704 89.86465 0 3.85000 14.70000 81.98863 0.11126 -13
0.71308 0.01593 96.09229 0 -0.47500 -20.92500 78.24158 0.12370 13
-0.60842 0.12386 62.46419 0 -3.72500 18.42500 53.47275 0.11853 -13
-0.62640 -0.27616 62.46419 0 8.35000 18.97500 53.47275 0.12205 -13
1.55713 -0.00181 37.88607 0 0.07500 -49.50000 20.47237 0.18636 -13
0.39411 -0.05598 97.25507 0 1.67500 -15.95000 90.50063 0.10838 13
-1.37161 0.11055 29.99956 0 -3.35000 40.45000 17.74316 0.17132 13
-0.54908 -0.19495 11.55589 0 5.82500 17.15000 10.17257 0.11652 13
-0.96223 0.06585 80.33267 0 -2.00000 27.30000 57.94652 0.13992 13
1.62099 -0.24608 89.61835 0 7.42500 -49.90000 48.05766 0.19341 -13
1.05688 0.02738 78.99192 0 -0.82500 -32.65000 54.30148 0.14655 13
-1.51284 -0.23014 84.91145 0 6.92500 48.00000 47.66387 0.18408 13
-0.12762 0.04303 70.03714 0 -1.30000 5.65000 69.47474 0.10161 13
-1.01955 -0.13659 18.83427 0 4.15000 30.55000 13.25012 0.14450 -13
1.73833 -0.23290 40.08791 0 7.05000 -53.67500 20.38751 0.20335 -13
1.71821 -0.22722 83.20267 0 6.87500 -51.40000 42.64109 0.20152 -13
2.10441 0.05557 79.07989 0 -1.65000 -63.35000 33.98347 0.23469 -13
-0.93447 0.05187 2.50631 0 -1.30000 26.45000 1.83259 0.13798 -13
-1.57922 0.04186 7.78941 0 -1.37500 48.92500 4.17018 0.18832 13
-0.91862 -0.21243 99.81318 0 6.40000 29.07500 74.24392 0.13840 13
-1.20353 -0.15665 83.78529 0 4.72500 35.42500 53.92817 0.15837 -13
0.54340 0.10891 17.08087 0 -3.32500 -13.20000 15.02788 0.11516 13
-2.03544 -0.23385 25.46621 0 7.10000 60.60000 11.47089 0.22968 -13
0.41897 -0.21392 44.18297 0 6.47500 -11.92500 40.88470 0.11130 -13
-0.57834 -0.10460 76.73497 0 3.15000 17.97500 66.51648 0.11681 -13
-1.29229 -0.08507 91.76676 0 2.57500 36.87500 56.28643 0.16478 -13
-1.07634 -0.19390 38.01211 0 5.87500 32.90000 26.12794 0.14926 -13
-0.63704 0.13115 24.80832 0 -3.92500 19.72500 20.97478 0.12012 -13
-0.65396 -0.26843 24.80832 0 8.12500 20.25000 20.97478 0.12335 -13
-0.99925 -0.13406 9.50024 0 3.97500 30.87500 6.74973 0.14297 13
0.93067 -0.12245 84.90964 0 3.67500 -27.82500 62.37048 0.13812 13
1.05441 -0.01243 67.32374 0 0.37500 -33.70000 46.33027 0.14634 13
-0.10398 -0.00996 77.89064 0 0.30000 3.62500 77.47297 0.10125 -13
-0.04763 -0.24305 42.98283 0 7.35000 3.72500 42.93684 0.10375 -13
-0.38139 -0.02585 48.88189 0 0.77500 12.00000 45.67513 0.10781 13
-0.32241 -0.08028 12.66696 0 2.37500 9.47500 12.05931 0.10611 13
-0.08842 -0.01645 74.05133 0 0.50000 1.20000 73.76361 0.10111 13
1.99197 -0.19233 27.21097 0 5.77500 -59.02500 12.38480 0.22526 13
1.59391 -0.22501 85.29047 0 6.77500 -49.85000 46.13273 0.19081 13
0.14559 0.06898 10.03646 0 -2.12500 -4.55000 9.93223 0.10202 13
-2.16441 0.08288 66.47951 0 -2.52500 61.72500 27.96244 0.24024 13
-0.76297 0.01704 79.28448 0 -0.50000 23.80000 63.03647 0.12668 -13
-1.85882 -0.14759 2.25104 0 3.97500 55.00000 1.07532 0.21288 13
0.46588 -0.07961 31.79534 0 2.42500 -16.35000 28.83720 0.11139 -13
-0.28006 -0.16220 66.87953 0 4.90000 8.17500 64.46170 0.10585 -13
-0.91156 -0.03416 34.52609 0 1.05000 27.30000 25.52285 0.13631 -13
0.08107 0.06617 58.60406 0 -2.00000 -4.25000 58.41326 0.10125 13
-1.68338 -0.17921 2.39206 0 5.82500 51.20000 1.23677 0.19858 -13
1.03456 0.01972 2.39206 0 5.47500 62.55000 1.23677 0.35638 -13
0.32202 0.02799 13.91253 0 -0.87500 -8.77500 13.24331 0.10584 13
0.57785 -0.07220 19.83735 0 2.20000 -18.32500 17.18716 0.11654 -13
-0.91330 0.11092 84.40038 0 -3.32500 29.52500 62.49332 0.13684 -13
0.37635 -0.05865 72.49937 0 1.77500 -10.95000 67.86782 0.10776 -13
-0.33811 0.06329 78.33281 0 -1.90000 9.00000 74.22125 0.10649 -13
0.63064 -0.15662 29.01875 0 4.75000 -18.35000 24.62957 0.12011 -13
-1.36812 -0.09402 23.75663 0 2.87500 42.15000 14.05834 0.17095 -13
-0.39601 -0.06117 14.76285 0 1.87500 11.60000 13.72925 0.10850 -13
-0.12053 0.07326 39.74099 0 -2.20000 4.17500 39.45689 0.10169 -13
1.91092 -0.08369 68.17587 0 2.50000 -56.55000 31.69755 0.21735 13
0.59000 0.08777 6.22692 0 -2.55000 -19.75000 5.36795 0.11725 -13
-0.84564 -0.23252 6.35860 0 7.12500 26.25000 4.90862 0.13406 -13
0.48711 -0.12413 37.26483 0 3.72500 -14.15000 33.55046 0.11270 13
0.76136 -0.05876 3.13303 0 1.97500 -25.02500 2.49403 0.12685 -13
-1.83075 -0.18808 36.78024 0 5.65000 56.50000 17.86895 0.21088 13
-0.66520 -0.19592 80.27651 0 5.92500 21.15000 67.22079 0.12255 -13
-0.97108 0.13744 60.60143 0 -4.12500 27.95000 43.67265 0.14105 -13
-0.99447 -0.26184 60.60143 0 7.90000 28.67500 43.67265 0.14446 -13
-0.69363 -0.00043 72.53005 0 0.02500 23.15000 59.59665 0.12256 -13
0.11386 -0.04181 31.62106 0 1.27500 -5.57500 31.41841 0.10144 -13
1.65461 -0.23992 2.92063 0 6.90000 -50.22500 1.54201 0.19580 13
-1.48606 -0.05013 88.42873 0 1.50000 48.60000 49.41130 0.18045 13
1.24669 0.09906 73.38951 0 -2.97500 -37.52500 46.05665 0.16125 -13
0.44564 0.13780 53.18207 0 -4.15000 -13.85000 48.65203 0.11112 -13
0.45631 -0.26147 53.18207 0 7.90000 -14.17500 48.65203 0.11379 -13
0.53912 -0.12182 68.05288 0 3.67500 -15.87500 60.00093 0.11507 -13
-0.86563 -0.06333 33.33835 0 1.92500 27.75000 25.22757 0.13335 -13
0.35767 -0.05755 90.28342 0 1.75000 -10.90000 85.02555 0.10711 -13
-0.00575 -0.04436 87.10922 0 1.32500 -0.30000 87.10779 0.10080 13
-1.03626 0.10617 77.38516 0 -3.20000 29.97500 53.89250 0.14542 13
1.02385 0.03513 86.40450 0 -1.05000 -29.25000 60.39151 0.14417 -13
-2.03504 -0.20239 20.27667 0 6.15000 60.00000 9.08722 0.22935 -13
-0.10119 -0.03997 38.94243 0 1.22500 2.57500 38.74493 0.10130 -13
-0.26571 0.04397 47.68832 0 -1.35000 8.17500 46.09198 0.10430 13
0.64855 0.04600 25.58389 0 -1.40000 -18.52500 21.47159 0.12013 13
-0.82286 -0.24458 68.31288 0 7.37500 22.80000 53.36173 0.13271 13
-0.15281 -0.23619 42.10499 0 7.12500 1.00000 41.64711 0.10462 -13
-0.90222 -0.21108 74.27607 0 6.35000 24.67500 55.68375 0.13728 13
1.78451 0.13246 61.78152 0 -4.00000 -53.50000 30.40220 0.20645 13
1.83113 -0.26713 61.78152 0 8.05000 -54.90000 30.40220 0.21179 13
-0.22100 0.11734 33.17907 0 -3.55000 4.17500 32.40769 0.10381 13
-0.24147 0.11892 63.50136 0 -3.57500 5.82500 61.75099 0.10428 -13
-0.24910 -0.28142 63.50136 0 8.50000 6.05000 61.75099 0.10753 -13
0.01906 0.00251 65.32727 0 -0.07500 -2.62500 65.31541 0.10072 -13
0.07647 0.14073 86.92840 0 -4.25000 -2.72500 86.68022 0.10199 13
0.07822 -0.25843 86.92840 0 7.80000 -2.77500 86.68022 0.10430 13
-1.37073 0.14634 26.57469 0 -4.37500 42.40000 15.77112 0.17147 -13
-1.39885 -0.25252 26.57469 0 7.65000 43.25000 15.77112 0.17506 -13
-0.68022 0.06830 47.52287 0 -2.05000 19.60000 39.32275 0.12198 -13
-0.54424 -0.01271 4.32781 0 0.52500 13.40000 3.80128 0.11471 -13
0.61353 -0.01497 78.11425 0 0.45000 -21.62500 66.58426 0.11814 -13
0.09452 0.00197 41.47563 0 -0.07500 -4.75000 41.29160 0.10116 13
-0.54212 0.08856 54.48298 0 -2.65000 18.15000 47.93987 0.11489 -13
-0.64268 -0.08522 91.11921 0 2.57500 21.87500 76.73500 0.12001 13
1.18897 -0.07723 3.10146 0 2.10000 -35.25000 1.99959 0.15668 13
-1.98873 -0.11520 27.93719 0 3.45000 59.77500 12.61735 0.22442 13
-0.91049 -0.12920 94.92290 0 3.90000 28.00000 70.45089 0.13681 13
-1.28121 -0.03881 27.36020 0 1.15000 37.35000 16.84311 0.16370 13
0.49650 -0.11989 8.34027 0 3.55000 -16.47500 7.48073 0.11306 13
0.34120 -0.18903 25.60766 0 5.72500 -10.77500 24.27936 0.10811 -13
-0.27789 0.04788 33.23904 0 -1.42500 8.62500 32.02806 0.10463 -13
-0.47886 -0.00841 67.42542 0 0.25000 13.90000 60.81296 0.11165 13
-1.78652 -0.18886 36.22209 0 5.72500 54.75000 17.92828 0.20709 -13
-1.58351 0.05679 2.24172 0 -1.32500 47.90000 1.19773 0.18888 -13
-0.01881 -0.19519 35.41874 0 5.87500 -0.87500 35.41271 0.10261 13
-1.22439 0.12154 70.92933 0 -3.65000 37.32500 45.06479 0.15966 -13
-1.26172 -0.27861 70.92933 0 8.42500 38.45000 45.06479 0.16455 -13
0.82582 -0.08787 44.59908 0 2.62500 -23.15000 34.44222 0.13090 13
-0.29721 0.02256 61.55717 0 -0.67500 8.62500 59.00741 0.10509 13
-0.09104 -0.23978 30.11391 0 7.22500 2.52500 29.99658 0.10395 13
-0.32030 0.12448 79.37077 0 -3.75000 10.20000 75.64183 0.10648 -13
-0.32969 -0.27551 79.37077 0 8.32500 10.47500 75.64183 0.10961 -13
-2.00189 0.10250 31.11084 0 -3.05000 59.87500 13.96016 0.22557 -13
0.14467 0.00871 38.22869 0 -0.25000 -2.95000 37.83486 0.10176 -13
1.60786 0.05712 46.57170 0 -1.70000 -45.37500 24.62548 0.19075 -13
-1.53569 -0.11634 50.40104 0 3.52500 45.15000 27.63236 0.18493 -13
-0.61431 0.01573 55.05819 0 -0.47500 19.52500 46.91510 0.11820 13
0.37645 -0.05269 95.20954 0 1.57500 -10.90000 89.12038 0.10773 13
1.11804 -0.05705 91.02101 0 1.70000 -36.90000 60.73544 0.15116 13
1.19778 -0.18753 34.75387 0 5.67500 -35.75000 22.49998 0.15828 -13
-0.24671 -0.05280 53.13236 0 1.57500 8.20000 51.58976 0.10386 13
0.44459 -0.10066 41.50056 0 3.05000 -17.67500 37.95306 0.11068 -13
0.15847 -0.12629 89.72809 0 3.80000 -5.35000 88.63932 0.10275 13
0.43475 0.03094 13.69541 0 -0.97500 -10.97500 12.56075 0.10986 13
-0.18725 -0.12432 76.05964 0 3.75000 6.15000 74.77963 0.10322 13
-1.10363 -0.24060 89.55409 0 7.27500 37.30000 61.05536 0.15194 -13
-0.47082 -0.09531 36.90207 0 2.90000 12.67500 33.41440 0.11172 -13
-0.81455 -0.16656 73.37732 0 5.02500 22.00000 57.20118 0.13096 13
0.16714 0.03313 80.04550 0 -1.00000 -7.70000 78.95148 0.10215 -13
-1.53262 0.08479 18.30997 0 -2.60000 42.02500 10.03008 0.18452 13
0.40101 -0.21337 65.93075 0 6.45000 -14.42500 61.37940 0.11060 -13
-0.16208 -0.19700 36.10121 0 5.95000 4.67500 35.65331 0.10394 -13
0.19033 -0.20626 85.90737 0 6.22500 -6.57500 84.45275 0.10459 13
-1.14169 -0.21816 84.60494 0 6.57500 32.55000 56.47572 0.15440 13
0.85498 0.01107 21.64947 0 -0.37500 -26.22500 16.45551 0.13250 13
-0.36963 -0.15423 95.24680 0 4.65000 8.95000 89.46406 0.10848 -13
-0.17397 -0.23619 90.78254 0 7.12500 5.40000 89.50864 0.10495 -13
-0.61938 0.00657 65.78229 0 -0.20000 19.30000 55.92466 0.11846 -13
-0.36994 -0.19050 11.50742 0 5.80000 8.67500 10.81542 0.10911 -13
0.05225 -0.06632 64.54677 0 2.00000 -4.47500 64.45921 0.10106 -13
-0.75198 -0.05629 60.45154 0 1.70000 20.90000 48.34286 0.12613 -13
1.14725 -0.00204 19.20892 0 0.10000 -32.35000 12.62166 0.15326 -13
-0.04078 -0.04141 24.52171 0 1.27500 -0.35000 24.50138 0.10088 -13
-1.85989 0.07683 16.30657 0 -2.25000 56.15000 7.74015 0.21276 -13
-0.01283 -0.02973 25.65005 0 0.87500 -0.45000 25.64794 0.10075 13
-0.13504 0.04425 30.86199 0 -1.32500 3.30000 30.58491 0.10171 -13
-0.15218 -0.04906 57.75878 0 1.47500 6.92500 57.10305 0.10198 -13
-0.72545 -0.08389 8.98612 0 2.45000 21.47500 7.28233 0.12469 13
-0.39129 0.07417 11.33342 0 -2.20000 11.02500 10.55823 0.10838 -13
1.95786 -0.07070 83.38354 0 2.12500 -53.65000 38.00321 0.22149 13
-0.98165 0.11192 63.05771 0 -3.37500 27.37500 45.13682 0.14156 -13
-0.14859 -0.02344 12.14789 0 0.67500 5.10000 12.01607 0.10184 13
-0.34237 -0.10421 33.88986 0 3.12500 6.90000 32.08085 0.10695 13
0.49919 -0.11893 21.18508 0 3.60000 -14.90000 18.98073 0.11320 -13
0.41375 -0.05756 9.03108 0 1.80000 -13.30000 8.34714 0.10915 -13
-0.06371 -0.01095 97.23170 0 0.32500 1.77500 97.03495 0.10092 13
0.77601 0.07420 31.41330 0 -2.25000 -21.52500 24.84267 0.12769 13
1.05206 0.01780 14.24032 0 -0.57500 -31.47500 9.81184 0.14618 13
-0.69625 -0.01763 29.02970 0 0.50000 17.52500 23.82516 0.12272 13
-0.03382 -0.10729 84.38332 0 3.22500 5.80000 84.33567 0.10134 13
-0.09498 -0.16329 72.93496 0 4.92500 2.65000 72.61665 0.10249 -13
0.14834 0.03499 19.45398 0 -1.07500 -4.77500 19.24372 0.10187 13
0.83257 0.06768 20.32183 0 -2.07500 -23.32500 15.63224 0.13122 13
-1.10731 -0.08991 34.68634 0 2.72500 34.65000 23.29909 0.15054 -13
0.37361 -0.02504 54.74432 0 0.77500 -13.57500 51.28390 0.10754 -13
-0.57900 -0.24413 99.63594 0 7.35000 17.50000 86.84071 0.11893 13
0.40662 -0.09673 96.38088 0 2.92500 -9.10000 89.34108 0.10914 13
0.77373 0.07573 82.00669 0 -2.30000 -20.17500 64.92851 0.12756 13
-0.22623 0.07958 2.18172 0 -2.17500 6.60000 2.12830 0.10362 -13
1.35412 -0.07915 84.51379 0 2.40000 -39.77500 50.30785 0.16971 -13
1.39167 -0.01784 23.68146 0 0.50000 -42.70000 13.82009 0.17259 13
-0.51833 -0.05699 56.53776 0 1.72500 15.47500 50.21269 0.11357 -13
0.21892 0.04444 11.37381 0 -1.37500 -7.87500 11.11120 0.10320 13
-1.31442 -0.08283 26.69964 0 2.52500 38.12500 16.20194 0.16653 -13
-0.65053 0.13892 14.43753 0 -4.22500 18.87500 12.13642 0.12097 13
-0.66576 -0.26035 14.43753 0 7.80000 19.32500 12.13642 0.12375 13
-2.04799 -0.10994 88.32260 0 3.32500 61.17500 38.94224 0.22978 -13
1.77283 -0.17149 38.36906 0 5.15000 -52.40000 19.05856 0.20567 13
0.45492 -0.10326 50.30747 0 3.10000 -13.12500 45.83328 0.11112 13
0.41334 0.12600 30.85308 0 -3.82500 -11.05000 28.54589 0.10971 13
0.42521 -0.27396 30.85308 0 8.25000 -11.40000 28.54589 0.11284 13
0.04659 -0.16093 35.42984 0 4.87500 -4.02500 35.39242 0.10212 -13
0.36537 0.04828 77.75718 0 -1.47500 -10.82500 73.04501 0.10732 13
-0.51327 0.00569 59.05267 0 -0.17500 12.45000 52.53681 0.11319 13
-0.64568 -0.11185 46.29220 0 3.37500 20.75000 38.96085 0.12040 -13
-0.30719 0.06711 97.13170 0 -2.02500 6.02500 92.86764 0.10557 13
0.65571 -0.18481 91.83939 0 5.57500 -21.67500 77.18519 0.12185 13
1.01512 0.07111 50.97993 0 -2.15000 -29.47500 35.82223 0.14369 13
-0.53971 -0.16104 77.47511 0 4.87500 17.00000 68.37441 0.11558 -13
0.30946 0.10752 32.12058 0 -3.22500 -9.85000 30.70018 0.10597 -13
0.34913 0.14541 57.06075 0 -4.40000 -10.52500 53.93245 0.10767 13
0.35642 -0.25354 57.06075 0 7.65000 -10.72500 53.93245 0.10991 13
0.81692 -0.05233 57.30326 0 1.60000 -23.47500 44.40186 0.13015 -13
0.16007 -0.09761 16.23254 0 2.97500 -0.70000 16.03044 0.10247 -13
0.30234 0.07741 43.09070 0 -2.35000 -10.35000 41.25700 0.10550 13
0.48146 -0.00061 11.87753 0 -0.02500 -15.77500 10.70162 0.11177 13
0.69395 -0.17319 44.62063 0 5.22500 -21.15000 36.83315 0.12382 -13
-0.78580 -0.19356 97.71157 0 5.85000 21.92500 77.36414 0.12955 -13
-0.44806 -0.04782 93.53670 0 1.45000 14.30000 85.37607 0.11045 -13
0.68030 -0.16737 25.76610 0 5.02500 -22.72500 21.39575 0.12295 13
0.90226 -0.06760 39.96124 0 2.02500 -25.95000 29.69971 0.13580 13
1.80232 0.13986 86.90194 0 -4.20000 -52.20000 42.47420 0.20803 -13
1.84396 -0.25930 86.90194 0 7.82500 -53.47500 42.47420 0.21287 -13
-0.94332 0.10445 33.21901 0 -3.17500 29.32500 24.22598 0.13885 13
2.11595 0.14504 80.44179 0 -4.35000 -61.62500 34.66445 0.23612 -13
2.16052 -0.25389 80.44179 0 7.67500 -63.00000 34.66445 0.24113 -13
1.84743 0.10265 77.39276 0 -3.10000 -52.97500 36.99151 0.21181 13
0.64673 -0.04238 17.73028 0 1.30000 -20.37500 14.89172 0.12001 -13
-1.44373 -0.00684 36.19806 0 0.22500 43.25000 20.61125 0.17686 -13
0.16513 0.07484 86.29144 0 -2.25000 -3.67500 85.14478 0.10234 -13
-1.10445 -0.08095 17.22459 0 2.47500 34.42500 11.58166 0.15028 -13
-1.49959 0.06276 56.82121 0 -1.87500 46.75000 31.56742 0.18162 -13
0.86002 0.11520 25.09330 0 -3.45000 -25.72500 19.07817 0.13332 -13
-0.93919 -0.02030 67.90989 0 0.60000 29.55000 49.50573 0.13817 13
-0.30151 0.12274 76.10026 0 -3.70000 9.10000 72.90559 0.10591 13
-0.31057 -0.27739 76.10026 0 8.35000 9.37500 72.90559 0.10908 13
-0.57558 0.02255 76.64739 0 -0.70000 17.22500 66.43372 0.11621 13
-0.17697 -0.09335 64.49686 0 2.82500 5.00000 63.51833 0.10271 -13
-0.28603 -0.13249 70.43442 0 4.00000 7.55000 67.76280 0.10559 -13
-1.16101 -0.17831 22.38687 0 5.42500 36.40000 14.74180 0.15537 -13
-0.19162 -0.02699 43.81473 0 0.82500 6.10000 43.03239 0.10257 -13
-0.54774 -0.11238 37.03897 0 3.40000 14.95000 32.53229 0.11538 -13
-2.71817 -1.46702 37.03897 0 4.40000 -32.07500 32.53229 0.58630 -13
-9.42352 -5.13413 37.03897 0 3.90000 -44.37500 32.53229 0.64758 -13
16.21405 30.96934 37.03897 0 4.20000 -44.85000 32.53229 0.65223 -13
1.22646 -0.09517 38.94685 0 2.85000 -35.57500 24.67824 0.15964 13
1.48519 -0.04637 84.26968 0 1.40000 -43.95000 47.10058 0.18036 13
1.83642 0.06706 54.73482 0 -2.00000 -54.27500 26.22141 0.21067 -13
0.23620 0.05854 41.36038 0 -1.75000 -8.15000 40.25642 0.10364 -13
-0.09717 -0.04758 75.04136 0 1.45000 1.75000 74.69040 0.10129 -13
-0.30866 -0.24172 79.06850 0 7.30000 7.70000 75.73351 0.10817 -13
-0.77295 -0.16428 57.00939 0 4.95000 21.20000 45.32907 0.12834 13
-0.91806 -0.19131 32.22291 0 5.80000 26.17500 23.93064 0.13807 -13
0.11215 -0.17700 40.85346 0 5.32500 -3.60000 40.60665 0.10288 13
-1.64872 0.11732 37.04668 0 -3.57500 47.40000 19.30857 0.19457 13
-0.15901 0.14887 87.68791 0 -4.47500 6.52500 86.62308 0.10306 -13
-0.16212 -0.24992 87.68791 0 7.55000 6.62500 86.62308 0.10508 -13
1.07825 -0.04423 10.85194 0 1.27500 -32.20000 7.38329 0.14815 13
-1.60889 0.03907 95.13399 0 -1.17500 49.40000 50.24793 0.19080 -13
0.90313 -0.00502 34.71074 0 0.17500 -29.47500 25.76011 0.13569 -13
-0.35063 -0.21179 64.38663 0 6.37500 8.80000 60.90326 0.10882 13
-0.95453 -0.07117 37.80606 0 2.12500 29.95000 27.38034 0.13939 13
-0.91976 -0.08653 43.69003 0 2.60000 27.00000 32.21157 0.13709 13
1.15199 -0.07046 68.33732 0 2.12500 -36.60000 44.86022 0.15378 13
-0.80941 -0.02442 6.46621 0 0.82500 24.10000 5.02685 0.12960 -13
1.59735 0.00826 11.58478 0 -0.17500 -44.57500 6.14767 0.18978 -13
-0.63683 0.06988 59.80225 0 -2.12500 19.27500 50.47766 0.11960 13
0.07580 0.08900 92.59257 0 -2.67500 -1.05000 92.32980 0.10139 -13
2.03929 -0.11551 7.29821 0 3.65000 -62.22500 3.23049 0.22919 -13
0.48993 0.12709 42.71381 0 -3.85000 -13.32500 38.41700 0.11287 13
0.50378 -0.27279 42.71381 0 8.22500 -13.72500 38.41700 0.11604 13
-0.70089 -0.04497 37.94602 0 1.35000 22.22500 31.08439 0.12305 13
-1.58010 0.11127 99.74382 0 -3.37500 46.55000 53.57430 0.18865 13
1.55593 -0.02930 90.63829 0 0.90000 -46.17500 49.01998 0.18628 -13
-0.35965 0.00727 35.85835 0 -0.22500 10.67500 33.74272 0.10702 13
0.39936 -0.04501 22.52757 0 1.37500 -11.42500 20.92390 0.10854 -13
1.18007 -0.09147 75.06726 0 2.77500 -36.40000 48.64828 0.15604 -13
-0.52148 -0.06257 21.86252 0 1.87500 15.25000 19.39320 0.11374 13
0.46536 -0.03224 67.45918 0 0.97500 -16.02500 61.16660 0.11113 13
1.35822 0.13635 49.21186 0 -4.12500 -39.65000 29.35114 0.17042 13
1.39156 -0.26305 49.21186 0 7.92500 -40.65000 29.35114 0.17456 13
-1.44679 -0.18557 32.83989 0 5.57500 41.42500 18.88584 0.17807 13
0.90465 -0.15460 95.76569 0 4.65000 -27.85000 71.39392 0.13669 13
-0.88240 0.04082 20.60545 0 -1.27500 24.32500 15.45601 0.13437 13
-1.97590 0.07750 24.18642 0 -2.30000 60.82500 10.94739 0.22312 -13
-0.03729 -0.16929 88.62022 0 5.10000 2.22500 88.56041 0.10220 13
0.68024 -0.02011 12.29638 0 0.55000 -18.55000 10.16761 0.12181 13
0.89230 -0.22159 25.49456 0 6.65000 -29.00000 19.22282 0.13677 13
-0.18505 -0.13180 59.86730 0 3.97500 5.05000 58.88445 0.10327 13
-0.96605 0.12667 15.51979 0 -3.77500 29.50000 11.20458 0.14058 -13
-0.99348 -0.27314 15.51979 0 8.30000 30.32500 11.20458 0.14466 -13
0.53141 -0.11737 15.34109 0 3.57500 -13.85000 13.56720 0.11467 -13
0.70667 -0.10763 65.02414 0 3.25000 -19.75000 53.20458 0.12378 13
0.76730 0.00074 14.70747 0 -0.05000 -25.65000 11.66856 0.12693 13
-0.52746 -0.24088 87.97079 0 7.25000 15.50000 78.27864 0.11640 13
-0.46750 -0.07268 58.86317 0 2.20000 13.62500 53.34893 0.11141 -13
1.49509 0.10906 34.16952 0 -3.27500 -44.80000 19.07526 0.18144 -13
0.66957 0.09391 42.94945 0 -2.82500 -20.37500 35.73654 0.12156 -13
-0.99788 0.07679 74.12420 0 -2.32500 32.70000 52.54626 0.14248 13
1.31430 -0.01276 13.19069 0 0.45000 -37.55000 7.98760 0.16633 -13
0.52594 -0.24426 69.54568 0 7.35000 -13.00000 61.93062 0.11622 13
0.52594 -0.24426 69.54568 0 7.35000 -13.00000 61.93062 0.11640 13
1.49267 -0.05395 2.30754 0 2.02500 -45.22500 1.28573 0.18133 -13
-0.10999 -0.02008 71.05944 0 0.60000 2.27500 70.63359 0.10133 -13
-0.48141 -0.06007 50.16895 0 1.80000 14.55000 45.21897 0.11193 13
0.74541 -0.15426 9.29620 0 4.72500 -23.55000 7.48460 0.12661 -13
0.47751 -0.11319 99.28235 0 3.40000 -13.17500 89.69737 0.11217 13
-0.80579 -0.10041 94.90667 0 3.02500 25.60000 74.04596 0.12972 13
-0.20411 -0.19214 44.01060 0 5.80000 4.40000 43.15233 0.10459 -13
1.42233 -0.05003 82.37433 0 1.50000 -43.77500 47.41747 0.17516 13
0.07212 -0.05986 13.96359 0 1.85000 -3.17500 13.92753 0.10115 -13
-0.32548 0.03035 14.05391 0 -0.95000 8.37500 13.36451 0.10595 13
-1.52776 -0.07226 39.00144 0 2.20000 47.45000 21.39843 0.18403 -13
1.90601 -0.23465 54.86953 0 7.10000 -61.00000 26.03007 0.21807 -13
1.55147 0.00801 6.81372 0 -0.10000 -47.15000 3.69171 0.18589 -13
0.15996 -0.18901 98.05935 0 5.70000 -4.25000 96.86995 0.10374 13
-0.32437 0.03952 71.54484 0 -1.17500 9.30000 68.05910 0.10594 -13
-0.21029 0.06131 70.70430 0 -1.85000 7.12500 69.19641 0.10309 -13
0.06166 0.07886 45.09636 0 -2.37500 -2.05000 45.01140 0.10120 -13
1.81888 -0.05297 6.45603 0 1.75000 -54.55000 3.11350 0.20919 -13
1.02369 -0.07296 29.22852 0 2.22500 -30.42500 20.45172 0.14431 -13
1.00631 -0.24375 89.82949 0 7.35000 -31.32500 64.23152 0.14496 -13
-1.13263 -0.22932 49.22359 0 6.90000 36.47500 33.04616 0.15388 13
-0.58241 -0.16139 75.64305 0 4.85000 16.67500 65.57641 0.11766 13
-0.14019 0.12926 95.53009 0 -3.90000 4.02500 94.61992 0.10252 13
-0.14402 -0.27047 95.53009 0 8.15000 4.15000 94.61992 0.10532 13
1.41346 -0.19163 9.88660 0 5.87500 -42.27500 5.77962 0.17549 -13
-0.26610 0.00160 77.36665 0 -0.05000 7.17500 74.76492 0.10420 -13
1.04205 -0.00084 40.70082 0 0.05000 -30.20000 28.18152 0.14544 -13
0.38550 0.03790 71.72059 0 -1.15000 -12.60000 66.92650 0.10799 13
-0.05032 0.08506 64.92298 0 -2.57500 -0.17500 64.84153 0.10120 13
-0.44745 -0.23422 61.46255 0 7.07500 15.05000 56.34739 0.11282 -13
2.01344 0.11718 2.64670 0 -3.90000 -62.52500 1.18458 0.22689 13
2.07872 -0.28301 2.64670 0 8.17500 -64.20000 1.18458 0.23332 13
0.58408 -0.13581 36.97334 0 4.07500 -15.27500 32.00039 0.11741 13
-0.47053 0.04760 69.99809 0 -1.45000 13.82500 63.34998 0.11140 13
0.74284 -0.12965 56.55729 0 3.92500 -25.20000 45.53519 0.12613 -13
1.23680 -0.21477 55.79789 0 6.50000 -38.35000 35.55921 0.16164 -13
0.17821 -0.13934 31.67517 0 4.20000 -6.42500 31.19311 0.10324 13
-1.53735 -0.20551 16.34431 0 6.25000 46.85000 9.04158 0.18592 -13
0.06910 0.13598 37.53453 0 -4.10000 -1.45000 37.44688 0.10186 -13
0.07081 -0.26338 37.53453 0 7.95000 -1.50000 37.44688 0.10439 -13
-2.10839 0.08556 5.93323 0 -2.40000 63.00000 2.54949 0.23514 -13
0.87023 -0.23008 43.47652 0 6.95000 -23.55000 33.15807 0.13551 -13
1.93747 -0.15410 38.28670 0 4.67500 -60.60000 17.72336 0.22014 -13
0.38657 -0.06795 53.01161 0 2.05000 -7.97500 49.46034 0.10819 -13
-2.11694 -0.21929 67.47787 0 6.62500 62.00000 29.37845 0.23682 -13
-0.15629 0.04773 39.41671 0 -1.42500 5.85000 38.94504 0.10204 -13
0.08102 -0.19403 7.06840 0 5.77500 -4.80000 7.04617 0.10287 13
0.83529 -0.05113 84.76528 0 1.52500 -24.42500 65.09090 0.13131 13
0.90004 -0.03564 4.85972 0 1.22500 -28.37500 3.61323 0.13559 -13
0.24435 -0.01368 47.30328 0 0.40000 -8.45000 45.95157 0.10368 13
1.90376 -0.02071 95.33523 0 0.62500 -57.05000 44.34080 0.21656 13
-0.94776 -0.17722 13.58812 0 5.30000 29.32500 9.93367 0.13987 13
-1.00829 0.07100 31.46411 0 -2.12500 30.45000 22.18433 0.14318 -13
0.35170 0.04077 81.23391 0 -1.22500 -9.80000 76.63964 0.10683 -13
0.49824 -0.07966 11.42188 0 2.35000 -17.20000 10.22931 0.11279 13
-0.77606 -0.11330 69.71266 0 3.40000 25.57500 55.20535 0.12797 13
-1.57828 -0.04242 5.53126 0 1.12500 46.55000 2.96220 0.18822 13
-0.67215 0.07561 72.75745 0 -2.30000 21.85000 60.43753 0.12158 13
0.46288 -0.19699 75.18667 0 5.92500 -12.52500 68.45746 0.11272 13
1.09682 -0.20402 90.14728 0 6.15000 -32.77500 61.40884 0.15087 13
-0.12213 0.12577 50.32597 0 -3.80000 4.85000 49.96052 0.10225 13
-0.12564 -0.27419 50.32597 0 8.25000 4.97500 49.96052 0.10518 13
-0.22423 0.09124 86.12289 0 -2.75000 5.05000 84.05294 0.10362 13
0.52828 0.00264 48.57784 0 -0.10000 -14.47500 42.95273 0.11389 13
-0.51199 0.06325 14.70239 0 -1.95000 13.55000 13.09252 0.11333 13
-0.00807 0.09777 8.05099 0 -3.00000 1.90000 8.05073 0.10122 13
1.85451 -0.19150 64.96881 0 5.75000 -58.07500 31.26767 0.21303 13
-0.39221 0.07867 13.76772 0 -2.40000 11.67500 12.82245 0.10848 13
1.01685 0.00263 16.45289 0 -0.02500 -32.00000 11.53678 0.14362 -13
-1.88693 -0.10816 50.06369 0 3.27500 53.85000 23.54927 0.21537 -13
0.68737 0.02346 19.79796 0 -0.67500 -19.87500 16.31675 0.12222 -13
-0.84079 0.04889 3.96958 0 -1.32500 26.90000 3.03998 0.13166 -13
0.18460 0.09659 81.66068 0 -2.92500 -4.50000 80.31597 0.10287 13
-1.08990 -0.22233 42.93629 0 6.70000 29.62500 29.40613 0.15062 13
-1.91217 -0.24984 10.07327 0 7.42500 58.05000 4.78004 0.21856 13
-1.24467 -0.02732 65.16584 0 0.82500 37.27500 40.82398 0.16081 13
