0.16715 -0.05606 69.99158 0 1.67500 -3.67500 69.03681 0.10225 13
0.18434 -0.16210 97.35595 0 4.90000 -5.57500 95.78307 0.10369 -13
-0.89787 -0.12870 13.94660 0 3.82500 29.17500 10.41509 0.13591 13
-2.98154 3.05985 13.94660 0 3.82500 29.20000 10.41509 0.13597 13
2.81866 -3.25504 13.94660 0 4.02500 40.10000 10.41509 0.19580 13
0.84178 -0.85514 13.94660 0 2.75000 41.05000 10.41509 0.20573 13
0.08560 -0.15213 87.42711 0 4.57500 -2.70000 87.11575 0.10222 13
1.26795 0.12763 99.62142 0 -3.85000 -38.52500 61.99792 0.16313 13
1.30353 -0.27224 99.62142 0 8.20000 -39.60000 61.99792 0.16769 13
0.69058 0.12869 1.37601 0 -3.45000 -20.37500 1.13527 0.12322 -13
-0.27639 -0.15118 62.90162 0 4.55000 9.27500 60.67652 0.10558 13
-1.65140 -0.20167 23.49185 0 6.05000 49.40000 12.34599 0.19542 13
0.60807 -0.06439 3.90198 0 2.10000 -17.90000 3.33580 0.11812 -13
0.99839 -0.19970 70.46445 0 6.02500 -29.40000 50.34984 0.14371 13
-1.74737 -0.13246 46.96966 0 3.97500 53.50000 23.48234 0.20317 13
-1.61405 -0.09611 37.51554 0 2.92500 50.00000 19.82451 0.19147 -13
-1.30900 0.07393 77.93540 0 -2.25000 38.05000 47.39351 0.16606 13
0.46534 -0.12973 47.83228 0 3.90000 -12.57500 43.43089 0.11183 13
-1.57266 -0.23150 10.08554 0 6.87500 43.45000 5.51205 0.18900 13
-0.13727 -0.05542 95.04873 0 1.67500 4.17500 94.16835 0.10180 -13
1.91775 0.00875 14.32731 0 -0.20000 -55.65000 6.62446 0.21780 -13
-0.00550 0.03928 69.26817 0 -1.17500 3.42500 69.26712 0.10078 -13
-1.81196 -0.07176 81.61728 0 2.15000 57.92500 39.51419 0.20853 13
0.99291 -0.17129 61.74656 0 5.15000 -29.15000 44.12990 0.14295 13
0.23918 0.13534 87.39247 0 -4.10000 -8.62500 85.03627 0.10444 13
0.24513 -0.26407 87.39247 0 7.95000 -8.82500 85.03627 0.10704 13
0.15661 -0.24141 81.28242 0 7.27500 -6.87500 80.35656 0.10479 13
-0.09030 -0.10324 12.67726 0 3.07500 4.20000 12.62647 0.10164 13
-0.65857 0.12218 9.11655 0 -3.62500 19.32500 7.63099 0.12118 -13
-0.67841 -0.27783 9.11655 0 8.45000 19.95000 7.63099 0.12494 -13
-1.20574 -0.14300 64.19263 0 4.32500 35.10000 41.22407 0.15843 -13
0.67374 -0.22753 22.55621 0 6.85000 -17.90000 18.85163 0.12355 13
-1.15865 -0.13675 89.63240 0 4.12500 33.70000 58.87455 0.15475 -13
0.05742 0.07321 13.40657 0 -2.25000 -1.90000 13.38466 0.10115 13
-0.54828 0.11835 4.78485 0 -3.45000 17.57500 4.20193 0.11545 -13
0.85745 0.07887 28.31500 0 -2.35000 -23.15000 21.52335 0.13289 -13
0.66183 0.06163 36.02157 0 -1.87500 -19.37500 30.05602 0.12092 13
-1.60810 0.12025 39.82764 0 -3.65000 49.30000 21.14065 0.19109 13
-1.65807 -0.28006 39.82764 0 8.42500 50.80000 21.14065 0.19697 13
-0.91126 -0.11295 17.43153 0 3.45000 28.50000 12.92129 0.13674 -13
-0.32478 -0.09296 80.50026 0 2.80000 9.00000 76.59473 0.10630 -13
1.33897 0.13482 47.05651 0 -4.05000 -39.92500 28.32067 0.16882 -13
1.37265 -0.26460 47.05651 0 8.00000 -40.95000 28.32067 0.17311 -13
-1.74588 0.14838 93.09843 0 -4.47500 53.70000 46.65124 0.20318 13
-1.78029 -0.25045 93.09843 0 7.55000 54.75000 46.65124 0.20716 13
0.61409 0.12969 23.14654 0 -3.87500 -19.45000 19.76876 0.11889 -13
0.63078 -0.27000 23.14654 0 8.17500 -19.95000 19.76876 0.12216 -13
-0.21963 0.10634 74.26422 0 -3.22500 8.22500 72.55403 0.10366 13
-1.34900 0.04381 55.39319 0 -1.30000 40.52500 33.00773 0.16915 -13
0.79768 -0.00863 54.36500 0 0.25000 -23.47500 42.50091 0.12882 13
0.35425 0.03746 68.01928 0 -1.12500 -9.80000 64.12013 0.10690 -13
1.05426 -0.07553 48.94760 0 2.30000 -34.25000 33.73608 0.14653 -13
-0.70270 -0.06009 90.87727 0 1.82500 21.40000 74.39985 0.12323 -13
0.91249 -0.10861 11.22016 0 3.22500 -29.02500 8.31015 0.13674 13
-0.38833 0.10716 55.39341 0 -3.22500 10.20000 51.67520 0.10856 -13
0.59158 -0.08862 67.57923 0 2.67500 -17.50000 58.22253 0.11735 -13
-1.35353 -0.07309 30.68125 0 2.22500 44.25000 18.26319 0.16964 -13
1.79188 0.09070 6.68262 0 -2.87500 -56.05000 3.26649 0.20698 13
-1.22260 -0.02880 31.18961 0 0.90000 36.77500 19.75113 0.15909 -13
-0.31811 0.00682 43.71324 0 -0.22500 10.50000 41.65643 0.10568 13
0.63330 0.05796 62.06048 0 -1.75000 -20.85000 52.45572 0.11934 13
-0.10212 -0.07073 98.81776 0 2.12500 2.22500 98.30902 0.10148 13
0.03421 -0.02795 56.13221 0 0.85000 -2.15000 56.09941 0.10080 -13
-1.88210 -0.02285 12.97398 0 0.60000 57.15000 6.08897 0.21462 13
0.67812 0.03363 75.07605 0 -1.02500 -21.20000 62.14735 0.12173 13
-1.13368 0.12043 24.48823 0 -3.60000 30.30000 16.26516 0.15269 -13
-1.16866 -0.27968 24.48823 0 8.47500 31.37500 16.26516 0.15749 -13
0.90665 -0.09360 18.01733 0 2.77500 -26.47500 13.37414 0.13624 13
0.12735 0.11758 13.89731 0 -3.57500 -3.40000 13.78745 0.10222 13
0.13149 -0.28290 13.89731 0 8.50000 -3.52500 13.78745 0.10542 13
-0.82923 -0.03316 72.40888 0 1.00000 25.10000 55.75099 0.13087 -13
0.71358 -0.22757 25.30176 0 6.85000 -22.82500 20.76877 0.12580 13
-0.87022 0.04603 66.14869 0 -1.37500 25.97500 49.92266 0.13357 -13
1.57713 -0.12419 74.84668 0 3.72500 -48.65000 40.29878 0.18847 13
-1.68082 -0.20759 1.97892 0 6.75000 52.10000 1.02793 0.19895 -13
0.42586 0.13904 71.95475 0 -4.20000 -13.37500 66.29819 0.11035 13
0.43583 -0.26020 71.95475 0 7.85000 -13.67500 66.29819 0.11293 13
-1.67824 0.06716 10.30141 0 -1.95000 50.30000 5.28214 0.19681 -13
0.35973 -0.20537 39.97814 0 6.20000 -12.65000 37.70568 0.10902 -13
-1.44249 0.13933 89.61651 0 -4.20000 44.27500 51.38771 0.17731 -13
-1.47614 -0.25988 89.61651 0 7.85000 45.30000 51.38771 0.18147 -13
-2.15282 -0.23188 89.61651 0 -4.42500 49.45000 51.38771 0.19790 -13
1.76327 -0.71542 89.61651 0 -3.50000 52.47500 51.38771 0.21141 -13
0.83681 0.76410 89.61651 0 -3.57500 55.27500 51.38771 0.23104 -13
-0.17719 -0.92974 89.61651 0 -4.50000 56.07500 51.38771 0.24389 -13
0.02879 1.03740 89.61651 0 -3.47500 56.07500 51.38771 0.24866 -13
0.11933 0.12834 6.97731 0 -3.80000 -2.72500 6.92899 0.10222 -13
0.12238 -0.27115 6.97731 0 8.25000 -2.82500 6.92899 0.10515 -13
0.96864 -0.14365 63.02223 0 4.35000 -31.07500 45.49077 0.14095 -13
-0.16347 -0.06222 64.15313 0 1.87500 3.97500 63.31576 0.10223 13
-0.98680 -0.24765 70.34980 0 7.47500 30.77500 50.80402 0.14367 -13
-1.31323 0.09101 92.50637 0 -2.75000 39.35000 56.18940 0.16648 13
0.88364 0.11724 22.89954 0 -3.50000 -25.45000 17.21136 0.13489 -13
-1.28125 0.02992 99.64944 0 -0.90000 40.20000 61.32788 0.16370 13
-0.51303 -0.18040 5.22305 0 5.55000 13.67500 4.66283 0.11472 -13
0.15389 -0.03400 76.52587 0 1.02500 -3.70000 75.63650 0.10194 13
-0.41515 -0.06756 73.58180 0 2.05000 12.05000 67.98101 0.10925 -13
-0.08250 -0.11142 72.63734 0 3.35000 2.47500 72.39439 0.10166 13
-1.15453 -0.14284 81.82701 0 4.32500 34.10000 53.88171 0.15449 -13
-1.75906 -0.01050 74.92539 0 0.32500 52.30000 37.03003 0.20378 -13
-1.45071 -0.24378 28.02544 0 7.37500 45.12500 16.21685 0.17917 -13
-0.55278 -0.15837 54.28199 0 4.77500 17.52500 47.64323 0.11616 13
-0.14348 -0.02588 89.89676 0 0.77500 5.85000 88.98609 0.10177 13
0.19735 0.01891 56.36350 0 -0.57500 -5.00000 55.29728 0.10266 13
1.14639 0.14879 57.11820 0 -4.47500 -31.80000 37.77990 0.15392 -13
1.16881 -0.24995 57.11820 0 7.55000 -32.47500 37.77990 0.15695 -13
0.18278 -0.21056 43.41020 0 6.32500 -6.35000 42.73217 0.10453 13
0.47746 0.09573 90.92589 0 -2.90000 -13.87500 82.12198 0.11201 13
1.92329 0.05421 39.81803 0 -1.65000 -58.92500 18.38979 0.21837 13
1.13078 -0.17468 74.68657 0 5.27500 -31.45000 49.89266 0.15304 -13
-0.10724 -0.09133 94.15326 0 2.75000 4.57500 93.62092 0.10170 -13
-1.33565 -0.23978 9.34479 0 7.32500 40.25000 5.70067 0.16988 -13
1.73729 -0.16103 10.47257 0 4.95000 -52.42500 5.27427 0.20266 -13
0.14285 -0.02088 45.87027 0 0.65000 -4.12500 45.40952 0.10175 -13
0.50524 0.00918 39.84410 0 -0.27500 -15.42500 35.56301 0.11283 -13
1.82103 -0.17132 36.20317 0 5.15000 -54.35000 17.61972 0.20990 13
1.00339 -0.00037 34.94156 0 -0.00000 -32.07500 24.66584 0.14266 13
1.91233 -0.12368 17.47147 0 3.80000 -57.15000 8.14542 0.21771 -13
0.11947 -0.00451 96.01382 0 0.12500 -2.22500 95.33582 0.10142 13
0.19058 0.10223 85.80624 0 -3.07500 -9.25000 84.30444 0.10303 13
0.40854 -0.07840 85.90435 0 2.35000 -9.77500 79.55805 0.10907 13
-0.30042 -0.01102 61.16086 0 0.35000 8.27500 58.57501 0.10516 -13
1.76900 -0.22904 2.13930 0 6.45000 -55.97500 1.07303 0.20556 13
-1.02606 -0.23245 33.60959 0 7.02500 31.32500 23.77294 0.14619 -13
0.67715 -0.13171 68.66234 0 3.97500 -19.37500 57.00654 0.12235 -13
1.23305 -0.05489 43.28555 0 1.67500 -37.42500 27.28951 0.15998 -13
1.30924 -0.21532 56.01361 0 6.47500 -39.62500 34.48567 0.16730 13
-1.37246 -0.20885 11.59792 0 6.22500 42.55000 6.92206 0.17231 13
-0.29366 -0.12971 9.64229 0 3.97500 11.75000 9.25770 0.10579 -13
0.27079 0.05593 54.40449 0 -1.70000 -5.80000 52.51868 0.10448 13
0.43450 0.11453 7.63470 0 -3.37500 -15.82500 7.00940 0.11039 -13
-1.43607 -0.18925 14.01953 0 5.77500 45.87500 8.10666 0.17731 -13
-0.74509 -0.01874 61.47283 0 0.57500 23.85000 49.29741 0.12560 -13
1.14354 -0.13619 79.03758 0 4.12500 -30.97500 52.29974 0.15360 -13
1.63575 -0.07761 54.76601 0 2.35000 -46.35000 28.62794 0.19323 -13
-1.77641 -0.07357 12.64767 0 2.30000 53.77500 6.21657 0.20548 -13
1.37749 0.05797 78.97560 0 -1.75000 -39.27500 46.44734 0.17152 13
-1.06545 0.06517 64.18512 0 -1.97500 30.95000 43.97463 0.14730 13
0.15284 -0.07567 86.03506 0 2.30000 -5.15000 85.05297 0.10216 -13
0.94590 -0.22852 91.30500 0 6.87500 -25.62500 67.12282 0.14051 13
-0.35602 -0.07953 55.73975 0 2.40000 8.70000 52.52965 0.10719 -13
-0.30344 0.14126 82.99245 0 -4.25000 11.62500 79.48211 0.10619 -13
-0.31028 -0.25786 82.99245 0 7.77500 11.82500 79.48211 0.10860 -13
1.98415 -0.10189 61.28188 0 3.05000 -58.42500 27.69480 0.22397 13
1.96696 -0.13853 90.25978 0 4.17500 -57.72500 41.21509 0.22263 13
-0.96427 0.14436 94.09318 0 -4.35000 31.67500 68.06917 0.14065 13
-0.98483 -0.25464 94.09318 0 7.67500 32.30000 68.06917 0.14364 13
-1.68856 0.06852 89.77093 0 -2.05000 51.92500 45.82370 0.19774 -13
-0.80581 -0.19878 55.06807 0 6.00000 23.82500 43.20404 0.13088 -13
1.27182 -0.21713 74.30909 0 6.55000 -39.17500 46.58215 0.16441 -13
1.15129 0.10258 54.30741 0 -3.10000 -36.45000 35.71920 0.15392 13
0.79120 0.10839 72.17062 0 -3.25000 -26.80000 56.72520 0.12887 -13
2.06388 -0.05887 47.22376 0 1.75000 -62.72500 20.62006 0.23102 13
-0.71140 -0.00729 68.32972 0 0.20000 20.80000 55.67862 0.12358 13
-0.74973 -0.05951 58.25996 0 1.77500 22.07500 46.64362 0.12600 13
0.93955 -0.22218 77.13649 0 6.70000 -28.20000 56.84700 0.13997 13
-0.03819 0.03575 37.23521 0 -1.07500 1.97500 37.20814 0.10084 -13
-0.66801 0.07133 94.92860 0 -2.15000 22.87500 78.99841 0.12132 13
-0.61437 -0.15417 49.47766 0 4.67500 15.55000 42.29186 0.11921 -13
-0.89632 -0.13632 25.99474 0 4.07500 26.32500 19.43701 0.13591 13
-0.55304 -0.08398 16.64873 0 2.50000 15.25000 14.58098 0.11538 13
0.63268 -0.23261 59.88182 0 7.02500 -17.80000 50.97917 0.12146 -13
0.24775 0.04873 21.68784 0 -1.50000 -7.25000 21.05286 0.10387 13
0.96735 -0.18249 68.26684 0 5.50000 -28.75000 49.45272 0.14130 13
0.48500 -0.06479 86.59614 0 1.95000 -17.67500 77.94693 0.11211 13
-1.35721 0.05873 69.96929 0 -1.77500 41.50000 41.55087 0.16987 13
-1.70185 0.14304 30.16469 0 -4.35000 49.75000 15.39641 0.19934 13
-1.73884 -0.25603 30.16469 0 7.70000 50.85000 15.39641 0.20361 13
0.88178 0.01676 68.95862 0 -0.52500 -27.52500 51.72543 0.13427 13
-0.78591 -0.19030 37.75217 0 5.72500 22.67500 29.88229 0.12950 13
-0.18764 0.12302 16.65279 0 -3.75000 7.12500 16.37135 0.10322 13
-0.19356 -0.27750 16.65279 0 8.32500 7.30000 16.37135 0.10627 13
-1.03834 -0.12014 51.18691 0 3.60000 33.90000 35.63943 0.14567 13
1.26960 -0.04720 70.00240 0 1.42500 -38.22500 43.34436 0.16282 -13
0.24723 -0.11659 43.18777 0 3.50000 -4.52500 41.94161 0.10439 13
-0.88242 0.07877 14.88750 0 -2.42500 28.42500 11.17839 0.13455 13
0.61284 -0.11328 36.90216 0 3.42500 -17.72500 31.51789 0.11867 -13
-1.10545 -0.15667 20.51239 0 4.77500 35.65000 13.85267 0.15097 -13
1.13185 -0.15812 39.50349 0 4.75000 -33.57500 26.33697 0.15290 13
-0.49253 -0.05627 16.61880 0 1.67500 15.70000 14.91301 0.11239 13
0.85309 -0.16789 80.26660 0 5.07500 -28.80000 61.42081 0.13344 -13
1.04842 -0.21700 27.27977 0 6.52500 -34.02500 19.05417 0.14750 13
-0.82520 0.14791 16.19814 0 -4.42500 24.00000 12.54806 0.13139 -13
-0.84174 -0.25093 16.19814 0 7.60000 24.52500 12.54806 0.13408 -13
-1.78455 -0.07348 18.46506 0 2.27500 55.07500 9.04502 0.20616 -13
1.52846 -0.22215 71.37623 0 6.70000 -46.17500 39.73675 0.18528 13
-1.64845 0.03222 74.44214 0 -0.95000 50.25000 38.62479 0.19418 -13
0.25623 -0.07008 57.58997 0 2.10000 -9.50000 55.79618 0.10419 13
0.08932 -0.06293 86.18168 0 1.90000 -2.32500 85.84126 0.10130 13
-1.12066 -0.12700 89.97931 0 3.85000 34.77500 60.17473 0.15180 -13
0.80675 -0.11259 57.83381 0 3.40000 -24.92500 45.12353 0.12989 -13
-0.37148 -0.16694 12.67547 0 5.07500 10.72500 11.90163 0.10876 -13
-0.82411 0.14095 17.02228 0 -4.22500 26.70000 13.18843 0.13124 -13
-0.84277 -0.25810 17.02228 0 7.82500 27.27500 13.18843 0.13428 -13
0.19905 -0.17720 78.55979 0 5.35000 -3.32500 77.09346 0.10421 13
0.67319 0.10153 19.81268 0 -3.02500 -19.62500 16.46163 0.12181 -13
0.46329 -0.04121 64.38536 0 1.25000 -13.52500 58.42913 0.11106 -13
-0.31599 0.11306 28.85684 0 -3.42500 9.47500 27.53149 0.10623 13
0.56340 -0.08380 11.61754 0 2.57500 -17.50000 10.13031 0.11591 -13
0.65175 -0.13604 13.06791 0 4.05000 -21.32500 10.97804 0.12096 13
1.30663 -0.07081 87.38149 0 2.12500 -41.15000 53.19066 0.16585 13
0.22514 0.06286 75.42080 0 -1.90000 -8.50000 73.58606 0.10342 -13
-0.60308 -0.23256 38.00542 0 7.00000 17.90000 32.77025 0.11989 13
-0.52207 -0.17371 70.22565 0 5.22500 16.15000 62.44878 0.11494 13
-0.18097 0.10039 50.81313 0 -3.02500 1.70000 50.00904 0.10283 -13
1.30204 0.13943 46.19345 0 -4.22500 -39.57500 28.30766 0.16594 13
1.33238 -0.25982 46.19345 0 7.82500 -40.47500 28.30766 0.16976 13
-0.62635 0.09247 82.39882 0 -2.80000 20.45000 69.91529 0.11919 13
0.86599 -0.20180 40.28144 0 6.07500 -24.52500 30.70911 0.13474 13
-0.58960 0.11061 41.33557 0 -3.35000 16.55000 35.66307 0.11744 13
0.79592 -0.07529 11.64677 0 2.22500 -23.62500 9.12323 0.12891 13
-0.16389 -0.03189 14.92773 0 0.92500 4.35000 14.73145 0.10210 13
-0.17770 0.09846 84.67181 0 -2.95000 3.45000 83.37808 0.10276 -13
1.50799 0.00501 52.66926 0 -0.17500 -45.30000 29.10816 0.18222 13
1.01286 0.02243 45.62832 0 -0.65000 -32.87500 32.06129 0.14335 -13
-0.96226 0.14146 92.49444 0 -4.25000 27.57500 66.96554 0.14047 -13
-0.98389 -0.25764 92.49444 0 7.77500 28.22500 66.96554 0.14364 -13
0.97948 -0.11532 57.93596 0 3.47500 -31.82500 41.52327 0.14143 13
0.73485 0.08213 53.01519 0 -2.47500 -22.47500 42.77130 0.12524 -13
0.60185 -0.00307 26.92413 0 0.07500 -16.40000 23.06841 0.11754 13
-0.15394 -0.21077 65.15717 0 6.35000 6.65000 64.43026 0.10407 13
-0.18009 0.09958 24.37956 0 -2.97500 5.97500 23.99717 0.10281 -13
1.03823 -0.12311 53.40852 0 3.72500 -32.75000 37.19507 0.14570 -13
-0.30098 -0.19727 81.85172 0 5.95000 8.25000 78.50063 0.10702 13
-0.70962 0.10288 68.06211 0 -3.10000 17.35000 55.60377 0.12392 13
1.87622 -0.07341 62.98943 0 2.20000 -57.20000 29.68941 0.21422 13
-0.18752 -0.21402 46.44415 0 6.47500 5.10000 45.68255 0.10471 -13
-0.27017 -0.19173 90.68224 0 5.80000 7.85000 87.64919 0.10609 -13
-0.67911 -0.15676 43.11044 0 4.75000 20.10000 35.79978 0.12275 -13
0.27319 -0.01655 59.62666 0 0.50000 -9.52500 57.51975 0.10441 -13
-1.74797 -0.05461 38.85823 0 1.67500 53.05000 19.31737 0.20288 -13
0.19265 -0.18962 33.90885 0 5.70000 -7.00000 33.31721 0.10431 13
0.75776 -0.07610 5.76187 0 2.40000 -23.95000 4.59701 0.12664 -13
-1.77504 -0.08230 6.58921 0 2.62500 53.50000 3.24346 0.20538 -13
-0.37785 -0.16599 77.61471 0 5.02500 10.45000 72.72666 0.10894 -13
0.82915 -0.16794 30.76042 0 5.07500 -25.30000 23.81308 0.13192 -13
-0.07930 -0.11012 59.99458 0 3.32500 3.00000 59.80906 0.10163 -13
-0.40894 0.09881 19.92508 0 -3.00000 11.95000 18.45532 0.10926 13
-0.21104 -0.05079 43.97452 0 1.55000 7.87500 43.02910 0.10305 -13
0.20871 0.09899 99.43356 0 -3.00000 -6.00000 97.35592 0.10336 13
1.45200 0.10047 59.44968 0 -3.05000 -42.90000 33.83444 0.17784 13
-0.20608 0.04922 9.06565 0 -1.55000 9.12500 8.87958 0.10295 13
-1.11229 -0.03390 2.22855 0 0.70000 32.15000 1.49060 0.15077 13
1.81913 0.04958 37.01531 0 -1.47500 -55.52500 17.84823 0.20908 -13
1.87639 0.14686 36.30919 0 -4.45000 -55.30000 17.21900 0.21466 13
1.91464 -0.25207 36.30919 0 7.57500 -56.42500 17.21900 0.21894 13
0.37976 -0.03872 37.00093 0 1.15000 -11.62500 34.59403 0.10779 13
-0.11818 -0.17920 94.15674 0 5.40000 2.87500 93.52601 0.10300 -13
-0.08932 0.01308 35.40460 0 -0.37500 2.80000 35.26422 0.10111 -13
-0.30575 0.03258 31.85990 0 -0.97500 7.62500 30.46912 0.10535 -13
0.09095 -0.19678 82.42905 0 5.92500 -2.60000 82.10277 0.10304 13
-0.34556 -0.06581 15.16288 0 1.95000 9.30000 14.33456 0.10675 13
0.42964 0.06523 61.73905 0 -1.95000 -13.32500 56.74420 0.10980 -13
-0.34741 0.09385 52.70799 0 -2.82500 11.32500 49.81229 0.10702 -13
-0.87270 -0.00632 38.56597 0 0.20000 26.97500 29.05725 0.13366 -13
-1.38132 0.08136 12.28304 0 -2.37500 42.12500 7.21883 0.17189 -13
1.33319 -0.23190 99.00922 0 7.00000 -42.27500 60.40383 0.16946 -13
-1.99212 -0.06368 77.19177 0 1.92500 59.60000 34.68668 0.22457 -13
-0.83963 -0.21740 70.30444 0 6.55000 22.90000 54.35163 0.13330 13
0.09427 -0.09243 75.43331 0 2.77500 -2.52500 75.10316 0.10157 13
-1.40640 -0.13996 94.13660 0 4.20000 42.15000 54.90238 0.17434 13
-0.44267 0.01558 7.40252 0 -0.40000 12.85000 6.76898 0.11015 -13
0.30893 0.00505 3.99608 0 -0.27500 -7.95000 3.81809 0.10544 13
0.45847 0.07805 62.38015 0 -2.35000 -11.95000 56.73430 0.11106 -13
0.45872 0.02669 10.03206 0 -0.75000 -15.62500 9.11880 0.11083 -13
-1.12464 -0.22424 52.70075 0 6.75000 35.57500 35.49618 0.15320 13
0.21746 -0.17678 53.19761 0 5.35000 -8.85000 52.01822 0.10459 -13
0.66129 -0.03089 19.63719 0 0.95000 -20.20000 16.38197 0.12078 -13
0.11256 -0.16630 31.60732 0 5.02500 -4.07500 31.41428 0.10272 -13
0.99579 -0.10219 14.98347 0 3.02500 -31.10000 10.64484 0.14247 13
1.66160 -0.17475 72.50496 0 5.25000 -49.45000 37.80037 0.19607 13
-2.04811 -0.02618 74.76992 0 0.77500 63.47500 32.81397 0.22954 13
0.78954 -0.13117 35.76922 0 3.97500 -23.00000 28.16576 0.12899 -13
-0.28996 0.09907 9.38731 0 -2.92500 7.97500 9.01926 0.10531 -13
0.73301 0.01529 85.73111 0 -0.47500 -21.65000 69.14746 0.12487 13
0.66645 -0.03723 61.42445 0 1.12500 -20.60000 51.12417 0.12108 13
-0.54728 -0.07165 28.01101 0 2.17500 15.20000 24.58623 0.11503 -13
0.17205 0.13071 79.71231 0 -3.92500 -6.02500 78.57707 0.10302 -13
0.17666 -0.26893 79.71231 0 8.12500 -6.17500 78.57707 0.10579 -13
-1.52719 0.04458 55.36489 0 -1.35000 45.27500 30.35005 0.18389 13
0.59304 -0.11970 99.08866 0 3.62500 -15.47500 85.38549 0.11770 -13
-0.92860 0.12762 87.68758 0 -3.85000 29.05000 64.49601 0.13803 13
-0.95465 -0.27222 87.68758 0 8.20000 29.82500 64.49601 0.14189 13
0.61033 0.09666 60.25788 0 -2.90000 -19.45000 51.49994 0.11837 -13
1.29700 0.11008 69.51807 0 -3.32500 -38.30000 42.60948 0.16530 13
0.65955 -0.17845 7.05485 0 5.30000 -20.42500 5.91695 0.12192 13
-1.74394 0.09098 81.37908 0 -2.72500 52.70000 40.60643 0.20265 -13
0.21117 -0.05847 62.85724 0 1.75000 -6.65000 61.50541 0.10309 13
-1.22982 -0.06037 6.53999 0 1.70000 39.15000 4.13073 0.15971 13
-0.24437 0.13793 95.85910 0 -4.15000 8.70000 93.16803 0.10459 -13
-0.25022 -0.26134 95.85910 0 7.90000 8.87500 93.16803 0.10710 -13
1.53577 0.14735 23.66019 0 -4.40000 -46.82500 13.00835 0.18511 -13
1.56661 -0.25141 23.66019 0 7.62500 -47.77500 13.00835 0.18894 -13
-0.33152 0.04451 12.92444 0 -1.30000 11.97500 12.26916 0.10618 -13
-1.08236 -0.23045 22.42960 0 6.92500 34.42500 15.43255 0.15017 13
0.48028 0.08704 93.27714 0 -2.62500 -14.55000 84.14176 0.11206 -13
1.75574 -0.14096 81.48848 0 4.27500 -53.35000 40.62937 0.20399 -13
0.06404 -0.04078 27.38379 0 1.25000 -3.42500 27.32791 0.10099 -13
0.69451 -0.04587 25.82521 0 1.40000 -21.57500 21.21896 0.12270 -13
-0.40136 -0.09677 57.19511 0 2.92500 10.65000 53.11365 0.10895 -13
0.80508 0.14591 43.52774 0 -4.37500 -24.47500 34.04479 0.13011 -13
0.82174 -0.25299 43.52774 0 7.65000 -24.97500 34.04479 0.13283 -13
0.40319 -0.21860 91.79014 0 6.60000 -12.52500 85.40360 0.11079 -13
0.39596 -0.08906 50.81056 0 2.67500 -12.57500 47.26701 0.10868 13
-0.83858 -0.02168 6.74595 0 0.75000 26.65000 5.16916 0.13149 -13
-0.94512 0.09874 75.94303 0 -2.97500 26.77500 55.31893 0.13892 13
-0.60432 0.00076 7.40277 0 0.05000 18.45000 6.33585 0.11767 -13
0.21292 -0.13037 85.84635 0 3.92500 -5.42500 83.99466 0.10379 13
0.15600 0.00600 25.72409 0 -0.17500 -3.97500 25.41670 0.10193 -13
-0.41612 -0.19821 86.72355 0 5.97500 10.57500 80.29228 0.11089 -13
1.98031 0.03170 23.90712 0 -1.00000 -62.05000 10.78064 0.22344 13
-1.48418 0.00003 61.51363 0 -0.02500 46.65000 34.37207 0.18022 13
-0.08300 0.00158 33.34200 0 -0.05000 0.00000 33.22775 0.10105 13
-0.64465 -0.00012 81.38303 0 -0.00000 18.75000 68.40206 0.11981 -13
1.95275 -0.18516 23.54874 0 5.62500 -60.15000 10.87778 0.22178 -13
-0.55454 0.01284 42.91739 0 -0.37500 16.75000 37.53330 0.11515 -13
1.09263 0.00014 96.93536 0 -0.02500 -35.95000 65.44681 0.14915 13
0.37594 -0.15073 16.21250 0 4.57500 -12.45000 15.19667 0.10867 -13
-0.43401 -0.19724 71.19649 0 5.95000 14.45000 65.50539 0.11157 -13
-2.15267 0.05573 90.39217 0 -1.67500 62.50000 38.13180 0.23909 -13
-0.13147 -0.20561 48.05482 0 6.20000 3.15000 47.66128 0.10366 -13
-1.78310 -0.03994 99.38511 0 1.20000 49.77500 48.64345 0.20591 13
-0.60480 -0.00531 61.10609 0 0.15000 17.27500 52.28719 0.11769 13
-0.41325 -0.04374 29.93603 0 1.32500 13.00000 27.67067 0.10892 -13
-0.41325 -0.04374 29.93603 0 1.32500 13.00000 27.67067 0.10906 -13
-0.72145 -0.17395 75.30204 0 5.25000 20.40000 61.37761 0.12540 13
-0.98251 -0.16772 52.95990 0 5.05000 27.57500 38.03420 0.14217 13
0.12041 -0.19972 50.09797 0 6.02500 -3.25000 49.75227 0.10340 13
0.70978 -0.18772 58.91198 0 5.67500 -19.85000 48.31675 0.12493 -13
-0.18066 -0.04394 27.26591 0 1.30000 5.25000 26.83241 0.10243 13
-0.76289 -0.00142 89.02163 0 0.05000 22.80000 70.77710 0.12666 -13
-1.92050 -0.22641 6.99231 0 7.00000 56.40000 3.29306 0.21952 -13
0.31907 -0.03449 55.98731 0 1.02500 -9.77500 53.34095 0.10576 13
0.34328 -0.07359 85.39223 0 2.22500 -10.50000 80.78921 0.10673 -13
-0.32622 0.09380 46.51383 0 -2.82500 8.82500 44.23892 0.10634 -13
-1.16611 -0.08019 63.13997 0 2.42500 36.65000 41.17853 0.15491 -13
0.81691 0.06394 49.66196 0 -1.95000 -27.55000 38.49171 0.13020 13
-0.01432 -0.14945 47.48203 0 4.50000 -0.62500 47.47727 0.10183 13
1.88810 0.12270 89.20537 0 -3.72500 -55.57500 41.99650 0.21552 13
1.94483 -0.27742 89.20537 0 8.35000 -57.27500 41.99650 0.22196 13
-1.25797 -0.01923 22.34476 0 0.55000 36.35000 13.90599 0.16184 13
-1.27169 0.05668 84.11315 0 -1.72500 40.10000 52.04544 0.16301 13
0.54773 -0.04881 15.96983 0 1.50000 -15.77500 14.01054 0.11493 -13
-1.38353 0.01958 80.22927 0 -0.57500 41.67500 47.00392 0.17192 -13
-0.60338 0.07508 90.35946 0 -2.27500 18.52500 77.42512 0.11786 13
0.26380 -0.00369 99.10586 0 0.10000 -7.75000 95.82766 0.10415 13
-0.30981 -0.04960 41.55650 0 1.50000 8.50000 39.69942 0.10555 -13
-0.60070 -0.06534 57.06184 0 1.95000 18.17500 48.94282 0.11766 13
0.82120 -0.06030 69.47856 0 1.80000 -25.02500 53.73319 0.13045 13
1.24290 -0.17491 64.52016 0 5.27500 -37.00000 40.81534 0.16160 13
-0.28585 -0.01669 15.93581 0 0.47500 9.65000 15.32229 0.10475 13
-0.87466 -0.18919 96.82449 0 5.72500 27.37500 73.43190 0.13514 -13
-1.49138 0.01120 10.65751 0 -0.25000 46.40000 5.93583 0.18082 -13
-0.22099 -0.10235 82.21321 0 3.10000 6.80000 80.29588 0.10365 -13
-0.83412 -0.21634 29.57451 0 6.55000 25.40000 22.92253 0.13295 -13
0.38786 -0.22107 4.46168 0 6.80000 -11.87500 4.17244 0.11041 -13
-1.86417 -0.10556 49.07891 0 3.15000 55.85000 23.30056 0.21329 13
-1.35683 0.09810 7.76503 0 -3.07500 42.95000 4.62072 0.17012 13
-2.11254 -0.04216 14.72215 0 1.35000 63.15000 6.30281 0.23546 -13
0.52007 0.09968 55.12574 0 -3.02500 -13.87500 48.95807 0.11396 13
-0.56805 -0.06108 62.13739 0 1.85000 13.15000 54.05350 0.11598 -13
0.49529 -0.01692 24.47574 0 0.50000 -15.02500 21.93363 0.11239 13
0.27404 -0.02318 84.10833 0 0.70000 -7.57500 81.11902 0.10444 13
-0.63701 -0.24238 10.58428 0 7.37500 20.30000 8.99923 0.12193 -13
-0.98411 -0.03644 5.87318 0 0.97500 30.25000 4.18716 0.14135 13
0.50831 0.13887 51.01292 0 -4.17500 -15.97500 45.56389 0.11382 -13
0.52027 -0.26033 51.01292 0 7.87500 -16.32500 45.56389 0.11651 -13
0.86486 0.14719 84.81261 0 -4.45000 -28.45000 64.44255 0.13396 13
0.88232 -0.25168 84.81261 0 7.57500 -28.97500 64.44255 0.13666 13
0.70620 -0.23100 27.81869 0 6.95000 -19.60000 22.91699 0.12545 13
0.33558 0.14421 46.13949 0 -4.35000 -12.40000 43.78759 0.10722 13
0.34277 -0.25479 46.13949 0 7.67500 -12.62500 43.78759 0.10949 13
0.37585 0.02235 18.09325 0 -0.65000 -12.35000 16.93716 0.10761 -13
-1.46022 -0.03243 97.84318 0 0.97500 46.27500 55.30414 0.17825 13
0.58050 0.13306 89.10164 0 -4.02500 -15.75000 77.22847 0.11721 13
0.59551 -0.26648 89.10164 0 8.02500 -16.20000 77.22847 0.12023 13
1.86606 -0.13184 7.64490 0 4.12500 -56.60000 3.63549 0.21374 -13
0.02183 0.05082 47.19725 0 -1.52500 -0.07500 47.18603 0.10086 -13
0.44577 0.14453 6.64257 0 -4.27500 -14.80000 6.07737 0.11118 -13
0.45523 -0.25426 6.64257 0 7.75000 -15.10000 6.07737 0.11367 -13
0.58343 0.11620 42.48299 0 -3.52500 -16.20000 36.75697 0.11718 13
-0.26685 0.03144 76.44582 0 -0.95000 8.12500 73.86366 0.10428 -13
-1.43496 0.06994 61.92268 0 -2.12500 41.40000 35.46241 0.17628 13
0.23257 -0.18596 89.35568 0 5.60000 -8.90000 87.10762 0.10507 13
-1.08512 0.04837 1.71958 0 -1.05000 31.45000 1.16597 0.14889 -13
-0.95153 -0.19038 48.43279 0 5.72500 26.77500 35.38194 0.14031 13
0.15912 -0.09142 75.93874 0 2.77500 -4.57500 75.00292 0.10238 -13
-0.51910 0.00321 31.25024 0 -0.12500 14.50000 27.73610 0.11347 13
-0.35231 -0.14312 69.83933 0 4.30000 12.37500 65.94380 0.10773 13
-1.83337 0.01657 40.96627 0 -0.52500 56.37500 19.61849 0.21031 13
0.48830 0.07737 16.08926 0 -2.30000 -17.57500 14.46603 0.11233 -13
1.42379 -0.18848 32.92992 0 5.65000 -42.67500 19.14755 0.17621 13
1.81350 0.10103 33.70360 0 -3.02500 -55.37500 16.33829 0.20878 -13
-0.19645 0.01626 48.85349 0 -0.50000 8.82500 47.93741 0.10264 13
-0.71343 -0.16187 52.55055 0 4.90000 19.50000 42.96463 0.12478 -13
-0.42422 -0.20483 21.23607 0 6.20000 11.45000 19.60997 0.11134 -13
-1.67132 -0.07839 99.71582 0 2.37500 49.42500 51.31386 0.19630 -13
-0.33711 0.04235 62.45352 0 -1.30000 12.60000 59.18657 0.10636 13
-0.65857 -0.03690 91.94302 0 1.10000 18.95000 76.80316 0.12064 13
1.34125 -0.04631 61.25702 0 1.40000 -42.32500 36.63990 0.16855 -13
1.13805 -0.09104 20.90188 0 2.70000 -34.85000 13.82834 0.15283 13
-1.64509 -0.02584 72.54396 0 0.77500 51.22500 37.69139 0.19389 13
-1.63651 -0.03162 28.66265 0 0.92500 48.37500 14.95101 0.19315 13
0.15511 0.12911 78.41870 0 -3.90000 -5.25000 77.50696 0.10274 13
0.15937 -0.27065 78.41870 0 8.15000 -5.37500 77.50696 0.10555 13
-0.13633 -0.01792 41.97008 0 0.52500 5.22500 41.58553 0.10165 13
-1.38723 0.07321 79.12802 0 -2.20000 40.45000 46.35239 0.17238 -13
1.51786 -0.02269 56.80700 0 0.67500 -46.30000 31.25834 0.18306 13
0.91573 0.12796 71.45586 0 -3.85000 -27.07500 52.89277 0.13715 -13
0.94131 -0.27183 71.45586 0 8.20000 -27.85000 52.89277 0.14100 -13
-1.36441 -0.23605 98.78133 0 7.12500 41.12500 59.42266 0.17202 -13
2.19350 -0.21959 25.49354 0 6.57500 -64.97500 10.78300 0.24338 13
0.53170 0.05483 41.32678 0 -1.67500 -15.92500 36.50165 0.11419 13
1.11519 -0.08499 17.55939 0 2.52500 -35.25000 11.74616 0.15107 13
-1.03702 -0.03603 92.08273 0 1.07500 31.50000 63.93996 0.14512 13
-0.24634 -0.07874 47.46732 0 2.37500 5.92500 46.09757 0.10401 13
0.00730 -0.14705 30.84734 0 4.45000 -0.77500 30.84654 0.10180 -13
-0.90414 0.13425 8.44345 0 -4.12500 25.52500 6.28851 0.13648 13
-0.92703 -0.26530 8.44345 0 7.92500 26.17500 6.28851 0.13980 13
-0.59285 -0.14321 1.53366 0 3.92500 20.15000 1.32252 0.11805 13
1.56835 0.12217 53.03108 0 -3.67500 -47.30000 28.66125 0.18770 -13
1.61578 -0.27791 53.03108 0 8.40000 -48.75000 28.66125 0.19342 -13
-0.57883 -0.07525 50.39178 0 2.27500 15.42500 43.64368 0.11661 -13
0.46381 -0.08537 9.12742 0 2.52500 -13.00000 8.28511 0.11126 13
0.46382 -0.08536 9.12742 0 2.52500 -13.00000 8.28511 0.11133 13
-0.97520 -0.15597 99.55696 0 4.70000 28.07500 71.69193 0.14153 13
-0.89367 -0.15416 59.22610 0 4.65000 29.12500 44.39048 0.13595 -13
0.25229 -0.02890 6.44816 0 0.95000 -10.07500 6.25240 0.10391 -13
-0.90487 -0.07763 6.25847 0 2.22500 28.65000 4.64632 0.13604 13
0.24504 -0.04530 39.01081 0 1.35000 -8.82500 37.89204 0.10378 13
-1.60194 -0.16996 76.80366 0 5.12500 46.80000 41.08737 0.19092 13
-0.76311 -0.06448 76.18536 0 1.95000 20.92500 60.61130 0.12684 -13
-1.33572 -0.15951 88.51751 0 4.80000 42.42500 53.47686 0.16879 13
0.43754 0.00810 64.98495 0 -0.25000 -10.40000 59.53585 0.10992 13
-0.53000 -0.04473 59.17804 0 1.35000 14.52500 52.29944 0.11406 13
0.50654 0.03471 28.76963 0 -1.02500 -14.45000 25.66792 0.11294 -13
-0.18013 -0.21750 48.68037 0 6.55000 4.92500 47.94333 0.10463 13
-0.92877 -0.05192 61.64442 0 1.55000 27.60000 45.19612 0.13753 13
-0.20347 -0.19027 23.01473 0 5.72500 7.87500 22.56825 0.10453 13
-0.13017 -0.02308 42.16386 0 0.70000 3.22500 41.81126 0.10158 -13
1.03650 -0.02588 52.97850 0 0.80000 -30.85000 36.79036 0.14507 -13
-1.47344 0.09962 70.30762 0 -3.02500 48.15000 39.61520 0.17961 13
0.18310 -0.14363 6.54190 0 4.25000 -5.42500 6.43703 0.10337 13
0.99767 -0.22913 53.58919 0 6.92500 -27.82500 38.41870 0.14412 -13
-0.63678 0.03451 98.04542 0 -1.05000 16.32500 82.71566 0.11944 13
1.61668 0.04449 3.95213 0 -1.10000 -48.10000 2.08044 0.19150 -13
0.62465 0.14072 87.79862 0 -4.22500 -19.75000 74.66862 0.11958 -13
0.63888 -0.25842 87.79862 0 7.80000 -20.17500 74.66862 0.12231 -13
0.80638 0.03697 67.01609 0 -1.12500 -23.95000 52.18181 0.12942 13
0.53916 -0.16850 42.13201 0 5.07500 -13.97500 37.20095 0.11565 13
0.99249 0.04090 33.06241 0 -1.25000 -31.32500 23.47561 0.14195 13
-1.82287 -0.13683 88.21310 0 4.12500 56.77500 42.73053 0.20982 13
0.20481 0.10696 94.82430 0 -3.22500 -7.35000 92.91713 0.10336 13
-1.46247 -0.23047 62.42803 0 6.97500 43.37500 35.85993 0.17993 -13
1.49862 0.02207 89.09282 0 -0.67500 -43.45000 49.45983 0.18145 13
0.73204 -0.20156 25.73155 0 6.05000 -21.97500 20.90595 0.12642 13
0.81541 -0.02330 49.18708 0 0.72500 -24.77500 38.12444 0.12996 -13
-0.66643 -0.06679 85.74160 0 2.00000 19.80000 71.39796 0.12120 13
-0.50587 -0.16709 69.47260 0 5.02500 14.62500 62.16404 0.11410 13
0.26775 -0.12135 83.95122 0 3.65000 -9.07500 81.13392 0.10496 13
-1.33279 0.00476 34.23663 0 -0.17500 41.75000 20.54700 0.16780 13
-0.20436 0.08336 2.06099 0 -2.75000 4.40000 2.01958 0.10333 13
1.54110 -0.07623 58.43389 0 2.32500 -48.15000 31.87217 0.18517 -13
-1.73245 0.12687 82.01321 0 -3.82500 49.57500 41.24583 0.20183 -13
-1.78155 -0.27298 82.01321 0 8.25000 51.05000 41.24583 0.20759 -13
0.56006 0.13914 12.64715 0 -4.15000 -16.32500 11.05964 0.11625 -13
0.57321 -0.26003 12.64715 0 7.90000 -16.72500 11.05964 0.11904 -13
1.07481 -0.06206 64.53738 0 1.87500 -31.97500 44.00615 0.14797 -13
-0.19176 0.08626 8.87251 0 -2.65000 2.37500 8.71486 0.10293 13
2.15500 -0.03932 90.82880 0 1.20000 -64.35000 38.25708 0.23928 -13
-0.32031 0.09702 67.34899 0 -2.92500 10.95000 64.16678 0.10620 13
-0.44027 -0.11691 47.66365 0 3.52500 10.80000 43.67061 0.11066 13
0.15931 -0.05412 94.73745 0 1.62500 -7.70000 93.56094 0.10212 13
-0.68797 -0.24805 19.27224 0 7.45000 17.67500 16.02812 0.12473 13
0.69562 -0.22227 73.56396 0 6.70000 -25.55000 60.85883 0.12468 13
0.37921 0.13116 51.93147 0 -3.97500 -10.95000 48.60912 0.10851 13
0.38931 -0.26848 51.93147 0 8.10000 -11.25000 48.60912 0.11139 13
-1.31978 -0.01390 17.55653 0 0.37500 40.52500 10.60434 0.16675 13
-0.80888 0.12095 55.46681 0 -3.62500 22.42500 43.24839 0.13009 -13
-0.83375 -0.27925 55.46681 0 8.42500 23.17500 43.24839 0.13411 -13
-0.40287 -0.19112 67.96858 0 5.75000 11.50000 63.20072 0.11025 13
-0.20153 -0.04804 70.78085 0 1.45000 7.70000 69.38900 0.10284 13
0.44958 0.01207 96.00930 0 -0.37500 -13.60000 87.56744 0.11042 13
0.44895 -0.03082 52.03317 0 0.95000 -13.92500 47.47267 0.11043 -13
0.26508 0.12411 65.60943 0 -3.75000 -7.45000 63.45074 0.10493 13
0.27288 -0.27594 65.60943 0 8.32500 -7.70000 63.45074 0.10801 13
0.56504 -0.03377 95.50967 0 1.02500 -16.32500 83.16499 0.11572 13
0.31899 0.14341 5.60397 0 -4.22500 -8.05000 5.34396 0.10665 -13
0.32579 -0.25546 5.60397 0 7.80000 -8.27500 5.34396 0.10910 -13
-1.55155 -0.05796 64.50254 0 1.72500 47.00000 34.98440 0.18598 13
-0.22650 -0.03916 19.27078 0 1.15000 8.67500 18.79540 0.10332 13
0.20249 -0.08215 12.35713 0 2.52500 -5.50000 12.11287 0.10309 -13
0.57360 -0.13213 82.15887 0 3.97500 -20.22500 71.41926 0.11686 13
0.97773 0.10615 11.59659 0 -3.25000 -29.35000 8.31489 0.14128 13
0.00481 -0.20833 65.72203 0 6.30000 0.82500 65.72130 0.10287 -13
-0.22331 -0.13165 27.32675 0 4.00000 6.95000 26.68068 0.10404 -13
-0.67838 -0.24852 56.14953 0 7.47500 21.02500 46.89852 0.12423 13
0.47679 0.06498 33.19830 0 -1.97500 -13.75000 29.97818 0.11176 13
0.03846 -0.15000 30.45651 0 4.50000 -3.25000 30.43452 0.10189 13
0.00613 0.09391 36.86840 0 -2.85000 -0.62500 36.86772 0.10116 13
