-0.70526 -0.09753 47.12040 0 2.92500 19.22500 38.56773 0.12361 13
1.82488 -0.08490 14.12713 0 2.47500 -54.87500 6.80745 0.20965 13
0.50297 1.31275 14.12713 0 2.40000 -55.00000 6.80745 0.20997 13
0.36837 -0.56016 14.12713 0 3.37500 -54.10000 6.80745 0.22014 13
-0.08073 0.05018 14.12713 0 3.25000 -54.10000 6.80745 0.22096 13
0.15088 0.42977 14.12713 0 4.02500 -53.65000 6.80745 0.22695 13
-0.35327 0.01709 24.89043 0 -0.50000 8.70000 23.46948 0.10681 -13
0.67541 0.10285 75.98908 0 -3.10000 -22.57500 63.07525 0.12196 -13
-0.21720 -0.09104 56.58321 0 2.75000 9.07500 55.30412 0.10346 -13
-1.33673 0.05242 62.69661 0 -1.60000 43.20000 37.58980 0.16820 13
0.46422 -0.14760 2.42518 0 4.22500 -14.72500 2.20380 0.11201 13
-0.15576 -0.02163 98.31715 0 0.65000 4.45000 97.14626 0.10194 -13
1.69059 0.02307 25.13181 0 -0.65000 -50.25000 12.79777 0.19781 -13
0.59706 0.06961 36.54440 0 -2.12500 -16.57500 31.39728 0.11750 13
-1.88444 -0.17362 26.06024 0 5.27500 58.07500 12.35694 0.21561 -13
0.50922 -0.04414 42.27217 0 1.35000 -13.87500 37.67678 0.11310 -13
1.56199 -0.11679 22.41909 0 3.57500 -47.95000 12.14690 0.18716 -13
1.18216 0.02300 39.05938 0 -0.67500 -34.70000 25.23012 0.15594 -13
0.33898 -0.04077 85.57445 0 1.22500 -9.32500 81.05155 0.10641 13
0.92417 0.00725 69.23623 0 -0.22500 -27.05000 50.84826 0.13712 13
0.44071 -0.23769 19.95149 0 7.15000 -13.10000 18.33757 0.11259 13
-0.72772 -0.09288 22.69505 0 2.77500 22.25000 18.37773 0.12489 13
-0.45053 -0.06521 9.89894 0 1.90000 16.40000 9.02862 0.11064 13
1.41103 -0.22546 57.28698 0 6.77500 -45.55000 33.67085 0.17562 13
0.49051 -0.03560 36.56196 0 1.10000 -16.17500 32.82957 0.11222 -13
1.13178 0.04062 74.49799 0 -1.22500 -35.35000 49.34999 0.15215 13
1.01595 0.11738 9.39264 0 -3.62500 -31.02500 6.61183 0.14410 13
1.04879 -0.28324 9.39264 0 8.47500 -31.97500 6.61183 0.14860 13
-0.39752 -0.10639 91.23040 0 3.22500 11.75000 84.84277 0.10890 -13
1.18265 -0.04369 21.84163 0 1.35000 -36.37500 14.11040 0.15604 -13
1.09584 -0.19375 90.50096 0 5.85000 -32.12500 61.61455 0.15067 -13
-0.51493 -0.22766 34.48406 0 6.85000 14.25000 30.81757 0.11556 13
0.81584 0.14745 88.46681 0 -4.45000 -23.75000 68.84131 0.13082 13
0.83224 -0.25143 88.46681 0 7.57500 -24.25000 68.84131 0.13343 13
0.74503 -0.03156 56.25035 0 0.95000 -22.32500 45.11546 0.12562 13
1.00567 0.07316 70.62437 0 -2.20000 -28.17500 49.86494 0.14300 -13
-0.09533 0.12360 47.43798 0 -3.72500 2.20000 47.22708 0.10192 -13
-0.09815 -0.27643 47.43798 0 8.35000 2.30000 47.22708 0.10495 -13
-0.33174 0.00576 81.96548 0 -0.17500 9.82500 77.79643 0.10610 -13
-0.34676 -0.14823 9.03583 0 4.52500 7.37500 8.54690 0.10766 -13
0.57788 0.03928 63.99336 0 -1.17500 -19.77500 55.41780 0.11638 -13
-1.37066 -0.14485 88.52758 0 4.35000 41.47500 52.52998 0.17148 13
-0.31268 -0.03840 21.88757 0 1.17500 13.52500 20.89152 0.10559 -13
0.09125 0.03457 57.82235 0 -1.05000 -3.52500 57.58338 0.10118 13
0.97926 -0.01808 83.42630 0 0.52500 -30.25000 59.61110 0.14096 13
-0.01164 -0.17522 56.44533 0 5.30000 0.82500 56.44162 0.10225 -13
0.78681 -0.20505 84.35771 0 6.20000 -23.40000 66.81362 0.12980 -13
1.73448 -0.11275 49.91559 0 3.37500 -54.07500 25.05004 0.20192 13
1.88454 -0.09433 2.69649 0 3.25000 -57.05000 1.26926 0.21536 -13
-0.25241 0.10572 85.31418 0 -3.17500 3.22500 82.74702 0.10441 -13
0.89101 -0.03768 27.26322 0 1.15000 -27.95000 20.36177 0.13493 -13
-0.33769 -0.21417 2.51688 0 6.25000 8.00000 2.38993 0.10840 13
-1.27126 0.04571 99.65369 0 -1.37500 37.57500 61.65174 0.16294 13
-1.52261 -0.17931 82.44929 0 5.42500 47.75000 45.76185 0.18434 -13
1.04185 -0.06485 83.35563 0 1.97500 -29.12500 57.78413 0.14557 -13
-0.37010 0.11433 78.25658 0 -3.45000 10.45000 73.44822 0.10799 -13
-0.24676 0.03872 45.76172 0 -1.17500 7.10000 44.43091 0.10380 13
-0.78795 0.12636 86.97544 0 -3.82500 23.40000 68.52286 0.12885 13
-0.81044 -0.27354 86.97544 0 8.25000 24.07500 68.52286 0.13252 13
-0.45490 -0.00932 88.76598 0 0.27500 12.50000 80.79943 0.11064 13
-0.99820 -0.20114 69.33590 0 6.05000 27.47500 49.55578 0.14371 13
0.54936 -0.05380 20.56705 0 1.60000 -15.92500 18.03223 0.11502 13
-1.43881 -0.14046 15.47091 0 4.17500 43.25000 8.88807 0.17697 13
0.47648 0.10546 99.90826 0 -3.17500 -14.05000 90.28484 0.11205 -13
-0.41270 -0.20831 60.66643 0 6.27500 10.42500 56.24892 0.11093 13
1.71772 -0.14374 83.32352 0 4.32500 -53.40000 42.24239 0.20067 13
2.06258 -0.01632 32.35757 0 0.52500 -62.55000 14.11737 0.23085 -13
0.98129 0.04580 76.61682 0 -1.37500 -30.22500 54.71357 0.14116 -13
-0.49346 0.09613 76.70109 0 -2.90000 15.10000 68.84429 0.11271 -13
0.37126 -0.24927 80.38667 0 7.52500 -10.32500 75.62909 0.11032 -13
0.60751 0.06908 9.96617 0 -2.02500 -18.37500 8.52309 0.11802 -13
-0.56669 -0.02677 29.89276 0 0.82500 18.27500 26.00901 0.11578 -13
-1.46005 -0.05031 83.29589 0 1.52500 43.72500 47.10862 0.17829 -13
0.99820 0.02905 70.36242 0 -0.87500 -27.95000 49.80902 0.14232 -13
-1.31736 -0.06078 96.98828 0 1.82500 39.27500 58.71120 0.16666 13
0.69331 -0.18266 71.64265 0 5.52500 -17.92500 59.18709 0.12392 -13
0.50839 -0.16677 94.94982 0 5.02500 -11.57500 84.87581 0.11421 13
1.40067 -0.17843 35.47382 0 5.35000 -40.62500 20.82632 0.17421 13
0.21591 -0.16079 41.10845 0 4.85000 -7.42500 40.20525 0.10428 13
-0.28707 -0.13023 60.98354 0 3.92500 5.47500 58.65332 0.10559 13
0.28029 0.11255 63.08861 0 -3.40000 -10.65000 60.77516 0.10520 13
-0.03354 0.13762 21.27949 0 -4.12500 -1.02500 21.26775 0.10170 -13
-0.03432 -0.26163 21.27949 0 7.92500 -1.00000 21.26775 0.10418 -13
-1.15063 0.00091 15.17652 0 -0.07500 37.35000 9.95619 0.15351 13
-0.88759 0.13895 80.61634 0 -4.17500 25.72500 60.54623 0.13537 -13
-0.90843 -0.26028 80.61634 0 7.85000 26.37500 60.54623 0.13856 -13
-2.21091 0.02628 99.08138 0 -0.80000 65.00000 40.84363 0.24402 13
-0.21923 0.14585 96.91980 0 -4.40000 7.35000 94.71672 0.10413 13
-0.22377 -0.25308 96.91980 0 7.62500 7.50000 94.71672 0.10629 13
0.67857 -0.12798 62.38863 0 3.85000 -20.27500 51.75680 0.12238 13
-0.50184 0.08233 7.51756 0 -2.40000 12.30000 6.72319 0.11297 -13
0.03738 -0.20455 38.56149 0 6.17500 -2.77500 38.53567 0.10286 -13
0.79031 -0.05759 77.02141 0 1.75000 -23.85000 60.46655 0.12849 -13
1.56855 0.08325 11.67007 0 -2.42500 -47.60000 6.28926 0.18747 -13
-2.04443 0.13842 53.13366 0 -4.15000 61.52500 23.52596 0.22959 -13
-2.09283 -0.26080 53.13366 0 7.90000 63.02500 23.52596 0.23509 -13
-1.64213 -0.17135 6.02500 0 5.32500 49.15000 3.16686 0.19459 -13
-0.13557 -0.00981 10.38618 0 0.35000 1.75000 10.29205 0.10164 -13
-1.39681 0.03196 70.49334 0 -0.97500 42.40000 41.04965 0.17303 13
0.23078 -0.04534 83.22971 0 1.35000 -7.85000 81.10236 0.10345 13
1.81696 -0.07486 28.87731 0 2.22500 -52.87500 13.95478 0.20896 13
-0.74219 0.11838 64.25957 0 -3.57500 21.45000 51.72754 0.12598 13
-0.76580 -0.28204 64.25957 0 8.50000 22.15000 51.72754 0.12989 13
-0.15620 -0.11946 73.30631 0 3.60000 5.97500 72.44015 0.10263 13
0.11158 0.08847 68.62628 0 -2.67500 -3.55000 68.20631 0.10172 13
0.35855 -0.11971 64.99718 0 3.60000 -12.80000 61.23259 0.10765 13
1.32425 -0.05802 94.30963 0 1.75000 -40.95000 56.89460 0.16721 13
1.57043 0.09485 34.63080 0 -2.82500 -47.42500 18.66045 0.18771 -13
-1.35852 0.01762 21.56651 0 -0.50000 41.50000 12.78598 0.16988 -13
0.02678 -0.23760 48.03312 0 7.17500 -0.25000 48.01681 0.10355 -13
-0.68467 -0.22619 10.53549 0 6.87500 20.40000 8.76139 0.12421 -13
0.56240 -0.10236 82.61280 0 3.10000 -14.62500 72.09654 0.11600 -13
-0.36528 -0.23518 47.23665 0 7.07500 8.35000 44.50672 0.10979 13
0.10746 -0.08266 57.36132 0 2.47500 -1.90000 57.03516 0.10162 13
-1.73742 -0.21049 48.92826 0 6.37500 49.72500 24.80649 0.20300 -13
0.09313 -0.09455 92.33680 0 2.85000 -3.40000 91.94243 0.10158 13
-0.80699 0.07335 55.18803 0 -2.20000 24.72500 42.99322 0.12962 -13
-1.18793 -0.24334 36.96190 0 7.37500 33.55000 24.20270 0.15831 -13
0.76878 -0.22375 30.83234 0 6.72500 -21.25000 24.66357 0.12898 13
1.16391 -0.10339 13.93247 0 3.17500 -34.52500 9.10769 0.15489 -13
-0.79482 -0.10747 78.58455 0 3.22500 25.75000 61.65717 0.12909 13
-0.01632 0.14329 18.69906 0 -4.30000 0.55000 18.69660 0.10173 -13
-0.01667 -0.25568 18.69906 0 7.75000 0.57500 18.69660 0.10398 -13
-0.47914 -0.08300 66.43417 0 2.52500 14.47500 59.95029 0.11198 -13
0.16372 -0.02999 16.87616 0 0.87500 -5.52500 16.65475 0.10209 13
0.64204 -0.20457 10.93506 0 6.10000 -20.00000 9.25638 0.12140 13
0.12053 -0.04417 30.58109 0 1.35000 -6.10000 30.36176 0.10153 -13
0.62400 0.01955 68.42038 0 -0.60000 -19.47500 58.04944 0.11872 13
-0.67062 -0.16813 47.09335 0 5.05000 20.22500 39.28013 0.12242 13
1.80573 -0.07305 92.67004 0 2.20000 -54.17500 44.98665 0.20799 13
-0.60674 -0.02672 29.39095 0 0.82500 16.37500 25.13002 0.11783 -13
0.25846 -0.08143 9.84013 0 2.40000 -1.20000 9.52879 0.10433 13
-1.13566 -0.10510 79.70378 0 3.17500 36.97500 52.83586 0.15275 -13
-1.11469 -0.14325 11.74673 0 4.37500 35.77500 7.88786 0.15155 -13
-0.59791 -0.06815 2.30699 0 1.80000 19.25000 1.98140 0.11759 13
0.65280 -0.13359 46.39918 0 4.02500 -19.80000 38.95518 0.12101 13
-0.28368 0.02253 45.70833 0 -0.67500 7.12500 43.97409 0.10470 -13
-0.75642 0.01677 35.14359 0 -0.52500 24.45000 28.02964 0.12628 13
-0.24659 -0.22683 90.99821 0 6.85000 7.95000 88.47583 0.10621 -13
1.24318 0.09672 91.04008 0 -2.92500 -36.02500 57.22311 0.16097 13
0.27792 0.10966 71.79548 0 -3.30000 -9.55000 69.20321 0.10510 -13
1.73204 0.05759 59.75198 0 -1.75000 -53.05000 29.91383 0.20149 13
1.20772 0.04217 54.26755 0 -1.27500 -35.42500 34.62851 0.15796 13
-0.46562 0.05491 25.93003 0 -1.62500 16.92500 23.51315 0.11121 -13
-0.22547 -0.03329 48.50915 0 1.00000 8.85000 47.32244 0.10328 13
1.97872 -0.15982 22.12259 0 4.87500 -60.67500 10.07922 0.22391 -13
0.77643 -0.22630 39.80525 0 6.80000 -25.37500 31.73268 0.12950 13
-0.76806 -0.16873 98.86664 0 5.10000 23.95000 78.81414 0.12811 -13
-0.70749 -0.19330 88.46301 0 5.82500 21.90000 72.65432 0.12488 13
0.48566 0.11328 78.95354 0 -3.42500 -13.85000 71.10676 0.11253 13
0.41992 -0.10504 39.17974 0 3.17500 -11.30000 36.15360 0.10974 -13
-0.37694 0.11892 73.74455 0 -3.57500 11.35000 69.06515 0.10828 -13
-0.38883 -0.28141 73.74455 0 8.50000 11.70000 69.06515 0.11167 -13
-0.64424 0.09761 52.53588 0 -2.95000 20.75000 44.22584 0.12020 13
0.29163 -0.08769 76.91080 0 2.65000 -6.85000 73.85701 0.10527 13
-0.36465 0.14488 11.56602 0 -4.32500 12.40000 10.87913 0.10817 -13
-0.37230 -0.25400 11.56602 0 7.70000 12.62500 10.87913 0.11051 -13
1.03690 0.10742 34.30000 0 -3.22500 -32.17500 23.88106 0.14546 -13
0.37131 -0.07426 27.14306 0 2.22500 -11.37500 25.45405 0.10768 13
-0.47353 0.14388 96.04958 0 -4.35000 16.02500 86.97075 0.11236 13
-0.48372 -0.25513 96.04958 0 7.70000 16.32500 86.97075 0.11477 13
0.42136 -0.24366 32.93084 0 7.37500 -13.37500 30.47543 0.11202 -13
1.78808 -0.08389 8.78193 0 2.65000 -54.62500 4.29848 0.20654 -13
0.77316 -0.11619 40.64121 0 3.52500 -20.52500 32.23228 0.12783 -13
-0.27837 0.01940 65.72225 0 -0.57500 8.62500 63.31580 0.10455 -13
-0.78231 0.06483 73.43516 0 -1.97500 23.05000 57.88426 0.12803 13
-0.42788 0.10617 98.95491 0 -3.20000 11.75000 91.05547 0.11006 13
-0.26214 0.09507 9.45001 0 -2.92500 7.82500 9.14371 0.10457 13
-0.36125 0.00050 34.26488 0 -0.00000 6.92500 32.22654 0.10707 -13
-0.18415 0.08977 80.03171 0 -2.72500 5.15000 78.71853 0.10280 13
1.59471 0.03253 38.87232 0 -0.95000 -48.45000 20.65892 0.18958 -13
-0.59419 0.13659 42.09347 0 -4.12500 21.87500 36.27376 0.11795 13
-0.60874 -0.26279 42.09347 0 7.92500 22.30000 36.27376 0.12081 13
0.84666 0.07931 49.45907 0 -2.40000 -27.15000 37.79605 0.13220 13
1.99065 0.09251 90.59436 0 -2.80000 -61.85000 40.80594 0.22455 13
-0.58439 0.00410 74.97809 0 -0.12500 17.97500 64.73479 0.11664 13
0.13316 -0.23878 50.88404 0 7.22500 -2.60000 50.46244 0.10441 -13
0.99102 0.14190 80.35421 0 -4.27500 -31.05000 57.35514 0.14249 -13
1.01311 -0.25718 80.35421 0 7.77500 -31.72500 57.35514 0.14569 -13
0.06035 -0.11137 33.56412 0 3.37500 -3.60000 33.50391 0.10151 -13
1.88392 -0.24491 63.50907 0 7.40000 -57.40000 30.45679 0.21623 -13
1.12896 -0.07951 25.40970 0 2.37500 -36.02500 16.87768 0.15208 13
0.25994 -0.06762 19.15303 0 2.07500 -6.72500 18.53970 0.10428 -13
0.22012 -0.00663 23.87838 0 0.17500 -6.37500 23.32008 0.10312 13
0.10577 -0.10340 14.00005 0 3.15000 -4.27500 13.92320 0.10182 -13
-0.03850 0.04295 82.80259 0 -1.30000 1.70000 82.74142 0.10087 13
0.50636 0.10384 63.04438 0 -3.15000 -15.57500 56.30676 0.11336 13
1.18259 -0.15585 43.29592 0 4.72500 -33.90000 28.15190 0.15675 -13
1.22715 0.04947 93.82757 0 -1.50000 -36.05000 59.31516 0.15949 13
-0.08975 0.01828 16.71458 0 -0.57500 2.82500 16.64770 0.10113 13
0.16485 -0.22047 45.15273 0 6.65000 -6.77500 44.57875 0.10444 13
0.22240 -0.15579 65.62950 0 4.70000 -8.80000 64.10003 0.10434 13
-1.73857 -0.00728 43.53439 0 0.25000 50.55000 21.70621 0.20198 -13
-1.32135 0.00816 37.59722 0 -0.27500 38.87500 22.68927 0.16687 13
1.27683 -0.04868 78.91313 0 1.45000 -36.72500 48.69289 0.16339 13
-0.71918 -0.00802 92.32308 0 0.25000 20.62500 74.95353 0.12405 -13
-0.99296 -0.20106 5.41843 0 5.92500 31.05000 3.88259 0.14326 13
-0.21157 0.08231 89.55769 0 -2.47500 5.70000 87.63091 0.10326 -13
0.62596 0.08900 70.31188 0 -2.67500 -20.00000 59.66451 0.11914 -13
1.57019 -0.04051 94.79618 0 1.22500 -48.35000 50.95154 0.18751 13
-0.53341 -0.00646 10.56809 0 0.15000 17.47500 9.32472 0.11414 13
1.22330 0.10522 83.30930 0 -3.17500 -35.45000 52.90003 0.15947 13
1.23950 -0.22160 36.37230 0 6.65000 -37.32500 23.16977 0.16190 13
0.51793 -0.00430 5.73109 0 0.22500 -12.80000 5.08896 0.11343 -13
1.93267 -0.19139 3.32088 0 5.45000 -59.10000 1.54762 0.21970 13
0.92470 -0.19460 38.36818 0 5.90000 -28.92500 28.41042 0.13857 -13
0.13705 0.12764 40.66445 0 -3.85000 -4.60000 40.29392 0.10245 -13
0.14091 -0.27216 40.66445 0 8.22500 -4.72500 40.29392 0.10534 -13
-0.59478 -0.11238 71.96691 0 3.37500 18.35000 61.95403 0.11771 13
0.02925 -0.02873 89.00755 0 0.87500 -2.37500 88.96952 0.10079 -13
-0.68577 -0.11436 32.07088 0 3.47500 23.00000 26.50574 0.12265 -13
-0.88535 -0.22846 59.65537 0 6.90000 28.27500 45.16026 0.13646 -13
1.44608 -0.22401 82.27315 0 6.75000 -41.02500 47.57034 0.17847 13
1.34789 -0.14098 67.01665 0 4.27500 -41.10000 40.18336 0.16962 -13
-0.77881 -0.20120 50.54722 0 6.05000 21.10000 40.17556 0.12923 13
1.60524 0.05015 81.24480 0 -1.50000 -48.07500 42.99747 0.19052 -13
1.74408 0.03224 10.90435 0 -1.07500 -52.05000 5.42614 0.20250 13
-0.96431 -0.24459 71.09902 0 7.37500 27.30000 51.89035 0.14204 13
1.29436 -0.03391 25.01120 0 1.05000 -38.37500 15.29701 0.16476 -13
0.31901 -0.04068 3.70971 0 1.07500 -12.35000 3.53457 0.10581 13
1.08288 -0.10205 77.33515 0 3.10000 -31.70000 52.61316 0.14880 -13
-1.63758 -0.19514 46.71077 0 5.90000 49.40000 24.67615 0.19425 -13
1.02136 -0.01567 62.75383 0 0.45000 -30.52500 43.90516 0.14395 13
0.79461 -0.00809 88.39672 0 0.22500 -23.85000 69.20851 0.12862 13
1.47244 -0.09841 25.12660 0 3.00000 -43.42500 14.16289 0.17954 -13
-0.61026 -0.21182 65.18000 0 6.40000 17.22500 55.96512 0.11990 -13
-0.22320 -0.04828 95.72736 0 1.45000 6.12500 93.43355 0.10330 13
0.75546 0.06581 60.54659 0 -2.00000 -21.85000 48.34851 0.12639 13
-1.22948 -0.03202 28.23062 0 0.95000 39.52500 17.81891 0.15962 13
-0.57202 0.05950 89.95752 0 -1.80000 17.20000 78.11875 0.11617 -13
1.68645 0.04062 1.73645 0 -1.75000 -51.50000 0.88591 0.19810 13
-0.00666 -0.24719 32.11194 0 7.45000 -3.02500 32.11127 0.10373 13
0.19684 -0.14478 44.62842 0 4.37500 -7.42500 43.80485 0.10367 -13
1.10666 -0.18355 38.55453 0 5.55000 -33.47500 26.08362 0.15135 -13
-0.13466 0.10439 58.52394 0 -3.15000 3.77500 58.00596 0.10215 -13
0.34044 -0.10263 91.02559 0 3.10000 -9.05000 86.21567 0.10688 13
0.86273 -0.10731 96.27932 0 3.25000 -27.60000 73.07659 0.13345 -13
-0.44894 0.00475 61.10195 0 -0.15000 14.45000 55.74234 0.11039 13
-1.90194 -0.23637 7.39165 0 7.25000 60.42500 3.51452 0.21786 -13
-0.25413 -0.12027 86.93184 0 3.62500 8.55000 84.28987 0.10461 -13
-0.31677 -0.04270 64.51145 0 1.27500 9.12500 61.50479 0.10572 13
-1.91666 -0.19131 12.26377 0 5.85000 59.07500 5.75323 0.21868 -13
0.15094 -0.16565 99.86942 0 5.00000 -3.47500 98.78026 0.10320 -13
0.18257 0.05885 87.49415 0 -1.77500 -5.82500 86.07626 0.10254 -13
0.11067 0.08631 89.58175 0 -2.60000 -4.27500 89.04213 0.10169 13
0.63666 -0.15825 65.96483 0 4.77500 -19.12500 55.84156 0.12043 13
-0.61006 0.12228 82.50612 0 -3.67500 18.85000 70.57428 0.11861 -13
-0.62850 -0.27785 82.50612 0 8.37500 19.40000 70.57428 0.12220 -13
1.08580 -0.14146 46.10377 0 4.25000 -33.37500 31.40053 0.14932 13
0.25476 0.08098 57.51003 0 -2.45000 -9.20000 55.74083 0.10424 13
0.26271 -0.04520 98.78929 0 1.35000 -8.52500 95.55337 0.10422 13
-0.53124 0.08257 13.74357 0 -2.52500 17.15000 12.14643 0.11435 13
-0.65564 0.00277 10.13720 0 -0.02500 21.15000 8.47767 0.12042 -13
1.19268 0.07595 24.15384 0 -2.32500 -37.87500 15.54516 0.15694 13
0.60487 0.00131 88.27233 0 -0.05000 -18.50000 75.53011 0.11769 13
-1.50350 0.08759 95.50073 0 -2.65000 44.57500 53.02885 0.18206 13
1.07675 -0.05583 15.00481 0 1.72500 -34.12500 10.21977 0.14810 -13
-1.10603 0.06672 11.02916 0 -1.95000 35.35000 7.40560 0.15030 -13
0.69325 -0.19725 65.21852 0 5.95000 -20.00000 53.92746 0.12413 13
0.99070 -0.14165 93.64244 0 4.27500 -29.75000 66.85075 0.14247 13
0.88853 0.12430 47.87307 0 -3.77500 -27.70000 35.90782 0.13530 13
0.91467 -0.27575 47.87307 0 8.30000 -28.47500 35.90782 0.13925 13
-1.32393 -0.06250 24.54314 0 1.92500 41.35000 14.81076 0.16722 -13
1.61107 0.09295 2.48737 0 -2.42500 -47.65000 1.31538 0.19122 -13
-1.62321 0.08012 38.18443 0 -2.45000 49.92500 20.07497 0.19218 13
0.77675 0.07603 60.94782 0 -2.27500 -24.55000 48.18570 0.12774 -13
-1.33108 -0.14697 99.83236 0 4.45000 42.05000 60.37345 0.16832 -13
0.34056 -0.07645 11.11664 0 2.35000 -9.65000 10.52616 0.10668 -13
2.18738 0.09933 22.47413 0 -3.05000 -64.40000 9.38353 0.24242 13
-0.10481 -0.10267 81.60601 0 3.10000 2.07500 81.16600 0.10178 13
1.84863 0.03943 30.88182 0 -1.22500 -53.52500 14.70102 0.21172 13
-1.11278 -0.21391 99.97778 0 6.45000 36.57500 67.65022 0.15220 -13
-0.07216 0.05675 67.84401 0 -1.70000 0.95000 67.66862 0.10113 -13
0.55269 -0.18282 98.93704 0 5.50000 -16.05000 86.92119 0.11652 13
0.77008 -0.14257 31.24549 0 4.32500 -23.50000 24.84849 0.12792 -13
-1.54315 -0.22193 99.27002 0 6.70000 46.12500 54.90024 0.18653 -13
-1.90776 0.08681 36.86268 0 -2.60000 53.80000 17.16443 0.21707 -13
-0.16669 0.15047 3.39342 0 -4.40000 4.15000 3.34827 0.10319 -13
-0.16972 -0.24787 3.39342 0 7.62500 4.25000 3.34827 0.10533 -13
-0.34368 -0.17579 34.04913 0 5.32500 10.12500 32.25151 0.10795 -13
-1.07218 -0.16065 92.59327 0 4.85000 31.57500 63.58280 0.14852 13
-0.50934 0.12210 89.02084 0 -3.67500 15.77500 79.44439 0.11368 -13
-0.52476 -0.27806 89.02084 0 8.40000 16.22500 79.44439 0.11713 -13
-0.47699 -0.19550 28.51019 0 5.87500 12.55000 25.82129 0.11328 13
-1.16389 0.01115 89.23314 0 -0.32500 34.55000 58.15405 0.15453 -13
0.33253 0.01313 18.76522 0 -0.42500 -8.07500 17.80673 0.10614 13
1.00139 -0.20079 20.54142 0 6.10000 -33.12500 14.65807 0.14398 -13
-0.22823 -0.18281 15.84930 0 5.55000 8.50000 15.46448 0.10494 -13
1.33113 0.06010 47.71526 0 -1.80000 -39.12500 28.69205 0.16777 -13
0.11552 0.02918 54.78431 0 -0.90000 -3.32500 54.42266 0.10142 13
-0.20617 0.03621 60.84269 0 -1.10000 6.85000 59.59104 0.10288 13
-0.29890 0.00028 86.46362 0 -0.00000 6.75000 82.84211 0.10511 -13
0.31009 0.03546 21.76656 0 -1.10000 -8.85000 20.79114 0.10550 13
1.07186 -0.23356 75.23890 0 7.05000 -29.45000 52.05067 0.14950 -13
-0.06221 -0.09335 4.60746 0 2.70000 1.30000 4.59866 0.10132 13
-0.82846 -0.17574 43.16195 0 5.27500 24.80000 33.44148 0.13195 13
-1.03632 0.14278 11.99550 0 -4.25000 31.27500 8.37264 0.14571 -13
-1.05888 -0.25607 11.99550 0 7.80000 31.97500 8.37264 0.14902 -13
0.40253 -0.17578 59.06214 0 5.30000 -14.12500 54.90485 0.10999 13
-1.75024 -0.09331 96.24733 0 2.82500 52.35000 47.90293 0.20322 -13
1.58263 -0.11142 93.59566 0 3.35000 -44.77500 50.21613 0.18885 13
1.08201 -0.12249 31.39241 0 3.67500 -33.07500 21.39244 0.14887 13
-1.75328 0.01740 46.25704 0 -0.55000 54.60000 22.92049 0.20327 13
0.58471 -0.05168 53.86062 0 1.55000 -19.20000 46.51175 0.11676 13
-1.73439 -0.08978 83.44953 0 2.70000 53.40000 41.80807 0.20181 13
0.05968 0.00994 81.50276 0 -0.30000 -1.85000 81.35802 0.10089 13
0.14861 0.02518 74.74044 0 -0.77500 -5.35000 73.92906 0.10184 13
1.76869 -0.12574 78.61325 0 3.77500 -53.07500 38.92079 0.20500 13
-1.31543 0.04981 48.85038 0 -1.47500 36.37500 29.58726 0.16647 -13
0.52579 0.04978 41.05359 0 -1.50000 -15.92500 36.34657 0.11388 -13
0.57883 -0.12658 91.11833 0 3.80000 -16.47500 79.01694 0.11705 13
1.11222 -0.10769 77.76046 0 3.25000 -33.52500 52.15536 0.15100 13
-0.97494 -0.01451 7.12569 0 0.52500 30.65000 5.10220 0.14068 -13
-1.61134 0.07431 92.38692 0 -2.25000 48.37500 48.81272 0.19113 13
-1.20231 -0.18396 67.19037 0 5.55000 36.27500 43.38752 0.15858 -13
-0.44697 -0.10716 42.58354 0 3.25000 15.55000 38.91347 0.11084 -13
0.48847 -0.00521 92.94146 0 0.17500 -12.60000 83.51136 0.11207 -13
-0.65818 -0.18318 61.28176 0 5.52500 22.92500 51.44202 0.12197 -13
0.66727 0.04773 47.17077 0 -1.45000 -19.72500 39.25098 0.12116 13
1.74630 0.05877 33.69521 0 -1.75000 -48.67500 16.76611 0.20272 -13
1.03872 -0.24658 68.98809 0 7.45000 -29.97500 48.57503 0.14732 -13
0.40566 0.04700 53.89238 0 -1.42500 -12.40000 49.94758 0.10878 13
-1.01955 -0.17194 74.76876 0 5.20000 30.52500 52.74280 0.14486 -13
-0.30627 0.14158 79.91771 0 -4.27500 8.72500 76.47844 0.10628 -13
-0.31313 -0.25752 79.91771 0 7.77500 8.95000 76.47844 0.10867 -13
-0.04231 0.03436 5.04876 0 -1.12500 1.57500 5.04424 0.10088 13
-1.51417 0.09276 11.67155 0 -2.87500 45.70000 6.45093 0.18303 13
0.85964 -0.03290 95.73603 0 0.97500 -25.07500 72.61517 0.13284 13
0.50286 0.10702 4.73352 0 -3.10000 -14.52500 4.23342 0.11323 -13
0.78528 0.11029 42.75330 0 -3.30000 -19.97500 33.70201 0.12851 -13
2.05838 -0.14456 36.96018 0 4.32500 -63.70000 16.28615 0.23088 13
0.13742 0.06147 9.80351 0 -1.90000 -3.10000 9.71257 0.10186 13
-1.11285 0.11428 28.25378 0 -3.47500 34.60000 18.95232 0.15112 13
-0.26351 -0.02193 68.52414 0 0.67500 8.62500 66.26322 0.10416 -13
0.19448 0.00779 13.19536 0 -0.27500 -3.25000 12.95262 0.10260 13
0.52294 0.08641 16.91450 0 -2.65000 -15.17500 15.00083 0.11399 13
0.96981 -0.07843 51.86216 0 2.37500 -30.60000 37.28486 0.14051 -13
-0.11672 0.05154 28.44996 0 -1.57500 2.12500 28.25865 0.10152 13
0.59364 -0.21433 62.73064 0 6.45000 -20.32500 54.25372 0.11907 13
-0.06801 -0.03400 85.55608 0 1.02500 3.37500 85.35910 0.10099 13
-0.25224 0.12664 53.65816 0 -3.80000 6.70000 52.05315 0.10463 -13
-0.25942 -0.27322 53.65816 0 8.25000 6.90000 52.05315 0.10762 -13
0.32220 0.03575 94.95071 0 -1.07500 -11.20000 90.38102 0.10587 13
-1.63222 -0.17720 57.87980 0 5.32500 49.60000 30.57689 0.19357 13
0.67904 -0.06848 77.31164 0 2.05000 -21.42500 64.00660 0.12192 13
1.72797 0.05507 52.50597 0 -1.67500 -51.80000 26.32992 0.20113 13
0.22317 0.06349 34.75236 0 -1.92500 -6.45000 33.92115 0.10338 13
-0.53344 -0.07331 22.12021 0 2.17500 17.27500 19.52850 0.11437 13
-2.07342 0.12289 47.49309 0 -3.67500 61.40000 20.75587 0.23214 -13
-2.13515 -0.27710 47.49309 0 8.37500 63.30000 20.75587 0.23917 -13
-0.58958 0.07591 54.76335 0 -2.30000 17.40000 47.20951 0.11716 13
0.61467 -0.01497 41.88350 0 0.45000 -19.77500 35.68337 0.11822 13
-0.68048 -0.07955 44.49844 0 2.40000 19.45000 36.82529 0.12208 -13
-0.32457 -0.24115 77.69332 0 7.27500 8.80000 74.09254 0.10862 13
0.61410 0.10460 87.16974 0 -3.15000 -16.62500 74.39159 0.11865 13
1.77073 -0.06806 27.08156 0 2.02500 -51.95000 13.33969 0.20490 13
0.44534 -0.01612 20.00127 0 0.50000 -12.60000 18.27186 0.11025 -13
0.14673 -0.12812 60.61587 0 3.85000 -3.32500 59.98385 0.10260 13
-0.43308 -0.11038 31.01158 0 3.30000 12.82500 28.48468 0.11030 13
1.83360 -0.20107 73.36735 0 6.05000 -55.87500 35.66752 0.21127 13
-1.18964 0.01759 80.91386 0 -0.55000 36.17500 52.06948 0.15652 13
0.18725 0.05996 16.72970 0 -1.77500 -4.00000 16.44490 0.10263 -13
0.98839 0.07473 26.34945 0 -2.22500 -30.82500 18.76599 0.14178 -13
1.26401 -0.10366 52.67590 0 3.10000 -38.05000 32.78975 0.16264 13
-0.71355 -0.20008 15.04877 0 6.07500 20.90000 12.33025 0.12538 -13
-1.51438 -0.19558 19.86153 0 5.85000 45.77500 11.08414 0.18382 13
0.08677 0.12684 67.47237 0 -3.82500 -4.10000 67.22370 0.10189 13
0.08924 -0.27305 67.47237 0 8.22500 -4.17500 67.22370 0.10477 13
-1.28592 -0.10492 14.41686 0 3.22500 38.50000 8.88134 0.16440 -13
-0.68990 0.08236 35.42222 0 -2.47500 20.20000 29.18835 0.12262 -13
0.54435 -0.03098 8.44852 0 1.00000 -17.57500 7.42120 0.11472 -13
-0.63688 -0.16085 4.29424 0 4.70000 21.32500 3.63559 0.12042 13
1.17843 0.14418 75.22010 0 -4.35000 -36.12500 48.95982 0.15632 13
1.20362 -0.25483 75.22010 0 7.67500 -36.90000 48.95982 0.15964 13
0.93327 -0.13991 75.72140 0 4.22500 -28.22500 55.60714 0.13847 -13
-1.72529 0.11727 68.16685 0 -3.52500 52.97500 34.35879 0.20115 -13
-0.98084 -0.10132 45.16915 0 3.07500 30.70000 32.32734 0.14143 -13
-1.10975 -0.11390 22.70397 0 3.40000 34.07500 15.25189 0.15086 13
0.06005 -0.03363 62.70817 0 1.02500 -4.07500 62.59555 0.10094 -13
-0.02541 -0.16340 8.44802 0 5.00000 0.60000 8.44538 0.10211 -13
0.92447 -0.10684 95.06736 0 3.22500 -27.82500 69.98937 0.13757 -13
1.64361 0.02250 81.03730 0 -0.67500 -48.07500 42.12866 0.19376 -13
0.50366 -0.16949 84.91566 0 5.10000 -14.05000 76.05447 0.11404 13
-0.71591 -0.13821 56.00394 0 4.15000 21.32500 45.68275 0.12462 13
-0.42468 -0.22746 36.46080 0 6.85000 13.47500 33.68685 0.11177 13
-0.53322 0.14276 50.71024 0 -4.32500 14.65000 44.84611 0.11503 13
-0.54494 -0.25631 50.71024 0 7.72500 15.00000 44.84611 0.11754 13
-1.28826 -0.22926 21.14879 0 6.95000 37.10000 13.17508 0.16589 -13
0.88135 -0.20563 35.67961 0 6.17500 -24.15000 27.00775 0.13580 13
0.17047 0.14475 20.68939 0 -4.35000 -6.07500 20.40112 0.10318 -13
0.17409 -0.25419 20.68939 0 7.70000 -6.20000 20.40112 0.10540 -13
1.75238 -0.04630 71.38244 0 1.40000 -50.62500 35.40792 0.20324 -13
0.08702 0.08384 75.41792 0 -2.52500 -2.77500 75.13595 0.10144 -13
-0.30155 -0.01545 51.57667 0 0.47500 9.17500 49.38087 0.10519 -13
0.18062 0.08755 54.25106 0 -2.65000 -7.17500 53.39351 0.10272 13
0.84318 -0.23384 78.89576 0 7.05000 -25.65000 60.97677 0.13380 13
1.05004 -0.03819 68.82357 0 1.15000 -32.40000 47.48142 0.14608 13
0.28770 0.10258 63.72922 0 -3.07500 -6.27500 61.26913 0.10529 -13
-0.51467 -0.22303 69.59305 0 6.72500 14.17500 62.18810 0.11547 -13
-0.12831 0.01108 70.15881 0 -0.32500 3.95000 69.58841 0.10154 -13
-0.28232 -0.03118 36.12038 0 0.92500 7.00000 34.76287 0.10468 13
-0.12380 0.09179 75.02573 0 -2.75000 2.50000 74.46205 0.10189 -13
0.97189 0.05949 57.41674 0 -1.77500 -27.07500 41.20950 0.14055 -13
-0.26501 0.05400 63.59620 0 -1.62500 8.25000 61.48001 0.10432 13
-0.11748 0.07980 44.13333 0 -2.42500 3.25000 43.83376 0.10172 13
-0.32479 -0.04130 94.03756 0 1.25000 12.57500 89.44574 0.10596 -13
0.04995 -0.09947 59.93482 0 3.00000 1.32500 59.86091 0.10133 -13
-0.36780 -0.17966 90.62693 0 5.42500 12.30000 85.21526 0.10882 -13
-0.00941 -0.01388 95.09801 0 0.42500 -2.45000 95.09380 0.10072 13
-0.25702 -0.06096 47.31292 0 1.85000 8.47500 45.82881 0.10416 -13
0.17409 -0.09350 10.57351 0 2.87500 -0.97500 10.41819 0.10267 -13
0.45490 0.11480 88.73570 0 -3.47500 -14.12500 80.86124 0.11124 13
-0.06338 -0.11732 7.49792 0 3.60000 -0.27500 7.48311 0.10163 -13
-0.04758 0.14235 51.89501 0 -4.27500 0.80000 51.83757 0.10183 -13
-0.04867 -0.25672 51.89501 0 7.75000 0.82500 51.83757 0.10410 -13
1.48113 0.02859 78.63451 0 -0.85000 -43.75000 44.01482 0.17998 -13
-0.63992 0.14955 1.84673 0 -4.20000 21.82500 1.56107 0.12048 -13
-0.65253 -0.24893 1.84673 0 7.82500 22.27500 1.56107 0.12329 -13
0.20339 0.10018 53.59798 0 -3.02500 -5.77500 52.53302 0.10326 -13
-0.07428 -0.08348 13.37736 0 2.55000 1.80000 13.34090 0.10134 -13
0.43405 -0.21519 62.88707 0 6.47500 -12.57500 57.89048 0.11189 13
-0.86824 0.12116 43.87744 0 -3.67500 26.40000 33.23507 0.13393 13
-0.89489 -0.27909 43.87744 0 8.40000 27.17500 33.23507 0.13801 13
-0.61245 -0.14168 39.77973 0 4.25000 17.82500 34.01463 0.11894 13
-0.02433 -0.09015 47.74868 0 2.72500 -1.02500 47.73465 0.10115 -13
-0.57675 -0.20627 73.30353 0 6.22500 19.92500 63.82529 0.11808 13
1.56064 -0.22090 44.43984 0 6.65000 -48.82500 24.38150 0.18794 13
0.08028 -0.14550 72.74481 0 4.37500 -3.17500 72.51632 0.10208 13
-0.36016 -0.23133 48.47872 0 6.97500 8.75000 45.74434 0.10953 13
0.81975 -0.01729 64.91574 0 0.50000 -26.25000 50.20620 0.13022 13
0.89938 -0.00683 34.10436 0 0.17500 -28.10000 25.35796 0.13544 13
-0.77761 -0.21767 8.10422 0 6.47500 21.87500 6.45306 0.12936 13
-0.33788 -0.15576 25.41015 0 4.67500 8.67500 24.10262 0.10743 13
0.59068 0.01583 26.37047 0 -0.45000 -17.15000 22.70608 0.11697 -13
0.30466 -0.21350 16.71091 0 6.47500 -8.42500 16.01518 0.10747 -13
-0.28049 -0.04133 12.16830 0 1.30000 10.90000 11.71689 0.10468 -13
0.27098 -0.11968 71.68588 0 3.62500 -8.10000 69.22379 0.10503 -13
-0.67936 0.07024 90.36324 0 -2.12500 21.95000 74.80405 0.12195 13
0.04137 -0.03137 72.16489 0 0.95000 -1.17500 72.10329 0.10084 13
-1.50233 -0.19166 96.72522 0 5.80000 46.02500 54.26603 0.18277 -13
-2.09140 0.11818 19.74460 0 -3.50000 64.00000 8.56528 0.23371 -13
0.60912 0.12692 34.32183 0 -3.80000 -16.25000 29.37534 0.11860 -13
0.62640 -0.27293 34.32183 0 8.25000 -16.77500 29.37534 0.12198 -13
-0.29376 -0.06710 8.14897 0 1.97500 7.77500 7.81992 0.10517 13
-0.07285 0.00783 52.45398 0 -0.22500 2.27500 52.31534 0.10097 -13
-1.64481 -0.08684 90.87126 0 2.62500 50.82500 47.33751 0.19404 -13
0.76938 -0.17142 68.74759 0 5.17500 -25.50000 54.77885 0.12824 -13
1.93556 0.01637 93.37344 0 -0.50000 -60.17500 42.86327 0.21939 13
-0.24338 -0.17152 82.85141 0 5.17500 10.15000 80.56587 0.10507 13
-0.73422 0.01885 28.89753 0 -0.55000 24.25000 23.29472 0.12494 -13
-0.79776 0.00273 43.14546 0 -0.07500 26.07500 33.72771 0.12882 -13
-0.78680 0.12897 91.15214 0 -3.87500 26.45000 71.86212 0.12879 -13
-0.80843 -0.27076 91.15214 0 8.17500 27.10000 71.86212 0.13234 -13
0.20114 -0.18328 55.22523 0 5.52500 -3.82500 54.17505 0.10436 13
1.70859 -0.24887 28.00004 0 7.47500 -49.15000 14.46211 0.20086 13
-1.38370 -0.16497 37.08499 0 4.95000 43.42500 21.91334 0.17272 13
0.39964 -0.02057 10.67762 0 0.57500 -12.07500 9.91548 0.10847 13
-0.26597 0.01832 63.03599 0 -0.55000 10.30000 60.91880 0.10422 13
-0.02797 -0.03002 74.16668 0 0.90000 0.97500 74.13773 0.10078 13
0.87011 0.12428 7.42305 0 -3.67500 -26.27500 5.61853 0.13404 -13
0.89557 -0.27555 7.42305 0 8.40000 -27.07500 5.61853 0.13813 -13
-0.28580 -0.14442 13.80088 0 4.32500 8.10000 13.27978 0.10573 13
-1.46826 -0.07649 27.88932 0 2.27500 46.42500 15.73014 0.17906 13
-0.27518 0.05996 74.07343 0 -1.82500 8.87500 71.42766 0.10463 13
0.38310 -0.24682 22.02907 0 7.47500 -12.32500 20.64703 0.11069 -13
1.43788 -0.14589 25.90550 0 4.37500 -43.02500 14.89699 0.17695 13
-1.26284 0.11496 93.99271 0 -3.45000 39.40000 58.58560 0.16262 -13
-2.06606 -0.19605 95.33311 0 5.92500 62.77500 42.17073 0.23200 -13
-0.11387 -0.09676 96.86256 0 2.92500 2.40000 96.24632 0.10182 -13
-0.86312 -0.20422 23.36835 0 6.20000 24.35000 17.84351 0.13463 -13
-1.08728 -0.00436 54.85209 0 0.15000 32.32500 37.13238 0.14876 -13
0.53146 -0.21774 79.66691 0 6.57500 -14.50000 70.70215 0.11614 -13
0.14631 -0.06271 14.86192 0 1.92500 -8.25000 14.70594 0.10198 -13
1.79912 -0.19772 59.26506 0 5.95000 -56.52500 29.21492 0.20822 13
0.08675 0.02584 83.50033 0 -0.77500 -0.15000 83.18815 0.10111 13
1.05087 -0.09015 94.04980 0 2.70000 -32.00000 64.97168 0.14636 13
0.00846 -0.22681 86.91842 0 6.85000 -0.30000 86.91546 0.10327 -13
0.22367 -0.03471 20.37959 0 1.07500 -8.10000 19.88898 0.10325 -13
-0.53281 -0.13303 95.40206 0 4.00000 17.52500 84.35857 0.11488 13
-0.34507 0.09421 62.65227 0 -2.82500 9.17500 59.25319 0.10694 -13
0.32682 -0.11277 34.72624 0 3.42500 -11.25000 33.02800 0.10656 -13
-0.47628 -0.02860 6.83990 0 0.77500 17.57500 6.17562 0.11159 13
-0.24521 -0.02284 77.46500 0 0.67500 10.77500 75.23724 0.10371 13
0.42859 -0.03633 67.78413 0 1.10000 -14.40000 62.30938 0.10962 13
-0.83764 -0.05481 12.33936 0 1.70000 21.50000 9.46515 0.13150 -13
0.60888 -0.15352 98.11250 0 4.62500 -18.77500 84.06328 0.11892 -13
0.40321 0.06938 73.96890 0 -2.07500 -15.07500 68.62530 0.10881 -13
1.46037 -0.17311 49.82219 0 5.20000 -41.57500 28.43216 0.17907 13
0.45557 0.13066 43.32715 0 -3.95000 -14.65000 39.48546 0.11144 13
0.46780 -0.26902 43.32715 0 8.10000 -15.02500 39.48546 0.11442 13
0.01773 -0.10511 99.30512 0 3.17500 -2.12500 99.28968 0.10127 13
-0.49982 -0.22595 97.93962 0 6.80000 13.65000 88.03455 0.11486 13
-1.51028 -0.16925 82.24156 0 5.10000 45.87500 45.84972 0.18319 13
-0.11069 0.12350 8.52649 0 -3.77500 5.87500 8.47546 0.10211 13
-0.11400 -0.27667 8.52649 0 8.27500 5.97500 8.47546 0.10507 13
2.25978 0.12646 57.90155 0 -3.82500 -64.85000 23.58651 0.24921 13
0.60706 -0.17860 26.23933 0 5.40000 -17.40000 22.52394 0.11919 -13
1.62576 -0.21144 45.73388 0 6.35000 -49.92500 24.34091 0.19337 13
1.33968 -0.15617 31.49577 0 4.67500 -39.77500 18.98476 0.16907 13
0.69981 -0.08246 77.72897 0 2.50000 -20.62500 63.75435 0.12320 -13
