0.17841 -0.17390 72.60688 0 5.22500 -6.52500 71.51055 0.10377 13
-1.31844 -0.02227 63.79929 0 0.65000 40.62500 38.56043 0.16666 13
-0.31834 -0.03792 1.89959 0 1.42500 7.55000 1.81030 0.10595 -13
0.03712 -0.03807 30.63023 0 1.17500 0.57500 30.60918 0.10085 -13
-0.36692 0.03200 99.07331 0 -0.97500 9.22500 93.01565 0.10731 13
1.39222 -0.23487 50.52667 0 7.10000 -43.30000 29.99822 0.17425 -13
-0.06635 -0.17725 73.16622 0 5.35000 -0.25000 73.01055 0.10250 -13
-1.68562 -0.02241 90.27080 0 0.67500 49.40000 46.06676 0.19739 -13
-0.57645 0.07703 32.19700 0 -2.30000 17.95000 27.91487 0.11649 -13
-1.27515 -0.17459 28.48564 0 5.30000 39.10000 17.74167 0.16416 -13
-0.41860 -0.18554 49.93038 0 5.60000 12.75000 46.17244 0.11077 -13
0.12260 0.01335 68.41354 0 -0.40000 -4.45000 67.90522 0.10147 13
-0.21289 -0.04043 66.87680 0 1.20000 6.32500 65.41329 0.10304 13
1.09274 0.14727 12.23725 0 -4.50000 -34.85000 8.30950 0.14977 13
1.11478 -0.25167 12.23725 0 7.52500 -35.50000 8.30950 0.15286 13
-0.41821 -0.11840 96.91154 0 3.57500 11.32500 89.49993 0.10980 13
1.58525 -0.13526 76.65899 0 4.07500 -48.02500 41.16477 0.18923 13
-0.38771 0.00948 32.50090 0 -0.27500 11.35000 30.30337 0.10801 -13
1.02914 -0.05749 93.53767 0 1.72500 -29.95000 65.23999 0.14462 13
0.15094 0.09807 2.86502 0 -2.77500 -6.67500 2.83324 0.10233 -13
0.45852 -0.11977 63.40323 0 3.60000 -12.00000 57.70481 0.11144 13
-0.36914 -0.01649 20.79530 0 0.52500 11.70000 19.50890 0.10736 -13
-0.04895 -0.21911 3.41826 0 6.77500 0.42500 3.41436 0.10337 -13
0.08094 0.07893 8.71865 0 -2.42500 -2.70000 8.69048 0.10137 13
-0.79250 -0.13894 7.08901 0 4.27500 22.00000 5.57566 0.12934 -13
0.54994 0.10650 69.62976 0 -3.20000 -17.35000 61.09176 0.11542 -13
1.52426 -0.15991 1.53996 0 4.22500 -45.05000 0.85277 0.18409 13
0.69385 -0.22032 7.08837 0 6.55000 -20.80000 5.86794 0.12450 13
1.30295 0.03472 72.64771 0 -1.05000 -38.97500 44.24794 0.16528 13
1.30296 0.03472 72.64771 0 -1.05000 -39.02500 44.24794 0.16544 13
0.64314 -0.17857 79.77140 0 5.37500 -19.90000 67.39927 0.12107 13
-0.60308 -0.00979 80.15747 0 0.30000 18.50000 68.64172 0.11760 13
0.95131 -0.18084 22.46998 0 5.47500 -30.15000 16.40407 0.14020 -13
-0.33442 0.09126 60.42943 0 -2.75000 9.47500 57.33366 0.10658 13
0.57847 -0.09905 43.92929 0 3.00000 -15.57500 38.07193 0.11677 -13
0.27068 -0.24911 84.20211 0 7.52500 -8.77500 81.43987 0.10731 -13
-0.13347 -0.14363 53.22439 0 4.32500 3.52500 52.76587 0.10261 13
-0.45124 -0.04049 1.22212 0 0.80000 16.17500 1.11420 0.11091 13
-1.13972 -0.12684 50.20464 0 3.85000 34.20000 33.26006 0.15324 -13
0.09103 -0.12667 96.82801 0 3.82500 -1.52500 96.43557 0.10192 -13
0.24679 -0.10968 30.93959 0 3.30000 -7.30000 30.04874 0.10431 13
0.03957 0.11425 98.74544 0 -3.45000 -2.52500 98.66923 0.10144 13
0.23483 0.00213 17.96229 0 -0.02500 -8.27500 17.48666 0.10345 -13
-2.08052 -0.12983 55.63971 0 3.95000 61.90000 24.26720 0.23285 -13
-0.09072 -0.20840 4.33280 0 6.17500 2.00000 4.31578 0.10322 13
-0.21023 0.06922 44.08935 0 -2.10000 5.20000 43.15059 0.10314 13
0.02094 -0.13198 7.83469 0 3.92500 -3.92500 7.83300 0.10158 13
-0.33256 -0.13082 65.05131 0 3.95000 10.07500 61.77934 0.10695 -13
-1.74870 -0.09175 45.11728 0 2.80000 52.55000 22.46868 0.20307 -13
0.91369 -0.10784 59.68097 0 3.27500 -27.30000 44.17528 0.13685 -13
-1.85790 0.10454 58.34424 0 -3.12500 57.10000 27.76948 0.21271 -13
-1.58906 -0.07928 21.62670 0 2.42500 46.52500 11.54372 0.18928 -13
-0.39617 0.00541 62.26473 0 -0.17500 13.87500 57.88757 0.10832 13
-1.88203 -0.16633 95.68330 0 5.00000 58.72500 45.37469 0.21526 13
-0.29909 -0.18222 15.82805 0 5.52500 7.87500 15.18466 0.10672 -13
-1.95119 -0.09333 68.37262 0 2.82500 56.17500 31.29123 0.22101 -13
2.99583 -4.20689 68.37262 0 2.07500 58.60000 31.29123 0.23189 -13
19.05554 -74.00558 68.37262 0 2.15000 58.55000 31.29123 0.23217 -13
0.61867 -2.41244 68.37262 0 2.30000 58.50000 31.29123 0.23320 -13
-0.75483 0.09757 91.01864 0 -2.92500 21.80000 72.77071 0.12655 -13
0.30744 0.10407 68.34373 0 -3.15000 -10.27500 65.35634 0.10589 13
-1.20273 -0.14175 38.02200 0 4.30000 36.35000 24.45172 0.15818 -13
1.62841 -0.19429 15.70674 0 5.92500 -49.62500 8.33038 0.19351 -13
-1.28830 0.09907 64.00251 0 -3.00000 39.42500 39.36411 0.16454 13
-0.09856 0.13578 69.01143 0 -4.10000 3.15000 68.68467 0.10211 -13
-0.10100 -0.26360 69.01143 0 7.95000 3.22500 68.68467 0.10464 -13
-0.20049 0.12829 10.83109 0 -3.82500 7.47500 10.62287 0.10350 -13
-0.20602 -0.27145 10.83109 0 8.25000 7.65000 10.62287 0.10644 -13
-0.95225 -0.21827 87.95666 0 6.60000 30.00000 64.39700 0.14079 -13
-0.89114 0.06526 63.79173 0 -1.95000 27.80000 47.67005 0.13505 -13
0.62445 -0.21735 40.36920 0 6.55000 -18.02500 34.46033 0.12071 13
-0.70180 0.11528 27.88949 0 -3.45000 18.85000 22.87792 0.12357 -13
-0.75266 0.04635 20.37945 0 -1.42500 23.80000 16.28909 0.12613 13
-1.14734 0.14852 53.17923 0 -4.50000 34.42500 35.15732 0.15401 13
-1.16992 -0.25032 53.17923 0 7.52500 35.10000 35.15732 0.15700 13
0.00117 -0.08020 12.71197 0 2.45000 1.20000 12.71196 0.10104 -13
0.27248 -0.15462 68.40927 0 4.65000 -8.80000 66.05631 0.10552 13
1.50708 -0.12847 53.73632 0 3.90000 -45.95000 29.87955 0.18260 -13
1.21315 0.02622 67.01420 0 -0.80000 -37.22500 42.63397 0.15834 13
1.90995 0.08728 95.88659 0 -2.65000 -58.55000 44.60891 0.21729 13
-0.14752 -0.16257 74.85712 0 4.90000 7.50000 74.07594 0.10311 -13
-0.71872 0.03242 22.67690 0 -0.95000 22.57500 18.41762 0.12405 -13
-0.12343 -0.11899 49.23245 0 3.57500 5.12500 48.86688 0.10217 13
0.15104 -0.03566 29.37711 0 1.05000 -2.35000 29.04805 0.10191 13
-0.39266 -0.11818 27.21840 0 3.55000 13.62500 25.35857 0.10883 13
-0.71910 -0.24577 54.99216 0 7.42500 23.65000 45.08646 0.12650 -13
-0.00253 -0.16512 42.19495 0 4.97500 0.00000 42.19482 0.10206 13
-0.59102 0.01336 53.10560 0 -0.40000 18.55000 45.71886 0.11699 -13
0.73495 -0.07553 81.09033 0 2.27500 -24.25000 65.40663 0.12520 13
-1.16761 -0.11164 43.79327 0 3.37500 36.92500 28.58902 0.15522 -13
-1.05912 -0.10307 5.27642 0 3.25000 31.42500 3.63283 0.14714 -13
0.12745 0.13904 38.54875 0 -4.17500 -2.57500 38.24527 0.10247 -13
0.13044 -0.26017 38.54875 0 7.85000 -2.67500 38.24527 0.10489 -13
1.94100 0.07145 20.31150 0 -2.10000 -60.37500 9.32172 0.21997 -13
-0.63579 -0.12079 70.99702 0 3.62500 18.75000 60.03763 0.11994 13
-1.26605 0.02700 51.98148 0 -0.82500 38.67500 32.22653 0.16250 13
-0.31050 0.01892 8.17847 0 -0.50000 10.15000 7.81081 0.10547 -13
0.99004 0.00160 97.46832 0 -0.05000 -31.07500 69.26446 0.14171 -13
-1.11686 0.01763 81.70274 0 -0.52500 35.35000 54.50500 0.15098 -13
-0.14087 0.06681 6.08943 0 -1.92500 3.60000 6.03016 0.10192 -13
-1.09496 -0.01104 26.95299 0 0.35000 32.75000 18.17650 0.14934 -13
-0.06703 0.06460 89.61358 0 -1.95000 2.57500 89.41379 0.10113 -13
-0.24806 0.09428 33.27734 0 -2.85000 7.82500 32.30665 0.10419 13
-0.60084 -0.06795 64.34080 0 2.05000 19.22500 55.18470 0.11768 13
-1.41212 -0.02890 12.05446 0 0.80000 41.22500 6.96857 0.17426 13
0.39376 0.05804 91.80889 0 -1.75000 -11.62500 85.44403 0.10839 13
-0.58606 0.02296 92.53734 0 -0.67500 17.72500 79.84211 0.11675 -13
0.27344 -0.11053 76.29799 0 3.32500 -9.45000 73.62706 0.10499 13
1.82708 -0.14981 75.00418 0 4.52500 -55.52500 36.31856 0.21031 -13
-0.17647 0.01692 40.05479 0 -0.50000 4.65000 39.44548 0.10227 -13
1.50642 -0.11072 78.64288 0 3.32500 -46.85000 43.67894 0.18242 13
-1.71683 -0.14299 29.80272 0 4.27500 50.87500 15.11319 0.20057 13
-0.51201 -0.17988 65.33970 0 5.42500 17.37500 58.34974 0.11459 -13
-0.07014 -0.13010 70.51834 0 3.92500 3.30000 70.34843 0.10179 13
1.61549 -0.19374 7.99288 0 5.72500 -47.40000 4.26325 0.19219 13
0.95392 0.02585 31.45324 0 -0.75000 -27.72500 22.76305 0.13919 -13
-1.76241 -0.15142 79.72967 0 4.55000 52.35000 39.68478 0.20461 13
1.21732 -0.07300 72.03442 0 2.20000 -33.90000 45.79753 0.15881 13
-1.12796 0.11066 93.24495 0 -3.35000 34.92500 62.06855 0.15222 13
1.43336 0.08790 58.59019 0 -2.62500 -44.50000 33.61050 0.17621 -13
0.33851 0.07800 18.36993 0 -2.37500 -10.00000 17.40510 0.10662 13
-0.59268 -0.02730 12.75283 0 0.87500 18.87500 10.97194 0.11710 -13
-0.07652 -0.06139 84.04380 0 1.85000 -0.02500 83.79974 0.10119 -13
-0.55061 0.02159 88.69810 0 -0.65000 15.55000 77.70265 0.11498 -13
0.33455 -0.07007 36.75999 0 2.10000 -8.35000 34.86929 0.10642 13
-0.79530 -0.00941 78.16354 0 0.30000 24.10000 61.17667 0.12867 -13
0.82015 0.12772 5.96461 0 -3.75000 -24.72500 4.62686 0.13083 -13
0.84300 -0.27199 5.96461 0 8.32500 -25.45000 4.62686 0.13469 -13
-0.38785 0.07005 36.20806 0 -2.10000 11.62500 33.76883 0.10824 -13
0.40614 0.10390 27.10889 0 -3.12500 -12.15000 25.13543 0.10919 -13
-0.12268 -0.05072 65.27493 0 1.52500 2.77500 64.79031 0.10159 -13
0.21812 -0.06754 66.43642 0 2.05000 -4.92500 64.91709 0.10330 -13
-0.98693 -0.04518 73.53715 0 1.35000 29.72500 52.36555 0.14157 13
1.12333 0.00312 14.04253 0 -0.15000 -33.72500 9.33709 0.15146 13
-1.95936 0.03659 56.41444 0 -1.07500 57.32500 25.65639 0.22157 -13
-0.29928 -0.11105 33.63512 0 3.32500 9.17500 32.23903 0.10570 13
-1.39753 -0.21404 95.47549 0 6.47500 43.60000 56.38203 0.17440 -13
1.83161 0.07624 21.54637 0 -2.35000 -54.67500 10.34722 0.21033 13
-0.89957 -0.03750 54.73006 0 1.12500 27.87500 40.70171 0.13551 13
-1.87971 0.12312 55.19760 0 -3.72500 54.45000 26.07660 0.21479 13
-1.93583 -0.27701 55.19760 0 8.32500 56.12500 26.07660 0.22115 13
-0.46845 -0.14488 47.61619 0 4.35000 13.22500 43.19939 0.11215 13
-1.67920 -0.10172 53.46554 0 3.05000 49.52500 27.45984 0.19707 13
1.03879 0.05999 61.59890 0 -1.82500 -32.45000 42.76053 0.14533 13
-0.07088 -0.02932 3.74508 0 0.75000 2.67500 3.73569 0.10103 13
-0.38445 0.07085 40.29127 0 -2.15000 13.12500 37.61985 0.10813 13
-0.00076 -0.15028 52.25421 0 4.52500 2.37500 52.25419 0.10183 13
-0.99870 0.06921 24.92818 0 -2.12500 30.85000 17.65963 0.14250 13
-0.47826 -0.02791 13.80581 0 0.80000 10.55000 12.45551 0.11166 13
-1.93380 -0.05284 99.12597 0 1.60000 60.85000 45.58231 0.21931 -13
0.57120 -0.08963 73.44954 0 2.70000 -16.00000 63.84107 0.11633 -13
1.20497 -0.12776 40.48362 0 3.87500 -37.92500 25.97825 0.15822 -13
-1.08220 0.14148 21.78822 0 -4.22500 32.00000 14.86553 0.14904 -13
-1.10652 -0.25761 21.78822 0 7.80000 32.75000 14.86553 0.15246 -13
-0.04269 -0.24320 57.86874 0 7.35000 4.70000 57.81898 0.10373 -13
0.60883 -0.11912 80.23335 0 3.60000 -14.62500 68.66105 0.11851 -13
-0.45021 -0.22493 78.30924 0 6.77500 14.12500 71.69792 0.11274 13
-0.09458 -0.13446 70.24446 0 4.05000 3.15000 69.93786 0.10205 13
0.68256 0.06888 66.45627 0 -2.07500 -22.42500 54.93023 0.12212 -13
-1.86384 -0.20096 54.29675 0 6.05000 57.57500 26.06602 0.21394 13
-0.32683 0.13677 43.64226 0 -4.12500 9.85000 41.51945 0.10683 -13
-0.33477 -0.26254 43.64226 0 7.92500 10.07500 41.51945 0.10945 -13
2.16475 0.04638 45.84766 0 -1.42500 -62.57500 19.24478 0.24018 13
-0.82261 -0.16337 75.36486 0 4.92500 23.97500 58.51122 0.13142 13
-1.62039 0.06453 41.53621 0 -1.97500 48.42500 21.84606 0.19188 13
0.00476 0.12679 71.44812 0 -3.82500 1.47500 71.44733 0.10152 13
0.00487 -0.27312 71.44812 0 8.22500 1.47500 71.44733 0.10439 13
-0.93986 -0.03881 7.00671 0 1.27500 27.07500 5.10774 0.13828 -13
-0.83250 -0.08756 53.55455 0 2.65000 25.95000 41.22318 0.13133 -13
0.22056 -0.03497 32.70959 0 1.07500 -6.45000 31.94278 0.10319 -13
-0.80591 -0.04391 44.42301 0 1.35000 24.00000 34.60178 0.12942 -13
0.35997 0.11572 8.04963 0 -3.55000 -9.92500 7.57961 0.10770 13
0.88955 0.09911 77.66872 0 -3.00000 -25.32500 58.15578 0.13515 13
0.85595 0.00855 39.47727 0 -0.27500 -25.00000 29.99151 0.13256 13
-0.08296 -0.14564 47.90063 0 4.37500 3.07500 47.74002 0.10210 13
0.86404 -0.20736 77.62723 0 6.25000 -25.42500 59.26287 0.13472 -13
-1.07747 0.02534 51.67375 0 -0.77500 31.92500 35.15779 0.14806 13
1.22230 -0.01493 16.73411 0 0.50000 -36.05000 10.59657 0.15906 -13
0.65811 -0.12236 62.62906 0 3.70000 -21.17500 52.43578 0.12118 -13
1.20979 0.04368 35.35690 0 -1.35000 -33.65000 22.53916 0.15813 13
-0.22272 0.13271 78.17073 0 -4.00000 7.30000 76.33265 0.10403 -13
-0.22850 -0.26683 78.17073 0 8.05000 7.47500 76.33265 0.10674 -13
1.44419 -0.19452 72.15672 0 5.85000 -44.37500 41.59261 0.17797 13
1.89904 0.00312 54.83398 0 -0.10000 -57.27500 25.54878 0.21614 13
0.87252 0.01628 10.58786 0 -0.55000 -25.65000 7.97835 0.13367 13
0.87368 -0.19081 48.15525 0 5.77500 -25.95000 36.54264 0.13511 -13
0.46642 -0.16007 16.10431 0 4.87500 -12.77500 14.62749 0.11231 -13
0.70923 -0.15823 52.83129 0 4.77500 -20.22500 43.27074 0.12449 -13
0.82379 0.10771 71.34480 0 -3.25000 -24.70000 55.19463 0.13092 -13
0.08597 -0.06577 91.69714 0 1.97500 -4.42500 91.36166 0.10129 13
0.97242 -0.20619 41.32990 0 6.20000 -29.60000 29.92816 0.14197 13
0.66293 0.12390 82.27202 0 -3.72500 -22.17500 68.73105 0.12146 -13
0.68251 -0.27613 82.27202 0 8.32500 -22.77500 68.73105 0.12506 -13
-0.15792 0.14138 70.77108 0 -4.27500 5.52500 69.92154 0.10294 13
-0.16148 -0.25775 70.77108 0 7.77500 5.62500 69.92154 0.10525 13
0.42365 -0.01921 1.20526 0 0.15000 -13.87500 1.10973 0.10980 13
-0.22418 0.13337 22.29727 0 -4.05000 7.05000 21.76639 0.10409 13
-0.23001 -0.26620 22.29727 0 8.00000 7.22500 21.76639 0.10673 13
1.15839 0.10101 2.49840 0 -3.35000 -35.90000 1.63720 0.15476 13
-1.30612 0.07283 15.78202 0 -2.25000 41.02500 9.61090 0.16583 13
1.11841 -0.21511 35.05927 0 6.47500 -32.92500 23.66134 0.15260 13
-1.37995 0.14615 52.91983 0 -4.40000 40.35000 31.26770 0.17224 -13
-1.40841 -0.25274 52.91983 0 7.65000 41.22500 31.26770 0.17582 -13
-0.50472 -0.04254 77.26809 0 1.30000 15.87500 68.99245 0.11288 -13
0.20980 -0.19281 67.28344 0 5.80000 -7.22500 65.89965 0.10471 13
1.03879 0.09178 12.09791 0 -2.82500 -33.40000 8.40821 0.14554 13
-0.15108 -0.19698 58.09513 0 5.95000 3.35000 57.46722 0.10377 -13
1.94882 0.12164 89.95806 0 -3.67500 -60.47500 41.30978 0.22093 13
2.00814 -0.27854 89.95806 0 8.40000 -62.27500 41.30978 0.22762 13
1.94463 0.02502 95.37361 0 -0.75000 -60.57500 43.62646 0.22023 -13
1.56036 -0.23312 91.57221 0 7.05000 -46.02500 50.33830 0.18812 -13
-1.31301 0.14371 67.72334 0 -4.32500 39.07500 41.29816 0.16683 -13
-1.34136 -0.25530 67.72334 0 7.72500 39.95000 41.29816 0.17045 -13
0.26210 -0.24630 21.85244 0 7.45000 -5.80000 21.17751 0.10704 -13
-0.20621 0.00073 72.75733 0 -0.02500 4.40000 71.25798 0.10282 -13
0.89697 0.03194 20.27551 0 -0.92500 -24.45000 15.09658 0.13532 -13
-1.25898 -0.22288 11.52093 0 6.65000 38.77500 7.27212 0.16338 13
-2.02220 -0.20738 63.23863 0 6.22500 59.72500 28.50861 0.22811 13
-0.50254 -0.16746 96.24480 0 5.05000 16.10000 86.23385 0.11396 -13
0.15915 -0.07552 70.12539 0 2.27500 -4.10000 69.25867 0.10225 -13
-0.27679 -0.05593 57.37663 0 1.67500 7.75000 55.30346 0.10464 13
-0.10953 0.10466 25.19260 0 -3.15000 3.17500 25.04440 0.10185 -13
-0.55002 -0.23739 42.19122 0 7.17500 16.47500 37.20023 0.11740 -13
0.75338 -0.06079 83.17650 0 1.82500 -23.70000 66.47742 0.12623 13
-0.33275 -0.02773 68.57071 0 0.82500 8.82500 65.06577 0.10617 13
0.25138 -0.05812 45.84478 0 1.77500 -3.62500 44.46593 0.10401 -13
0.12652 -0.18613 43.70337 0 5.60000 -3.30000 43.36916 0.10321 13
0.13663 -0.20874 90.55282 0 6.30000 -0.90000 89.75365 0.10379 13
-2.12725 0.03334 57.20977 0 -1.02500 64.70000 24.34934 0.23675 13
-0.11483 -0.09388 51.93582 0 2.82500 0.92500 51.59979 0.10180 13
-0.00186 -0.15216 5.13040 0 4.50000 0.60000 5.13039 0.10183 13
-2.03576 -0.06626 21.91938 0 1.95000 61.35000 9.68177 0.22845 13
-1.75565 0.07861 29.72571 0 -2.35000 49.82500 14.74648 0.20360 -13
-1.14558 -0.13286 46.71294 0 4.00000 33.27500 30.87165 0.15371 13
0.72237 0.03517 1.07220 0 -1.60000 -23.40000 0.86918 0.12502 13
0.98921 -0.06824 52.52947 0 2.05000 -33.95000 37.38787 0.14182 13
-0.66316 -0.11224 97.40473 0 3.40000 20.87500 81.33175 0.12136 -13
0.99956 0.05433 24.95995 0 -1.67500 -30.72500 17.66589 0.14250 13
-1.38224 -0.04965 68.35965 0 1.50000 40.97500 40.10111 0.17188 -13
0.08361 -0.24199 43.02911 0 7.27500 -2.37500 42.88771 0.10394 13
-1.02411 -0.12909 66.22830 0 3.87500 32.35000 46.46471 0.14473 13
-0.81748 -0.19242 33.53658 0 5.82500 21.20000 26.15296 0.13151 -13
-0.80004 -0.15081 89.87606 0 4.55000 24.92500 70.48682 0.12986 -13
0.17056 -0.18321 91.24795 0 5.52500 -5.60000 89.99051 0.10381 13
1.72744 0.13532 78.14046 0 -4.07500 -53.37500 39.41425 0.20146 -13
1.77047 -0.26407 78.14046 0 7.97500 -54.67500 39.41425 0.20652 -13
0.83969 0.00460 93.35944 0 -0.12500 -26.27500 71.49667 0.13150 -13
0.44683 0.10086 51.09160 0 -3.02500 -12.17500 46.68592 0.11076 -13
-0.46121 0.08880 49.92167 0 -2.67500 16.95000 45.36288 0.11126 -13
0.95138 0.10358 19.38739 0 -3.15000 -25.50000 14.08212 0.13940 13
0.18746 0.03715 97.88702 0 -1.12500 -5.92500 96.21332 0.10253 13
0.55130 0.02834 25.10457 0 -0.82500 -15.22500 21.98714 0.11503 -13
-0.30147 0.04185 4.04206 0 -1.40000 8.35000 3.87034 0.10532 13
1.97636 0.03755 29.88494 0 -1.10000 -59.00000 13.50005 0.22308 -13
-0.50553 -0.08693 87.14624 0 2.62500 14.45000 77.83229 0.11318 -13
-0.50366 -0.15402 13.94623 0 4.60000 16.62500 12.48493 0.11380 13
1.00846 0.01749 21.07961 0 -0.50000 -30.22500 14.84374 0.14304 -13
0.70492 -0.21276 81.89358 0 6.40000 -20.52500 67.42084 0.12505 13
-0.48039 -0.20993 99.04726 0 6.35000 15.80000 89.63503 0.11371 -13
-0.60449 -0.16284 34.49174 0 4.92500 20.25000 29.62094 0.11882 -13
-1.22590 0.02568 49.10486 0 -0.75000 36.45000 31.04510 0.15934 -13
-0.13549 0.06064 65.31146 0 -1.82500 7.10000 64.72224 0.10180 13
-1.28384 0.12398 80.30113 0 -3.75000 41.87500 49.57903 0.16436 13
-1.32176 -0.27609 80.30113 0 8.32500 43.00000 49.57903 0.16919 13
2.09684 0.11329 11.81429 0 -3.52500 -64.05000 5.11236 0.23431 13
0.32363 -0.09239 11.59204 0 2.82500 -8.47500 11.03312 0.10628 -13
0.56756 0.02058 44.61162 0 -0.60000 -20.17500 38.80029 0.11581 -13
-0.20313 0.05563 39.40845 0 -1.67500 6.70000 38.62216 0.10291 -13
-1.00633 0.02661 21.28671 0 -0.77500 31.37500 15.00713 0.14289 -13
-0.99114 0.04747 17.74564 0 -1.47500 29.27500 12.61066 0.14188 13
0.27353 -0.22559 60.73718 0 6.80000 -6.47500 58.68403 0.10685 -13
0.58795 -0.14318 34.57009 0 4.30000 -17.82500 29.87709 0.11765 13
-0.87546 -0.03089 80.53022 0 0.95000 22.45000 60.60383 0.13388 -13
-0.51424 0.07821 4.97681 0 -2.25000 17.42500 4.42871 0.11350 -13
0.33549 -0.08828 71.57121 0 2.67500 -11.15000 67.88066 0.10659 -13
-0.52569 0.03867 80.78486 0 -1.17500 12.65000 71.51820 0.11384 13
1.31325 -0.23358 56.72390 0 7.05000 -40.17500 34.94189 0.16790 -13
-0.64607 -0.22371 28.96457 0 6.77500 17.97500 24.50137 0.12201 -13
0.14399 0.06814 41.10723 0 -2.07500 -2.70000 40.68952 0.10197 13
-0.54530 -0.14747 47.43289 0 4.45000 14.90000 41.74570 0.11567 -13
1.15353 -0.19484 7.25586 0 6.00000 -35.12500 4.80297 0.15511 -13
-0.80416 -0.03535 17.34221 0 1.02500 25.35000 13.51764 0.12928 13
-0.72977 0.00659 55.38826 0 -0.17500 22.40000 44.74141 0.12467 -13
0.46497 0.06111 30.80708 0 -1.85000 -14.62500 27.94416 0.11123 13
0.06052 -0.04288 59.93748 0 1.27500 -1.50000 59.82820 0.10098 13
-0.42553 -0.21479 72.18367 0 6.47500 16.37500 66.64554 0.11155 13
0.73729 -0.02381 46.86758 0 0.70000 -22.67500 37.72674 0.12514 13
0.10326 -0.09867 65.19297 0 2.97500 -2.20000 64.85143 0.10173 -13
-0.52247 0.10972 77.23602 0 -3.30000 16.20000 68.54321 0.11415 -13
-0.45060 -0.07943 43.92237 0 2.40000 13.57500 40.06578 0.11075 -13
-0.32193 0.08861 91.92376 0 -2.67500 9.57500 87.53326 0.10617 -13
0.08738 -0.05819 1.54100 0 1.42500 -1.62500 1.53514 0.10145 13
-0.54358 -0.21529 86.81733 0 6.50000 18.12500 76.66472 0.11666 -13
-0.33085 -0.04931 69.32841 0 1.47500 7.30000 65.82740 0.10618 13
-0.39751 -0.02927 73.63378 0 0.87500 10.87500 68.42966 0.10841 13
0.53284 0.04520 82.73441 0 -1.37500 -16.25000 73.03239 0.11420 13
0.62420 0.01009 60.48960 0 -0.30000 -16.52500 51.31399 0.11872 -13
0.29205 -0.08810 34.88790 0 2.65000 -8.50000 33.49907 0.10528 13
-0.85466 0.02114 52.23168 0 -0.62500 26.37500 39.70946 0.13249 -13
0.69618 0.03030 2.50397 0 -0.67500 -21.37500 2.05550 0.12282 -13
0.66847 -0.20807 51.93128 0 6.27500 -19.55000 43.45320 0.12292 13
-1.08450 0.10466 63.20460 0 -3.17500 32.57500 42.97190 0.14893 13
1.45112 -0.14014 30.74736 0 4.20000 -44.70000 17.56254 0.17801 13
0.56861 0.02181 42.62264 0 -0.65000 -18.25000 37.05390 0.11586 -13
0.86466 -0.18777 45.61644 0 5.67500 -25.90000 34.76002 0.13448 -13
0.35570 -0.05311 16.18778 0 1.62500 -11.37500 15.25410 0.10703 -13
-1.47622 -0.07029 28.20749 0 2.15000 45.50000 15.84682 0.17970 -13
-1.30894 -1.90091 28.20749 0 2.30000 45.35000 15.84682 0.17957 -13
-7.94681 -7.08284 28.20749 0 2.60000 45.65000 15.84682 0.18122 -13
4.58552 4.48822 28.20749 0 3.52500 47.70000 15.84682 0.18666 -13
1.96219 4.58644 28.20749 0 3.90000 49.05000 15.84682 0.19560 -13
1.60788 1.03853 28.20749 0 3.67500 46.82500 15.84682 0.22867 -13
2.10678 -0.04864 6.26950 0 1.27500 -63.27500 2.68985 0.23496 13
0.57419 -0.18531 72.78546 0 5.60000 -16.65000 63.38185 0.11762 -13
1.42988 -0.15735 6.15402 0 4.90000 -44.37500 3.55532 0.17661 -13
-0.60906 0.09642 70.56802 0 -2.90000 18.12500 60.34474 0.11831 -13
0.28172 0.14376 9.30209 0 -4.27500 -5.72500 8.96017 0.10560 -13
0.28776 -0.25516 9.30209 0 7.75000 -5.92500 8.96017 0.10796 -13
-0.94085 -0.00998 66.59421 0 0.30000 28.97500 48.50282 0.13827 13
-0.24409 -0.05725 70.69180 0 1.72500 6.52500 68.68191 0.10382 13
1.05588 0.12244 63.56064 0 -3.67500 -29.02500 43.87777 0.14696 -13
1.08771 -0.27766 63.56064 0 8.40000 -30.00000 43.87777 0.15142 -13
-0.62739 -0.12449 77.01476 0 3.75000 17.90000 65.37924 0.11954 13
0.02933 -0.12609 35.33185 0 3.82500 1.55000 35.31690 0.10155 -13
-0.24024 0.14166 7.31879 0 -4.20000 8.67500 7.12023 0.10452 -13
-0.24568 -0.25747 7.31879 0 7.85000 8.85000 7.12023 0.10696 -13
-1.96811 -0.04275 28.39614 0 1.25000 56.42500 12.87256 0.22235 13
-0.60634 0.03227 38.22132 0 -1.00000 17.97500 32.68753 0.11782 13
-0.38571 0.00436 8.87786 0 -0.07500 11.50000 8.28298 0.10794 -13
-0.56387 0.11843 98.71011 0 -3.57500 15.27500 86.12616 0.11622 -13
-0.20728 -0.19060 67.30384 0 5.75000 6.40000 65.95057 0.10462 13
1.29194 -0.08058 98.52910 0 2.42500 -40.22500 60.43153 0.16471 13
0.45794 -0.07143 65.25547 0 2.17500 -14.35000 59.35622 0.11099 -13
1.53703 -0.06484 12.73245 0 2.02500 -43.65000 6.95299 0.18484 -13
0.84850 0.11638 98.66077 0 -3.52500 -23.72500 75.44034 0.13259 13
0.76793 0.03315 38.47573 0 -1.02500 -23.82500 30.52240 0.12702 13
0.35625 -0.19145 66.96860 0 5.77500 -12.47500 63.21101 0.10863 -13
-0.94971 -0.13557 74.59948 0 4.07500 25.82500 54.32512 0.13955 13
-0.06631 -0.10532 74.50657 0 3.17500 -0.15000 74.34508 0.10148 -13
1.14285 -0.10491 41.06639 0 3.15000 -35.25000 27.12594 0.15328 13
-0.10895 -0.10771 64.24802 0 3.25000 1.77500 63.87438 0.10188 13
0.76238 0.03926 76.84128 0 -1.20000 -22.70000 61.12497 0.12669 13
-0.06651 0.06756 83.59642 0 -2.02500 3.27500 83.41296 0.10116 -13
-0.27554 -0.18514 32.28118 0 5.60000 7.90000 31.15801 0.10611 -13
-1.80574 0.14480 53.53712 0 -4.35000 56.82500 26.14205 0.20836 -13
-1.84385 -0.25413 53.53712 0 7.67500 57.97500 26.14205 0.21281 -13
0.84818 0.04266 26.69071 0 -1.27500 -27.20000 20.36275 0.13212 -13
-0.43851 -0.22738 50.25847 0 6.87500 12.20000 46.21145 0.11232 -13
-0.15601 -0.19270 91.73185 0 5.82500 4.65000 90.67409 0.10375 -13
0.38208 -0.10880 24.04825 0 3.30000 -12.07500 22.48096 0.10837 -13
-0.50815 -0.06290 85.35132 0 1.90000 15.82500 76.12143 0.11314 13
-0.74764 -0.19037 16.12403 0 5.70000 19.60000 12.99586 0.12716 13
0.81810 0.05921 28.10260 0 -1.77500 -27.82500 21.76657 0.13024 -13
-1.17889 0.01898 59.71467 0 -0.57500 36.02500 38.63187 0.15569 13
0.91942 0.07135 30.60087 0 -2.12500 -28.85000 22.55320 0.13698 -13
0.90165 -0.09301 84.15462 0 2.82500 -28.57500 62.62057 0.13592 -13
-0.33662 -0.02764 60.74485 0 0.82500 9.30000 57.57267 0.10629 13
0.23025 -0.18006 68.17721 0 5.42500 -6.00000 66.49139 0.10491 13
0.35403 -0.04306 42.82305 0 1.30000 -10.62500 40.37202 0.10692 13
-0.14576 0.11028 96.19790 0 -3.32500 1.65000 95.20391 0.10237 13
-0.92719 -0.05851 6.49769 0 1.87500 26.90000 4.76845 0.13751 -13
1.52633 -0.06145 91.15831 0 1.85000 -46.97500 50.02272 0.18386 13
-0.13794 0.06978 99.16850 0 -2.10000 3.00000 98.24275 0.10190 13
0.64423 -0.15266 56.87114 0 4.60000 -19.00000 47.96932 0.12076 13
1.13654 -0.00998 17.91945 0 0.35000 -33.85000 11.83717 0.15246 -13
0.44598 -0.23223 45.45220 0 7.02500 -13.02500 41.68836 0.11272 -13
-1.82540 0.02986 77.37270 0 -0.92500 55.62500 37.18596 0.20964 13
-0.16799 0.13936 61.93322 0 -4.20000 5.40000 61.09336 0.10307 13
-0.17190 -0.25987 61.93322 0 7.82500 5.52500 61.09336 0.10546 13
1.50212 0.02904 26.95303 0 -0.90000 -42.42500 14.94047 0.18175 13
-0.17881 -0.15630 44.28161 0 4.72500 2.10000 43.60631 0.10351 -13
1.37951 -0.01362 76.48453 0 0.40000 -42.15000 44.89370 0.17158 13
-0.78340 -0.17740 67.97097 0 5.35000 24.50000 53.82010 0.12917 -13
-0.41246 -0.12858 99.97646 0 3.87500 12.27500 92.53264 0.10970 -13
-0.38521 0.04137 13.32538 0 -1.20000 11.67500 12.43625 0.10800 -13
-0.07644 -0.08492 17.61486 0 2.60000 1.67500 17.56404 0.10136 -13
-0.67051 -0.01475 56.96697 0 0.45000 22.35000 47.31712 0.12125 -13
-1.65178 -0.12890 5.64847 0 3.72500 47.55000 2.94264 0.19480 13
-0.06702 0.07839 29.80559 0 -2.35000 4.75000 29.73929 0.10123 -13
-0.52319 -0.14136 72.61181 0 4.25000 14.15000 64.47402 0.11454 13
0.04049 0.04475 89.14310 0 -1.35000 0.07500 89.07027 0.10089 13
0.49279 -0.13940 35.48230 0 4.20000 -16.35000 31.88697 0.11313 13
0.03645 -0.04502 93.63988 0 1.35000 -2.22500 93.57788 0.10087 13
-1.40624 0.05715 53.67334 0 -1.70000 40.32500 31.13853 0.17386 -13
-0.89646 0.03704 85.58684 0 -1.12500 26.82500 63.74755 0.13530 13
-0.62075 -0.19149 36.98083 0 5.80000 18.65000 31.57522 0.12010 -13
-0.56546 0.12891 4.93972 0 -4.00000 17.15000 4.30867 0.11650 13
-0.58103 -0.27109 4.93972 0 8.05000 17.60000 4.30867 0.11952 13
-1.14241 -0.18759 7.28894 0 5.77500 33.32500 4.84778 0.15417 -13
-0.10908 -0.06693 71.71702 0 2.00000 3.77500 71.29606 0.10152 13
-1.34812 0.07949 52.68866 0 -2.37500 40.32500 31.45383 0.16921 -13
0.42509 -0.21468 17.74075 0 6.45000 -13.05000 16.38229 0.11152 13
-0.55570 -0.19055 87.76923 0 5.75000 19.07500 77.03874 0.11679 13
0.39287 0.09213 9.14535 0 -2.82500 -13.87500 8.51672 0.10862 13
-1.53429 -0.03348 58.51929 0 1.02500 46.62500 31.96600 0.18447 -13
-0.53921 0.00544 17.60853 0 -0.12500 19.35000 15.49860 0.11442 -13
-1.10391 0.08251 74.12505 0 -2.47500 35.47500 49.85792 0.15022 -13
1.22366 -0.19350 36.63689 0 5.82500 -36.27500 23.43917 0.16030 13
-0.33827 -0.15667 6.47926 0 4.80000 12.75000 6.14514 0.10754 -13
-0.02120 0.12663 84.83527 0 -3.82500 -1.17500 84.81652 0.10153 -13
-0.02180 -0.27324 84.83527 0 8.25000 -1.15000 84.81652 0.10443 -13
-1.46335 -0.04124 19.10969 0 1.20000 42.30000 10.78812 0.17853 13
0.90987 -0.01561 54.72250 0 0.47500 -27.42500 40.47801 0.13616 -13
-1.36566 0.11076 41.64420 0 -3.35000 41.37500 24.70091 0.17083 13
-0.28289 -0.05041 6.35003 0 1.45000 9.15000 6.11078 0.10478 13
-0.83320 -0.04835 7.10275 0 1.37500 23.25000 5.45942 0.13117 13
-1.24724 0.08181 23.12058 0 -2.42500 38.10000 14.49169 0.16119 -13
-1.96601 -0.17814 75.08129 0 5.37500 59.12500 34.46247 0.22288 -13
-0.45040 -0.24420 42.99143 0 7.37500 16.80000 39.38613 0.11316 -13
0.07457 -0.12241 58.57230 0 3.70000 -3.97500 58.41254 0.10174 -13
0.53639 0.01792 17.80842 0 -0.50000 -16.42500 15.69391 0.11429 -13
0.26670 0.00665 50.51854 0 -0.20000 -10.70000 48.81237 0.10423 13
0.11527 -0.02559 20.52252 0 0.75000 -4.10000 20.38757 0.10140 13
1.23428 -0.15991 44.62566 0 4.85000 -37.62500 28.30609 0.16080 -13
-0.63981 -0.22988 88.88395 0 6.92500 20.82500 75.42247 0.12176 13
1.10037 -0.12773 96.56092 0 3.85000 -34.32500 65.22969 0.15028 -13
-0.90541 0.10060 14.24725 0 -3.00000 27.95000 10.58525 0.13621 -13
-0.14659 0.05208 14.19759 0 -1.60000 2.27500 14.04784 0.10193 13
-0.64387 -0.04230 55.95857 0 1.27500 19.60000 47.06181 0.11984 13
0.31107 0.11650 4.35396 0 -3.40000 -11.00000 4.15994 0.10610 -13
-1.55401 0.12551 2.96749 0 -4.10000 46.62500 1.61446 0.18693 13
-1.59660 -0.27414 2.96749 0 7.95000 47.80000 1.61446 0.19154 13
-0.13584 0.13453 85.92859 0 -4.05000 3.47500 85.16030 0.10252 -13
-0.13928 -0.26492 85.92859 0 8.00000 3.57500 85.16030 0.10512 -13
-1.61841 -0.02101 79.46510 0 0.65000 49.37500 41.77675 0.19159 -13
0.10751 -0.05969 3.86541 0 1.67500 -4.92500 3.84336 0.10148 13
-0.36482 0.06047 45.32144 0 -1.82500 12.22500 42.58581 0.10737 13
0.02979 0.08045 76.99211 0 -2.42500 1.57500 76.95819 0.10107 -13
0.05062 -0.23572 58.57805 0 7.10000 -1.30000 58.50707 0.10358 13
-0.33126 -0.08480 24.10284 0 2.52500 11.02500 22.88807 0.10642 13
0.29872 -0.07596 51.40287 0 2.27500 -11.42500 49.26402 0.10537 13
1.34050 0.06113 23.65097 0 -1.80000 -39.45000 14.15906 0.16852 -13
-0.88797 0.06805 78.31493 0 -2.05000 27.95000 58.61954 0.13485 13
-0.98248 -0.16308 77.83860 0 4.92500 29.57500 55.88101 0.14214 -13
0.01695 -0.06632 15.91496 0 1.97500 -0.32500 15.91269 0.10094 13
0.66768 0.01708 74.95533 0 -0.52500 -19.97500 62.34003 0.12110 13
-0.36340 -0.04964 42.85727 0 1.47500 13.65000 40.28583 0.10726 13
-0.01444 -0.24420 47.35059 0 7.35000 2.17500 47.34592 0.10366 13
1.20908 -0.14559 47.71880 0 4.40000 -37.35000 30.60151 0.15870 -13
1.36141 0.07823 41.84683 0 -2.37500 -41.12500 24.82287 0.17030 13
0.17968 -0.15012 62.50076 0 4.52500 -6.90000 61.53675 0.10343 -13
-0.43012 0.14583 88.44908 0 -4.40000 11.65000 81.38419 0.11061 13
-0.43904 -0.25310 88.44908 0 7.62500 11.92500 81.38419 0.11289 13
0.85101 0.09853 14.17186 0 -2.92500 -24.20000 10.81467 0.13258 -13
-0.53245 0.04874 76.71589 0 -1.47500 14.20000 67.73323 0.11420 13
0.66408 -0.06816 41.93916 0 2.05000 -20.95000 34.96207 0.12107 13
-0.04557 0.09572 84.10149 0 -2.87500 1.02500 84.01505 0.10127 -13
-0.39289 -0.21723 32.40507 0 6.57500 9.70000 30.25190 0.11040 -13
-0.68141 -0.13702 4.63813 0 4.00000 20.45000 3.84417 0.12260 13
0.63167 -0.23584 44.61672 0 7.12500 -17.37500 38.00774 0.12147 -13
-1.66233 0.13409 36.11391 0 -4.07500 50.42500 18.73815 0.19584 13
-1.70462 -0.26540 36.11391 0 7.97500 51.70000 18.73815 0.20075 13
0.22858 0.08704 7.99367 0 -2.70000 -5.90000 7.79405 0.10370 13
-1.01111 -0.20341 78.76719 0 6.12500 30.50000 55.95291 0.14466 13
0.10361 -0.06569 15.41954 0 1.95000 -6.32500 15.33777 0.10145 13
1.61969 -0.14559 50.23940 0 4.37500 -47.80000 26.59354 0.19224 13
0.52918 0.08941 49.02791 0 -2.67500 -17.32500 43.37221 0.11429 -13
1.62065 0.09406 44.44077 0 -2.85000 -47.92500 23.40861 0.19204 13
0.67405 -0.13608 72.92380 0 4.12500 -20.35000 60.64219 0.12222 -13
0.32629 0.00256 38.52922 0 -0.07500 -9.67500 36.62872 0.10593 -13
-0.57136 -0.03232 90.13418 0 0.97500 15.85000 78.27110 0.11602 -13
1.09433 -0.08267 57.70386 0 2.50000 -34.92500 38.99711 0.14952 -13
-0.03365 0.06522 29.67015 0 -1.97500 3.27500 29.65345 0.10098 13
0.29520 -0.09920 23.07881 0 3.02500 -7.67500 22.14329 0.10548 -13
1.95627 0.06461 99.42442 0 -1.95000 -59.80000 45.32814 0.22134 -13
0.10186 -0.06278 40.77784 0 1.90000 -4.75000 40.56868 0.10142 -13
1.71895 -0.00341 54.40599 0 0.07500 -50.77500 27.35789 0.20026 13
-0.11271 0.10306 65.83304 0 -3.10000 2.75000 65.42322 0.10187 -13
-1.10357 -0.07005 21.25587 0 2.15000 32.25000 14.29191 0.15015 -13
-0.95204 -0.21677 17.81028 0 6.50000 29.37500 13.03910 0.14071 13
0.00555 -0.21422 95.32152 0 6.45000 -1.62500 95.32012 0.10299 13
-0.99103 -0.10950 7.09545 0 3.40000 28.40000 5.05347 0.14231 -13
-1.92741 -0.15195 50.97613 0 4.55000 59.70000 23.68716 0.21918 13
0.00190 0.09122 58.04926 0 -2.75000 1.85000 58.04916 0.10112 -13
0.45324 -0.12619 34.37054 0 3.82500 -14.30000 31.34677 0.11130 -13
-1.15807 0.00568 65.43473 0 -0.17500 32.75000 42.76615 0.15408 13
-0.48107 -0.10797 50.02406 0 3.27500 16.62500 45.12801 0.11228 -13
-1.72226 -0.23305 34.63783 0 7.00000 50.15000 17.73788 0.20188 13
-0.19249 0.08407 27.61354 0 -2.55000 7.22500 27.11926 0.10291 13
0.24678 -0.07123 70.61841 0 2.15000 -7.57500 68.57142 0.10397 13
1.61477 -0.08301 63.00310 0 2.52500 -50.75000 33.25294 0.19146 -13
0.31734 -0.00449 84.29047 0 0.15000 -11.15000 80.34206 0.10566 -13
-0.60268 -0.11400 37.81155 0 3.45000 21.05000 32.44059 0.11814 -13
1.16940 0.09448 78.11126 0 -2.85000 -33.70000 50.89564 0.15524 -13
0.18709 0.12770 43.96521 0 -3.87500 -6.55000 43.22699 0.10326 13
0.19235 -0.27213 43.96521 0 8.20000 -6.70000 43.22699 0.10614 13
0.03543 -0.16689 59.08150 0 5.02500 2.45000 59.04546 0.10215 13
1.09119 -0.23339 96.59170 0 7.02500 -34.60000 66.19620 0.15088 13
-0.24129 0.09736 32.74922 0 -2.95000 6.02500 31.84397 0.10406 13
0.45908 -0.02964 37.95135 0 0.90000 -13.87500 34.49309 0.11085 -13
0.45492 -0.22850 8.71562 0 6.82500 -15.05000 7.96741 0.11295 13
-1.92324 0.01746 79.18464 0 -0.55000 57.00000 36.53446 0.21830 13
1.34544 -0.19693 27.37545 0 5.97500 -41.67500 16.52975 0.17002 -13
-0.53945 0.01434 59.09627 0 -0.45000 16.97500 52.01263 0.11443 13
-0.94332 -0.13475 87.43481 0 4.05000 27.37500 63.87041 0.13910 13
0.96169 -0.09597 39.00372 0 2.87500 -30.55000 28.17580 0.14003 13
-0.95388 -0.23077 88.70284 0 6.97500 28.67500 64.97160 0.14110 -13
0.17167 0.06495 33.27114 0 -1.97500 -3.35000 32.79335 0.10238 13
1.51190 0.02079 55.86410 0 -0.65000 -42.37500 30.82266 0.18256 13
-0.07021 -0.07644 61.46966 0 2.32500 4.20000 61.31960 0.10125 -13
