0.58288 -0.18068 42.88892 0 5.42500 -18.77500 37.20288 0.11797 13
-0.07771 -0.16755 98.87534 0 5.05000 2.95000 98.58627 0.10240 13
-0.70974 -0.11751 33.59381 0 3.55000 21.47500 27.45763 0.12407 -13
-1.03889 -0.06243 27.48744 0 1.90000 31.67500 19.08125 0.14536 -13
-0.70025 0.07829 59.80532 0 -2.35000 21.17500 49.03797 0.12319 -13
-1.63900 -0.02002 89.15980 0 0.60000 51.70000 46.44429 0.19336 13
-1.48278 -0.20062 70.46893 0 6.05000 42.77500 39.93635 0.18123 13
1.01591 -0.23240 97.04445 0 7.00000 -31.65000 68.98047 0.14544 13
1.84547 -0.11368 65.05260 0 3.42500 -56.15000 31.14665 0.21167 13
0.65223 -0.15570 80.95048 0 4.70000 -20.65000 68.04422 0.12125 -13
0.31176 0.45659 80.95048 0 4.77500 -20.67500 68.04422 0.12785 -13
0.20488 -0.01261 13.78197 0 0.42500 -6.25000 13.50146 0.10281 -13
-1.07607 -0.09560 83.34851 0 2.90000 30.47500 56.87772 0.14825 -13
0.24614 0.08952 54.72077 0 -2.70000 -6.55000 53.14705 0.10409 13
0.67222 0.11785 87.61442 0 -3.55000 -20.67500 72.86803 0.12192 -13
0.04592 -0.09604 1.16066 0 3.32500 -1.77500 1.15946 0.10184 -13
-0.08297 -0.09834 70.36552 0 2.95000 3.57500 70.12685 0.10153 13
0.12241 0.08727 42.28903 0 -2.65000 -4.15000 41.97808 0.10184 13
-0.32079 -0.24596 72.99200 0 7.40000 8.45000 69.68950 0.10861 13
-0.29665 -0.09807 67.13293 0 2.95000 9.17500 64.38557 0.10550 13
0.87097 0.09780 4.55637 0 -3.10000 -27.47500 3.44266 0.13402 13
-0.85710 -0.24498 64.62738 0 7.40000 24.00000 49.66899 0.13492 -13
-0.34359 0.08591 1.72228 0 -2.30000 9.30000 1.62926 0.10697 -13
0.70019 0.09951 97.08514 0 -3.00000 -19.95000 79.65649 0.12335 13
-0.49776 -0.00166 33.05928 0 0.02500 14.35000 29.59584 0.11249 13
0.26443 0.02893 86.86980 0 -0.87500 -9.92500 83.98560 0.10421 13
0.88476 -0.19692 44.66407 0 5.95000 -28.10000 33.72797 0.13593 -13
1.99846 -0.09100 23.93857 0 2.70000 -58.82500 10.74767 0.22520 13
1.36888 -0.11218 16.17224 0 3.45000 -39.80000 9.57870 0.17113 -13
-0.54383 -0.06788 36.42520 0 2.05000 15.22500 32.01631 0.11484 -13
-0.67502 -0.14523 68.91000 0 4.40000 20.02500 57.30118 0.12238 -13
2.06755 0.02557 36.84739 0 -0.75000 -61.00000 16.04751 0.23130 -13
-0.32443 0.12281 82.96545 0 -3.70000 7.40000 78.97183 0.10660 13
-0.33418 -0.27730 82.96545 0 8.35000 7.70000 78.97183 0.10979 13
0.05417 -0.12222 32.17806 0 3.70000 -1.70000 32.13161 0.10161 -13
0.66260 -0.22690 94.40908 0 6.85000 -19.80000 79.29459 0.12295 -13
1.66480 0.09541 66.59285 0 -2.87500 -48.47500 34.40427 0.19580 -13
-0.42974 -0.14817 42.59080 0 4.47500 13.52500 39.19622 0.11063 -13
0.00932 0.00287 52.45625 0 -0.07500 -0.75000 52.45397 0.10071 -13
-0.52870 0.14849 85.73641 0 -4.47500 17.25000 75.97455 0.11489 13
-0.53911 -0.25035 85.73641 0 7.55000 17.57500 75.97455 0.11715 13
-0.37918 -0.01213 46.59044 0 0.37500 13.77500 43.56411 0.10771 -13
1.13432 -0.03800 50.14857 0 1.15000 -34.45000 33.17659 0.15233 -13
-0.51321 -0.07544 18.70970 0 2.25000 15.45000 16.65536 0.11344 13
0.63397 -0.20548 43.59162 0 6.20000 -20.75000 37.03185 0.12103 -13
-0.36134 0.04151 86.31917 0 -1.25000 11.15000 81.18976 0.10716 -13
1.03561 0.11684 25.96398 0 -3.50000 -30.72500 18.09829 0.14544 -13
1.62867 -0.23593 57.40687 0 7.12500 -49.17500 30.62953 0.19395 -13
-0.72482 -0.21165 48.20415 0 6.40000 23.37500 39.32139 0.12620 -13
-0.08504 0.13106 14.45196 0 -3.92500 0.77500 14.40087 0.10191 -13
-0.08729 -0.26854 14.45196 0 8.12500 0.82500 14.40087 0.10467 -13
0.44230 -0.10646 6.25199 0 3.12500 -14.75000 5.72289 0.11062 13
-1.58793 0.07237 12.38275 0 -2.10000 50.22500 6.61181 0.18906 -13
-3.42716 -5.76825 12.38275 0 -1.35000 50.30000 6.61181 0.19048 -13
0.85989 -1.23146 12.38275 0 -1.70000 51.52500 6.61181 0.20995 -13
-0.22735 1.00302 12.38275 0 -0.67500 51.15000 6.61181 0.21496 -13
-0.30663 2.46913 12.38275 0 -0.42500 51.15000 6.61181 0.21714 -13
-0.35604 0.13432 12.38275 0 -0.45000 51.17500 6.61181 0.21764 -13
1.51226 -0.22857 76.71704 0 6.87500 -43.75000 43.06557 0.18400 13
0.52989 -0.24930 96.88303 0 7.52500 -17.35000 86.16158 0.11670 13
1.51491 0.06390 21.46787 0 -1.97500 -44.10000 11.84328 0.18293 13
-1.45390 0.04272 40.84982 0 -1.27500 44.62500 23.16521 0.17774 -13
-0.24657 0.06415 33.11698 0 -1.92500 7.65000 32.15766 0.10392 -13
-0.46749 -0.23516 87.49529 0 7.07500 15.57500 79.63719 0.11366 13
0.08750 -0.05105 51.41081 0 1.55000 -2.95000 51.21563 0.10122 -13
0.47919 0.02080 52.93969 0 -0.65000 -17.05000 47.74343 0.11169 13
0.11931 0.08375 53.22014 0 -2.52500 -4.45000 52.84784 0.10177 -13
0.71981 0.06188 38.79660 0 -1.87500 -22.22500 31.50811 0.12424 13
-1.10331 0.11480 77.60383 0 -3.45000 34.20000 52.30292 0.15039 -13
1.44341 -0.10311 1.67115 0 3.65000 -43.60000 0.95530 0.17780 -13
0.77090 -0.09685 89.80568 0 2.92500 -21.30000 71.24840 0.12752 13
-0.52792 -0.00179 68.11824 0 0.05000 13.45000 60.23939 0.11387 13
0.14907 -0.10506 31.30987 0 3.15000 -7.50000 30.97142 0.10236 13
-0.86055 -0.05177 89.67256 0 1.55000 25.65000 68.00850 0.13296 13
-0.71319 0.01941 34.18413 0 -0.57500 22.40000 27.83295 0.12371 -13
-0.03899 0.09479 32.89957 0 -2.85000 3.60000 32.87483 0.10122 -13
-0.80187 -0.08344 39.07051 0 2.50000 22.65000 30.52251 0.12935 13
1.97502 -0.21882 20.05777 0 6.55000 -59.42500 9.23024 0.22393 13
-0.09268 0.06267 96.64150 0 -1.87500 3.00000 96.23077 0.10133 -13
-0.39990 -0.11875 49.14249 0 3.57500 10.90000 45.67309 0.10911 13
0.86043 -0.17186 70.03491 0 5.17500 -28.17500 53.41528 0.13396 13
-1.24792 -0.22228 47.22437 0 6.72500 40.35000 29.96303 0.16260 -13
0.14938 -0.22469 98.48767 0 6.77500 -5.42500 97.45811 0.10430 13
2.11301 0.09686 50.87011 0 -2.95000 -63.60000 21.84376 0.23564 13
0.92192 -0.03894 83.49815 0 1.17500 -28.37500 61.41129 0.13702 -13
-0.39510 -0.01936 86.64218 0 0.57500 12.57500 80.58292 0.10829 13
-0.49320 -0.16610 50.86462 0 5.00000 12.65000 45.73844 0.11352 13
-0.90410 -0.11520 70.29751 0 3.47500 27.47500 52.29984 0.13625 13
0.79001 -0.11430 12.36753 0 3.50000 -22.65000 9.72885 0.12888 -13
-0.52727 -0.01518 2.84568 0 0.27500 13.55000 2.51735 0.11392 13
-0.43645 0.03180 60.14045 0 -0.95000 15.60000 55.12378 0.10993 -13
0.08369 -0.16147 6.57327 0 4.80000 0.07500 6.55103 0.10233 13
0.74500 0.01880 65.80220 0 -0.57500 -23.02500 52.77133 0.12559 13
1.62381 -0.18793 67.19594 0 5.67500 -49.60000 35.68025 0.19299 -13
0.08730 -0.13465 7.37385 0 4.00000 -5.47500 7.34637 0.10197 13
-1.37517 -0.05424 51.60343 0 1.62500 41.95000 30.37788 0.17132 13
0.30990 0.11970 93.94889 0 -3.60000 -8.12500 89.79402 0.10611 -13
0.31959 -0.28059 93.94889 0 8.47500 -8.40000 89.79402 0.10944 -13
-0.70767 -0.09844 82.34853 0 2.95000 22.27500 67.32773 0.12376 13
-1.56809 -0.05931 31.36115 0 1.82500 45.15000 16.88349 0.18740 -13
-0.74413 0.05495 19.96175 0 -1.62500 22.22500 16.02292 0.12564 -13
-1.45481 0.11811 62.86394 0 -3.55000 43.72500 35.77751 0.17816 -13
0.69010 0.10719 14.15613 0 -3.20000 -20.95000 11.67245 0.12281 -13
0.87608 0.09543 10.65138 0 -2.82500 -27.85000 8.02671 0.13422 -13
1.41957 0.05155 85.03680 0 -1.55000 -40.97500 49.01530 0.17494 -13
-1.11211 -0.07645 24.67938 0 2.32500 33.47500 16.52816 0.15082 -13
0.77815 0.12180 36.97822 0 -3.65000 -23.35000 29.26394 0.12818 -13
0.80181 -0.27831 36.97822 0 8.42500 -24.07500 29.26394 0.13211 -13
-0.41696 -0.17701 78.12057 0 5.35000 11.75000 72.26678 0.11055 -13
1.02262 -0.10197 65.81928 0 3.07500 -28.62500 46.13927 0.14440 13
0.69441 0.05289 92.41863 0 -1.60000 -21.90000 75.94576 0.12272 13
0.82324 -0.06574 26.24671 0 1.95000 -25.40000 20.28107 0.13060 13
-0.34071 0.10586 57.03734 0 -3.17500 12.02500 54.02072 0.10692 -13
0.68509 -0.10880 63.22201 0 3.30000 -19.95000 52.25368 0.12256 -13
1.03279 0.10319 45.41329 0 -3.10000 -31.97500 31.67585 0.14514 -13
1.92832 0.01151 86.17067 0 -0.35000 -57.25000 39.67176 0.21875 13
0.25656 -0.20749 32.76224 0 6.27500 -5.67500 31.77491 0.10605 -13
-0.16492 -0.08247 91.33007 0 2.50000 5.95000 90.12078 0.10240 -13
-1.11080 0.10527 47.07314 0 -3.20000 32.57500 31.59158 0.15089 13
1.25899 -0.02437 4.49265 0 0.90000 -38.65000 2.79436 0.16202 -13
-0.30144 0.10977 16.24043 0 -3.27500 10.70000 15.55679 0.10575 -13
-1.03104 -0.06118 70.66582 0 1.82500 29.47500 49.24657 0.14477 13
1.75465 -0.04484 57.46209 0 1.32500 -52.77500 28.47325 0.20343 13
0.47003 -0.16282 30.36079 0 4.90000 -14.32500 27.54143 0.11246 13
2.17060 -0.13509 4.17785 0 4.37500 -62.15000 1.76109 0.24148 -13
-0.32538 0.07017 6.03915 0 -2.02500 11.75000 5.74404 0.10613 -13
0.74852 -0.20148 82.22191 0 6.07500 -23.22500 66.28991 0.12742 -13
0.54724 -0.08794 47.40456 0 2.67500 -16.87500 41.62187 0.11514 -13
-0.47104 -0.22386 43.14035 0 6.75000 13.27500 39.19763 0.11356 13
-1.16250 0.06665 83.74912 0 -2.00000 35.62500 54.68495 0.15456 -13
0.03570 0.10442 70.12157 0 -3.15000 -0.75000 70.07741 0.10131 -13
-1.06686 -0.22919 29.49875 0 6.90000 30.65000 20.44670 0.14903 13
0.32528 -0.04638 70.15557 0 1.40000 -13.45000 66.72186 0.10600 13
-0.52534 -0.15586 52.33665 0 4.70000 13.85000 46.45183 0.11482 13
0.19354 -0.00745 52.60899 0 0.22500 -6.72500 51.65062 0.10257 -13
1.56162 -0.16791 17.11533 0 5.00000 -46.77500 9.32099 0.18746 13
0.29033 0.02852 87.41561 0 -0.85000 -8.67500 83.95183 0.10490 -13
-0.24552 0.10953 11.65775 0 -3.35000 4.60000 11.32549 0.10430 13
-0.29654 0.07652 67.19890 0 -2.30000 6.20000 64.44101 0.10532 -13
-1.07235 -0.12371 3.17251 0 3.50000 30.27500 2.17210 0.14816 13
0.69146 0.13366 10.99407 0 -4.10000 -18.50000 9.06871 0.12321 13
0.70916 -0.26601 10.99407 0 7.95000 -19.02500 9.06871 0.12627 13
-0.11518 0.09077 36.39431 0 -2.75000 5.65000 36.15723 0.10178 13
-0.70236 0.00374 50.05716 0 -0.12500 22.17500 40.96300 0.12306 13
0.32463 -0.15199 55.26421 0 4.60000 -11.17500 52.62037 0.10698 -13
-0.64771 -0.10365 41.86158 0 3.10000 18.35000 35.19082 0.12043 13
-0.27871 0.04347 91.63830 0 -1.30000 8.05000 88.28003 0.10463 -13
-0.50327 -0.05992 84.01838 0 1.80000 14.15000 75.07719 0.11289 13
2.16261 -0.15042 24.37638 0 4.50000 -64.75000 10.32549 0.24037 13
-1.13967 -0.18908 71.19326 0 5.70000 32.80000 47.41978 0.15386 13
-0.04658 -0.22967 31.49093 0 6.90000 1.80000 31.45856 0.10342 13
1.23559 -0.24158 10.38564 0 7.37500 -40.72500 6.64481 0.16203 -13
0.60744 -0.11313 99.07946 0 3.42500 -17.40000 84.82535 0.11838 -13
-0.11789 -0.07859 58.48037 0 2.35000 2.85000 58.08064 0.10171 13
0.56285 0.02723 99.08368 0 -0.82500 -16.80000 86.35352 0.11559 13
-2.03155 0.06301 26.47898 0 -1.85000 61.00000 11.71292 0.22809 -13
1.02330 -0.10015 22.99035 0 3.05000 -32.32500 16.10885 0.14446 -13
0.79956 -0.06664 69.90830 0 2.02500 -21.82500 54.64837 0.12911 -13
-0.72390 -0.07285 26.35237 0 2.17500 23.10000 21.36515 0.12453 13
-0.64586 -0.13220 56.99197 0 4.00000 17.95000 47.99654 0.12062 -13
-0.36325 -0.22168 94.92473 0 6.70000 11.20000 89.46539 0.10945 -13
-0.05364 -0.07565 51.64521 0 2.27500 2.25000 51.57153 0.10113 13
0.66362 -0.20255 49.63896 0 6.12500 -18.42500 41.61127 0.12258 -13
-0.53499 -0.03529 42.69427 0 1.07500 17.70000 37.65045 0.11427 -13
0.20901 -0.04661 37.51259 0 1.42500 -6.30000 36.72093 0.10299 -13
-0.61836 -0.03387 14.87809 0 0.97500 16.97500 12.65597 0.11845 13
-0.32214 -0.02273 58.85138 0 0.67500 11.25000 56.01786 0.10582 13
-1.35794 -0.00771 24.10958 0 0.27500 41.42500 14.29638 0.16983 -13
0.08395 0.07578 5.91782 0 -2.37500 -3.30000 5.89724 0.10138 13
-0.65589 0.02918 44.96968 0 -0.87500 20.92500 37.60757 0.12047 -13
-0.90157 0.00632 44.63086 0 -0.17500 26.50000 33.14801 0.13558 -13
-0.06947 0.01248 19.79260 0 -0.40000 0.62500 19.74503 0.10096 13
0.28783 0.04450 15.53446 0 -1.37500 -9.20000 14.92944 0.10490 13
0.40331 -0.07733 42.32068 0 2.35000 -13.02500 39.26526 0.10887 -13
-1.46335 -0.01908 50.86942 0 0.55000 45.37500 28.70485 0.17849 13
0.88707 0.12361 20.10837 0 -3.70000 -25.47500 15.09373 0.13516 -13
0.91334 -0.27637 20.10837 0 8.37500 -26.27500 15.09373 0.13923 -13
-1.93176 0.09940 86.50715 0 -2.97500 57.32500 39.92343 0.21928 -13
-1.91510 0.04678 84.49120 0 -1.40000 58.90000 39.14219 0.21760 -13
-0.34496 0.00229 3.92910 0 0.05000 9.80000 3.71427 0.10656 -13
1.76738 -0.02602 27.06623 0 0.75000 -55.32500 13.33210 0.20451 13
-0.81797 -0.20586 18.36293 0 6.17500 24.67500 14.33130 0.13170 13
-0.52986 -0.02349 24.37161 0 0.72500 17.00000 21.53668 0.11399 -13
-0.34341 -0.12214 11.10490 0 3.65000 11.77500 10.51102 0.10717 13
-0.20920 -0.23931 50.71757 0 7.22500 3.82500 49.69930 0.10568 -13
0.92914 -0.13547 8.69220 0 4.00000 -28.22500 6.39498 0.13809 13
1.57408 -0.03691 23.39931 0 1.07500 -48.50000 12.55361 0.18782 13
-0.11563 0.00627 10.68665 0 -0.15000 4.40000 10.61590 0.10138 -13
1.17996 0.11855 57.92751 0 -3.60000 -35.07500 37.60319 0.15622 13
1.21741 -0.28185 57.92751 0 8.50000 -36.20000 37.60319 0.16116 13
0.68780 -0.08305 62.02699 0 2.52500 -18.67500 51.16186 0.12251 -13
0.34818 -0.14160 88.00974 0 4.27500 -8.92500 83.20447 0.10758 -13
-0.13756 -0.23695 2.47376 0 6.92500 5.15000 2.45198 0.10434 13
-1.54269 0.06675 62.75718 0 -2.00000 44.72500 34.18949 0.18525 -13
0.00065 -0.22385 68.83944 0 6.75000 -0.77500 68.83943 0.10319 13
0.30243 0.10646 41.20320 0 -3.22500 -5.62500 39.45736 0.10576 13
1.01681 0.06022 8.29618 0 -1.72500 -29.70000 5.82259 0.14374 -13
-0.04222 0.07584 83.02856 0 -2.30000 0.02500 82.95510 0.10108 13
-0.13935 0.09835 33.23208 0 -2.97500 4.47500 32.91708 0.10216 13
0.39977 0.05010 73.34795 0 -1.52500 -9.22500 68.11931 0.10857 13
1.35893 -0.07918 37.22646 0 2.37500 -44.02500 22.10844 0.17009 13
1.00621 0.06650 69.97296 0 -2.00000 -31.35000 49.37970 0.14301 -13
-1.56778 -0.21875 6.09091 0 6.75000 43.35000 3.33006 0.18879 -13
0.32292 -0.13181 16.55033 0 3.95000 -11.07500 15.76210 0.10664 13
-0.78960 0.02054 29.35429 0 -0.60000 23.50000 23.04013 0.12832 -13
-0.92130 -0.22921 83.94978 0 6.90000 27.97500 62.46218 0.13885 13
-0.00130 0.05711 46.04034 0 -1.72500 -1.55000 46.04030 0.10086 -13
-0.93288 0.04271 5.07888 0 -1.42500 27.12500 3.71530 0.13785 13
-0.53178 -0.10439 1.79504 0 3.47500 17.20000 1.58663 0.11488 -13
1.44190 -0.07177 38.04318 0 2.15000 -42.30000 21.71742 0.17684 13
-0.06431 0.11147 58.48638 0 -3.37500 2.87500 58.36730 0.10153 13
1.95264 0.02690 70.80544 0 -0.82500 -58.05000 32.28406 0.22095 13
1.46716 0.06697 25.84095 0 -2.05000 -46.25000 14.57539 0.17895 13
-0.53635 -0.23889 4.28961 0 7.07500 17.02500 3.80321 0.11670 13
0.54835 0.08436 1.69318 0 -2.90000 -16.52500 1.48592 0.11550 13
-0.04877 0.08189 22.14693 0 -2.50000 2.00000 22.12083 0.10117 13
1.31848 -0.12562 28.28616 0 3.75000 -40.75000 17.17795 0.16711 13
-1.79903 -0.11486 49.39659 0 3.45000 50.85000 24.11900 0.20759 13
0.43881 0.04291 9.47572 0 -1.22500 -13.90000 8.67837 0.11006 -13
-0.08982 -0.19870 88.21355 0 6.00000 1.35000 87.87325 0.10307 13
0.08934 -0.13214 76.40828 0 3.97500 -0.35000 76.11033 0.10197 13
1.53214 0.08714 90.10934 0 -2.65000 -44.70000 49.38067 0.18447 13
-0.52167 -0.17009 86.84159 0 5.12500 14.52500 77.22696 0.11487 -13
1.35601 -0.04575 74.11824 0 1.40000 -41.20000 44.02020 0.16974 -13
-1.28149 0.11907 98.83260 0 -3.60000 37.37500 61.06762 0.16413 13
-1.32190 -0.28130 98.83260 0 8.47500 38.57500 61.06762 0.16929 13
1.71013 -0.06760 18.89652 0 2.07500 -53.17500 9.55668 0.19960 -13
0.42979 -0.09363 80.79063 0 2.82500 -13.35000 74.27571 0.11002 -13
1.27668 0.11895 88.10478 0 -3.60000 -38.12500 54.56529 0.16375 13
1.31700 -0.28141 88.10478 0 8.47500 -39.32500 54.56529 0.16891 13
0.65458 0.03179 15.92117 0 -0.92500 -16.32500 13.32309 0.12040 -13
-0.14856 -0.24407 51.80695 0 7.37500 4.80000 51.27563 0.10474 -13
1.59580 0.01979 37.84466 0 -0.57500 -48.57500 20.09830 0.18967 -13
-0.45916 -0.15199 47.39719 0 4.57500 14.35000 43.15852 0.11186 13
0.44983 -0.23771 81.87406 0 7.17500 -13.55000 75.00573 0.11298 13
-0.41509 0.03835 92.14691 0 -1.17500 12.70000 85.11546 0.10910 13
0.22396 -0.24936 81.70913 0 7.52500 -6.20000 79.84560 0.10620 13
-0.74162 -0.19178 74.03117 0 5.77500 22.77500 59.84145 0.12684 13
0.81650 0.08927 64.72327 0 -2.70000 -21.72500 50.21389 0.13033 13
-0.65810 -0.06278 58.39675 0 1.87500 20.07500 48.81013 0.12072 13
0.95045 0.09047 42.94947 0 -2.75000 -24.55000 31.19139 0.13924 13
0.76081 -0.19098 31.34608 0 5.77500 -25.02500 25.10949 0.12801 -13
-1.38972 0.01928 75.69662 0 -0.60000 42.10000 44.21811 0.17243 13
-0.89792 -0.19060 80.69219 0 5.75000 27.92500 60.51550 0.13670 -13
0.57975 -0.22094 60.59493 0 6.65000 -17.57500 52.73203 0.11850 13
-1.90016 0.09178 1.20605 0 -3.65000 57.40000 0.56334 0.21802 13
-1.98755 -0.31131 1.20605 0 8.45000 59.20000 0.56334 0.22480 13
-0.43122 0.00444 74.59419 0 -0.15000 11.27500 68.49717 0.10966 13
0.30579 -0.23303 61.99142 0 7.02500 -8.27500 59.41259 0.10788 13
0.48862 0.12784 30.83296 0 -3.85000 -15.57500 27.74579 0.11281 -13
0.50227 -0.27193 30.83296 0 8.22500 -15.97500 27.74579 0.11599 -13
0.02152 0.12372 7.45100 0 -3.80000 -0.95000 7.44932 0.10153 13
0.02220 -0.27655 7.45100 0 8.27500 -0.97500 7.44932 0.10445 13
0.56013 -0.17243 5.96578 0 5.10000 -14.62500 5.22311 0.11668 13
0.44677 0.11915 89.79129 0 -3.60000 -12.55000 82.07689 0.11095 -13
0.46084 -0.28116 89.79129 0 8.50000 -12.97500 82.07689 0.11445 -13
-0.12737 -0.01930 93.32914 0 0.60000 3.82500 92.58147 0.10153 -13
0.31933 -0.17855 46.47417 0 5.40000 -12.75000 44.33509 0.10724 -13
0.60547 0.03281 60.38622 0 -0.97500 -16.80000 51.66330 0.11777 -13
0.85113 -0.14891 12.94892 0 4.45000 -26.32500 9.90633 0.13305 13
0.01378 -0.01089 43.72248 0 0.35000 -1.12500 43.71833 0.10072 -13
-0.68645 -0.12743 2.34109 0 4.10000 21.57500 1.93542 0.12306 -13
0.29454 0.05386 95.91136 0 -1.62500 -8.37500 92.01407 0.10511 -13
-0.77672 0.03495 35.96225 0 -1.02500 23.17500 28.40792 0.12756 -13
-1.05939 -0.17618 28.37487 0 5.35000 33.90000 19.63454 0.14779 -13
-0.04705 -0.13616 42.13384 0 4.10000 1.20000 42.08815 0.10173 13
0.17195 -0.02215 20.27384 0 0.65000 -8.60000 19.98080 0.10220 13
0.76472 0.11064 85.65021 0 -3.32500 -23.05000 68.18851 0.12726 -13
-0.59404 -0.06908 55.69461 0 2.07500 16.05000 47.91300 0.11734 13
1.31105 -0.19278 16.28176 0 5.77500 -37.50000 9.98834 0.16713 13
0.28679 -0.20587 59.92487 0 6.20000 -6.65000 57.69217 0.10679 13
0.45127 -0.20007 38.34578 0 6.05000 -16.10000 35.06630 0.11231 -13
1.67131 0.02689 5.83380 0 -0.97500 -52.85000 2.99622 0.19621 13
0.38365 0.07286 72.95782 0 -2.20000 -9.87500 68.14006 0.10811 -13
0.05284 0.06213 38.73550 0 -1.87500 0.85000 38.68173 0.10104 13
-0.09472 -0.21642 66.52548 0 6.52500 2.50000 66.24207 0.10348 -13
0.63061 -0.02356 3.19859 0 0.90000 -18.27500 2.70583 0.11916 -13
1.55191 -0.11592 66.31780 0 3.47500 -48.45000 36.09087 0.18627 13
-0.79090 -0.23037 39.32467 0 6.92500 24.80000 31.14711 0.13046 13
-0.01437 -0.21699 13.44235 0 6.50000 2.37500 13.44103 0.10303 13
-0.65413 0.02851 25.82582 0 -0.87500 17.27500 21.61537 0.12038 13
1.98325 0.07473 63.01637 0 -2.27500 -59.52500 28.43411 0.22381 13
-0.01811 0.07827 54.88261 0 -2.35000 -1.22500 54.87367 0.10103 -13
0.84882 -0.23954 42.69473 0 7.20000 -26.15000 32.92546 0.13426 13
-1.15857 -0.05850 16.41369 0 1.72500 34.25000 10.73555 0.15422 13
1.96166 -0.08399 58.05486 0 2.55000 -60.70000 26.43976 0.22190 -13
0.01342 -0.18422 74.91091 0 5.57500 1.47500 74.90439 0.10241 -13
0.19487 0.00148 81.92830 0 -0.05000 -6.27500 80.41554 0.10260 -13
0.75673 0.03807 1.04318 0 -1.72500 -23.77500 0.83198 0.12712 13
-1.07464 0.02882 15.35154 0 -0.92500 31.32500 10.46016 0.14786 13
0.74005 -0.17148 63.38375 0 5.17500 -22.05000 51.20890 0.12647 -13
1.34248 0.13673 3.81494 0 -3.90000 -42.10000 2.29293 0.16901 -13
1.37530 -0.26176 3.81494 0 8.15000 -43.20000 2.29293 0.17363 -13
0.86006 0.05079 4.41484 0 -1.37500 -25.92500 3.34882 0.13294 -13
-0.37966 -0.00003 76.84288 0 -0.00000 12.05000 71.83957 0.10772 -13
0.81479 -0.24010 72.89499 0 7.22500 -24.45000 57.13687 0.13212 13
1.00132 -0.01997 44.74211 0 0.57500 -28.92500 31.61990 0.14253 13
-0.02865 -0.22042 97.15694 0 6.65000 4.67500 97.11896 0.10315 13
0.33765 -0.06002 61.66023 0 1.80000 -11.80000 58.43090 0.10646 13
-0.27204 0.00379 61.98661 0 -0.12500 4.92500 59.81299 0.10437 13
1.09213 -0.13501 92.23165 0 4.07500 -35.25000 62.59063 0.14974 -13
1.16499 0.08934 64.24411 0 -2.67500 -37.32500 41.93990 0.15487 -13
0.01611 0.04544 51.32645 0 -1.35000 -0.75000 51.31980 0.10082 -13
1.10168 -0.15401 8.12212 0 4.55000 -34.45000 5.49374 0.15058 13
0.20928 0.10534 67.68839 0 -3.17500 -5.20000 66.26827 0.10343 -13
0.48082 0.09703 5.13790 0 -2.82500 -14.62500 4.63461 0.11215 -13
0.58525 -0.03108 7.52507 0 1.02500 -18.12500 6.49551 0.11675 -13
0.49554 -0.02438 52.53931 0 0.75000 -18.37500 47.07882 0.11242 -13
-0.26308 0.11948 78.08186 0 -3.60000 7.10000 75.54685 0.10483 13
-0.27134 -0.28085 78.08186 0 8.47500 7.35000 75.54685 0.10810 13
-1.27347 -0.10597 45.64696 0 3.17500 40.12500 28.28787 0.16340 13
-0.02635 0.12266 41.84298 0 -3.70000 1.17500 41.82869 0.10149 -13
-0.02712 -0.27742 41.84298 0 8.37500 1.20000 41.82869 0.10455 -13
0.40014 -0.22912 72.01075 0 6.92500 -11.40000 67.08852 0.11090 -13
1.40302 -0.18551 66.07720 0 5.60000 -44.02500 38.78179 0.17452 -13
-0.42214 -0.02802 20.60084 0 0.82500 14.55000 18.98026 0.10934 13
0.24535 -0.11420 45.42461 0 3.45000 -6.42500 44.13220 0.10433 -13
0.61223 -0.08456 40.77621 0 2.52500 -20.97500 34.80983 0.11838 13
1.05195 0.14429 73.91659 0 -4.35000 -33.17500 51.20316 0.14688 -13
1.07441 -0.25470 73.91659 0 7.70000 -33.85000 51.20316 0.15003 -13
-1.87674 -0.18825 1.40539 0 6.45000 59.07500 0.67062 0.21645 -13
-0.82271 0.01662 2.61459 0 -0.75000 24.95000 2.01906 0.13055 13
-1.52785 -0.00262 3.10360 0 0.35000 47.95000 1.69931 0.18404 -13
0.25881 -0.17771 7.16838 0 5.42500 -7.50000 6.94642 0.10560 -13
0.20804 0.06104 55.19294 0 -1.85000 -6.82500 54.04007 0.10305 13
-0.38286 -0.13879 83.57438 0 4.17500 13.70000 78.14431 0.10873 13
-0.82202 0.06967 16.46030 0 -2.15000 22.45000 12.72821 0.13056 13
0.28453 -0.04938 2.84031 0 1.67500 -10.02500 2.73214 0.10492 -13
0.99239 0.11056 1.94442 0 -2.97500 -29.45000 1.38404 0.14238 -13
0.23825 -0.03900 59.03785 0 1.17500 -7.30000 57.43271 0.10360 -13
0.94939 0.07769 8.43264 0 -2.42500 -27.32500 6.12459 0.13911 13
-0.90041 0.09868 80.79668 0 -2.97500 26.35000 60.17337 0.13587 -13
0.89796 -0.09735 75.13852 0 2.92500 -27.00000 56.02433 0.13569 13
0.17347 0.02617 25.40663 0 -0.77500 -5.02500 25.03299 0.10224 -13
-1.55192 -0.02891 55.23382 0 0.85000 47.05000 29.92650 0.18594 13
-0.12680 -0.15428 73.10580 0 4.65000 3.30000 72.53849 0.10269 13
0.20469 0.08228 23.99189 0 -2.50000 -4.22500 23.50773 0.10313 13
-1.75928 0.13277 71.92127 0 -4.02500 51.40000 35.77507 0.20424 13
-1.80503 -0.26680 71.92127 0 8.02500 52.77500 35.77507 0.20951 13
0.81411 -0.23073 25.89708 0 6.97500 -22.27500 20.28869 0.13194 -13
0.87621 0.00884 78.16265 0 -0.25000 -26.10000 58.78914 0.13390 -13
-0.20187 0.09862 26.66185 0 -2.95000 5.45000 26.13954 0.10321 -13
1.21106 -0.11484 8.96900 0 3.55000 -35.10000 5.73326 0.15863 -13
0.33732 -0.11596 53.53157 0 3.47500 -10.05000 50.75807 0.10692 13
0.30269 -0.02651 12.12860 0 0.85000 -10.47500 11.60876 0.10526 -13
-1.72357 -0.03573 20.81593 0 1.12500 53.27500 10.45094 0.20072 -13
0.89740 0.04226 87.80824 0 -1.27500 -28.80000 65.37784 0.13538 13
-1.29209 -0.17549 34.29456 0 5.27500 40.87500 21.18917 0.16545 13
0.48542 0.11891 48.57547 0 -3.57500 -14.47500 43.75747 0.11257 -13
0.50073 -0.28141 48.57547 0 8.50000 -14.95000 43.75747 0.11604 -13
0.67299 -0.06180 20.05488 0 1.90000 -23.80000 16.64864 0.12155 -13
0.73182 -0.06885 59.64652 0 2.07500 -21.20000 48.17321 0.12498 13
-0.84345 -0.15758 47.61110 0 4.77500 23.85000 36.57896 0.13270 -13
-0.99679 -0.18084 32.09932 0 5.47500 29.35000 22.91538 0.14337 -13
-0.01617 -0.17288 66.96324 0 5.20000 -0.50000 66.95474 0.10220 13
0.91322 -0.23601 8.52015 0 7.20000 -27.02500 6.36852 0.13851 -13
0.48383 0.08727 11.40998 0 -2.67500 -13.65000 10.27819 0.11224 13
0.45050 -0.03730 55.28712 0 1.12500 -13.10000 50.41399 0.11051 13
0.51400 0.03189 66.45493 0 -0.97500 -14.17500 59.11075 0.11327 13
-0.83999 -0.10170 76.90802 0 3.05000 26.17500 59.01418 0.13191 13
0.10843 -0.13791 73.74308 0 4.17500 -3.57500 73.32129 0.10224 -13
-0.03890 -0.14036 41.11819 0 4.25000 0.62500 41.08772 0.10177 -13
0.11349 0.13967 20.88680 0 -4.22500 -4.02500 20.75620 0.10234 13
0.11613 -0.25955 20.88680 0 7.80000 -4.10000 20.75620 0.10468 13
1.44654 -0.13313 89.85431 0 4.00000 -43.82500 51.39928 0.17760 13
-0.04587 0.12538 45.55794 0 -3.80000 1.20000 45.51083 0.10160 13
-0.04722 -0.27461 45.55794 0 8.27500 1.22500 45.51083 0.10453 13
1.47033 -0.18913 10.45582 0 5.80000 -44.65000 5.95001 0.18021 -13
2.49516 -0.37037 10.45582 0 4.35000 -47.27500 5.95001 0.19221 -13
-0.42309 0.61302 10.45582 0 4.40000 -47.22500 5.95001 0.19285 -13
-0.39024 -0.09585 48.10568 0 2.87500 13.95000 44.84149 0.10853 13
-0.73518 -0.06584 99.37609 0 1.97500 21.30000 80.12773 0.12516 13
0.64943 0.13876 38.17161 0 -4.17500 -19.75000 32.10300 0.12088 -13
0.66473 -0.26045 38.17161 0 7.87500 -20.20000 32.10300 0.12375 -13
1.41974 0.01102 86.73114 0 -0.32500 -44.27500 49.94625 0.17487 -13
-0.20125 -0.17458 7.02802 0 5.35000 5.97500 6.89389 0.10427 -13
0.97448 -0.24152 65.21391 0 7.30000 -30.90000 47.34492 0.14271 -13
0.55597 0.08822 58.60490 0 -2.65000 -15.97500 51.26775 0.11556 -13
0.25722 0.00478 60.71263 0 -0.12500 -5.97500 58.79873 0.10398 -13
0.37101 0.13794 97.39197 0 -4.17500 -11.57500 91.41366 0.10831 13
0.37988 -0.26136 97.39197 0 7.87500 -11.85000 91.41366 0.11089 13
-1.72618 0.02230 76.81083 0 -0.65000 52.07500 38.51089 0.20090 -13
-0.25475 0.14240 26.48278 0 -4.27500 7.60000 25.67875 0.10490 -13
-0.26041 -0.25665 26.48278 0 7.75000 7.77500 25.67875 0.10724 -13
1.13597 0.12519 68.08542 0 -3.77500 -33.40000 45.18460 0.15294 13
1.16899 -0.27480 68.08542 0 8.27500 -34.40000 45.18460 0.15736 13
1.61662 -0.17840 29.29298 0 5.42500 -50.12500 15.58511 0.19230 -13
-0.12204 -0.03444 76.65293 0 1.02500 1.32500 76.08907 0.10151 13
0.06968 -0.14008 74.02030 0 4.22500 -2.67500 73.84472 0.10194 -13
0.53081 -0.11917 37.92721 0 3.57500 -16.30000 33.55210 0.11463 13
-0.13850 -0.20239 24.12875 0 6.07500 3.15000 23.90947 0.10367 13
0.02101 -0.09297 11.84343 0 2.85000 -1.37500 11.84083 0.10118 -13
-0.16910 0.13552 18.42524 0 -4.12500 3.55000 18.17187 0.10306 13
-0.17330 -0.26394 18.42524 0 7.92500 3.67500 18.17187 0.10558 13
-1.36590 -0.04983 38.95428 0 1.47500 42.30000 23.02996 0.17055 13
1.33354 0.14423 92.75593 0 -4.35000 -43.50000 56.01473 0.16849 13
1.36210 -0.25481 92.75593 0 7.67500 -44.35000 56.01473 0.17207 13
0.28894 -0.06994 72.79733 0 2.10000 -8.65000 69.94963 0.10506 13
0.45123 -0.11232 51.79175 0 3.37500 -10.20000 47.25788 0.11106 13
-0.83507 -0.14171 60.80405 0 4.27500 26.10000 46.86066 0.13196 13
-0.52343 0.02401 45.93582 0 -0.70000 15.15000 40.70051 0.11369 -13
1.63634 -0.00131 88.28479 0 0.05000 -47.42500 46.03659 0.19312 -13
-0.92116 -0.17155 97.79343 0 5.17500 25.77500 72.40411 0.13801 -13
-0.93351 -0.12681 94.99125 0 3.82500 29.80000 69.69493 0.13835 13
1.29900 0.03515 59.84738 0 -1.07500 -36.27500 36.52112 0.16513 13
1.37352 -0.06258 17.42088 0 1.92500 -41.97500 10.26706 0.17123 -13
0.44856 -0.21101 89.45096 0 6.35000 -13.82500 81.90915 0.11240 13
-0.10885 0.12392 88.81299 0 -3.72500 1.07500 88.29929 0.10206 -13
-0.11206 -0.27612 88.81299 0 8.32500 1.17500 88.29929 0.10508 -13
1.59049 -0.06720 49.20577 0 2.00000 -48.12500 26.23283 0.18932 13
0.64138 -0.20224 36.04740 0 6.12500 -19.05000 30.51808 0.12137 -13
-1.92076 -0.09293 81.81891 0 2.82500 58.62500 37.91195 0.21828 -13
0.92742 -0.14790 96.09890 0 4.45000 -29.60000 70.81240 0.13814 13
-2.03001 -0.07533 73.99044 0 2.25000 62.47500 32.77193 0.22799 13
-0.23222 -0.07035 30.63192 0 2.15000 6.87500 29.84172 0.10363 -13
-1.71667 -0.20081 46.20104 0 6.02500 53.02500 23.59901 0.20105 13
-0.39936 0.03911 17.41413 0 -1.20000 11.22500 16.17379 0.10851 13
-0.07096 -0.08365 14.43544 0 2.50000 2.52500 14.39952 0.10130 13
0.30406 0.01006 92.88588 0 -0.30000 -8.17500 88.86895 0.10526 -13
0.42966 -0.15852 87.80436 0 4.77500 -14.62500 80.82769 0.11076 13
-0.25526 -0.24183 18.79820 0 7.27500 6.95000 18.24484 0.10673 13
-0.39740 -0.21200 76.75136 0 6.40000 12.15000 71.53589 0.11045 -13
0.12728 -0.04235 37.47825 0 1.27500 -3.55000 37.17883 0.10160 13
0.15698 -0.01304 37.56186 0 0.40000 -5.52500 37.10750 0.10195 -13
-0.33834 -0.23604 14.59270 0 7.07500 9.27500 13.86066 0.10891 13
-1.99224 0.14001 98.83817 0 -4.22500 60.22500 44.68352 0.22493 13
-2.03815 -0.25920 98.83817 0 7.80000 61.60000 44.68352 0.23008 13
1.02890 0.07200 8.04585 0 -2.25000 -31.65000 5.61512 0.14471 13
-0.75742 -0.13237 31.14401 0 4.02500 21.27500 24.90505 0.12704 -13
0.25523 0.12337 39.25764 0 -3.70000 -6.42500 38.05550 0.10467 -13
0.26281 -0.27670 39.25764 0 8.35000 -6.67500 38.05550 0.10780 -13
1.98018 -0.08155 17.74386 0 2.40000 -57.87500 8.01926 0.22353 13
0.01855 -0.23939 52.86304 0 7.22500 -1.32500 52.85445 0.10357 -13
-2.02525 -0.22153 58.08123 0 6.70000 58.77500 26.21202 0.22858 -13
-0.00254 -0.11285 17.53626 0 3.42500 -3.52500 17.53620 0.10135 -13
0.40453 0.09556 71.99461 0 -2.87500 -11.97500 66.78323 0.10906 -13
-0.24419 -0.21150 57.43396 0 6.40000 8.60000 55.86193 0.10583 -13
0.05643 -0.10286 99.09182 0 3.10000 -5.37500 98.93605 0.10139 -13
0.58969 0.09585 87.04199 0 -2.87500 -17.77500 75.06494 0.11730 -13
-0.51588 -0.19410 1.59810 0 6.22500 17.05000 1.42567 0.11552 -13
-0.09157 0.04243 23.01599 0 -1.30000 2.20000 22.92030 0.10122 13
-0.40513 -0.14935 70.19487 0 4.52500 13.27500 65.15878 0.10969 -13
1.28031 -0.15048 5.19395 0 4.70000 -38.62500 3.22065 0.16439 -13
1.07234 0.05833 58.66632 0 -1.77500 -33.12500 40.04825 0.14777 13
0.25127 -0.21053 67.48903 0 6.35000 -7.27500 65.53703 0.10597 13
-0.96065 -0.05290 56.75762 0 1.57500 29.47500 40.95843 0.13974 13
-0.40180 0.05300 4.80953 0 -1.50000 11.15000 4.46382 0.10866 -13
-1.48790 -0.03623 15.08285 0 1.02500 43.90000 8.41756 0.18055 13
-0.43844 -0.06194 55.69736 0 1.87500 14.92500 51.02542 0.11014 -13
0.41483 -0.01379 2.15268 0 0.17500 -12.82500 1.98857 0.10915 13
0.17834 -0.06035 49.65936 0 1.82500 -5.07500 48.89075 0.10247 -13
0.58271 -0.20035 68.11313 0 6.02500 -17.62500 59.14079 0.11828 13
-0.10805 -0.04240 52.13111 0 1.30000 3.25000 51.82994 0.10138 -13
-1.02524 -0.05050 99.36102 0 1.52500 31.07500 69.42347 0.14431 13
-0.75849 0.12183 25.98095 0 -3.65000 24.15000 20.75546 0.12697 -13
-0.78156 -0.27829 25.98095 0 8.42500 24.85000 20.75546 0.13087 -13
-0.72764 0.02010 20.22227 0 -0.57500 22.95000 16.35283 0.12456 -13
0.55724 -0.10646 65.26484 0 3.20000 -16.15000 57.08661 0.11578 13
0.40664 -0.11259 52.69559 0 3.37500 -12.85000 48.85784 0.10930 13
-0.15842 0.04881 22.10912 0 -1.45000 2.70000 21.83745 0.10208 -13
-0.07287 -0.00749 78.64728 0 0.22500 2.75000 78.43931 0.10097 13
0.43781 -0.10523 49.35109 0 3.17500 -12.92500 45.24809 0.11044 -13
-0.32825 0.04162 49.67209 0 -1.27500 8.47500 47.19857 0.10607 13
0.05279 0.06071 55.12550 0 -1.82500 -0.57500 55.04915 0.10103 -13
-0.47967 -0.05770 37.67117 0 1.72500 15.20000 33.97655 0.11183 13
-0.79057 0.04393 35.06567 0 -1.30000 26.80000 27.51787 0.12845 -13
-0.27715 -0.12362 85.33971 0 3.72500 8.22500 82.28386 0.10524 13
-1.43435 0.10433 40.16210 0 -3.17500 44.17500 23.05302 0.17640 13
1.96716 0.13556 63.13385 0 -4.10000 -59.50000 28.81673 0.22266 13
2.01611 -0.26390 63.13385 0 7.95000 -60.95000 28.81673 0.22815 13
-0.96238 0.13511 51.76495 0 -4.05000 30.17500 37.46032 0.14041 -13
-0.98644 -0.26427 51.76495 0 7.97500 30.92500 37.46032 0.14395 -13
0.61835 -0.09167 43.95241 0 2.75000 -16.75000 37.42612 0.11876 13
0.90711 -0.18222 99.63800 0 5.50000 -29.27500 74.34008 0.13721 -13
1.69290 0.04954 42.54142 0 -1.47500 -54.05000 21.65557 0.19807 -13
0.01303 -0.16624 29.11010 0 5.00000 2.95000 29.10770 0.10208 13
1.12582 0.10932 91.22060 0 -3.30000 -34.62500 60.77960 0.15204 -13
-0.34718 -0.05184 8.49552 0 1.50000 10.62500 8.02661 0.10673 13
0.31475 -0.00607 46.33889 0 0.17500 -7.60000 44.20125 0.10557 13
1.06208 0.03228 99.38435 0 -0.97500 -30.85000 68.14769 0.14694 -13
1.35209 0.06996 62.67866 0 -2.12500 -41.45000 37.32969 0.16950 13
0.10604 0.13105 64.09445 0 -3.95000 0.12500 63.74305 0.10212 -13
0.10887 -0.26858 64.09445 0 8.10000 0.05000 63.74305 0.10485 -13
0.12168 0.03206 84.01775 0 -0.97500 -4.25000 83.40324 0.10150 13
-1.50277 0.04756 23.92257 0 -1.47500 47.10000 13.26285 0.18185 13
-1.59002 -0.18731 58.70452 0 5.67500 45.45000 31.63889 0.19012 -13
-0.70715 0.14646 86.02853 0 -4.42500 20.82500 70.48761 0.12422 13
-0.72164 -0.25245 86.02853 0 7.60000 21.25000 70.48761 0.12676 13
-2.03621 0.07323 16.53756 0 -2.27500 63.40000 7.30529 0.22863 13
-0.83045 -0.07236 63.02665 0 2.17500 23.97500 48.53892 0.13110 13
1.33557 0.08451 41.71942 0 -2.52500 -37.60000 25.06152 0.16824 -13
0.08769 -0.17343 50.11251 0 5.25000 -2.67500 49.92655 0.10259 -13
1.37671 -0.04770 77.97148 0 1.45000 -42.57500 45.85766 0.17141 -13
0.74291 -0.12441 58.77183 0 3.75000 -23.00000 47.30608 0.12608 13
-1.17763 -0.16285 32.58572 0 4.92500 38.05000 21.25203 0.15646 -13
-0.48311 0.02948 39.42945 0 -0.90000 13.20000 35.50617 0.11188 13
-1.22756 0.04124 36.50548 0 -1.27500 36.57500 23.06842 0.15950 13
0.09003 0.01528 31.91481 0 -0.45000 -3.57500 31.78626 0.10112 -13
-0.82176 -0.21150 23.62612 0 6.35000 24.40000 18.41244 0.13205 13
-1.13339 -0.20943 64.81198 0 6.30000 36.27500 43.39498 0.15365 13
