0.57101 -0.20039 10.92568 0 6.00000 -18.32500 9.53332 0.11767 13
-7.48712 -2.34876 10.92568 0 6.02500 -18.40000 9.53332 0.12059 13
0.22908 -0.18594 97.93689 0 5.60000 -6.25000 95.54349 0.10499 13
0.18349 -0.06869 17.18812 0 2.05000 -7.05000 16.90716 0.10262 13
0.23742 -0.01474 86.67717 0 0.45000 -7.85000 84.33324 0.10351 -13
0.20645 0.11918 96.71913 0 -3.60000 -10.20000 94.74882 0.10352 -13
0.21294 -0.28115 96.71913 0 8.47500 -10.40000 94.74882 0.10678 -13
-0.06798 0.00529 8.16077 0 -0.10000 1.47500 8.14199 0.10094 -13
0.10186 -0.12836 16.00751 0 3.85000 -3.37500 15.92649 0.10204 13
0.12708 -0.12339 86.59470 0 3.72500 -3.22500 85.91407 0.10227 13
0.18940 -0.16408 57.84828 0 4.95000 -4.47500 56.86364 0.10381 13
1.77683 -0.07329 42.17497 0 2.22500 -52.80000 20.72696 0.20548 -13
0.54355 0.00162 22.27920 0 -0.02500 -17.92500 19.57461 0.11462 -13
1.02371 0.12290 92.18036 0 -3.70000 -32.12500 64.66059 0.14464 -13
1.05438 -0.27719 92.18036 0 8.37500 -33.05000 64.66059 0.14899 -13
-1.75727 -0.12890 75.04415 0 3.90000 55.27500 37.34679 0.20404 -13
-0.15114 -0.01932 35.64782 0 0.57500 4.35000 35.24762 0.10186 13
0.10501 -0.24634 20.90324 0 7.40000 -3.37500 20.79536 0.10424 13
0.61464 0.10293 14.93162 0 -3.07500 -18.37500 12.73927 0.11864 -13
0.73916 -0.14329 68.17628 0 4.32500 -23.32500 55.02082 0.12606 -13
-0.03429 -0.01872 73.10753 0 0.55000 -0.85000 73.06460 0.10078 13
-0.31531 -0.09683 35.58772 0 2.92500 8.85000 33.95483 0.10604 -13
-1.84191 0.03357 99.83241 0 -1.02500 60.00000 47.65421 0.21109 13
-0.42765 -0.07750 85.92871 0 2.32500 12.87500 79.04357 0.10980 13
-0.39091 -0.18321 59.85455 0 5.52500 15.80000 55.86686 0.10969 -13
-0.88184 0.05030 75.76124 0 -1.50000 29.35000 56.85424 0.13436 -13
0.23896 -0.06479 99.27265 0 1.95000 -7.00000 96.56536 0.10374 13
0.41565 0.03175 25.74238 0 -0.95000 -14.55000 23.77244 0.10909 -13
-0.12561 -0.18254 41.15829 0 5.50000 3.75000 40.84759 0.10314 13
0.25965 0.02286 35.45934 0 -0.67500 -8.05000 34.32186 0.10407 -13
1.10190 0.05267 55.79284 0 -1.57500 -29.97500 37.52389 0.14994 -13
0.37230 0.12919 2.10178 0 -4.15000 -11.10000 1.97181 0.10849 13
0.38287 -0.27059 2.10178 0 7.90000 -11.37500 1.97181 0.11111 13
0.26785 0.09907 16.29457 0 -2.95000 -9.00000 15.74481 0.10472 -13
1.88265 -0.14124 55.05439 0 4.27500 -55.62500 26.02409 0.21517 -13
0.18726 -0.14795 91.30518 0 4.47500 -6.67500 89.77775 0.10354 -13
1.61053 -0.21801 29.30627 0 6.55000 -47.37500 15.71878 0.19213 13
-0.50442 0.14191 99.64391 0 -4.27500 13.52500 89.14482 0.11369 -13
-0.51566 -0.25718 99.64391 0 7.77500 13.87500 89.14482 0.11623 -13
0.11919 0.08571 66.46247 0 -2.60000 -1.67500 65.99872 0.10171 13
-0.50382 -0.13653 74.61618 0 4.12500 13.45000 66.76023 0.11360 -13
-0.43682 -0.04936 18.12974 0 1.45000 17.22500 16.61706 0.11000 13
0.63566 0.01593 71.83796 0 -0.50000 -18.82500 60.62847 0.11934 13
-0.47769 0.01623 33.82493 0 -0.50000 14.35000 30.52211 0.11162 13
1.79860 0.12105 23.35738 0 -3.60000 -54.15000 11.41342 0.20756 -13
1.85377 -0.27901 23.35738 0 8.47500 -55.85000 11.41342 0.21405 -13
0.76516 -0.18631 67.53548 0 5.60000 -22.52500 53.97104 0.12816 13
-1.51649 -0.06490 44.57843 0 1.97500 49.37500 24.57624 0.18305 -13
0.77563 -0.04632 32.82053 0 1.37500 -24.22500 25.94445 0.12752 13
2.08151 0.10461 49.06847 0 -3.17500 -62.20000 21.34108 0.23282 13
-1.14140 -0.01827 14.26026 0 0.60000 29.72500 9.39806 0.15283 -13
-0.58251 0.03210 65.92367 0 -0.95000 14.42500 56.97134 0.11659 -13
-1.08749 0.00178 7.03790 0 0.05000 32.07500 4.76372 0.14880 -13
1.71827 0.12262 59.75588 0 -3.72500 -51.62500 30.22475 0.20060 13
1.77001 -0.27754 59.75588 0 8.35000 -53.17500 30.22475 0.20659 13
-1.18443 -0.24161 54.97756 0 7.30000 36.10000 36.05151 0.15800 -13
-0.55806 -0.16586 27.00537 0 4.97500 16.95000 23.65723 0.11651 13
-0.36326 0.00299 35.85549 0 -0.07500 8.55000 33.70077 0.10714 -13
1.17008 -0.15848 72.67755 0 4.77500 -37.87500 47.55568 0.15581 13
0.19656 -0.23179 47.98778 0 6.97500 -5.72500 47.13158 0.10524 13
0.28018 -0.13205 51.66233 0 4.00000 -7.05000 49.77766 0.10543 -13
0.24944 -0.12633 24.67385 0 3.80000 -10.55000 23.95137 0.10456 13
0.95480 0.06585 30.45601 0 -1.97500 -29.50000 22.05053 0.13938 -13
1.50770 0.04967 22.26472 0 -1.45000 -45.65000 12.31733 0.18224 -13
1.28480 -0.02462 35.81686 0 0.77500 -36.45000 22.00308 0.16398 -13
-2.03254 -0.17646 72.51602 0 5.32500 60.80000 32.40777 0.22883 -13
0.79794 -0.21323 71.59686 0 6.45000 -25.00000 56.44314 0.13062 -13
0.18355 0.01174 54.17886 0 -0.37500 -4.95000 53.28873 0.10239 13
0.32587 -0.00138 90.72103 0 0.05000 -10.80000 86.25669 0.10592 -13
0.75435 -0.06488 80.04757 0 1.97500 -22.12500 63.95269 0.12631 -13
-0.18616 0.00711 1.74310 0 -0.50000 7.02500 1.71373 0.10263 13
0.28773 -0.14564 28.25255 0 4.40000 -10.95000 27.17245 0.10582 -13
1.05477 -0.14222 43.26894 0 4.30000 -29.82500 29.92608 0.14708 -13
0.45005 -0.04600 17.73746 0 1.42500 -13.35000 16.17778 0.11054 -13
0.00482 0.03417 93.86963 0 -1.02500 -0.05000 93.86854 0.10076 -13
0.09583 -0.16864 41.35401 0 5.07500 -1.50000 41.17066 0.10257 13
1.47724 -0.16531 21.73208 0 4.95000 -44.10000 12.29555 0.18038 13
0.36974 -0.17719 53.65244 0 5.32500 -9.45000 50.41548 0.10883 13
-0.48399 0.04093 90.56933 0 -1.22500 15.90000 81.53584 0.11195 -13
-0.29855 -0.02850 73.94766 0 0.87500 8.77500 70.85971 0.10513 -13
1.96065 0.14343 50.49792 0 -4.35000 -61.25000 23.13018 0.22213 13
2.00316 -0.25558 50.49792 0 7.70000 -62.52500 23.13018 0.22688 13
-1.08134 -0.14242 49.31660 0 4.27500 31.75000 33.66438 0.14901 13
-0.06585 0.07888 51.54950 0 -2.37500 2.60000 51.43877 0.10123 -13
0.09325 0.00767 36.26217 0 -0.22500 -1.85000 36.10559 0.10114 -13
0.49842 -0.12824 21.86858 0 3.85000 -11.82500 19.60375 0.11324 13
-1.58403 -0.26012 86.76326 0 6.12500 64.50000 30.23798 0.43000 -13
0.37624 -1.74348 86.76326 0 6.60000 64.77500 30.23798 0.50884 -13
0.37084 -0.16883 25.61822 0 5.07500 -9.50000 24.06013 0.10873 13
-1.78278 -0.23090 41.28971 0 6.95000 53.22500 20.60020 0.20712 13
0.00304 -0.15107 41.56393 0 4.57500 0.47500 41.56375 0.10185 -13
2.02429 0.04934 21.42374 0 -1.45000 -61.47500 9.49722 0.22743 -13
-0.53662 0.08744 27.90752 0 -2.62500 16.17500 24.61191 0.11462 -13
-0.09190 -0.06120 13.59767 0 1.80000 5.20000 13.54082 0.10131 13
-1.28345 -0.13346 12.69049 0 4.10000 40.00000 7.84232 0.16446 -13
-0.09944 0.10703 60.31167 0 -3.22500 3.10000 60.01895 0.10177 -13
1.30880 -0.13526 31.85081 0 4.05000 -37.42500 19.44832 0.16640 13
-0.71035 -0.24321 80.84670 0 7.35000 25.07500 66.53647 0.12593 -13
-0.63334 0.01992 73.39249 0 -0.60000 19.25000 62.00665 0.11922 -13
-1.03381 -0.09893 82.21711 0 3.00000 31.67500 57.30571 0.14519 -13
1.99102 -0.24858 5.70618 0 7.30000 -59.70000 2.62321 0.22541 13
-0.30975 -0.02618 63.42511 0 0.77500 11.22500 60.58705 0.10546 13
1.18269 -0.15615 46.06731 0 4.72500 -38.17500 29.95231 0.15678 -13
0.01107 -0.06288 56.73820 0 1.90000 -1.35000 56.73473 0.10090 13
-1.09338 -0.12695 4.40446 0 4.00000 34.60000 2.98588 0.14989 -13
1.00918 -0.15354 22.78591 0 4.60000 -31.50000 16.13241 0.14388 13
-0.31018 0.06785 76.64416 0 -2.05000 7.45000 73.21825 0.10566 13
-0.17486 0.02890 57.72038 0 -0.87500 6.85000 56.85838 0.10227 -13
-0.31325 0.07426 57.41272 0 -2.25000 11.67500 54.80097 0.10579 13
0.21860 -0.15760 66.64036 0 4.75000 -7.90000 65.13908 0.10430 -13
-1.32670 -0.20866 23.71861 0 6.32500 39.77500 14.47034 0.16866 -13
-0.31322 -0.21265 53.39112 0 6.42500 9.47500 51.04895 0.10769 -13
-0.91908 0.07717 71.12416 0 -2.32500 27.30000 52.43751 0.13699 -13
0.75757 -0.00804 42.79038 0 0.22500 -25.35000 34.10849 0.12634 13
0.59600 0.12080 15.36617 0 -3.67500 -16.72500 13.22423 0.11789 13
0.61428 -0.27963 15.36617 0 8.40000 -17.27500 13.22423 0.12146 13
-1.56658 -0.12062 92.62941 0 3.65000 46.52500 50.09597 0.18757 -13
0.74438 -0.03418 27.27358 0 1.00000 -21.62500 21.88242 0.12558 13
0.09873 -0.20809 82.64846 0 6.27500 -4.55000 82.26509 0.10333 13
0.14446 -0.01908 85.14850 0 0.57500 -5.47500 84.27403 0.10176 -13
0.13988 0.10449 55.68399 0 -3.15000 -7.07500 55.15278 0.10223 13
0.23130 -0.05011 13.02627 0 1.47500 -6.72500 12.69196 0.10348 13
0.41834 0.10310 72.06720 0 -3.12500 -12.25000 66.53607 0.10966 13
-0.49120 -0.04863 75.19998 0 1.47500 15.25000 67.51269 0.11230 -13
-0.38737 -0.05282 60.63971 0 1.57500 11.02500 56.55565 0.10812 13
0.39917 -0.24166 54.91328 0 7.27500 -10.90000 51.19486 0.11112 13
-1.61115 0.07480 69.04172 0 -2.25000 48.17500 36.48238 0.19110 -13
0.99733 0.07264 79.55992 0 -2.20000 -31.27500 56.40633 0.14242 13
-0.62945 -0.11158 46.95164 0 3.37500 19.52500 39.80414 0.11953 -13
-0.47421 -0.15558 36.33330 0 4.67500 14.77500 32.90076 0.11254 13
-1.75778 0.01223 33.33836 0 -0.40000 54.17500 16.48583 0.20366 13
-0.31363 0.03805 62.85971 0 -1.15000 11.30000 59.98278 0.10561 -13
0.52759 -0.13332 86.40388 0 4.02500 -13.22500 76.56627 0.11465 13
-1.99692 0.09903 16.46469 0 -3.05000 58.52500 7.40127 0.22516 13
1.35022 -0.06891 8.14619 0 2.17500 -40.05000 4.85615 0.16938 -13
1.92832 -0.06693 25.42242 0 2.05000 -57.77500 11.72417 0.21887 -13
-0.91056 -0.17628 36.35051 0 5.30000 28.55000 27.06266 0.13734 13
-0.10532 -0.20844 65.92944 0 6.27500 2.75000 65.58183 0.10341 13
0.52893 -0.06070 33.33466 0 1.82500 -15.17500 29.47847 0.11408 13
-0.57873 0.01212 57.29863 0 -0.37500 18.72500 49.59338 0.11636 13
0.19972 -0.23129 16.81787 0 6.95000 -5.50000 16.50834 0.10528 13
-0.54128 -0.20127 35.19719 0 6.07500 14.45000 31.09100 0.11630 -13
-1.12406 -0.13148 58.22446 0 3.95000 32.67500 38.88526 0.15208 13
-0.54545 0.12854 43.53630 0 -3.90000 19.75000 38.29172 0.11544 13
-0.56056 -0.27127 43.53630 0 8.17500 20.20000 38.29172 0.11861 13
0.36254 -0.00163 83.59743 0 0.05000 -11.77500 78.59203 0.10711 13
-1.09956 -0.14701 49.83364 0 4.45000 32.12500 33.72517 0.15042 -13
-1.06350 -0.06125 77.14569 0 1.85000 30.20000 52.89960 0.14714 13
-0.97602 0.12004 74.75071 0 -3.62500 29.17500 53.68075 0.14124 13
-1.00638 -0.28024 74.75071 0 8.45000 30.07500 53.68075 0.14562 13
-1.39372 0.04942 89.58260 0 -1.47500 39.60000 52.26553 0.17281 -13
-1.62810 0.09991 84.30319 0 -3.02500 48.85000 44.28113 0.19268 13
-0.01943 -0.18378 44.05557 0 5.52500 3.65000 44.04753 0.10240 13
-0.40662 -0.10239 13.37471 0 3.05000 11.75000 12.39886 0.10919 13
-0.48496 -0.17839 69.24532 0 5.40000 16.22500 62.48879 0.11336 -13
-0.95493 -0.05403 45.42735 0 1.62500 33.12500 32.87805 0.13934 13
-0.26258 -0.24466 42.42314 0 7.40000 6.67500 41.10709 0.10700 -13
1.69086 -0.13592 72.03195 0 4.07500 -48.17500 36.91645 0.19829 13
0.58158 -0.13587 12.41775 0 4.05000 -15.97500 10.75896 0.11728 13
0.59054 -0.02338 46.76804 0 0.70000 -16.17500 40.27317 0.11697 13
1.37810 -0.06054 99.74256 0 1.82500 -41.25000 58.64899 0.17157 13
-1.15965 -0.20016 89.07935 0 6.05000 34.50000 58.82713 0.15552 -13
1.29262 -0.14365 77.72766 0 4.35000 -39.77500 47.86479 0.16522 -13
-0.21619 0.04878 47.87347 0 -1.45000 8.10000 46.79495 0.10314 -13
1.56640 -0.14399 57.31526 0 4.35000 -46.97500 31.06554 0.18773 -13
1.33990 -0.02415 10.87986 0 0.80000 -39.87500 6.50799 0.16842 -13
-0.02295 -0.09837 83.18444 0 2.97500 0.02500 83.16275 0.10122 -13
0.09782 -0.05258 48.37813 0 1.57500 -1.40000 48.14891 0.10132 13
0.68406 -0.02915 7.15884 0 0.80000 -23.20000 5.90975 0.12204 13
0.45737 0.12513 70.61499 0 -3.77500 -14.05000 64.30263 0.11145 13
0.47065 -0.27485 70.61499 0 8.27500 -14.45000 64.30263 0.11468 13
-0.45562 0.02894 52.37381 0 -0.87500 11.50000 47.66342 0.11070 -13
0.55743 -0.08500 80.68699 0 2.55000 -18.05000 70.53685 0.11560 13
-0.29221 -0.06715 62.83057 0 2.02500 7.70000 60.31911 0.10513 13
-0.61392 -0.08695 72.43590 0 2.62500 17.85000 61.79454 0.11849 13
1.92410 -0.24748 31.79609 0 7.50000 -55.55000 15.00872 0.21984 -13
0.73394 -0.01326 16.01971 0 0.37500 -20.17500 12.91482 0.12492 13
0.10916 -0.20335 30.99867 0 6.12500 -1.47500 30.82278 0.10334 13
1.33834 -0.14057 42.62477 0 4.22500 -38.97500 25.67392 0.16879 13
1.33835 -0.14057 42.62477 0 4.22500 -39.00000 25.67392 0.16882 13
-0.95788 -0.10352 81.43971 0 3.12500 26.72500 58.96100 0.13985 -13
0.16021 0.10108 24.97190 0 -3.07500 -5.22500 24.66058 0.10250 13
-0.01283 -0.12492 72.24263 0 3.77500 -1.30000 72.23677 0.10150 -13
-0.29828 0.05287 50.70304 0 -1.57500 12.32500 48.59314 0.10522 -13
-1.14255 -0.01153 66.04800 0 0.32500 33.57500 43.50068 0.15291 13
-0.06101 -0.21737 21.69196 0 6.52500 0.02500 21.65350 0.10322 13
-0.92501 -0.21046 38.14492 0 6.32500 27.50000 28.28070 0.13879 13
1.70164 -0.14059 48.53696 0 4.25000 -50.77500 24.77060 0.19928 -13
-1.73065 -0.10666 7.70890 0 3.10000 52.45000 3.87265 0.20153 13
0.87311 -0.06083 74.61565 0 1.85000 -23.20000 56.25105 0.13383 -13
-1.32784 0.13310 39.46642 0 -4.00000 41.65000 23.87516 0.16792 -13
-1.36208 -0.26638 39.46642 0 8.05000 42.70000 23.87516 0.17230 -13
-0.39614 -0.19014 34.57736 0 5.75000 14.27500 32.22298 0.11001 -13
1.00547 -0.07281 65.18683 0 2.17500 -30.97500 46.02952 0.14298 13
1.85786 0.01091 23.89176 0 -0.30000 -53.22500 11.32375 0.21248 -13
-1.20027 -0.08050 47.12833 0 2.45000 37.92500 30.22449 0.15754 -13
-0.10062 -0.19519 13.00790 0 5.92500 3.70000 12.94493 0.10313 -13
1.58119 -0.11144 24.83161 0 3.32500 -46.45000 13.33133 0.18872 13
1.64549 -0.13962 94.54604 0 4.22500 -48.82500 49.44792 0.19443 -13
0.33293 -0.13622 5.56874 0 4.20000 -11.42500 5.28849 0.10708 -13
0.96301 0.03842 45.86298 0 -1.17500 -29.52500 33.04763 0.13986 13
-0.13416 0.00322 38.36475 0 -0.07500 5.77500 38.02413 0.10160 -13
-2.07269 -0.08038 84.94433 0 2.45000 62.57500 37.00812 0.23189 -13
0.08251 -0.14876 46.94944 0 4.47500 -3.07500 46.79391 0.10214 13
-2.05977 0.10007 64.75878 0 -3.05000 61.85000 28.39599 0.23082 13
0.84130 0.05937 42.52423 0 -1.80000 -24.00000 32.56378 0.13174 13
1.38120 0.00020 55.31363 0 -0.02500 -43.15000 32.43772 0.17172 13
-0.80586 -0.00603 52.97384 0 0.17500 23.90000 41.24763 0.12933 13
0.48824 -0.03940 82.45459 0 1.20000 -14.92500 74.10578 0.11213 -13
1.67700 -0.14286 91.54977 0 4.32500 -51.60000 47.23837 0.19716 -13
0.85329 -0.10635 1.51017 0 2.77500 -23.90000 1.15090 0.13302 13
-0.74880 -0.09492 31.98732 0 2.87500 22.20000 25.64577 0.12618 -13
-0.58828 -0.10619 18.18484 0 3.22500 17.05000 15.69607 0.11734 -13
0.36004 -0.04711 84.16462 0 1.42500 -9.32500 79.19843 0.10714 -13
-2.03882 -0.13501 72.84858 0 4.10000 59.22500 32.31361 0.22911 -13
1.80891 -0.04712 63.77248 0 1.42500 -52.87500 30.87972 0.20821 -13
-0.31681 0.02621 70.79125 0 -0.80000 10.00000 67.48770 0.10567 13
2.16259 -0.19371 66.92384 0 5.82500 -64.72500 28.51600 0.24070 13
1.65481 -0.00431 17.22070 0 0.17500 -48.20000 8.90625 0.19472 -13
0.27567 0.14594 14.64064 0 -4.45000 -10.87500 14.12444 0.10551 13
0.28140 -0.25308 14.64064 0 7.60000 -11.05000 14.12444 0.10764 13
-1.73401 0.08562 91.02206 0 -2.60000 51.50000 45.59752 0.20176 13
-0.10245 -0.15998 60.56734 0 4.82500 2.75000 60.25977 0.10251 -13
-1.41220 -0.17185 3.78303 0 4.95000 45.02500 2.20756 0.17495 13
-0.38809 -0.01935 45.58288 0 0.57500 13.82500 42.49614 0.10804 13
-0.21604 -0.24429 8.59442 0 7.30000 4.77500 8.41119 0.10588 13
-0.06291 -0.19149 26.20394 0 5.80000 2.62500 26.15407 0.10274 -13
-1.54300 0.04929 22.10557 0 -1.52500 43.95000 12.03401 0.18522 13
0.75301 -0.07183 4.64814 0 2.02500 -23.20000 3.71641 0.12627 13
-1.69669 -0.24592 93.30130 0 7.42500 50.17500 48.41027 0.19988 -13
-0.14387 -0.12927 55.21511 0 3.90000 6.60000 54.66140 0.10257 -13
1.03811 -2.53359 55.21511 0 4.37500 6.25000 54.66140 0.10515 -13
-0.48801 0.14220 88.18800 0 -4.27500 12.92500 79.40587 0.11296 -13
-0.49884 -0.25688 88.18800 0 7.75000 13.25000 79.40587 0.11548 -13
-0.17247 -0.23187 78.18055 0 7.00000 4.62500 77.09986 0.10482 -13
-0.89799 -0.11241 67.38271 0 3.37500 27.72500 50.27523 0.13581 13
0.08097 -0.06981 98.17321 0 2.10000 -3.72500 97.85451 0.10128 -13
1.94159 -0.09627 50.82736 0 2.92500 -59.17500 23.35844 0.22016 -13
-0.05795 0.13742 5.65289 0 -4.22500 3.50000 5.64360 0.10188 13
-0.05945 -0.26197 5.65289 0 7.80000 3.55000 5.64360 0.10421 13
-0.05924 0.02790 9.30551 0 -0.90000 2.40000 9.28922 0.10093 13
-0.03122 0.12345 71.70680 0 -3.72500 1.55000 71.67239 0.10152 13
-0.03216 -0.27663 71.70680 0 8.35000 1.57500 71.67239 0.10453 13
-1.07723 -0.12004 33.37938 0 3.65000 33.15000 22.79624 0.14854 -13
0.28056 0.06357 77.17012 0 -1.90000 -5.90000 74.31213 0.10478 -13
0.28778 -0.03258 44.66253 0 0.97500 -10.05000 42.92235 0.10484 13
-0.01462 0.02618 68.21649 0 -0.80000 -0.40000 68.20921 0.10075 13
-0.15602 -0.24659 84.76311 0 7.42500 4.50000 83.80699 0.10490 13
1.34542 -0.17830 94.28870 0 5.37500 -38.35000 56.81302 0.16976 13
0.29958 -0.01925 30.93184 0 0.60000 -9.55000 29.63105 0.10515 -13
0.77138 -0.07875 78.59151 0 2.37500 -22.82500 62.30114 0.12743 -13
0.28259 -0.04745 27.75689 0 1.45000 -8.30000 26.71299 0.10476 -13
1.05151 -0.22376 10.14782 0 6.67500 -30.87500 7.08158 0.14780 13
0.80401 -0.08466 28.16958 0 2.52500 -25.97500 21.98453 0.12949 13
-0.81165 -0.10496 74.46695 0 3.15000 24.87500 57.94478 0.13012 13
0.46380 0.04300 53.55856 0 -1.27500 -13.70000 48.59482 0.11110 -13
0.03489 0.10345 68.72491 0 -3.12500 -3.57500 68.68358 0.10131 13
-1.51723 0.04756 50.20660 0 -1.42500 47.22500 27.65182 0.18304 -13
0.15172 0.13282 27.52408 0 -4.00000 -7.00000 27.21804 0.10272 -13
0.15565 -0.26669 27.52408 0 8.07500 -7.12500 27.21804 0.10541 -13
-0.19794 -0.23149 71.06556 0 6.97500 5.00000 69.77985 0.10527 13
1.55912 -0.20349 94.54826 0 6.15000 -46.80000 51.78023 0.18766 -13
-0.13066 0.08731 78.84884 0 -2.65000 5.05000 78.18924 0.10194 13
0.75807 -0.11931 44.07132 0 3.57500 -21.80000 35.21110 0.12693 13
0.34436 -0.13345 28.02631 0 4.00000 -9.15000 26.52378 0.10734 13
-0.68796 -0.23867 84.14331 0 7.20000 18.62500 69.93075 0.12456 13
-1.90111 0.11551 20.26132 0 -3.55000 54.02500 9.48069 0.21670 13
-0.24983 -0.12350 33.80683 0 3.70000 8.22500 32.81336 0.10454 13
-1.95575 0.03577 13.54399 0 -1.00000 60.57500 6.16930 0.22121 -13
0.24473 -0.11321 21.43975 0 3.45000 -7.80000 20.83269 0.10431 -13
0.21463 0.12643 72.00605 0 -3.82500 -5.82500 70.42711 0.10379 13
0.22074 -0.27348 72.00605 0 8.25000 -6.02500 70.42711 0.10674 13
-1.80472 -0.13971 17.96238 0 4.15000 55.97500 8.77012 0.20821 13
2.08929 0.10630 52.29693 0 -3.17500 -62.92500 22.68177 0.23348 -13
1.44887 0.06428 36.12226 0 -1.97500 -44.52500 20.54745 0.17741 13
0.18452 -0.07318 14.33138 0 2.17500 -4.75000 14.09465 0.10266 13
0.43081 0.05958 68.01530 0 -1.80000 -14.15000 62.48244 0.10982 -13
-0.94305 -0.03219 13.58254 0 0.92500 25.90000 9.88412 0.13845 13
1.00371 -0.07823 30.26108 0 2.37500 -29.80000 21.39092 0.14291 -13
-0.26429 -0.15051 18.93313 0 4.52500 9.32500 18.31790 0.10525 13
-1.18436 -0.05159 22.37037 0 1.60000 32.17500 14.44323 0.15619 -13
0.03721 0.13273 51.39071 0 -4.02500 -0.20000 51.35577 0.10166 13
0.03818 -0.26684 51.39071 0 8.05000 -0.22500 51.35577 0.10429 13
0.02315 -0.19074 98.80939 0 5.75000 -1.47500 98.78387 0.10255 -13
0.78561 -0.04065 97.21117 0 1.22500 -24.55000 76.46677 0.12813 -13
0.55091 0.09430 89.83952 0 -2.85000 -17.27500 78.76932 0.11536 -13
0.04578 -0.17228 58.34044 0 5.20000 -1.72500 58.28123 0.10229 13
1.88208 -0.02308 95.74062 0 0.67500 -59.02500 44.93136 0.21463 13
0.05416 0.08994 13.75503 0 -2.75000 0.55000 13.73508 0.10127 13
-1.04913 -0.02685 62.76565 0 0.82500 30.27500 43.31334 0.14598 -13
-1.23143 -0.18973 77.06035 0 5.72500 36.75000 49.09443 0.16088 13
-1.29114 -0.00157 20.84672 0 0.07500 39.75000 12.76480 0.16447 -13
0.79240 0.01116 44.32851 0 -0.35000 -24.37500 34.74390 0.12849 13
0.88446 -0.01309 84.38575 0 0.37500 -25.10000 63.21188 0.13445 13
-0.14690 -0.22543 47.49241 0 6.80000 7.07500 47.01218 0.10429 -13
0.38596 -0.11705 27.38186 0 3.50000 -10.37500 25.56772 0.10858 13
-1.97921 -0.06881 54.02717 0 2.05000 59.45000 24.41036 0.22341 13
-0.82008 -0.15396 48.41786 0 4.62500 22.90000 37.61473 0.13114 13
-0.77970 -0.22333 72.81970 0 6.72500 25.07500 57.94988 0.12965 13
0.41207 -0.17818 90.83340 0 5.37500 -12.97500 84.17110 0.11039 -13
0.47042 -0.16546 39.68149 0 5.00000 -14.10000 35.99389 0.11254 -13
1.62833 -0.03296 59.28195 0 1.00000 -49.20000 31.03497 0.19247 -13
-0.47648 0.08614 51.45559 0 -2.60000 15.07500 46.48360 0.11189 13
0.80712 -0.15650 16.29535 0 4.67500 -24.45000 12.74091 0.13035 13
1.17695 -0.03744 38.81874 0 1.10000 -34.80000 25.14517 0.15557 13
0.13742 -0.20133 22.83635 0 6.05000 -5.85000 22.63191 0.10364 13
-0.20928 0.11906 57.20107 0 -3.57500 5.22500 56.00451 0.10358 -13
-0.21588 -0.28126 57.20107 0 8.50000 5.42500 56.00451 0.10685 -13
1.63686 0.00568 26.01304 0 -0.20000 -47.35000 13.56190 0.19316 13
-0.51846 0.07857 52.01750 0 -2.35000 17.75000 46.21027 0.11371 -13
0.91758 0.00509 39.78500 0 -0.17500 -27.50000 29.31432 0.13668 13
-0.88158 -0.24760 35.63092 0 7.45000 27.25000 27.07276 0.13652 13
1.10712 -0.16202 47.46640 0 4.90000 -35.90000 32.04237 0.15114 -13
0.69739 0.10474 5.03329 0 -3.27500 -22.60000 4.13577 0.12331 13
-0.88657 -0.15918 41.95480 0 4.77500 27.10000 31.56618 0.13552 13
-1.35734 0.09716 61.45677 0 -2.95000 42.10000 36.56375 0.17007 13
-1.96802 -0.03640 73.90410 0 1.07500 59.75000 33.49490 0.22234 13
0.65962 0.10539 61.89403 0 -3.17500 -19.80000 51.75254 0.12110 -13
0.41107 -0.05312 8.34486 0 1.65000 -11.27500 7.71965 0.10903 -13
-0.44230 -0.22834 26.61090 0 6.87500 12.55000 24.43607 0.11247 13
-1.08340 0.09007 98.38718 0 -2.72500 35.27500 66.87753 0.14875 13
0.36984 0.09829 48.68629 0 -2.95000 -10.07500 45.68973 0.10782 -13
1.40056 -0.11373 24.37080 0 3.40000 -44.35000 14.22185 0.17366 13
-0.83678 -0.18752 83.17588 0 5.65000 27.12500 64.24039 0.13265 13
-1.60049 -0.05697 58.41302 0 1.72500 47.40000 30.98814 0.19014 -13
-0.94303 0.14177 50.26390 0 -4.27500 29.32500 36.73884 0.13915 -13
-0.96410 -0.25731 50.26390 0 7.77500 29.95000 36.73884 0.14228 -13
0.04053 0.06502 10.82576 0 -2.00000 -0.17500 10.81695 0.10101 13
0.75831 0.12475 23.49876 0 -3.80000 -21.07500 18.77683 0.12702 13
0.78053 -0.27528 23.49876 0 8.27500 -21.72500 18.77683 0.13069 13
0.22227 0.14535 55.78554 0 -4.40000 -7.50000 54.48295 0.10420 13
0.22691 -0.25360 55.78554 0 7.65000 -7.62500 54.48295 0.10637 13
-0.96373 -0.05018 57.44712 0 1.52500 29.00000 41.38943 0.13995 -13
-0.97525 -0.07849 86.46078 0 2.37500 31.12500 61.99144 0.14089 -13
-1.14784 0.12715 67.54698 0 -3.82500 34.77500 44.57161 0.15384 -13
-1.18024 -0.27270 67.54698 0 8.22500 35.75000 44.57161 0.15820 -13
-0.25067 0.12081 78.52629 0 -3.65000 7.20000 76.20207 0.10453 13
-0.25839 -0.27944 78.52629 0 8.42500 7.42500 76.20207 0.10774 13
0.60639 0.13178 45.87035 0 -3.95000 -15.70000 39.31299 0.11851 -13
0.62236 -0.26780 45.87035 0 8.10000 -16.17500 39.31299 0.12165 -13
-1.57340 -0.16426 25.54839 0 5.00000 46.80000 13.83452 0.18851 -13
-0.20671 0.09498 41.96037 0 -2.85000 7.62500 41.09919 0.10327 -13
-0.90131 0.02398 68.96816 0 -0.72500 26.77500 51.23703 0.13559 -13
1.23645 0.14626 69.57596 0 -4.42500 -37.67500 44.03196 0.16083 13
1.26186 -0.25267 69.57596 0 7.60000 -38.42500 44.03196 0.16411 13
1.43681 0.07387 90.08146 0 -2.25000 -42.65000 51.55243 0.17645 13
1.59085 0.13493 87.05350 0 -4.07500 -45.67500 46.62844 0.18973 13
1.63080 -0.26450 87.05350 0 7.97500 -46.87500 46.62844 0.19446 13
-0.20824 0.04036 37.67344 0 -1.20000 6.62500 36.88325 0.10294 -13
-0.42438 0.00059 63.24363 0 -0.00000 12.52500 58.21793 0.10940 -13
1.99878 -0.16987 85.67991 0 5.10000 -60.32500 38.77387 0.22570 13
-0.01222 0.00464 46.29509 0 -0.15000 0.37500 46.29163 0.10071 13
0.28248 -0.06608 27.33868 0 2.00000 -10.42500 26.31330 0.10486 -13
-0.98115 -0.15944 56.06644 0 4.80000 27.42500 40.26632 0.14198 13
-0.94878 -0.00868 75.43939 0 0.25000 26.62500 54.72743 0.13882 13
0.78212 -0.02677 46.72383 0 0.82500 -22.40000 36.80922 0.12787 -13
-0.28629 -0.05582 8.14604 0 1.62500 8.77500 7.83228 0.10490 13
-1.36142 -0.24661 57.25375 0 7.45000 39.17500 34.54301 0.17194 -13
-0.18400 0.12521 82.21284 0 -3.77500 4.70000 80.87610 0.10317 13
-0.18934 -0.27477 82.21284 0 8.27500 4.85000 80.87610 0.10615 13
-0.00655 -0.24035 88.04025 0 7.25000 -0.50000 88.03846 0.10357 13
0.09181 0.10891 69.51480 0 -3.27500 -4.35000 69.22703 0.10172 -13
-0.14140 -0.20618 82.28438 0 6.22500 5.17500 81.50649 0.10380 13
0.78368 0.05470 24.41281 0 -1.62500 -24.37500 19.22597 0.12806 -13
1.95560 0.07956 26.88930 0 -2.35000 -60.87500 12.27169 0.22133 -13
-1.43547 -0.02430 31.58485 0 0.75000 42.07500 18.05753 0.17620 -13
0.45588 -0.05233 30.85324 0 1.55000 -14.20000 28.08014 0.11079 13
0.29428 -0.17956 86.28279 0 5.40000 -7.55000 82.87636 0.10652 13
0.21519 -0.13639 79.24083 0 4.12500 -7.67500 77.49879 0.10392 -13
-0.28770 0.12366 1.97021 0 -3.95000 7.22500 1.89455 0.10577 13
-0.29616 -0.27681 1.97021 0 8.10000 7.45000 1.89455 0.10859 13
-0.47407 -0.01105 22.40779 0 0.35000 15.75000 20.24794 0.11145 -13
1.49222 0.01695 18.25669 0 -0.47500 -47.10000 10.16452 0.18091 -13
-0.75903 0.04949 98.62198 0 -1.47500 23.92500 78.59067 0.12652 -13
-2.11198 -0.05727 11.66415 0 1.82500 64.95000 4.99802 0.23539 -13
0.57730 -0.13053 82.37753 0 3.92500 -18.50000 71.49244 0.11702 13
0.02423 -0.09474 4.14480 0 2.97500 -1.17500 4.14360 0.10125 -13
1.61642 -0.04970 1.98251 0 1.97500 -49.45000 1.04460 0.19180 -13
1.16226 0.09817 1.52072 0 -2.50000 -36.95000 0.99402 0.15496 -13
-0.09161 0.12246 42.34556 0 -3.70000 4.32500 42.17153 0.10188 13
-0.09438 -0.27769 42.34556 0 8.37500 4.42500 42.17153 0.10493 13
0.23471 -0.11700 1.71528 0 3.25000 -7.35000 1.67072 0.10418 13
0.26458 0.06956 18.81803 0 -2.07500 -10.22500 18.19477 0.10440 -13
-0.20406 -0.08505 71.68366 0 2.55000 6.42500 70.24628 0.10313 13
-0.29835 0.08537 30.21303 0 -2.60000 7.90000 28.96059 0.10544 13
0.02983 -0.19358 8.27598 0 5.77500 0.05000 8.27243 0.10258 13
-1.42716 0.09019 6.46412 0 -2.57500 42.77500 3.71935 0.17569 -13
-0.39952 -0.11729 18.63950 0 3.57500 13.20000 17.32565 0.10909 -13
-0.90432 -0.18497 39.48126 0 5.55000 27.47500 29.50358 0.13704 13
2.02955 0.08785 47.38510 0 -2.67500 -58.65000 21.00783 0.22802 13
-0.59771 -0.09267 46.53286 0 2.80000 17.32500 39.98681 0.11770 -13
0.13001 -0.09545 41.12518 0 2.87500 -6.97500 40.78501 0.10200 13
0.13469 0.05637 93.86193 0 -1.70000 -2.42500 93.02451 0.10177 -13
-0.59653 -0.12584 33.39265 0 3.77500 16.75000 28.73614 0.11794 13
0.49476 -0.04677 88.32220 0 1.40000 -14.80000 79.18015 0.11245 13
0.51929 0.03117 76.22462 0 -0.95000 -15.15000 67.65450 0.11351 13
0.45362 0.09778 13.31817 0 -2.90000 -11.42500 12.13846 0.11101 -13
-1.67685 0.05439 42.06441 0 -1.62500 51.65000 21.56847 0.19668 -13
0.12967 -0.18125 7.64228 0 5.55000 -4.02500 7.58081 0.10323 -13
0.25675 0.03017 94.64949 0 -0.90000 -8.57500 91.67851 0.10401 -13
1.73484 -0.17413 21.86942 0 5.20000 -54.30000 11.04459 0.20235 13
0.77109 -0.05168 45.14024 0 1.55000 -26.50000 35.76490 0.12727 13
0.55384 -0.10581 81.67244 0 3.17500 -16.25000 71.53927 0.11561 13
0.49331 -0.13776 99.36088 0 4.15000 -16.52500 89.27106 0.11314 13
0.71034 -0.16568 72.93063 0 5.00000 -21.07500 59.72519 0.12464 13
0.31295 -0.06096 88.99219 0 1.82500 -9.10000 84.94438 0.10570 13
0.42238 -0.18795 5.54642 0 5.77500 -13.92500 5.12242 0.11103 -13
0.39818 -0.09270 19.25823 0 2.82500 -11.87500 17.90257 0.10880 -13
-1.35022 -0.02452 79.36776 0 0.72500 39.52500 47.24639 0.16922 13
-0.04884 -0.10625 98.68830 0 3.20000 -0.35000 98.57214 0.10139 -13
-1.17266 0.10158 47.44164 0 -3.07500 34.65000 30.87441 0.15554 13
0.67118 -0.09708 37.34040 0 2.90000 -19.00000 31.04929 0.12167 13
-0.44171 0.05430 19.76288 0 -1.67500 14.37500 18.08222 0.11023 13
-0.21650 -0.24985 13.75213 0 7.50000 7.32500 13.45842 0.10604 13
-0.28622 -0.04261 46.27990 0 1.27500 8.37500 44.49647 0.10483 13
0.69689 0.13419 13.83919 0 -4.10000 -20.90000 11.38685 0.12352 13
0.71456 -0.26539 13.83919 0 7.95000 -21.40000 11.38685 0.12659 13
-0.19734 0.07180 59.85185 0 -2.17500 8.37500 58.72503 0.10290 13
-1.55891 -0.22599 58.68439 0 6.82500 48.52500 32.24557 0.18791 -13
-0.71295 -0.16512 85.80952 0 4.97500 22.45000 70.18467 0.12478 13
-0.01706 -0.19274 41.62726 0 5.82500 1.95000 41.62143 0.10258 -13
-0.84832 0.01791 33.92149 0 -0.52500 26.50000 25.86931 0.13207 -13
0.25701 0.14471 90.88917 0 -4.35000 -5.02500 88.08478 0.10499 -13
0.26245 -0.25426 90.88917 0 7.67500 -5.20000 88.08478 0.10722 -13
2.08754 -0.08457 43.67985 0 2.52500 -61.90000 18.92636 0.23323 13
-0.15367 -0.12296 3.46690 0 3.85000 4.90000 3.42733 0.10274 -13
0.33874 -0.23305 52.76453 0 7.02500 -8.65000 50.10819 0.10888 13
-0.10424 -0.23664 59.16810 0 7.12500 1.77500 58.86603 0.10401 13
1.11137 0.10873 29.96829 0 -3.25000 -32.85000 20.10959 0.15095 -13
-1.61817 -0.19509 27.04965 0 5.92500 50.87500 14.41179 0.19262 -13
0.36248 0.00369 9.77038 0 -0.05000 -11.62500 9.18561 0.10712 -13
-0.09280 -0.12553 54.07425 0 3.77500 4.42500 53.84654 0.10192 13
2.08893 -0.21224 44.21390 0 6.37500 -62.57500 19.43453 0.23416 13
0.45596 0.11301 49.04482 0 -3.40000 -12.27500 44.67309 0.11126 -13
-0.33895 0.14139 22.42269 0 -4.25000 11.60000 21.25751 0.10727 -13
-0.34654 -0.25764 22.42269 0 7.80000 11.85000 21.25751 0.10971 -13
1.40609 -0.01042 43.15084 0 0.32500 -43.50000 25.00999 0.17376 -13
-0.56205 -0.14559 47.18886 0 4.40000 16.80000 41.23945 0.11646 -13
0.89316 0.07084 60.03318 0 -2.12500 -27.20000 44.82418 0.13520 -13
-1.56252 -0.01375 58.33778 0 0.40000 48.27500 31.44899 0.18682 13
1.26620 0.11583 96.63517 0 -3.47500 -36.50000 60.13868 0.16289 -13
-0.61848 0.13542 45.04187 0 -4.10000 17.12500 38.40301 0.11920 13
-0.63389 -0.26399 45.04187 0 7.95000 17.57500 38.40301 0.12215 13
0.52524 -0.20787 49.16469 0 6.27500 -16.97500 43.72241 0.11567 -13
0.06955 -0.18734 55.62281 0 5.65000 -0.62500 55.49332 0.10269 13
0.60084 0.02168 21.43005 0 -0.62500 -18.22500 18.37043 0.11750 -13
-0.95107 -0.13679 80.85733 0 4.12500 28.20000 58.84673 0.13966 -13
1.45126 0.04327 1.11102 0 -2.07500 -42.75000 0.63079 0.17860 13
0.16794 0.06961 18.36287 0 -2.12500 -1.25000 18.11047 0.10236 13
1.44002 -0.06391 84.07610 0 1.95000 -40.75000 48.02221 0.17667 -13
-0.55325 0.07783 67.21920 0 -2.35000 16.22500 58.85912 0.11535 -13
-0.20284 -0.08448 52.71122 0 2.55000 9.92500 51.66641 0.10311 13
0.96284 -0.06781 68.22030 0 2.02500 -29.30000 49.19755 0.13996 13
1.28314 -0.03450 62.62508 0 1.02500 -37.27500 38.51040 0.16386 13
-0.82113 -0.04215 93.33904 0 1.27500 25.02500 72.16144 0.13037 13
0.37420 -0.19501 24.02938 0 5.90000 -10.47500 22.55602 0.10932 -13
-1.38473 -0.23466 67.12328 0 7.07500 39.72500 39.98967 0.17361 13
0.94941 -0.19429 28.62040 0 5.87500 -25.05000 20.93743 0.14025 -13
1.03813 0.12208 23.63277 0 -3.72500 -31.00000 16.45787 0.14570 13
1.06946 -0.27804 23.63277 0 8.35000 -31.92500 16.45787 0.15005 13
-1.20859 -0.15085 66.59528 0 4.55000 36.42500 42.73735 0.15869 13
0.70072 -0.06270 40.63569 0 1.90000 -22.12500 33.30058 0.12313 -13
0.00304 -0.03400 47.44682 0 1.02500 0.15000 47.44660 0.10076 -13
-0.46852 -0.20368 58.10004 0 6.15000 15.82500 52.80143 0.11309 -13
1.66715 -0.09325 13.14455 0 2.75000 -49.30000 6.78326 0.19595 13
-1.80152 0.08141 40.45209 0 -2.42500 55.12500 19.68323 0.20763 -13
-0.93205 -0.02254 67.86246 0 0.67500 28.72500 49.64892 0.13768 13
0.04236 -0.22183 28.33963 0 6.70000 0.12500 28.31543 0.10325 -13
0.32898 0.13945 46.67978 0 -4.22500 -7.97500 44.38335 0.10695 13
0.33662 -0.25977 46.67978 0 7.82500 -8.22500 44.38335 0.10942 13
0.86223 0.03110 71.57462 0 -0.95000 -24.50000 54.21837 0.13301 13
-0.01576 -0.06926 78.33100 0 2.10000 1.92500 78.32132 0.10096 -13
-0.95837 -0.21914 21.42440 0 6.65000 30.35000 15.64022 0.14125 -13
-0.17548 -0.10474 83.93433 0 3.17500 4.42500 82.68449 0.10278 -13
-1.64568 -0.24128 62.96394 0 7.30000 48.40000 33.37417 0.19546 -13
-0.05213 0.11954 95.80554 0 -3.60000 0.35000 95.67747 0.10156 13
-0.05376 -0.28078 95.80554 0 8.47500 0.40000 95.67747 0.10473 13
0.40095 -0.16364 57.11183 0 4.95000 -12.85000 53.10562 0.10974 -13
-0.30500 0.00382 9.34577 0 -0.17500 7.70000 8.93937 0.10529 13
0.10688 -0.09213 2.67493 0 2.60000 -5.55000 2.65998 0.10173 13
0.25180 0.06297 53.02296 0 -1.90000 -6.90000 51.42391 0.10405 -13
-0.30232 -0.09358 65.00459 0 2.82500 5.95000 62.24597 0.10563 13
1.08526 -0.21082 80.17143 0 6.35000 -30.42500 54.96285 0.15012 13
-0.79088 0.05437 63.96110 0 -1.62500 25.10000 50.19614 0.12851 -13
-0.23111 -0.07435 41.40796 0 2.25000 5.55000 40.34950 0.10364 -13
-0.17043 -0.06898 12.71015 0 2.12500 7.62500 12.53020 0.10241 -13
0.92620 -0.03710 74.69991 0 1.12500 -28.35000 54.82183 0.13731 -13
2.07741 -0.02815 88.41658 0 0.85000 -60.90000 38.36147 0.23220 -13
-0.85463 -0.10136 84.72937 0 3.05000 27.50000 64.54962 0.13286 13
0.02767 -0.18834 80.77301 0 5.67500 -2.67500 80.74315 0.10250 13
0.25615 -0.07413 46.74353 0 2.25000 -5.85000 45.28922 0.10422 -13
0.41969 -0.03233 25.09626 0 1.00000 -13.60000 23.14260 0.10927 -13
0.50675 0.12940 76.45862 0 -3.90000 -17.12500 68.31686 0.11364 -13
0.52059 -0.27031 76.45862 0 8.15000 -17.55000 68.31686 0.11676 -13
0.09404 -0.10005 29.99049 0 3.00000 -3.65000 29.86006 0.10164 13
0.19508 0.09207 8.56871 0 -2.85000 -6.57500 8.41115 0.10305 13
0.44028 -0.07277 9.42893 0 2.25000 -11.87500 8.63360 0.11029 -13
0.38548 -0.22663 60.71235 0 6.85000 -10.50000 56.82907 0.11032 -13
1.61094 -0.21603 75.54138 0 6.50000 -46.27500 40.49778 0.19216 13
-0.99189 0.04404 87.51608 0 -1.32500 29.95000 62.16447 0.14191 -13
