-0.85615 -0.10264 6.21791 0 3.20000 24.97500 4.73334 0.13305 -13
0.47748 -0.12643 96.60852 0 3.80000 -13.47500 87.30764 0.11232 13
1.70997 -0.01028 65.28609 0 0.30000 -52.12500 32.95918 0.19949 13
-1.32429 0.04937 67.34311 0 -1.47500 38.87500 40.61340 0.16718 -13
0.53462 0.01229 7.32350 0 -0.30000 -14.25000 6.45843 0.11421 -13
-0.20683 -0.23085 28.59666 0 6.95000 5.27500 28.03304 0.10542 13
-0.71354 -0.09033 83.72893 0 2.72500 22.07500 68.25298 0.12405 -13
0.74225 -0.01041 49.14500 0 0.30000 -22.27500 39.46323 0.12542 13
1.21776 -0.00013 39.75698 0 0.02500 -37.67500 25.23023 0.15869 -13
-0.03372 -0.08209 45.78052 0 2.47500 2.17500 45.75471 0.10110 -13
1.04669 -0.04691 18.59175 0 1.37500 -29.55000 12.85053 0.14585 13
-0.79507 -0.19960 20.68722 0 6.00000 25.25000 16.31445 0.13019 13
-0.01322 -0.06581 38.03515 0 2.00000 0.72500 38.03184 0.10093 -13
0.18890 -0.23368 34.25446 0 7.05000 -5.57500 33.68915 0.10516 -13
-0.13558 -0.06066 42.39967 0 1.82500 3.20000 42.01668 0.10181 13
-0.49245 -0.01004 63.71661 0 0.30000 14.42500 57.16234 0.11225 -13
0.33579 -0.15453 38.49101 0 4.67500 -11.37500 36.53205 0.10737 -13
-0.05196 -0.00683 52.63703 0 0.22500 -1.72500 52.56613 0.10084 -13
-1.79055 0.06538 51.40772 0 -2.00000 55.47500 25.10654 0.20665 13
0.79817 0.08035 81.85842 0 -2.42500 -23.87500 64.05791 0.12911 13
0.03598 0.06061 56.41476 0 -1.82500 -2.22500 56.37841 0.10096 13
0.21804 -0.04701 76.30494 0 1.40000 -6.32500 74.55716 0.10318 13
-0.54290 0.09640 88.59078 0 -2.92500 16.87500 77.93867 0.11500 13
-0.29141 -0.17867 25.12579 0 5.37500 11.52500 24.15191 0.10641 13
0.21224 0.04720 61.91264 0 -1.42500 -5.62500 60.56649 0.10306 13
-1.48211 -0.12895 3.17554 0 4.17500 44.22500 1.78638 0.18082 -13
1.44940 -0.11559 10.74977 0 3.57500 -44.00000 6.13298 0.17775 -13
-0.67284 -0.06023 65.14761 0 1.82500 20.67500 54.08200 0.12153 -13
-0.39944 -0.18069 87.55635 0 5.45000 11.17500 81.48724 0.10995 13
1.17304 0.07762 83.39535 0 -2.35000 -35.20000 54.19661 0.15542 13
0.01932 0.03168 16.68992 0 -0.97500 -1.52500 16.68682 0.10078 13
2.06655 -0.18607 35.88454 0 5.65000 -62.77500 15.84709 0.23198 -13
0.21470 -0.05570 35.23857 0 1.67500 -4.10000 34.45584 0.10315 13
0.03588 0.07591 30.23628 0 -2.27500 0.97500 30.21695 0.10105 -13
-0.72767 -0.16385 79.51744 0 4.92500 21.85000 64.58963 0.12562 13
-0.79752 -0.04997 48.28331 0 1.50000 28.00000 37.76663 0.12890 13
1.86594 0.09154 95.56958 0 -2.77500 -54.57500 45.28997 0.21340 13
0.11446 -0.02181 72.07822 0 0.65000 -3.92500 71.61088 0.10138 13
0.55575 0.01848 38.77315 0 -0.55000 -16.80000 33.89271 0.11522 -13
-0.66754 -0.15440 3.00114 0 4.85000 22.25000 2.50523 0.12227 -13
0.45225 0.09001 88.21786 0 -2.70000 -12.55000 80.43466 0.11089 -13
1.23161 -0.16838 89.17277 0 5.10000 -36.92500 56.68163 0.16066 -13
1.21125 0.04534 69.01467 0 -1.37500 -37.27500 43.96479 0.15825 13
-0.37254 -0.01960 32.56403 0 0.60000 9.27500 30.51590 0.10748 -13
2.04044 -0.12200 42.34202 0 3.65000 -59.72500 18.74488 0.22914 13
0.93870 0.04069 59.85858 0 -1.22500 -30.37500 43.66010 0.13818 -13
-0.64921 -0.24228 97.47989 0 7.32500 20.42500 82.44144 0.12252 -13
1.22692 0.03298 39.39357 0 -1.02500 -36.60000 24.89625 0.15944 13
-1.66870 0.00117 41.02551 0 -0.02500 49.75000 21.08862 0.19590 -13
-1.85845 -0.02071 28.93190 0 0.60000 55.45000 13.71204 0.21252 13
-0.95676 -0.22499 87.40471 0 6.77500 28.95000 63.89516 0.14119 13
-0.33762 -0.00323 79.07144 0 0.10000 11.85000 74.91695 0.10629 -13
1.20345 -0.19080 26.46127 0 5.72500 -34.92500 17.08971 0.15871 13
1.40005 -0.02356 89.45571 0 0.70000 -41.87500 52.00353 0.17328 13
-1.09599 -0.20484 52.52889 0 6.20000 32.12500 35.80110 0.15084 -13
1.52113 0.10291 28.90455 0 -3.07500 -48.20000 15.93680 0.18359 -13
1.79425 -0.13058 75.05689 0 3.95000 -55.00000 36.77617 0.20728 -13
1.59245 0.13055 69.43262 0 -3.92500 -48.12500 37.14816 0.18981 -13
1.63521 -0.26908 69.43262 0 8.12500 -49.42500 37.14816 0.19494 -13
-1.00738 -0.11806 8.41420 0 3.65000 32.10000 5.94834 0.14350 -13
0.10800 0.07304 54.11895 0 -2.22500 -3.00000 53.80772 0.10156 13
0.37660 -0.20904 29.08844 0 6.32500 -12.52500 27.29297 0.10966 -13
-0.58313 0.13295 40.87199 0 -4.02500 17.65000 35.38532 0.11736 13
-0.59822 -0.26662 40.87199 0 8.02500 18.10000 35.38532 0.12037 13
0.73510 0.10438 56.18483 0 -3.12500 -22.02500 45.35541 0.12542 -13
0.13003 0.10714 14.51943 0 -3.27500 -4.40000 14.39956 0.10214 13
-0.41367 -0.17671 35.24367 0 5.32500 12.75000 32.63942 0.11041 13
-1.61373 0.05532 73.89439 0 -1.67500 47.12500 38.96718 0.19126 13
1.35104 -0.18925 36.15218 0 5.72500 -40.77500 21.75257 0.17037 -13
-1.82997 0.02013 51.29203 0 -0.62500 55.80000 24.60007 0.21002 13
0.51590 -0.01927 40.20729 0 0.57500 -18.77500 35.73371 0.11333 13
0.02027 0.00817 94.02439 0 -0.25000 -1.27500 94.00508 0.10073 13
0.55482 0.01592 71.16389 0 -0.50000 -18.27500 62.22965 0.11517 13
0.01530 0.04450 99.33875 0 -1.35000 2.60000 99.32715 0.10082 13
2.07988 -0.23071 64.53215 0 6.97500 -64.42500 28.55501 0.23359 -13
0.93948 0.14939 79.65939 0 -4.50000 -27.02500 58.35646 0.13892 -13
0.95764 -0.24937 79.65939 0 7.52500 -27.60000 58.35646 0.14168 -13
0.69946 -0.23401 81.93260 0 7.07500 -20.67500 67.71903 0.12514 -13
0.82338 0.09967 42.05721 0 -3.02500 -25.80000 32.53233 0.13084 13
0.65050 0.00067 55.94547 0 -0.00000 -20.55000 46.89653 0.12013 -13
-1.49796 -0.03445 13.84712 0 0.97500 44.62500 7.69180 0.18139 13
1.14095 0.12295 15.84797 0 -3.65000 -35.20000 10.48964 0.15326 -13
1.17509 -0.27706 15.84797 0 8.40000 -36.25000 10.48964 0.15795 -13
-1.41705 -0.14754 73.22476 0 4.45000 40.32500 42.52294 0.17528 13
-0.90147 -0.22591 96.92509 0 6.82500 27.82500 72.78762 0.13748 -13
-0.81418 0.10531 1.46003 0 -3.62500 22.07500 1.13479 0.13084 13
-0.84489 -0.29771 1.46003 0 8.47500 22.85000 1.13479 0.13493 13
-0.69619 -0.10427 66.58530 0 3.15000 19.70000 54.74260 0.12315 -13
1.14909 -0.19653 72.62859 0 5.95000 -35.47500 48.19144 0.15468 -13
-0.04183 -0.07500 64.23189 0 2.27500 0.42500 64.17612 0.10107 -13
-0.66736 -0.12277 45.87932 0 3.70000 21.20000 38.24946 0.12169 13
-1.10581 -0.03488 33.30244 0 1.02500 33.77500 22.34435 0.15018 13
-1.20628 -0.19637 93.90212 0 5.92500 39.05000 60.59982 0.15902 13
-0.21489 0.09878 19.79542 0 -2.95000 9.40000 19.35766 0.10347 -13
-0.47454 0.10600 25.87979 0 -3.17500 14.07500 23.40487 0.11197 -13
0.20129 -0.15880 15.72590 0 4.75000 -6.17500 15.42380 0.10394 13
-0.46223 0.06940 97.37823 0 -2.07500 15.35000 88.42956 0.11116 -13
-1.24409 0.01822 71.13110 0 -0.55000 35.70000 44.56795 0.16075 13
-0.05998 0.08043 87.86244 0 -2.42500 2.57500 87.70582 0.10121 -13
0.20763 -0.15960 79.09360 0 4.80000 -5.77500 77.48171 0.10409 13
-0.25883 0.01514 75.02667 0 -0.47500 7.60000 72.63371 0.10403 13
1.90301 -0.20763 72.79000 0 6.25000 -57.02500 34.42154 0.21747 13
-0.44049 -0.17711 48.77712 0 5.32500 11.95000 44.74887 0.11147 13
-0.40642 0.00885 80.47663 0 -0.27500 10.10000 74.55492 0.10871 13
0.04489 -0.02234 37.62197 0 0.67500 -0.70000 37.58412 0.10083 -13
0.27089 -0.20597 84.59659 0 6.22500 -9.20000 81.76753 0.10638 -13
-1.13761 0.01677 41.47825 0 -0.52500 34.52500 27.38708 0.15254 13
-2.07319 -0.03830 96.11180 0 1.17500 60.07500 41.78034 0.23184 -13
-0.85593 -0.24476 5.87140 0 7.27500 26.67500 4.51473 0.13473 13
0.23638 -0.06211 98.94353 0 1.87500 -6.62500 96.29998 0.10367 13
-1.41544 -0.01569 34.73070 0 0.45000 42.57500 20.04160 0.17453 13
-0.12693 -0.23145 75.53995 0 6.97500 3.95000 74.96889 0.10415 13
1.80744 0.11757 3.87013 0 -3.27500 -56.47500 1.88399 0.20816 -13
-0.28082 -0.09817 13.93786 0 3.00000 9.55000 13.42356 0.10508 -13
-1.28103 -0.21474 29.71764 0 6.50000 37.57500 18.54215 0.16511 -13
0.15926 -0.03441 95.19460 0 1.05000 -2.92500 94.01122 0.10203 -13
0.01883 -0.17096 80.36403 0 5.15000 0.45000 80.35019 0.10218 13
-1.92340 -0.16562 49.53211 0 5.02500 57.70000 23.09368 0.21897 -13
-1.27727 -0.03245 97.41932 0 0.97500 37.12500 60.07528 0.16339 13
1.36558 -0.19339 81.33841 0 5.82500 -42.92500 48.62949 0.17155 13
0.08350 0.11626 90.63301 0 -3.50000 -1.27500 90.32287 0.10173 -13
2.09205 0.01670 79.69624 0 -0.52500 -60.67500 34.37410 0.23352 13
0.71460 -0.07318 5.74403 0 2.30000 -21.20000 4.67762 0.12405 -13
0.25318 0.14580 85.44631 0 -4.40000 -9.40000 82.88470 0.10492 13
0.25843 -0.25312 85.44631 0 7.62500 -9.57500 82.88470 0.10709 13
0.73299 -0.14181 14.66502 0 4.22500 -20.47500 11.86867 0.12566 13
1.41905 0.06639 76.99171 0 -2.02500 -44.20000 44.41536 0.17495 13
0.16074 -0.13802 30.85082 0 4.17500 -3.82500 30.46698 0.10295 -13
-1.47424 -0.22978 88.94591 0 6.95000 43.47500 50.81039 0.18089 -13
-1.09317 -0.19518 49.68951 0 5.90000 34.45000 33.87920 0.15050 -13
-0.03245 0.14900 24.11125 0 -4.47500 1.90000 24.09883 0.10186 -13
-0.03310 -0.24976 24.11125 0 7.55000 1.92500 24.09883 0.10387 -13
-0.95253 0.13893 29.67942 0 -4.20000 28.02500 21.58788 0.13979 13
-0.97494 -0.26029 29.67942 0 7.82500 28.70000 21.58788 0.14304 13
-1.58200 0.04601 54.65205 0 -1.37500 45.80000 29.22309 0.18853 -13
1.03586 -0.17209 8.50398 0 5.27500 -34.70000 5.95107 0.14610 -13
-1.14795 -0.21214 96.78163 0 6.40000 33.57500 64.36386 0.15478 13
-0.25410 -0.12952 1.93700 0 4.17500 5.75000 1.87822 0.10500 -13
-0.69248 -0.24725 19.57033 0 7.50000 20.27500 16.24226 0.12503 -13
1.15615 -0.24480 71.45260 0 7.37500 -34.10000 47.51798 0.15588 13
0.39247 -0.00097 90.37121 0 0.02500 -12.85000 84.12420 0.10818 13
1.20027 -0.09156 77.28585 0 2.77500 -35.35000 49.59252 0.15760 -13
0.90488 -0.21801 26.88854 0 6.60000 -26.57500 20.14371 0.13761 -13
0.24085 0.09822 81.35564 0 -2.95000 -8.95000 79.11475 0.10405 -13
-0.60823 0.11474 10.78779 0 -3.52500 17.07500 9.23306 0.11846 13
-2.07034 -0.14401 76.62937 0 4.35000 61.30000 33.60763 0.23199 -13
-1.36518 0.06846 90.12188 0 -2.05000 40.75000 53.33682 0.17055 -13
0.56163 -0.04931 38.27557 0 1.47500 -16.95000 33.38216 0.11560 13
1.25612 -0.06164 18.37587 0 1.90000 -37.62500 11.45838 0.16182 -13
-0.02690 -0.02106 99.42924 0 0.65000 3.60000 99.39330 0.10076 -13
0.55591 0.12300 93.41054 0 -3.72500 -17.35000 81.78709 0.11588 13
0.57255 -0.27711 93.41054 0 8.35000 -17.85000 81.78709 0.11934 13
-0.31226 -0.19629 49.93490 0 5.92500 10.07500 47.74387 0.10734 -13
-1.03496 -0.06185 13.66938 0 1.92500 30.45000 9.50799 0.14508 -13
-1.22296 -0.08929 31.26019 0 2.67500 35.70000 19.83538 0.15932 13
1.57750 0.12378 93.37921 0 -3.72500 -47.87500 50.26640 0.18850 -13
1.62417 -0.27624 93.37921 0 8.35000 -49.30000 50.26640 0.19410 -13
-1.21862 -0.18260 27.65259 0 5.47500 36.75000 17.71308 0.15978 13
0.07455 -0.21483 72.73877 0 6.47500 0.50000 72.54636 0.10328 -13
-0.27722 -0.15520 24.80159 0 4.65000 8.27500 23.92014 0.10565 13
1.72863 -0.20126 45.00626 0 6.10000 -53.32500 22.87271 0.20216 -13
0.04607 0.03212 73.08098 0 -0.97500 0.22500 73.00361 0.10086 -13
-0.63528 -0.14821 10.43794 0 4.42500 20.15000 8.83727 0.12022 13
-0.52372 -0.18470 76.86851 0 5.57500 16.97500 68.33824 0.11519 13
-0.38929 -0.00456 45.84831 0 0.15000 13.02500 42.72508 0.10807 -13
-0.80667 -0.22677 15.68969 0 6.80000 23.90000 12.33080 0.13135 13
-0.27450 -0.22902 69.66818 0 6.90000 8.15000 67.30064 0.10694 13
0.15715 0.02020 29.86204 0 -0.60000 -4.75000 29.50017 0.10195 -13
0.58649 -0.05334 97.81429 0 1.62500 -18.47500 84.40399 0.11687 -13
-0.77051 0.01257 67.08719 0 -0.37500 21.15000 53.14374 0.12714 -13
0.24014 0.03722 88.18799 0 -1.12500 -6.05000 85.75337 0.10364 13
-1.40571 -0.07648 45.88155 0 2.32500 42.00000 26.64740 0.17390 -13
-0.42961 0.07820 27.91688 0 -2.37500 15.97500 25.66242 0.10989 13
0.97979 -0.20657 50.74599 0 6.25000 -31.10000 36.61631 0.14252 -13
0.43549 -0.15705 95.84567 0 4.75000 -15.47500 88.04336 0.11097 -13
1.50104 0.03898 9.00048 0 -1.27500 -46.45000 4.99304 0.18171 13
0.24458 -0.10273 35.40851 0 3.12500 -7.87500 34.40489 0.10419 -13
-0.68062 -0.17133 49.91885 0 5.17500 18.87500 41.45492 0.12304 -13
0.70745 -0.20088 20.06606 0 6.10000 -22.45000 16.48813 0.12503 -13
-1.31313 -0.23602 92.85441 0 7.10000 41.62500 57.22016 0.16789 13
0.03137 -0.09931 87.38500 0 3.00000 1.75000 87.34246 0.10125 13
1.10399 -0.05572 21.76716 0 1.65000 -31.35000 14.62590 0.15010 13
1.85938 -0.17902 37.26936 0 5.42500 -57.90000 17.86919 0.21341 -13
0.57471 0.00625 35.05744 0 -0.17500 -18.50000 30.39554 0.11615 -13
-0.48378 0.11394 9.67755 0 -3.50000 15.57500 8.72212 0.11249 13
-1.52193 -0.20461 62.59431 0 6.15000 45.40000 34.86412 0.18453 13
-0.33059 0.13900 62.59431 0 6.00000 45.40000 34.86412 0.18473 13
0.08935 0.28476 62.59431 0 7.67500 45.65000 34.86412 0.19454 13
0.37328 0.16549 62.59431 0 7.90000 44.67500 34.86412 0.19992 13
-0.18904 0.53459 62.59431 0 7.92500 43.57500 34.86412 0.22999 13
-0.08853 -0.04678 46.28071 0 1.40000 2.65000 46.10082 0.10121 13
0.06421 0.13563 3.43864 0 -3.95000 -3.80000 3.43170 0.10181 -13
0.06590 -0.26352 3.43864 0 8.10000 -3.85000 3.43170 0.10453 -13
-0.41061 -0.01317 66.03172 0 0.40000 14.50000 61.08356 0.10886 13
-1.29813 0.14858 64.09752 0 -4.50000 36.25000 39.38406 0.16569 13
-1.32365 -0.25026 64.09752 0 7.52500 37.00000 39.38406 0.16892 13
-0.26511 -0.16300 83.78925 0 4.92500 6.85000 81.06041 0.10547 -13
1.13747 0.06269 32.79188 0 -1.87500 -35.05000 21.67496 0.15265 -13
0.68612 -0.14993 94.60929 0 4.52500 -21.97500 78.28826 0.12306 -13
-0.37206 -0.08490 45.52746 0 2.55000 9.37500 42.68846 0.10778 13
0.29206 0.03781 95.30201 0 -1.12500 -7.55000 91.48562 0.10498 -13
2.00224 0.01593 36.74485 0 -0.45000 -59.35000 16.41942 0.22539 -13
-0.21622 -0.20815 50.75771 0 6.30000 6.80000 49.65722 0.10515 -13
-0.18738 0.11896 12.47803 0 -3.55000 5.60000 12.26740 0.10314 -13
-0.26548 0.06650 27.43404 0 -2.02500 8.10000 26.51939 0.10441 13
0.34189 -0.02960 96.08718 0 0.90000 -12.07500 90.92430 0.10647 -13
-0.59016 0.08875 64.04846 0 -2.67500 19.67500 55.21482 0.11728 13
0.58396 -0.21977 33.07519 0 6.60000 -16.10000 28.72766 0.11869 13
-0.00566 0.01399 58.25001 0 -0.42500 2.27500 58.24907 0.10072 13
1.24756 -0.13087 80.85367 0 3.95000 -35.55000 50.82977 0.16155 -13
1.98142 -0.23661 38.27328 0 7.17500 -58.55000 17.61998 0.22483 -13
0.46587 0.06682 41.46629 0 -2.02500 -16.37500 37.60248 0.11130 13
1.69441 -0.16003 98.91670 0 4.82500 -51.42500 50.74727 0.19880 -13
-1.79757 -0.18555 13.08893 0 5.67500 54.20000 6.44515 0.20811 -13
0.38318 -0.05744 60.83209 0 1.72500 -11.65000 56.81672 0.10800 13
-0.83103 0.11558 90.43156 0 -3.50000 20.10000 69.73854 0.13146 13
0.71152 0.08584 62.94598 0 -2.60000 -21.90000 51.35090 0.12390 13
-0.28354 0.03852 23.23981 0 -1.15000 8.10000 22.35952 0.10474 -13
0.11363 -0.01728 18.89473 0 0.50000 -4.37500 18.77399 0.10137 13
-1.55482 0.04324 75.24753 0 -1.30000 47.55000 40.73143 0.18621 -13
-0.87489 0.05929 24.86238 0 -1.82500 26.20000 18.72650 0.13394 13
-0.12463 -0.15730 80.68514 0 4.75000 2.00000 80.08055 0.10271 13
1.34936 -0.10688 36.58055 0 3.20000 -40.70000 21.86022 0.16947 13
0.07479 -0.12554 25.84453 0 3.77500 -0.35000 25.77363 0.10177 13
-0.22528 -0.13089 15.14912 0 3.97500 8.47500 14.78486 0.10408 -13
0.59582 -0.02153 46.30038 0 0.65000 -19.85000 39.77764 0.11724 -13
-0.73241 0.04568 53.09854 0 -1.40000 24.52500 42.85331 0.12491 13
-0.29321 0.09344 8.67166 0 -2.75000 6.40000 8.32445 0.10535 -13
-1.43918 -0.07046 27.81155 0 2.15000 41.90000 15.89677 0.17664 -13
0.52986 -0.23278 47.83207 0 7.00000 -16.00000 42.50575 0.11634 13
-0.38410 -0.00634 67.36363 0 0.20000 13.82500 62.88457 0.10788 -13
-1.05888 -0.13696 7.58655 0 4.22500 33.52500 5.23417 0.14740 -13
1.22981 -0.07195 78.68851 0 2.17500 -35.00000 49.72125 0.15979 -13
-0.03570 -0.07497 72.60197 0 2.27500 0.97500 72.55600 0.10105 -13
1.04786 -0.03805 72.26884 0 1.15000 -30.90000 49.91279 0.14591 -13
-0.76727 -0.01865 11.93180 0 0.50000 22.22500 9.46682 0.12695 13
0.29214 -0.05248 81.24474 0 1.60000 -7.47500 77.99333 0.10505 -13
-0.42976 -0.17256 47.87735 0 5.20000 12.50000 44.08697 0.11097 13
-0.74302 -0.20489 51.85425 0 6.17500 19.10000 41.92412 0.12713 13
1.31108 -0.01760 32.05256 0 0.55000 -41.15000 19.44049 0.16607 -13
2.37349 2.40035 32.05256 0 0.10000 0.25000 19.44049 1.83045 -13
-0.06120 -0.47001 32.05256 0 0.70000 -0.62500 19.44049 1.84414 -13
2.09219 3.74559 32.05256 0 1.27500 52.67500 19.44049 0.91280 -13
1.09283 0.04231 21.92774 0 -1.25000 -33.12500 14.81084 0.14922 -13
0.00228 -0.11844 80.06385 0 3.57500 -2.57500 80.06364 0.10141 -13
1.38918 -0.23554 17.41220 0 7.05000 -42.97500 10.35367 0.17394 13
0.13100 -0.06921 16.70287 0 2.12500 -4.10000 16.56206 0.10181 -13
0.57429 -0.09532 27.61361 0 2.90000 -18.32500 23.97248 0.11653 -13
1.19700 -0.06287 5.75284 0 1.77500 -35.30000 3.69267 0.15718 13
-0.69514 -0.02486 15.47007 0 0.80000 20.55000 12.70403 0.12267 -13
0.10926 0.09962 79.88795 0 -3.00000 -2.35000 79.41993 0.10180 13
0.03973 -0.19906 38.46498 0 6.02500 -0.77500 38.43580 0.10277 -13
0.00334 -0.12602 49.12602 0 3.80000 0.55000 49.12575 0.10151 -13
0.71753 0.01172 72.68217 0 -0.35000 -20.30000 59.05430 0.12395 -13
-0.43620 -0.04951 27.23095 0 1.47500 13.27500 24.96467 0.10998 13
0.60268 0.13416 17.63531 0 -4.02500 -20.82500 15.14028 0.11834 -13
0.61805 -0.26527 17.63531 0 8.02500 -21.27500 15.14028 0.12139 -13
-1.41684 0.02037 24.25566 0 -0.57500 44.97500 13.98873 0.17465 -13
1.43992 -0.02056 62.07462 0 0.60000 -43.17500 35.41378 0.17655 13
0.12435 -0.03380 15.85691 0 1.05000 -1.97500 15.73587 0.10154 -13
0.35837 -0.21832 72.91223 0 6.57500 -12.15000 68.81620 0.10921 13
-0.97262 0.08277 68.00842 0 -2.50000 29.57500 48.83302 0.14073 13
-0.55202 0.05368 79.29867 0 -1.60000 18.70000 69.44670 0.11515 -13
-0.71802 0.00746 71.96873 0 -0.22500 22.45000 58.46029 0.12397 13
-0.61073 -0.19228 44.52023 0 5.82500 18.60000 38.18024 0.11958 -13
1.16067 -0.11909 56.38687 0 3.60000 -35.70000 36.95306 0.15475 -13
0.02426 -0.10457 74.69333 0 3.15000 -1.10000 74.67161 0.10128 -13
1.01608 -0.07626 79.97551 0 2.30000 -30.05000 56.18052 0.14378 -13
-0.53392 0.08500 65.51407 0 -2.55000 12.95000 57.83843 0.11448 -13
1.80150 -0.03550 35.50135 0 1.10000 -54.27500 17.23846 0.20753 -13
-0.25345 0.09403 99.64669 0 -2.82500 9.92500 96.61812 0.10431 -13
0.28695 -0.12630 82.88775 0 3.80000 -8.27500 79.72027 0.10554 13
0.95241 0.09960 12.38921 0 -3.05000 -28.50000 8.99329 0.13945 13
0.10480 -0.12164 59.40864 0 3.67500 -5.15000 59.09001 0.10200 -13
0.37821 -0.24373 37.34560 0 7.37500 -12.90000 35.05386 0.11044 -13
-0.97477 -0.06668 40.43032 0 2.02500 30.87500 28.98284 0.14080 -13
-1.89320 -0.13198 79.42936 0 3.97500 57.42500 37.34768 0.21602 13
1.29944 -0.01068 79.34861 0 0.30000 -39.92500 48.39409 0.16513 13
-0.69772 -0.15605 2.10565 0 4.97500 18.25000 1.73410 0.12410 -13
-0.69937 0.14789 65.58020 0 -4.47500 22.12500 53.93105 0.12379 13
-0.71327 -0.25096 65.58020 0 7.55000 22.55000 53.93105 0.12624 13
-0.46553 0.11908 46.14238 0 -3.57500 16.67500 41.88386 0.11172 -13
-0.48020 -0.28123 46.14238 0 8.50000 17.10000 41.88386 0.11522 -13
0.95222 -0.20792 48.07973 0 6.27500 -29.65000 35.16765 0.14063 -13
0.54732 0.12532 79.09550 0 -3.77500 -15.22500 69.50718 0.11549 -13
0.56318 -0.27462 79.09550 0 8.30000 -15.70000 69.50718 0.11885 -13
-1.21048 -0.05981 67.95113 0 1.82500 37.55000 43.32333 0.15824 -13
-0.62905 -0.23669 57.62562 0 7.15000 18.37500 49.14882 0.12134 -13
-0.83115 -0.13755 75.96618 0 4.15000 23.92500 58.64456 0.13167 13
-0.76236 0.07063 97.41482 0 -2.12500 23.17500 77.54039 0.12683 -13
-0.73214 -0.13420 13.61627 0 4.00000 21.15000 11.02104 0.12551 13
0.12141 -0.09651 5.37857 0 2.82500 -3.50000 5.33974 0.10190 13
0.02655 -0.19455 80.87990 0 5.85000 -1.30000 80.85243 0.10262 13
-0.64785 0.04452 79.87732 0 -1.35000 17.25000 67.05763 0.12007 13
0.80021 -0.04164 90.67809 0 1.25000 -24.17500 70.82468 0.12904 13
0.25294 -0.00083 49.87178 0 0.02500 -7.85000 48.34913 0.10388 13
1.33783 -0.11616 67.87990 0 3.52500 -43.12500 40.81469 0.16862 -13
-0.33216 -0.05658 20.73383 0 1.72500 8.15000 19.67991 0.10627 -13
0.56039 -0.07719 3.25381 0 2.50000 -18.50000 2.84086 0.11580 -13
0.23533 -0.23316 64.63687 0 7.05000 -5.92500 63.00340 0.10609 -13
0.22408 0.11860 73.69619 0 -3.57500 -4.72500 71.93674 0.10389 13
0.23120 -0.28185 73.69619 0 8.50000 -4.95000 71.93674 0.10718 13
0.36419 -0.24673 16.82285 0 7.40000 -11.75000 15.86061 0.10999 13
-1.69933 -0.16990 57.57900 0 5.10000 50.42500 29.51058 0.19928 13
0.13801 0.13701 15.96283 0 -4.10000 -5.05000 15.81556 0.10258 -13
0.14135 -0.26222 15.96283 0 7.95000 -5.15000 15.81556 0.10511 -13
0.32343 -0.06267 90.53544 0 1.87500 -11.27500 86.15797 0.10603 13
-1.32220 0.00333 82.43436 0 -0.10000 40.85000 49.72573 0.16694 -13
0.07005 0.01196 52.24133 0 -0.35000 -2.87500 52.11366 0.10096 -13
-0.40482 0.00326 75.26535 0 -0.10000 13.95000 69.76562 0.10864 -13
-1.46010 -0.11448 42.42532 0 3.47500 41.72500 24.07878 0.17861 -13
0.47229 0.12093 50.94252 0 -3.65000 -12.55000 46.12388 0.11204 13
0.48681 -0.27931 50.94252 0 8.40000 -13.00000 46.12388 0.11541 13
0.48681 -0.27931 50.94252 0 8.42500 -13.00000 46.12388 0.11547 13
1.62054 0.07531 69.79370 0 -2.25000 -49.35000 36.72717 0.19190 -13
0.12968 -0.10671 6.64547 0 3.15000 -4.50000 6.59088 0.10210 13
0.61331 -0.03435 94.84470 0 1.02500 -18.35000 80.86355 0.11819 13
-0.55265 -0.14190 94.84470 0 1.02500 -18.30000 80.86355 0.11817 13
0.32582 0.34794 94.84470 0 2.60000 -17.30000 80.86355 0.12670 13
0.26815 -1.52524 94.84470 0 1.57500 -17.40000 80.86355 0.14307 13
-0.60612 0.86040 94.84470 0 2.52500 -17.50000 80.86355 0.14718 13
-1.66970 -0.00329 81.59508 0 0.10000 52.60000 41.92417 0.19599 13
-0.20240 -0.12841 89.58086 0 3.87500 8.00000 87.82852 0.10355 13
0.60815 -0.14021 52.82166 0 4.25000 -17.95000 45.24880 0.11871 -13
0.80886 -0.10232 55.69729 0 3.07500 -23.90000 43.39362 0.12992 13
0.58872 -0.19896 5.10597 0 5.87500 -19.45000 4.42179 0.11850 13
-0.37279 -0.23460 16.03444 0 7.10000 10.12500 15.07255 0.11006 -13
-1.23413 -0.08334 73.56484 0 2.50000 36.62500 46.40931 0.16018 13
-0.41471 0.00185 81.47935 0 -0.05000 11.40000 75.26393 0.10902 -13
-0.81010 -0.01441 32.31413 0 0.42500 24.05000 25.10972 0.12961 13
-0.80326 0.11893 90.93101 0 -3.57500 25.07500 71.08736 0.12972 -13
-0.82864 -0.28140 90.93101 0 8.50000 25.85000 71.08736 0.13378 -13
-0.24170 -0.16034 47.86366 0 4.82500 7.45000 46.55629 0.10485 13
-1.29484 -0.14325 80.78908 0 4.32500 36.85000 49.69504 0.16539 -13
1.39805 -0.09471 96.49607 0 2.85000 -42.10000 56.30519 0.17336 13
-0.39956 -0.11572 55.58373 0 3.50000 11.00000 51.66274 0.10908 -13
-1.57308 -0.21316 52.65523 0 6.45000 46.97500 28.69649 0.18895 -13
-1.10430 0.02872 47.44924 0 -0.87500 33.57500 31.85679 0.15005 13
0.97471 0.09725 47.24247 0 -2.92500 -30.52500 33.90799 0.14096 -13
0.41516 0.10046 53.38520 0 -3.05000 -13.25000 49.34103 0.10951 13
0.05506 -0.01450 18.25748 0 0.40000 -1.82500 18.22989 0.10087 13
0.00133 0.01495 93.83229 0 -0.45000 -0.60000 93.83221 0.10071 13
0.31920 0.01514 26.93635 0 -0.45000 -10.07500 25.66109 0.10572 -13
-1.42077 -0.03330 38.48356 0 1.02500 44.67500 22.15839 0.17499 -13
-0.68064 0.00421 40.57205 0 -0.12500 21.75000 33.54020 0.12182 -13
-1.89066 -0.11212 96.57396 0 3.37500 57.90000 45.37295 0.21568 13
0.09361 0.11513 22.29986 0 -3.45000 -3.72500 22.20406 0.10180 -13
-0.53977 -0.04958 3.20125 0 1.67500 17.67500 2.81775 0.11464 -13
1.50630 0.14088 34.24000 0 -4.27500 -44.02500 19.06693 0.18265 13
1.54053 -0.25828 34.24000 0 7.77500 -45.02500 19.06693 0.18674 13
-0.13699 -0.12255 61.47055 0 3.70000 2.57500 60.91006 0.10239 -13
-1.45400 0.13524 40.06206 0 -4.10000 44.95000 22.84193 0.17825 13
-1.49030 -0.26419 40.06206 0 7.95000 46.05000 22.84193 0.18265 13
1.35425 0.13532 66.40296 0 -4.10000 -41.02500 39.67562 0.17009 13
1.38803 -0.26413 66.40296 0 7.95000 -42.02500 39.67562 0.17430 13
1.06747 -0.05043 56.95351 0 1.52500 -28.35000 38.96383 0.14738 -13
-0.13442 -0.24769 73.64407 0 7.47500 4.35000 73.02512 0.10463 -13
0.06912 0.09981 51.33359 0 -3.00000 -1.42500 51.21262 0.10144 -13
0.55898 0.04487 51.19554 0 -1.35000 -18.12500 44.69840 0.11545 -13
1.17621 -0.07280 36.40098 0 2.22500 -33.57500 23.61410 0.15566 -13
0.45672 0.08651 76.88344 0 -2.62500 -12.47500 69.97935 0.11105 13
0.90685 -0.01528 76.10243 0 0.47500 -26.25000 56.37700 0.13595 -13
-0.05739 -0.02405 89.57173 0 0.72500 -0.02500 89.42466 0.10090 -13
-0.20322 0.00659 97.78544 0 -0.20000 5.97500 95.82681 0.10277 -13
0.03454 0.00217 13.17098 0 -0.10000 -0.62500 13.16313 0.10076 13
0.54076 -0.18415 46.77530 0 5.55000 -18.35000 41.29807 0.11597 13
0.87029 -0.02068 73.49269 0 0.62500 -24.92500 55.44304 0.13351 -13
-0.50479 -0.10289 75.18983 0 3.10000 17.17500 67.19390 0.11328 13
-0.12534 0.10835 65.58427 0 -3.27500 4.55000 65.08092 0.10208 13
1.81599 -0.12599 80.71805 0 3.80000 -54.90000 39.17199 0.20914 13
-0.98785 0.01672 12.39374 0 -0.55000 28.70000 8.81789 0.14157 13
0.60308 -0.03714 19.98213 0 1.15000 -19.47500 17.11456 0.11766 -13
0.50635 -0.21134 84.50335 0 6.37500 -15.05000 75.72056 0.11487 -13
1.18633 -0.08403 97.14617 0 2.52500 -35.35000 62.74077 0.15647 13
0.13105 -0.00307 8.93927 0 0.15000 -6.00000 8.86351 0.10157 -13
-1.92523 0.02721 59.48791 0 -0.85000 55.20000 27.42907 0.21850 13
-1.30068 -0.23759 42.09911 0 7.15000 40.27500 26.10248 0.16691 13
0.24806 -0.78158 42.09911 0 7.15000 40.17500 26.10248 0.16673 13
0.01441 1.16059 42.09911 0 8.45000 39.82500 26.10248 0.17209 13
0.48934 0.00216 42.09911 0 -2.65000 40.32500 26.10248 0.17835 13
-0.35771 0.23627 42.09911 0 -4.00000 43.32500 26.10248 0.19382 13
1.79328 0.13998 42.09911 0 -3.22500 41.60000 26.10248 0.21575 13
-1.31669 -0.13198 41.57948 0 4.00000 41.22500 25.28499 0.16705 -13
-1.98994 -0.12261 16.84737 0 3.62500 60.40000 7.60995 0.22455 13
-1.37805 -0.02502 15.04520 0 0.70000 45.32500 8.83788 0.17148 13
-0.45183 0.03275 68.37599 0 -1.00000 15.62500 62.31625 0.11055 13
0.23971 -0.04358 65.19935 0 1.30000 -7.17500 63.40638 0.10365 13
-0.42534 -0.19041 43.25553 0 5.72500 13.40000 39.91170 0.11109 13
0.60879 -0.18658 20.74659 0 5.60000 -18.17500 17.80133 0.11937 13
-1.28375 0.14833 57.32473 0 -4.50000 38.67500 35.46594 0.16456 13
-1.30907 -0.25049 57.32473 0 7.55000 39.42500 35.46594 0.16778 13
-0.81961 -0.20434 71.64105 0 6.15000 23.82500 55.85996 0.13181 13
-1.77750 -0.04293 79.91971 0 1.30000 50.65000 39.21334 0.20544 -13
-1.98873 -0.18599 73.09337 0 5.62500 59.65000 33.28297 0.22497 -13
-0.31716 -0.05423 77.97829 0 1.62500 10.82500 74.33962 0.10578 13
-0.19099 0.02448 90.39326 0 -0.75000 4.50000 88.78933 0.10255 13
1.45608 -0.17315 4.43026 0 5.02500 -44.72500 2.53298 0.17861 13
-0.65333 -0.08077 63.54029 0 2.42500 20.22500 53.24524 0.12056 13
0.50523 0.08118 50.61215 0 -2.45000 -13.12500 45.20409 0.11313 13
-1.45419 -0.07729 5.00152 0 2.50000 44.95000 2.84052 0.17796 -13
0.98752 -0.19109 38.65042 0 5.77500 -31.37500 27.74386 0.14285 -13
-0.93641 -0.00907 80.54031 0 0.27500 28.45000 58.79029 0.13796 13
0.02027 -0.04095 34.78159 0 1.22500 -1.75000 34.77447 0.10081 13
1.15945 -0.11712 16.37939 0 3.57500 -35.10000 10.73952 0.15466 -13
-0.38985 -0.11733 58.80715 0 3.52500 10.17500 54.83986 0.10873 13
0.41035 -0.11277 45.21830 0 3.40000 -15.05000 41.87115 0.10944 13
0.00861 0.10550 86.89326 0 -3.17500 -0.42500 86.89008 0.10126 -13
-0.93072 0.13363 72.19063 0 -4.02500 26.80000 53.06104 0.13822 -13
-0.95455 -0.26584 72.19063 0 8.02500 27.52500 53.06104 0.14178 -13
-1.59138 -0.19972 58.38614 0 6.00000 47.62500 31.50091 0.19031 13
-0.80230 -0.03606 61.56408 0 1.07500 23.07500 48.03150 0.12916 13
0.99643 0.09060 16.88920 0 -2.77500 -28.87500 11.98809 0.14248 13
-0.38091 -0.05244 73.61411 0 1.60000 11.57500 68.80444 0.10789 -13
-0.33341 -0.24535 99.12083 0 7.40000 11.05000 94.30042 0.10899 -13
1.17612 -0.17796 30.84680 0 5.35000 -35.00000 20.16113 0.15647 13
0.93663 0.07855 98.03926 0 -2.37500 -30.62500 71.65664 0.13821 13
0.14906 0.08631 78.42314 0 -2.60000 -5.47500 77.57251 0.10219 13
-0.22157 0.05947 92.53982 0 -1.80000 5.80000 90.35612 0.10332 13
-0.02558 -0.20200 34.04494 0 6.10000 -2.82500 34.03422 0.10278 -13
0.00570 -0.12758 76.13883 0 3.85000 2.92500 76.13762 0.10152 -13
-0.74063 -0.07881 9.90672 0 2.32500 21.60000 7.96951 0.12556 13
-0.30369 0.05549 2.48855 0 -1.87500 8.32500 2.38146 0.10554 13
-1.71961 -0.08143 77.67090 0 2.45000 50.52500 39.14157 0.20049 13
-0.65383 -0.21040 60.33938 0 6.35000 19.25000 50.82598 0.12216 13
0.86044 -0.12339 89.54258 0 3.72500 -26.87500 68.09262 0.13342 13
0.11835 -0.11231 65.33410 0 3.40000 -5.55000 64.88683 0.10203 -13
1.49045 0.02714 6.70075 0 -0.70000 -44.05000 3.73427 0.18077 -13
-0.77359 -0.00175 23.67873 0 0.07500 23.85000 18.72874 0.12732 -13
0.41221 0.07193 2.51053 0 -1.95000 -13.85000 2.32202 0.10920 -13
0.00774 0.03323 73.55819 0 -1.00000 0.57500 73.55599 0.10076 13
-0.08010 0.11697 73.69999 0 -3.52500 3.45000 73.46781 0.10170 -13
1.16358 -0.17607 68.18675 0 5.30000 -36.75000 44.83254 0.15551 13
-1.73911 -0.13442 6.24585 0 3.87500 53.05000 3.13390 0.20239 13
0.13481 0.12888 7.67721 0 -3.82500 -2.35000 7.60949 0.10242 -13
0.13849 -0.27075 7.67721 0 8.25000 -2.47500 7.60949 0.10533 -13
-0.16772 0.07497 22.15795 0 -2.25000 7.87500 21.85437 0.10238 -13
0.49585 0.10997 39.37957 0 -3.32500 -14.20000 35.32237 0.11295 13
-0.54907 -0.15254 56.91397 0 4.60000 16.87500 50.02010 0.11590 13
-0.91708 -0.03292 59.50185 0 1.00000 29.55000 43.86528 0.13667 -13
1.03091 -0.23898 83.27427 0 7.20000 -33.65000 58.80666 0.14661 13
1.68300 0.07424 97.60192 0 -2.25000 -52.52500 49.95745 0.19715 13
-5.94581 -0.82673 97.60192 0 -2.25000 -52.57500 49.95745 0.19733 13
3.51349 1.24984 97.60192 0 -2.27500 -52.65000 49.95745 0.19765 13
-0.86544 -0.57500 97.60192 0 -1.45000 -55.92500 49.95745 0.21253 13
0.72821 -0.24123 34.90812 0 7.30000 -21.90000 28.49176 0.12694 -13
-0.42487 -0.01683 18.53617 0 0.47500 14.42500 17.06058 0.10943 13
-2.04768 0.03043 8.85172 0 -1.05000 60.15000 3.88581 0.22955 13
0.48367 -0.13475 76.90863 0 4.05000 -12.52500 69.35288 0.11268 13
-1.38285 0.02621 35.74077 0 -0.77500 40.55000 20.94819 0.17187 -13
-1.91145 -0.19415 10.23675 0 5.75000 57.72500 4.81517 0.21795 13
0.84567 0.08275 82.77180 0 -2.50000 -24.65000 63.29154 0.13214 -13
1.45735 -0.06953 77.77560 0 2.07500 -42.75000 44.07676 0.17812 13
0.10832 -0.19868 52.25127 0 6.00000 -1.50000 51.95887 0.10325 -13
-1.02836 -0.08188 76.17498 0 2.45000 30.95000 53.19628 0.14468 13
-0.18690 -0.08058 64.69661 0 2.42500 6.90000 63.60243 0.10277 13
1.82030 -0.10513 14.83495 0 3.25000 -54.97500 7.17267 0.20948 -13
0.57675 0.04431 20.32835 0 -1.37500 -18.70000 17.61373 0.11634 13
1.33633 -0.08495 4.00315 0 2.35000 -40.67500 2.40327 0.16831 13
-0.48022 -0.06780 42.48242 0 2.05000 12.57500 38.31196 0.11193 -13
0.14682 0.00617 8.87837 0 -0.25000 -4.22500 8.78417 0.10179 13
-0.11264 -0.03485 83.32770 0 1.05000 1.35000 82.80475 0.10140 13
-1.57515 0.09095 99.43352 0 -2.72500 46.82500 53.44986 0.18811 -13
-1.94790 0.13724 57.29328 0 -4.15000 56.20000 26.36073 0.22094 13
-1.99498 -0.26212 57.29328 0 7.87500 57.60000 26.36073 0.22622 13
-0.31891 0.13837 70.56396 0 -4.17500 9.00000 67.28650 0.10661 13
-0.32648 -0.26090 70.56396 0 7.87500 9.22500 67.28650 0.10913 13
0.24465 0.13185 51.03016 0 -4.00000 -9.75000 49.59225 0.10452 13
0.25109 -0.26775 51.03016 0 8.07500 -9.92500 49.59225 0.10726 13
0.13795 -0.07646 21.67520 0 2.27500 -4.95000 21.47304 0.10194 13
-0.04909 0.09994 75.59321 0 -3.00000 3.32500 75.50319 0.10132 -13
1.52550 0.12405 73.77051 0 -3.72500 -45.35000 40.65460 0.18412 -13
1.57046 -0.27596 73.77051 0 8.35000 -46.72500 40.65460 0.18958 -13
1.34399 -0.11553 23.56450 0 3.52500 -37.65000 14.12694 0.16912 -13
1.56147 0.13218 90.80933 0 -4.00000 -47.90000 49.27425 0.18721 13
1.60240 -0.26744 90.80933 0 8.05000 -49.12500 49.27425 0.19209 13
-0.04741 0.02149 19.60125 0 -0.67500 -0.42500 19.57927 0.10084 13
-0.78576 -0.05979 77.11771 0 1.82500 24.25000 60.67917 0.12822 -13
-0.01052 0.07593 9.92355 0 -2.25000 -0.72500 9.92301 0.10099 -13
1.17368 -0.22008 57.46206 0 6.62500 -32.12500 37.77572 0.15683 13
0.45721 0.05767 7.20537 0 -1.82500 -13.87500 6.55449 0.11092 13
1.22076 0.12230 74.16341 0 -3.70000 -34.27500 47.20406 0.15940 13
1.25763 -0.27787 74.16341 0 8.37500 -35.40000 47.20406 0.16420 13
-0.47603 -0.08446 27.07333 0 2.52500 12.45000 24.46101 0.11185 13
0.19490 -0.24575 12.97398 0 7.45000 -5.77500 12.74769 0.10558 -13
0.63145 -0.07335 73.03603 0 2.20000 -19.17500 61.80203 0.11933 13
-1.60254 0.10263 87.98692 0 -3.10000 49.30000 46.75360 0.19051 13
-0.02724 0.02619 4.98513 0 -0.90000 1.47500 4.98328 0.10081 13
0.51494 0.01736 38.99394 0 -0.50000 -18.07500 34.66877 0.11328 -13
0.52601 -0.10276 13.47963 0 3.05000 -16.00000 11.94326 0.11425 13
-0.79000 -0.18718 80.70235 0 5.65000 24.25000 63.74203 0.12970 13
0.12189 0.07840 83.77538 0 -2.37500 -1.57500 83.16360 0.10176 13
-1.53597 0.04861 26.34062 0 -1.42500 47.52500 14.38307 0.18464 -13
0.50188 -0.19193 79.07870 0 5.77500 -14.52500 70.93100 0.11432 13
-0.47153 -0.06830 11.64603 0 2.02500 13.65000 10.53814 0.11155 13
-0.02188 -0.19752 67.61950 0 5.95000 -1.75000 67.60393 0.10267 13
-0.79933 -0.02246 59.73514 0 0.67500 25.42500 46.66550 0.12894 13
0.66644 0.00808 40.77858 0 -0.25000 -19.22500 33.93379 0.12102 13
0.10844 0.07680 46.48171 0 -2.30000 -5.00000 46.21242 0.10159 -13
-0.31129 -0.17502 36.31205 0 5.30000 9.85000 34.71672 0.10694 -13
1.35117 -0.23275 85.60213 0 7.00000 -40.35000 51.79159 0.17089 13
