-1.61845 -0.09463 88.43036 0 2.85000 50.52500 46.63285 0.19180 13
0.82184 -0.19377 86.12616 0 5.85000 -21.82500 67.02947 0.13181 -13
-2.04137 -0.16631 37.65159 0 4.97500 63.72500 16.74707 0.22948 13
0.49433 0.03950 77.71617 0 -1.20000 -16.85000 69.67950 0.11241 13
-0.51876 -0.16137 28.16077 0 4.87500 16.00000 25.06479 0.11462 -13
1.38073 -0.16220 38.81603 0 4.92500 -42.15000 22.96170 0.17248 -13
-0.18736 -0.19890 30.75056 0 6.02500 5.82500 30.24417 0.10441 -13
0.81848 0.04003 13.90874 0 -1.25000 -27.55000 10.76660 0.13021 13
1.47751 0.10155 72.15495 0 -3.07500 -42.97500 40.58448 0.17996 13
0.83677 -0.03555 80.88790 0 1.07500 -24.82500 62.05073 0.13136 13
-1.69046 0.06893 20.41336 0 -2.02500 51.77500 10.41166 0.19789 -13
0.16777 -0.19761 87.61188 0 5.97500 -5.47500 86.44885 0.10404 -13
0.68225 0.09373 9.65471 0 -2.77500 -20.95000 7.98631 0.12226 -13
-0.60456 -0.06717 60.67774 0 2.02500 16.97500 51.95630 0.11788 -13
1.08965 -0.01259 95.69598 0 0.37500 -32.60000 64.70703 0.14883 -13
2.34501 1.49026 95.69598 0 0.35000 -32.70000 64.70703 0.14917 -13
-0.46034 -1.01259 95.69598 0 1.55000 -34.02500 64.70703 0.16523 -13
0.03864 -0.03758 95.69598 0 -0.10000 -34.47500 64.70703 0.17566 -13
-0.19745 0.19632 95.69598 0 1.42500 -34.67500 64.70703 0.18480 -13
-0.27694 -0.20539 95.69598 0 0.10000 -34.42500 64.70703 0.19519 -13
1.09812 -0.73182 95.69598 0 0.17500 -34.45000 64.70703 0.19633 -13
1.38136 -3.81236 95.69598 0 0.30000 -34.57500 64.70703 0.19773 -13
0.80114 1.31780 95.69598 0 0.57500 -34.45000 64.70703 0.19984 -13
0.69923 -0.14040 81.88130 0 4.22500 -18.80000 67.31810 0.12369 13
-0.47881 -0.13433 58.37621 0 4.05000 13.20000 52.73969 0.11247 13
0.64787 -0.14396 75.89463 0 4.32500 -18.10000 63.88758 0.12086 13
1.01046 -0.13081 3.28699 0 3.72500 -30.10000 2.32220 0.14369 13
-0.03048 0.03317 74.74333 0 -1.00000 1.25000 74.70868 0.10080 13
-1.15356 -0.02124 92.90557 0 0.65000 34.15000 60.86347 0.15375 -13
0.38414 0.00429 17.43782 0 -0.10000 -10.72500 16.27811 0.10788 -13
-0.01376 0.08353 37.25618 0 -2.50000 -0.30000 37.25267 0.10106 -13
0.75659 0.02891 53.47694 0 -0.85000 -20.47500 42.65270 0.12631 -13
0.62755 -0.23626 30.15690 0 7.10000 -18.80000 25.73617 0.12123 13
-1.09770 -0.01439 23.20158 0 0.40000 36.27500 15.62602 0.14954 13
-1.03851 0.01444 65.23018 0 -0.45000 30.10000 45.24729 0.14519 13
0.59373 -0.21076 22.27297 0 6.32500 -15.90000 19.25873 0.11900 13
-0.47544 0.04491 64.11340 0 -1.35000 16.15000 57.91296 0.11160 -13
-1.03513 0.12618 51.39001 0 -3.82500 28.62500 35.85162 0.14550 13
-1.06474 -0.27376 51.39001 0 8.25000 29.50000 35.85162 0.14964 13
-0.81331 0.13797 9.58203 0 -4.10000 25.37500 7.46202 0.13051 -13
-0.83268 -0.26115 9.58203 0 7.95000 26.00000 7.46202 0.13374 -13
0.85295 -0.05666 97.75967 0 1.72500 -26.40000 74.42956 0.13249 -13
-0.66557 0.03076 76.12748 0 -0.92500 20.17500 63.38336 0.12101 -13
0.48102 0.04959 84.00225 0 -1.50000 -12.77500 75.71718 0.11186 13
-0.80940 -0.01623 8.62383 0 0.55000 24.30000 6.70361 0.12958 -13
-1.33702 0.02781 40.16704 0 -0.85000 39.80000 24.06399 0.16816 13
-0.65507 -0.05985 54.04033 0 1.80000 18.80000 45.22926 0.12053 13
1.32229 0.00192 28.97439 0 -0.07500 -39.82500 17.47704 0.16695 13
-1.81732 -0.11644 40.92175 0 3.50000 55.07500 19.83007 0.20920 13
-1.81304 0.05850 26.07303 0 -1.72500 55.85000 12.60876 0.20858 -13
-0.09776 -0.00031 30.68096 0 0.02500 7.07500 30.53541 0.10118 -13
0.58737 0.02666 30.83125 0 -0.82500 -19.85000 26.58695 0.11682 13
-0.83075 -0.23973 80.70121 0 7.22500 26.12500 62.77527 0.13312 13
1.27380 0.11301 2.24752 0 -3.77500 -37.35000 1.39298 0.16395 13
1.31762 -0.28901 2.24752 0 8.30000 -38.47500 1.39298 0.16871 13
1.18787 0.03505 71.96241 0 -1.07500 -37.05000 46.36193 0.15640 13
0.99861 -0.05975 17.21034 0 1.75000 -31.77500 12.18845 0.14244 13
0.30497 0.13887 68.22737 0 -4.17500 -8.30000 65.31265 0.10620 -13
0.31214 -0.26034 68.22737 0 7.85000 -8.52500 65.31265 0.10871 -13
0.27044 -0.13664 82.29466 0 4.12500 -7.67500 79.49061 0.10522 13
-0.06177 -0.17532 12.20043 0 5.25000 1.77500 12.17788 0.10241 13
1.22294 0.09239 2.31946 0 -3.12500 -33.97500 1.47233 0.15966 13
1.58963 -0.13152 52.51937 0 3.95000 -46.30000 28.13785 0.18957 13
-0.54240 -0.09958 44.06070 0 3.00000 15.72500 38.77323 0.11499 13
-0.60384 0.08486 7.49814 0 -2.62500 18.57500 6.42470 0.11799 13
-0.65177 0.04129 25.91214 0 -1.27500 21.02500 21.71364 0.12028 13
-0.91841 -0.02043 63.49772 0 0.60000 25.27500 46.77138 0.13675 13
1.26140 0.03470 97.01399 0 -1.05000 -35.97500 60.29048 0.16214 13
0.50211 0.03063 27.74599 0 -0.90000 -13.37500 24.79811 0.11273 -13
-0.70399 0.03330 63.14352 0 -1.02500 19.12500 51.64268 0.12320 13
-0.13347 0.09946 80.39931 0 -3.00000 3.40000 79.69939 0.10208 -13
1.77559 -0.16016 88.73136 0 4.85000 -52.67500 43.96073 0.20586 -13
-0.22025 0.12286 43.90150 0 -3.70000 5.92500 42.88879 0.10385 -13
-0.22685 -0.27724 43.90150 0 8.37500 6.12500 42.88879 0.10698 -13
0.45330 -0.19062 45.07108 0 5.75000 -14.85000 41.17375 0.11221 13
0.27447 -0.15037 20.92209 0 4.50000 -7.60000 20.19164 0.10551 13
-0.84774 0.01926 33.91419 0 -0.60000 22.25000 25.87126 0.13204 13
0.96972 -0.04500 35.34779 0 1.37500 -29.60000 25.38846 0.14035 -13
-0.03245 -0.25274 3.52052 0 7.52500 2.55000 3.51884 0.10389 13
0.72892 -0.04128 4.34869 0 1.10000 -21.52500 3.51512 0.12471 13
1.20031 -0.12673 56.54191 0 3.82500 -34.95000 36.36180 0.15785 -13
0.79585 -0.10054 25.34951 0 3.00000 -22.82500 19.87362 0.12909 13
-0.06960 -0.14452 1.51181 0 4.02500 0.90000 1.50824 0.10209 13
-1.78822 -0.21761 78.17142 0 6.57500 55.25000 38.82889 0.20750 -13
-1.46376 -0.14841 86.86417 0 4.47500 43.57500 49.36456 0.17915 -13
-0.84905 0.12815 97.30291 0 -3.87500 23.05000 74.42535 0.13274 13
-0.87268 -0.27165 97.30291 0 8.20000 23.77500 74.42535 0.13643 13
1.77231 -0.13230 78.05896 0 3.97500 -53.27500 38.61211 0.20534 13
1.31083 -0.11619 61.58813 0 3.52500 -38.55000 37.51393 0.16645 -13
1.44931 -0.05987 54.66503 0 1.82500 -44.20000 31.08326 0.17743 -13
-1.67298 0.02111 27.72663 0 -0.60000 51.25000 14.22788 0.19629 -13
-0.25253 0.06447 5.29134 0 -1.85000 9.25000 5.13102 0.10406 -13
0.13688 -0.15155 6.35306 0 4.50000 -1.30000 6.29567 0.10276 13
1.25667 -0.01724 1.35139 0 1.10000 -35.97500 0.84170 0.16229 -13
0.24084 0.12039 77.68575 0 -3.62500 -7.37500 75.55565 0.10428 -13
0.24830 -0.27986 77.68575 0 8.45000 -7.60000 75.55565 0.10752 -13
-0.17559 -0.20181 8.19950 0 6.15000 5.32500 8.08077 0.10430 -13
-1.69828 -0.22103 11.52863 0 6.75000 52.60000 5.95346 0.19985 -13
0.23874 -0.00137 83.85054 0 0.05000 -7.87500 81.55845 0.10353 -13
-1.99934 0.02352 59.19705 0 -0.70000 60.67500 26.48616 0.22513 -13
-0.15957 -0.23976 52.92701 0 7.22500 2.70000 52.30118 0.10479 13
-0.63790 0.11426 55.83127 0 -3.42500 18.10000 47.15779 0.12000 -13
0.49002 0.08833 30.95643 0 -2.65000 -16.00000 27.81902 0.11249 -13
2.08653 -0.13837 85.10459 0 4.15000 -61.90000 37.06492 0.23341 13
0.17900 -0.21453 70.84225 0 6.47500 -5.12500 69.78142 0.10457 -13
0.34974 -0.23211 15.73201 0 7.02500 -9.82500 14.89153 0.10924 -13
0.38925 -0.08345 88.22720 0 2.52500 -10.22500 82.25556 0.10839 -13
0.25521 0.06487 76.39056 0 -1.95000 -10.05000 74.02740 0.10414 -13
-0.23166 -0.04874 9.51812 0 1.52500 7.35000 9.27314 0.10350 -13
-0.86176 -0.23126 95.91008 0 6.97500 22.77500 73.45347 0.13497 -13
1.12040 -0.08335 16.45596 0 2.47500 -32.20000 10.97927 0.15144 13
0.53197 -0.01390 54.96434 0 0.42500 -13.77500 48.52643 0.11408 -13
0.50728 0.01757 14.26487 0 -0.50000 -17.72500 12.72199 0.11294 -13
0.31988 -0.17612 98.82584 0 5.32500 -11.92500 94.25899 0.10721 -13
-0.25836 0.06479 20.91490 0 -1.92500 7.30000 20.25268 0.10420 -13
-1.00085 -0.01254 63.94651 0 0.40000 29.72500 45.19962 0.14248 -13
-0.77354 -0.20261 18.58873 0 6.07500 21.90000 14.81292 0.12892 13
0.10373 -0.22893 55.81806 0 6.92500 -3.90000 55.53484 0.10384 -13
-1.28424 -0.05975 67.89040 0 1.82500 40.27500 41.75699 0.16403 -13
-0.15117 -0.16461 63.75927 0 4.97500 3.30000 63.06173 0.10319 -13
0.62624 -0.02441 60.04561 0 0.72500 -17.10000 50.89435 0.11884 13
-0.10446 0.08375 55.69157 0 -2.52500 5.12500 55.39228 0.10160 -13
0.91096 0.09433 72.07661 0 -2.82500 -27.27500 53.38987 0.13655 -13
-1.35287 -0.18410 88.69318 0 5.55000 41.32500 53.28817 0.17042 13
2.11101 -0.22546 6.30655 0 7.00000 -63.32500 2.75466 0.23669 -13
-0.14729 -0.10029 49.90968 0 3.02500 5.05000 49.38227 0.10229 13
-0.56052 -0.15578 74.08931 0 4.70000 17.42500 64.81309 0.11651 -13
0.20497 -0.08085 65.06233 0 2.45000 -5.70000 63.74553 0.10312 -13
0.64176 0.10193 15.34861 0 -3.12500 -16.20000 12.93694 0.12011 13
0.09550 -0.16347 98.35617 0 4.92500 -4.15000 97.92226 0.10249 13
-1.80436 0.00980 24.73969 0 -0.32500 53.65000 11.99328 0.20775 13
1.43022 0.03811 35.73931 0 -1.12500 -40.60000 20.48883 0.17578 -13
1.02245 -0.19374 46.99009 0 5.85000 -29.60000 33.16397 0.14535 -13
-0.91551 0.01985 1.92420 0 -0.95000 28.37500 1.41927 0.13681 13
-1.12909 0.11089 88.46770 0 -3.32500 33.95000 58.85649 0.15229 -13
0.32079 -0.15394 52.30606 0 4.65000 -12.10000 49.85988 0.10689 -13
0.62788 0.09675 52.13561 0 -2.90000 -21.70000 44.21168 0.11931 -13
-0.28468 0.02899 79.33727 0 -0.87500 11.37500 76.30787 0.10474 -13
-2.14154 0.12502 15.13724 0 -3.70000 64.27500 6.44650 0.23825 -13
-0.73947 0.03049 38.36151 0 -0.90000 22.80000 30.84949 0.12529 -13
1.02020 0.03757 64.05117 0 -1.12500 -31.30000 44.85200 0.14390 -13
0.11839 0.00361 59.46622 0 -0.12500 -1.62500 59.05377 0.10141 13
-1.16104 0.05505 17.50438 0 -1.70000 34.35000 11.43326 0.15443 13
1.66551 0.14096 75.38421 0 -4.25000 -48.75000 39.08534 0.19614 -13
1.70325 -0.25819 75.38421 0 7.80000 -49.90000 39.08534 0.20062 -13
0.05803 0.07995 53.10083 0 -2.42500 -0.20000 53.01215 0.10114 13
-1.66583 -0.20826 64.58328 0 6.27500 49.22500 33.75892 0.19677 13
-0.08462 -0.23492 87.09024 0 7.10000 3.90000 86.79625 0.10380 -13
0.34833 -0.09530 63.16377 0 2.87500 -11.65000 59.67745 0.10707 13
-0.55645 0.01568 56.59839 0 -0.47500 18.17500 49.45865 0.11525 -13
0.06352 -0.17033 66.05027 0 5.12500 0.55000 65.92113 0.10234 13
-1.67440 -0.02566 22.23540 0 0.82500 53.17500 11.40382 0.19643 -13
0.30026 0.02886 33.38098 0 -0.85000 -8.57500 31.97212 0.10518 -13
-1.16043 0.09266 16.50596 0 -2.85000 33.12500 10.80149 0.15457 13
0.52359 -0.02810 56.46512 0 0.85000 -16.40000 50.02716 0.11370 -13
0.09081 -0.24745 85.73878 0 7.45000 -3.40000 85.40758 0.10413 13
0.17796 0.02423 47.35799 0 -0.75000 -3.35000 46.62591 0.10232 13
1.40647 0.02338 91.36349 0 -0.70000 -44.37500 52.95117 0.17381 -13
-0.52891 -0.19859 40.04979 0 5.97500 16.20000 35.55071 0.11565 13
0.57891 -0.09218 23.66842 0 2.75000 -17.12500 20.50491 0.11673 13
0.82383 0.06955 65.82659 0 -2.10000 -25.62500 50.85511 0.13067 13
-1.14141 -0.04696 55.53229 0 1.40000 33.72500 36.61729 0.15289 13
0.15739 -0.13290 43.80505 0 4.00000 -6.90000 43.28149 0.10281 13
0.67349 -0.09141 13.83175 0 2.80000 -19.22500 11.48675 0.12179 -13
-0.41388 -0.15002 7.64207 0 4.60000 11.62500 7.07241 0.11008 -13
-0.63261 0.08753 84.21605 0 -2.65000 23.57500 71.24762 0.11949 13
-1.29002 -0.04023 96.23117 0 1.22500 38.82500 58.98759 0.16442 -13
0.53757 0.01254 36.12155 0 -0.35000 -14.80000 31.81659 0.11434 -13
0.28818 0.09780 69.64301 0 -2.95000 -10.72500 66.94407 0.10527 13
0.36844 0.01403 47.49494 0 -0.40000 -10.42500 44.56676 0.10733 -13
-0.19039 -0.18801 29.89490 0 5.70000 5.02500 29.38480 0.10426 -13
1.35621 0.02467 65.74544 0 -0.72500 -41.00000 39.02510 0.16971 -13
-0.13207 0.03405 56.79391 0 -1.02500 2.37500 56.30546 0.10163 -13
-1.04120 -0.03039 82.91083 0 0.90000 31.12500 57.44591 0.14541 13
1.45579 0.04833 90.57146 0 -1.47500 -45.07500 51.32256 0.17793 13
-0.98111 -0.11511 58.73789 0 3.45000 29.10000 42.06284 0.14155 13
-1.01125 0.00626 12.54046 0 -0.25000 28.45000 8.81760 0.14323 13
0.46178 -0.19724 12.99654 0 6.00000 -13.95000 11.83829 0.11272 -13
0.64204 0.09275 54.55667 0 -2.77500 -17.60000 45.96674 0.12003 -13
-2.05117 -0.22973 97.87769 0 6.92500 60.47500 43.78923 0.23094 13
0.98954 -0.00596 94.39082 0 0.17500 -28.27500 67.09482 0.14168 13
0.86632 0.11451 59.95066 0 -3.47500 -26.87500 45.43754 0.13374 13
0.46872 -0.12198 27.42725 0 3.65000 -17.32500 24.86771 0.11188 13
10.23199 -24.59926 27.42725 0 3.40000 -17.20000 24.86771 0.11231 13
1.65588 1.08123 27.42725 0 2.17500 -18.25000 24.86771 0.12210 13
-12.05184 20.46337 27.42725 0 2.40000 -18.77500 24.86771 0.13287 13
0.81253 -0.23937 20.27721 0 7.25000 -25.72500 15.90961 0.13201 -13
-1.08975 -0.18236 9.66447 0 5.42500 31.82500 6.59257 0.15000 13
0.04582 -0.19483 38.57694 0 5.90000 0.57500 38.53799 0.10271 -13
1.88424 -0.03579 89.47471 0 1.07500 -55.60000 41.96552 0.21484 13
-0.38860 0.09886 12.09388 0 -2.95000 12.70000 11.27990 0.10849 -13
1.39542 0.09530 15.32422 0 -2.92500 -40.82500 8.95394 0.17316 13
-0.56130 0.08804 86.28157 0 -2.65000 18.37500 75.30892 0.11582 -13
0.86657 -0.07516 43.93550 0 2.25000 -26.05000 33.24318 0.13346 13
0.95288 0.13188 93.44733 0 -3.97500 -32.12500 67.92900 0.13974 13
0.97796 -0.26771 93.44733 0 8.07500 -32.87500 67.92900 0.14340 13
0.67192 -0.12564 5.01673 0 3.90000 -19.55000 4.17395 0.12207 -13
-0.28161 0.13767 99.78684 0 -4.15000 9.60000 96.11653 0.10554 13
-0.28838 -0.26164 99.78684 0 7.90000 9.80000 96.11653 0.10806 13
-0.52807 0.05348 40.71902 0 -1.62500 17.45000 36.01808 0.11401 13
-1.33885 -0.14449 88.50871 0 4.35000 43.75000 53.31571 0.16890 13
0.38464 -0.13527 8.17617 0 4.02500 -9.72500 7.64034 0.10873 13
-0.71926 -0.07440 35.33992 0 2.22500 21.97500 28.71624 0.12427 13
1.31558 0.09927 69.20230 0 -2.97500 -41.67500 42.00695 0.16671 -13
0.84973 0.07406 19.86688 0 -2.27500 -25.00000 15.15655 0.13237 13
0.70068 0.13040 22.85796 0 -3.95000 -21.25000 18.77209 0.12367 13
0.71955 -0.26926 22.85796 0 8.10000 -21.80000 18.77209 0.12697 13
-1.39167 -0.07896 10.57341 0 2.47500 40.52500 6.18267 0.17280 -13
-0.28392 -0.06345 78.06074 0 1.92500 5.60000 75.10389 0.10488 -13
0.23994 -0.20528 24.12571 0 6.17500 -8.32500 23.48583 0.10559 13
-0.47407 0.06926 1.04903 0 -1.57500 15.00000 0.94807 0.11215 -13
-1.34178 -0.07142 5.58860 0 2.00000 42.90000 3.34448 0.16867 13
0.66522 -0.08145 44.37604 0 2.47500 -20.60000 36.98554 0.12123 -13
0.74997 -0.07508 20.84115 0 2.22500 -23.10000 16.69019 0.12609 13
0.70487 -0.10662 78.04563 0 3.22500 -21.90000 63.91090 0.12367 -13
0.15671 -0.17782 88.18671 0 5.35000 -4.37500 87.15551 0.10349 13
1.66694 -0.09475 53.63023 0 2.87500 -48.80000 27.67989 0.19599 -13
0.79186 -0.00833 99.98422 0 0.25000 -23.97500 78.38612 0.12846 13
-0.03325 0.11789 97.94869 0 -3.55000 1.52500 97.89532 0.10146 13
0.78029 0.12959 66.86076 0 -3.92500 -23.70000 52.87757 0.12840 13
0.80155 -0.27013 66.86076 0 8.15000 -24.32500 52.87757 0.13189 13
1.21384 0.04505 26.31981 0 -1.40000 -37.47500 16.74533 0.15845 13
0.33611 -0.11200 36.49365 0 3.37500 -6.22500 34.61370 0.10684 13
-0.25011 -0.09008 35.81283 0 2.70000 6.52500 34.75064 0.10420 13
0.33742 -0.24545 73.03945 0 7.40000 -8.77500 69.40783 0.10911 13
-0.29051 -0.24530 96.03341 0 7.40000 10.55000 92.42514 0.10774 -13
-0.76546 -0.12853 63.06389 0 3.90000 23.62500 50.22752 0.12748 -13
-0.30097 -0.18926 67.62898 0 5.70000 10.45000 64.85297 0.10687 13
0.82758 -0.02984 63.27218 0 0.90000 -25.90000 48.75367 0.13075 -13
1.00569 -0.05306 39.40201 0 1.62500 -32.02500 27.80207 0.14292 -13
-0.00535 -0.10363 42.34571 0 3.12500 0.45000 42.34511 0.10124 13
-1.48433 0.05387 35.15004 0 -1.65000 43.57500 19.65854 0.18033 13
-0.18481 -0.05975 19.42117 0 1.77500 2.97500 19.09894 0.10258 13
-0.97665 -0.04766 84.93396 0 1.45000 29.45000 60.79616 0.14085 -13
1.69921 0.03822 13.94118 0 -1.22500 -52.02500 7.07443 0.19861 13
2.02061 -0.01070 3.99218 0 0.05000 -61.40000 1.77028 0.22718 13
0.49261 0.06872 35.97863 0 -2.10000 -14.52500 32.28968 0.11248 13
-0.11162 -0.14995 82.20442 0 4.52500 2.20000 81.70808 0.10244 13
-0.39134 -0.17967 70.77008 0 5.40000 12.92500 66.04054 0.10963 13
0.59989 -0.09991 79.16109 0 3.00000 -22.50000 67.97218 0.11786 13
-0.92174 -0.21641 91.64425 0 6.52500 27.12500 68.08828 0.13869 -13
-0.61018 0.00658 6.90117 0 -0.27500 17.12500 5.89118 0.11799 13
0.69672 0.01847 6.56215 0 -0.65000 -22.67500 5.38468 0.12277 13
1.80640 0.12296 47.61405 0 -3.72500 -51.57500 23.19218 0.20832 13
1.86050 -0.27716 47.61405 0 8.35000 -53.17500 23.19218 0.21450 13
0.51073 -0.04262 69.76766 0 1.27500 -17.67500 62.14480 0.11315 13
0.81702 0.03970 36.47550 0 -1.22500 -25.32500 28.25554 0.13011 13
0.03028 -0.17085 72.82171 0 5.15000 -0.62500 72.78930 0.10220 13
-1.04146 0.08334 58.06346 0 -2.50000 30.50000 40.28529 0.14565 -13
1.09523 -0.18816 68.81467 0 5.67500 -30.90000 46.83872 0.15056 -13
0.61603 -0.01928 45.71163 0 0.60000 -19.05000 38.92150 0.11830 -13
-0.05751 -0.10226 79.59650 0 3.07500 1.45000 79.46657 0.10139 13
0.41800 0.05483 38.95460 0 -1.67500 -11.52500 35.94913 0.10929 13
-0.64026 -0.12999 61.31011 0 3.92500 20.12500 51.75867 0.12030 -13
-1.06689 0.11137 48.60009 0 -3.37500 33.27500 33.34437 0.14769 13
-1.63667 -0.07726 29.63552 0 2.30000 47.95000 15.48475 0.19329 13
-0.12407 -0.11681 78.30378 0 3.52500 1.90000 77.71590 0.10215 -13
1.26674 -0.18427 35.66992 0 5.55000 -37.12500 22.32964 0.16355 13
-0.72822 -0.09828 89.88935 0 2.95000 22.10000 72.78545 0.12496 13
-1.48645 0.00166 45.04494 0 -0.07500 43.32500 25.14332 0.18042 13
0.61970 -0.15606 51.40980 0 4.70000 -20.32500 43.84405 0.11950 13
-0.44847 -0.13603 67.72757 0 4.10000 10.95000 61.89179 0.11122 -13
0.40191 -0.24513 44.23404 0 7.40000 -12.77500 41.20593 0.11131 -13
0.08925 -0.18112 38.77442 0 5.47500 -2.77500 38.62574 0.10274 -13
1.11363 -0.00391 15.90138 0 0.17500 -32.27500 10.62402 0.15073 -13
-1.53978 -0.17975 22.09939 0 5.37500 43.62500 12.17187 0.18572 13
0.77201 -0.23592 52.23576 0 7.10000 -24.22500 41.76099 0.12941 13
-0.54907 0.06012 76.53496 0 -1.82500 16.97500 67.11540 0.11505 13
-0.09659 0.10634 14.49501 0 -3.25000 5.65000 14.42856 0.10175 13
-0.59903 -0.17203 98.14373 0 5.17500 19.25000 84.51503 0.11866 13
0.71737 0.10439 34.95713 0 -3.12500 -21.10000 28.45650 0.12437 -13
1.01997 -0.04657 71.21946 0 1.40000 -28.47500 49.88717 0.14391 13
-0.88269 -0.22528 44.86513 0 6.80000 26.05000 33.99784 0.13624 -13
0.16037 -0.09790 37.60830 0 2.95000 -5.70000 37.13816 0.10246 13
0.05851 0.09069 47.34830 0 -2.75000 -2.92500 47.26811 0.10129 13
-0.48751 -0.07128 91.41014 0 2.15000 16.57500 82.20613 0.11226 13
0.26586 0.01109 2.54390 0 -0.52500 -8.70000 2.45847 0.10431 13
1.91330 0.01459 47.89104 0 -0.45000 -56.10000 22.18551 0.21741 13
1.09927 0.14861 64.66265 0 -4.47500 -34.30000 43.77233 0.15038 -13
1.12084 -0.25019 64.66265 0 7.55000 -34.95000 43.77233 0.15336 -13
1.76344 0.12122 75.74239 0 -3.65000 -53.30000 37.56931 0.20450 -13
1.81744 -0.27896 75.74239 0 8.42500 -54.95000 37.56931 0.21080 -13
1.04488 0.04543 73.62081 0 -1.35000 -29.60000 50.93030 0.14571 -13
-0.65067 -0.03838 10.89873 0 1.10000 19.90000 9.13710 0.12020 13
-0.56602 -0.20815 88.53481 0 6.27500 18.82500 77.43960 0.11760 -13
0.68208 -0.00449 36.79152 0 0.12500 -20.77500 30.39433 0.12190 13
-0.00801 -0.07691 50.51542 0 2.32500 0.97500 50.51381 0.10101 -13
-0.47188 0.09030 63.50499 0 -2.72500 14.92500 57.47426 0.11172 13
0.58541 -0.11981 68.09868 0 3.60000 -19.22500 58.87511 0.11731 13
-1.17331 -0.15100 20.97298 0 4.60000 32.97500 13.69294 0.15601 -13
-0.05227 -0.07259 4.87419 0 2.30000 1.92500 4.86758 0.10116 -13
-0.22684 -0.14304 84.55542 0 4.30000 7.47500 82.50110 0.10426 13
-2.01376 -0.00852 90.42407 0 0.25000 58.70000 40.21894 0.22642 13
-0.22808 -0.09035 4.32836 0 2.60000 6.95000 4.22083 0.10369 13
0.02696 0.02051 49.12338 0 -0.62500 -1.85000 49.10555 0.10077 13
-0.58987 -0.03881 87.53590 0 1.17500 17.65000 75.41089 0.11698 -13
-1.57881 0.06960 1.09358 0 -2.90000 46.50000 0.58534 0.18992 13
0.57633 -0.21514 14.80271 0 6.45000 -19.50000 12.89642 0.11821 13
1.50131 -0.16982 51.37927 0 5.15000 -47.02500 28.76391 0.18247 -13
0.43466 -0.22673 23.05932 0 6.87500 -13.02500 21.23052 0.11217 -13
-0.54780 -0.17327 97.25835 0 5.22500 17.60000 85.58684 0.11615 -13
-0.25765 -0.01639 62.15147 0 0.50000 7.82500 60.18646 0.10401 -13
-0.33772 0.05547 32.74287 0 -1.65000 10.77500 31.02653 0.10644 -13
-0.29159 0.12814 10.77763 0 -3.92500 11.50000 10.35340 0.10571 13
-0.29976 -0.27172 10.77763 0 8.15000 11.75000 10.35340 0.10859 13
0.14385 -0.20035 74.87243 0 6.05000 -6.57500 74.13857 0.10372 -13
1.75158 0.08992 23.85468 0 -2.67500 -52.92500 11.86284 0.20329 -13
-1.48503 0.05361 56.48198 0 -1.60000 46.77500 31.58005 0.18037 -13
-0.49104 -0.20199 51.24689 0 6.10000 14.12500 46.17647 0.11403 -13
1.26845 -0.15253 38.23946 0 4.57500 -37.50000 23.84243 0.16336 13
0.07047 0.02517 34.88538 0 -0.77500 -0.02500 34.79913 0.10099 13
0.18488 0.04874 60.55491 0 -1.47500 -5.85000 59.54803 0.10253 13
-0.44350 -0.17280 39.40709 0 5.20000 11.30000 36.10872 0.11153 13
-1.06511 0.03014 70.22683 0 -0.90000 29.40000 48.07974 0.14716 -13
0.79258 -0.24221 47.25522 0 7.32500 -20.55000 37.43614 0.13081 -13
-0.31235 -0.09963 82.27558 0 3.00000 8.92500 78.56818 0.10598 13
-1.81021 -0.13183 5.80053 0 3.80000 57.62500 2.82347 0.20856 13
-0.07437 0.06895 13.18278 0 -2.12500 3.40000 13.14669 0.10123 13
1.27163 -0.10483 60.51369 0 3.17500 -37.57500 37.53245 0.16327 -13
0.07383 -0.20670 56.75151 0 6.25000 -2.30000 56.60374 0.10311 -13
-0.40982 -0.18481 36.58342 0 5.60000 11.97500 33.93150 0.11042 -13
0.61597 0.04499 51.55253 0 -1.35000 -18.92500 43.90589 0.11836 -13
0.69076 0.08039 76.97576 0 -2.42500 -20.67500 63.40061 0.12266 13
-1.97980 -0.24875 77.54230 0 7.52500 58.92500 35.80162 0.22477 -13
2.12368 0.12722 5.89371 0 -3.62500 -63.92500 2.52641 0.23666 -13
0.98616 -0.03689 26.79630 0 1.15000 -27.25000 19.08574 0.14149 -13
0.62913 0.00658 88.08333 0 -0.20000 -21.17500 74.55611 0.11898 -13
0.28183 0.04911 89.95006 0 -1.47500 -9.12500 86.58526 0.10474 13
2.10690 -0.00644 65.51555 0 0.17500 -64.65000 28.09201 0.23486 13
-0.03273 -0.15829 63.31284 0 4.77500 1.17500 63.27977 0.10201 -13
-0.57489 -0.03351 91.50780 0 1.02500 18.42500 79.34373 0.11620 -13
-1.71773 0.10358 53.32716 0 -3.15000 53.80000 26.93728 0.20044 13
1.39382 -0.18613 43.71364 0 5.62500 -40.90000 25.76860 0.17379 -13
0.49932 -0.21564 72.55014 0 6.50000 -13.67500 65.19807 0.11463 13
0.44376 0.09625 58.66563 0 -2.92500 -11.00000 53.66348 0.11060 13
0.13434 -0.17764 94.54239 0 5.37500 -2.37500 93.72599 0.10317 -13
0.37312 -0.05996 34.47090 0 1.82500 -10.52500 32.30317 0.10766 -13
0.58701 0.06905 18.04291 0 -2.12500 -16.77500 15.56956 0.11699 13
0.73285 -0.21328 46.60810 0 6.45000 -22.62500 37.88307 0.12669 -13
-0.31905 0.09016 14.73731 0 -2.67500 7.32500 14.04552 0.10609 -13
0.50382 -0.01960 39.21435 0 0.57500 -16.87500 35.02212 0.11278 13
0.40061 0.13689 41.96154 0 -4.12500 -9.57500 39.00151 0.10935 -13
0.41035 -0.26241 41.96154 0 7.92500 -9.87500 39.00151 0.11202 -13
0.27084 -0.01593 92.96603 0 0.47500 -4.50000 89.73398 0.10434 -13
-0.15579 -0.00431 70.32659 0 0.12500 5.40000 69.48837 0.10192 -13
0.57017 0.06168 81.05301 0 -1.87500 -17.40000 70.44590 0.11609 13
0.51187 -0.04875 66.46033 0 1.47500 -14.62500 59.17448 0.11324 13
-0.53607 0.11438 10.83735 0 -3.40000 13.72500 9.56540 0.11482 -13
0.63866 0.07862 86.23143 0 -2.37500 -19.40000 72.73932 0.11975 13
1.82787 -0.23763 88.49168 0 7.17500 -55.05000 43.37373 0.21120 -13
1.06112 0.08697 75.29900 0 -2.62500 -33.77500 51.74417 0.14710 -13
-0.47835 0.12277 35.68304 0 -3.70000 13.77500 32.23497 0.11231 -13
-0.49269 -0.27732 35.68304 0 8.37500 14.20000 32.23497 0.11570 -13
0.47599 -0.12800 34.52790 0 3.85000 -12.95000 31.22302 0.11226 13
0.44948 -0.04554 73.96042 0 1.37500 -12.75000 67.47102 0.11051 -13
-1.74849 -0.23213 60.60648 0 7.02500 53.20000 30.68630 0.20421 -13
-0.32499 -0.06281 42.95704 0 1.90000 6.50000 40.86123 0.10608 -13
0.02851 0.12003 90.17242 0 -3.62500 -1.52500 90.13633 0.10147 -13
0.02939 -0.28023 90.17242 0 8.45000 -1.57500 90.13633 0.10463 -13
-0.72251 -0.24581 67.41453 0 7.40000 19.62500 55.18571 0.12667 13
0.98073 -0.17699 4.89730 0 5.20000 -29.12500 3.52266 0.14210 13
0.00283 0.11359 32.04216 0 -3.40000 -1.57500 32.04204 0.10135 -13
0.02028 -0.01358 7.76111 0 0.47500 -0.15000 7.75951 0.10075 -13
1.37571 -0.24343 47.76197 0 7.35000 -41.15000 28.61139 0.17303 -13
-0.30707 -0.12028 15.35831 0 3.60000 8.82500 14.69067 0.10603 13
-0.95949 -0.00794 84.76004 0 0.22500 27.95000 61.16142 0.13956 13
-0.13481 -0.03066 97.96648 0 0.92500 2.60000 97.08900 0.10166 -13
0.30154 -0.23545 21.15007 0 7.12500 -9.45000 20.29392 0.10784 -13
1.98018 0.01516 25.60998 0 -0.42500 -58.02500 11.54528 0.22340 -13
0.51458 -0.19677 74.52527 0 5.95000 -17.30000 66.52691 0.11498 -13
-1.74633 0.12019 52.09934 0 -3.65000 50.95000 26.03042 0.20301 13
-1.80055 -0.28007 52.09934 0 8.42500 52.57500 26.03042 0.20927 13
-1.09290 0.06506 92.17138 0 -1.97500 33.45000 62.29195 0.14933 13
0.42024 -0.07707 5.62681 0 2.22500 -13.40000 5.18970 0.10950 13
0.40454 -0.02467 18.13040 0 0.72500 -12.12500 16.80814 0.10866 13
-0.24043 0.14806 56.90709 0 -4.47500 8.37500 55.36283 0.10465 13
-0.24521 -0.25078 56.90709 0 7.55000 8.52500 55.36283 0.10671 13
0.09013 -0.03981 83.16277 0 1.20000 -3.30000 82.82760 0.10119 -13
-0.42403 -0.02816 5.89036 0 0.95000 12.75000 5.42345 0.10944 -13
-0.79230 0.04759 29.20475 0 -1.40000 23.85000 22.90077 0.12856 -13
0.36873 0.01308 31.44510 0 -0.37500 -13.35000 29.50349 0.10734 -13
-1.38397 -0.05717 7.77914 0 1.82500 42.17500 4.56108 0.17209 -13
0.70206 0.06812 89.58900 0 -2.05000 -23.02500 73.37902 0.12323 -13
-0.03922 0.01497 66.88647 0 -0.45000 4.90000 66.83510 0.10079 13
0.91043 -0.16854 13.56170 0 5.02500 -29.55000 10.09028 0.13723 13
0.00512 -0.23339 64.68460 0 7.02500 2.87500 64.68380 0.10340 13
0.91737 -0.01066 38.47478 0 0.30000 -29.10000 28.35243 0.13666 13
0.24921 -0.00025 30.48202 0 -0.00000 -6.20000 29.57736 0.10379 13
0.11514 -0.04703 84.39624 0 1.42500 -4.62500 83.84349 0.10148 13
-1.90905 -0.11735 69.95289 0 3.52500 57.57500 32.63340 0.21734 13
-1.00960 -0.12848 62.59730 0 3.87500 30.47500 44.23241 0.14369 -13
0.29179 -0.17148 15.04262 0 5.15000 -6.17500 14.45650 0.10630 13
-0.83897 -0.07349 33.18824 0 2.20000 24.70000 25.45312 0.13166 13
-1.58593 0.00815 5.17849 0 -0.07500 45.80000 2.76175 0.18887 -13
0.03047 0.03845 17.98998 0 -1.12500 2.40000 17.98166 0.10083 -13
-0.28726 -0.08319 62.44200 0 2.50000 8.52500 60.03074 0.10511 13
1.83106 0.13951 60.11024 0 -4.22500 -54.80000 29.02593 0.21058 13
1.87362 -0.25971 60.11024 0 7.82500 -56.07500 29.02593 0.21544 13
1.20171 0.12833 87.17788 0 -3.85000 -36.30000 56.03168 0.15796 -13
1.23505 -0.27143 87.17788 0 8.20000 -37.30000 56.03168 0.16237 -13
1.23666 -0.14835 57.01228 0 4.45000 -37.12500 36.08408 0.16084 13
0.64557 -0.13864 73.59562 0 4.17500 -20.80000 62.00261 0.12067 13
1.01997 0.01865 13.81365 0 -0.60000 -29.22500 9.67187 0.14386 13
-0.50977 0.03419 36.12943 0 -1.05000 16.70000 32.19219 0.11309 13
-0.19036 -0.07091 84.30517 0 2.15000 5.35000 82.82521 0.10276 -13
0.19792 0.07746 9.80960 0 -2.37500 -6.52500 9.62398 0.10297 13
-0.78339 0.03694 94.28601 0 -1.10000 23.72500 74.24198 0.12797 -13
-2.13905 0.14550 81.72927 0 -4.40000 63.95000 34.91043 0.23826 13
0.45808 0.10795 95.78630 0 -3.25000 -12.52500 87.17179 0.11129 -13
-1.91023 -0.16444 76.47345 0 4.95000 58.87500 35.84026 0.21775 13
-1.07199 -0.06419 49.29284 0 1.95000 30.40000 33.66136 0.14777 -13
-0.97523 0.01000 88.70540 0 -0.30000 27.35000 63.50709 0.14067 -13
-0.37740 0.04808 83.97713 0 -1.45000 11.82500 78.57977 0.10774 13
-2.07397 -0.11380 54.92658 0 3.45000 62.25000 23.97955 0.23217 -13
0.78698 -0.18911 60.07546 0 5.70000 -26.20000 47.52408 0.12955 13
0.58024 0.09877 28.04463 0 -2.95000 -16.22500 24.28633 0.11685 -13
-1.79363 0.01757 13.10968 0 -0.60000 55.55000 6.38420 0.20684 13
0.41882 0.12915 84.08519 0 -3.90000 -9.22500 77.65266 0.10995 -13
0.43031 -0.27058 84.08519 0 8.17500 -9.57500 77.65266 0.11297 -13
0.26713 0.13483 3.12195 0 -3.90000 -8.72500 3.01791 0.10510 -13
0.27369 -0.26422 3.12195 0 8.15000 -8.95000 3.01791 0.10797 -13
-1.19831 -0.17971 78.51709 0 5.40000 36.50000 50.77792 0.15821 13
0.03816 -0.23986 82.43026 0 7.22500 0.02500 82.37358 0.10363 13
-0.19035 -0.03933 44.05579 0 1.17500 3.50000 43.27983 0.10259 13
0.31159 -0.20979 67.82313 0 6.32500 -6.77500 64.87380 0.10757 13
-0.68096 -0.04328 65.44412 0 1.32500 20.57500 54.10938 0.12191 -13
-1.14811 -0.09026 95.30085 0 2.72500 32.72500 62.73688 0.15360 -13
0.03684 0.04880 63.12780 0 -1.47500 0.00000 63.08510 0.10089 13
0.31434 0.13415 57.59937 0 -4.05000 -10.20000 54.99225 0.10643 13
0.32234 -0.26533 57.59937 0 8.00000 -10.42500 54.99225 0.10912 13
-0.19382 0.08912 73.84988 0 -2.67500 5.40000 72.51107 0.10296 -13
1.02815 -0.12945 2.16675 0 3.57500 -29.52500 1.51733 0.14498 13
-0.21302 -0.18383 18.75279 0 5.57500 8.60000 18.35428 0.10463 -13
-0.85535 0.04359 69.35281 0 -1.30000 28.22500 52.72432 0.13259 -13
0.50775 -0.00090 56.85572 0 0.02500 -14.67500 50.69522 0.11294 13
-1.15154 -0.05610 18.94896 0 1.72500 35.72500 12.43580 0.15370 -13
1.40504 0.08216 33.03789 0 -2.50000 -41.52500 19.20013 0.17388 13
-1.83534 -0.22003 3.15447 0 6.97500 55.60000 1.53755 0.21219 -13
0.36732 -0.14452 52.89662 0 4.35000 -11.27500 49.71345 0.10826 13
0.18658 -0.20829 18.55554 0 6.30000 -6.97500 18.25345 0.10459 -13
-0.07784 0.14406 26.37982 0 -4.37500 5.27500 26.30189 0.10205 13
-0.07951 -0.25495 26.37982 0 7.67500 5.32500 26.30189 0.10422 13
1.92863 0.05833 49.29892 0 -1.77500 -56.32500 22.72346 0.21886 13
0.09838 -0.06123 65.80256 0 1.85000 0.30000 65.48758 0.10138 -13
0.82790 -0.13500 31.29508 0 4.10000 -24.82500 24.19444 0.13145 -13
-1.01758 0.12544 10.13594 0 -3.70000 29.57500 7.13182 0.14421 -13
-1.04692 -0.27447 10.13594 0 8.35000 30.50000 7.13182 0.14852 -13
-1.85433 -0.01484 38.24019 0 0.47500 54.65000 18.15236 0.21215 -13
0.08028 0.12470 44.62982 0 -3.75000 -0.60000 44.48890 0.10180 -13
0.08263 -0.27526 44.62982 0 8.32500 -0.67500 44.48890 0.10479 -13
2.02156 -0.05508 89.53282 0 1.65000 -60.42500 39.74630 0.22719 13
1.01540 -0.13380 49.45980 0 4.02500 -28.00000 34.86055 0.14414 13
-0.44178 0.14169 74.95074 0 -4.27500 13.47500 68.66864 0.11101 -13
-0.45166 -0.25740 74.95074 0 7.77500 13.77500 68.66864 0.11351 -13
-0.20893 -0.23272 9.53603 0 7.07500 7.90000 9.34451 0.10557 -13
0.21604 -0.02488 49.25817 0 0.75000 -6.20000 48.14807 0.10305 13
-0.70452 -0.21444 46.34147 0 6.45000 20.07500 38.16331 0.12505 13
-0.60681 0.14331 55.71861 0 -4.32500 17.45000 47.76443 0.11868 13
-0.62000 -0.25574 55.71861 0 7.70000 17.85000 47.76443 0.12124 13
1.19683 -0.08946 22.95601 0 2.67500 -37.15000 14.75357 0.15730 13
-0.90317 -0.12134 44.21544 0 3.65000 26.67500 32.92149 0.13623 13
0.94520 0.07478 90.43210 0 -2.25000 -27.52500 65.80713 0.13877 13
0.18373 0.09361 34.99936 0 -2.82500 -6.07500 34.42786 0.10282 13
-0.55304 -0.11690 90.52273 0 3.52500 16.45000 79.34081 0.11568 13
0.33975 0.11401 52.20443 0 -3.45000 -9.20000 49.46248 0.10698 13
0.28580 -0.15688 16.47698 0 4.77500 -8.62500 15.85719 0.10594 -13
-1.06053 -0.24312 83.59487 0 7.35000 31.17500 58.21565 0.14883 -13
-0.61069 0.13251 51.32184 0 -4.00000 18.00000 43.90341 0.11875 13
-0.62663 -0.26706 51.32184 0 8.05000 18.47500 43.90341 0.12183 13
-0.31342 0.10738 13.81224 0 -3.27500 9.27500 13.18664 0.10610 13
0.61316 0.10573 8.50663 0 -3.25000 -18.17500 7.26309 0.11864 13
-1.56039 -0.02123 83.20437 0 0.62500 48.45000 44.90182 0.18665 13
-0.85077 -0.22256 63.27099 0 6.70000 23.80000 48.67454 0.13410 13
-1.40033 -0.17986 48.52623 0 5.40000 40.12500 28.49791 0.17421 13
0.71466 -0.05066 55.10474 0 1.52500 -20.30000 44.85231 0.12387 13
-0.70614 -0.00885 93.01365 0 0.25000 21.10000 75.98080 0.12329 13
-0.28888 -0.02720 70.66932 0 0.82500 5.30000 67.89508 0.10486 -13
-1.23040 -0.22886 34.66594 0 6.92500 37.47500 22.19940 0.16135 -13
0.65598 0.02906 26.79036 0 -0.85000 -21.15000 22.40365 0.12047 -13
-0.15360 0.11026 93.04504 0 -3.32500 7.85000 91.97923 0.10249 13
0.09878 0.01583 6.55397 0 -0.55000 -2.97500 6.52226 0.10122 13
-0.86292 0.09523 98.26953 0 -2.87500 23.90000 74.54201 0.13336 13
0.99863 0.02867 6.92167 0 -0.97500 -29.00000 4.89843 0.14239 13
-0.26981 -0.09129 67.23169 0 2.75000 7.37500 64.92853 0.10471 -13
-1.67455 0.11297 45.92966 0 -3.42500 51.97500 23.65915 0.19676 13
0.44121 -0.04969 93.79457 0 1.50000 -15.00000 85.83084 0.11018 -13
0.29101 -0.05099 75.54992 0 1.55000 -10.15000 72.54816 0.10502 -13
1.05067 -0.09704 1.78789 0 2.52500 -29.80000 1.23533 0.14652 13
-0.08029 -0.12292 39.70938 0 3.72500 2.15000 39.58394 0.10179 -13
-0.24159 -0.14594 9.57844 0 4.35000 6.95000 9.31605 0.10462 13
0.05157 -0.16915 17.27700 0 5.07500 1.05000 17.25479 0.10225 13
-1.35953 0.01142 86.47871 0 -0.32500 40.12500 51.24248 0.16996 -13
0.55815 -0.07562 79.40136 0 2.30000 -17.97500 69.37955 0.11558 -13
0.25208 -0.20786 88.25986 0 6.27500 -6.17500 85.68873 0.10593 13
-0.35057 -0.03354 81.96089 0 1.02500 11.15000 77.35042 0.10677 -13
-1.88828 0.12763 68.21220 0 -3.87500 57.55000 32.12526 0.21558 13
-1.94127 -0.27222 68.21220 0 8.20000 59.15000 32.12526 0.22158 13
1.82303 0.11534 35.68821 0 -3.45000 -53.67500 17.25236 0.20968 -13
0.25665 -0.18232 64.71181 0 5.50000 -5.97500 62.74265 0.10557 13
-1.53024 -0.10533 94.70975 0 3.17500 48.25000 52.01100 0.18440 -13
