0.18136 0.07890 2.18672 0 -2.62500 -6.77500 2.15191 0.10283 13
0.49932 0.07341 7.20539 0 -2.15000 -15.17500 6.44991 0.11279 -13
-0.32724 0.11010 60.54161 0 -3.32500 8.50000 57.57231 0.10654 13
-0.71730 0.11965 37.56612 0 -3.60000 20.90000 30.59828 0.12451 -13
-0.73976 -0.28065 37.56612 0 8.47500 21.57500 30.59828 0.12843 -13
20.92974 -2.43502 37.56612 0 -3.60000 20.92500 30.59828 0.12456 -13
-0.23051 0.93245 37.56612 0 -4.42500 20.50000 30.59828 0.14135 -13
0.68602 0.94395 37.56612 0 -4.45000 22.02500 30.59828 0.15712 -13
-0.65861 -0.13101 73.96602 0 3.95000 19.45000 61.93074 0.12130 -13
0.18496 -0.24310 16.20883 0 7.30000 -5.75000 15.95313 0.10527 13
0.15837 0.10026 57.98286 0 -3.02500 -1.50000 57.27618 0.10245 -13
-0.99884 -0.04599 31.37823 0 1.40000 29.70000 22.21272 0.14241 -13
1.45902 -0.13016 15.28138 0 3.97500 -45.10000 8.68774 0.17868 -13
203.26853 192.11678 15.28138 0 4.67500 -44.02500 8.68774 0.18152 -13
-11.25338 2.17025 15.28138 0 5.30000 -43.20000 8.68774 0.18962 -13
1.67715 -0.08510 63.62288 0 2.57500 -51.27500 32.67014 0.19683 -13
0.26007 -0.10215 33.61403 0 3.10000 -12.10000 32.54267 0.10456 -13
0.12028 -0.09747 29.48628 0 2.95000 -0.60000 29.27717 0.10191 -13
-0.02942 -0.11611 3.95324 0 3.62500 1.50000 3.95156 0.10151 -13
0.79380 -0.00371 13.09887 0 0.07500 -24.12500 10.25944 0.12858 13
-0.24530 -0.20279 97.93342 0 6.12500 7.55000 95.22043 0.10568 -13
2.10849 -0.23410 52.26274 0 7.07500 -61.47500 22.88625 0.23622 -13
-0.34007 -0.18772 57.72464 0 5.67500 10.10000 54.74743 0.10804 -13
-0.77807 -0.14381 13.92793 0 4.37500 22.97500 11.03470 0.12845 -13
-1.66100 -0.18093 68.19828 0 5.47500 48.65000 35.59233 0.19610 -13
0.09199 -0.11686 37.74682 0 3.50000 -2.02500 37.59030 0.10181 13
-1.43087 -0.23608 33.12816 0 7.15000 42.30000 19.32292 0.17743 -13
0.19384 0.01626 19.19886 0 -0.47500 -7.87500 18.84807 0.10259 -13
0.16200 0.09633 73.36224 0 -2.90000 -2.52500 72.42666 0.10247 -13
0.96900 -0.23189 23.47732 0 7.02500 -28.47500 17.07246 0.14219 -13
0.36229 -0.13753 7.79877 0 4.22500 -11.15000 7.34057 0.10804 -13
0.16905 -0.18667 38.40803 0 5.65000 -5.97500 37.88841 0.10385 -13
0.79737 -0.20274 3.91785 0 5.95000 -24.27500 3.08693 0.13032 13
-1.96290 0.07599 89.08814 0 -2.27500 58.67500 40.53276 0.22197 -13
0.94476 -0.03982 67.12671 0 1.20000 -27.42500 48.81209 0.13860 -13
-0.72188 0.06717 38.99886 0 -2.00000 20.55000 31.64484 0.12438 -13
-1.65676 -0.18344 58.05204 0 5.55000 51.65000 30.36321 0.19577 -13
-0.84386 -0.00265 44.80579 0 0.10000 25.30000 34.24275 0.13177 -13
0.24844 -0.00556 43.04779 0 0.17500 -5.40000 41.77773 0.10377 -13
-1.68327 0.11975 27.50043 0 -3.65000 49.02500 14.11989 0.19757 13
-1.73605 -0.28065 27.50043 0 8.42500 50.57500 14.11989 0.20365 13
-0.68102 -0.05103 73.10176 0 1.52500 18.15000 60.44586 0.12194 13
-0.06852 0.10375 23.12455 0 -3.10000 2.17500 23.07105 0.10147 -13
1.22715 -0.05524 90.62087 0 1.65000 -37.32500 57.29867 0.15950 13
1.29888 -0.17846 71.57158 0 5.37500 -37.47500 44.09054 0.16604 13
0.62401 -0.18748 80.51666 0 5.67500 -19.77500 68.63560 0.12020 -13
0.04864 0.02969 20.39773 0 -0.87500 0.32500 20.37366 0.10087 -13
-0.31172 -0.01815 92.94670 0 0.55000 8.60000 88.73684 0.10550 -13
-0.36795 -0.00435 99.13731 0 0.12500 12.67500 93.03919 0.10731 13
-1.97771 0.10639 18.71998 0 -3.15000 57.80000 8.48480 0.22339 -13
1.45344 0.03640 37.39989 0 -1.12500 -45.80000 21.20888 0.17770 13
-1.01146 -0.13601 32.14269 0 4.07500 26.65000 22.70302 0.14388 13
0.30553 0.00770 96.66106 0 -0.22500 -8.72500 92.44273 0.10530 13
-0.43828 0.10965 11.69304 0 -3.25000 13.65000 10.71966 0.11049 -13
0.86508 0.01483 52.70184 0 -0.42500 -28.35000 39.85966 0.13316 -13
-0.02843 0.02293 66.37438 0 -0.67500 0.37500 66.34757 0.10077 -13
1.61562 0.13899 19.90948 0 -4.25000 -49.77500 10.55146 0.19189 13
1.65352 -0.26026 19.90948 0 7.80000 -50.87500 10.55146 0.19627 13
1.00161 -0.19759 55.62395 0 5.95000 -26.92500 39.67570 0.14390 13
0.20355 -0.24038 60.48299 0 7.25000 -5.30000 59.33215 0.10559 -13
0.87637 -0.09520 90.49172 0 2.87500 -28.15000 68.18911 0.13424 13
-0.40307 0.10646 45.90291 0 -3.20000 10.47500 42.60780 0.10910 -13
-0.55721 -0.12963 11.07078 0 3.95000 17.20000 9.68986 0.11605 -13
-0.98224 -0.06919 10.18834 0 2.02500 29.85000 7.27666 0.14132 13
-0.55085 0.03276 93.94985 0 -0.97500 13.97500 82.30096 0.11502 -13
-0.14571 -0.11275 42.65367 0 3.40000 4.30000 42.21346 0.10239 13
-0.48186 -0.22499 28.53041 0 6.80000 10.10000 25.81954 0.11408 -13
-0.09363 -0.01334 40.21565 0 0.40000 2.82500 40.04055 0.10115 13
0.28874 -0.11768 88.37402 0 3.55000 -8.62500 84.95016 0.10548 13
-0.99468 0.08411 86.89575 0 -2.52500 31.10000 61.71564 0.14229 -13
-0.96984 0.10516 83.63240 0 -3.17500 28.65000 60.19525 0.14068 -13
1.06710 -0.14566 1.91943 0 4.75000 -34.52500 1.31958 0.14851 -13
0.41296 -0.19777 20.69045 0 5.95000 -13.75000 19.17648 0.11075 13
0.12059 -0.21414 32.42880 0 6.45000 -4.85000 32.20568 0.10369 13
-0.81052 0.10660 6.58657 0 -3.32500 24.17500 5.12843 0.13013 13
0.50307 -0.17308 44.04686 0 5.20000 -15.75000 39.46466 0.11406 13
0.05171 -0.15439 46.68140 0 4.65000 -1.70000 46.62051 0.10203 13
-0.96293 -0.12608 83.32196 0 3.80000 29.85000 60.24656 0.14038 -13
0.28149 -0.16367 51.16164 0 4.92500 -6.82500 49.29494 0.10590 13
-1.27326 -0.20747 80.17295 0 6.25000 40.95000 50.16448 0.16435 13
0.83878 -0.16507 27.75565 0 4.95000 -26.82500 21.38298 0.13247 13
1.10750 -0.23751 66.41253 0 7.17500 -35.40000 45.17774 0.15216 -13
0.61003 -0.21417 28.02778 0 6.45000 -18.37500 24.07078 0.11990 13
0.86305 -0.09089 59.78127 0 2.72500 -25.05000 45.33615 0.13333 13
1.56852 -0.17382 79.69615 0 5.25000 -45.52500 43.29693 0.18815 -13
0.19462 -0.24596 78.91514 0 7.42500 -7.02500 77.54252 0.10553 13
0.72234 -0.05990 80.79060 0 1.82500 -23.55000 65.53219 0.12437 -13
0.18060 -0.07744 93.01744 0 2.35000 -5.25000 91.54501 0.10263 -13
0.00227 -0.09988 18.82549 0 3.05000 -0.42500 18.82544 0.10121 -13
-1.93440 -0.10266 19.31743 0 3.05000 54.77500 8.90753 0.21950 13
0.18176 -0.15016 38.96351 0 4.52500 -5.80000 38.34887 0.10346 13
1.01397 -0.23527 63.17305 0 7.07500 -29.22500 44.96036 0.14535 13
1.90696 0.07681 46.42867 0 -2.35000 -56.97500 21.61238 0.21698 13
1.39686 -0.24373 32.27064 0 7.37500 -40.35000 19.14252 0.17477 -13
1.55199 0.05394 41.69128 0 -1.65000 -46.47500 22.60449 0.18602 13
-0.79939 0.13536 72.19378 0 -4.07500 22.30000 56.58947 0.12964 -13
-0.81930 -0.26403 72.19378 0 7.97500 22.92500 56.58947 0.13288 -13
-0.39863 -0.12772 92.41987 0 3.85000 11.42500 85.94476 0.10916 13
-0.02709 -0.01299 55.82407 0 0.37500 0.25000 55.80359 0.10075 13
-1.02717 -0.11668 82.81113 0 3.52500 31.87500 57.96622 0.14484 -13
-0.90593 -0.22075 15.64919 0 6.62500 26.40000 11.72118 0.13764 13
-0.39020 0.08855 66.17986 0 -2.65000 11.42500 61.68423 0.10846 -13
0.22216 -0.18090 29.28194 0 5.47500 -5.60000 28.60624 0.10476 -13
-0.91201 -0.02660 52.45551 0 0.82500 28.42500 38.76388 0.13633 -13
1.99879 -0.24272 27.93723 0 7.27500 -61.17500 12.78711 0.22633 13
-0.48185 -0.09388 95.92322 0 2.82500 14.80000 86.48612 0.11218 13
-0.21797 0.10329 2.79212 0 -3.30000 8.22500 2.72884 0.10373 13
0.82419 -0.24048 31.66356 0 7.22500 -25.40000 24.70851 0.13271 13
1.62946 0.08067 87.08729 0 -2.45000 -46.25000 45.65864 0.19271 13
-1.14004 -0.03092 71.19582 0 0.92500 35.57500 46.96075 0.15274 13
-1.76230 -0.21929 85.69004 0 6.62500 52.77500 43.04339 0.20526 -13
0.77179 0.13220 20.66093 0 -4.02500 -24.17500 16.40880 0.12792 13
0.79200 -0.26743 20.66093 0 8.02500 -24.77500 16.40880 0.13122 13
-0.19311 -0.07210 80.67156 0 2.17500 7.17500 79.21555 0.10282 -13
-0.16540 -0.09811 79.01627 0 2.97500 3.30000 77.96707 0.10255 -13
-0.05576 -0.11943 92.54720 0 3.60000 1.32500 92.40566 0.10157 13
1.32704 -0.02052 9.20867 0 0.70000 -42.00000 5.54255 0.16736 -13
0.46224 -0.14631 41.09929 0 4.42500 -13.52500 37.37543 0.11192 -13
-1.41996 0.01031 48.41123 0 -0.32500 44.95000 27.87574 0.17490 13
0.55245 -0.06164 20.62229 0 1.82500 -15.50000 18.05884 0.11521 13
0.34996 -0.14586 80.40976 0 4.40000 -12.75000 75.98267 0.10769 13
-0.21802 -0.20803 55.48075 0 6.27500 5.47500 54.25847 0.10518 -13
-0.91999 -0.09125 61.12473 0 2.75000 25.92500 45.06972 0.13714 13
0.55886 0.07470 53.37938 0 -2.27500 -16.07500 46.62695 0.11561 13
-0.68612 -0.05584 86.02517 0 1.70000 20.70000 70.96934 0.12226 -13
-0.21257 0.08586 11.31050 0 -2.55000 7.45000 11.06508 0.10331 -13
-1.65271 -0.17284 61.65976 0 5.20000 51.20000 32.26460 0.19529 13
-0.87285 -0.24599 94.94160 0 7.42500 26.65000 72.42617 0.13595 -13
-0.03428 -0.16472 58.96860 0 4.95000 -0.30000 58.93489 0.10211 13
0.60754 -0.12428 42.96534 0 3.72500 -17.72500 36.79570 0.11849 13
-0.16723 -0.06250 58.18262 0 1.87500 5.40000 57.38883 0.10229 13
0.12357 -0.06066 21.99114 0 1.85000 -2.75000 21.82577 0.10166 -13
-0.41163 0.08073 7.22861 0 -2.37500 13.25000 6.68764 0.10919 -13
-1.20735 -0.23830 89.59676 0 7.20000 40.57500 58.08450 0.15970 -13
-0.16266 -0.22523 28.26365 0 6.80000 3.10000 27.91444 0.10453 -13
1.20744 0.11057 16.29285 0 -3.37500 -35.62500 10.42934 0.15830 13
0.84045 -0.20778 76.89389 0 6.25000 -25.95000 59.37504 0.13320 13
1.10093 0.05291 34.06001 0 -1.57500 -34.87500 22.91762 0.14987 -13
0.90631 -0.24805 95.18297 0 7.47500 -26.60000 71.46723 0.13818 13
-1.69795 0.04587 57.83975 0 -1.40000 51.55000 29.37492 0.19849 13
0.17307 0.02357 78.01277 0 -0.72500 -6.77500 76.87058 0.10223 13
1.03891 0.09309 41.28074 0 -2.82500 -31.00000 28.69140 0.14552 13
-0.98129 -0.06757 71.14291 0 2.05000 30.57500 50.83510 0.14126 -13
2.18369 0.02854 17.33643 0 -0.92500 -58.87500 7.22052 0.24191 13
0.84947 0.06684 83.38909 0 -2.02500 -25.07500 63.61324 0.13231 13
-1.57243 0.08676 65.95576 0 -2.62500 45.10000 35.48791 0.18787 13
1.30152 -0.24111 24.38520 0 7.30000 -41.27500 15.12059 0.16710 -13
-0.00900 -0.14556 55.37080 0 4.37500 4.55000 55.36861 0.10177 13
0.21123 0.03115 4.71558 0 -1.05000 -4.57500 4.61395 0.10301 13
-0.00836 0.06498 93.66171 0 -1.95000 -0.32500 93.65845 0.10092 -13
0.46657 -0.23539 75.12458 0 7.10000 -14.72500 68.40082 0.11361 13
0.17941 -0.13795 9.53476 0 4.22500 -3.20000 9.38774 0.10328 -13
0.23440 -0.03839 23.53656 0 1.17500 -7.02500 22.91626 0.10351 -13
0.91367 -0.13639 10.70251 0 4.05000 -27.60000 7.93398 0.13707 13
0.52727 -0.10900 53.33476 0 3.30000 -18.90000 47.23902 0.11438 -13
0.39407 0.04660 26.46949 0 -1.42500 -13.05000 24.63001 0.10835 13
1.03467 -0.00799 59.95747 0 0.22500 -31.27500 41.66864 0.14490 13
-0.22485 -0.20417 73.47245 0 6.15000 5.27500 71.75201 0.10524 13
1.66721 -0.10599 31.22949 0 3.22500 -51.20000 16.12931 0.19609 -13
0.10521 0.13194 35.16817 0 -4.00000 -4.27500 34.97843 0.10213 13
0.10799 -0.26767 35.16817 0 8.05000 -4.37500 34.97843 0.10480 13
-0.24731 0.00415 25.32087 0 -0.15000 12.52500 24.58028 0.10374 13
1.25171 -0.08761 22.58408 0 2.60000 -39.85000 14.12935 0.16157 13
-0.28907 0.01231 78.33461 0 -0.37500 9.85000 75.25407 0.10484 -13
-1.46349 -0.19331 23.42851 0 5.80000 43.92500 13.38378 0.17951 13
1.85255 0.01549 42.97816 0 -0.50000 -57.40000 20.41726 0.21200 13
-0.90287 -0.00409 5.27901 0 -0.00000 28.80000 3.91830 0.13570 13
-1.63142 -0.17682 99.72129 0 5.32500 48.45000 52.69459 0.19352 13
1.48848 -0.15852 41.76713 0 4.80000 -43.95000 23.49063 0.18130 -13
1.54266 0.10311 60.55138 0 -3.12500 -46.25000 33.05863 0.18544 13
-0.72799 0.14400 82.78122 0 -4.32500 22.20000 67.16204 0.12540 -13
-0.74361 -0.25499 82.78122 0 7.70000 22.67500 67.16204 0.12810 -13
1.08052 -0.05221 26.55390 0 1.60000 -34.52500 18.04899 0.14836 -13
-2.06550 0.12107 70.71040 0 -3.67500 62.42500 30.99531 0.23143 13
-2.12894 -0.27923 70.71040 0 8.40000 64.30000 30.99531 0.23849 13
-0.17112 -0.08342 16.34287 0 2.47500 4.25000 16.11022 0.10251 13
1.24595 -0.05343 21.54424 0 1.65000 -38.90000 13.49661 0.16099 -13
-1.38125 -0.12333 30.06500 0 3.67500 41.20000 17.71731 0.17216 13
-1.96038 0.10054 75.40623 0 -3.02500 57.10000 34.40094 0.22185 -13
1.79686 -0.11272 60.01643 0 3.42500 -53.75000 29.32613 0.20741 -13
1.53056 -0.17720 55.44750 0 5.35000 -46.80000 30.65683 0.18499 -13
-0.47860 -0.04525 80.40117 0 1.37500 15.92500 72.53702 0.11174 -13
-1.94566 -0.22193 3.72776 0 6.97500 59.32500 1.73752 0.22186 -13
-0.63656 -0.18242 86.43553 0 5.50000 18.45000 73.25686 0.12079 -13
0.34378 -0.18187 27.08241 0 5.50000 -9.50000 25.65459 0.10807 -13
-0.51568 0.05189 23.09414 0 -1.55000 14.30000 20.53149 0.11342 -13
0.40102 -0.05377 38.68258 0 1.62500 -12.05000 35.91053 0.10863 -13
-0.23819 0.02278 93.17409 0 -0.67500 5.45000 90.63956 0.10354 -13
0.99007 0.01530 69.04823 0 -0.45000 -29.90000 49.07031 0.14172 -13
0.26852 0.01382 29.32680 0 -0.40000 -7.95000 28.32360 0.10428 -13
-0.74578 -0.11868 64.89743 0 3.57500 22.75000 52.15223 0.12619 13
0.73224 -0.23271 56.65025 0 7.00000 -21.07500 46.12229 0.12698 13
1.44443 -0.03518 54.37692 0 1.07500 -41.62500 30.96508 0.17696 -13
-1.51619 -0.15819 40.05389 0 4.80000 45.82500 22.24273 0.18362 -13
0.51058 -0.08423 34.13277 0 2.55000 -17.35000 30.42185 0.11339 -13
-0.16252 -0.05706 61.02153 0 1.72500 3.60000 60.23372 0.10219 13
0.91925 0.09624 51.20412 0 -2.92500 -28.65000 37.77605 0.13714 13
0.72560 0.02194 51.25891 0 -0.65000 -23.07500 41.49132 0.12444 -13
1.20444 -0.21516 49.57034 0 6.47500 -34.40000 32.08747 0.15911 13
-0.73231 0.10911 99.34273 0 -3.30000 22.12500 80.31509 0.12530 13
-2.00954 0.12983 20.35660 0 -3.97500 59.40000 9.12981 0.22648 13
-2.06390 -0.26989 20.35660 0 8.07500 61.00000 9.12981 0.23247 13
-0.43339 -0.21831 51.83555 0 6.60000 11.57500 47.73289 0.11194 -13
1.85296 -0.10719 4.21543 0 3.50000 -55.07500 2.01034 0.21264 -13
0.67353 0.07842 35.94474 0 -2.35000 -20.92500 29.84166 0.12167 -13
-1.24446 -0.02203 21.28346 0 0.70000 38.07500 13.33380 0.16079 -13
-0.29725 -0.10478 42.86638 0 3.15000 10.62500 41.10770 0.10558 13
-1.79240 0.07786 77.78396 0 -2.32500 55.35000 37.98477 0.20683 -13
-0.51627 0.08140 79.80911 0 -2.45000 15.85000 70.96492 0.11363 13
0.74229 -0.07994 33.21134 0 2.42500 -23.72500 26.69748 0.12568 -13
-0.66699 0.08151 50.20622 0 -2.45000 20.07500 41.81023 0.12132 -13
1.45681 0.02587 93.03006 0 -0.77500 -39.07500 52.66060 0.17797 -13
-1.01435 0.13034 78.65241 0 -3.92500 31.32500 55.45389 0.14403 -13
-1.04168 -0.26931 78.65241 0 8.12500 32.15000 55.45389 0.14793 -13
0.09175 -0.01754 44.78258 0 0.55000 -3.62500 44.59533 0.10114 -13
0.79722 0.10295 15.27281 0 -3.15000 -24.30000 11.96621 0.12923 13
-0.56572 0.06878 97.76322 0 -2.07500 18.20000 85.13928 0.11591 -13
-0.53389 -0.23803 29.20603 0 7.20000 14.75000 25.91818 0.11667 -13
-1.21638 -0.17347 8.65689 0 5.15000 34.92500 5.54598 0.15946 13
1.52297 0.12311 90.84354 0 -3.72500 -44.30000 50.12282 0.18390 13
1.56848 -0.27700 90.84354 0 8.35000 -45.65000 50.12282 0.18937 13
2.12391 -0.21317 5.96029 0 6.22500 -63.62500 2.58583 0.23705 13
-1.52450 -0.14275 31.84202 0 4.27500 44.62500 17.58883 0.18414 13
-0.10680 0.06165 3.00010 0 -2.02500 3.97500 2.98322 0.10157 13
-1.12352 0.01958 5.66992 0 -0.72500 34.82500 3.76993 0.15153 13
-0.64320 -0.08125 52.73773 0 2.45000 20.45000 44.39763 0.12002 -13
-0.38651 -0.11539 94.87932 0 3.47500 9.77500 88.57373 0.10859 -13
0.38224 0.03347 64.10227 0 -1.02500 -11.15000 59.88130 0.10786 13
0.97348 -0.04375 82.35437 0 1.32500 -32.45000 59.03799 0.14061 -13
0.51145 0.12587 19.51496 0 -3.82500 -15.87500 17.40245 0.11383 13
0.52618 -0.27414 19.51496 0 8.25000 -16.30000 17.40245 0.11706 13
0.23518 -0.06468 91.55665 0 1.95000 -2.92500 89.13470 0.10365 13
-0.02778 -0.08982 10.14607 0 2.65000 2.30000 10.14218 0.10114 13
0.44584 0.01809 41.35295 0 -0.52500 -15.32500 37.77031 0.11028 -13
0.80825 -0.14926 13.32954 0 4.45000 -27.12500 10.41162 0.13033 13
0.71491 -0.01765 38.31847 0 0.52500 -20.62500 31.17344 0.12380 13
-0.26224 0.06720 15.24073 0 -2.05000 9.70000 14.74446 0.10434 13
-0.25671 0.05817 53.12287 0 -1.77500 10.00000 51.45987 0.10413 13
-1.05558 -0.15402 80.60314 0 4.65000 32.00000 55.77571 0.14725 -13
1.90304 -0.11724 21.21769 0 3.47500 -59.52500 9.92286 0.21677 13
-0.58478 0.01956 12.63454 0 -0.62500 17.45000 10.90677 0.11669 13
-0.28165 -0.16366 26.88734 0 4.92500 8.80000 25.90544 0.10590 13
0.67360 -0.08742 88.83296 0 2.65000 -20.10000 73.76389 0.12174 -13
-0.72440 -0.06366 7.40688 0 2.00000 23.50000 6.00242 0.12455 -13
-0.60800 0.08504 85.29810 0 -2.55000 19.22500 72.95428 0.11817 -13
0.23475 0.07667 83.08891 0 -2.32500 -6.72500 80.90236 0.10373 13
0.62901 -0.05865 51.43994 0 1.75000 -19.25000 43.56379 0.11911 13
0.68242 -0.22473 89.16100 0 6.77500 -21.72500 74.21569 0.12401 -13
-0.25912 -0.24076 20.55160 0 7.27500 6.05000 19.92905 0.10684 -13
0.20833 -0.13370 2.95282 0 4.20000 -6.20000 2.89200 0.10388 -13
1.24202 0.13604 24.41120 0 -4.07500 -36.80000 15.39403 0.16114 -13
1.27271 -0.26330 24.41120 0 7.97500 -37.72500 15.39403 0.16518 -13
-0.66718 -0.17687 57.59592 0 5.35000 21.55000 48.13699 0.12237 -13
-0.50763 -0.03650 84.28247 0 1.10000 14.55000 75.16421 0.11299 13
-1.47091 -0.10975 69.85738 0 3.30000 43.72500 39.43654 0.17945 13
-1.03925 -0.22291 61.61980 0 6.72500 32.67500 43.26007 0.14698 -13
0.63638 0.11988 15.34917 0 -3.57500 -21.55000 12.97639 0.11995 -13
0.65622 -0.28033 15.34917 0 8.50000 -22.15000 12.97639 0.12369 -13
-0.19855 -0.23561 34.90238 0 7.10000 3.77500 34.26826 0.10536 13
0.40351 -0.09109 81.13323 0 2.75000 -9.80000 75.28219 0.10898 13
0.24596 -0.18971 60.46574 0 5.72500 -5.50000 58.77401 0.10545 -13
-0.74528 0.10570 17.64881 0 -3.15000 20.75000 14.17863 0.12603 -13
0.02587 -0.21079 28.59853 0 6.35000 -1.35000 28.58938 0.10294 13
-0.65723 -0.11558 69.35030 0 3.50000 18.65000 58.06996 0.12107 -13
0.07407 0.11468 26.01531 0 -3.47500 -2.07500 25.94515 0.10164 13
-1.08311 -0.01038 86.46507 0 0.32500 32.65000 58.65583 0.14845 -13
0.11433 -0.10575 96.88908 0 3.20000 -4.70000 96.26887 0.10192 -13
0.49439 0.10288 3.61676 0 -3.25000 -15.57500 3.24582 0.11291 13
-0.87916 0.13750 45.68157 0 -4.12500 24.92500 34.44676 0.13480 -13
-0.90030 -0.26180 45.68157 0 7.90000 25.57500 34.44676 0.13806 -13
-0.20996 -0.24556 72.27040 0 7.40000 8.97500 70.81321 0.10582 13
-0.70977 0.06659 83.88285 0 -2.00000 20.70000 68.45428 0.12367 -13
-0.08352 0.04784 87.14944 0 -1.45000 2.40000 86.84771 0.10117 13
-0.52165 -0.06889 30.39615 0 2.05000 14.20000 26.96335 0.11379 13
-0.62729 -0.23002 97.73797 0 6.92500 17.35000 83.39044 0.12111 13
0.29156 0.04574 8.76439 0 -1.45000 -7.50000 8.41465 0.10502 13
1.79425 0.03886 22.61556 0 -1.22500 -54.65000 11.01666 0.20690 13
-0.01477 0.03086 9.55111 0 -0.87500 1.90000 9.55006 0.10076 -13
0.40057 -0.03042 7.50956 0 0.85000 -12.40000 6.97171 0.10853 13
-0.15891 -0.24101 31.67361 0 7.25000 3.20000 31.30240 0.10480 13
-1.34684 0.08318 87.86028 0 -2.50000 39.50000 52.49303 0.16914 -13
-0.37668 0.01051 90.25922 0 -0.30000 10.40000 84.46617 0.10761 -13
-0.77546 -0.02528 24.86027 0 0.75000 22.10000 19.64756 0.12746 13
0.45015 0.08516 1.82447 0 -2.27500 -13.82500 1.66498 0.11085 -13
-0.61927 -0.00355 26.10720 0 0.07500 19.82500 22.19596 0.11845 13
1.29672 -0.24146 52.81201 0 7.27500 -41.65000 32.82314 0.16667 13
-0.81902 -0.19955 70.12531 0 6.02500 26.15000 54.67342 0.13172 -13
-0.83212 0.06248 35.54389 0 -1.90000 26.37500 27.34376 0.13116 13
-0.98808 -0.21324 18.92479 0 6.40000 29.20000 13.60750 0.14317 13
-1.85782 -0.08759 57.94368 0 2.65000 52.55000 27.54430 0.21267 -13
0.05574 -0.08653 68.97943 0 2.62500 -1.57500 68.87333 0.10124 -13
1.75092 -0.19283 9.68059 0 5.92500 -54.00000 4.86771 0.20410 -13
-0.50858 -0.24309 67.14400 0 7.35000 13.97500 60.19447 0.11561 -13
0.16162 -0.17456 14.17617 0 5.30000 -7.02500 13.99983 0.10354 -13
-0.92272 -0.04695 34.19065 0 1.40000 28.35000 25.14044 0.13710 13
-1.53034 -0.13826 43.93369 0 4.15000 46.12500 24.19211 0.18460 13
-1.70891 -0.23243 74.05665 0 7.02500 54.97500 38.13883 0.20078 -13
-0.94870 -0.01287 60.26578 0 0.37500 29.45000 43.72286 0.13882 13
-1.95606 -0.02942 43.16349 0 0.92500 57.85000 19.65518 0.22125 -13
2.15735 0.08871 16.49014 0 -2.75000 -63.90000 6.95684 0.23969 13
0.85811 -0.19480 4.82996 0 6.02500 -26.32500 3.69434 0.13429 -13
-1.18890 -0.08009 8.59740 0 2.50000 37.07500 5.54470 0.15669 -13
0.29571 0.13456 52.85485 0 -4.07500 -8.97500 50.72154 0.10589 13
0.30318 -0.26490 52.85485 0 7.97500 -9.20000 50.72154 0.10855 13
-0.48412 -0.06485 56.12984 0 1.95000 15.70000 50.54095 0.11208 13
-0.31394 -0.00679 44.35562 0 0.20000 9.20000 42.31938 0.10555 13
-0.40024 0.03522 47.21561 0 -1.07500 10.67500 43.83868 0.10853 13
0.86410 -0.01365 88.05523 0 0.42500 -25.40000 66.62985 0.13310 -13
-1.33335 0.05288 65.01494 0 -1.57500 40.52500 39.04310 0.16792 -13
0.76386 0.06956 40.05875 0 -2.07500 -21.80000 31.86228 0.12691 -13
-1.09338 0.08145 2.62975 0 -2.17500 29.47500 1.77762 0.14948 -13
0.01389 -0.10487 3.72563 0 3.02500 -0.07500 3.72527 0.10126 13
0.02439 -0.05749 20.71056 0 1.75000 -1.55000 20.70443 0.10090 -13
-0.57588 -0.14738 70.27142 0 4.45000 16.70000 61.05740 0.11716 -13
0.19748 0.07116 88.17791 0 -2.15000 -6.90000 86.51538 0.10290 -13
-1.41273 -0.24967 95.01767 0 7.52500 42.95000 56.00285 0.17609 13
0.55559 -0.20170 96.63367 0 6.10000 -17.47500 84.86423 0.11698 -13
0.79179 0.08670 50.56859 0 -2.60000 -22.35000 39.70285 0.12874 -13
1.15189 -0.00627 52.39653 0 0.17500 -36.32500 34.34988 0.15361 13
0.76581 0.02599 68.99305 0 -0.77500 -22.27500 54.78245 0.12687 -13
-0.35763 -0.12448 31.78656 0 3.77500 11.02500 29.95580 0.10769 -13
0.40406 -0.17922 13.24062 0 5.37500 -10.00000 12.30351 0.11008 13
1.22213 0.07440 66.65017 0 -2.22500 -35.72500 42.27764 0.15919 -13
-0.98076 0.08912 95.00305 0 -2.67500 30.62500 67.95819 0.14133 -13
0.47105 -0.09281 4.44340 0 2.92500 -12.67500 4.02290 0.11178 -13
0.00223 -0.20026 75.33286 0 6.05000 -3.25000 75.33269 0.10271 -13
1.79823 0.08699 45.38760 0 -2.65000 -55.72500 22.12201 0.20740 13
0.48459 0.00786 3.46606 0 -0.40000 -11.32500 3.11896 0.11197 13
0.01520 -0.11129 96.76250 0 3.35000 -0.87500 96.75145 0.10134 -13
0.48140 -0.08234 54.74669 0 2.50000 -14.20000 49.36003 0.11207 -13
-0.77861 0.02675 50.25145 0 -0.80000 22.35000 39.65571 0.12765 -13
-0.13748 -0.12748 56.20409 0 3.85000 2.37500 55.68870 0.10246 -13
1.82855 -0.16077 78.19017 0 4.87500 -56.02500 37.88555 0.21052 -13
-1.22347 -0.08171 41.79561 0 2.45000 36.85000 26.50259 0.15934 13
0.14462 -0.06676 40.15145 0 2.00000 -4.02500 39.73979 0.10198 13
-1.96715 0.04589 28.46664 0 -1.42500 60.35000 12.91034 0.22229 13
-0.38732 -0.00704 89.83478 0 0.22500 12.05000 83.77085 0.10800 -13
0.43726 -0.20793 92.96296 0 6.27500 -13.45000 85.46109 0.11189 13
-1.35670 -0.13624 83.07773 0 4.12500 38.75000 49.58514 0.17029 -13
-0.00372 -0.07411 43.29088 0 2.22500 2.42500 43.29058 0.10098 13
1.66310 0.06771 3.16568 0 -1.85000 -49.52500 1.63314 0.19568 -13
0.25460 -0.23597 67.77550 0 7.10000 -7.30000 65.78592 0.10659 13
1.24828 0.11579 88.03647 0 -3.47500 -39.70000 55.26518 0.16149 -13
-0.52605 -0.16874 83.65041 0 5.07500 15.95000 74.25489 0.11505 13
1.01635 0.04329 61.29739 0 -1.30000 -29.42500 43.01156 0.14365 -13
0.46403 0.07825 59.81166 0 -2.37500 -14.97500 54.28426 0.11130 13
0.30165 -0.16910 77.46321 0 5.10000 -9.82500 74.24877 0.10656 -13
1.51693 -0.10076 1.07112 0 2.20000 -42.37500 0.59177 0.18368 13
0.45909 -0.18472 76.28548 0 5.57500 -15.15000 69.52864 0.11237 -13
-0.86061 -0.10643 47.89102 0 3.22500 25.15000 36.38544 0.13330 -13
1.20596 0.04901 11.16009 0 -1.55000 -38.87500 7.12914 0.15785 13
-0.29799 0.11452 77.73632 0 -3.45000 9.72500 74.53822 0.10571 13
1.86215 0.01371 79.77493 0 -0.42500 -57.60000 37.74562 0.21286 13
1.22277 -0.16431 82.25573 0 4.97500 -34.85000 52.48885 0.15993 -13
-1.14585 0.14798 30.13387 0 -4.45000 34.10000 19.93523 0.15387 -13
-1.16860 -0.25083 30.13387 0 7.60000 34.80000 19.93523 0.15697 -13
0.36451 0.09812 31.76148 0 -2.97500 -11.72500 29.85752 0.10765 13
-0.48978 -0.02513 92.55972 0 0.77500 14.80000 83.12977 0.11217 -13
0.08296 -0.16705 44.53432 0 5.05000 -5.20000 44.38601 0.10245 -13
-0.38767 0.04288 59.77784 0 -1.27500 11.45000 55.74279 0.10809 -13
0.84263 0.07074 40.11742 0 -2.15000 -24.02500 30.70996 0.13188 13
1.34471 -0.11848 47.59629 0 3.60000 -39.25000 28.53017 0.16919 -13
0.47437 0.04813 31.49581 0 -1.47500 -12.95000 28.46227 0.11157 13
-0.27131 0.14520 71.24592 0 -4.37500 9.12500 68.80861 0.10537 13
-0.27700 -0.25376 71.24592 0 7.65000 9.30000 68.80861 0.10757 13
-1.66661 -0.13283 60.58551 0 4.00000 50.32500 31.37290 0.19617 13
-1.45203 -0.12665 22.28689 0 3.77500 41.95000 12.70962 0.17797 13
1.31496 0.08472 30.48348 0 -2.57500 -39.40000 18.49447 0.16659 13
-1.54924 0.08467 53.13655 0 -2.57500 48.05000 28.88962 0.18590 13
1.06988 -0.18637 25.51549 0 5.60000 -30.27500 17.58086 0.14864 13
0.69425 -0.16842 89.15173 0 5.07500 -21.42500 73.56360 0.12375 13
0.59756 -0.02337 37.92433 0 0.72500 -18.80000 32.55716 0.11734 -13
-0.36107 -0.23503 62.36714 0 7.07500 10.12500 58.83837 0.10964 13
-0.53333 -0.23241 49.61526 0 7.02500 17.32500 44.02851 0.11652 -13
0.90560 -0.11549 29.37267 0 3.45000 -25.97500 21.83699 0.13634 13
-0.93038 -0.01365 43.23834 0 0.42500 31.35000 31.65767 0.13756 -13
-0.21267 -0.15660 43.74818 0 4.72500 4.72500 42.81336 0.10416 -13
-0.66587 -0.16183 32.99845 0 4.87500 24.05000 27.57471 0.12207 13
-0.48979 0.05833 73.23355 0 -1.77500 15.65000 65.79041 0.11229 13
1.53098 -0.03238 45.01485 0 1.00000 -48.75000 24.62735 0.18417 -13
-0.08670 0.09868 82.35015 0 -2.97500 1.95000 82.04529 0.10157 -13
0.02564 -0.02454 56.27495 0 0.75000 1.70000 56.25647 0.10077 -13
0.75431 -0.07685 2.09549 0 2.02500 -22.50000 1.67482 0.12645 13
-0.75383 -0.07062 88.46610 0 2.15000 21.07500 70.70604 0.12631 -13
1.37249 -0.00314 45.23407 0 0.12500 -40.72500 26.63655 0.17102 -13
-0.19625 -0.18540 98.79726 0 5.60000 4.95000 97.00777 0.10430 13
-1.13274 0.07888 74.42703 0 -2.37500 36.05000 49.34325 0.15237 -13
-0.09800 -0.04905 28.88739 0 1.47500 1.37500 28.74997 0.10130 13
-1.98673 -0.02236 55.99236 0 0.70000 61.40000 25.17868 0.22400 -13
0.60028 0.08937 76.97556 0 -2.70000 -19.82500 66.06776 0.11780 -13
-0.13254 0.00358 88.79376 0 -0.12500 4.45000 88.02410 0.10158 13
1.09778 -0.85404 88.79376 0 -0.10000 4.42500 88.02410 0.10163 13
-0.84079 1.38832 88.79376 0 0.90000 2.15000 88.02410 0.11486 13
-0.21784 0.03468 88.79376 0 0.97500 0.82500 88.02410 0.12851 13
0.09537 0.29492 88.79376 0 1.57500 1.30000 88.02410 0.13500 13
0.24478 -0.14122 59.11073 0 4.27500 -9.10000 57.44742 0.10465 -13
1.80394 0.06375 63.68098 0 -1.95000 -55.02500 30.92292 0.20781 13
-1.69673 0.07349 32.92830 0 -2.25000 50.87500 16.75289 0.19848 13
0.78571 -0.16993 7.80817 0 5.20000 -23.15000 6.17270 0.12928 -13
-0.09613 -0.15100 80.26741 0 4.55000 2.97500 79.90719 0.10230 13
0.73273 -0.18069 73.75247 0 5.45000 -21.42500 59.82265 0.12616 13
-0.48870 0.08002 83.56787 0 -2.42500 16.55000 75.12784 0.11238 13
0.99960 0.13317 83.87316 0 -4.02500 -30.42500 59.57968 0.14302 13
1.02541 -0.26637 83.87316 0 8.02500 -31.20000 59.57968 0.14670 13
0.23270 0.10401 9.72631 0 -3.20000 -7.35000 9.47587 0.10395 13
0.32958 -0.00893 95.54826 0 0.27500 -9.97500 90.74705 0.10604 13
-0.04853 -0.15973 10.74644 0 4.77500 1.07500 10.73414 0.10208 13
1.36103 0.04565 96.30777 0 -1.37500 -42.27500 57.06223 0.17015 13
0.59618 -0.04872 65.36970 0 1.47500 -16.87500 56.16561 0.11735 -13
0.43909 0.03778 58.25235 0 -1.12500 -13.20000 53.34357 0.11004 -13
-0.22609 -0.03986 13.27393 0 1.17500 7.60000 12.94761 0.10332 13
0.89689 -0.05142 64.95527 0 1.55000 -29.70000 48.38463 0.13537 -13
0.70301 -0.10240 47.64104 0 3.10000 -20.10000 39.04063 0.12354 -13
-1.56600 -0.17288 90.46908 0 5.20000 45.97500 49.19910 0.18791 13
-1.15433 -0.18221 91.78703 0 5.50000 36.15000 60.65901 0.15490 -13
0.39343 -0.11591 74.49627 0 3.50000 -11.15000 69.38561 0.10885 -13
0.94620 -0.09764 39.92219 0 2.92500 -30.50000 29.06323 0.13898 13
1.87655 -0.00799 80.78316 0 0.25000 -60.62500 37.99228 0.21415 -13
-0.83792 0.09507 79.59100 0 -2.85000 27.60000 61.11884 0.13173 -13
0.63865 -0.15426 59.18913 0 4.65000 -17.87500 50.05288 0.12048 13
-0.22008 -0.14046 2.66144 0 4.05000 6.87500 2.60045 0.10407 13
-0.56702 -0.24399 97.10066 0 7.35000 19.02500 85.04959 0.11834 13
-0.42190 -0.04643 13.14640 0 1.35000 11.12500 12.11441 0.10940 13
1.08187 -0.02500 82.50383 0 0.77500 -32.85000 56.01053 0.14838 -13
-0.13356 -0.13630 41.20343 0 4.12500 1.82500 40.84746 0.10252 -13
0.85984 -0.15073 32.38129 0 4.52500 -25.52500 24.66932 0.13367 13
0.50505 -0.24143 49.60158 0 7.27500 -16.02500 44.52513 0.11540 13
2.15591 -0.00521 36.64349 0 0.20000 -64.05000 15.41924 0.23932 -13
0.79325 -0.14965 20.18146 0 4.55000 -24.15000 15.87848 0.12944 -13
0.18888 0.14049 18.02612 0 -4.27500 -5.17500 17.71763 0.10348 13
0.19316 -0.25871 18.02612 0 7.77500 -5.30000 17.71763 0.10580 13
0.37395 0.12944 76.60534 0 -3.90000 -12.80000 71.82501 0.10830 13
0.38417 -0.27030 76.60534 0 8.15000 -13.12500 71.82501 0.11125 13
0.89952 0.11062 15.23671 0 -3.37500 -28.05000 11.35851 0.13594 13
0.30815 0.06134 41.37804 0 -1.85000 -8.52500 39.54954 0.10556 -13
0.17712 0.06301 62.42434 0 -1.90000 -2.42500 61.47132 0.10247 13
-0.42425 0.00723 16.60882 0 -0.25000 13.40000 15.28977 0.10940 13
-1.03566 -0.08713 14.52033 0 2.57500 32.47500 10.10522 0.14523 13
0.34379 0.11386 48.65351 0 -3.42500 -10.27500 46.04195 0.10710 -13
-0.02109 -0.19428 23.24314 0 5.82500 1.05000 23.23815 0.10259 13
-0.58356 0.12417 34.94635 0 -3.75000 17.00000 30.24119 0.11727 13
-0.60076 -0.27587 34.94635 0 8.30000 17.52500 30.24119 0.12070 13
0.33387 -0.02006 3.21196 0 0.77500 -7.67500 3.04671 0.10625 -13
-0.85844 -0.20794 70.99464 0 6.25000 25.17500 54.34851 0.13435 13
-1.14329 -0.14606 50.82176 0 4.40000 33.32500 33.65927 0.15365 13
-0.86734 -0.14375 46.88944 0 4.32500 25.27500 35.57755 0.13408 13
-1.26099 -0.15622 9.42520 0 4.62500 39.55000 5.89975 0.16277 13
-0.08592 0.12464 64.99110 0 -3.75000 1.80000 64.75619 0.10185 -13
-0.08842 -0.27534 64.99110 0 8.32500 1.87500 64.75619 0.10484 -13
-1.41305 -0.08005 49.19129 0 2.40000 43.97500 28.47678 0.17450 13
0.58219 0.03047 70.77242 0 -0.92500 -16.47500 61.16906 0.11656 13
-1.33732 0.02768 15.54341 0 -0.87500 40.42500 9.31068 0.16819 13
-0.51060 -0.19782 51.67622 0 5.97500 13.47500 46.20418 0.11482 -13
-0.85119 0.07940 73.28208 0 -2.37500 27.60000 55.87744 0.13249 -13
0.11383 0.09900 38.73224 0 -3.00000 -4.12500 38.48612 0.10185 13
1.07593 0.05242 70.09837 0 -1.60000 -33.40000 47.75717 0.14802 13
1.17181 -0.18537 63.99582 0 5.60000 -32.92500 41.94721 0.15626 -13
0.40575 -0.14489 37.96379 0 4.37500 -11.42500 35.22941 0.10966 -13
0.10405 0.11545 23.66272 0 -3.45000 -1.05000 23.53727 0.10191 -13
-1.22101 -0.13374 87.88271 0 4.02500 35.12500 55.97900 0.15950 13
-0.37454 -0.19950 52.19774 0 6.02500 9.72500 48.99710 0.10940 -13
0.27678 0.12735 92.14382 0 -3.82500 -8.50000 88.85547 0.10527 -13
0.28457 -0.27248 92.14382 0 8.22500 -8.72500 88.85547 0.10824 -13
0.28909 -0.20138 52.51030 0 6.07500 -10.52500 50.52048 0.10678 -13
-0.65065 -0.24200 96.07138 0 7.30000 19.52500 81.19710 0.12258 13
0.12895 -0.03080 87.12453 0 0.92500 -6.45000 86.40975 0.10159 -13
-0.02635 -0.10868 76.83180 0 3.27500 -2.00000 76.80544 0.10133 -13
0.79258 0.01409 38.90446 0 -0.45000 -24.27500 30.49043 0.12851 13
-0.60985 -0.10471 11.95824 0 3.10000 17.02500 10.22444 0.11840 13
-1.29375 -0.04202 64.24061 0 1.27500 38.55000 39.30845 0.16472 -13
-0.95808 0.06783 82.13408 0 -2.05000 28.00000 59.37262 0.13963 -13
1.29860 -0.21091 99.95118 0 6.35000 -38.90000 61.81510 0.16641 13
-1.04908 -0.03657 56.84457 0 1.10000 29.15000 39.23467 0.14600 13
-0.04903 0.10227 31.55758 0 -3.07500 0.92500 31.52012 0.10135 -13
-1.62082 -0.00188 84.57984 0 0.05000 49.25000 44.41059 0.19179 13
0.38241 -0.13675 97.71161 0 4.12500 -12.27500 91.37320 0.10870 -13
-1.01385 0.03424 9.99015 0 -0.95000 31.47500 7.01753 0.14344 -13
-0.21814 -0.04690 21.40081 0 1.40000 8.32500 20.91004 0.10318 13
-0.46167 0.07155 38.63044 0 -2.15000 16.60000 35.08894 0.11115 -13
0.89294 -0.21399 21.23986 0 6.42500 -26.70000 15.99916 0.13668 13
-1.66211 -0.18721 40.11341 0 5.62500 50.65000 20.94190 0.19622 13
0.03407 0.00924 94.63642 0 -0.27500 -3.05000 94.58154 0.10076 -13
0.57904 -0.06925 64.65616 0 2.07500 -16.40000 55.98637 0.11657 13
-0.33685 0.14738 21.53166 0 -4.47500 8.07500 20.42714 0.10731 13
-0.34361 -0.25151 21.53166 0 7.55000 8.30000 20.42714 0.10943 13
-0.48098 -0.15158 35.87692 0 4.60000 14.22500 32.39972 0.11279 -13
-1.95059 -0.02054 11.00594 0 0.72500 56.67500 5.02129 0.22080 -13
-1.34823 -0.07446 94.74091 0 2.25000 40.17500 56.54109 0.16921 -13
-1.39029 0.00447 24.07326 0 -0.17500 42.47500 14.05698 0.17246 13
0.23857 -0.13776 13.46412 0 4.20000 -6.95000 13.10317 0.10448 -13
0.29534 0.03794 63.51027 0 -1.15000 -7.75000 60.91271 0.10507 13
-0.16617 -0.10805 60.74146 0 3.27500 6.30000 59.92917 0.10267 -13
-0.27989 0.03719 82.53626 0 -1.12500 8.47500 79.48586 0.10464 -13
0.65022 0.11780 45.93848 0 -3.57500 -19.80000 38.59174 0.12071 13
1.79637 0.01257 74.94290 0 -0.40000 -55.02500 36.45404 0.20705 13
0.16942 -0.09488 50.85126 0 2.85000 -5.57500 50.14296 0.10258 13
-0.24051 -0.04118 2.25378 0 1.02500 7.30000 2.19141 0.10375 13
1.12454 -0.11838 83.07374 0 3.57500 -34.37500 55.41742 0.15201 13
0.32289 -0.23307 27.61235 0 7.05000 -9.50000 26.34069 0.10841 -13
-0.12500 -0.00565 17.14789 0 0.15000 1.17500 17.01549 0.10149 13
