1.13179 -0.05990 49.56812 0 1.80000 -37.10000 32.85326 0.15221 13
0.16946 0.12745 30.94871 0 -3.82500 -6.40000 30.52050 0.10294 -13
0.17423 -0.27235 30.94871 0 8.22500 -6.52500 30.52050 0.10585 -13
1.22281 -0.04670 84.97124 0 1.40000 -39.25000 53.82660 0.15914 13
1.51117 -0.12265 17.10517 0 3.65000 -46.47500 9.48839 0.18286 13
-1.67724 -0.09654 18.31671 0 2.97500 49.35000 9.41202 0.19692 -13
0.47048 -0.06405 65.60423 0 1.92500 -17.02500 59.38457 0.11148 13
-0.79520 -0.23932 13.08449 0 7.27500 22.60000 10.35048 0.13095 -13
1.96239 -0.06808 64.61262 0 2.02500 -57.05000 29.39114 0.22189 13
-0.17792 0.00454 44.46972 0 -0.15000 8.17500 43.78225 0.10228 13
0.03113 -0.17626 72.76642 0 5.32500 -1.75000 72.73224 0.10230 -13
0.82684 -0.13362 24.76453 0 4.00000 -23.45000 19.15392 0.13135 13
-0.15821 0.13053 28.55240 0 -3.95000 5.27500 28.20739 0.10281 13
-0.16245 -0.26917 28.55240 0 8.10000 5.40000 28.20739 0.10555 13
-0.68960 -0.19041 22.74150 0 5.72500 21.32500 18.82827 0.12380 13
-0.21030 0.09086 79.21532 0 -2.75000 6.60000 77.53316 0.10331 13
-0.03884 0.06369 73.43065 0 -1.92500 -1.67500 73.37552 0.10098 -13
0.53206 -0.07438 2.14994 0 1.97500 -15.92500 1.89898 0.11440 13
-0.77941 -0.24405 37.56509 0 7.37500 24.80000 29.94834 0.13004 -13
1.49012 0.01081 54.56651 0 -0.30000 -44.80000 30.40779 0.18072 -13
-1.58928 -0.02666 52.53082 0 0.77500 47.77500 27.98320 0.18911 13
0.36860 -0.18091 8.73208 0 5.40000 -11.65000 8.20886 0.10883 13
-0.24712 0.00437 64.41436 0 -0.12500 8.27500 62.53330 0.10373 -13
-1.33011 0.02881 28.59738 0 -0.90000 39.10000 17.18949 0.16761 13
0.34399 0.09396 81.77036 0 -2.82500 -10.50000 77.35898 0.10691 -13
1.42618 -0.13664 68.94375 0 4.12500 -42.85000 39.82609 0.17597 -13
-0.21069 -0.09736 68.07095 0 2.92500 4.30000 66.62190 0.10338 13
-2.18309 0.06660 75.87652 0 -2.02500 62.50000 31.65659 0.24192 13
-0.32645 0.14227 63.69934 0 -4.30000 9.02500 60.61197 0.10690 13
-0.33369 -0.25683 63.69934 0 7.75000 9.25000 60.61197 0.10926 13
1.01213 -0.19764 33.09356 0 5.97500 -31.57500 23.48368 0.14468 -13
-0.28702 -0.02542 69.84933 0 0.77500 7.27500 67.14024 0.10480 -13
0.22506 0.14620 41.80141 0 -4.40000 -6.85000 40.80187 0.10426 -13
0.22970 -0.25269 41.80141 0 7.62500 -7.00000 40.80187 0.10642 -13
0.92365 -0.16366 54.84095 0 4.95000 -24.62500 40.52976 0.13808 -13
1.45315 0.08926 53.11936 0 -2.67500 -43.60000 30.19369 0.17776 -13
-0.07711 -0.10868 84.70916 0 3.27500 1.07500 84.46137 0.10160 -13
0.01830 -0.16289 11.48113 0 4.95000 -0.35000 11.47926 0.10207 -13
0.99421 0.02938 95.27394 0 -0.87500 -28.60000 67.57853 0.14203 -13
0.71631 -0.08582 89.23936 0 2.60000 -19.47500 72.63801 0.12418 -13
-1.52313 -0.21785 22.96953 0 6.60000 46.62500 12.81079 0.18484 -13
-1.54234 0.10837 12.09586 0 -3.35000 48.50000 6.60751 0.18549 13
0.81083 -0.06893 83.17343 0 2.10000 -25.80000 64.66565 0.12984 -13
-1.34900 -0.00624 54.53510 0 0.17500 41.10000 32.47673 0.16911 13
-0.50609 -0.05240 20.47328 0 1.55000 14.52500 18.27242 0.11298 13
1.43865 -0.04724 62.64955 0 1.45000 -41.62500 35.78494 0.17650 -13
0.35145 -0.12700 10.81937 0 3.77500 -9.85000 10.21624 0.10748 13
1.88708 0.05812 26.97501 0 -1.72500 -56.12500 12.64752 0.21514 -13
0.47816 -0.17955 46.69044 0 5.40000 -15.50000 42.24544 0.11307 13
0.19507 -0.18499 54.51959 0 5.60000 -6.22500 53.54264 0.10428 -13
-0.05307 0.12175 46.16898 0 -3.67500 4.90000 46.10501 0.10159 13
-0.05469 -0.27845 46.16898 0 8.40000 4.95000 46.10501 0.10467 13
-0.36315 -0.00497 45.72788 0 0.15000 14.35000 42.98159 0.10714 13
2.02943 -0.05183 3.82463 0 1.25000 -60.77500 1.69216 0.22790 13
0.36090 0.11845 89.38567 0 -3.57500 -9.75000 84.14474 0.10773 13
0.37237 -0.28196 89.38567 0 8.50000 -10.07500 84.14474 0.11107 13
-0.65685 0.12104 82.68316 0 -3.65000 18.87500 69.25891 0.12110 -13
-0.67701 -0.27917 82.68316 0 8.42500 19.50000 69.25891 0.12483 -13
-0.24814 0.05304 45.01768 0 -1.60000 9.02500 43.69610 0.10390 13
0.17941 -0.13436 20.80248 0 4.07500 -4.52500 20.48117 0.10321 -13
-0.40849 -0.18202 70.04407 0 5.47500 11.35000 64.99138 0.11031 13
-0.51419 0.28978 70.04407 0 5.10000 11.65000 64.99138 0.11256 13
0.69292 -0.21632 70.04407 0 5.97500 12.62500 64.99138 0.12033 13
-0.76761 -0.23572 57.82455 0 7.10000 21.90000 46.32343 0.12914 13
0.53739 -0.15755 34.00383 0 4.72500 -16.57500 30.03481 0.11541 13
0.74732 0.09654 73.05151 0 -2.92500 -23.57500 58.61381 0.12609 13
-0.00017 0.07998 6.46730 0 -2.50000 -0.97500 6.46730 0.10106 13
1.93262 -0.10365 66.70500 0 3.15000 -58.95000 30.78406 0.21939 -13
0.75834 -0.10669 24.52344 0 3.20000 -23.50000 19.57994 0.12683 13
-1.98509 -0.09279 14.99073 0 2.87500 60.90000 6.76827 0.22406 -13
-1.18106 -0.13044 36.15969 0 3.95000 37.97500 23.48072 0.15641 -13
0.51629 -0.04867 85.65786 0 1.45000 -14.85000 76.13114 0.11344 13
-1.44168 -0.06150 67.61376 0 1.87500 45.00000 38.58531 0.17681 -13
-0.29598 0.06420 9.50664 0 -2.00000 8.10000 9.11731 0.10524 13
1.60754 -0.01222 32.22454 0 0.35000 -45.97500 17.02156 0.19066 13
-0.71753 -0.16709 27.84051 0 5.05000 20.27500 22.72496 0.12510 -13
0.35654 0.10212 66.67273 0 -3.07500 -9.70000 62.83707 0.10740 -13
0.65400 -0.17317 75.33192 0 5.22500 -22.02500 63.32269 0.12159 -13
0.96226 0.04669 65.68887 0 -1.42500 -29.90000 47.35850 0.13984 13
-0.18582 -0.13274 64.95981 0 4.00000 3.77500 63.88508 0.10330 -13
0.08896 -0.19687 82.43559 0 5.95000 -3.95000 82.12333 0.10303 -13
0.16248 0.00121 23.12222 0 -0.05000 -3.72500 22.82295 0.10202 13
1.14114 -0.19119 79.74974 0 5.75000 -33.90000 53.09275 0.15399 13
1.18535 -0.14563 78.82418 0 4.37500 -34.47500 51.13848 0.15685 13
-0.45248 -0.20585 42.32721 0 6.22500 13.57500 38.69710 0.11247 -13
0.97799 -0.22439 48.38237 0 6.75000 -29.62500 35.00248 0.14265 13
0.51957 -0.23497 86.53791 0 7.10000 -17.92500 77.22292 0.11593 -13
1.88894 -0.20334 30.87630 0 6.10000 -57.37500 14.67567 0.21616 13
-0.26737 0.14892 57.33799 0 -4.47500 6.95000 55.43218 0.10531 -13
-0.27258 -0.24985 57.33799 0 7.55000 7.10000 55.43218 0.10738 -13
-0.18497 -0.04630 89.62259 0 1.40000 6.67500 88.13085 0.10252 -13
-1.48183 -0.14876 73.25643 0 4.47500 45.80000 41.28638 0.18064 13
-0.27043 -0.09348 74.67462 0 2.82500 7.35000 72.10661 0.10474 13
1.36359 -0.01898 5.77067 0 0.42500 -40.80000 3.41313 0.17031 13
-1.20165 -0.23645 47.78023 0 7.12500 38.32500 31.05326 0.15920 13
-1.35785 0.07284 88.91637 0 -2.20000 41.85000 52.81827 0.16998 13
-0.50207 -0.10319 79.06232 0 3.10000 15.95000 70.73210 0.11316 13
-1.85438 0.07433 86.54059 0 -2.22500 56.10000 41.16445 0.21229 -13
-0.09918 -0.07377 28.72682 0 2.20000 4.10000 28.58735 0.10146 13
-0.40365 -0.16085 58.71750 0 4.85000 13.45000 54.54420 0.10980 13
-0.34605 -0.01112 26.76881 0 0.35000 7.47500 25.29708 0.10657 -13
-0.81489 0.09525 57.63514 0 -2.87500 20.62500 44.76015 0.13026 13
1.69750 -0.14015 61.61636 0 4.25000 -49.65000 31.50149 0.19891 -13
-0.05115 -0.05821 37.76584 0 1.77500 -2.22500 37.71667 0.10101 -13
0.82868 0.08316 27.75983 0 -2.52500 -25.47500 21.40525 0.13106 13
-1.98547 -0.06780 13.65988 0 2.12500 58.90000 6.15540 0.22404 -13
1.93456 -0.20575 85.61024 0 6.22500 -58.35000 39.95688 0.22030 -13
-1.24589 -0.09549 41.14724 0 2.90000 39.35000 25.82688 0.16118 -13
0.61925 -0.10917 4.74907 0 3.17500 -18.75000 4.04419 0.11894 13
-1.17273 -0.21006 64.81836 0 6.35000 34.70000 42.58070 0.15665 -13
-1.35008 -0.05554 20.04191 0 1.62500 41.10000 11.94070 0.16928 13
-0.71623 -0.17697 41.82918 0 5.32500 22.17500 34.18316 0.12513 13
0.39876 0.02811 90.82624 0 -0.85000 -14.00000 84.37013 0.10844 13
0.97703 -0.24280 83.69016 0 7.32500 -29.07500 60.69138 0.14291 -13
0.57484 -0.17527 23.88340 0 5.30000 -19.22500 20.78308 0.11751 -13
1.38387 -0.14120 98.71841 0 4.25000 -43.60000 58.19383 0.17252 13
1.37527 -0.22324 71.41692 0 6.72500 -42.72500 42.66717 0.17270 13
1.19382 -0.16315 17.88378 0 4.87500 -37.80000 11.57230 0.15765 13
-0.92231 -0.12598 25.79325 0 3.82500 28.65000 19.02850 0.13760 -13
1.04405 -0.02966 55.24976 0 0.87500 -32.82500 38.22542 0.14561 13
-1.04185 0.10136 31.86434 0 -3.02500 32.47500 22.12350 0.14578 -13
1.39658 0.03646 86.05451 0 -1.10000 -41.00000 50.12167 0.17301 13
0.10085 0.01498 87.03666 0 -0.45000 -4.25000 86.59748 0.10122 -13
0.79006 -0.11924 86.64299 0 3.60000 -23.17500 68.16906 0.12890 13
-1.55502 -0.13306 34.69060 0 4.05000 48.57500 18.87978 0.18669 -13
-0.35214 -0.19118 69.03125 0 5.75000 14.97500 65.23916 0.10848 13
-0.49297 -0.17443 66.00016 0 5.27500 13.97500 59.36960 0.11365 -13
0.06878 -0.11944 17.58651 0 3.62500 0.07500 17.54565 0.10167 -13
0.70106 -0.05008 81.61646 0 1.50000 -21.67500 66.85686 0.12309 13
0.13316 -0.08045 52.30501 0 2.42500 -2.25000 51.85024 0.10192 -13
-0.07427 0.12805 35.34995 0 -3.87500 2.72500 35.25438 0.10181 13
-0.07634 -0.27177 35.34995 0 8.17500 2.80000 35.25438 0.10463 13
-1.07897 -0.19278 81.48681 0 5.82500 33.30000 55.93295 0.14942 -13
-0.51556 -0.24299 22.34461 0 7.35000 17.42500 19.97773 0.11593 -13
0.42483 -0.11611 21.44105 0 3.47500 -12.82500 19.75427 0.11003 13
0.14977 -0.17379 72.33685 0 5.22500 -1.05000 71.56200 0.10332 13
1.12752 0.11490 4.16845 0 -3.30000 -31.57500 2.77571 0.15218 -13
-2.13527 -0.11138 61.21795 0 3.35000 63.40000 26.09459 0.23769 13
-0.74687 -0.23678 61.58830 0 7.12500 20.70000 49.82036 0.12792 13
0.15105 0.13403 6.86966 0 -4.12500 -4.02500 6.79401 0.10278 13
0.15482 -0.26549 6.86966 0 7.92500 -4.12500 6.79401 0.10530 13
-1.25411 -0.11467 81.72945 0 3.47500 38.47500 51.15719 0.16194 -13
0.11085 -0.06320 27.85185 0 1.90000 -3.27500 27.68293 0.10152 13
0.70717 0.09208 29.27841 0 -2.80000 -19.35000 23.93767 0.12370 13
-1.54692 -0.10245 52.84745 0 3.07500 46.22500 28.79541 0.18577 13
-0.19153 0.12917 40.42826 0 -3.87500 6.50000 39.71813 0.10335 -13
-0.19677 -0.27055 40.42826 0 8.17500 6.65000 39.71813 0.10620 -13
-0.16851 -0.03640 44.06368 0 1.10000 6.70000 43.45179 0.10219 -13
0.40497 -0.05101 61.21315 0 1.55000 -12.95000 56.74759 0.10877 -13
-0.01158 0.12752 31.16049 0 -3.82500 -1.25000 31.15843 0.10152 -13
-0.01189 -0.27231 31.16049 0 8.22500 -1.25000 31.15843 0.10440 -13
1.06281 -0.03035 29.32249 0 0.95000 -33.67500 20.09862 0.14699 -13
-0.15158 -0.21663 60.18822 0 6.52500 5.27500 59.53853 0.10416 13
-0.05467 -0.08196 57.00279 0 2.47500 4.50000 56.91839 0.10118 13
0.27909 -0.15576 42.04167 0 4.70000 -9.02500 40.52900 0.10573 -13
-0.94550 0.05720 95.55225 0 -1.72500 28.12500 69.48440 0.13870 -13
-0.82558 -0.12589 90.94347 0 3.80000 23.12500 70.35443 0.13120 13
0.72022 -0.05924 46.56952 0 1.80000 -22.32500 37.81124 0.12425 -13
-0.87775 -0.07130 16.21494 0 2.20000 25.30000 12.19975 0.13420 -13
0.19604 -0.22150 1.93041 0 6.40000 -5.30000 1.89596 0.10498 13
-0.54106 0.14789 91.69931 0 -4.45000 15.67500 80.84687 0.11546 -13
-0.55183 -0.25094 91.69931 0 7.57500 16.00000 80.84687 0.11777 -13
-1.94859 -0.12907 29.15848 0 3.92500 57.85000 13.39984 0.22099 -13
-0.90533 -0.05964 78.43874 0 1.80000 27.80000 58.19532 0.13597 -13
-0.64248 -0.02240 87.44982 0 0.67500 16.25000 73.57902 0.11971 -13
0.64081 0.13202 31.68832 0 -4.00000 -19.02500 26.74701 0.12035 13
0.65766 -0.26759 31.68832 0 8.05000 -19.52500 26.74701 0.12348 13
0.04755 0.03457 12.10117 0 -1.00000 -2.60000 12.08754 0.10088 -13
-0.76579 -0.18658 94.73428 0 5.62500 24.90000 75.68626 0.12822 -13
-0.15822 -0.03576 93.47650 0 1.07500 4.10000 92.32943 0.10202 13
-0.83086 -0.11520 16.73937 0 3.52500 26.65000 12.90945 0.13147 -13
-0.31835 0.01477 65.76534 0 -0.45000 9.50000 62.66691 0.10569 -13
0.03497 0.09648 73.15068 0 -2.90000 -3.25000 73.10640 0.10123 -13
-1.68913 -0.04979 42.86877 0 1.47500 51.47500 21.85899 0.19773 13
-1.63024 0.00946 28.37939 0 -0.32500 47.82500 14.83972 0.19260 13
-1.72664 -0.18472 43.70267 0 5.60000 54.30000 22.17799 0.20182 -13
-1.23896 0.10626 89.61549 0 -3.20000 37.85000 56.47583 0.16068 -13
-0.35607 -0.22130 91.15113 0 6.67500 11.85000 86.09641 0.10920 -13
1.89670 0.00363 69.35013 0 -0.10000 -55.72500 32.34410 0.21592 -13
-0.37189 -0.17939 32.26593 0 5.40000 7.95000 30.29993 0.10894 13
0.20477 -0.13648 7.75595 0 4.05000 -4.85000 7.60119 0.10369 13
-1.14474 -0.17781 24.89828 0 5.32500 33.25000 16.52468 0.15409 13
0.08808 -0.09736 77.90919 0 2.92500 -1.85000 77.61156 0.10156 13
2.11746 0.02930 93.56152 0 -0.87500 -62.87500 39.96819 0.23584 -13
-0.05335 -0.11116 21.30523 0 3.32500 1.87500 21.27532 0.10146 13
-0.95503 0.04126 43.04890 0 -1.22500 27.17500 31.14487 0.13932 -13
0.38808 -0.10994 73.87541 0 3.30000 -13.22500 68.92491 0.10858 13
0.48960 -0.00979 44.08041 0 0.27500 -14.77500 39.59056 0.11213 13
1.14177 0.03927 42.04361 0 -1.20000 -33.37500 27.71286 0.15290 13
-2.08342 -0.01466 32.31466 0 0.47500 64.62500 13.98407 0.23274 -13
-0.90392 0.07292 10.08034 0 -2.12500 26.75000 7.48669 0.13593 -13
1.03729 -0.10525 20.70554 0 3.20000 -31.25000 14.41085 0.14551 -13
1.34715 0.14007 16.34404 0 -4.17500 -42.75000 9.80275 0.16951 -13
1.37819 -0.25911 16.34404 0 7.87500 -43.70000 9.80275 0.17352 -13
0.47873 -0.05842 4.60905 0 1.65000 -13.60000 4.15858 0.11181 13
0.20215 -0.09881 37.86775 0 2.97500 -6.50000 37.12403 0.10322 13
-0.35996 0.09050 17.44512 0 -2.75000 11.75000 16.42194 0.10743 13
-0.60309 0.12396 30.08651 0 -3.72500 18.92500 25.81596 0.11825 -13
-0.62086 -0.27606 30.08651 0 8.35000 19.47500 25.81596 0.12177 -13
0.45029 0.08761 89.29681 0 -2.65000 -13.65000 81.47503 0.11080 13
-0.95130 -0.15772 8.27311 0 4.85000 27.27500 6.02898 0.13997 -13
-0.84792 -0.11975 57.80474 0 3.60000 23.80000 44.21997 0.13257 13
-0.26869 -0.15126 66.41339 0 4.57500 4.82500 64.18652 0.10539 -13
1.25623 -0.02595 42.91566 0 0.77500 -36.95000 26.73339 0.16171 13
-0.29413 0.03976 46.72214 0 -1.20000 7.35000 44.82627 0.10504 -13
-0.10639 -0.12141 52.71093 0 3.65000 5.02500 52.41945 0.10201 13
0.04843 -0.06064 98.69122 0 1.82500 -4.20000 98.57613 0.10100 13
-1.74239 -0.00397 15.31392 0 0.17500 49.67500 7.62288 0.20232 -13
1.90973 -0.07569 2.49423 0 1.85000 -55.67500 1.15951 0.21723 13
0.23862 -0.04276 47.88583 0 1.27500 -5.75000 46.58051 0.10362 13
0.07710 -0.05937 26.08879 0 1.80000 -6.05000 26.01188 0.10118 -13
-0.79451 0.14243 21.05540 0 -4.32500 23.95000 16.54975 0.12943 13
-0.81199 -0.25656 21.05540 0 7.70000 24.47500 16.54975 0.13224 13
0.11717 -0.01804 45.08477 0 0.52500 -3.07500 44.77855 0.10141 13
-0.62594 -0.06814 86.73734 0 2.05000 18.62500 73.56987 0.11900 13
-1.06547 0.01161 98.35243 0 -0.35000 32.32500 67.30969 0.14716 -13
-0.65696 -0.17157 90.99098 0 5.17500 19.92500 76.37748 0.12173 -13
-0.60066 -0.23174 46.64625 0 6.97500 19.65000 40.26001 0.11976 13
-0.89201 -0.08140 32.71831 0 2.47500 27.82500 24.45245 0.13520 -13
-0.99644 0.67030 32.71831 0 2.40000 27.95000 24.45245 0.13546 -13
1.06809 -0.59769 32.71831 0 2.80000 30.57500 24.45245 0.14534 -13
0.05407 0.12650 32.71831 0 2.90000 31.92500 24.45245 0.15534 -13
-1.23151 -0.10172 67.46847 0 3.05000 42.40000 42.66186 0.16007 13
0.74401 0.10978 55.90891 0 -3.32500 -20.87500 44.95169 0.12601 13
0.44329 0.10906 11.93894 0 -3.32500 -13.62500 10.92502 0.11072 13
1.19299 -0.06899 76.09062 0 2.07500 -35.97500 48.94781 0.15691 13
0.73700 0.05589 36.87466 0 -1.67500 -25.82500 29.70028 0.12522 -13
0.12171 0.10859 18.93771 0 -3.25000 -4.47500 18.80055 0.10203 -13
-0.78826 -0.18437 85.02538 0 5.57500 25.77500 67.19920 0.12957 -13
-0.46550 0.14496 64.63830 0 -4.37500 12.97500 58.70824 0.11204 13
-0.47529 -0.25399 64.63830 0 7.65000 13.27500 58.70824 0.11439 13
-0.36860 0.04836 92.09771 0 -1.45000 12.15000 86.42642 0.10744 -13
1.24797 -0.18366 63.77943 0 5.52500 -39.82500 40.28392 0.16209 13
0.69597 -0.19167 91.16926 0 5.80000 -21.82500 75.26675 0.12421 -13
-1.43169 0.02292 77.57981 0 -0.70000 44.85000 44.43161 0.17588 13
-0.03524 -0.18127 75.84792 0 5.47500 4.00000 75.80237 0.10240 13
1.89242 -0.11989 1.11616 0 4.62500 -57.77500 0.52396 0.21803 -13
0.85329 -0.05233 91.92181 0 1.57500 -22.87500 69.96614 0.13249 -13
-2.08755 -0.18820 9.94182 0 5.80000 63.17500 4.35662 0.23402 -13
0.73282 0.13356 51.83179 0 -4.02500 -25.82500 41.93601 0.12557 -13
0.75159 -0.26590 51.83179 0 8.02500 -26.40000 41.93601 0.12881 -13
-0.11756 0.00516 20.12307 0 -0.17500 2.50000 19.98542 0.10140 13
-0.02208 -0.08244 82.99388 0 2.47500 -2.15000 82.97379 0.10107 13
-1.78924 0.07349 70.67930 0 -2.22500 52.40000 34.55273 0.20656 13
0.21720 -0.07221 10.61673 0 2.22500 -6.15000 10.37598 0.10332 -13
-1.00786 -0.19946 68.80846 0 6.02500 28.72500 48.93785 0.14440 -13
0.50754 -0.11951 25.37922 0 3.57500 -15.47500 22.66390 0.11356 13
0.05683 -0.04909 13.01035 0 1.52500 -0.67500 12.98946 0.10100 -13
0.01597 0.12763 81.61684 0 -3.85000 -1.92500 81.60661 0.10153 13
0.01642 -0.27221 81.61684 0 8.20000 -1.92500 81.60661 0.10437 13
0.65620 -0.19214 76.69787 0 5.80000 -20.40000 64.47097 0.12198 13
0.50518 -0.24151 24.41091 0 7.25000 -14.90000 21.91168 0.11539 13
0.24495 -0.11612 87.93803 0 3.50000 -4.22500 85.44510 0.10434 -13
-0.28884 -0.21616 33.25643 0 6.50000 9.00000 32.00584 0.10704 13
0.37431 -0.18805 59.48231 0 5.67500 -12.65000 55.82476 0.10919 -13
0.29334 -0.04348 50.85893 0 1.30000 -9.85000 48.80615 0.10503 13
-1.16423 -0.05039 73.94946 0 1.52500 33.90000 48.21863 0.15464 -13
0.98032 -0.11555 81.05405 0 3.50000 -28.95000 58.06836 0.14150 -13
1.05015 0.06526 42.15693 0 -1.97500 -32.85000 29.10351 0.14619 13
-0.60173 0.01407 30.78391 0 -0.40000 19.07500 26.37787 0.11753 -13
0.18874 -0.14954 91.94481 0 4.50000 -4.12500 90.38373 0.10358 13
1.85982 -0.18982 26.04075 0 5.67500 -57.90000 12.50201 0.21346 13
-0.19147 -0.18891 66.24331 0 5.70000 7.07500 65.10105 0.10429 -13
2.10122 0.02499 98.05717 0 -0.77500 -64.42500 42.14779 0.23436 13
0.47279 0.08239 8.84920 0 -2.42500 -12.80000 8.00511 0.11169 -13
-0.01989 -0.18504 59.31681 0 5.57500 2.07500 59.30545 0.10243 13
-0.48040 0.08006 67.32463 0 -2.42500 12.85000 60.72152 0.11201 13
0.38876 -0.10729 94.83813 0 3.25000 -10.62500 88.45947 0.10858 -13
-0.91832 0.11194 57.05599 0 -3.40000 27.70000 42.14373 0.13720 13
1.81177 -0.08126 64.15119 0 2.42500 -55.22500 31.07710 0.20856 13
-0.93141 0.12704 99.14254 0 -3.82500 28.55000 72.81712 0.13821 -13
-0.95774 -0.27282 99.14254 0 8.22500 29.35000 72.81712 0.14213 -13
0.72869 -0.08135 70.32667 0 2.45000 -21.90000 56.90239 0.12487 13
0.62008 0.12548 11.09854 0 -3.82500 -19.65000 9.45252 0.11920 13
0.63802 -0.27452 11.09854 0 8.22500 -20.17500 9.45252 0.12256 13
-0.09926 -0.13647 66.67040 0 4.10000 2.62500 66.35028 0.10212 13
0.96915 -0.18574 72.62914 0 5.60000 -30.50000 52.58152 0.14147 13
2.00172 0.10505 76.58526 0 -3.17500 -59.97500 34.37715 0.22559 13
-0.85275 -0.14912 47.32833 0 4.52500 25.67500 36.17850 0.13321 -13
-0.05062 0.03493 1.89758 0 -0.80000 1.55000 1.89515 0.10103 -13
-2.13795 0.01053 40.19792 0 -0.30000 63.12500 17.03160 0.23769 -13
0.54384 0.12667 32.38103 0 -3.80000 -20.15000 28.49802 0.11533 -13
0.55928 -0.27317 32.38103 0 8.25000 -20.62500 28.49802 0.11864 -13
-0.32439 0.04283 47.45403 0 -1.27500 8.47500 45.14245 0.10596 -13
-0.88546 0.04593 33.55298 0 -1.40000 29.05000 25.13221 0.13459 13
-1.12495 0.06122 51.55735 0 -1.85000 31.35000 34.28948 0.15171 13
-0.07621 -0.14916 34.46255 0 4.47500 2.90000 34.36506 0.10210 13
-0.50859 -0.12802 55.31434 0 3.85000 15.75000 49.38572 0.11371 13
0.16249 -0.07999 54.24295 0 2.42500 -4.90000 53.54510 0.10234 -13
0.04822 -0.06433 28.69899 0 1.92500 1.40000 28.66579 0.10103 13
0.01878 0.01197 18.01196 0 -0.40000 -1.60000 18.00879 0.10073 13
1.21519 0.06730 49.22301 0 -2.02500 -36.52500 31.32010 0.15862 -13
0.17229 -0.07681 86.20290 0 2.30000 -6.25000 84.95844 0.10248 13
-0.04691 -0.03050 26.47129 0 0.90000 1.07500 26.44225 0.10086 13
-0.15684 0.00854 56.34593 0 -0.25000 7.42500 55.66549 0.10194 -13
1.02879 -0.19891 63.78043 0 6.00000 -30.77500 44.89700 0.14585 13
0.46932 0.11393 60.42980 0 -3.42500 -16.20000 54.76788 0.11183 -13
0.30041 -0.07857 95.92274 0 2.37500 -9.90000 91.89021 0.10544 13
0.44035 -0.19995 23.49571 0 6.05000 -13.50000 21.57064 0.11188 -13
1.46566 -0.08282 30.57982 0 2.52500 -46.65000 17.27808 0.17886 -13
-0.58201 -0.06057 92.74581 0 1.82500 16.55000 80.19534 0.11667 -13
0.15559 -0.13926 54.69244 0 4.20000 -3.25000 54.05432 0.10287 13
1.47789 0.03676 25.15742 0 -1.07500 -44.27500 14.10449 0.17974 -13
0.70869 0.11483 45.08749 0 -3.47500 -19.15000 36.86676 0.12397 13
-0.33373 -0.04073 62.45895 0 1.22500 10.30000 59.25150 0.10624 13
0.52939 0.09287 38.64770 0 -2.82500 -14.92500 34.18855 0.11433 13
1.43229 -0.15947 68.12627 0 4.82500 -43.32500 39.32796 0.17666 -13
-0.19367 -0.01474 88.25060 0 0.45000 3.62500 86.64056 0.10258 -13
0.51299 -0.17534 55.08326 0 5.30000 -16.12500 49.16360 0.11455 -13
0.68161 -0.24592 94.91066 0 7.40000 -18.52500 79.14423 0.12436 13
1.09865 -0.24081 16.30509 0 7.32500 -37.70000 11.14423 0.15161 -13
-0.84409 -0.18091 40.05358 0 5.45000 25.12500 30.81094 0.13303 13
0.33428 -0.06490 62.81180 0 1.95000 -12.02500 59.58406 0.10638 13
-0.21024 -0.13836 76.65086 0 4.17500 5.67500 75.04089 0.10384 13
-0.85327 -0.16996 68.34762 0 5.12500 25.35000 52.30290 0.13347 13
0.20248 0.00040 53.24955 0 -0.02500 -8.32500 52.19034 0.10275 13
-0.73587 0.02175 51.93987 0 -0.65000 22.50000 41.83723 0.12505 -13
0.65258 -0.21965 68.85812 0 6.62500 -18.85000 58.06602 0.12226 13
1.49777 0.13389 86.70835 0 -4.02500 -45.20000 48.44220 0.18186 -13
1.53593 -0.26556 86.70835 0 8.02500 -46.35000 48.44220 0.18652 -13
-0.76669 0.06311 14.12257 0 -1.95000 22.40000 11.21616 0.12707 13
0.70224 -0.07269 45.05872 0 2.17500 -19.25000 36.90645 0.12327 13
1.48197 0.06793 23.52750 0 -2.00000 -42.65000 13.18061 0.18015 -13
0.50791 -0.19397 13.37960 0 5.80000 -14.02500 11.97402 0.11460 13
0.41600 0.03527 79.82332 0 -1.05000 -11.15000 73.70692 0.10913 -13
-0.48579 0.05038 98.46673 0 -1.52500 13.72500 88.59012 0.11207 -13
-1.32072 -0.05101 65.20385 0 1.52500 39.17500 39.39252 0.16689 13
1.91175 0.11606 8.24756 0 -3.62500 -55.30000 3.84259 0.21771 13
1.97451 -0.28447 8.24756 0 8.45000 -57.10000 3.84259 0.22449 13
0.55483 0.03491 34.12603 0 -1.07500 -15.72500 29.84472 0.11522 13
0.83758 -0.24715 90.89562 0 7.45000 -25.67500 70.52392 0.13371 -13
1.40046 -0.24104 24.92953 0 7.30000 -40.57500 14.75759 0.17503 -13
-0.53954 0.08675 80.85824 0 -2.62500 14.10000 71.22135 0.11476 13
0.04362 -0.24659 35.93897 0 7.42500 -1.45000 35.90678 0.10380 13
0.69612 0.10847 54.14809 0 -3.25000 -20.37500 44.52595 0.12318 -13
-0.67878 -0.04934 26.11283 0 1.50000 18.25000 21.61385 0.12182 -13
-1.06286 -0.11437 58.16641 0 3.45000 28.50000 39.99547 0.14740 13
1.86795 -0.21491 56.65464 0 6.50000 -56.27500 27.21040 0.21450 -13
0.89259 -0.14268 91.18849 0 4.30000 -27.40000 68.33286 0.13574 13
0.21700 0.12624 9.37003 0 -3.87500 -4.75000 9.16021 0.10385 13
0.22315 -0.27381 9.37003 0 8.20000 -4.92500 9.16021 0.10675 13
0.75938 -0.21733 46.67356 0 6.55000 -25.57500 37.48084 0.12821 13
0.80654 -0.07356 74.98766 0 2.20000 -25.05000 58.43079 0.12959 13
-0.73032 0.12136 55.66744 0 -3.65000 24.07500 45.06893 0.12529 -13
-0.75265 -0.27880 55.66744 0 8.42500 24.75000 45.06893 0.12914 -13
-0.96084 -0.00507 67.17560 0 0.15000 30.85000 48.43938 0.13965 -13
-1.58343 0.07885 93.98426 0 -2.37500 45.60000 50.29640 0.18875 -13
0.63465 0.06704 35.30054 0 -2.00000 -17.07500 29.82407 0.11946 -13
0.11831 -0.05002 78.51702 0 1.52500 -1.35000 77.97453 0.10153 -13
-0.12687 -0.02612 35.14436 0 0.77500 4.47500 34.86507 0.10154 13
0.07858 -0.14271 84.65534 0 4.30000 -4.30000 84.40031 0.10203 -13
1.25734 0.01517 11.78738 0 -0.52500 -36.00000 7.33763 0.16181 13
0.17184 0.07516 19.99064 0 -2.25000 -5.52500 19.70339 0.10245 -13
1.33482 -0.11809 17.24702 0 3.52500 -41.77500 10.38691 0.16834 13
0.83687 -0.22365 14.93860 0 6.70000 -26.47500 11.56996 0.13320 13
-0.82869 0.09731 89.23256 0 -2.92500 25.65000 68.83799 0.13115 -13
-0.92633 -0.10193 19.15809 0 3.05000 27.57500 14.08857 0.13763 13
-0.33041 0.01488 73.79693 0 -0.45000 7.77500 70.07180 0.10606 -13
-0.07584 -0.07888 59.62026 0 2.37500 1.12500 59.45054 0.10130 13
-0.23904 0.04980 26.85068 0 -1.52500 5.75000 26.11676 0.10367 13
-1.41281 -0.06451 99.97193 0 1.95000 42.52500 57.83656 0.17443 -13
-0.95136 -0.05511 21.30976 0 1.70000 26.97500 15.45079 0.13911 -13
-0.56953 -0.01410 69.59232 0 0.42500 17.22500 60.47421 0.11589 -13
0.48219 -0.07313 2.47789 0 2.42500 -15.40000 2.23308 0.11221 -13
0.41586 0.12083 32.13590 0 -3.65000 -14.87500 29.70415 0.10975 13
0.42870 -0.27943 32.13590 0 8.40000 -15.25000 29.70415 0.11310 13
-0.38379 -0.07578 70.45047 0 2.30000 9.25000 65.79695 0.10814 -13
-1.14349 -0.00678 53.50503 0 0.22500 34.72500 35.22273 0.15298 -13
-0.89743 -0.18185 77.45537 0 5.47500 27.30000 58.06134 0.13654 13
-1.80678 -0.18870 2.34650 0 6.17500 53.25000 1.15157 0.20968 -13
-0.15776 -0.14554 77.11728 0 4.37500 4.22500 76.19436 0.10299 13
-0.37842 -0.07735 93.26171 0 2.35000 11.00000 87.25765 0.10795 -13
0.59099 -0.22699 54.93118 0 6.82500 -17.45000 47.59290 0.11918 13
-1.74633 -0.04530 27.02532 0 1.40000 51.37500 13.43974 0.20272 -13
2.13058 -0.21449 49.39829 0 6.45000 -62.47500 21.37667 0.23797 13
-0.32309 -0.03370 40.30370 0 1.02500 8.95000 38.35374 0.10588 -13
0.82235 -0.08497 35.23598 0 2.57500 -23.77500 27.25428 0.13067 -13
0.05606 -0.05717 37.46042 0 1.72500 -3.07500 37.40187 0.10103 -13
-0.73546 0.03679 67.47437 0 -1.10000 21.50000 54.36960 0.12505 -13
0.06234 0.03323 24.31412 0 -1.02500 -1.97500 24.26709 0.10096 13
1.17671 -0.17245 62.44332 0 5.20000 -35.40000 40.78036 0.15646 13
-0.21808 -0.15485 92.14137 0 4.67500 7.82500 90.07355 0.10424 13
-0.12759 -0.23750 26.25772 0 7.15000 4.65000 26.05766 0.10428 13
0.64681 0.05470 32.45810 0 -1.62500 -22.40000 27.26600 0.12005 -13
0.02734 0.04705 97.83129 0 -1.42500 -2.00000 97.79482 0.10085 -13
0.52014 -0.08431 84.27285 0 2.55000 -16.45000 74.82052 0.11383 -13
-0.13167 -0.01595 16.38272 0 0.50000 2.85000 16.24248 0.10159 -13
-0.23388 0.02317 71.60520 0 -0.70000 8.37500 69.72456 0.10345 13
-0.76452 -0.04785 55.46734 0 1.45000 23.12500 44.08337 0.12686 -13
1.20109 -0.07896 43.00744 0 2.37500 -36.10000 27.56859 0.15759 13
-1.30694 -0.23827 67.83066 0 7.20000 42.30000 41.93611 0.16746 -13
1.25706 0.00989 40.97885 0 -0.32500 -37.90000 25.51199 0.16177 13
1.01732 -0.01988 87.77357 0 0.60000 -31.70000 61.53622 0.14367 -13
0.36450 -0.13975 84.26192 0 4.20000 -11.97500 79.25595 0.10810 13
1.06577 -0.15691 93.45466 0 4.75000 -33.50000 64.35859 0.14802 -13
0.54405 0.10857 37.95588 0 -3.30000 -16.95000 33.38541 0.11517 13
-0.39030 0.04740 72.77974 0 -1.45000 12.80000 67.80868 0.10821 13
0.69235 -0.04985 83.05443 0 1.50000 -21.77500 68.31271 0.12259 -13
-0.00503 -0.23073 38.38560 0 6.95000 -0.50000 38.38513 0.10334 13
0.51194 0.13302 38.15487 0 -4.00000 -15.52500 34.02461 0.11392 -13
0.52516 -0.26648 38.15487 0 8.05000 -15.92500 34.02461 0.11688 -13
-1.08046 0.13858 68.29735 0 -4.17500 31.77500 46.62846 0.14890 -13
-1.10601 -0.26070 68.29735 0 7.87500 32.55000 46.62846 0.15244 -13
-1.88114 0.06728 91.19407 0 -2.02500 56.95000 42.88269 0.21463 -13
0.75311 0.10445 79.75765 0 -3.15000 -22.95000 63.83554 0.12651 13
0.47470 -0.13508 47.51960 0 4.05000 -14.77500 42.99939 0.11229 13
0.55009 -0.13773 42.09197 0 4.15000 -16.55000 36.96007 0.11576 13
-0.47224 -0.20114 5.32774 0 6.17500 13.40000 4.83462 0.11330 -13
-0.91361 -0.20181 40.66681 0 6.10000 26.02500 30.29449 0.13791 -13
-1.83411 0.14323 19.51724 0 -4.27500 55.50000 9.41541 0.21082 -13
-1.87376 -0.25572 19.51724 0 7.77500 56.75000 9.41541 0.21556 -13
-0.54229 -0.01320 95.29470 0 0.40000 15.70000 83.77175 0.11457 -13
0.80584 0.12347 3.97079 0 -3.57500 -23.85000 3.10117 0.12989 -13
0.82989 -0.27622 3.97079 0 8.50000 -24.60000 3.10117 0.13385 -13
-0.99353 -0.11959 20.22997 0 3.57500 31.92500 14.40114 0.14245 13
-0.24324 -0.03099 68.38400 0 0.95000 7.90000 66.44843 0.10369 -13
0.64655 -0.13079 34.51852 0 3.92500 -19.90000 29.05974 0.12064 13
-0.16655 0.04618 55.48532 0 -1.37500 3.85000 54.73307 0.10220 -13
0.65938 0.00765 22.99061 0 -0.25000 -17.40000 19.19381 0.12063 13
0.54652 -0.24436 16.79301 0 7.32500 -15.37500 14.83222 0.11734 13
-0.71674 -0.23445 65.34022 0 7.05000 21.47500 53.58375 0.12612 13
-0.36314 -0.09762 58.30040 0 2.92500 10.47500 54.82923 0.10759 13
-0.20158 -0.18550 11.57057 0 5.55000 6.90000 11.34977 0.10439 13
-0.80052 -0.09295 48.02792 0 2.82500 23.47500 37.55663 0.12934 -13
-0.42571 0.14274 46.98249 0 -4.32500 14.67500 43.29477 0.11039 13
-0.43507 -0.25633 46.98249 0 7.72500 14.95000 43.29477 0.11280 13
-0.55656 -0.24093 80.09766 0 7.27500 18.00000 70.44606 0.11778 -13
-1.09446 0.06429 60.36259 0 -1.95000 34.00000 40.76175 0.14944 13
-1.89246 0.04070 73.28778 0 -1.25000 56.47500 34.26150 0.21559 13
-0.79203 0.13952 9.75953 0 -4.27500 26.60000 7.67882 0.12928 13
-0.81041 -0.25979 9.75953 0 7.77500 27.12500 7.67882 0.13217 13
-0.57222 0.14280 67.52230 0 -4.32500 16.92500 58.75071 0.11692 13
-0.58478 -0.25627 67.52230 0 7.72500 17.30000 58.75071 0.11947 13
0.86065 0.12661 43.21380 0 -3.80000 -24.82500 32.86368 0.13347 -13
0.88517 -0.27318 43.21380 0 8.25000 -25.57500 32.86368 0.13729 -13
0.42240 0.10665 67.33989 0 -3.22500 -14.42500 62.08572 0.10985 13
-1.08563 -0.04557 43.75323 0 1.40000 34.37500 29.65918 0.14871 -13
-0.48011 -0.07847 49.51554 0 2.37500 14.22500 44.66286 0.11199 -13
-0.92763 -0.05616 56.89185 0 1.67500 26.95000 41.74000 0.13747 13
-0.06069 -0.13745 98.32557 0 4.15000 1.62500 98.14826 0.10184 -13
0.22491 -0.01475 81.74785 0 0.45000 -7.05000 79.75587 0.10323 13
-0.78583 -0.16350 43.04108 0 4.95000 24.50000 34.01113 0.12914 -13
0.75381 -0.19835 56.49622 0 5.97500 -20.75000 45.42688 0.12767 13
0.35292 0.06672 96.28037 0 -2.00000 -11.55000 90.81412 0.10700 -13
-1.21509 0.00988 58.23572 0 -0.27500 37.10000 37.00751 0.15847 -13
0.07345 0.03976 44.55040 0 -1.20000 -2.25000 44.43086 0.10105 13
-0.65669 0.00123 62.26554 0 -0.05000 21.67500 52.04653 0.12047 13
0.13155 -0.24241 93.64131 0 7.30000 -4.90000 92.88527 0.10446 13
-0.07641 0.01292 39.84734 0 -0.37500 1.32500 39.73152 0.10100 -13
0.65550 -0.21549 40.21463 0 6.52500 -19.35000 33.85946 0.12236 -13
0.52114 0.09356 7.72023 0 -2.75000 -17.40000 6.85244 0.11394 -13
-0.31324 -0.00931 24.74575 0 0.25000 11.32500 23.61448 0.10553 13
0.72435 0.09600 43.45104 0 -2.90000 -20.55000 35.24473 0.12473 13
1.51112 -0.03657 4.88386 0 1.30000 -44.17500 2.69670 0.18259 -13
1.96722 -0.12079 28.15737 0 3.67500 -62.05000 12.83307 0.22259 -13
4.81698 -3.69033 28.15737 0 3.37500 -64.42500 12.83307 0.32884 -13
-1.64853 0.12632 97.77416 0 -3.80000 49.67500 51.00355 0.19458 -13
-1.69559 -0.27356 97.77416 0 8.25000 51.12500 51.00355 0.20016 -13
-0.34749 0.05619 36.52038 0 -1.67500 7.02500 34.50268 0.10676 -13
-0.69365 -0.21616 77.19966 0 6.52500 20.70000 63.89748 0.12448 -13
0.05567 0.06842 95.35456 0 -2.07500 -2.60000 95.20781 0.10109 13
1.04620 -0.13860 44.77594 0 4.20000 -31.90000 31.09201 0.14642 -13
-0.49626 0.02258 25.46647 0 -0.65000 16.52500 22.81285 0.11245 -13
0.02563 -0.22294 59.99651 0 6.72500 -1.90000 59.97774 0.10320 13
-1.44562 0.00873 60.00017 0 -0.27500 42.67500 34.13518 0.17701 13
-0.59470 -0.21648 58.30304 0 6.55000 16.32500 50.40666 0.11918 -13
-0.07527 0.12439 81.30375 0 -3.75000 1.30000 81.07785 0.10176 -13
-0.07747 -0.27562 81.30375 0 8.32500 1.35000 81.07785 0.10476 -13
0.38104 -0.09253 46.01045 0 2.77500 -11.32500 43.01797 0.10816 13
1.46188 -0.09482 89.28497 0 2.87500 -41.92500 50.56307 0.17863 -13
1.12547 0.05142 24.02978 0 -1.57500 -31.47500 15.97214 0.15172 13
-0.80152 -0.11911 52.33335 0 3.60000 21.90000 40.94803 0.12961 -13
0.65005 -0.04639 7.55226 0 1.32500 -22.67500 6.33364 0.12022 13
-1.85626 -0.02470 32.54581 0 0.77500 56.02500 15.43944 0.21235 -13
1.51114 -0.10130 8.86801 0 2.95000 -44.17500 4.91155 0.18271 13
1.63147 -0.25046 33.91970 0 7.52500 -49.35000 18.11824 0.19432 13
-0.37128 -0.04742 6.32602 0 1.35000 14.32500 5.93141 0.10753 13
0.15763 -0.24370 26.77713 0 7.32500 -2.10000 26.46853 0.10484 13
-0.36538 0.11423 52.60245 0 -3.42500 11.17500 49.44552 0.10783 -13
0.82656 0.00014 67.81556 0 -0.00000 -24.62500 52.27113 0.13065 -13
0.88043 0.14248 70.88303 0 -4.30000 -27.70000 53.43390 0.13494 13
0.89986 -0.25661 70.88303 0 7.72500 -28.27500 53.43390 0.13790 13
-0.17048 -0.08011 61.26755 0 2.42500 4.57500 60.40164 0.10248 -13
-1.24549 -0.12722 79.39656 0 3.85000 33.90000 49.95026 0.16136 -13
0.54800 -0.10936 75.70783 0 3.30000 -12.25000 66.48323 0.11536 -13
0.70417 0.02461 32.47037 0 -0.75000 -21.27500 26.55141 0.12319 13
1.05983 -0.15847 13.81795 0 4.82500 -32.00000 9.54513 0.14764 -13
1.46337 0.11551 59.49322 0 -3.47500 -39.97500 33.71762 0.17886 -13
0.57277 0.04579 4.03404 0 -1.25000 -17.47500 3.50150 0.11616 -13
0.46417 -0.04250 88.99634 0 1.27500 -13.57500 80.73678 0.11110 -13
1.79271 0.13810 80.62769 0 -4.15000 -53.82500 39.56112 0.20717 -13
1.83539 -0.26112 80.62769 0 7.90000 -55.12500 39.56112 0.21214 -13
1.13553 0.06945 13.18834 0 -2.05000 -33.60000 8.72782 0.15252 -13
1.49868 -0.21216 64.08018 0 6.37500 -40.02500 36.10921 0.18267 13
-0.11177 0.08741 79.56602 0 -2.62500 5.12500 79.07726 0.10171 -13
0.11216 -0.15556 77.11500 0 4.70000 -3.32500 76.64574 0.10254 -13
-2.06376 -0.02373 2.95652 0 1.07500 62.20000 1.28913 0.23125 -13
1.67605 -0.22687 6.13431 0 6.67500 -50.22500 3.20127 0.19769 13
0.29853 -0.04400 57.98846 0 1.32500 -7.75000 55.56967 0.10519 13
-0.61276 -0.22099 2.33634 0 6.92500 15.45000 2.00459 0.12055 -13
