1.04373 -0.12278 7.41358 0 3.60000 -30.72500 5.14847 0.14606 13
-1.12391 0.08890 28.46775 0 -2.70000 31.67500 18.96484 0.15177 13
-1.43815 -0.22570 31.25143 0 6.82500 40.52500 18.13961 0.17790 -13
-0.16661 -0.11939 59.11343 0 3.60000 5.57500 58.32070 0.10279 13
0.06542 -0.13040 4.54337 0 3.82500 -2.05000 4.53387 0.10175 13
1.42560 0.10822 72.78280 0 -3.25000 -46.32500 41.95948 0.17568 -13
0.25392 -0.07393 15.73000 0 2.20000 -6.45000 15.24860 0.10415 13
1.40110 -0.03364 99.40204 0 1.02500 -41.27500 57.76820 0.17338 -13
0.73840 -0.09005 1.46870 0 3.12500 -20.25000 1.18288 0.12603 -13
-1.43690 -0.23143 83.46585 0 6.97500 44.52500 48.51564 0.17781 13
-1.37559 -0.04601 22.71380 0 1.35000 42.75000 13.36500 0.17132 13
-0.01104 0.09545 77.48668 0 -2.87500 -0.65000 77.48201 0.10117 13
-0.16844 -0.04486 14.05631 0 1.32500 6.37500 13.86152 0.10222 13
0.46770 -0.05033 45.44766 0 1.50000 -14.77500 41.17687 0.11129 13
-0.07218 -0.06575 51.64191 0 1.97500 -0.37500 51.50847 0.10118 13
0.93543 -0.21720 13.67689 0 6.50000 -28.15000 10.09498 0.13957 13
-0.57061 0.08498 56.45256 0 -2.55000 18.40000 49.07501 0.11626 -13
-0.40559 -0.22449 60.34205 0 6.77500 12.02500 56.10819 0.11099 13
-0.02300 -0.19640 60.14738 0 5.92500 0.85000 60.13208 0.10265 13
1.42394 0.00813 5.40805 0 -0.10000 -42.60000 3.10838 0.17524 -13
0.37543 -0.24046 6.61873 0 7.17500 -12.25000 6.21734 0.11020 13
-1.43424 -0.08232 87.08116 0 2.50000 41.72500 49.91769 0.17627 -13
-1.09285 -0.14739 72.89390 0 4.42500 33.32500 49.49495 0.14991 13
-2.04953 -0.21885 42.75525 0 6.57500 61.80000 19.10514 0.23065 13
0.31738 -0.00954 68.59866 0 0.30000 -9.35000 65.38482 0.10566 -13
0.25124 0.06948 36.79347 0 -2.10000 -6.80000 35.68956 0.10407 13
-0.54002 -0.24053 42.79894 0 7.25000 15.62500 37.89330 0.11697 13
0.83784 0.13501 38.17976 0 -4.05000 -22.62500 29.37416 0.13207 -13
0.85884 -0.26440 38.17976 0 8.00000 -23.25000 29.37416 0.13541 -13
-0.10822 0.14268 64.29381 0 -4.30000 3.40000 63.92800 0.10231 13
-0.11060 -0.25640 64.29381 0 7.72500 3.47500 63.92800 0.10455 13
-0.24816 -0.03194 23.89610 0 0.97500 5.65000 23.19336 0.10381 -13
-0.25610 0.09972 18.86285 0 -3.02500 9.40000 18.27874 0.10445 13
1.14895 -0.07307 31.98037 0 2.17500 -35.15000 21.02748 0.15356 13
0.15830 -0.06431 36.55706 0 1.95000 0.20000 36.10929 0.10217 -13
0.71181 0.13882 99.98610 0 -4.20000 -21.52500 81.71665 0.12440 13
0.72856 -0.26043 99.98610 0 7.85000 -22.02500 81.71665 0.12732 13
-1.54804 -0.06588 35.33869 0 1.95000 48.90000 19.20466 0.18570 13
0.35328 0.07646 67.24907 0 -2.30000 -10.72500 63.42922 0.10708 -13
-0.93835 0.09944 62.94162 0 -2.97500 27.57500 46.00358 0.13846 -13
0.45003 0.00040 68.98934 0 -0.02500 -13.72500 62.91222 0.11043 13
0.62772 -0.24341 22.75818 0 7.37500 -19.75000 19.42946 0.12143 -13
0.70119 -0.17882 29.45737 0 5.42500 -20.85000 24.24301 0.12432 -13
-0.32515 0.00986 32.21527 0 -0.32500 9.72500 30.63661 0.10590 13
-0.78633 0.05390 75.59632 0 -1.62500 26.30000 59.45769 0.12822 -13
0.57722 0.14179 82.16231 0 -4.27500 -17.80000 71.33445 0.11715 13
0.59011 -0.25732 82.16231 0 7.75000 -18.20000 71.33445 0.11976 13
-0.36648 0.03754 50.03971 0 -1.12500 11.55000 46.98786 0.10732 -13
0.06139 0.10568 49.24202 0 -3.20000 -0.07500 49.15049 0.10146 13
-0.71397 0.14621 20.48134 0 -4.37500 22.35000 16.72803 0.12459 -13
-0.72866 -0.25265 20.48134 0 7.65000 22.80000 16.72803 0.12721 -13
0.10596 -0.17969 7.54004 0 5.35000 -2.45000 7.49944 0.10284 13
1.77093 -0.00069 4.62582 0 -0.20000 -55.95000 2.27447 0.20487 13
-0.55257 0.00022 66.92455 0 -0.02500 17.65000 58.57664 0.11506 13
-0.33209 0.05993 30.60358 0 -1.80000 7.60000 29.04914 0.10628 -13
-0.96610 -0.10648 95.88466 0 3.22500 29.25000 69.14712 0.14043 -13
-0.27530 -0.10970 55.72656 0 3.32500 6.67500 53.75025 0.10504 -13
-0.12012 0.09092 94.34451 0 -2.75000 4.90000 93.67660 0.10184 -13
-1.94141 -0.14383 6.33260 0 4.17500 58.25000 2.92306 0.22027 13
-1.43744 0.10194 61.96761 0 -3.10000 45.30000 35.51139 0.17665 13
-1.49155 0.00075 79.79711 0 -0.02500 46.60000 44.43643 0.18084 -13
-1.99214 -0.03459 60.38209 0 1.05000 61.65000 27.10163 0.22451 -13
0.72655 -0.05808 86.14312 0 1.75000 -20.30000 69.73138 0.12461 13
-0.31818 -0.12526 71.65338 0 3.77500 9.35000 68.32886 0.10643 -13
1.39096 0.13993 93.34208 0 -4.22500 -40.12500 54.83513 0.17308 -13
1.42307 -0.25924 93.34208 0 7.82500 -41.10000 54.83513 0.17709 -13
-0.27227 -0.13594 43.01392 0 4.10000 9.15000 41.52902 0.10527 -13
-1.05538 -0.17639 23.52413 0 5.30000 33.05000 16.31116 0.14745 13
-1.04987 -0.10522 49.02643 0 3.15000 31.87500 33.91199 0.14638 13
-1.39554 0.11894 18.90318 0 -3.55000 42.52500 11.06232 0.17326 -13
-1.72978 0.07592 17.74918 0 -2.22500 52.20000 8.90296 0.20133 -13
1.88456 -0.21631 56.40488 0 6.50000 -56.40000 26.91229 0.21592 13
1.85199 0.07298 10.77438 0 -2.30000 -55.47500 5.12872 0.21217 13
-10.59349 -2.08394 10.77438 0 -2.10000 -56.10000 5.12872 0.21337 13
-0.50741 -0.24606 92.35944 0 7.42500 12.65000 82.84898 0.11562 -13
1.03060 -0.13548 64.47514 0 4.07500 -31.80000 45.10802 0.14525 13
1.44601 0.04694 99.40869 0 -1.42500 -40.95000 56.58452 0.17711 13
0.59149 -0.02858 9.90681 0 0.92500 -19.32500 8.52790 0.11705 -13
-0.31177 -0.23477 77.58722 0 7.07500 9.47500 74.24281 0.10810 13
-0.20665 0.01610 89.39995 0 -0.50000 5.52500 87.55048 0.10285 13
0.49078 0.00223 48.49754 0 -0.07500 -17.40000 43.53702 0.11218 13
0.38329 -0.19172 39.57629 0 5.80000 -10.75000 37.03904 0.10957 -13
1.26889 0.01206 98.43367 0 -0.35000 -37.15000 60.93045 0.16270 -13
-0.43141 -0.07862 57.79081 0 2.37500 13.10000 53.08919 0.10996 -13
0.38766 -0.12238 90.57732 0 3.67500 -11.67500 84.53461 0.10870 13
1.48450 0.04372 12.39684 0 -1.25000 -45.47500 6.93091 0.18028 -13
0.40649 0.11675 40.44514 0 -3.50000 -12.70000 37.50367 0.10934 -13
-0.88620 -0.22146 46.10116 0 6.67500 26.45000 34.86277 0.13638 13
0.77746 0.13270 57.72762 0 -4.00000 -23.20000 45.72359 0.12825 -13
0.79767 -0.26684 57.72762 0 8.05000 -23.82500 45.72359 0.13161 -13
0.93477 0.07632 86.56315 0 -2.30000 -26.22500 63.32271 0.13807 -13
-1.76350 0.14549 61.03281 0 -4.37500 53.75000 30.34413 0.20466 -13
-1.80020 -0.25341 61.03281 0 7.65000 54.87500 30.34413 0.20898 -13
0.31617 0.04869 92.38289 0 -1.47500 -11.70000 88.09459 0.10573 -13
0.34240 0.09535 49.00087 0 -2.87500 -9.22500 46.38080 0.10688 13
-1.36313 -0.16974 2.74424 0 4.82500 43.67500 1.63852 0.17093 13
0.34292 -0.09190 49.09771 0 2.75000 -10.45000 46.46334 0.10686 13
-0.36615 0.10670 12.97369 0 -3.25000 13.57500 12.19093 0.10780 13
0.34394 0.00814 72.58140 0 -0.25000 -10.70000 68.63553 0.10650 13
-0.02793 -0.21090 87.36667 0 6.35000 -1.22500 87.33405 0.10295 13
0.55872 0.04422 38.82311 0 -1.35000 -15.15000 33.89969 0.11544 13
0.14027 -0.16337 90.31969 0 4.92500 -4.02500 89.46634 0.10302 -13
0.45294 -0.19695 35.58589 0 5.95000 -11.17500 32.51903 0.11233 -13
-0.44722 -0.00072 41.61431 0 0.02500 14.10000 37.98844 0.11032 -13
0.73155 -0.05312 9.17126 0 1.55000 -22.12500 7.40572 0.12489 13
0.69256 0.03711 88.22408 0 -1.12500 -19.12500 72.54445 0.12255 13
-0.10542 -0.01616 98.41764 0 0.50000 2.30000 97.87543 0.10127 -13
0.04388 0.08712 19.11949 0 -2.60000 -1.37500 19.10127 0.10117 -13
0.05293 -0.23988 47.03077 0 7.25000 0.17500 46.96857 0.10370 -13
-0.82695 -0.17585 8.31987 0 5.22500 23.90000 6.45061 0.13183 13
1.04664 -0.14822 35.09891 0 4.50000 -32.52500 24.38423 0.14655 -13
-0.75634 -0.19256 59.64554 0 5.80000 25.32500 47.88436 0.12773 13
1.26609 -0.12991 48.98159 0 3.92500 -37.25000 30.51622 0.16301 -13
-1.03105 0.01432 14.51248 0 -0.37500 30.05000 10.10460 0.14465 -13
0.10215 -0.05007 91.39749 0 1.50000 -2.20000 90.92556 0.10136 13
-0.72018 -0.14696 24.37194 0 4.45000 20.02500 19.84919 0.12499 -13
-0.19258 -0.11662 59.02812 0 3.52500 6.82500 57.97690 0.10323 -13
0.42123 -0.17974 73.00024 0 5.42500 -12.35000 67.43458 0.11077 -13
1.98595 0.08514 73.66870 0 -2.57500 -60.42500 33.22735 0.22409 13
-1.70099 -0.08794 22.44134 0 2.60000 51.10000 11.40586 0.19887 13
-0.34037 -0.19476 45.13045 0 5.87500 12.40000 42.80473 0.10816 13
-0.12014 0.14025 94.52610 0 -4.22500 2.42500 93.86404 0.10241 13
-0.12289 -0.25893 94.52610 0 7.80000 2.52500 93.86404 0.10475 13
0.21681 0.04376 39.59597 0 -1.30000 -4.60000 38.69852 0.10314 -13
-1.71171 0.01850 28.93281 0 -0.60000 51.67500 14.59600 0.19965 13
1.40443 -0.06801 38.03309 0 2.02500 -41.62500 22.09400 0.17374 13
-0.94195 -0.21682 58.95372 0 6.55000 28.20000 43.37396 0.14007 -13
-0.24535 -0.19969 22.47182 0 6.00000 5.40000 21.84803 0.10561 13
-1.01863 -0.10044 80.11346 0 3.02500 31.67500 56.26713 0.14410 13
0.04454 0.06579 53.03036 0 -2.00000 -2.25000 52.97806 0.10102 13
0.72404 -0.17039 61.21658 0 5.12500 -23.97500 49.82665 0.12550 13
1.46773 -0.04406 47.24542 0 1.35000 -45.97500 26.61995 0.17890 -13
1.74191 -2.22309 47.24542 0 1.47500 -45.92500 26.61995 0.17902 -13
-0.53318 1.52089 47.24542 0 2.20000 -46.55000 26.61995 0.18258 -13
-0.75420 -0.21688 47.24542 0 0.55000 -45.17500 26.61995 0.19473 -13
0.58967 0.60044 47.24542 0 2.00000 -43.75000 26.61995 0.20358 -13
-0.35175 0.35830 47.24542 0 0.67500 -42.90000 26.61995 0.21167 -13
1.75528 0.97768 47.24542 0 2.05000 -41.15000 26.61995 0.22481 -13
0.49323 -4.98854 47.24542 0 2.77500 -40.92500 26.61995 0.22809 -13
-0.34445 0.48145 47.24542 0 3.85000 -41.77500 26.61995 0.23453 -13
0.31561 -0.10791 21.42436 0 3.22500 -9.42500 20.44164 0.10615 13
-0.79704 -0.22010 56.50177 0 6.65000 25.55000 44.58611 0.13068 -13
0.38585 -0.21991 92.27574 0 6.65000 -10.82500 86.34802 0.11019 -13
-0.96986 0.06986 29.16283 0 -2.12500 30.15000 20.95871 0.14047 13
-0.09967 -0.16153 29.05446 0 4.85000 0.82500 28.91481 0.10249 13
1.90460 -0.05309 2.12881 0 2.07500 -56.70000 0.98988 0.21736 -13
0.86678 -0.11540 94.70418 0 3.47500 -23.92500 71.76539 0.13377 13
-0.98939 -0.04392 95.11953 0 1.32500 30.10000 67.64937 0.14173 -13
0.09261 -0.17729 7.29722 0 5.42500 -1.97500 7.26707 0.10275 -13
1.65085 0.13935 45.82741 0 -4.22500 -47.72500 23.91101 0.19489 13
1.68944 -0.25989 45.82741 0 7.82500 -48.87500 23.91101 0.19939 13
-0.25863 -0.11259 69.71215 0 3.40000 9.07500 67.51792 0.10463 13
0.69428 0.03027 25.47059 0 -0.92500 -20.05000 20.92554 0.12264 13
0.84791 -0.24146 84.81089 0 7.27500 -26.70000 65.44530 0.13424 13
0.96650 0.14576 55.27809 0 -4.40000 -27.82500 39.94859 0.14083 13
0.98660 -0.25322 55.27809 0 7.62500 -28.42500 39.94859 0.14373 13
1.72398 -0.24221 5.74015 0 7.47500 -51.07500 2.94184 0.20249 -13
1.13497 -0.16407 27.58074 0 4.97500 -35.95000 18.36866 0.15326 -13
-0.42327 0.06907 89.27846 0 -2.10000 12.25000 82.24649 0.10957 13
0.27536 -0.15776 33.88182 0 4.75000 -8.25000 32.69398 0.10565 13
1.50951 -0.12231 51.51005 0 3.67500 -46.87500 28.59410 0.18274 13
-1.48696 -0.10105 40.35496 0 3.02500 43.87500 22.59763 0.18074 13
-1.21561 0.04462 1.98179 0 -0.97500 35.22500 1.26000 0.15870 -13
-1.57396 0.14297 31.90405 0 -4.35000 51.47500 17.23213 0.18837 13
-1.60840 -0.25615 31.90405 0 7.70000 52.50000 17.23213 0.19241 13
0.45778 -0.18641 86.85586 0 5.62500 -12.75000 79.20472 0.11233 13
-0.21034 0.00002 44.80953 0 -0.00000 5.52500 43.84998 0.10291 13
-0.56796 -0.16794 64.17154 0 5.05000 17.35000 55.98728 0.11704 13
1.10790 0.07387 49.53547 0 -2.25000 -33.67500 33.24042 0.15048 13
-0.26729 -0.13111 82.65888 0 3.95000 8.70000 79.90056 0.10507 13
1.03140 -0.10247 51.05656 0 3.10000 -29.87500 35.63529 0.14504 -13
1.72358 -0.09996 89.28983 0 3.02500 -53.45000 44.97571 0.20093 -13
1.28930 0.08382 7.58852 0 -2.62500 -36.10000 4.66141 0.16458 13
1.10244 0.06395 77.53204 0 -1.92500 -35.37500 52.14885 0.15002 -13
0.39052 -0.08287 58.12584 0 2.50000 -12.32500 54.16817 0.10843 13
-0.37717 -0.18144 22.80883 0 5.50000 12.42500 21.38367 0.10918 -13
0.24304 -0.11892 66.18297 0 3.57500 -5.42500 64.33586 0.10432 13
-0.11179 -0.04093 16.71682 0 1.20000 4.85000 16.61349 0.10141 13
1.15328 0.03415 94.08677 0 -1.02500 -35.80000 61.65825 0.15376 -13
1.85325 -0.10723 80.03870 0 3.22500 -55.12500 38.17595 0.21234 13
-1.11984 -0.08541 34.04830 0 2.60000 33.37500 22.72416 0.15144 -13
0.68087 0.01155 57.48039 0 -0.35000 -19.80000 47.51406 0.12183 -13
-0.34030 0.01267 15.04639 0 -0.42500 12.57500 14.24430 0.10639 13
0.24770 -0.13690 9.00519 0 4.20000 -7.97500 8.74555 0.10469 -13
1.01929 0.13706 78.04198 0 -4.12500 -31.07500 54.91286 0.14445 -13
1.04399 -0.26225 78.04198 0 7.92500 -31.82500 54.91286 0.14796 -13
0.66710 0.10821 36.91988 0 -3.27500 -19.07500 30.76809 0.12155 13
-0.33628 0.07441 3.20639 0 -2.07500 9.57500 3.04019 0.10652 -13
-0.63609 0.08671 54.73428 0 -2.62500 19.67500 46.23302 0.11967 13
-0.79973 0.12461 28.62040 0 -3.77500 25.87500 22.41877 0.12956 13
-0.82311 -0.27542 28.62040 0 8.27500 26.57500 22.41877 0.13332 13
-0.40046 -0.01364 56.25295 0 0.40000 11.97500 52.22138 0.10848 13
-0.09916 -0.04425 41.66091 0 1.32500 3.35000 41.45796 0.10129 13
-0.23237 -0.01278 72.78002 0 0.40000 5.95000 70.89164 0.10339 -13
-0.23189 -0.17351 6.18610 0 5.15000 5.85000 6.03057 0.10481 13
0.69703 0.06874 31.28313 0 -2.05000 -19.40000 25.68363 0.12294 -13
0.41704 -0.15310 70.94823 0 4.62500 -14.05000 65.59337 0.11019 -13
2.09619 -0.19644 92.66744 0 5.95000 -63.67500 40.51882 0.23473 -13
0.49655 0.09973 42.13442 0 -3.00000 -17.50000 37.77512 0.11287 -13
-0.72494 -0.23038 75.21743 0 6.95000 21.82500 61.43407 0.12651 13
0.87299 0.05275 57.09422 0 -1.60000 -26.95000 43.03612 0.13379 13
0.87377 0.00376 71.44564 0 -0.12500 -27.37500 53.80081 0.13373 13
0.41655 0.06014 99.51741 0 -1.82500 -14.07500 91.89054 0.10926 13
-0.23005 0.11473 26.67066 0 -3.47500 6.12500 26.00034 0.10398 13
-0.83948 -0.01825 12.60002 0 0.60000 24.55000 9.65121 0.13151 -13
1.09834 0.03398 67.68551 0 -1.02500 -34.42500 45.58226 0.14962 13
0.41525 -0.01595 24.21210 0 0.50000 -10.97500 22.36130 0.10905 -13
1.56895 -0.24426 47.96437 0 7.35000 -47.57500 26.31192 0.18894 13
-0.83000 -0.19916 20.20996 0 5.97500 22.62500 15.67342 0.13238 13
1.34718 -0.07694 5.31958 0 2.47500 -42.55000 3.17682 0.16923 -13
0.08917 -0.00815 37.01979 0 0.25000 -2.17500 36.87352 0.10111 -13
1.87391 0.03706 67.39961 0 -1.12500 -57.27500 31.74921 0.21394 13
-0.89401 0.14630 15.49740 0 -4.45000 24.42500 11.60691 0.13592 13
-0.91235 -0.25271 15.49740 0 7.57500 24.97500 11.60691 0.13864 13
-1.10966 0.04847 71.98457 0 -1.45000 33.90000 48.22070 0.15051 -13
1.15293 0.04306 99.88090 0 -1.30000 -35.95000 65.47955 0.15375 13
-0.73279 -0.09021 74.52697 0 2.70000 21.05000 60.19926 0.12517 13
0.20127 -0.23103 79.26009 0 6.97500 -6.20000 77.77870 0.10533 -13
-0.18184 -0.04564 80.57888 0 1.37500 3.42500 79.28141 0.10246 13
0.40586 -0.16766 27.86402 0 5.07500 -15.22500 25.86865 0.11000 -13
0.95773 -0.06071 18.14905 0 1.87500 -26.72500 13.11833 0.13959 -13
-0.21799 -0.24273 40.53411 0 7.30000 6.80000 39.65421 0.10592 13
-0.02054 0.12244 16.27921 0 -3.65000 1.55000 16.27582 0.10147 -13
-0.02112 -0.27761 16.27921 0 8.40000 1.57500 16.27582 0.10457 -13
-0.18416 -0.13478 19.97838 0 4.05000 3.07500 19.65370 0.10328 13
-0.69490 -0.15221 46.42504 0 4.60000 19.35000 38.26521 0.12360 -13
0.75894 -0.00733 30.77710 0 0.20000 -22.32500 24.51636 0.12642 13
1.08201 -0.23947 53.61951 0 7.20000 -32.40000 36.93716 0.15030 13
-0.31628 -0.02605 49.56546 0 0.80000 7.72500 47.25936 0.10565 -13
-0.04901 0.02156 88.03929 0 -0.65000 0.67500 87.93380 0.10085 -13
-0.76878 -0.16393 38.73142 0 4.95000 24.75000 30.85717 0.12811 -13
1.62009 -0.20481 23.88165 0 6.15000 -48.45000 12.73103 0.19278 13
0.42372 0.11251 80.49649 0 -3.37500 -11.72500 74.18826 0.10995 -13
0.21075 -0.06402 3.16232 0 2.07500 -9.35000 3.09467 0.10321 -13
-1.49035 -0.15240 14.37322 0 4.65000 44.95000 8.07157 0.18146 -13
0.88588 0.00028 83.17282 0 -0.02500 -26.72500 62.25695 0.13453 13
0.22747 0.12126 66.84615 0 -3.65000 -7.55000 65.20424 0.10399 -13
0.23442 -0.27893 66.84615 0 8.42500 -7.77500 65.20424 0.10719 -13
1.16373 -0.21980 32.55210 0 6.60000 -35.87500 21.51668 0.15595 13
-0.24458 -0.00424 69.07516 0 0.12500 8.70000 67.09758 0.10367 -13
2.04421 0.01679 28.31034 0 -0.47500 -62.35000 12.44176 0.22918 -13
0.37222 -0.14010 38.53355 0 4.25000 -10.17500 36.15513 0.10838 -13
-1.91873 0.11679 68.41861 0 -3.50000 57.22500 31.78999 0.21819 -13
-1.11673 -0.08968 91.71145 0 2.70000 32.92500 61.31694 0.15110 13
-0.84831 -1.74605 91.71145 0 2.75000 32.95000 61.31694 0.15132 13
0.61652 1.34233 91.71145 0 3.45000 33.42500 61.31694 0.15484 13
-0.44308 -0.11831 57.13513 0 3.55000 12.77500 52.29618 0.11078 13
-1.41202 0.14228 45.72102 0 -4.27500 44.17500 26.60080 0.17482 -13
-1.44326 -0.25678 45.72102 0 7.77500 45.15000 26.60080 0.17873 -13
1.35607 -0.08785 97.53294 0 2.65000 -40.55000 58.02927 0.16991 -13
1.72075 -0.01057 88.52215 0 0.32500 -54.10000 44.48021 0.20043 -13
-0.35961 -0.22374 88.80797 0 6.75000 12.75000 83.79787 0.10935 13
-0.03094 -0.15016 12.29089 0 4.50000 1.62500 12.28515 0.10186 13
-0.04288 -0.06637 53.36820 0 2.00000 0.37500 53.31941 0.10102 13
-2.01987 -0.24179 56.17768 0 7.27500 62.85000 25.49719 0.22824 13
-0.01411 -0.16782 13.26939 0 5.10000 0.65000 13.26810 0.10214 -13
-2.00801 0.02090 14.82874 0 -0.55000 61.45000 6.61140 0.22591 -13
-0.13058 -0.13563 7.45581 0 4.15000 3.80000 7.39427 0.10251 -13
0.82110 -0.18514 59.17354 0 5.60000 -26.30000 46.04084 0.13163 -13
-0.19368 0.02924 14.54455 0 -0.92500 6.37500 14.27945 0.10262 13
-2.00948 -0.22089 31.13594 0 6.70000 62.07500 14.13800 0.22719 -13
-1.46662 -0.20224 12.63892 0 6.17500 43.70000 7.21772 0.18000 -13
-0.50235 -0.24182 42.82843 0 7.27500 12.70000 38.48538 0.11529 13
0.62523 -0.11787 45.81366 0 3.55000 -16.40000 38.92078 0.11935 13
-2.01265 0.11804 41.96912 0 -3.52500 60.20000 18.77800 0.22661 -13
0.46974 -0.11563 29.13340 0 3.47500 -14.22500 26.40041 0.11187 13
0.07280 0.05539 14.00213 0 -1.62500 -3.52500 13.96529 0.10112 -13
1.33299 0.14866 51.42946 0 -4.47500 -39.32500 31.07885 0.16845 -13
1.35909 -0.25014 51.42946 0 7.55000 -40.12500 31.07885 0.17179 -13
-1.75959 -0.02621 55.10508 0 0.77500 52.85000 27.23403 0.20382 13
-0.03090 0.06271 46.10968 0 -1.87500 2.55000 46.08776 0.10094 -13
0.02373 0.08296 99.78530 0 -2.50000 -1.05000 99.75738 0.10108 13
-0.01661 -0.24810 72.53250 0 7.47500 -0.20000 72.52308 0.10376 13
-0.21841 -0.17861 86.25163 0 5.37500 5.97500 84.32449 0.10463 13
1.15574 -0.21015 24.49326 0 6.37500 -32.50000 16.22318 0.15539 -13
-0.06764 -0.20840 81.29915 0 6.27500 4.12500 81.12151 0.10309 13
1.21654 -0.21113 53.58634 0 6.35000 -33.60000 34.46887 0.15999 13
-0.69439 -0.09333 13.68101 0 2.85000 18.55000 11.25371 0.12298 -13
0.08630 -0.20924 96.05209 0 6.30000 -2.87500 95.71129 0.10325 13
1.07290 -0.00560 83.57302 0 0.15000 -33.45000 56.98227 0.14770 13
1.02525 0.13449 88.89480 0 -4.07500 -33.67500 62.35307 0.14487 13
1.05116 -0.26499 88.89480 0 7.97500 -34.45000 62.35307 0.14851 13
-0.41345 -0.19867 20.72181 0 5.97500 12.80000 19.20294 0.11078 13
-0.55292 0.00881 22.73575 0 -0.30000 16.92500 19.89682 0.11508 13
1.58101 0.03333 24.78539 0 -0.97500 -47.90000 13.25475 0.18841 -13
-0.21341 0.08558 92.40189 0 -2.57500 6.80000 90.38146 0.10333 -13
-0.55405 -0.18424 37.87201 0 5.57500 16.90000 33.25573 0.11662 -13
-0.13705 0.11640 14.32545 0 -3.55000 3.67500 14.19451 0.10233 13
0.12278 0.02395 62.47649 0 -0.72500 -4.77500 62.01111 0.10149 -13
-0.30493 -0.08987 64.44244 0 2.70000 5.62500 61.66124 0.10567 13
0.45658 0.05217 66.81744 0 -1.57500 -12.85000 60.79593 0.11083 13
1.95253 0.05946 97.93800 0 -1.80000 -59.25000 44.70744 0.22100 13
1.22491 -0.20121 30.53653 0 6.10000 -37.57500 19.54060 0.16056 -13
-0.86428 -0.07196 24.08055 0 2.20000 26.77500 18.23913 0.13331 -13
0.86083 0.12416 17.52659 0 -3.77500 -25.22500 13.32622 0.13349 13
0.88622 -0.27597 17.52659 0 8.27500 -25.97500 13.32622 0.13735 13
-0.44376 0.12714 49.48828 0 -3.82500 14.42500 45.29381 0.11091 -13
-0.45629 -0.27270 49.48828 0 8.22500 14.80000 45.29381 0.11406 -13
1.71648 -0.14472 40.52264 0 4.37500 -50.25000 20.55901 0.20058 -13
0.21850 0.00781 60.72503 0 -0.22500 -7.37500 59.32553 0.10308 -13
-0.49751 0.01216 58.43475 0 -0.35000 16.17500 52.31838 0.11248 -13
1.43687 0.11379 62.28334 0 -3.42500 -42.60000 35.73247 0.17665 -13
-0.04287 -0.15061 6.46510 0 4.47500 2.60000 6.45927 0.10191 13
1.52380 -0.19670 18.99770 0 5.87500 -45.30000 10.56121 0.18457 13
0.29522 0.14642 58.51727 0 -4.40000 -6.92500 56.16975 0.10603 -13
0.30127 -0.25248 58.51727 0 7.62500 -7.12500 56.16975 0.10821 -13
-0.30163 0.05003 55.50971 0 -1.52500 10.57500 53.15024 0.10530 13
0.19319 -0.08043 97.01963 0 2.42500 -7.40000 95.26923 0.10289 -13
0.54174 -0.09631 60.26700 0 2.92500 -18.47500 53.04628 0.11495 -13
0.16494 0.01489 68.08941 0 -0.45000 -3.32500 67.18190 0.10207 -13
-1.21253 -0.14155 34.58757 0 4.30000 35.52500 22.13592 0.15894 -13
0.46201 0.00629 19.22608 0 -0.22500 -15.27500 17.45331 0.11094 13
0.15207 -0.01416 21.77441 0 0.40000 -7.30000 21.52703 0.10187 13
-0.38589 -0.15402 34.66190 0 4.65000 11.25000 32.38611 0.10906 -13
-0.83040 0.10058 32.10759 0 -3.02500 25.00000 24.75214 0.13128 -13
0.09691 -0.01660 3.17416 0 0.65000 -1.52500 3.15933 0.10126 -13
-0.72389 0.09437 55.39079 0 -2.85000 21.87500 44.93720 0.12469 13
-0.18076 -0.14912 55.66960 0 4.50000 9.35000 54.80055 0.10344 -13
-0.97049 -0.07317 16.45272 0 2.25000 29.52500 11.82248 0.14053 -13
0.20515 -0.19354 83.76640 0 5.82500 -6.97500 82.11736 0.10463 13
-1.12194 0.06655 67.36422 0 -2.02500 33.02500 44.87820 0.15150 13
-0.28587 0.14218 15.76101 0 -4.32500 8.07500 15.16536 0.10573 13
-0.29217 -0.25694 15.76101 0 7.72500 8.27500 15.16536 0.10803 13
-0.37256 0.05737 60.83554 0 -1.75000 12.60000 57.01920 0.10762 13
-0.64236 -0.04077 19.27951 0 1.25000 21.27500 16.22487 0.11977 -13
-1.68466 0.11891 58.08699 0 -3.60000 52.17500 29.80391 0.19765 13
-1.73789 -0.28147 58.08699 0 8.47500 53.77500 29.80391 0.20385 13
-0.11646 0.08753 14.46293 0 -2.67500 2.10000 14.36646 0.10178 13
-1.18765 -0.21988 42.90690 0 6.62500 35.32500 28.01567 0.15790 13
-0.11303 -0.00926 44.59463 0 0.30000 2.62500 44.31249 0.10135 -13
-1.13535 -0.08223 66.69677 0 2.47500 33.75000 44.16775 0.15258 13
-0.32663 -0.09346 37.16911 0 2.82500 9.15000 35.34700 0.10636 -13
-0.44032 -0.06612 71.33618 0 1.97500 13.02500 65.31039 0.11023 13
0.77508 0.04960 85.69619 0 -1.50000 -24.82500 67.76389 0.12751 13
1.13422 0.10493 49.74424 0 -3.17500 -32.35000 32.99817 0.15265 13
0.73188 0.08105 53.22006 0 -2.45000 -20.25000 42.99552 0.12506 13
1.76336 0.12956 1.62223 0 -3.30000 -53.90000 0.80543 0.20448 -13
0.03313 -0.07655 61.19137 0 2.30000 -1.62500 61.15799 0.10105 13
0.06642 0.05449 10.17146 0 -1.70000 -1.07500 10.14912 0.10109 13
0.61119 0.11971 62.16555 0 -3.60000 -16.97500 53.14561 0.11863 -13
0.63030 -0.28057 62.16555 0 8.47500 -17.55000 53.14561 0.12235 -13
-2.06369 0.14199 38.40916 0 -4.32500 61.60000 16.88427 0.23142 13
-2.10954 -0.25709 38.40916 0 7.72500 62.95000 16.88427 0.23648 13
-0.60834 -0.13877 54.42484 0 4.20000 17.12500 46.61739 0.11870 -13
-0.19469 -0.07539 99.21190 0 2.27500 6.27500 97.39344 0.10287 -13
0.13087 0.14844 40.59867 0 -4.50000 -2.50000 40.26265 0.10266 13
0.13345 -0.25039 40.59867 0 7.55000 -2.60000 40.26265 0.10467 13
0.38865 -0.08022 55.66989 0 2.40000 -10.92500 51.91061 0.10834 13
0.41938 0.05081 41.76122 0 -1.55000 -13.27500 38.51883 0.10932 13
-0.51156 -0.13814 68.97259 0 4.17500 14.40000 61.52367 0.11397 -13
0.75438 -0.14604 89.00687 0 4.42500 -22.35000 71.32634 0.12701 -13
-0.15406 -0.07168 80.50396 0 2.15000 4.52500 79.56994 0.10215 13
0.36150 -0.10283 45.38052 0 3.12500 -9.62500 42.70329 0.10759 -13
-0.55034 -0.02380 50.89146 0 0.70000 17.65000 44.58869 0.11497 13
-0.55009 -0.14462 17.61384 0 4.40000 18.02500 15.46996 0.11586 -13
-0.09993 0.05965 47.75998 0 -1.80000 0.32500 47.52410 0.10138 13
-0.71259 0.12282 32.50715 0 -3.70000 21.37500 26.53992 0.12427 -13
-0.73398 -0.27726 32.50715 0 8.37500 22.02500 26.53992 0.12802 -13
1.33319 -0.11956 89.44525 0 3.60000 -39.87500 53.91426 0.16825 13
2.09017 -0.08303 53.47452 0 2.52500 -60.90000 23.14354 0.23349 -13
0.14804 -0.04708 17.18282 0 1.45000 -3.52500 16.99800 0.10191 -13
-0.61720 -0.19942 95.25145 0 6.02500 20.22500 81.48687 0.12004 -13
1.56814 0.06462 40.37610 0 -1.92500 -47.65000 21.74177 0.18739 -13
0.02561 -0.20408 7.57045 0 6.10000 -0.27500 7.56806 0.10278 13
-0.82568 -0.02859 66.37853 0 0.87500 25.27500 51.19394 0.13063 -13
1.96415 0.13716 41.72862 0 -4.10000 -61.12500 19.07353 0.22235 -13
2.01168 -0.26206 41.72862 0 7.92500 -62.57500 19.07353 0.22781 -13
-0.76733 -0.06022 97.25608 0 1.82500 23.35000 77.20978 0.12708 13
-0.28155 -0.07755 95.43135 0 2.35000 9.47500 91.87990 0.10491 -13
0.74956 0.09910 89.44837 0 -2.97500 -21.02500 71.69901 0.12625 -13
-1.62645 -0.18651 13.96140 0 5.70000 50.02500 7.40351 0.19327 -13
1.94732 -0.13772 91.90882 0 4.17500 -60.57500 42.29764 0.22090 -13
0.02690 -0.07247 81.04975 0 2.17500 -3.12500 81.02059 0.10100 13
0.28429 -0.21630 36.77528 0 6.55000 -7.40000 35.43287 0.10694 -13
0.31191 0.04468 38.09590 0 -1.35000 -9.52500 36.37102 0.10559 13
0.79991 -0.01926 35.95122 0 0.57500 -23.92500 28.07605 0.12898 13
1.16612 0.13537 26.42329 0 -4.05000 -36.55000 17.29066 0.15528 -13
1.19520 -0.26404 26.42329 0 8.00000 -37.45000 17.29066 0.15920 -13
-0.96547 -0.22334 93.68819 0 6.72500 28.17500 68.18706 0.14177 13
2.02613 0.04162 56.86549 0 -1.27500 -60.25000 25.18517 0.22757 13
0.15839 0.10342 14.80044 0 -3.07500 -4.82500 14.62012 0.10248 -13
-0.37955 -0.14466 22.53692 0 4.35000 13.47500 21.09775 0.10868 13
-0.21108 -0.22037 55.47205 0 6.65000 6.30000 54.32977 0.10529 -13
-0.03307 0.12650 57.33588 0 -3.82500 1.37500 57.30506 0.10157 13
-0.03402 -0.27342 57.33588 0 8.25000 1.40000 57.30506 0.10445 13
-0.94722 0.06075 17.69020 0 -1.87500 29.85000 12.85467 0.13885 13
0.77004 -0.12221 20.32304 0 3.65000 -20.62500 16.14618 0.12768 13
0.44098 -0.24718 57.07454 0 7.47500 -11.47500 52.46858 0.11285 -13
0.79327 0.03617 98.34288 0 -1.07500 -25.47500 77.06459 0.12859 -13
-0.89003 0.13594 58.59733 0 -4.12500 26.45000 43.94825 0.13551 13
-0.91199 -0.26346 58.59733 0 7.92500 27.12500 43.94825 0.13884 13
-2.18964 -0.06053 53.41076 0 1.85000 63.52500 22.22168 0.24250 -13
-0.73007 0.05015 35.30907 0 -1.50000 21.55000 28.53037 0.12478 -13
0.65291 -0.14095 1.97627 0 4.55000 -18.67500 1.66040 0.12139 -13
-1.88277 -0.15959 30.93783 0 4.85000 56.02500 14.65553 0.21531 -13
2.04181 0.05385 74.64197 0 -1.60000 -62.97500 32.86857 0.22902 -13
-0.62973 -0.12990 87.21181 0 3.92500 20.45000 73.97251 0.11973 -13
0.35136 -0.23233 79.64729 0 7.02500 -7.92500 75.35610 0.10927 -13
1.64462 -0.20357 31.22331 0 6.17500 -50.05000 16.46207 0.19495 -13
-1.40654 -0.09185 92.10243 0 2.77500 38.80000 53.51776 0.17404 -13
0.99542 -0.19328 64.88976 0 5.85000 -31.47500 46.40730 0.14343 -13
-0.39997 0.03149 79.31650 0 -0.95000 10.80000 73.64923 0.10850 -13
-1.45265 -0.19352 30.57706 0 5.87500 43.65000 17.55436 0.17870 -13
-0.18164 0.02185 12.52573 0 -0.62500 5.35000 12.32409 0.10238 -13
1.08193 -0.04459 3.39187 0 1.55000 -32.55000 2.30346 0.14856 -13
-0.45834 0.10495 67.65972 0 -3.15000 13.57500 61.56518 0.11128 -13
0.32326 -0.22346 64.25653 0 6.72500 -8.27500 61.27928 0.10820 13
1.15620 -0.12664 85.36662 0 3.82500 -36.27500 56.09752 0.15448 -13
1.43509 0.08514 38.75543 0 -2.60000 -44.32500 22.21126 0.17636 13
-1.11574 0.11599 20.59567 0 -3.47500 36.45000 13.79777 0.15131 -13
0.45065 -0.03249 81.51885 0 0.97500 -12.70000 74.32752 0.11050 13
0.46330 -0.07212 45.96990 0 2.17500 -15.65000 41.72983 0.11122 13
-0.83439 -0.00981 35.34841 0 0.27500 26.42500 27.14206 0.13116 13
-0.45165 0.02046 10.83778 0 -0.57500 13.25000 9.87745 0.11052 -13
-0.12301 -0.03632 58.13423 0 1.10000 2.02500 57.69989 0.10153 13
-0.50748 0.00608 76.22251 0 -0.20000 15.20000 67.97109 0.11293 13
-0.33550 -0.12865 81.30709 0 3.87500 8.75000 77.14822 0.10701 13
1.18748 0.14837 68.77544 0 -4.47500 -37.10000 44.58266 0.15704 -13
1.21089 -0.25044 68.77544 0 7.57500 -37.82500 44.58266 0.16016 -13
1.80654 -0.22473 41.67833 0 6.75000 -53.92500 20.56650 0.20913 13
0.95381 0.02805 16.31971 0 -0.90000 -29.27500 11.81140 0.13920 13
-0.07823 -0.17762 76.59109 0 5.35000 -0.32500 76.36484 0.10258 13
0.88930 0.08476 49.62522 0 -2.55000 -24.80000 37.14130 0.13503 -13
-0.52332 0.01442 7.31196 0 -0.50000 15.32500 6.47755 0.11370 13
0.66577 -0.15714 86.47128 0 4.72500 -21.07500 72.24638 0.12201 13
-0.53319 -0.09058 26.20929 0 2.75000 15.40000 23.14808 0.11450 -13
-0.21925 0.08942 89.55798 0 -2.70000 9.87500 87.49593 0.10349 -13
1.46148 0.13966 95.64583 0 -4.20000 -44.07500 54.36664 0.17888 -13
1.49539 -0.25951 95.64583 0 7.85000 -45.10000 54.36664 0.18305 -13
-2.05318 -0.24043 7.20702 0 7.42500 64.05000 3.22860 0.23150 -13
-1.51901 -0.13940 23.65174 0 4.25000 45.80000 13.09308 0.18370 -13
-0.66428 0.14165 2.74841 0 -4.05000 17.45000 2.29613 0.12172 -13
-0.67935 -0.25723 2.74841 0 7.97500 17.95000 2.29613 0.12478 -13
-1.36367 0.10259 45.36460 0 -3.07500 42.75000 26.91700 0.17060 -13
0.79974 0.05590 13.43436 0 -1.65000 -22.62500 10.49790 0.12906 -13
-0.43954 0.05287 86.50517 0 -1.60000 13.72500 79.21069 0.11013 -13
1.84424 0.01371 16.80895 0 -0.47500 -53.47500 8.01230 0.21130 13
1.06413 0.09750 40.28109 0 -2.92500 -30.25000 27.65428 0.14737 -13
0.36497 -0.09661 85.93918 0 2.92500 -10.85000 80.77484 0.10764 -13
0.89202 0.02214 87.36628 0 -0.65000 -24.75000 65.20362 0.13496 -13
0.10901 -0.02383 97.18954 0 0.72500 -2.97500 96.61748 0.10133 -13
1.37505 -0.22135 35.48570 0 6.70000 -43.35000 21.19677 0.17270 -13
-0.23946 0.08464 19.26953 0 -2.57500 7.67500 18.74324 0.10391 13
0.17677 0.09589 39.78611 0 -2.90000 -3.95000 39.18421 0.10272 13
1.73048 -0.10202 26.78324 0 3.12500 -54.22500 13.45226 0.20156 -13
0.07560 -0.15974 66.45673 0 4.82500 -1.07500 66.27233 0.10227 -13
0.37471 -0.02566 55.58988 0 0.77500 -10.67500 52.05752 0.10757 -13
-0.50534 0.12968 95.24611 0 -3.92500 16.35000 85.15148 0.11359 13
-0.51909 -0.27004 95.24611 0 8.15000 16.75000 85.15148 0.11667 13
0.75511 -0.01503 85.10200 0 0.45000 -20.60000 67.91738 0.12620 13
-0.05977 0.11536 19.10971 0 -3.45000 1.90000 19.07613 0.10154 -13
0.28472 -0.09360 6.70649 0 2.75000 -6.95000 6.45225 0.10512 13
0.49401 0.04300 45.64247 0 -1.27500 -11.35000 40.92883 0.11240 -13
-0.98687 -0.03391 80.79062 0 1.02500 31.95000 57.52012 0.14152 13
-0.97900 -0.12175 64.99097 0 3.67500 27.32500 46.60781 0.14146 -13
-1.32650 -0.11901 5.68065 0 3.75000 38.12500 3.43486 0.16785 -13
0.03824 0.07236 70.91190 0 -2.20000 -1.57500 70.86038 0.10104 13
0.30957 -0.02697 88.33692 0 0.80000 -8.87500 84.38864 0.10545 13
0.97673 0.00058 68.53420 0 -0.02500 -29.15000 49.02779 0.14077 13
-0.47487 0.07549 21.96041 0 -2.25000 13.87500 19.84770 0.11174 -13
1.51053 0.08353 72.40309 0 -2.52500 -45.92500 40.06379 0.18263 13
0.36741 -0.02937 10.59204 0 0.82500 -9.60000 9.94270 0.10733 13
0.26740 0.10733 74.60579 0 -3.25000 -8.92500 72.10103 0.10480 13
-0.41553 0.03711 77.82623 0 -1.10000 11.32500 71.87605 0.10911 -13
0.85897 -0.01109 54.39947 0 0.32500 -23.77500 41.26668 0.13276 13
0.25097 -0.03156 25.93314 0 0.97500 -7.27500 25.15390 0.10388 -13
-0.23323 -0.07597 98.78789 0 2.27500 5.72500 96.22029 0.10369 13
0.88482 -0.23904 56.47224 0 7.20000 -25.55000 42.80436 0.13659 13
0.75676 -0.10515 50.20097 0 3.17500 -20.22500 40.11064 0.12674 -13
0.76036 -0.00742 9.51979 0 0.27500 -23.70000 7.57803 0.12652 -13
0.50204 -0.13972 89.84100 0 4.20000 -13.75000 80.44593 0.11355 13
-0.54137 0.02626 11.08362 0 -0.85000 19.72500 9.74746 0.11456 13
-0.65647 0.12517 14.13413 0 -3.72500 19.67500 11.84285 0.12111 -13
-0.67555 -0.27469 14.13413 0 8.32500 20.25000 11.84285 0.12469 -13
1.22892 -0.01485 35.85900 0 0.47500 -34.37500 22.63412 0.15957 -13
0.71989 0.13194 79.13191 0 -3.97500 -23.32500 64.40927 0.12480 13
0.73882 -0.26767 79.13191 0 8.07500 -23.87500 64.40927 0.12807 13
1.05283 0.05569 21.53089 0 -1.70000 -30.25000 14.83947 0.14635 13
-0.50261 -0.19750 9.76451 0 6.02500 15.67500 8.75771 0.11450 -13
-1.33851 -0.17689 81.98843 0 5.35000 40.15000 49.55583 0.16920 -13
1.07063 -0.23183 12.05027 0 6.92500 -33.12500 8.33984 0.14930 13
-1.02136 0.05217 54.21185 0 -1.57500 30.00000 37.95258 0.14404 13
1.91331 -0.13477 75.89643 0 4.07500 -57.40000 35.40396 0.21785 -13
-1.53654 -0.11053 10.36871 0 3.25000 46.40000 5.67985 0.18491 13
0.79946 -0.22074 4.17667 0 6.82500 -22.15000 3.29198 0.13104 -13
0.91677 0.05332 15.09927 0 -1.65000 -27.62500 11.13699 0.13674 13
2.12562 -0.15071 13.68160 0 4.45000 -64.87500 5.87698 0.23699 13
0.04935 -0.14560 36.06005 0 4.40000 0.67500 36.01712 0.10189 -13
-0.61434 0.09533 68.58978 0 -2.87500 18.37500 58.51475 0.11858 -13
-0.23381 -0.07593 83.77725 0 2.27500 7.85000 81.58919 0.10370 13
1.27725 0.03519 86.49686 0 -1.05000 -36.70000 53.34298 0.16339 -13
-1.15371 0.04679 4.13713 0 -1.60000 33.05000 2.71122 0.15393 13
-2.00562 0.10418 85.43156 0 -3.15000 62.22500 38.28555 0.22594 13
-0.52909 -0.02627 8.65188 0 0.72500 14.90000 7.64802 0.11396 13
-0.22916 -0.02291 4.88298 0 0.60000 7.75000 4.75965 0.10336 13
1.83494 0.14735 40.00068 0 -4.42500 -55.42500 19.30031 0.21094 -13
1.87178 -0.25141 40.00068 0 7.62500 -56.57500 19.30031 0.21526 -13
-1.19849 -0.01546 38.40560 0 0.47500 37.52500 24.60651 0.15719 -13
1.09841 -0.10453 13.92606 0 3.20000 -34.07500 9.40305 0.14998 -13
-0.80221 -0.13760 9.99973 0 4.07500 25.72500 7.82889 0.12981 13
