0.62284 -0.00835 88.45383 0 0.25000 -18.32500 75.08226 0.11864 -13
-0.16840 0.11395 32.03880 0 -3.45000 5.87500 31.59953 0.10277 13
-0.15210 -0.02582 27.32681 0 0.80000 2.90000 27.01633 0.10190 -13
-0.22221 0.11166 93.30989 0 -3.37500 4.57500 91.11459 0.10377 -13
0.17544 -0.20828 37.86865 0 6.30000 -5.50000 37.32224 0.10438 -13
-0.55461 0.08725 52.13131 0 -2.62500 15.92500 45.62989 0.11548 -13
-0.50274 -0.00439 32.16228 0 0.15000 16.17500 28.73530 0.11271 -13
-0.29438 -0.16883 40.41322 0 5.10000 10.67500 38.81135 0.10635 -13
0.30841 -0.08672 48.26654 0 2.60000 -9.37500 46.13798 0.10574 13
0.28196 -0.07731 27.43335 0 2.32500 -10.75000 26.40967 0.10491 13
-1.03146 -0.03780 76.82785 0 1.15000 30.17500 53.49798 0.14472 -13
-2.17844 0.02263 49.05563 0 -0.70000 64.40000 20.46949 0.24140 13
-0.31719 -0.10445 30.46874 0 3.17500 6.32500 29.05677 0.10618 -13
-0.51193 -0.13094 91.09652 0 3.95000 12.10000 81.23052 0.11390 -13
-0.22186 -0.21996 46.25813 0 6.62500 7.40000 45.20891 0.10550 13
1.40749 -0.24727 54.88134 0 7.45000 -43.47500 32.41279 0.17562 13
-0.49505 0.12631 65.33967 0 -3.82500 12.60000 58.64804 0.11309 13
-0.50919 -0.27360 65.33967 0 8.25000 13.02500 58.64804 0.11631 13
-1.18957 0.10436 72.78440 0 -3.15000 36.90000 46.98437 0.15684 -13
0.45587 0.02184 8.74719 0 -0.72500 -15.00000 7.95956 0.11070 13
-0.38723 -0.15938 69.60629 0 4.82500 8.55000 65.01469 0.10918 -13
0.54935 0.10484 52.21699 0 -3.17500 -17.12500 45.82374 0.11539 13
-0.01737 0.12099 86.78716 0 -3.65000 0.12500 86.77428 0.10145 -13
-0.01790 -0.27922 86.78716 0 8.42500 0.12500 86.77428 0.10458 -13
-2.09992 0.06524 85.85272 0 -1.95000 62.40000 36.97575 0.23431 -13
-0.86319 -0.00077 82.78106 0 0.02500 25.47500 62.66418 0.13303 13
-0.39070 -0.19417 73.68003 0 5.85000 11.77500 68.79367 0.10986 13
0.98022 -0.03419 97.99191 0 1.02500 -28.20000 69.99960 0.14105 13
0.51995 -0.21417 54.20476 0 6.45000 -16.52500 48.31834 0.11552 13
-0.33543 -0.15665 12.19521 0 4.77500 9.60000 11.57616 0.10741 -13
0.49667 0.07249 21.90028 0 -2.20000 -11.97500 19.62453 0.11268 13
-1.04533 -0.13264 72.11339 0 4.00000 30.50000 50.07528 0.14630 -13
-0.96638 -0.22045 75.73014 0 6.65000 28.47500 55.07783 0.14178 13
0.78036 0.11190 55.09866 0 -3.37500 -24.80000 43.54007 0.12822 -13
-0.44677 0.13942 75.52281 0 -4.22500 16.45000 69.06350 0.11119 13
-0.45718 -0.25980 75.52281 0 7.82500 16.77500 69.06350 0.11377 13
-0.60525 -0.07316 66.83365 0 2.20000 20.32500 57.21721 0.11794 13
-0.23579 -0.11882 42.55474 0 3.57500 8.75000 41.43424 0.10415 13
0.85091 -0.10672 68.14784 0 3.22500 -23.57500 52.02441 0.13267 -13
1.41126 0.00730 74.58342 0 -0.22500 -42.20000 43.12130 0.17419 13
-1.04357 -0.14809 49.95480 0 4.47500 31.70000 34.75778 0.14632 -13
-0.11580 -0.17095 66.06737 0 5.17500 1.32500 65.64110 0.10283 -13
-0.34202 0.03510 10.51963 0 -1.10000 7.87500 9.95414 0.10650 13
-0.93451 -0.20030 67.34547 0 6.05000 28.72500 49.65327 0.13931 -13
-1.26265 0.03668 51.74064 0 -1.12500 39.75000 32.13701 0.16224 13
0.06509 0.05404 52.36733 0 -1.65000 -4.27500 52.25706 0.10107 13
-0.51958 0.07486 23.07919 0 -2.27500 13.20000 20.49188 0.11374 13
2.16366 -0.24635 74.87249 0 7.45000 -64.47500 32.18021 0.24133 -13
1.64204 -0.10123 64.87655 0 3.07500 -48.75000 33.86992 0.19389 -13
0.77660 0.01411 90.90270 0 -0.42500 -23.92500 71.79783 0.12750 -13
0.82440 -0.04496 54.50547 0 1.37500 -24.02500 42.07407 0.13059 -13
-0.36111 0.01821 77.95813 0 -0.55000 12.60000 73.32533 0.10708 -13
-0.63149 -0.08920 90.84179 0 2.70000 18.95000 76.89557 0.11944 -13
-0.36790 0.13573 40.89785 0 -4.07500 11.57500 38.42422 0.10816 -13
-0.37700 -0.26364 40.89785 0 7.97500 11.85000 38.42422 0.11086 -13
-1.17569 -0.24123 62.65792 0 7.27500 36.42500 41.25949 0.15730 13
-0.47548 -0.22594 56.04628 0 6.80000 13.27500 50.84434 0.11380 13
-0.55325 0.15628 2.39214 0 -4.47500 16.60000 2.09876 0.11615 -13
-0.56220 -0.24212 2.39214 0 7.55000 16.92500 2.09876 0.11843 -13
-0.14077 -0.15544 31.09632 0 4.70000 2.57500 30.79986 0.10290 -13
2.12914 -0.01577 43.50311 0 0.50000 -63.02500 18.49543 0.23690 -13
-1.24395 0.04202 38.07062 0 -1.25000 34.35000 23.86586 0.16078 -13
-0.97506 -0.23171 21.99636 0 6.95000 29.10000 15.94829 0.14254 13
0.03320 -0.04457 86.05819 0 1.35000 -0.12500 86.01088 0.10086 13
-1.87977 -0.11883 78.64349 0 3.57500 58.87500 37.13704 0.21474 13
-1.14665 0.08812 97.96073 0 -2.65000 33.92500 64.52838 0.15348 -13
0.48491 0.09370 4.76147 0 -2.70000 -12.97500 4.28819 0.11229 -13
1.01861 0.14157 36.53607 0 -4.25000 -32.85000 25.72514 0.14444 -13
1.04147 -0.25751 36.53607 0 7.77500 -33.55000 25.72514 0.14771 -13
1.92660 -0.20183 36.48306 0 6.12500 -59.17500 17.07372 0.21955 -13
-1.03974 -0.22252 30.01697 0 6.67500 33.40000 21.06782 0.14697 13
0.52864 -0.07779 37.31375 0 2.35000 -15.42500 33.00964 0.11418 -13
0.18867 0.11384 51.86719 0 -3.42500 -4.35000 50.97912 0.10312 -13
1.24780 0.01188 82.60779 0 -0.37500 -35.50000 51.66286 0.16103 13
-0.80887 0.05220 68.20778 0 -1.57500 23.10000 53.05957 0.12963 13
-0.08607 -0.19892 11.21353 0 6.05000 0.70000 11.17377 0.10308 -13
1.23212 0.07097 94.09568 0 -2.15000 -36.85000 59.38645 0.15996 13
0.08139 -0.08132 80.88099 0 2.45000 -4.90000 80.61620 0.10137 -13
-0.01834 0.06723 1.95686 0 -2.27500 1.37500 1.95653 0.10116 13
-0.25595 -0.06257 37.33671 0 1.90000 8.47500 36.17510 0.10414 -13
0.39884 -0.03473 14.88006 0 1.02500 -12.17500 13.82236 0.10847 13
-0.70296 -0.06634 75.82672 0 2.00000 20.62500 62.07864 0.12327 13
-0.32996 -0.00008 7.85961 0 -0.05000 9.97500 7.46378 0.10605 13
-0.30109 -0.02701 30.40981 0 0.80000 8.75000 29.11943 0.10520 13
0.30115 -0.24547 68.48842 0 7.42500 -8.62500 65.73461 0.10804 -13
-0.89297 -0.08489 83.89256 0 2.55000 26.15000 62.67541 0.13528 13
0.04015 0.14034 55.71605 0 -4.22500 -0.25000 55.67203 0.10177 -13
0.04108 -0.25882 55.71605 0 7.82500 -0.27500 55.67203 0.10411 -13
-0.41249 0.10510 91.76988 0 -3.17500 10.82500 84.90348 0.10944 -13
-1.50343 0.08686 26.98289 0 -2.57500 45.70000 14.98266 0.18203 -13
0.11727 0.01564 24.48386 0 -0.45000 -3.42500 24.31725 0.10141 -13
1.64396 0.08577 26.33779 0 -2.55000 -46.02500 13.72505 0.19394 -13
0.07208 0.07531 7.01484 0 -2.35000 -3.25000 6.99677 0.10128 13
-0.00050 -0.11451 77.53721 0 3.45000 -0.22500 77.53720 0.10136 13
-0.91822 -0.03537 54.84775 0 1.07500 28.15000 40.41144 0.13676 -13
-0.53308 0.05629 66.40766 0 -1.70000 17.72500 58.62153 0.11426 13
0.94898 -0.13900 73.05550 0 4.20000 -29.20000 53.23229 0.13954 -13
0.28250 -0.20798 13.76432 0 6.32500 -8.62500 13.26612 0.10675 -13
0.35615 -0.03213 70.39258 0 0.97500 -9.80000 66.31637 0.10695 -13
-0.46369 -0.09069 31.30026 0 2.75000 14.32500 28.41640 0.11139 -13
-1.01485 -0.15331 59.68770 0 4.62500 31.72500 42.13958 0.14431 -13
-1.62318 -0.09220 26.53237 0 2.75000 49.62500 13.95995 0.19219 13
-0.45353 0.06016 83.83297 0 -1.80000 13.85000 76.37110 0.11074 -13
-1.13254 -0.14207 88.07035 0 4.27500 33.12500 58.61840 0.15281 13
1.08975 0.08993 31.52671 0 -2.70000 -31.75000 21.36306 0.14920 -13
-0.20269 -0.11545 12.48225 0 3.52500 8.80000 12.23644 0.10343 -13
1.09287 0.11058 54.39778 0 -3.35000 -32.70000 36.84282 0.14960 13
0.98210 -0.23509 54.23816 0 7.10000 -30.35000 39.20381 0.14314 -13
-0.20184 -0.24441 16.97490 0 7.35000 6.65000 16.65766 0.10562 13
1.40152 -0.03128 16.56941 0 0.90000 -40.82500 9.62726 0.17340 13
-1.07343 0.11543 73.70249 0 -3.47500 34.30000 50.41662 0.14819 -13
0.62250 -0.12083 50.09278 0 3.65000 -20.52500 42.61172 0.11925 -13
0.31587 -0.23332 22.79977 0 7.02500 -8.30000 21.79138 0.10818 13
-0.70076 -0.02369 48.11630 0 0.72500 18.50000 39.40784 0.12299 -13
-0.66877 -0.19871 60.22069 0 5.97500 20.85000 50.35429 0.12278 13
0.58588 0.14614 11.39158 0 -4.45000 -18.17500 9.85541 0.11767 13
0.59795 -0.25285 11.39158 0 7.57500 -18.52500 9.85541 0.12002 13
-0.02077 -0.23890 13.35224 0 7.17500 -0.30000 13.34952 0.10353 13
-0.28553 -0.05251 34.88636 0 1.57500 8.35000 33.54923 0.10486 13
-0.86595 0.09455 68.78024 0 -2.85000 27.22500 52.09436 0.13356 13
0.61184 -0.17336 25.98346 0 5.25000 -18.02500 22.25260 0.11936 -13
0.82330 -0.11059 44.82495 0 3.35000 -25.45000 34.69013 0.13092 -13
1.75354 0.04246 84.08024 0 -1.27500 -52.10000 41.67977 0.20333 -13
0.78370 -0.23227 49.79370 0 7.02500 -26.22500 39.57907 0.13008 -13
0.73654 -0.18033 79.06021 0 5.42500 -22.42500 64.01275 0.12638 13
-0.53597 0.10433 64.90672 0 -3.15000 16.05000 57.27730 0.11473 -13
-1.39350 -0.00893 49.88869 0 0.27500 44.92500 29.08734 0.17273 -13
0.33576 0.07455 23.36457 0 -2.27500 -9.95000 22.15559 0.10650 13
0.61200 -0.14228 33.41510 0 4.27500 -19.62500 28.57862 0.11893 13
-1.13055 0.00813 60.62993 0 -0.22500 32.47500 40.17022 0.15200 -13
-2.06777 -0.12840 20.66142 0 3.82500 64.35000 9.05453 0.23163 13
-1.03509 -0.12658 19.19059 0 3.77500 32.80000 13.38852 0.14548 13
-0.35961 -0.03402 48.25281 0 1.02500 11.70000 45.40908 0.10707 13
0.40353 -0.13662 47.08947 0 4.10000 -10.42500 43.72433 0.10946 13
0.37798 -0.24204 5.75989 0 7.20000 -12.52500 5.40636 0.11032 13
1.10423 0.03175 14.74231 0 -0.90000 -32.57500 9.89897 0.15005 -13
-0.70891 -0.25134 5.53906 0 7.47500 23.22500 4.56448 0.12591 13
-1.05865 -0.00102 86.08432 0 0.02500 33.27500 59.11273 0.14665 -13
-1.10451 0.00144 91.71463 0 -0.02500 33.80000 61.55606 0.15004 -13
0.00445 -0.07112 38.66581 0 2.15000 0.12500 38.66543 0.10096 -13
0.26443 0.08722 14.02344 0 -2.67500 -7.75000 13.56073 0.10455 13
-1.21414 0.09373 23.37691 0 -2.80000 36.27500 14.90068 0.15866 -13
-1.22022 -0.18560 24.91818 0 5.62500 36.82500 15.95431 0.16000 -13
0.25161 0.02208 79.59368 0 -0.65000 -10.07500 77.18893 0.10386 -13
-0.39761 -0.08199 50.32981 0 2.47500 12.70000 46.78996 0.10869 -13
0.89538 -0.12498 51.39824 0 3.77500 -23.10000 38.42335 0.13577 -13
1.40207 -0.09510 12.45777 0 2.80000 -43.47500 7.25471 0.17368 13
0.60936 -0.15278 5.01139 0 4.72500 -19.22500 4.29133 0.11906 -13
0.46298 0.03563 40.36000 0 -1.05000 -15.95000 36.62910 0.11103 -13
0.00982 -0.03637 87.26406 0 1.10000 -1.47500 87.25986 0.10077 -13
0.99525 -0.04368 60.59705 0 1.32500 -27.97500 42.97111 0.14215 -13
-2.12052 -0.11453 92.36403 0 3.47500 62.92500 39.60679 0.23640 -13
-0.43596 -0.22924 83.64856 0 6.90000 13.17500 76.98626 0.11225 13
1.44911 -0.16657 36.10834 0 5.00000 -44.92500 20.69924 0.17807 13
-0.52095 0.14581 71.15658 0 -4.40000 16.60000 63.24737 0.11449 -13
-0.53176 -0.25311 71.15658 0 7.65000 16.92500 63.24737 0.11688 -13
-1.31942 0.13565 45.72447 0 -4.07500 40.22500 27.77786 0.16726 -13
-1.35221 -0.26373 45.72447 0 7.97500 41.22500 27.77786 0.17145 -13
1.79621 -0.03180 94.58869 0 0.97500 -53.72500 46.02856 0.20705 -13
-0.41444 -0.01359 17.85363 0 0.37500 11.02500 16.49341 0.10902 13
-0.65119 0.11782 50.42506 0 -3.57500 17.75000 42.34182 0.12077 13
-0.39322 0.02481 96.08366 0 -0.75000 10.40000 89.42250 0.10824 -13
-0.86722 0.10964 66.01328 0 -3.30000 26.77500 50.00026 0.13375 -13
-1.45515 0.06326 27.23894 0 -1.87500 42.30000 15.44770 0.17791 -13
0.30033 -0.01828 53.83154 0 0.55000 -7.95000 51.55738 0.10516 -13
-0.60189 -0.12361 70.50880 0 3.72500 17.20000 60.53146 0.11819 13
-0.29777 -0.17115 48.72137 0 5.15000 8.65000 46.74928 0.10647 13
-0.35755 -0.16101 9.43660 0 4.80000 11.85000 8.89842 0.10814 13
0.27981 0.08720 6.38806 0 -2.55000 -10.70000 6.15335 0.10493 -13
-0.73289 -0.02752 45.30512 0 0.85000 23.67500 36.54670 0.12488 -13
-0.16430 -0.15854 16.94043 0 4.80000 3.15000 16.72151 0.10331 -13
-0.26466 -0.08143 25.46683 0 2.47500 8.35000 24.62454 0.10450 -13
0.05348 -0.15158 92.11178 0 4.57500 0.17500 91.98331 0.10200 -13
-0.11985 -0.16419 86.27177 0 4.95000 3.77500 85.67465 0.10276 13
-0.44377 -0.07445 94.23661 0 2.25000 14.37500 86.17463 0.11043 13
-0.24181 0.12924 2.51199 0 -4.10000 6.45000 2.44276 0.10461 13
-0.24837 -0.27121 2.51199 0 7.95000 6.62500 2.44276 0.10719 13
-0.42493 -0.07264 5.37687 0 2.10000 11.65000 4.95078 0.10965 13
-1.87599 -0.20367 88.52460 0 6.15000 55.55000 42.30307 0.21507 -13
-0.76335 -0.01861 91.70123 0 0.55000 21.80000 72.89588 0.12670 13
-0.76178 0.03154 77.42720 0 -0.95000 24.65000 61.60291 0.12664 13
-0.49622 -0.08511 9.78270 0 2.50000 16.07500 8.76919 0.11274 13
-0.35204 -0.10394 70.92564 0 3.15000 13.30000 66.94073 0.10727 -13
-0.36846 -0.13876 74.21298 0 4.17500 9.90000 69.71504 0.10823 13
-1.27444 0.11209 63.95146 0 -3.40000 41.00000 39.63000 0.16353 13
1.16166 -0.05953 87.60967 0 1.80000 -35.85000 57.21490 0.15447 -13
-0.24710 -0.18315 31.73629 0 5.50000 5.97500 30.83851 0.10535 13
0.58609 -0.20347 74.53217 0 6.15000 -17.37500 64.63146 0.11852 -13
-0.21061 -0.04097 53.73103 0 1.25000 6.35000 52.57950 0.10300 -13
-1.07630 0.06642 35.20796 0 -2.02500 31.82500 23.99256 0.14811 13
0.67700 -0.05831 6.39192 0 1.85000 -22.07500 5.29555 0.12180 -13
1.15263 -0.00554 42.31341 0 0.17500 -36.82500 27.72909 0.15368 -13
2.13521 -0.21780 3.38321 0 6.22500 -63.75000 1.46161 0.23815 13
-0.36315 -0.10731 81.89998 0 3.22500 12.92500 77.03217 0.10768 13
-0.25849 0.08520 60.32218 0 -2.57500 8.17500 58.41572 0.10437 13
-0.75520 0.07369 76.39033 0 -2.22500 23.42500 61.02034 0.12641 13
0.81388 -0.24669 21.24828 0 7.47500 -26.80000 16.67138 0.13223 -13
0.77869 -0.12271 9.33921 0 3.77500 -22.52500 7.38947 0.12827 -13
-0.38607 0.03474 95.10832 0 -1.05000 13.77500 88.73253 0.10800 13
-0.24299 0.00107 74.57021 0 -0.05000 11.40000 72.46164 0.10363 13
0.13458 -0.02225 83.57066 0 0.67500 -3.90000 82.82436 0.10164 -13
0.56631 0.03123 51.41918 0 -0.92500 -14.90000 44.74766 0.11578 -13
-0.36259 -0.21551 83.23286 0 6.50000 14.05000 78.45035 0.10930 -13
1.56819 -0.07395 79.90364 0 2.22500 -48.37500 43.04439 0.18744 13
0.95576 0.03864 23.54817 0 -1.20000 -29.07500 17.02918 0.13936 13
0.52249 0.12895 37.33353 0 -3.90000 -14.90000 33.14730 0.11437 13
0.53689 -0.27082 37.33353 0 8.15000 -15.32500 33.14730 0.11749 13
0.18918 -0.13854 26.40505 0 4.15000 -4.72500 25.95330 0.10343 13
-1.24911 0.08827 93.72697 0 -2.65000 35.75000 58.71438 0.16138 -13
-1.23555 -0.10909 96.50040 0 3.30000 35.85000 60.92683 0.16045 -13
1.14232 0.05183 41.62843 0 -1.57500 -32.42500 27.44046 0.15298 13
-0.41626 0.06987 76.11394 0 -2.10000 13.92500 70.29419 0.10931 -13
0.49652 0.12897 33.62984 0 -3.90000 -10.25000 30.17032 0.11319 13
0.51019 -0.27081 33.62984 0 8.15000 -10.67500 30.17032 0.11628 13
-1.08295 0.11776 85.47053 0 -3.55000 34.42500 58.19935 0.14892 13
1.51663 -0.11215 37.00095 0 3.40000 -44.67500 20.45716 0.18330 -13
-1.19310 -0.20949 23.08148 0 6.35000 38.15000 15.01351 0.15822 -13
-0.21297 -0.18273 45.81207 0 5.52500 6.90000 44.83852 0.10460 -13
0.16754 -0.14332 94.67586 0 4.32500 -4.72500 93.40010 0.10312 13
-0.63323 -0.04268 22.29599 0 1.25000 20.27500 18.84202 0.11927 13
-0.08657 -0.23690 5.15385 0 7.25000 1.35000 5.13569 0.10396 -13
0.03180 -0.02875 71.37043 0 0.87500 -0.32500 71.33440 0.10080 -13
1.24969 -0.08811 18.41843 0 2.62500 -42.05000 11.53526 0.16140 13
0.59701 -0.16809 2.64727 0 4.85000 -16.20000 2.28128 0.11845 13
0.52119 0.07969 47.92408 0 -2.42500 -16.60000 42.52721 0.11385 13
-0.90016 0.04971 5.35356 0 -1.37500 26.65000 3.98109 0.13559 -13
-0.96559 -0.16180 21.10057 0 4.85000 30.37500 15.27356 0.14091 13
-1.47598 0.00075 30.87794 0 -0.05000 44.47500 17.31942 0.17954 13
-0.62595 0.09772 64.33224 0 -2.95000 18.82500 54.60313 0.11921 -13
-0.27979 0.00719 87.95246 0 -0.20000 7.10000 84.69974 0.10457 -13
-0.52696 -0.03867 60.85037 0 1.17500 14.07500 53.84194 0.11390 -13
0.97103 -0.14263 6.85780 0 4.20000 -28.82500 4.94384 0.14105 13
0.69466 0.09598 32.00342 0 -2.92500 -20.67500 26.32301 0.12300 13
-1.52353 0.05038 44.47468 0 -1.50000 43.07500 24.42577 0.18359 -13
-0.30348 0.07067 50.61863 0 -2.15000 8.12500 48.44734 0.10548 13
-0.99616 -0.22294 55.40197 0 6.72500 29.00000 39.72144 0.14390 13
0.45560 0.05741 83.64286 0 -1.72500 -12.52500 76.13698 0.11081 -13
0.11972 0.02151 40.48013 0 -0.62500 -7.22500 40.19323 0.10145 -13
0.29528 0.03950 37.75802 0 -1.17500 -10.20000 36.21463 0.10507 -13
0.32845 0.09422 76.06401 0 -2.82500 -11.05000 72.29685 0.10642 -13
-0.05297 0.11002 51.67953 0 -3.30000 3.10000 51.60802 0.10145 -13
0.31119 0.00642 44.38499 0 -0.17500 -8.75000 42.38036 0.10547 -13
0.06946 0.14139 11.09420 0 -4.30000 -1.25000 11.06806 0.10197 13
0.07112 -0.25777 11.09420 0 7.72500 -1.30000 11.06806 0.10421 13
0.39491 0.05815 30.70269 0 -1.72500 -11.90000 28.56316 0.10843 -13
-0.37358 -0.12022 71.60140 0 3.62500 11.62500 67.13224 0.10818 13
0.33264 -0.06449 61.94408 0 1.95000 -10.90000 58.78957 0.10633 -13
-0.51118 -0.11849 83.79309 0 3.57500 15.87500 74.71751 0.11373 -13
0.84072 -0.12370 31.98619 0 3.75000 -24.95000 24.56113 0.13216 -13
0.82378 -0.04429 31.57742 0 1.35000 -24.17500 24.38214 0.13055 -13
1.77434 0.05132 16.76294 0 -1.60000 -54.05000 8.23873 0.20519 13
-0.64946 -0.10767 83.12569 0 3.25000 19.67500 69.83247 0.12057 -13
0.64736 0.02643 19.97409 0 -0.82500 -20.47500 16.76916 0.12000 13
-1.07769 0.10464 5.56418 0 -3.30000 30.60000 3.79532 0.14854 13
-0.25732 -0.16126 61.82841 0 4.87500 7.42500 59.92502 0.10525 -13
0.22928 -0.14290 13.86039 0 4.27500 -6.95000 13.51659 0.10430 13
0.52344 -0.16799 11.43331 0 5.02500 -17.05000 10.15950 0.11489 13
-1.07761 -0.02051 54.02548 0 0.62500 31.50000 36.75335 0.14806 -13
2.03315 0.14561 44.18662 0 -4.42500 -60.77500 19.66669 0.22867 13
2.07538 -0.25334 44.18662 0 7.62500 -62.02500 19.66669 0.23336 13
0.03432 -0.07771 27.65198 0 2.35000 -3.05000 27.63580 0.10107 -13
-0.08757 0.02025 14.35154 0 -0.57500 -0.35000 14.29689 0.10111 -13
0.93814 -0.13401 78.98408 0 4.05000 -28.52500 57.84351 0.13874 -13
-0.73150 -0.05688 19.17489 0 1.75000 22.10000 15.48478 0.12491 -13
-0.29517 0.04748 46.41017 0 -1.42500 8.75000 44.51567 0.10510 -13
-0.29391 -0.23412 84.75375 0 7.05000 7.87500 81.48265 0.10757 13
1.31307 0.13290 1.14623 0 -3.27500 -39.60000 0.69800 0.16706 -13
1.60005 -0.00541 12.98304 0 0.22500 -49.97500 6.88100 0.19002 -13
-0.33471 0.05842 92.78419 0 -1.75000 13.02500 88.00174 0.10636 -13
0.13023 -0.09343 52.65163 0 2.80000 -2.70000 52.21451 0.10199 13
0.08064 -0.02152 59.14727 0 0.65000 0.05000 58.95599 0.10106 13
0.35478 -0.04269 94.72254 0 1.30000 -11.40000 89.27963 0.10694 -13
-1.46678 -0.06982 96.37174 0 2.12500 44.15000 54.37682 0.17892 -13
-1.96684 -0.15657 94.68166 0 4.72500 60.97500 43.32536 0.22276 -13
0.30631 -0.01709 48.12360 0 0.52500 -8.37500 46.01402 0.10534 -13
-1.55548 0.14737 71.73528 0 -4.45000 45.90000 39.08773 0.18682 13
-1.58678 -0.25155 71.73528 0 7.57500 46.85000 39.08773 0.19055 13
0.55788 -0.00964 9.13943 0 0.35000 -13.62500 7.98157 0.11533 -13
-0.00497 -0.18235 8.39794 0 5.55000 3.17500 8.39784 0.10241 -13
0.01322 -0.11776 16.87991 0 3.52500 -0.70000 16.87845 0.10140 13
-0.11001 -0.23798 60.62520 0 7.20000 2.67500 60.28098 0.10411 -13
1.06615 0.04417 10.42583 0 -1.27500 -34.52500 7.13627 0.14726 -13
1.36167 0.02381 54.69330 0 -0.72500 -43.67500 32.37956 0.17015 13
-0.24361 -0.03004 77.41790 0 0.90000 7.10000 75.22008 0.10369 13
0.14716 -0.13810 33.05999 0 4.17500 -6.02500 32.71429 0.10274 -13
-0.29757 0.09114 51.35152 0 -2.75000 5.22500 49.23518 0.10547 13
1.67323 0.12145 39.63134 0 -3.65000 -51.75000 20.44037 0.19667 -13
1.72434 -0.27870 39.63134 0 8.42500 -53.30000 20.44037 0.20274 -13
1.98412 0.07488 91.72341 0 -2.25000 -60.65000 41.37339 0.22388 -13
-1.30796 -0.13976 5.13920 0 4.37500 39.40000 3.14016 0.16657 -13
0.14609 -0.14480 75.01071 0 4.37500 -2.20000 74.23876 0.10281 -13
1.15845 -0.13173 25.24156 0 4.00000 -34.30000 16.57452 0.15471 -13
1.58860 0.16368 1.92547 0 -4.45000 -45.90000 1.03562 0.18956 -13
1.61135 -0.23402 1.92547 0 7.55000 -46.85000 1.03562 0.19332 -13
-0.15779 0.06153 86.29159 0 -1.85000 3.75000 85.24094 0.10214 13
0.17773 -0.13383 46.67393 0 4.02500 -4.67500 45.96607 0.10316 13
0.14372 0.01296 11.18393 0 -0.42500 -5.62500 11.07024 0.10175 13
-0.88385 -0.21763 27.71945 0 6.60000 26.90000 20.97876 0.13620 -13
0.33366 -0.00347 9.72606 0 0.05000 -10.05000 9.22613 0.10617 13
0.82456 -0.06066 35.50440 0 1.82500 -24.22500 27.41351 0.13066 13
-0.64282 0.08084 36.28108 0 -2.42500 19.20000 30.54802 0.11998 -13
0.91150 -0.11733 3.98128 0 3.37500 -28.10000 2.95157 0.13673 13
0.90679 -0.22349 68.18583 0 6.75000 -25.07500 51.06240 0.13780 -13
-1.27799 -0.23139 44.87940 0 6.95000 37.37500 28.10332 0.16504 13
-0.21725 -0.17511 65.13526 0 5.30000 5.92500 63.69328 0.10455 -13
0.05171 0.09932 45.08609 0 -2.97500 0.90000 45.02654 0.10133 -13
-0.59347 0.10329 68.40268 0 -3.10000 17.75000 58.90470 0.11756 -13
-0.82317 0.14071 55.28138 0 -4.25000 25.42500 42.84958 0.13121 13
-0.84193 -0.25847 55.28138 0 7.77500 26.00000 42.84958 0.13418 13
-0.52163 -0.22125 94.84563 0 6.67500 13.77500 84.51570 0.11574 13
-0.05484 -0.02185 60.87484 0 0.65000 1.52500 60.78356 0.10087 13
-0.60512 0.04207 36.78079 0 -1.25000 16.65000 31.47517 0.11778 -13
-0.45107 -0.24657 74.63350 0 7.45000 12.55000 68.36465 0.11323 -13
-0.35211 0.13809 10.60937 0 -4.22500 10.62500 10.01756 0.10769 13
-0.36052 -0.26121 10.60937 0 7.82500 10.87500 10.01756 0.11019 13
-0.25033 0.09249 58.04201 0 -2.80000 9.35000 56.31875 0.10423 13
0.30660 -0.17948 15.07816 0 5.45000 -9.00000 14.43499 0.10690 -13
-0.15591 -0.19449 21.93111 0 5.90000 5.55000 21.67868 0.10380 -13
-1.21531 -0.24568 51.60653 0 7.42500 37.77500 33.36133 0.16043 -13
0.77704 -0.09554 8.00335 0 2.95000 -23.77500 6.33054 0.12794 -13
-0.95812 -0.16005 3.80733 0 4.65000 29.12500 2.76552 0.14033 13
-1.10856 -0.20264 29.16324 0 6.15000 31.82500 19.74986 0.15175 -13
1.56746 -0.05313 14.41021 0 1.67500 -48.92500 7.75847 0.18733 -13
0.89557 -0.08919 62.08649 0 2.70000 -27.25000 46.33224 0.13548 -13
-0.18954 -0.21380 10.11877 0 6.40000 7.70000 9.94940 0.10470 13
0.59186 -0.03449 51.11643 0 1.02500 -16.57500 43.99594 0.11707 13
-0.56001 -0.04656 31.40043 0 1.40000 15.85000 27.40400 0.11551 13
0.00112 0.13334 37.13199 0 -4.00000 -0.02500 37.13197 0.10159 -13
0.00115 -0.26613 37.13199 0 8.05000 -0.02500 37.13197 0.10422 -13
-0.44308 0.12739 81.58515 0 -3.82500 10.95000 74.68910 0.11089 -13
-0.45555 -0.27242 81.58515 0 8.22500 11.35000 74.68910 0.11402 -13
-0.96347 -0.05911 63.93147 0 1.80000 26.47500 46.07823 0.13997 -13
-1.17764 -0.20178 73.35075 0 6.10000 34.52500 48.02746 0.15691 -13
-0.79692 -0.15190 63.65715 0 4.57500 24.87500 50.00259 0.12967 13
1.03586 -0.20361 41.32290 0 6.12500 -30.30000 29.00096 0.14642 13
0.75906 -0.04804 94.50203 0 1.45000 -22.00000 75.30461 0.12652 -13
-0.26570 -0.03992 6.06799 0 1.12500 8.90000 5.86479 0.10428 13
1.24740 0.14207 38.59662 0 -4.30000 -34.10000 24.28876 0.16165 13
1.27517 -0.25704 38.59662 0 7.72500 -34.92500 24.28876 0.16520 13
2.06326 -0.17640 55.44244 0 5.35000 -60.27500 24.48172 0.23161 -13
-1.00556 -0.01545 43.83476 0 0.45000 28.70000 30.91152 0.14282 13
0.06553 0.03885 18.15010 0 -1.20000 -0.70000 18.11131 0.10100 13
-1.37853 0.11106 54.17265 0 -3.37500 42.85000 31.93760 0.17187 13
0.17624 0.13615 69.49024 0 -4.10000 -4.72500 68.45438 0.10317 -13
0.18057 -0.26321 69.49024 0 7.95000 -4.85000 68.45438 0.10571 -13
0.40811 0.09446 67.75844 0 -2.85000 -13.05000 62.77457 0.10918 -13
-1.85730 0.04055 85.13105 0 -1.20000 54.77500 40.38352 0.21246 -13
0.89023 -0.03856 92.01908 0 1.15000 -29.37500 68.75285 0.13488 13
2.10979 -0.22399 78.96467 0 6.77500 -60.32500 34.50044 0.23623 -13
0.66739 -0.10669 56.45838 0 3.22500 -19.35000 47.04174 0.12145 -13
-0.15833 0.47264 56.45838 0 3.22500 -19.35000 47.04174 0.12155 -13
-0.27945 -0.72375 56.45838 0 4.57500 -19.35000 47.04174 0.13623 -13
-0.77931 -0.13699 56.45838 0 3.40000 -17.95000 47.04174 0.14516 -13
0.68885 -0.10620 56.45838 0 4.40000 -17.15000 47.04174 0.15313 -13
-1.01803 0.03552 58.56655 0 -1.07500 29.25000 41.05427 0.14375 13
-0.17796 -0.08773 22.84403 0 2.62500 6.02500 22.49337 0.10266 13
-1.28593 -0.21977 39.93665 0 6.60000 38.82500 24.87611 0.16550 13
-0.62570 0.12297 6.92067 0 -3.62500 20.82500 5.87934 0.11941 -13
-0.64427 -0.27698 6.92067 0 8.45000 21.40000 5.87934 0.12312 -13
-1.01816 0.07189 73.79876 0 -2.17500 30.45000 51.78023 0.14390 13
-0.48409 0.07851 97.67462 0 -2.37500 14.02500 87.96643 0.11216 -13
-0.23205 -0.08812 49.64094 0 2.67500 6.35000 48.36567 0.10376 -13
0.28947 -0.00028 9.51228 0 0.05000 -8.82500 9.13694 0.10485 -13
1.28812 -0.07423 1.67672 0 2.72500 -37.87500 1.03022 0.16489 -13
2.07817 -0.03451 35.76139 0 1.07500 -62.82500 15.51320 0.23229 -13
0.43704 -0.08852 21.25763 0 2.65000 -12.02500 19.49099 0.11025 13
1.03743 -0.20144 31.13733 0 6.05000 -31.82500 21.83090 0.14650 13
0.62357 -0.16746 96.89807 0 5.05000 -17.62500 82.53809 0.11987 -13
0.05434 0.09323 9.34245 0 -2.87500 -2.87500 9.32879 0.10131 13
0.03879 -0.18002 38.42983 0 5.45000 0.67500 38.40185 0.10240 -13
0.40207 -0.05503 8.11945 0 1.72500 -11.07500 7.53482 0.10870 -13
-1.31496 -0.02378 51.85893 0 0.72500 40.20000 31.39691 0.16639 -13
-0.34371 0.00571 30.88439 0 -0.15000 9.70000 29.20747 0.10649 -13
1.22427 -0.13242 95.93942 0 4.00000 -37.60000 61.00727 0.15975 -13
0.57450 -0.10570 19.14496 0 3.22500 -17.65000 16.62303 0.11664 -13
0.05759 -0.09194 70.81295 0 2.77500 -0.72500 70.69675 0.10130 -13
-0.02245 -0.11082 81.77472 0 3.32500 -2.30000 81.75437 0.10134 13
-1.09261 -0.07669 44.09298 0 2.30000 35.17500 29.81621 0.14936 13
-0.90099 0.04533 93.82240 0 -1.37500 26.87500 69.73475 0.13563 13
0.58815 -0.19939 76.23870 0 6.00000 -19.27500 66.04071 0.11854 13
0.36160 0.08011 27.71258 0 -2.42500 -10.55000 26.07072 0.10739 13
-0.18017 0.09567 52.25266 0 -2.87500 6.82500 51.43202 0.10277 -13
-0.76237 0.08959 16.11053 0 -2.75000 20.60000 12.83054 0.12697 13
0.43950 -0.11841 79.84227 0 3.57500 -11.67500 73.17638 0.11064 13
-0.44694 0.23796 79.84227 0 3.55000 -11.60000 73.17638 0.11065 13
1.32148 -0.11214 79.84227 0 4.75000 -10.07500 73.17638 0.12196 13
-0.70440 -0.35039 79.84227 0 4.95000 -9.87500 73.17638 0.12371 13
0.13054 -6.03644 79.84227 0 5.60000 -9.65000 73.17638 0.12742 13
-0.28788 0.27261 79.84227 0 6.45000 -10.02500 73.17638 0.13361 13
-1.54225 -0.04891 93.09557 0 1.47500 45.25000 50.69125 0.18517 13
-1.37015 0.14074 75.18110 0 -4.25000 42.27500 44.60522 0.17142 13
-1.40135 -0.25843 75.18110 0 7.77500 43.22500 44.60522 0.17529 13
-0.35276 0.01021 2.98090 0 -0.12500 13.12500 2.81115 0.10685 -13
1.11224 -0.09129 64.82397 0 2.77500 -34.17500 43.43996 0.15091 -13
-0.79925 0.05409 74.29017 0 -1.65000 20.80000 58.06506 0.12903 13
0.32437 -0.16506 88.81468 0 4.97500 -10.00000 84.58841 0.10717 -13
1.30847 -0.01441 76.34805 0 0.45000 -40.05000 46.36344 0.16584 -13
0.19434 0.06443 52.74310 0 -1.95000 -4.35000 51.77831 0.10279 13
0.50301 -0.16964 23.86866 0 5.10000 -17.72500 21.38344 0.11400 13
0.71580 -0.18733 34.74263 0 5.67500 -23.37500 28.41448 0.12528 -13
0.22583 -0.04039 4.19114 0 1.32500 -6.12500 4.08837 0.10337 -13
0.64947 -0.04681 25.42689 0 1.40000 -20.65000 21.33136 0.12017 13
-2.11048 -0.03264 69.94498 0 0.97500 64.25000 29.96322 0.23520 13
-0.07088 -0.00390 99.08709 0 0.12500 0.65000 98.83912 0.10096 -13
-0.73033 -0.08947 77.79892 0 2.70000 21.80000 62.91428 0.12503 -13
-1.42903 -0.02253 33.69174 0 0.70000 44.22500 19.32009 0.17567 -13
-0.87725 0.11853 48.11110 0 -3.60000 25.02500 36.27647 0.13450 13
-0.90509 -0.28187 48.11110 0 8.50000 25.87500 36.27647 0.13874 13
-0.31468 -0.07618 97.29694 0 2.30000 8.92500 92.83436 0.10585 -13
-1.36209 0.08565 72.14467 0 -2.57500 39.82500 42.79710 0.17038 -13
-0.20046 0.09590 68.03790 0 -2.90000 7.90000 66.72258 0.10316 13
-0.61591 -0.13366 71.02071 0 4.05000 21.02500 60.61733 0.11904 -13
-0.99531 0.11133 77.14381 0 -3.37500 28.20000 54.84460 0.14253 13
-0.81337 0.10396 39.18627 0 -3.15000 25.80000 30.46495 0.13024 13
0.70929 -0.04106 48.05682 0 1.25000 -22.07500 39.20896 0.12353 -13
0.84888 -0.07976 16.00484 0 2.45000 -25.12500 12.21821 0.13235 -13
0.24350 -0.22382 62.06760 0 6.75000 -6.37500 60.38645 0.10606 13
1.18126 -0.24242 35.75041 0 7.32500 -35.92500 23.48146 0.15779 -13
1.52702 -0.15423 55.10486 0 4.67500 -45.27500 30.43758 0.18449 -13
0.53797 -0.17659 45.51084 0 5.32500 -17.92500 40.21615 0.11572 13
-0.17715 -0.22603 3.63063 0 6.97500 3.42500 3.57775 0.10492 -13
0.05432 -0.17849 93.34501 0 5.37500 -1.62500 93.21183 0.10244 13
0.22923 -0.17096 36.06825 0 5.15000 -6.02500 35.18130 0.10473 13
-0.54639 0.13031 61.41221 0 -3.95000 16.92500 53.99601 0.11551 13
-0.56113 -0.26938 61.41221 0 8.12500 17.35000 53.99601 0.11861 13
2.12557 -0.00689 55.41625 0 0.22500 -63.82500 23.59157 0.23656 -13
-1.77150 0.06003 11.64402 0 -1.72500 53.42500 5.73151 0.20493 -13
0.33374 -0.03095 88.06800 0 0.92500 -14.05000 83.54240 0.10621 13
-2.06530 -0.09926 16.68376 0 3.05000 59.42500 7.29991 0.23133 -13
0.35039 -0.02569 3.19311 0 0.92500 -10.85000 3.01364 0.10681 -13
-0.62174 0.14392 33.17027 0 -4.35000 17.55000 28.24945 0.11947 13
-0.63512 -0.25511 33.17027 0 7.67500 17.95000 28.24945 0.12201 13
0.88100 -0.13244 5.26402 0 4.12500 -28.55000 3.96456 0.13498 -13
0.20727 -0.10391 96.84478 0 3.12500 -5.60000 94.85000 0.10337 13
0.86823 -0.02148 17.00669 0 0.60000 -25.00000 12.84311 0.13338 13
0.24655 -0.21434 10.29285 0 6.40000 -8.45000 10.00610 0.10591 13
-0.76293 0.00132 32.19679 0 -0.05000 22.30000 25.59774 0.12667 13
1.72101 0.10061 8.16329 0 -2.92500 -54.10000 4.11684 0.20064 -13
1.76399 0.09633 29.23243 0 -2.87500 -52.40000 14.46662 0.20441 -13
-0.75711 -0.07644 37.16270 0 2.32500 23.25000 29.66017 0.12655 -13
1.85205 -0.21303 8.11657 0 6.55000 -58.92500 3.92284 0.21325 -13
-0.51912 -0.00488 63.51664 0 0.15000 15.00000 56.37329 0.11346 -13
0.72291 -0.18629 3.04466 0 5.82500 -19.40000 2.48175 0.12591 -13
-0.18840 -0.15121 63.09372 0 4.55000 6.32500 62.02677 0.10359 13
-0.20623 -0.02775 17.18750 0 0.80000 4.90000 16.83355 0.10286 13
1.00992 0.01445 49.00572 0 -0.45000 -30.27500 34.48267 0.14313 13
-1.32088 0.13767 9.89362 0 -4.07500 39.02500 6.00733 0.16736 -13
-1.35256 -0.26163 9.89362 0 7.97500 40.02500 6.00733 0.17155 -13
0.06867 -0.14053 61.94727 0 4.22500 -0.50000 61.80453 0.10192 13
0.34979 -0.08838 84.60234 0 2.65000 -11.12500 79.89171 0.10705 13
-0.29767 -0.24478 23.96939 0 7.40000 10.95000 23.02626 0.10794 -13
0.33285 0.00515 73.06169 0 -0.17500 -10.10000 69.32525 0.10613 13
0.48463 -0.02787 97.45748 0 0.85000 -13.27500 87.70744 0.11194 -13
0.20171 0.10639 11.28858 0 -3.17500 -7.90000 11.06829 0.10327 -13
-0.65350 -0.15175 80.98081 0 4.57500 20.00000 68.01883 0.12127 -13
1.75889 -0.13534 19.69836 0 4.02500 -53.35000 9.80130 0.20419 13
0.59004 -0.07703 42.62862 0 2.30000 -19.80000 36.74185 0.11719 13
-0.55017 0.03431 9.79402 0 -0.97500 17.00000 8.58215 0.11499 -13
0.36924 0.10463 33.11101 0 -3.15000 -11.30000 31.08138 0.10786 -13
0.53999 -0.24473 67.23420 0 7.37500 -16.07500 59.54100 0.11706 13
0.49346 -0.20399 27.39315 0 6.17500 -14.12500 24.66162 0.11418 -13
-0.40425 0.13133 81.21332 0 -3.97500 11.77500 75.38394 0.10942 13
-0.41497 -0.26830 81.21332 0 8.07500 12.10000 75.38394 0.11232 13
-0.58628 -0.22453 7.62865 0 6.70000 19.20000 6.62200 0.11885 13
0.14124 0.05019 75.75040 0 -1.50000 -6.42500 75.00774 0.10182 -13
-0.24975 0.10139 83.03416 0 -3.07500 7.22500 80.58383 0.10430 13
-1.33239 -0.08520 8.57625 0 2.67500 40.75000 5.16026 0.16803 -13
-0.78816 0.12216 59.22573 0 -3.70000 25.05000 46.64638 0.12881 13
-0.81202 -0.27798 59.22573 0 8.37500 25.77500 46.64638 0.13269 13
1.13720 -0.12902 79.89737 0 3.87500 -34.42500 53.00561 0.15305 13
0.18373 0.14037 35.70228 0 -4.25000 -2.60000 35.12552 0.10337 13
0.18796 -0.25882 35.70228 0 7.80000 -2.72500 35.12552 0.10572 13
-0.15629 -0.07491 45.88955 0 2.27500 3.72500 45.34210 0.10220 -13
0.22696 -0.13856 13.59034 0 4.15000 -4.12500 13.25936 0.10419 13
0.90761 -0.18349 31.55526 0 5.52500 -29.55000 23.54030 0.13722 13
0.22842 -0.10085 96.00573 0 3.05000 -5.10000 93.61840 0.10380 -13
2.11007 0.05590 34.67926 0 -1.72500 -63.05000 14.87111 0.23521 13
2.11236 0.10214 79.26693 0 -3.10000 -64.55000 34.06116 0.23558 13
0.18312 -0.11630 73.96936 0 3.50000 -6.42500 72.77529 0.10304 13
1.72132 -0.15193 17.24373 0 4.52500 -51.67500 8.73584 0.20101 13
-0.35620 -0.01586 48.48404 0 0.47500 11.27500 45.67354 0.10691 13
-1.37373 -0.04945 4.24932 0 1.30000 41.97500 2.50266 0.17120 13
-0.24116 0.01332 99.56723 0 -0.40000 8.55000 96.79286 0.10360 13
0.52555 -0.13161 78.66275 0 3.97500 -16.77500 69.76090 0.11453 -13
-0.55882 -0.14436 54.18941 0 4.35000 17.95000 47.41975 0.11627 13
-1.84299 -0.23492 48.18454 0 7.07500 54.47500 23.45866 0.21245 13
1.76359 -0.15133 69.62864 0 4.57500 -54.32500 34.63953 0.20474 -13
1.11009 -0.18967 14.45323 0 5.77500 -32.77500 9.76784 0.15172 -13
0.20478 -0.17891 74.91461 0 5.40000 -5.02500 73.43749 0.10436 -13
0.31352 0.04359 48.53927 0 -1.32500 -6.92500 46.32032 0.10563 13
-0.22614 -0.05939 9.53625 0 1.75000 7.22500 9.30218 0.10341 13
0.49249 0.12072 64.77770 0 -3.62500 -15.45000 58.19420 0.11290 -13
0.50767 -0.27949 64.77770 0 8.45000 -15.92500 58.19420 0.11640 -13
1.49344 -0.04930 1.26390 0 2.20000 -45.52500 0.70356 0.18203 -13
0.76928 -0.09541 94.85610 0 2.87500 -22.52500 75.31003 0.12742 13
-0.94443 -0.04345 75.06951 0 1.32500 27.85000 54.60129 0.13859 -13
0.35840 0.03711 17.45805 0 -1.15000 -8.67500 16.43571 0.10704 13
0.51206 0.11212 24.72700 0 -3.35000 -13.85000 22.03772 0.11369 -13
-0.54134 -0.16871 87.01679 0 5.07500 15.90000 76.76494 0.11576 13
0.61311 -0.22099 20.25414 0 6.70000 -20.55000 17.37789 0.12023 -13
