-0.16885 -0.10428 37.23376 0 3.15000 6.22500 36.71951 0.10267 -13
0.50780 0.09883 8.80137 0 -2.92500 -14.57500 7.85513 0.11337 -13
0.35322 -0.24053 7.42549 0 7.32500 -6.85000 7.02285 0.10958 -13
-0.20380 0.00156 96.57803 0 -0.05000 6.57500 94.63279 0.10277 13
0.12092 -0.15933 98.97694 0 4.80000 -3.50000 98.27864 0.10269 13
-1.06379 0.04490 59.61608 0 -1.35000 31.42500 40.85385 0.14709 -13
1.96327 -0.10867 26.13743 0 3.32500 -57.55000 11.92784 0.22201 -13
0.35362 -0.09417 76.76608 0 2.85000 -10.65000 72.40980 0.10724 -13
0.73334 0.05264 84.51941 0 -1.60000 -22.45000 68.19050 0.12499 13
0.30926 -0.14801 84.51941 0 -1.57500 -22.40000 68.19050 0.12495 13
-0.55783 0.32410 84.51941 0 0.37500 -23.92500 68.19050 0.13650 13
0.18600 -0.57591 84.51941 0 1.22500 -33.97500 68.19050 0.43310 13
0.34755 0.83121 84.51941 0 2.62500 -34.02500 68.19050 0.43972 13
-0.52244 -0.93714 84.51941 0 1.77500 -32.75000 68.19050 0.44873 13
-0.03758 0.37652 84.51941 0 2.77500 -32.27500 68.19050 0.46041 13
0.53561 -0.23401 20.56668 0 7.10000 -13.82500 18.23589 0.11667 -13
0.64241 -0.18788 84.33526 0 5.65000 -22.30000 71.31116 0.12118 13
-0.10698 -0.11040 15.00087 0 3.37500 2.15000 14.91675 0.10190 -13
0.28864 -0.08840 34.75402 0 2.65000 -9.05000 33.40088 0.10518 13
0.79213 -0.24569 17.84505 0 7.37500 -24.05000 14.14427 0.13080 13
0.22123 -0.02373 27.28673 0 0.72500 -4.50000 26.64288 0.10317 -13
0.82323 -0.21852 94.10327 0 6.57500 -23.87500 73.32965 0.13228 13
-0.84774 0.05804 37.97007 0 -1.72500 25.82500 28.98346 0.13215 -13
0.85374 -0.05737 45.99781 0 1.75000 -26.87500 35.00707 0.13254 -13
-0.64331 -0.10321 97.15989 0 3.12500 18.60000 81.83820 0.12019 -13
0.11227 0.06958 7.16948 0 -2.02500 -1.95000 7.12491 0.10157 -13
-0.18501 -0.13899 90.48724 0 4.20000 6.20000 89.00529 0.10337 -13
0.00034 0.09276 6.22541 0 -2.72500 -0.17500 6.22541 0.10113 -13
0.45243 -0.08806 48.96108 0 2.65000 -15.07500 44.63744 0.11088 13
0.74460 -0.04178 6.51757 0 1.17500 -23.02500 5.22932 0.12562 13
-0.24591 -0.04123 29.37250 0 1.22500 4.27500 28.52413 0.10379 13
1.70271 -0.14526 89.12501 0 4.37500 -51.00000 45.48539 0.19938 13
-1.12844 -0.05089 56.80699 0 1.55000 33.32500 37.70299 0.15193 -13
-1.21859 -0.03895 97.24388 0 1.17500 35.82500 61.71640 0.15879 13
-1.42124 0.09491 43.13961 0 -2.87500 43.37500 24.89878 0.17527 13
0.61540 -0.12496 35.57542 0 3.77500 -18.20000 30.36206 0.11892 -13
0.25272 -0.03258 76.90636 0 0.97500 -8.85000 74.56453 0.10392 13
-0.31277 0.04797 40.28789 0 -1.42500 9.80000 38.45501 0.10562 -13
1.16936 -0.16405 89.95032 0 4.95000 -38.57500 58.90868 0.15583 -13
0.29458 -0.06698 71.14606 0 2.02500 -8.80000 68.25867 0.10520 13
1.71387 -0.21141 73.77466 0 6.37500 -49.20000 37.78794 0.20094 13
-1.07909 0.04968 14.00615 0 -1.45000 30.80000 9.52661 0.14823 -13
0.02767 0.12660 18.09995 0 -3.85000 -2.17500 18.09312 0.10156 13
0.02845 -0.27333 18.09995 0 8.22500 -2.20000 18.09312 0.10441 13
1.79509 -0.17564 19.60319 0 5.35000 -52.90000 9.65046 0.20775 -13
0.59699 0.01557 35.39890 0 -0.47500 -18.45000 30.39570 0.11730 13
1.79089 0.13285 25.55367 0 -4.05000 -55.07500 12.54095 0.20702 13
1.83745 -0.26681 25.55367 0 8.00000 -56.45000 12.54095 0.21229 13
-0.51048 -0.07681 52.10015 0 2.32500 14.05000 46.43098 0.11333 -13
0.91685 -0.01415 16.41995 0 0.37500 -27.40000 12.10334 0.13663 13
-1.49438 -0.01141 71.57425 0 0.32500 47.52500 39.80679 0.18108 13
-1.60539 0.13207 97.10286 0 -3.97500 45.30000 51.65981 0.19092 -13
-1.64753 -0.26750 97.10286 0 8.07500 46.57500 51.65981 0.19596 -13
-1.37656 -0.04684 29.21990 0 1.45000 43.82500 17.18525 0.17142 -13
0.75959 0.09925 62.09180 0 -2.97500 -23.65000 49.53306 0.12685 -13
-1.05619 -0.03640 10.38528 0 1.17500 32.00000 7.14290 0.14653 -13
-1.18127 -0.08324 22.04762 0 2.47500 37.85000 14.27412 0.15607 13
0.29309 -0.18653 23.19126 0 5.65000 -9.52500 22.28477 0.10662 -13
-1.07969 -0.23832 61.62198 0 7.17500 30.50000 42.49181 0.15012 13
0.64602 0.07076 42.19689 0 -2.12500 -17.12500 35.47039 0.12010 -13
0.28492 0.01791 66.49375 0 -0.55000 -7.80000 63.94941 0.10473 13
1.61395 -0.23965 71.31794 0 7.22500 -49.82500 38.32176 0.19270 13
0.18026 -0.22425 87.49718 0 6.77500 -5.52500 86.17444 0.10479 -13
-0.12933 0.06587 5.13485 0 -2.07500 3.22500 5.09260 0.10180 13
0.70923 -0.21675 41.31620 0 6.55000 -19.85000 33.95708 0.12539 -13
-0.01321 0.14374 25.22854 0 -4.32500 1.17500 25.22637 0.10174 -13
-0.01349 -0.25525 25.22854 0 7.72500 1.17500 25.22637 0.10396 -13
0.49181 0.05218 10.81532 0 -1.52500 -15.62500 9.70766 0.11234 -13
-1.04580 0.12806 41.48792 0 -3.87500 32.87500 28.79420 0.14629 13
-1.07494 -0.27176 41.48792 0 8.17500 33.75000 28.79420 0.15033 13
1.19250 0.11165 58.54486 0 -3.37500 -34.40000 37.75495 0.15714 13
0.37861 -0.12816 36.19117 0 3.87500 -11.95000 33.88078 0.10846 -13
1.32514 -0.22383 51.02001 0 6.77500 -40.40000 31.21053 0.16871 -13
1.91519 0.06787 20.18088 0 -2.10000 -56.65000 9.35811 0.21769 13
0.63488 -0.13324 68.34315 0 4.02500 -19.90000 57.84206 0.12004 -13
-0.69296 0.04451 23.81269 0 -1.32500 17.77500 19.57873 0.12260 -13
1.40840 -0.06089 31.19035 0 1.87500 -40.75000 18.07920 0.17407 -13
-0.52458 0.14682 80.11409 0 -4.42500 15.55000 71.10624 0.11467 -13
-0.53524 -0.25207 80.11409 0 7.60000 15.87500 71.10624 0.11702 -13
1.72310 0.08244 89.87934 0 -2.47500 -50.82500 45.22875 0.20079 -13
0.54101 -0.20399 97.90780 0 6.15000 -16.67500 86.50545 0.11632 13
-0.26294 -0.01396 2.50257 0 0.62500 9.35000 2.42037 0.10424 -13
1.47963 0.03539 22.20916 0 -1.10000 -45.87500 12.44112 0.17990 13
-0.27486 -0.24689 67.97351 0 7.45000 11.90000 65.67521 0.10735 13
0.15998 0.02440 25.98843 0 -0.75000 -5.10000 25.66228 0.10201 13
2.14669 -0.11006 36.89631 0 3.35000 -64.55000 15.65798 0.23876 -13
0.19582 -0.23863 20.53397 0 7.17500 -5.97500 20.17133 0.10537 13
-0.00837 -0.10177 1.46925 0 2.72500 3.07500 1.46919 0.10138 13
-1.95790 -0.06688 9.04859 0 1.90000 62.40000 4.12276 0.22148 13
-0.11221 -0.12836 26.97871 0 3.90000 5.10000 26.81317 0.10216 -13
0.34695 -0.20278 83.85076 0 6.10000 -9.97500 79.38692 0.10853 13
-0.40086 -0.23491 75.12695 0 7.07500 13.35000 69.98695 0.11103 13
0.22247 0.00250 81.34478 0 -0.07500 -9.72500 79.40345 0.10317 13
-1.49505 -0.04135 93.98689 0 1.25000 42.22500 52.28484 0.18118 -13
-1.17651 -0.22243 84.39832 0 6.72500 33.30000 55.42336 0.15711 -13
-1.02873 -0.19204 89.37650 0 5.77500 32.25000 62.87512 0.14576 13
0.76075 -0.01326 65.88369 0 0.40000 -23.70000 52.43657 0.12654 -13
-0.97407 0.01947 23.48876 0 -0.62500 27.47500 16.82698 0.14060 13
-1.35827 -0.22883 87.14479 0 6.90000 41.60000 52.52024 0.17140 13
1.94891 -0.23431 70.26041 0 7.05000 -59.07500 32.75653 0.22181 13
0.23437 0.01713 68.64756 0 -0.52500 -6.32500 66.83699 0.10344 13
0.19797 -0.17694 10.98553 0 5.30000 -5.72500 10.78272 0.10417 13
0.29561 -0.09441 83.85505 0 2.85000 -6.52500 80.44378 0.10544 -13
-2.09218 -0.09900 22.71903 0 2.92500 62.05000 9.83560 0.23371 13
0.04905 -0.01327 11.95642 0 0.45000 -0.45000 11.94207 0.10084 -13
-0.23481 0.02730 60.60146 0 -0.82500 5.67500 58.99800 0.10348 13
0.20392 0.02377 2.00721 0 -0.47500 -4.20000 1.96674 0.10293 -13
-1.98316 -0.14658 55.07753 0 4.40000 60.77500 25.00830 0.22413 13
-1.23363 -0.12849 45.25708 0 3.85000 36.67500 28.63990 0.16042 13
0.65682 0.02783 15.90792 0 -0.87500 -19.95000 13.29797 0.12052 13
1.38276 -0.13966 31.69836 0 4.25000 -46.47500 18.69312 0.17245 -13
1.63971 -0.13233 32.39156 0 4.02500 -49.85000 16.97130 0.19390 -13
0.07573 -0.12279 52.60725 0 3.70000 -1.70000 52.45938 0.10174 13
0.89984 0.11502 45.37864 0 -3.45000 -27.62500 33.83147 0.13596 -13
0.61455 0.03024 16.35680 0 -0.87500 -17.55000 13.93723 0.11824 -13
0.06069 -0.03234 72.85162 0 0.97500 -0.22500 72.71796 0.10094 13
0.44144 0.06481 10.68167 0 -1.90000 -13.07500 9.77536 0.11026 -13
0.88123 -0.02143 1.01343 0 1.30000 -25.32500 0.76039 0.13507 -13
-0.34428 0.08228 64.34153 0 -2.50000 11.00000 60.85862 0.10683 13
-0.71896 0.10179 93.84218 0 -3.07500 22.05000 76.32721 0.12445 -13
0.07206 0.04586 13.62805 0 -1.35000 -3.25000 13.59292 0.10106 -13
-1.32063 -0.10224 15.97887 0 3.02500 40.75000 9.67813 0.16710 13
0.44719 -0.16280 68.56666 0 4.90000 -12.32500 62.72808 0.11152 13
2.23468 -0.13008 5.32380 0 3.70000 -64.40000 2.18932 0.24677 13
-1.12822 0.12924 62.30346 0 -3.90000 34.30000 41.51830 0.15239 13
-1.15913 -0.27052 62.30346 0 8.15000 35.22500 41.51830 0.15654 13
0.49803 0.04438 5.02898 0 -1.45000 -18.10000 4.50255 0.11263 13
-1.08041 0.13481 22.35912 0 -4.02500 33.17500 15.26206 0.14885 -13
-1.10745 -0.26461 22.35912 0 8.02500 34.00000 15.26206 0.15265 -13
0.47190 0.01897 67.67772 0 -0.57500 -14.02500 61.20692 0.11137 -13
0.55432 -0.05404 33.72709 0 1.65000 -17.37500 29.50817 0.11527 -13
-1.75630 -0.06788 88.01007 0 2.05000 51.70000 43.62347 0.20364 -13
-1.66003 -0.00136 84.70284 0 0.05000 48.02500 43.70681 0.19516 -13
0.05376 -0.00327 20.85064 0 0.07500 0.77500 20.82068 0.10085 13
-1.10258 -0.01131 58.47929 0 0.32500 33.50000 39.28839 0.14990 13
-0.57293 0.09027 1.31804 0 -2.30000 16.00000 1.14472 0.11666 -13
1.29929 -0.15605 89.53026 0 4.70000 -38.67500 55.01843 0.16585 13
0.64387 0.14168 67.70194 0 -4.27500 -17.12500 57.08841 0.12061 -13
0.65828 -0.25740 67.70194 0 7.77500 -17.55000 57.08841 0.12333 -13
1.48924 0.05581 85.33026 0 -1.67500 -45.17500 47.62029 0.18073 -13
0.16854 0.07557 96.81578 0 -2.27500 -4.30000 95.47692 0.10241 -13
0.11577 -0.21765 95.53881 0 6.57500 -4.95000 94.93339 0.10372 -13
0.70017 0.01763 89.55986 0 -0.52500 -23.02500 73.36791 0.12295 -13
0.57269 0.03727 68.30813 0 -1.12500 -16.92500 59.28590 0.11611 13
0.85160 -0.18173 53.38997 0 5.47500 -24.95000 40.92345 0.13352 13
1.69132 0.07488 70.58586 0 -2.27500 -49.42500 35.99982 0.19800 13
-1.55787 -0.11051 59.95754 0 3.32500 46.90000 32.52725 0.18675 13
-0.11709 -0.18209 86.91800 0 5.50000 6.60000 86.34702 0.10304 -13
1.20790 0.07353 38.79245 0 -2.25000 -35.22500 24.77707 0.15810 13
0.98995 0.11717 83.95598 0 -3.52500 -28.77500 59.86717 0.14218 -13
-0.34782 -0.02518 67.88679 0 0.75000 9.90000 64.12111 0.10665 13
0.66370 -0.19453 16.91029 0 5.82500 -18.87500 14.16843 0.12242 13
-0.17046 -0.00086 72.00677 0 0.02500 4.85000 70.98291 0.10216 -13
1.67111 -0.24399 62.37165 0 7.37500 -49.07500 32.71093 0.19768 -13
-1.15563 0.09763 31.86807 0 -2.92500 36.12500 20.91006 0.15420 -13
-1.17258 0.11222 65.03056 0 -3.37500 35.07500 42.35013 0.15560 -13
-0.11278 -0.08644 72.52268 0 2.60000 5.40000 72.06911 0.10171 13
1.11014 -0.08087 67.44107 0 2.45000 -34.40000 45.21820 0.15069 -13
0.78131 -0.02859 55.70453 0 0.85000 -25.62500 43.90212 0.12783 13
-0.56578 0.01483 12.11638 0 -0.50000 16.25000 10.54609 0.11572 13
1.96180 -0.10084 40.23422 0 3.02500 -60.62500 18.34455 0.22197 13
1.15170 -0.00112 47.31881 0 0.05000 -33.45000 31.02330 0.15360 -13
-0.03363 -0.14599 68.31964 0 4.40000 -2.05000 68.28183 0.10182 13
-1.42444 -0.04754 24.67065 0 1.40000 44.10000 14.18601 0.17532 13
0.69478 -0.04935 1.13213 0 0.95000 -20.35000 0.92991 0.12320 13
-2.01565 -0.22249 1.80269 0 6.07500 58.37500 0.81717 0.22702 13
-1.37541 -0.12018 54.52902 0 3.60000 46.07500 32.21601 0.17167 13
0.54271 0.13377 73.60974 0 -4.05000 -16.40000 64.82580 0.11537 13
0.55658 -0.26573 73.60974 0 8.00000 -16.82500 64.82580 0.11831 13
-1.02437 -0.18706 88.18474 0 5.62500 32.12500 62.14195 0.14538 13
-1.49876 -0.12647 54.83554 0 3.82500 48.62500 30.60234 0.18190 -13
-0.15789 -0.07699 66.05165 0 2.32500 3.82500 65.24808 0.10224 -13
2.01037 -0.21548 10.55017 0 6.60000 -58.05000 4.78409 0.22737 -13
-1.41495 0.08968 9.42459 0 -2.80000 40.02500 5.45324 0.17480 13
0.14277 0.06143 22.49481 0 -1.82500 -5.42500 22.26985 0.10191 -13
-0.09086 0.12826 93.82412 0 -3.87500 4.35000 93.44546 0.10194 13
-0.09339 -0.27154 93.82412 0 8.17500 4.42500 93.44546 0.10477 13
0.69944 0.14457 77.30823 0 -4.35000 -19.75000 63.56395 0.12375 -13
0.71429 -0.25439 77.30823 0 7.67500 -20.22500 63.56395 0.12639 -13
0.26349 -0.22807 56.88475 0 6.87500 -8.97500 55.09604 0.10663 13
-0.76658 -0.04529 6.78795 0 1.45000 24.27500 5.38946 0.12700 -13
-0.05598 -0.12494 20.83681 0 3.80000 2.35000 20.80474 0.10165 -13
0.15979 -0.09742 93.51059 0 2.95000 -6.90000 92.35000 0.10246 -13
-0.29811 -0.13679 54.69355 0 4.12500 6.72500 52.45350 0.10598 -13
0.38756 0.05867 8.82190 0 -1.82500 -7.35000 8.22747 0.10819 13
-0.28388 -0.23205 36.20833 0 7.02500 8.55000 34.89847 0.10727 -13
-0.13938 0.02205 36.65413 0 -0.67500 1.50000 36.30339 0.10170 13
0.79651 0.06915 64.52430 0 -2.07500 -25.85000 50.51736 0.12893 -13
2.05000 0.04208 21.42605 0 -1.32500 -60.10000 9.40036 0.22975 13
-2.03788 -0.00982 21.29561 0 0.35000 61.00000 9.38178 0.22861 -13
1.01352 -0.13887 6.79769 0 4.30000 -28.45000 4.79728 0.14415 -13
-0.03464 -0.04868 15.06574 0 1.50000 2.95000 15.05672 0.10089 -13
-0.40220 -0.19241 21.62139 0 5.77500 11.45000 20.10954 0.11024 13
1.02993 -0.00917 14.08854 0 0.22500 -31.95000 9.81460 0.14456 13
-1.47127 -0.03332 7.66564 0 1.12500 48.37500 4.31112 0.17920 -13
-2.03320 -0.08560 93.89203 0 2.60000 59.90000 41.56003 0.22835 -13
1.84455 -0.24511 42.29144 0 7.37500 -54.25000 20.61343 0.21268 13
0.95751 0.06824 68.84160 0 -2.05000 -30.60000 49.77878 0.13959 -13
-0.52109 -0.01324 94.27420 0 0.40000 18.52500 83.60575 0.11357 -13
1.13494 0.00563 48.84558 0 -0.15000 -35.77500 32.29222 0.15233 -13
-0.00607 -0.17358 40.05111 0 5.22500 0.57500 40.05039 0.10220 13
-1.62318 0.05505 47.26027 0 -1.67500 50.12500 24.81757 0.19207 13
-0.28903 -0.20576 24.78559 0 6.17500 9.67500 23.84842 0.10684 13
-0.98235 0.06175 53.88347 0 -1.87500 28.80000 38.47475 0.14131 13
-0.59319 -0.05337 98.19224 0 1.60000 20.10000 84.48287 0.11721 13
-1.37223 -0.19252 62.32849 0 5.82500 41.85000 37.14448 0.17210 -13
0.70808 -0.01316 54.15586 0 0.37500 -21.75000 44.19912 0.12340 13
-0.27435 -0.03762 49.18482 0 1.15000 6.87500 47.43452 0.10449 -13
1.81025 -0.15175 20.51232 0 4.62500 -53.97500 10.00487 0.20888 -13
-1.53516 0.14516 92.94144 0 -4.37500 45.67500 51.10013 0.18507 -13
-1.56737 -0.25378 92.94144 0 7.67500 46.65000 51.10013 0.18898 -13
0.32526 0.01619 87.26189 0 -0.47500 -10.95000 82.98385 0.10591 -13
0.89896 0.13907 21.43180 0 -4.22500 -26.32500 16.00614 0.13616 13
0.92015 -0.26022 21.43180 0 7.82500 -26.95000 16.00614 0.13929 13
1.01630 -0.14029 93.79438 0 4.22500 -28.77500 66.10932 0.14427 13
-1.00057 -0.13581 9.19513 0 4.17500 29.62500 6.52896 0.14318 -13
-0.46718 -1.28565 9.19513 0 4.42500 29.82500 6.52896 0.14442 -13
0.60992 1.18513 9.19513 0 5.65000 30.22500 6.52896 0.14940 -13
0.56409 0.14641 9.19513 0 4.67500 33.17500 6.52896 0.16763 -13
-1.02731 -0.28654 9.19513 0 5.77500 30.57500 6.52896 0.18193 -13
-0.76946 -0.73714 9.19513 0 4.27500 29.87500 6.52896 0.19359 -13
5.73079 3.01696 9.19513 0 5.17500 30.35000 6.52896 0.19844 -13
0.85776 -0.38268 9.19513 0 5.92500 31.60000 6.52896 0.20952 -13
-0.79491 -0.11600 9.51397 0 3.57500 25.20000 7.46688 0.12921 -13
-0.00185 -0.02174 2.70076 0 0.85000 -0.35000 2.70076 0.10082 -13
0.82436 0.02948 56.07368 0 -0.87500 -25.35000 43.27547 0.13054 -13
0.80232 -0.20324 46.70027 0 6.12500 -22.00000 36.71252 0.13071 13
0.16156 -0.03322 73.85885 0 1.00000 -4.52500 72.91442 0.10207 13
-1.13807 -0.10612 46.35828 0 3.17500 34.22500 30.69616 0.15292 13
-1.56235 0.06765 9.63817 0 -1.95000 47.22500 5.20443 0.18689 -13
-1.94730 -0.00359 71.99038 0 0.12500 59.85000 32.88661 0.22044 -13
-0.70528 0.04322 80.37965 0 -1.30000 20.30000 65.70667 0.12331 13
1.90089 -0.19977 59.36325 0 6.00000 -59.65000 28.06290 0.21720 13
0.22701 -0.11770 14.44011 0 3.57500 -7.95000 14.08640 0.10396 -13
-0.68784 -0.09756 53.81829 0 2.95000 21.32500 44.40841 0.12263 -13
1.03895 -0.21659 10.29446 0 6.45000 -31.02500 7.22341 0.14678 13
0.27849 0.01932 78.30034 0 -0.60000 -7.72500 75.43096 0.10455 13
0.25126 -0.11871 67.47083 0 3.60000 -8.77500 65.46411 0.10452 -13
-1.58337 0.04559 30.10147 0 -1.40000 50.07500 16.08513 0.18867 13
2.00690 -0.01664 52.44361 0 0.52500 -62.02500 23.39111 0.22582 -13
-0.88664 -0.00250 96.46303 0 0.07500 26.90000 72.17779 0.13458 13
1.48998 -0.09938 81.18728 0 3.00000 -46.37500 45.39676 0.18099 -13
-0.03596 -0.12151 84.95586 0 3.67500 -1.20000 84.90178 0.10151 -13
-0.03005 -0.09575 45.79638 0 2.87500 1.37500 45.77592 0.10121 13
1.62876 0.03835 93.90089 0 -1.17500 -48.65000 49.15724 0.19250 13
0.20616 -0.18183 86.11822 0 5.50000 -4.47500 84.39965 0.10444 -13
-0.32899 0.01721 57.72461 0 -0.52500 11.35000 54.83447 0.10603 13
-0.17221 -0.22578 74.52622 0 6.82500 5.22500 73.49642 0.10469 -13
1.03043 -0.19450 26.66955 0 5.90000 -30.55000 18.74999 0.14595 -13
-0.16847 -0.07225 46.84983 0 2.20000 3.47500 46.20213 0.10238 -13
-1.32370 -0.13636 34.23581 0 4.12500 40.65000 20.75826 0.16765 -13
0.26943 0.09327 65.48860 0 -2.82500 -8.20000 63.25217 0.10472 13
-1.74397 -0.12176 91.44558 0 3.67500 49.17500 45.74109 0.20281 13
-0.89733 -0.23464 13.12156 0 7.12500 29.75000 9.88100 0.13743 -13
-1.57224 0.14458 8.15290 0 -4.47500 46.42500 4.40720 0.18835 13
-1.60530 -0.25460 8.15290 0 7.55000 47.37500 4.40720 0.19207 13
-0.85086 -0.06506 91.29491 0 1.97500 27.05000 69.59346 0.13239 -13
-1.14720 -0.03743 61.71705 0 1.15000 30.82500 40.57021 0.15330 -13
-0.56033 0.00682 82.87800 0 -0.22500 17.45000 72.30203 0.11544 13
0.33238 -0.20600 24.42640 0 6.20000 -10.40000 23.22647 0.10811 13
-0.19933 -0.21014 60.97860 0 6.32500 4.55000 59.85033 0.10483 13
-0.71129 0.02816 80.77968 0 -0.85000 21.95000 65.83494 0.12361 13
-0.95770 -0.11735 85.84776 0 3.52500 29.82500 62.20327 0.13993 13
1.01333 0.06359 50.30487 0 -1.90000 -29.00000 35.37115 0.14351 -13
-0.33932 -0.23389 42.10684 0 7.05000 8.50000 39.98121 0.10891 13
-1.51844 -0.03735 77.04489 0 1.12500 45.30000 42.39624 0.18313 13
-0.62856 0.07571 77.47688 0 -2.27500 18.75000 65.64817 0.11919 -13
0.52815 -0.04730 99.39067 0 1.42500 -13.42500 87.90755 0.11399 -13
0.07379 0.01879 95.28395 0 -0.55000 -0.40000 95.02567 0.10099 -13
0.40463 0.14066 32.68437 0 -4.25000 -12.37500 30.33951 0.10956 13
0.41387 -0.25853 32.68437 0 7.77500 -12.65000 30.33951 0.11204 13
-0.42021 0.08701 38.93867 0 -2.62500 10.95000 35.91833 0.10955 -13
0.23691 -0.08652 17.77689 0 2.57500 -6.20000 17.30145 0.10385 13
0.96646 -0.17007 88.00534 0 5.12500 -27.62500 63.71514 0.14110 -13
-0.20623 -0.05477 80.04384 0 1.65000 6.92500 78.39896 0.10297 -13
0.09479 0.11500 82.45946 0 -3.47500 -2.12500 82.09630 0.10181 -13
0.52290 -0.18165 54.84449 0 5.50000 -16.42500 48.76879 0.11511 -13
-0.29834 -0.05933 39.01169 0 1.80000 8.07500 37.38880 0.10527 -13
-0.38390 0.05533 70.60534 0 -1.67500 12.95000 65.92775 0.10801 13
-1.22256 -0.06003 76.32492 0 1.82500 37.15000 48.37586 0.15917 -13
1.06674 -0.15254 21.70190 0 4.57500 -31.62500 14.93281 0.14802 13
-0.66070 -0.11624 96.36472 0 3.50000 19.07500 80.56429 0.12126 13
-0.55730 0.07446 41.58194 0 -2.25000 18.82500 36.34593 0.11553 13
0.64016 -0.23279 61.26002 0 7.02500 -21.12500 51.98373 0.12185 -13
1.51561 -0.24242 86.54070 0 7.32500 -46.55000 48.60934 0.18449 -13
-0.11553 0.12724 99.75147 0 -3.85000 1.95000 99.10272 0.10218 13
-0.11880 -0.27261 99.75147 0 8.22500 2.05000 99.10272 0.10506 13
-1.41487 -0.20932 56.49336 0 6.32500 41.30000 33.07299 0.17576 -13
-0.15992 -0.06398 39.79238 0 1.92500 5.82500 39.29502 0.10219 13
0.47957 -0.23721 61.89772 0 7.17500 -16.17500 56.09177 0.11422 -13
-0.07049 0.01642 40.99947 0 -0.50000 0.67500 40.89804 0.10097 13
-0.27962 -0.23094 38.66255 0 6.95000 7.60000 37.30299 0.10711 13
-1.49256 -0.01290 1.19779 0 -0.35000 45.32500 0.66721 0.18153 13
-0.66555 -0.14220 26.76325 0 4.27500 19.32500 22.34816 0.12180 13
-0.00155 0.05854 63.78819 0 -1.77500 -1.82500 63.78812 0.10088 13
-0.11064 0.11936 16.50862 0 -3.62500 5.10000 16.40994 0.10204 13
-0.11409 -0.28103 16.50862 0 8.45000 5.20000 16.40994 0.10520 13
-0.15550 -0.08621 17.90185 0 2.57500 5.70000 17.69079 0.10228 13
0.76258 0.10942 62.82428 0 -3.30000 -25.70000 50.06474 0.12713 13
1.09188 0.10504 14.09953 0 -3.12500 -35.62500 9.55043 0.14947 -13
-0.87544 -0.03911 90.30329 0 1.17500 26.37500 67.96755 0.13390 13
-0.12506 -0.12408 64.69152 0 3.72500 4.25000 64.19902 0.10225 13
-0.39820 0.08096 76.62157 0 -2.45000 10.20000 71.21698 0.10870 13
-1.24103 -0.17774 68.15139 0 5.37500 38.67500 43.16371 0.16151 -13
-1.07882 -0.19127 23.24612 0 5.72500 32.62500 15.95572 0.14935 13
-1.12347 0.11952 1.11962 0 -4.30000 32.67500 0.74784 0.15297 13
-1.15897 -0.28290 1.11962 0 7.77500 33.45000 0.74784 0.15639 13
1.14169 -0.12544 11.35548 0 3.72500 -35.37500 7.51495 0.15333 13
0.18580 -0.12544 28.50603 0 3.80000 -4.07500 28.03377 0.10321 -13
-1.64742 -0.11962 61.61137 0 3.62500 49.07500 32.13581 0.19446 -13
-0.57967 0.14478 97.72902 0 -4.35000 15.22500 84.77008 0.11720 -13
-0.59193 -0.25418 97.72902 0 7.67500 15.60000 84.77008 0.11979 -13
0.30209 -0.48516 97.72902 0 -4.35000 15.20000 84.77008 0.11731 -13
-0.47754 0.80683 97.72902 0 -2.75000 14.57500 84.77008 0.12506 -13
-24.42817 -48.73488 97.72902 0 -3.87500 14.95000 84.77008 0.13758 -13
-0.48980 -0.55154 97.72902 0 -3.85000 15.07500 84.77008 0.13824 -13
0.39968 -0.51169 97.72902 0 -3.05000 15.20000 84.77008 0.14860 -13
-1.18925 0.13942 38.72133 0 -4.22500 34.27500 25.06123 0.15711 13
-1.21695 -0.25980 38.72133 0 7.82500 35.10000 25.06123 0.16073 13
-0.60995 0.04571 94.48972 0 -1.37500 19.35000 80.69104 0.11805 -13
0.28521 0.00750 7.45868 0 -0.15000 -7.45000 7.17264 0.10473 -13
0.29145 0.00990 63.55278 0 -0.30000 -7.77500 61.01448 0.10490 13
-1.69969 -0.14944 44.55946 0 4.52500 52.55000 22.78113 0.19919 -13
1.48142 -0.23681 9.08064 0 7.05000 -47.42500 5.17697 0.18141 13
-0.11371 -0.15796 70.85419 0 4.77500 3.22500 70.41146 0.10260 -13
-0.39877 -0.11239 96.09070 0 3.40000 9.45000 89.33228 0.10901 -13
-1.37852 -0.01283 84.98830 0 0.40000 40.85000 49.90700 0.17151 -13
-0.51744 -0.04543 80.93320 0 1.37500 15.30000 71.89612 0.11348 -13
-0.34332 -0.12846 85.03964 0 3.87500 10.10000 80.50040 0.10725 13
2.15048 0.05423 91.14659 0 -1.62500 -63.50000 38.47851 0.23889 -13
-0.31665 -0.16247 55.83715 0 4.90000 8.07500 53.29463 0.10689 13
0.40915 0.11365 96.35866 0 -3.42500 -10.82500 89.26391 0.10941 13
-0.45854 -0.20683 5.51444 0 6.35000 14.40000 5.03053 0.11282 -13
0.12171 -0.03943 81.97992 0 1.17500 -4.05000 81.38012 0.10152 13
0.30905 0.12189 87.18595 0 -3.67500 -10.02500 83.35200 0.10611 -13
0.31843 -0.27825 87.18595 0 8.40000 -10.30000 83.35200 0.10934 -13
1.37446 0.03866 45.64931 0 -1.17500 -43.02500 26.87089 0.17121 13
0.94239 -0.23044 14.02209 0 7.00000 -26.35000 10.32785 0.14037 -13
0.80241 -0.08346 23.41371 0 2.50000 -19.90000 18.28662 0.12938 13
-0.01832 -0.09522 10.56220 0 2.92500 1.15000 10.56045 0.10119 -13
-0.97848 0.03345 25.30186 0 -0.97500 29.65000 18.08980 0.14093 -13
-0.51971 -0.09869 53.01055 0 3.00000 16.17500 47.08558 0.11393 -13
1.44386 -0.03984 47.81157 0 1.17500 -42.65000 27.23708 0.17691 13
0.31609 -0.18247 95.99103 0 5.50000 -7.40000 91.66162 0.10720 13
-1.05313 -0.22894 27.27008 0 6.92500 32.17500 19.02841 0.14808 -13
0.00524 -0.02704 7.08312 0 0.75000 0.67500 7.08302 0.10075 13
0.45617 -0.16038 57.52133 0 4.85000 -12.40000 52.44673 0.11186 -13
0.20131 -0.03251 45.70295 0 0.97500 -7.85000 44.80502 0.10278 13
1.12834 -0.16721 41.01245 0 5.07500 -35.60000 27.41133 0.15278 -13
-1.97333 -0.15939 17.65297 0 4.75000 59.90000 8.05967 0.22329 13
-1.92812 -0.08561 73.37241 0 2.57500 57.57500 33.87704 0.21889 13
-1.44394 -0.11143 26.75535 0 3.32500 47.37500 15.29621 0.17722 13
0.84040 0.06970 58.10304 0 -2.12500 -27.07500 44.52536 0.13173 13
-0.48695 -0.15851 24.76823 0 4.75000 14.37500 22.32062 0.11313 13
0.71132 -0.21074 58.88242 0 6.35000 -18.95000 48.32832 0.12538 13
1.56986 -0.14101 59.53809 0 4.27500 -47.50000 32.21063 0.18800 -13
-0.27110 -0.00904 40.95645 0 0.25000 9.92500 39.52964 0.10434 13
-0.99554 0.06282 59.99682 0 -1.87500 31.97500 42.56063 0.14224 -13
0.87854 -0.06116 85.47162 0 1.85000 -27.50000 64.26330 0.13418 13
0.07783 0.07115 97.03125 0 -2.15000 -0.52500 96.74017 0.10126 13
-0.36038 -0.04365 11.52675 0 1.35000 14.15000 10.84527 0.10714 -13
0.30286 0.07006 31.60349 0 -2.12500 -11.15000 30.25294 0.10546 13
-0.34979 -0.22288 48.72553 0 6.72500 10.77500 46.11244 0.10902 13
0.66545 -0.23716 94.80230 0 7.15000 -22.30000 79.57777 0.12329 13
-0.26523 -0.09296 64.11033 0 2.80000 7.02500 61.98528 0.10461 -13
0.88460 0.00808 70.52372 0 -0.22500 -27.67500 52.82305 0.13445 -13
1.39852 0.08192 29.59343 0 -2.45000 -40.80000 17.25054 0.17332 -13
-1.31586 0.13116 23.33687 0 -4.00000 39.67500 14.19687 0.16698 13
-1.35098 -0.26859 23.33687 0 8.05000 40.70000 14.19687 0.17135 13
0.72546 -0.12730 3.74033 0 3.67500 -23.12500 3.03603 0.12503 13
0.95235 -0.12236 59.33266 0 3.70000 -29.77500 43.11742 0.13962 -13
-1.04654 0.09926 63.76353 0 -3.00000 31.45000 44.16432 0.14611 13
-0.02641 -0.05963 51.22454 0 1.80000 -0.52500 51.20674 0.10092 -13
1.17764 -0.06537 41.95765 0 2.00000 -35.90000 27.19197 0.15573 -13
1.34228 -0.19920 55.92718 0 6.02500 -38.82500 33.83008 0.16976 -13
0.73557 -0.02932 6.69102 0 0.97500 -22.57500 5.39069 0.12507 -13
0.57604 -0.10815 7.73091 0 3.35000 -16.12500 6.70862 0.11677 -13
0.86023 -0.10928 85.92574 0 3.30000 -23.40000 65.30453 0.13329 13
-1.25802 -0.02432 71.14304 0 0.75000 37.90000 44.27736 0.16186 -13
0.79735 0.11723 69.68986 0 -3.52500 -26.00000 54.63347 0.12933 -13
-0.24437 -0.24893 10.44086 0 7.45000 8.72500 10.15917 0.10662 13
-1.74992 -0.06840 50.00383 0 2.07500 53.90000 24.85875 0.20305 -13
0.69887 -0.10711 60.66752 0 3.22500 -18.80000 49.81969 0.12333 13
0.23480 -0.15302 80.30416 0 4.60000 -8.80000 78.22512 0.10458 13
0.66101 -0.18716 10.01674 0 5.57500 -19.22500 8.39963 0.12214 13
0.32731 -0.08726 4.67251 0 2.52500 -13.35000 4.44229 0.10632 13
1.16413 0.00856 61.41082 0 -0.27500 -34.40000 40.01669 0.15455 13
-0.57407 -0.18791 32.35281 0 5.65000 17.10000 28.17722 0.11756 13
1.65768 -0.22280 57.63823 0 6.72500 -51.60000 30.30300 0.19626 -13
-0.10783 0.01704 97.79816 0 -0.52500 1.32500 97.23462 0.10130 13
1.28037 -0.07039 8.55110 0 2.22500 -39.20000 5.27123 0.16381 -13
-1.60464 0.00735 48.06581 0 -0.20000 47.35000 25.42249 0.19040 -13
0.26550 -0.11064 7.75295 0 3.27500 -8.60000 7.49627 0.10477 13
-0.73165 -0.01988 25.95468 0 0.57500 19.60000 20.94816 0.12480 13
0.15719 -0.04753 10.95774 0 1.47500 -3.67500 10.82507 0.10206 -13
-0.19966 -0.11570 37.59467 0 3.50000 4.72500 36.87623 0.10336 -13
1.07522 -0.12764 77.68532 0 3.85000 -32.02500 53.13464 0.14842 13
0.63705 0.02736 9.31806 0 -0.90000 -16.07500 7.85980 0.11944 13
1.03415 0.11473 12.99781 0 -3.40000 -30.52500 9.06609 0.14529 -13
-0.74878 -0.03792 47.70375 0 1.12500 23.40000 38.19525 0.12586 13
1.39003 -0.23704 73.09423 0 7.15000 -43.60000 43.45451 0.17407 13
0.90825 -0.11620 80.66243 0 3.52500 -27.77500 59.89089 0.13655 -13
-1.85088 0.07514 44.44561 0 -2.30000 53.25000 21.17222 0.21201 13
1.13734 -0.09190 80.33196 0 2.77500 -34.32500 53.16932 0.15279 13
0.50071 -0.09916 32.94347 0 3.00000 -14.20000 29.48565 0.11307 -13
-1.93030 0.01707 52.74085 0 -0.50000 58.47500 24.26336 0.21892 -13
-1.25281 0.13994 68.00395 0 -4.20000 36.97500 42.67455 0.16203 -13
-1.28177 -0.25922 68.00395 0 7.82500 37.85000 42.67455 0.16579 -13
-0.85552 -0.01946 18.04455 0 0.55000 24.05000 13.71272 0.13253 13
-1.56988 -0.17442 82.92801 0 5.27500 46.15000 45.02875 0.18827 -13
0.18874 0.10796 66.51599 0 -3.27500 -5.10000 65.37495 0.10306 13
-0.73313 0.13575 55.86906 0 -4.10000 24.10000 45.20067 0.12562 13
-0.75130 -0.26367 55.86906 0 7.95000 24.62500 45.20067 0.12871 13
-0.98090 0.03452 45.74628 0 -1.05000 28.67500 32.66774 0.14111 13
-0.83825 -0.15972 18.92126 0 4.77500 25.55000 14.57620 0.13236 13
0.12827 -0.66210 18.92126 0 4.80000 25.50000 14.57620 0.13234 13
-0.11300 0.54817 18.92126 0 6.27500 25.67500 14.57620 0.13873 13
-0.35406 0.08724 18.92126 0 4.62500 26.10000 14.57620 0.14903 13
0.28817 0.12529 18.92126 0 6.02500 27.05000 14.57620 0.15810 13
-0.80929 -0.17127 76.85241 0 5.15000 24.65000 60.07984 0.13069 13
-0.41469 0.04092 41.87343 0 -1.22500 10.95000 38.68443 0.10910 -13
-0.00757 0.13966 86.74988 0 -4.20000 1.47500 86.74745 0.10168 -13
-0.00775 -0.25953 86.74988 0 7.82500 1.47500 86.74745 0.10405 -13
-1.45265 0.01339 12.42475 0 -0.32500 47.92500 7.04575 0.17760 -13
0.65270 -0.18589 27.21314 0 5.62500 -24.37500 22.90159 0.12173 -13
0.20778 -0.14749 13.60084 0 4.47500 -6.05000 13.32224 0.10395 -13
-1.06936 -0.16555 80.21979 0 4.97500 32.67500 55.18603 0.14837 13
1.16460 -0.18778 34.16290 0 5.65000 -34.50000 22.47655 0.15572 13
1.24237 -0.10210 18.89276 0 3.12500 -41.92500 11.88407 0.16095 -13
-1.73778 -0.10363 35.33979 0 3.10000 52.80000 17.69644 0.20216 13
-0.76030 -0.05633 94.95364 0 1.70000 21.00000 75.63152 0.12662 13
0.79714 0.12955 52.77821 0 -3.92500 -22.72500 41.40343 0.12945 13
0.81890 -0.27022 52.77821 0 8.15000 -23.37500 41.40343 0.13296 13
1.42212 -0.06518 57.37421 0 1.95000 -41.12500 33.04825 0.17519 13
1.20482 0.05654 49.02547 0 -1.70000 -34.80000 31.34061 0.15777 -13
-0.89714 -0.20721 5.23053 0 6.12500 29.10000 3.92920 0.13682 13
-0.53954 -0.14900 94.45094 0 4.50000 16.07500 83.32816 0.11541 -13
-1.54280 -0.17858 59.57069 0 5.37500 49.65000 32.76066 0.18600 13
0.42944 -0.10593 24.88206 0 3.17500 -15.37500 22.88280 0.11011 13
-0.03291 0.09930 73.41108 0 -3.00000 -0.30000 73.37172 0.10125 -13
-0.39261 0.12571 36.49170 0 -3.77500 12.10000 34.00327 0.10892 -13
-0.40394 -0.27417 36.49170 0 8.27500 12.45000 34.00327 0.11208 -13
1.13359 -0.15869 19.40153 0 4.75000 -33.87500 12.92408 0.15304 13
0.57685 -0.00538 14.58620 0 0.20000 -19.05000 12.63504 0.11626 -13
-2.01128 0.06900 52.16081 0 -2.05000 61.70000 23.26672 0.22628 -13
-1.29801 0.03958 44.56695 0 -1.20000 37.70000 27.21313 0.16505 13
-1.91256 -0.10025 40.59830 0 3.00000 57.62500 18.88430 0.21756 13
-0.04273 -0.13627 93.83036 0 4.12500 -1.40000 93.74635 0.10173 -13
1.28580 -0.10158 26.40309 0 3.10000 -37.12500 16.26141 0.16437 -13
0.11352 -0.05979 55.76968 0 1.80000 -4.30000 55.41507 0.10153 13
-0.09572 -0.08654 88.79764 0 2.60000 2.62500 88.39660 0.10154 13
0.29460 -0.23902 87.00631 0 7.20000 -8.72500 83.64072 0.10770 13
-0.13732 0.01365 79.62254 0 -0.42500 6.10000 78.88237 0.10166 13
-0.79129 0.14724 8.73720 0 -4.37500 22.90000 6.87965 0.12924 -13
-0.80718 -0.25147 8.73720 0 7.67500 23.40000 6.87965 0.13197 -13
-0.29237 -0.03800 85.54828 0 1.15000 9.85000 82.11555 0.10499 -13
-1.21196 0.11800 94.10798 0 -3.55000 36.80000 60.14054 0.15867 -13
-0.15231 -0.17137 31.05460 0 5.17500 6.90000 30.71044 0.10333 -13
-1.86584 -0.03379 34.74272 0 1.05000 57.62500 16.41886 0.21323 -13
-0.48125 -0.09231 34.83789 0 2.80000 11.82500 31.41667 0.11215 -13
0.38812 -0.22454 93.06916 0 6.77500 -10.55000 87.03711 0.11037 13
-1.46068 -0.03813 13.49054 0 1.10000 43.57500 7.62494 0.17830 13
1.35814 0.14660 64.94817 0 -4.40000 -38.50000 38.77474 0.17048 -13
1.38591 -0.25229 64.94817 0 7.62500 -39.35000 38.77474 0.17399 -13
-1.43558 -0.05784 21.75071 0 1.70000 43.05000 12.44617 0.17627 13
-1.14248 -0.24819 10.85973 0 7.42500 35.40000 7.27232 0.15486 13
0.34532 -0.08738 25.55598 0 2.62500 -10.92500 24.16590 0.10690 13
-0.43284 0.02194 76.26813 0 -0.65000 11.50000 69.99553 0.10975 -13
1.27761 -0.08013 42.82066 0 2.40000 -41.65000 26.44522 0.16358 13
-0.65479 -0.17829 54.78410 0 5.37500 20.42500 46.04605 0.12170 13
-0.02405 -0.24339 56.30715 0 7.32500 0.72500 56.29177 0.10367 13
-1.78269 -0.00095 58.34446 0 0.02500 50.62500 28.54375 0.20584 13
1.52270 -0.10658 92.64907 0 3.22500 -43.75000 51.05890 0.18377 -13
0.59292 -0.13661 2.47930 0 3.87500 -15.52500 2.13772 0.11787 13
1.63291 0.13405 61.97817 0 -4.05000 -46.82500 32.57714 0.19332 13
1.67452 -0.26547 61.97817 0 8.00000 -48.07500 32.57714 0.19820 13
-1.27563 0.08827 24.85499 0 -2.70000 40.80000 15.37111 0.16348 13
0.47231 -0.09958 34.93128 0 3.00000 -13.55000 31.61372 0.11182 13
0.79265 0.12278 97.86205 0 -3.70000 -24.42500 76.91208 0.12909 -13
0.81643 -0.27732 97.86205 0 8.37500 -25.15000 76.91208 0.13298 -13
-0.14245 -0.22040 36.43962 0 6.62500 5.17500 36.09198 0.10410 13
0.72697 -0.20206 10.13473 0 6.15000 -21.10000 8.25338 0.12622 -13
-1.77257 0.06084 31.93040 0 -1.87500 50.87500 15.71077 0.20507 13
-0.00697 0.13120 76.26533 0 -3.95000 -0.20000 76.26351 0.10156 -13
-0.00715 -0.26842 76.26533 0 8.10000 -0.20000 76.26351 0.10427 -13
-0.28238 0.02418 92.67617 0 -0.72500 8.12500 89.19021 0.10467 -13
-1.91511 -0.00538 52.10852 0 0.17500 56.97500 24.11914 0.21757 -13
-1.17132 0.08258 45.76770 0 -2.50000 37.75000 29.77521 0.15533 13
-1.61052 0.14497 64.18524 0 -4.35000 46.72500 34.11270 0.19144 -13
-1.64459 -0.25398 64.18524 0 7.67500 47.77500 34.11270 0.19552 -13
-0.14534 0.12209 47.76600 0 -3.67500 4.77500 47.27647 0.10250 -13
-0.14976 -0.27803 47.76600 0 8.40000 4.90000 47.27647 0.10562 -13
-1.03394 -0.05244 43.84547 0 1.57500 29.32500 30.50337 0.14494 13
-1.09607 -0.14334 20.39823 0 4.30000 32.07500 13.82428 0.15009 13
-0.06722 0.13977 27.77476 0 -4.22500 2.80000 27.71344 0.10192 13
-0.06879 -0.25945 27.77476 0 7.80000 2.85000 27.71344 0.10425 13
-0.16301 -0.07404 74.06487 0 2.22500 6.52500 73.10516 0.10230 13
-0.23951 0.03546 55.23034 0 -1.07500 7.70000 53.71300 0.10362 13
-0.86161 0.05447 5.94548 0 -1.75000 26.50000 4.50720 0.13309 13
0.37649 -0.11871 58.76117 0 3.60000 -10.10000 55.04017 0.10827 -13
