0.23050 0.00271 89.20939 0 -0.07500 -7.82500 86.93005 0.10334 13
-0.92000 -0.15789 52.53859 0 4.75000 27.05000 38.88242 0.13776 13
-0.16429 0.02359 33.11326 0 -0.70000 6.92500 32.67545 0.10208 -13
-0.12987 -0.19436 70.59036 0 5.85000 3.42500 70.02364 0.10341 13
-0.05627 0.00104 72.44869 0 -0.02500 -2.52500 72.33429 0.10086 -13
-0.10744 0.14631 63.90891 0 -4.42500 3.05000 63.55084 0.10235 13
-0.10965 -0.25260 63.90891 0 7.62500 3.10000 63.55084 0.10445 13
-0.78629 -0.01437 94.59226 0 0.42500 24.95000 74.36188 0.12811 13
0.56466 -0.08774 25.58859 0 2.62500 -16.35000 22.30241 0.11598 13
-1.54315 -0.08153 82.33080 0 2.47500 47.00000 44.87819 0.18537 -13
-1.07866 -0.19538 40.66526 0 5.90000 34.95000 27.92440 0.14944 -13
-0.83737 -0.20396 41.24634 0 6.17500 27.22500 31.88689 0.13296 -13
-0.17934 0.02981 87.85489 0 -0.90000 5.67500 86.47653 0.10235 -13
-0.36819 0.02757 11.08162 0 -0.87500 12.75000 10.39955 0.10736 13
1.27426 0.06185 16.58723 0 -1.82500 -39.10000 10.25196 0.16323 -13
1.01622 -0.03625 68.01395 0 1.10000 -26.77500 47.72046 0.14362 -13
-0.70663 -0.02141 91.20312 0 0.65000 22.77500 74.48928 0.12333 -13
0.30437 0.02013 68.66168 0 -0.60000 -8.42500 65.68748 0.10528 -13
0.30677 0.01398 27.09657 0 -0.45000 -10.90000 25.90514 0.10534 13
-0.77796 0.03281 84.77574 0 -0.97500 23.12500 66.92498 0.12763 -13
-1.78600 -0.02722 2.68922 0 1.20000 55.50000 1.31395 0.20644 -13
0.36908 -0.02024 74.52035 0 0.60000 -13.60000 69.91213 0.10736 13
1.33309 0.06340 59.46777 0 -1.92500 -41.22500 35.73102 0.16794 13
-1.02471 -0.02497 3.85809 0 0.92500 28.42500 2.69506 0.14428 -13
0.19094 -0.20718 30.74325 0 6.27500 -3.00000 30.21947 0.10464 -13
0.25658 0.05508 69.34356 0 -1.67500 -6.87500 67.17418 0.10411 13
0.32821 -0.19683 32.90604 0 5.92500 -10.97500 31.32199 0.10782 13
0.69522 -0.20731 16.46609 0 6.30000 -22.35000 13.61163 0.12445 -13
-0.92618 0.02635 98.74976 0 -0.80000 28.02500 72.46191 0.13728 13
-0.01164 0.00252 92.30574 0 -0.07500 -1.47500 92.29949 0.10071 13
1.30187 -0.15742 18.88852 0 4.70000 -37.17500 11.59457 0.16604 13
-2.10922 -0.19721 68.32541 0 5.92500 60.50000 29.72882 0.23588 13
0.31070 -0.07012 40.02197 0 2.12500 -10.85000 38.22781 0.10569 -13
0.03517 0.14482 30.49920 0 -4.37500 -1.90000 30.48075 0.10182 13
0.03592 -0.25417 30.49920 0 7.65000 -1.92500 30.48075 0.10395 13
0.54074 -0.19308 9.11791 0 5.75000 -15.02500 8.05316 0.11609 13
-0.11882 -0.08319 42.77038 0 2.50000 1.92500 42.47367 0.10175 13
-0.87821 0.00396 56.88416 0 -0.10000 27.05000 42.74190 0.13402 -13
-0.35615 0.02853 28.43272 0 -0.85000 6.45000 26.78591 0.10694 -13
0.63921 0.08982 89.12901 0 -2.72500 -21.60000 75.18472 0.11986 13
0.11367 -0.11162 87.80357 0 3.37500 -4.50000 87.24865 0.10198 -13
-0.14049 0.12247 13.83165 0 -3.65000 6.02500 13.69915 0.10243 -13
-0.14469 -0.27755 13.83165 0 8.42500 6.15000 13.69915 0.10556 -13
-0.67321 0.10020 69.04004 0 -3.02500 18.92500 57.36053 0.12182 13
0.22958 0.10762 83.12871 0 -3.25000 -7.67500 81.04419 0.10389 -13
-1.46342 0.13397 5.16215 0 -4.20000 44.82500 2.93029 0.17916 13
-1.50173 -0.26577 5.16215 0 7.85000 45.85000 2.93029 0.18334 13
1.77399 -0.22391 96.29473 0 6.75000 -54.82500 48.16691 0.20629 13
2.08885 -0.01810 69.08600 0 0.52500 -62.72500 29.83520 0.23323 13
1.26462 0.07710 73.08384 0 -2.32500 -39.70000 45.41354 0.16254 -13
0.34685 0.13760 21.31091 0 -4.12500 -9.47500 20.15429 0.10747 -13
0.35519 -0.26164 21.31091 0 7.92500 -9.72500 20.15429 0.11009 -13
-0.69868 -0.14879 56.73683 0 4.47500 21.45000 46.67570 0.12375 13
-0.16515 0.11990 45.92634 0 -3.60000 5.57500 45.32096 0.10278 -13
-0.17030 -0.28037 45.92634 0 8.47500 5.75000 45.32096 0.10600 -13
0.36899 0.08286 32.11521 0 -2.52500 -8.62500 30.14169 0.10767 13
-0.38758 -0.06056 78.35381 0 1.82500 9.67500 73.07579 0.10818 -13
1.68197 -0.03519 49.25014 0 1.05000 -50.52500 25.18012 0.19709 13
-1.56594 -0.15952 1.53432 0 5.32500 46.90000 0.83386 0.18862 -13
0.15025 0.01244 85.98558 0 -0.37500 -3.15000 85.03118 0.10184 13
0.21369 0.05280 66.70593 0 -1.60000 -8.22500 65.23703 0.10312 13
-0.21351 -0.18963 52.54077 0 5.70000 4.92500 51.42162 0.10472 13
0.20218 -0.02398 10.28346 0 0.67500 -4.75000 10.07966 0.10277 13
-0.28115 -0.16744 84.89683 0 5.05000 8.55000 81.81003 0.10596 -13
-1.15031 -0.19450 91.19950 0 5.87500 34.27500 60.46443 0.15475 -13
0.61302 0.01740 57.50404 0 -0.52500 -16.35000 49.02739 0.11814 -13
0.80701 -0.08242 29.23004 0 2.47500 -24.10000 22.77727 0.12967 13
-0.12485 0.04665 86.94822 0 -1.42500 2.32500 86.27983 0.10159 13
-0.53970 -0.03927 77.86136 0 1.17500 16.02500 68.53100 0.11450 13
0.18816 -0.15032 95.79561 0 4.52500 -4.90000 94.17920 0.10358 13
1.19005 -0.19194 33.68805 0 5.82500 -36.45000 21.90212 0.15774 -13
1.43270 -0.24290 96.19889 0 7.32500 -42.75000 56.12141 0.17765 -13
-0.22624 -0.00146 17.50826 0 0.07500 7.40000 17.07666 0.10325 -13
-0.62419 -0.13490 68.86801 0 4.05000 15.67500 58.56806 0.11948 13
0.01076 0.13737 36.12521 0 -4.15000 -2.40000 36.12317 0.10166 13
0.01102 -0.26196 36.12521 0 7.90000 -2.40000 36.12317 0.10409 13
-1.24733 -0.21119 14.03995 0 6.30000 37.45000 8.89797 0.16234 13
1.54691 -0.24282 23.38291 0 7.27500 -47.37500 12.95163 0.18704 13
-1.94578 -0.06773 23.02799 0 2.10000 60.07500 10.54508 0.22043 -13
-0.11726 -0.08497 37.18937 0 2.57500 3.80000 36.93810 0.10176 -13
-1.00002 0.01132 53.34344 0 -0.32500 31.30000 37.72036 0.14242 -13
-0.87031 -0.11106 36.01151 0 3.32500 29.30000 27.23571 0.13396 13
0.11708 0.06014 68.00824 0 -1.80000 -4.45000 67.54843 0.10157 -13
0.25216 0.14349 22.04593 0 -4.30000 -5.57500 21.38965 0.10485 -13
0.25759 -0.25552 22.04593 0 7.72500 -5.75000 21.38965 0.10715 -13
0.30199 0.08446 15.54376 0 -2.57500 -8.77500 14.88421 0.10555 13
0.09687 -0.00228 89.16294 0 0.07500 -3.22500 88.74747 0.10117 -13
-0.16810 -0.08271 68.65656 0 2.50000 5.77500 67.71292 0.10246 -13
0.75504 0.06022 70.38505 0 -1.80000 -23.35000 56.20861 0.12633 -13
0.19081 -0.10263 27.75466 0 3.12500 -3.92500 27.26786 0.10305 -13
-0.92640 -0.03363 38.11228 0 1.02500 29.87500 27.96583 0.13732 -13
0.71913 -0.23497 96.09598 0 7.10000 -21.75000 78.72254 0.12628 -13
-1.63585 -0.12298 55.75924 0 3.70000 49.62500 29.24121 0.19346 13
-0.72731 0.11200 10.01560 0 -3.45000 20.45000 8.11745 0.12506 13
-0.11888 0.05494 75.64900 0 -1.67500 4.40000 75.12157 0.10156 13
-0.06421 0.13989 58.20386 0 -4.20000 3.47500 58.08653 0.10189 -13
-0.06568 -0.25928 58.20386 0 7.82500 3.52500 58.08653 0.10425 -13
-0.42466 -0.23577 78.04241 0 7.10000 10.85000 72.12429 0.11195 13
0.54757 0.08737 51.55904 0 -2.65000 -16.65000 45.26329 0.11516 13
-2.09932 -0.15220 24.48403 0 4.65000 61.92500 10.62798 0.23472 -13
0.15336 -0.16631 23.75399 0 5.02500 -6.57500 23.48671 0.10326 -13
-1.00556 0.04606 1.19692 0 -0.82500 29.65000 0.84418 0.14340 -13
0.39375 -0.16759 8.75811 0 5.00000 -11.75000 8.16413 0.10951 13
-0.37456 0.02558 26.44868 0 -0.80000 9.02500 24.76926 0.10757 13
-0.54845 -0.02136 77.91341 0 0.65000 15.72500 68.31734 0.11487 -13
0.86966 -0.19601 52.00729 0 5.92500 -30.22500 39.55968 0.13492 -13
-0.75961 -0.10480 32.19967 0 3.17500 23.75000 25.69225 0.12691 -13
-1.16941 -0.00114 30.81311 0 0.05000 37.02500 20.02562 0.15495 -13
0.40798 -0.14242 5.08913 0 4.20000 -13.45000 4.71866 0.10967 13
0.50838 0.08000 50.88395 0 -2.40000 -19.20000 45.38825 0.11325 -13
-1.93804 -0.05784 81.94634 0 1.72500 57.95000 37.62506 0.21969 13
0.43375 0.10474 21.61781 0 -3.12500 -12.62500 19.84973 0.11026 -13
-1.16246 -0.11373 11.29480 0 3.37500 34.42500 7.39287 0.15481 13
0.81536 0.07949 88.36296 0 -2.40000 -25.07500 68.57009 0.13018 -13
1.04879 -0.11841 55.96895 0 3.57500 -32.77500 38.76419 0.14642 -13
0.03262 -0.00189 59.26849 0 0.05000 1.07500 59.23697 0.10076 13
-0.35705 0.05182 4.69922 0 -1.67500 9.32500 4.42624 0.10711 13
0.79885 -0.08051 24.54179 0 2.40000 -22.92500 19.19858 0.12914 13
0.16166 -0.08617 89.91205 0 2.60000 -5.87500 88.76805 0.10238 13
0.34166 -0.13160 17.95401 0 4.00000 -9.42500 17.00504 0.10725 -13
0.35620 0.13857 53.05220 0 -4.20000 -13.27500 50.02951 0.10782 13
0.36462 -0.26068 53.05220 0 7.85000 -13.52500 50.02951 0.11035 13
0.00508 0.03972 78.91116 0 -1.20000 -1.00000 78.91014 0.10078 13
0.75101 -0.04754 60.13282 0 1.42500 -21.75000 48.10246 0.12603 13
-1.61113 -0.09248 51.89422 0 2.77500 47.25000 27.45108 0.19117 13
-2.06138 0.08362 94.43265 0 -2.52500 62.52500 41.33253 0.23089 13
-0.05145 -0.07104 7.39604 0 2.22500 4.82500 7.38631 0.10112 -13
0.14897 -0.05460 69.86475 0 1.65000 -2.20000 69.10444 0.10196 13
-0.40180 -0.23086 37.31488 0 6.95000 11.20000 34.74658 0.11098 13
-1.74347 -0.08050 53.71866 0 2.40000 56.37500 26.79219 0.20256 13
0.94525 -0.00595 3.73330 0 0.35000 -29.12500 2.71317 0.13863 -13
0.41682 -0.11947 52.28683 0 3.60000 -11.27500 48.31245 0.10977 -13
-0.01463 -0.05491 85.95888 0 1.65000 0.10000 85.94971 0.10087 -13
0.10638 0.01139 72.03072 0 -0.32500 -5.02500 71.62661 0.10127 -13
0.63993 -0.12287 54.71372 0 3.70000 -18.75000 46.18522 0.12019 13
0.52479 -0.14100 33.24543 0 4.27500 -16.62500 29.50048 0.11462 -13
1.20116 -0.02582 53.91210 0 0.77500 -34.90000 34.50063 0.15741 13
-0.43607 0.13272 30.60726 0 -3.97500 11.45000 28.09487 0.11066 -13
-0.44741 -0.26681 30.60726 0 8.07500 11.80000 28.09487 0.11356 -13
1.80713 -0.00215 76.05673 0 0.05000 -55.62500 36.82469 0.20799 13
-0.87152 -0.13637 98.53790 0 4.12500 23.22500 74.57984 0.13428 -13
1.01114 -0.10878 54.60477 0 3.30000 -31.17500 38.51168 0.14363 -13
-0.63392 -0.03225 59.59244 0 0.97500 19.17500 50.33861 0.11927 -13
0.04455 0.12294 64.90030 0 -3.72500 -0.05000 64.83696 0.10157 13
0.04589 -0.27718 64.90030 0 8.35000 -0.10000 64.83696 0.10460 13
1.20080 0.02280 27.80909 0 -0.72500 -34.00000 17.79886 0.15739 13
0.72172 -0.17847 4.13438 0 5.52500 -20.35000 3.37032 0.12564 -13
-0.96964 -0.02424 19.95260 0 0.70000 28.12500 14.32646 0.14029 13
0.50349 0.12873 83.84170 0 -3.90000 -17.30000 75.00973 0.11349 13
0.51739 -0.27104 83.84170 0 8.17500 -17.72500 75.00973 0.11662 13
-0.33895 -0.05341 53.61353 0 1.60000 9.40000 50.78375 0.10647 13
0.36566 0.69363 53.61353 0 1.57500 9.32500 50.78375 0.10655 13
-10.01714 -12.33955 53.61353 0 2.42500 6.47500 50.78375 0.12673 13
-0.65802 -0.46770 53.61353 0 3.17500 4.27500 50.78375 0.14737 13
-0.15107 0.51951 53.61353 0 2.45000 4.27500 50.78375 0.15108 13
1.65815 0.19297 53.61353 0 3.47500 5.25000 50.78375 0.16035 13
-48.65218 -7.53699 53.61353 0 3.47500 5.27500 50.78375 0.16058 13
-126.00422 20.31873 53.61353 0 3.82500 5.47500 50.78375 0.16505 13
-0.64771 -0.02623 89.54971 0 0.80000 16.90000 75.16839 0.12001 -13
-1.27496 0.09531 32.77576 0 -2.85000 36.87500 20.28484 0.16343 -13
0.00417 0.10327 10.81394 0 -3.07500 3.17500 10.81385 0.10123 -13
-0.05816 -0.00416 12.88231 0 0.17500 1.17500 12.86059 0.10088 -13
-1.14215 -0.11343 23.17945 0 3.40000 34.77500 15.32458 0.15328 13
0.88297 0.02953 46.78000 0 -0.90000 -27.90000 35.07328 0.13438 13
-0.60093 -0.22224 99.08927 0 6.70000 17.20000 85.46718 0.11959 13
1.10386 -0.01313 42.53970 0 0.40000 -31.00000 28.56215 0.15000 -13
0.20635 -0.02788 19.83390 0 0.82500 -8.72500 19.42504 0.10286 13
-0.59890 -0.00370 67.96090 0 0.12500 18.35000 58.30451 0.11738 -13
0.16528 0.11467 77.17863 0 -3.47500 -7.00000 76.15877 0.10272 13
-0.82088 -0.23204 19.76880 0 7.02500 27.67500 15.43926 0.13240 -13
0.27392 -0.13318 67.88756 0 4.02500 -8.80000 65.51544 0.10527 -13
-0.91503 -0.17888 76.85518 0 5.40000 29.12500 57.10474 0.13769 -13
-0.32830 -0.06865 96.72956 0 2.07500 8.97500 91.92453 0.10622 -13
-0.38856 -0.09441 43.87468 0 2.82500 11.55000 40.91986 0.10845 13
-1.59912 0.10791 68.95736 0 -3.25000 46.90000 36.71345 0.19024 -13
0.75831 0.04378 44.81105 0 -1.32500 -20.45000 35.71828 0.12646 13
0.61370 -0.16116 10.67707 0 4.80000 -16.67500 9.13155 0.11924 13
0.23183 0.03110 88.26801 0 -0.95000 -8.37500 85.98975 0.10342 13
1.06407 -0.17804 93.21370 0 5.35000 -31.97500 64.36247 0.14813 13
-1.13698 -0.15829 51.65722 0 4.80000 32.20000 34.35347 0.15332 -13
2.13646 -0.01632 17.50037 0 0.42500 -64.00000 7.41997 0.23754 13
0.37666 0.13145 20.99572 0 -4.00000 -9.92500 19.66926 0.10843 13
0.38665 -0.26824 20.99572 0 8.05000 -10.22500 19.66926 0.11127 13
0.01257 0.05601 39.02312 0 -1.67500 -0.60000 39.02004 0.10087 -13
1.19674 0.14688 11.96650 0 -4.37500 -39.12500 7.72095 0.15771 -13
1.22079 -0.25190 11.96650 0 7.67500 -39.90000 7.72095 0.16105 -13
0.06129 -0.07564 22.90517 0 2.30000 -4.27500 22.86250 0.10119 -13
1.92388 0.03902 6.68320 0 -1.02500 -55.77500 3.08364 0.21840 -13
-0.11761 -0.11185 13.25816 0 3.32500 1.65000 13.16842 0.10201 13
1.90717 0.13571 26.46966 0 -4.12500 -56.72500 12.37981 0.21733 13
1.95439 -0.26379 26.46966 0 7.92500 -58.12500 12.37981 0.22260 13
2.07068 -0.13861 20.68482 0 4.12500 -62.37500 9.06493 0.23193 13
-2.18370 0.06310 77.26099 0 -1.92500 64.20000 32.22030 0.24194 13
-0.56168 -0.22048 76.98904 0 6.65000 18.20000 67.50202 0.11762 -13
0.10799 0.11149 23.46835 0 -3.35000 -2.72500 23.33431 0.10191 -13
-0.30706 0.00243 31.72912 0 -0.05000 7.95000 30.33155 0.10534 -13
0.12244 -0.10649 14.29410 0 3.17500 -4.05000 14.18928 0.10201 13
-0.10506 -0.18992 49.41060 0 5.72500 6.75000 49.14940 0.10304 13
0.13279 0.03032 1.96702 0 -0.67500 -5.15000 1.94991 0.10176 -13
-0.03912 -0.18211 61.51632 0 5.47500 2.10000 61.47081 0.10243 13
-0.03722 -0.16613 58.12332 0 5.00000 -0.42500 58.08415 0.10215 13
-0.10855 0.06980 27.65015 0 -2.12500 3.22500 27.48945 0.10155 13
-2.12048 -0.16456 87.93234 0 4.95000 64.37500 37.91735 0.23666 13
-1.35223 0.01311 91.28276 0 -0.37500 41.10000 54.27938 0.16937 -13
-0.09659 0.00176 2.52361 0 -0.25000 1.22500 2.51194 0.10126 13
-0.32293 0.11438 47.25646 0 -3.45000 9.02500 44.99699 0.10645 -13
-1.62576 -0.00776 43.07452 0 0.25000 52.40000 22.56847 0.19222 -13
-0.27980 0.09347 90.04056 0 -2.82500 6.90000 86.73764 0.10499 13
-0.70938 -0.07002 10.69704 0 2.17500 21.57500 8.73222 0.12369 -13
0.58863 -0.19623 49.87195 0 5.90000 -18.22500 43.18554 0.11850 13
-0.11890 0.11163 32.32631 0 -3.35000 4.65000 32.10281 0.10203 -13
-0.69925 0.08238 4.81283 0 -2.60000 17.72500 3.94885 0.12322 13
-0.37570 -0.13980 28.92862 0 4.20000 11.17500 27.11268 0.10848 13
-0.03348 -0.21289 46.40085 0 6.42500 2.12500 46.37601 0.10302 -13
-0.08624 0.03472 81.21953 0 -1.05000 4.42500 80.91950 0.10114 -13
1.14525 -0.19135 93.26721 0 5.77500 -35.47500 61.96821 0.15433 -13
1.59999 -0.24702 78.25058 0 7.45000 -47.65000 42.35829 0.19160 13
-1.08062 0.05965 7.22987 0 -1.70000 31.02500 4.91537 0.14837 -13
0.83093 0.11055 87.22659 0 -3.35000 -24.27500 67.25472 0.13141 13
-1.09094 -0.05565 54.15866 0 1.67500 34.37500 36.62649 0.14914 13
-0.31415 -0.16953 28.60106 0 5.10000 9.27500 27.32068 0.10692 13
-1.47266 -0.16620 77.10672 0 5.02500 48.75000 43.71963 0.18006 -13
-1.40416 -0.10572 27.94122 0 3.15000 42.02500 16.26855 0.17391 13
-0.94925 0.03821 25.46798 0 -1.17500 30.70000 18.47767 0.13891 13
-0.73356 -0.08094 25.41430 0 2.42500 24.00000 20.51547 0.12515 13
-2.04744 0.10987 25.05010 0 -3.27500 63.17500 11.04610 0.22972 -13
0.65309 0.13605 16.13587 0 -4.07500 -21.42500 13.54665 0.12104 -13
0.66918 -0.26331 16.13587 0 7.97500 -21.92500 13.54665 0.12408 -13
0.92419 -0.15642 25.64841 0 4.70000 -27.57500 18.94037 0.13801 13
-1.34251 -0.23270 54.99785 0 7.00000 40.07500 33.41059 0.17018 13
-1.55858 -0.10080 24.71026 0 3.07500 48.07500 13.39238 0.18678 -13
0.24366 -0.19619 10.34138 0 5.87500 -7.80000 10.05807 0.10548 13
0.86397 0.05520 48.28120 0 -1.67500 -24.97500 36.55773 0.13320 13
-0.30295 0.05918 53.63443 0 -1.80000 8.65000 51.33815 0.10539 13
-1.23479 -0.10261 33.62576 0 3.07500 37.50000 21.22948 0.16033 13
-1.58656 0.02788 51.32557 0 -0.82500 47.17500 27.37507 0.18888 -13
1.25213 0.03898 35.15099 0 -1.15000 -37.45000 21.94680 0.16141 -13
0.57422 0.09575 25.70517 0 -2.87500 -17.37500 22.31621 0.11652 -13
-0.29864 0.11725 41.14418 0 -3.55000 11.50000 39.44548 0.10577 13
-1.03557 -0.19070 16.10403 0 5.70000 31.02500 11.28928 0.14621 13
0.37823 -0.24029 28.05457 0 7.22500 -7.95000 26.32998 0.11034 13
0.49098 -0.16907 39.61440 0 5.07500 -14.42500 35.65513 0.11346 13
-0.02295 0.14228 2.07268 0 -4.05000 1.82500 2.07215 0.10177 -13
-0.02377 -0.25650 2.07268 0 7.97500 1.85000 2.07215 0.10433 -13
-0.30233 -0.07840 26.90090 0 2.37500 6.37500 25.75652 0.10550 -13
0.09779 -0.18514 5.78958 0 5.50000 -2.32500 5.76297 0.10285 13
0.79560 -0.13928 29.14621 0 4.22500 -24.15000 22.89265 0.12946 -13
1.73798 -0.00787 12.33976 0 0.32500 -53.60000 6.15427 0.20193 -13
-0.59654 -0.18609 82.90905 0 5.62500 16.85000 71.51733 0.11876 -13
-1.99504 -0.02159 35.66193 0 0.67500 58.97500 15.98379 0.22474 -13
1.23137 -0.19977 99.76912 0 6.02500 -36.65000 63.63551 0.16100 13
-0.42130 0.10831 62.16173 0 -3.25000 12.52500 57.33569 0.10981 -13
0.90863 -0.07356 44.56496 0 2.22500 -30.32500 33.02360 0.13627 -13
-0.76284 -0.01904 78.45608 0 0.57500 23.35000 62.38229 0.12667 -13
0.07253 -0.20181 85.00117 0 6.07500 -1.57500 84.78712 0.10299 13
-0.16458 0.08041 80.98364 0 -2.42500 6.42500 79.91533 0.10237 -13
0.83084 0.07230 84.57915 0 -2.17500 -24.80000 65.12416 0.13113 -13
-1.19344 -0.16749 9.50923 0 5.12500 33.72500 6.15670 0.15779 -13
-0.00826 0.09035 11.48092 0 -2.67500 -1.25000 11.48053 0.10111 -13
-1.59958 -0.13921 5.23887 0 4.02500 48.17500 2.79656 0.19035 13
-0.64738 -0.04301 39.48997 0 1.30000 21.92500 33.15890 0.12005 -13
-0.76126 -0.21606 24.34333 0 6.50000 24.77500 19.53037 0.12839 13
0.15170 -0.22811 53.04956 0 6.87500 -6.57500 52.47866 0.10441 13
-1.31742 0.06927 30.50517 0 -2.07500 39.42500 18.47200 0.16670 -13
-0.65235 0.00164 49.76474 0 -0.05000 20.82500 41.68018 0.12023 13
1.79038 0.08932 25.07078 0 -2.72500 -55.80000 12.26283 0.20673 13
0.24247 -0.08167 67.20138 0 2.45000 -6.15000 65.32103 0.10394 13
-0.04686 -0.03798 10.59936 0 1.10000 1.50000 10.58775 0.10088 13
1.39308 -0.08969 1.13955 0 3.47500 -41.45000 0.66527 0.17439 -13
-0.58906 -0.01641 97.28941 0 0.50000 16.55000 83.82985 0.11689 -13
0.37788 -0.12193 2.25439 0 3.92500 -12.47500 2.11076 0.10858 -13
-0.72052 -0.09132 18.87139 0 2.77500 21.20000 15.33292 0.12438 -13
-0.39929 -0.19459 70.63935 0 5.85000 13.17500 65.76817 0.11019 13
1.95995 -0.10051 42.92959 0 3.05000 -59.30000 19.58776 0.22184 -13
1.22925 -0.20325 4.65561 0 5.95000 -36.00000 2.97377 0.16074 13
-1.07195 0.03498 8.37226 0 -0.97500 29.40000 5.71311 0.14767 -13
1.12226 -0.20119 81.31733 0 6.05000 -33.02500 54.69356 0.15271 13
-0.02536 -0.12104 97.16380 0 3.65000 -1.05000 97.13302 0.10146 13
0.89373 -0.10499 88.94802 0 3.17500 -28.87500 66.48217 0.13548 -13
0.69890 -0.11378 10.22307 0 3.50000 -22.20000 8.39687 0.12343 -13
-0.61445 -0.14391 6.15663 0 4.25000 17.47500 5.26030 0.11904 13
-1.60486 -0.16251 64.99175 0 4.87500 48.12500 34.69380 0.19110 13
0.56663 -0.09378 88.70632 0 2.82500 -17.40000 77.25983 0.11614 -13
0.39483 -0.15850 44.17793 0 4.80000 -11.85000 41.15899 0.10945 -13
1.12914 -0.23098 42.56932 0 6.97500 -31.97500 28.63301 0.15368 -13
-0.18183 0.10857 48.91758 0 -3.27500 3.32500 48.13741 0.10294 13
-1.35942 -0.11336 39.85229 0 3.45000 42.00000 23.71314 0.17034 -13
-0.31425 -0.07776 13.33226 0 2.30000 11.15000 12.72245 0.10584 13
0.06873 0.01835 54.59177 0 -0.55000 0.10000 54.46333 0.10096 13
0.10256 -0.02665 50.06324 0 0.80000 0.02500 49.80221 0.10127 13
0.74380 -0.09395 66.45703 0 2.82500 -22.52500 53.40732 0.12585 13
0.92228 -0.03456 32.29872 0 1.07500 -28.87500 23.74935 0.13704 -13
0.37445 -0.14758 47.00900 0 4.45000 -10.57500 44.08169 0.10855 13
0.41796 -0.09090 98.12397 0 2.72500 -14.00000 90.59015 0.10953 13
-0.22918 0.14761 77.44733 0 -4.45000 7.60000 75.53041 0.10438 -13
-0.23378 -0.25124 77.44733 0 7.57500 7.75000 75.53041 0.10647 -13
-0.13388 -0.07424 26.60652 0 2.22500 3.87500 26.37251 0.10187 13
0.12863 0.06489 73.99368 0 -1.97500 -1.55000 73.39163 0.10174 13
-1.78913 0.05093 11.01689 0 -1.62500 53.77500 5.38079 0.20650 13
0.63509 -0.24376 78.72817 0 7.35000 -19.75000 67.00050 0.12179 13
1.09396 -0.04219 46.25282 0 1.25000 -33.97500 31.22208 0.14932 13
-0.36779 -0.23091 48.90070 0 6.95000 10.55000 46.03415 0.10978 13
-0.15154 -0.04473 16.43051 0 1.37500 6.50000 16.24543 0.10196 -13
1.45663 -0.03170 81.77369 0 0.95000 -44.62500 46.29785 0.17795 13
-0.77189 -0.01082 54.67662 0 0.35000 21.77500 43.28351 0.12722 -13
-0.97196 -0.03987 32.75360 0 1.17500 29.35000 23.49627 0.14049 13
-0.51911 -0.09867 78.41643 0 2.97500 15.27500 69.66887 0.11390 13
0.80879 -0.00414 54.59914 0 0.12500 -23.35000 42.45230 0.12952 13
-0.19738 -0.12857 4.52872 0 3.77500 6.72500 4.44437 0.10344 13
-1.72230 -0.08663 29.28069 0 2.57500 52.52500 14.74363 0.20073 13
-1.24506 -0.10445 94.01064 0 3.15000 33.25000 59.06397 0.16116 13
0.71891 -0.06169 55.92404 0 1.85000 -22.17500 45.43661 0.12418 13
0.05622 -0.16264 84.58738 0 4.90000 -3.67500 84.45740 0.10219 -13
0.90728 -0.03133 76.39410 0 0.95000 -27.07500 56.59049 0.13601 13
0.46461 -0.00350 31.17849 0 0.10000 -14.50000 28.27565 0.11104 13
-0.14294 -0.00147 21.18466 0 0.07500 7.32500 20.97154 0.10173 -13
0.90094 -0.03975 41.12134 0 1.17500 -25.85000 30.56207 0.13560 13
0.35603 0.12843 31.59794 0 -3.85000 -11.80000 29.79477 0.10767 -13
0.36589 -0.27132 31.59794 0 8.20000 -12.10000 29.79477 0.11068 -13
2.11411 0.11789 8.27967 0 -3.70000 -61.55000 3.55924 0.23604 13
2.18165 -0.28324 8.27967 0 8.37500 -63.45000 3.55924 0.24315 13
2.05123 -0.03817 17.68208 0 1.07500 -60.52500 7.75320 0.22982 13
-0.88516 -0.19565 39.74827 0 5.87500 26.72500 30.00709 0.13591 13
0.57446 0.00714 4.83135 0 -0.32500 -18.67500 4.18932 0.11617 13
-0.56822 0.01126 92.92232 0 -0.35000 17.37500 80.79202 0.11583 13
-1.33573 -0.03677 29.35239 0 1.12500 42.40000 17.59898 0.16808 -13
-1.54210 -0.10587 61.79952 0 3.20000 48.62500 33.75643 0.18539 -13
0.62470 -0.20022 59.44824 0 6.05000 -18.67500 50.69402 0.12044 -13
-0.02086 0.06359 90.39850 0 -1.92500 0.70000 90.37892 0.10093 -13
1.85087 -0.22682 52.98421 0 6.87500 -57.02500 25.67737 0.21310 -13
0.75692 0.04442 95.96700 0 -1.35000 -22.72500 76.54582 0.12638 13
0.13963 -0.20296 7.11223 0 6.20000 -1.92500 7.04654 0.10378 -13
0.18952 -0.06948 87.05904 0 2.10000 -7.37500 85.54343 0.10273 13
-0.67373 -0.17469 39.45796 0 5.27500 18.72500 32.87637 0.12270 -13
-0.36659 0.11282 47.49046 0 -3.42500 10.90000 44.62204 0.10786 13
-1.05426 -0.18271 49.49924 0 5.50000 33.82500 34.35854 0.14747 13
-1.99435 -0.20306 46.09615 0 6.15000 59.10000 20.99563 0.22564 -13
-0.24979 -0.04716 19.00248 0 1.45000 7.30000 18.43723 0.10391 -13
1.88292 -0.20040 72.30428 0 6.05000 -58.57500 34.43563 0.21568 -13
0.68425 -0.10866 56.91706 0 3.27500 -17.77500 47.06064 0.12251 13
1.73200 -0.04404 75.84349 0 1.35000 -53.65000 37.94997 0.20145 -13
-0.20191 0.14300 47.00493 0 -4.32500 5.75000 46.09307 0.10375 13
-0.20633 -0.25607 47.00493 0 7.72500 5.90000 46.09307 0.10600 13
-0.51795 0.10156 25.39071 0 -3.07500 13.20000 22.56978 0.11388 13
-0.22744 -0.03333 45.99830 0 1.02500 8.67500 44.85407 0.10333 -13
1.11252 -0.05677 32.16735 0 1.70000 -35.60000 21.52314 0.15074 13
-1.44823 0.00322 95.55887 0 -0.10000 45.20000 54.29710 0.17723 -13
1.96767 -0.17934 16.90276 0 5.35000 -58.47500 7.75465 0.22293 13
0.19477 -0.10400 81.82372 0 3.15000 -6.32500 80.33015 0.10313 -13
0.18605 0.13706 67.37654 0 -4.12500 -8.12500 66.26028 0.10335 -13
0.19056 -0.26225 67.37654 0 7.92500 -8.27500 66.26028 0.10587 -13
0.77483 -0.05902 97.48382 0 1.77500 -23.65000 77.10933 0.12753 13
-0.19456 0.11717 1.49547 0 -3.87500 6.42500 1.46825 0.10368 13
-0.20058 -0.28410 1.49547 0 8.20000 6.60000 1.46825 0.10655 13
1.50653 0.05189 34.20274 0 -1.60000 -45.82500 18.93277 0.18218 13
1.37419 -0.16297 30.18890 0 4.95000 -40.35000 17.91472 0.17197 -13
2.09689 0.13074 21.73242 0 -3.90000 -64.60000 9.41886 0.23428 -13
0.28480 -0.08438 98.43464 0 2.55000 -8.17500 94.69499 0.10506 13
1.49725 0.04514 14.53130 0 -1.42500 -44.30000 8.07637 0.18140 13
0.45465 -0.08769 89.63524 0 2.65000 -14.52500 81.65081 0.11098 -13
-0.14158 0.05026 20.52103 0 -1.55000 4.52500 20.31886 0.10184 13
-0.41318 -0.03752 24.46495 0 1.15000 13.30000 22.61336 0.10903 -13
-0.13159 -0.06098 37.19643 0 1.82500 3.82500 36.87970 0.10175 13
1.08754 0.10506 83.17381 0 -3.15000 -33.35000 56.46396 0.14915 -13
1.51077 -0.17968 82.66506 0 5.40000 -45.92500 46.13150 0.18333 13
-0.24073 0.05692 56.00962 0 -1.72500 5.55000 54.45856 0.10374 13
-0.85441 -0.05845 89.63532 0 1.77500 26.85000 68.19822 0.13259 -13
0.20422 -0.02502 95.74634 0 0.75000 -6.72500 93.81122 0.10281 13
-1.50616 -0.06293 54.96435 0 1.87500 47.95000 30.44459 0.18216 13
-0.04150 -0.14612 58.25332 0 4.42500 0.42500 58.20424 0.10186 -13
0.87607 0.06785 72.24048 0 -2.05000 -25.52500 54.39200 0.13406 13
0.28278 -0.20659 88.22348 0 6.22500 -8.45000 85.02334 0.10670 13
-0.93285 -0.09240 38.50919 0 2.77500 29.32500 28.21487 0.13802 13
1.04737 -0.23195 44.90532 0 6.97500 -33.57500 31.43315 0.14767 13
1.66328 -0.21122 64.75472 0 6.35000 -47.87500 33.90187 0.19658 13
0.90793 0.13571 56.52636 0 -4.10000 -27.32500 42.02215 0.13671 13
0.93044 -0.26372 56.52636 0 7.95000 -28.00000 42.02215 0.14008 13
-0.12773 -0.22443 22.33902 0 6.75000 3.02500 22.16757 0.10399 13
0.31196 -0.00329 68.71659 0 0.10000 -7.42500 65.59851 0.10549 -13
-1.36815 0.03945 29.18424 0 -1.15000 38.95000 17.22974 0.17070 -13
0.14233 0.07335 12.72361 0 -2.25000 -1.80000 12.59734 0.10200 13
0.35506 -0.15090 85.33647 0 4.55000 -13.20000 80.51832 0.10794 -13
-1.32017 0.01466 61.00850 0 -0.45000 39.27500 36.83994 0.16678 13
-0.33927 0.10903 91.28968 0 -3.27500 10.80000 86.50235 0.10690 -13
0.14653 0.11722 59.44124 0 -3.52500 -2.90000 58.82141 0.10246 -13
1.14634 0.06611 89.85137 0 -2.00000 -36.42500 59.13863 0.15334 13
0.48540 -0.01408 56.91569 0 0.42500 -14.72500 51.20323 0.11195 13
0.21296 0.06798 34.98148 0 -2.07500 -6.90000 34.21757 0.10319 13
-1.85281 -0.21495 65.53778 0 6.47500 52.72500 31.67411 0.21310 13
0.35706 0.09509 91.11279 0 -2.87500 -9.45000 85.85037 0.10736 -13
-0.28090 0.01714 3.39267 0 -0.37500 11.07500 3.26630 0.10466 -13
0.81750 -0.04725 38.95250 0 1.45000 -24.95000 30.17134 0.13016 -13
0.01070 -0.20352 58.58984 0 6.12500 0.42500 58.58663 0.10277 13
-0.49577 -0.17183 6.25396 0 5.10000 12.97500 5.61893 0.11369 13
-0.28199 -0.03465 68.68592 0 1.05000 6.90000 66.11059 0.10469 -13
0.28083 -0.16639 99.13011 0 5.02500 -9.92500 95.53229 0.10593 13
0.33841 -0.04266 5.81508 0 1.37500 -8.32500 5.50858 0.10644 -13
1.27328 0.01336 61.55354 0 -0.40000 -39.85000 38.02120 0.16305 -13
-0.73529 -0.18995 18.06095 0 5.77500 22.00000 14.64059 0.12648 -13
1.41721 0.13179 43.74454 0 -3.95000 -42.70000 25.36497 0.17516 -13
1.45459 -0.26774 43.74454 0 8.10000 -43.82500 25.36497 0.17982 -13
1.62449 -0.04383 93.95022 0 1.32500 -46.80000 49.28449 0.19215 -13
-1.29995 -0.03111 51.16469 0 0.95000 39.15000 31.20563 0.16519 -13
-1.65420 -0.12880 31.72525 0 3.85000 48.12500 16.51114 0.19507 13
-0.35847 -0.09707 58.09963 0 2.92500 10.45000 54.72108 0.10742 -13
1.07008 0.05212 48.88828 0 -1.57500 -32.60000 33.40379 0.14759 13
0.42664 -0.12324 8.44990 0 3.77500 -11.65000 7.78120 0.11022 -13
-0.56180 -0.09247 18.91702 0 2.82500 15.67500 16.50885 0.11590 -13
1.73180 -0.08071 77.40772 0 2.42500 -51.65000 38.80191 0.20144 13
-0.53141 -0.07896 45.44314 0 2.37500 15.35000 40.15625 0.11431 13
0.95092 -0.06096 86.39792 0 1.85000 -28.25000 62.66445 0.13911 -13
-0.44426 -0.16318 65.46400 0 4.92500 14.17500 59.95425 0.11141 13
0.59186 -0.18590 67.79839 0 5.60000 -17.40000 58.59958 0.11850 13
-0.69948 0.14671 17.49317 0 -4.40000 23.82500 14.38415 0.12376 -13
-0.71377 -0.25213 17.49317 0 7.65000 24.25000 14.38415 0.12634 -13
-0.40634 -0.17162 84.69356 0 5.17500 11.95000 78.62270 0.11006 13
-0.17396 -0.23723 61.95275 0 7.17500 8.90000 61.08389 0.10498 -13
-1.07795 0.05200 18.53404 0 -1.60000 33.02500 12.61408 0.14818 13
0.79780 -0.00298 83.44322 0 0.07500 -26.20000 65.22810 0.12882 13
0.05649 0.07297 86.16643 0 -2.20000 -1.92500 86.02999 0.10113 -13
0.30446 -0.24300 86.73332 0 7.32500 -9.60000 83.16988 0.10808 -13
-0.41616 0.12647 79.80342 0 -3.80000 13.40000 73.76378 0.10981 -13
-0.42803 -0.27341 79.80342 0 8.25000 13.75000 73.76378 0.11296 -13
0.40960 -0.00571 51.42113 0 0.17500 -14.80000 47.58433 0.10883 -13
-0.05819 0.10034 36.50132 0 -3.05000 2.62500 36.44035 0.10138 13
-0.19879 0.03189 58.33462 0 -0.97500 6.65000 57.21616 0.10272 13
-0.84722 -0.02144 22.70322 0 0.62500 26.17500 17.32410 0.13200 13
0.99906 -0.14802 5.89419 0 4.57500 -31.32500 4.19214 0.14323 -13
-0.74946 -0.12610 72.96488 0 3.80000 22.30000 58.55191 0.12648 13
-0.33802 -0.09548 92.81165 0 2.87500 9.72500 87.96532 0.10674 -13
0.82741 -0.23134 88.04823 0 6.97500 -28.67500 68.54897 0.13277 -13
-0.21759 -0.16397 61.97040 0 4.95000 6.25000 60.58952 0.10438 -13
-0.06210 -0.19365 77.24974 0 5.85000 4.90000 77.10659 0.10277 -13
0.12637 -0.10613 77.24974 0 6.20000 4.35000 77.10659 0.10625 -13
2.60556 1.68153 77.24974 0 6.87500 4.52500 77.10659 0.11220 -13
0.30612 0.26627 77.24974 0 7.65000 4.55000 77.10659 0.11923 -13
1.17788 0.04452 23.59148 0 -1.30000 -37.72500 15.27695 0.15566 -13
1.42233 -0.04331 55.96698 0 1.32500 -41.77500 32.20973 0.17515 -13
-1.53860 -0.14637 52.29530 0 4.40000 47.57500 28.71102 0.18536 13
0.79585 -0.18856 51.25363 0 5.67500 -24.35000 40.37264 0.13009 13
1.54058 0.09898 38.71221 0 -2.95000 -45.05000 21.14962 0.18521 -13
0.36661 -0.08599 24.56736 0 2.62500 -11.47500 23.07611 0.10761 -13
-0.18708 -0.00657 75.19755 0 0.20000 5.75000 73.91527 0.10245 -13
-0.13466 -0.22388 84.56044 0 6.75000 3.20000 83.83966 0.10409 -13
0.84463 -0.01575 40.46980 0 0.45000 -26.02500 30.91876 0.13183 13
0.01455 0.12341 12.26492 0 -3.77500 1.20000 12.26365 0.10150 13
0.01501 -0.27672 12.26492 0 8.30000 1.20000 12.26365 0.10446 13
0.01213 -0.17515 63.09903 0 5.27500 1.37500 63.09453 0.10224 13
0.30139 -0.15838 48.51866 0 4.77500 -8.55000 46.50195 0.10638 -13
0.89266 -0.23756 81.18946 0 7.17500 -28.32500 61.29876 0.13710 -13
0.38982 -0.03820 6.58685 0 1.07500 -13.60000 6.13761 0.10816 13
0.63293 -0.24473 80.34020 0 7.40000 -18.85000 68.44053 0.12171 -13
-0.27604 0.08809 32.24646 0 -2.67500 9.35000 31.09255 0.10485 13
-0.69588 0.03004 18.96602 0 -0.92500 23.10000 15.57001 0.12273 13
0.56551 -0.08855 88.75609 0 2.67500 -17.17500 77.33129 0.11604 -13
-1.06362 0.02135 75.09101 0 -0.62500 34.45000 51.44182 0.14703 -13
0.55762 -0.19713 19.36540 0 5.97500 -17.97500 16.98869 0.11702 -13
1.88262 -0.21114 44.52511 0 6.35000 -55.20000 21.24320 0.21569 13
0.41534 0.07730 42.99713 0 -2.32500 -11.25000 39.72509 0.10932 -13
0.23155 0.05056 31.96005 0 -1.55000 -7.25000 31.13836 0.10349 13
1.52252 -0.02545 62.71716 0 0.75000 -46.32500 34.43784 0.18345 13
-0.11817 -0.20020 70.31424 0 6.05000 4.55000 69.84684 0.10339 -13
-0.79472 -0.02463 57.50992 0 0.72500 23.05000 45.02916 0.12866 13
-0.80852 -0.09618 9.33050 0 2.82500 24.35000 7.26874 0.12985 13
0.51072 0.07460 78.67810 0 -2.25000 -17.92500 70.10896 0.11332 -13
-0.93382 0.11453 3.23202 0 -3.25000 27.47500 2.36954 0.13823 -13
0.06032 -0.23231 17.39499 0 7.05000 -1.52500 17.36501 0.10359 -13
-0.98367 -0.02351 94.73547 0 0.70000 30.30000 67.54636 0.14128 13
0.37121 -0.13543 17.14956 0 4.05000 -13.62500 16.09500 0.10827 13
-0.52027 0.06676 96.91788 0 -2.02500 13.45000 86.01825 0.11372 13
-0.69210 0.06152 14.62812 0 -1.82500 18.00000 12.03566 0.12262 -13
-1.07319 -0.24032 74.14953 0 7.25000 32.00000 51.30444 0.14970 -13
-1.13771 -0.13635 73.89754 0 4.10000 33.92500 49.03949 0.15314 13
0.74449 -0.19049 36.25887 0 5.77500 -25.27500 29.26702 0.12702 -13
2.17891 -0.22474 7.84372 0 6.62500 -65.00000 3.33789 0.24199 13
1.21227 0.06419 60.53380 0 -1.92500 -34.85000 38.56714 0.15839 -13
0.61305 0.12886 26.56355 0 -3.90000 -19.02500 22.69701 0.11884 13
0.62992 -0.27094 26.56355 0 8.15000 -19.52500 22.69701 0.12208 13
-1.30209 0.10883 18.05952 0 -3.25000 37.67500 11.04088 0.16567 -13
0.79516 -0.07763 99.10228 0 2.32500 -23.70000 77.65881 0.12889 13
0.24031 -0.01806 63.16659 0 0.55000 -8.72500 61.41875 0.10359 -13
1.61083 -0.14904 2.06137 0 4.00000 -46.45000 1.09646 0.19125 13
0.67356 0.02501 98.32694 0 -0.75000 -23.07500 81.56054 0.12145 13
0.55773 -0.12400 19.19378 0 3.77500 -15.80000 16.79336 0.11600 -13
-1.12082 -0.04723 22.74715 0 1.45000 35.50000 15.15344 0.15135 -13
0.17157 -0.14557 33.74529 0 4.40000 -6.60000 33.26921 0.10323 -13
-0.55577 -0.19094 35.72092 0 5.75000 16.67500 31.35334 0.11679 13
0.59292 0.13353 70.34897 0 -4.02500 -20.82500 60.65019 0.11784 -13
0.60814 -0.26596 70.34897 0 8.02500 -21.30000 60.65019 0.12087 -13
0.06557 -0.09240 7.10869 0 2.72500 -0.90000 7.09358 0.10133 13
-0.92016 -0.11152 3.12144 0 3.57500 27.92500 2.30322 0.13751 -13
0.25693 0.08131 26.86519 0 -2.47500 -7.45000 26.02548 0.10430 13
-0.93561 -0.13645 34.77142 0 4.10000 29.10000 25.49965 0.13858 13
0.63054 -0.23737 87.89641 0 7.15000 -19.77500 74.92069 0.12142 13
1.21239 0.00716 21.84694 0 -0.17500 -34.45000 13.90137 0.15827 -13
-0.78486 0.00056 42.10566 0 -0.02500 22.77500 33.12229 0.12801 13
-0.04415 -0.24270 90.04866 0 7.32500 -1.15000 89.96591 0.10373 -13
0.04989 -0.13466 38.02850 0 4.05000 -4.12500 37.98210 0.10173 13
0.61897 -0.16234 9.58040 0 4.95000 -17.72500 8.17540 0.11960 -13
-0.50107 -0.23475 31.98932 0 7.07500 15.12500 28.75097 0.11508 13
