0.96087 -0.09207 77.97143 0 2.77500 -25.27500 56.33711 0.13996 13
0.36940 -0.01088 22.88012 0 0.30000 -10.42500 21.46282 0.10736 13
-1.98106 0.11157 34.66871 0 -3.40000 59.97500 15.69973 0.22378 13
0.32540 -0.09385 77.27696 0 2.82500 -12.45000 73.51506 0.10632 -13
0.48938 0.01623 14.72383 0 -0.45000 -16.60000 13.22543 0.11213 -13
1.68142 0.04928 96.90343 0 -1.47500 -53.52500 49.57754 0.19707 -13
0.78148 -0.06652 88.30500 0 2.02500 -22.60000 69.63694 0.12798 -13
-0.05912 -0.10746 32.37247 0 3.22500 3.77500 32.31667 0.10145 13
0.49686 -0.10143 52.04547 0 3.05000 -13.17500 46.65657 0.11291 13
1.40706 -0.18147 33.69438 0 5.45000 -41.27500 19.72946 0.17477 13
-0.65048 0.07344 77.10087 0 -2.20000 21.07500 64.68231 0.12036 -13
-0.11371 -0.24676 47.14999 0 7.45000 3.57500 46.86522 0.10437 -13
1.27238 0.13488 7.91832 0 -3.95000 -39.47500 4.92003 0.16347 -13
1.30423 -0.26431 7.91832 0 8.10000 -40.50000 4.92003 0.16783 -13
1.57357 -0.13199 44.89931 0 4.00000 -48.22500 24.23135 0.18823 -13
0.09244 0.03498 72.68297 0 -1.05000 0.27500 72.37480 0.10119 -13
0.81932 0.01847 83.72012 0 -0.57500 -25.92500 64.76388 0.13021 13
-1.93824 -0.08948 37.52647 0 2.67500 61.07500 17.26073 0.21979 13
0.60967 -0.08444 30.84404 0 2.57500 -17.02500 26.36046 0.11826 -13
-1.04624 -0.10511 87.71433 0 3.17500 31.47500 60.78036 0.14613 -13
1.00518 -0.12029 15.96892 0 3.67500 -30.27500 11.30385 0.14332 -13
2.15409 0.13794 89.34354 0 -4.15000 -63.72500 37.91213 0.23955 -13
0.99385 -0.08890 78.81219 0 2.70000 -31.57500 56.00940 0.14226 -13
1.94833 0.03308 96.88902 0 -0.97500 -57.55000 44.26115 0.22056 -13
0.43274 0.00007 11.49711 0 -0.05000 -15.07500 10.55192 0.10973 13
-0.36193 -0.12493 48.40750 0 3.77500 11.22500 45.55850 0.10784 -13
-0.15478 -0.24730 98.20192 0 7.45000 4.07500 97.11192 0.10490 13
-0.42439 -0.05144 39.31241 0 1.55000 14.57500 36.19553 0.10952 13
-0.96259 0.02857 18.37758 0 -0.90000 29.25000 13.24296 0.13982 13
0.68080 -0.23846 48.29947 0 7.17500 -22.87500 40.26946 0.12416 13
1.22947 -0.00342 83.90955 0 0.10000 -36.32500 52.94665 0.15959 13
0.25834 -0.22269 31.08971 0 6.70000 -8.92500 30.14602 0.10639 13
0.38432 -0.03478 35.66625 0 1.07500 -10.52500 33.29482 0.10795 -13
0.00727 -0.06005 73.45836 0 1.80000 -0.62500 73.45643 0.10089 13
-0.74833 0.11028 61.37366 0 -3.32500 20.25000 49.24419 0.12627 13
-0.52585 0.10081 26.68103 0 -3.07500 13.47500 23.64083 0.11424 13
-0.34278 -0.21615 27.08190 0 6.55000 11.97500 25.67907 0.10867 -13
0.86380 0.04592 42.73378 0 -1.40000 -26.07500 32.35359 0.13316 13
1.31930 0.14282 63.09879 0 -4.32500 -40.17500 38.36453 0.16719 13
1.34827 -0.25623 63.09879 0 7.72500 -41.05000 38.36453 0.17097 13
1.30219 1.27862 63.09879 0 -4.37500 -40.25000 38.36453 0.16747 13
0.18714 0.07294 63.09879 0 7.85000 -41.32500 38.36453 0.17372 13
-0.28455 0.12641 70.01024 0 -3.82500 8.77500 67.37658 0.10548 13
-0.29268 -0.27349 70.01024 0 8.25000 9.02500 67.37658 0.10848 13
-0.96528 0.05039 6.49555 0 -1.42500 28.35000 4.67654 0.14004 -13
-0.60404 0.06585 74.91027 0 -1.97500 16.47500 64.15748 0.11784 -13
0.78803 -0.09883 86.16343 0 2.97500 -25.15000 67.80121 0.12860 13
0.72905 -0.08900 44.87031 0 2.67500 -21.92500 36.30691 0.12495 13
1.15978 0.08947 85.77708 0 -2.70000 -37.82500 56.14101 0.15448 13
-0.50781 0.10318 74.63339 0 -3.12500 13.00000 66.61689 0.11336 13
-0.50781 0.10318 74.63339 0 -3.12500 13.00000 66.61689 0.11342 13
0.43515 -0.11733 1.19709 0 3.10000 -14.12500 1.09946 0.11066 13
0.11367 -0.18389 55.06396 0 5.55000 -5.65000 54.72298 0.10303 -13
0.06762 0.08774 79.07878 0 -2.65000 0.22500 78.89998 0.10132 13
-0.76222 0.03922 86.46754 0 -1.20000 24.60000 68.78799 0.12668 13
0.42446 -0.03820 30.44136 0 1.17500 -13.47500 28.02468 0.10947 -13
0.36463 0.10492 85.85773 0 -3.15000 -9.92500 80.71417 0.10771 -13
-1.22204 -0.03585 21.22348 0 1.05000 34.67500 13.44606 0.15905 13
-0.28604 -0.07963 85.05239 0 2.40000 8.35000 81.79246 0.10505 -13
0.22550 -0.02806 96.92756 0 0.85000 -5.65000 94.55514 0.10327 -13
-1.57847 0.03469 78.53786 0 -1.02500 46.75000 42.04830 0.18821 -13
0.27890 -0.15957 70.99245 0 4.80000 -9.75000 68.44403 0.10577 13
-0.95386 -0.13926 56.97412 0 4.20000 29.07500 41.41455 0.13988 -13
-0.05294 -0.09213 94.41418 0 2.77500 3.90000 94.28322 0.10127 -13
0.53438 -0.21566 58.37196 0 6.50000 -15.10000 51.73843 0.11622 13
0.16544 0.00632 14.14354 0 -0.15000 -5.02500 13.95394 0.10208 -13
-0.55395 0.12156 80.60758 0 -3.65000 17.42500 70.63235 0.11577 -13
-0.57085 -0.27862 80.60758 0 8.40000 17.92500 70.63235 0.11931 -13
0.51975 0.00090 90.71071 0 -0.02500 -14.77500 80.48837 0.11349 13
1.22573 0.13753 93.63037 0 -4.15000 -40.12500 59.52064 0.15991 13
1.25523 -0.26178 93.63037 0 7.87500 -41.00000 59.52064 0.16371 13
0.32689 0.10297 37.70311 0 -3.10000 -9.72500 35.85505 0.10645 -13
-1.23476 0.05540 91.22041 0 -1.67500 37.92500 57.46391 0.16010 -13
1.28196 0.05128 74.66979 0 -1.55000 -38.97500 45.96393 0.16371 13
1.28197 0.05128 74.66979 0 -1.55000 -39.00000 45.96393 0.16381 13
1.58208 -0.16301 11.32355 0 5.00000 -46.40000 6.10713 0.18927 -13
0.31037 0.03591 15.61170 0 -1.12500 -9.90000 14.91090 0.10551 13
1.00934 -0.18809 65.78702 0 5.67500 -32.40000 46.70604 0.14434 -13
0.89612 -0.07805 11.20852 0 2.30000 -26.75000 8.35878 0.13543 13
0.73585 -0.11377 68.72088 0 3.45000 -22.62500 55.47519 0.12556 -13
-0.09676 -0.20030 23.15700 0 6.02500 1.45000 23.05344 0.10315 13
-1.56631 0.03398 10.93634 0 -1.10000 48.42500 5.88779 0.18719 13
0.91827 -0.15073 26.48243 0 4.52500 -27.72500 19.60605 0.13754 13
-1.43924 -0.20229 57.73759 0 6.10000 39.30000 33.39144 0.17764 13
-0.05241 -0.20084 77.46117 0 6.05000 0.45000 77.35908 0.10284 13
1.02274 -0.06418 61.86281 0 1.92500 -32.50000 43.29491 0.14418 13
-1.02652 0.00896 46.79421 0 -0.25000 30.67500 32.65394 0.14432 -13
0.50761 -0.20036 93.35677 0 6.05000 -16.57500 83.57723 0.11473 -13
-0.17022 0.04998 62.10032 0 -1.50000 3.05000 61.22193 0.10227 -13
-0.13688 -0.24162 70.52384 0 7.27500 4.50000 69.90780 0.10451 13
-0.03437 -0.07525 71.78677 0 2.27500 2.07500 71.74466 0.10105 -13
-1.17714 0.10265 78.50488 0 -3.10000 35.57500 50.98145 0.15589 13
1.34407 0.04787 30.03285 0 -1.47500 -41.60000 17.94060 0.16878 13
0.17750 0.02114 1.11030 0 -0.20000 -5.30000 1.09327 0.10274 -13
-0.90989 0.11933 78.04244 0 -3.60000 28.07500 57.90808 0.13668 13
-0.93849 -0.28102 78.04244 0 8.47500 28.92500 57.90808 0.14096 13
-0.07269 -0.15725 92.97523 0 4.75000 3.50000 92.73643 0.10221 -13
-0.15390 0.10694 12.10533 0 -3.27500 3.25000 11.96596 0.10248 13
0.90855 0.14237 59.45445 0 -4.27500 -26.30000 44.20352 0.13681 -13
0.92863 -0.25668 59.45445 0 7.75000 -26.90000 44.20352 0.13985 -13
1.48039 -0.01116 55.91748 0 0.35000 -44.67500 31.30168 0.17991 -13
0.09873 -0.12136 57.24224 0 3.67500 -3.50000 56.96928 0.10193 -13
0.00751 -0.04716 10.52100 0 1.37500 1.32500 10.52070 0.10082 13
0.81548 -0.02506 22.62071 0 0.77500 -23.80000 17.53308 0.12997 -13
1.00949 -0.21743 35.30131 0 6.57500 -28.80000 25.13158 0.14478 -13
0.26106 -0.01524 87.37156 0 0.45000 -7.27500 84.53887 0.10409 13
0.19410 -0.07779 3.38446 0 2.50000 -7.30000 3.32272 0.10298 -13
-0.73739 -0.17364 99.82025 0 5.25000 20.45000 80.75698 0.12634 -13
0.62291 0.14386 45.33528 0 -4.32500 -16.60000 38.59019 0.11952 -13
0.63631 -0.25511 45.33528 0 7.70000 -17.02500 38.59019 0.12211 -13
1.80804 -0.17005 57.71785 0 5.15000 -52.10000 28.24038 0.20879 -13
-0.54578 0.05974 32.47124 0 -1.82500 18.02500 28.51425 0.11489 13
1.47158 -0.20132 7.79757 0 5.95000 -43.97500 4.44182 0.18021 13
0.95614 0.06432 16.71946 0 -1.90000 -30.37500 12.09635 0.13947 -13
0.40199 -0.21792 47.24724 0 6.57500 -10.80000 43.97701 0.11074 -13
0.01306 0.07423 70.78149 0 -2.22500 -1.05000 70.77547 0.10099 -13
1.66681 -0.01370 48.33290 0 0.40000 -51.20000 24.86706 0.19576 13
-0.96952 -0.08055 56.72777 0 2.45000 26.25000 40.79201 0.14050 -13
-1.23082 -0.17708 14.38942 0 5.27500 39.57500 9.15692 0.16066 13
1.90634 -0.14465 18.55878 0 4.42500 -58.37500 8.69074 0.21735 -13
-1.96496 0.02926 84.33996 0 -0.90000 60.50000 38.26614 0.22205 13
-1.19985 -0.01252 52.54158 0 0.40000 34.80000 33.64047 0.15729 -13
-0.10716 -0.02048 87.23196 0 0.62500 0.72500 86.73563 0.10130 -13
-2.03137 0.13021 56.08782 0 -3.90000 60.55000 24.93877 0.22838 -13
-2.08625 -0.26944 56.08782 0 8.15000 62.22500 24.93877 0.23460 -13
-0.50382 0.07711 91.27867 0 -2.32500 15.65000 81.56605 0.11303 -13
0.19839 -0.13188 55.58081 0 3.97500 -4.55000 54.53597 0.10352 -13
-0.62219 -0.19732 68.97575 0 5.95000 18.30000 58.87338 0.12025 13
0.55096 0.13410 14.56513 0 -4.00000 -18.42500 12.78346 0.11575 -13
0.56490 -0.26531 14.56513 0 8.05000 -18.85000 12.78346 0.11875 -13
-0.14410 0.00410 37.13241 0 -0.12500 5.45000 36.75279 0.10175 13
-0.40139 -0.20947 33.80455 0 6.30000 12.10000 31.46349 0.11054 13
-0.89406 -0.20763 21.08345 0 6.22500 26.15000 15.86365 0.13666 13
-1.05312 -0.03180 17.42226 0 1.00000 29.92500 11.99982 0.14629 -13
0.15149 0.04604 15.99223 0 -1.35000 -3.82500 15.81217 0.10196 -13
-0.40461 0.02086 11.62201 0 -0.57500 12.95000 10.77389 0.10865 -13
-0.23261 -0.02086 88.67746 0 0.62500 6.85000 86.37248 0.10341 13
1.14446 0.08061 13.45385 0 -2.47500 -35.65000 8.86840 0.15330 13
-1.43887 0.09363 70.17368 0 -2.82500 41.72500 40.16569 0.17672 13
0.20425 -0.16216 20.98130 0 4.87500 -8.15000 20.56741 0.10406 13
-0.47631 0.08973 81.44658 0 -2.70000 13.90000 73.58567 0.11191 -13
-1.06410 -0.01570 89.52544 0 0.47500 31.47500 61.31227 0.14707 13
0.97868 -0.10803 7.07600 0 3.35000 -28.47500 5.07405 0.14132 -13
-0.07068 0.10636 90.57848 0 -3.22500 1.87500 90.35561 0.10152 13
-2.14481 -0.18064 32.68137 0 5.47500 60.62500 13.99325 0.23906 -13
-1.55424 -0.21908 76.79406 0 6.60000 47.05000 42.24108 0.18741 13
1.58921 -0.03114 41.32175 0 0.92500 -50.35000 22.01451 0.18911 13
0.62124 -0.15732 38.29220 0 4.75000 -20.25000 32.63707 0.11961 -13
0.74494 -0.20656 40.76625 0 6.25000 -20.42500 32.93374 0.12730 -13
-1.22886 -0.01801 29.63069 0 0.57500 36.02500 18.70409 0.15956 -13
-0.39081 -0.21310 99.09129 0 6.42500 12.50000 92.56021 0.11024 -13
-1.02290 -0.08573 4.55647 0 2.42500 31.32500 3.19060 0.14432 13
-0.12564 -0.21006 85.67086 0 6.32500 2.80000 85.03046 0.10368 13
0.70051 -0.17459 11.03775 0 5.20000 -23.30000 9.08460 0.12417 13
0.90065 0.08325 94.57057 0 -2.50000 -27.97500 70.37965 0.13578 -13
0.71484 -0.07478 69.24360 0 2.25000 -20.15000 56.38371 0.12401 13
-0.94841 0.04767 91.20622 0 -1.45000 31.07500 66.21270 0.13887 13
-0.39864 0.03084 16.21983 0 -0.95000 11.82500 15.06788 0.10846 13
-1.72613 -0.17169 27.76712 0 5.22500 49.92500 14.07139 0.20167 -13
-0.61472 -0.11622 33.51034 0 3.52500 18.10000 28.60019 0.11879 -13
0.71437 -0.21316 10.68045 0 6.50000 -19.77500 8.75509 0.12567 -13
0.60382 0.06698 84.29833 0 -2.02500 -19.87500 72.20628 0.11783 -13
0.01296 0.05754 8.73264 0 -1.80000 0.67500 8.73191 0.10090 13
-1.53211 0.05005 46.21584 0 -1.50000 43.15000 25.28274 0.18431 -13
-0.03398 0.09029 21.34574 0 -2.70000 -1.02500 21.33351 0.10117 -13
0.87957 -0.16862 54.81565 0 5.10000 -27.87500 41.41034 0.13518 -13
1.28707 0.08442 44.97411 0 -2.52500 -36.37500 27.65439 0.16435 -13
-0.27188 0.10264 26.29134 0 -3.07500 9.27500 25.37964 0.10487 -13
-1.65658 0.10390 96.71724 0 -3.12500 48.80000 50.18048 0.19513 -13
0.47547 0.08231 32.60444 0 -2.50000 -14.52500 29.46365 0.11175 13
-0.27924 -0.04852 66.32054 0 1.45000 10.45000 63.88247 0.10467 13
0.17722 -0.02993 37.65417 0 0.90000 -3.07500 37.07708 0.10232 13
-0.46448 0.14023 50.62375 0 -4.25000 11.15000 45.99166 0.11193 13
-0.47517 -0.25896 50.62375 0 7.80000 11.45000 45.99166 0.11449 13
0.05304 -0.20445 55.66123 0 6.17500 -1.52500 55.58626 0.10293 -13
-1.34659 -0.10638 7.16566 0 3.10000 41.45000 4.28838 0.16917 13
0.15609 0.13767 60.03833 0 -4.15000 -3.92500 59.33320 0.10287 13
0.15983 -0.26163 60.03833 0 7.87500 -4.05000 59.33320 0.10532 13
1.68879 -0.01646 18.63121 0 0.45000 -50.45000 9.49358 0.19765 13
-1.31481 0.10564 5.25226 0 -3.05000 41.97500 3.19068 0.16664 -13
0.38325 -0.11393 5.82876 0 3.52500 -11.80000 5.44693 0.10852 -13
0.57628 0.05611 31.57787 0 -1.70000 -14.85000 27.37062 0.11637 13
-0.73389 0.13304 53.18451 0 -4.02500 24.32500 43.00815 0.12564 13
-0.75286 -0.26652 53.18451 0 8.02500 24.90000 43.00815 0.12887 13
0.97738 -0.04884 53.74887 0 1.47500 -34.37500 38.46095 0.14090 -13
0.43940 0.07389 86.23429 0 -2.22500 -11.35000 78.98369 0.11025 13
-0.62002 0.13697 68.03134 0 -4.12500 17.42500 57.96814 0.11928 -13
-0.63507 -0.26235 68.03134 0 7.92500 17.90000 57.96814 0.12219 -13
-1.21095 -0.08877 64.72443 0 2.67500 38.27500 41.30906 0.15840 13
-0.76346 -0.09922 75.05075 0 2.97500 24.70000 59.76053 0.12709 13
1.75904 -0.21378 3.03357 0 6.80000 -53.05000 1.52454 0.20554 -13
0.55795 -0.17498 37.93881 0 5.30000 -18.87500 33.24784 0.11667 -13
2.10958 -0.07892 34.41790 0 2.42500 -63.12500 14.77912 0.23527 -13
1.05815 -0.15918 79.13957 0 4.80000 -33.35000 54.71568 0.14750 -13
-2.00746 -0.11909 86.79715 0 3.60000 61.47500 38.91958 0.22618 -13
0.49490 -0.22367 79.37484 0 6.75000 -15.10000 71.47551 0.11460 -13
0.93189 -0.15373 77.57552 0 4.62500 -27.37500 57.05982 0.13851 13
-0.21721 0.07948 68.67914 0 -2.40000 6.72500 67.12373 0.10336 -13
-1.54334 -0.24170 70.12159 0 7.30000 46.75000 38.89389 0.18680 -13
-1.78890 0.12784 51.01374 0 -3.85000 55.50000 25.04606 0.20677 -13
-1.83889 -0.27194 51.01374 0 8.22500 57.02500 25.04606 0.21260 -13
-1.44524 0.11365 34.02093 0 -3.45000 46.17500 19.44319 0.17736 13
0.30788 -0.16765 26.12578 0 5.02500 -10.65000 24.99893 0.10670 13
1.25387 -0.07082 79.11371 0 2.15000 -39.22500 49.40445 0.16167 -13
1.59724 -0.24456 48.96737 0 7.35000 -49.12500 26.52745 0.19134 13
-0.92389 -0.04229 36.33465 0 1.30000 26.52500 26.69889 0.13717 -13
1.30025 -0.09797 30.30735 0 2.97500 -39.25000 18.53551 0.16546 -13
0.62785 -0.20703 93.30983 0 6.25000 -17.37500 79.48824 0.12073 -13
1.70938 -0.06745 42.87656 0 2.05000 -52.55000 21.68748 0.19955 -13
0.29352 -0.06924 61.59660 0 2.07500 -8.90000 59.11450 0.10518 13
0.31424 -0.24650 43.45254 0 7.45000 -11.55000 41.56132 0.10845 -13
1.31629 -0.13592 21.52901 0 4.05000 -37.87500 13.09835 0.16702 13
0.21157 0.06756 88.35306 0 -2.05000 -6.75000 86.44811 0.10315 13
0.81864 0.08054 34.46413 0 -2.40000 -22.92500 26.70231 0.13039 -13
0.08598 0.04739 63.28737 0 -1.42500 -2.52500 63.05516 0.10119 -13
-1.42114 -0.22236 31.79728 0 6.67500 42.12500 18.59401 0.17638 13
-0.14098 -0.02324 95.00737 0 0.70000 3.60000 94.07751 0.10172 -13
-1.35243 0.01131 61.66263 0 -0.35000 38.42500 36.66216 0.16939 13
0.24912 0.12051 5.68472 0 -3.72500 -7.40000 5.51850 0.10454 13
0.25684 -0.27996 5.68472 0 8.35000 -7.62500 5.51850 0.10765 13
0.51046 0.13626 7.67358 0 -4.05000 -15.40000 6.84724 0.11387 -13
0.52311 -0.26293 7.67358 0 8.00000 -15.77500 6.84724 0.11678 -13
0.02591 0.06303 11.22351 0 -1.95000 -0.57500 11.21975 0.10095 13
-0.12540 -0.07660 1.22255 0 2.72500 4.20000 1.21305 0.10229 -13
0.40093 -0.05216 48.89936 0 1.57500 -11.37500 45.39559 0.10862 13
-2.07342 -0.15098 15.54005 0 4.47500 62.77500 6.81155 0.23227 13
-1.20895 -0.24766 53.93051 0 7.47500 37.22500 34.97943 0.15997 -13
0.79982 -0.19251 28.99461 0 5.82500 -25.42500 22.80292 0.13042 -13
0.77504 0.00126 12.87549 0 -0.07500 -22.57500 10.17666 0.12742 13
0.65398 -0.17614 62.28307 0 5.32500 -19.75000 52.36246 0.12164 -13
-1.34984 -0.17894 27.23565 0 5.37500 41.35000 16.37712 0.17010 13
0.16187 0.09014 91.45162 0 -2.72500 -4.47500 90.28578 0.10242 -13
-0.11484 -0.07375 63.22409 0 2.22500 5.57500 62.81350 0.10164 -13
-0.24005 -0.23151 69.33301 0 6.97500 6.92500 67.51138 0.10615 13
0.50830 -0.17894 76.93036 0 5.40000 -13.65000 68.79881 0.11440 -13
0.68566 -0.11372 19.62254 0 3.40000 -22.17500 16.21692 0.12262 13
0.06246 -0.15312 22.95572 0 4.65000 -0.40000 22.91215 0.10208 -13
1.03200 -0.18273 30.79063 0 5.52500 -32.42500 21.60760 0.14590 -13
0.82173 -0.18509 19.90268 0 5.55000 -25.60000 15.48063 0.13165 13
-0.20709 -0.03664 96.50122 0 1.10000 6.67500 94.49870 0.10291 -13
-0.10842 -0.13955 8.93387 0 4.27500 3.20000 8.88285 0.10230 -13
1.57009 -0.19369 97.33416 0 5.85000 -47.67500 52.97343 0.18848 -13
-1.26185 -0.24278 32.50877 0 7.35000 38.10000 20.54519 0.16400 -13
-0.55860 0.00491 46.03416 0 -0.12500 15.80000 40.18935 0.11535 -13
-0.12875 0.13263 77.00690 0 -4.00000 3.35000 76.38725 0.10241 -13
-0.13211 -0.26691 77.00690 0 8.05000 3.45000 76.38725 0.10508 -13
-0.17801 -0.07797 2.28086 0 2.12500 4.45000 2.24582 0.10264 13
-0.75776 -0.08288 83.86268 0 2.50000 20.57500 66.92368 0.12663 -13
0.15831 -0.16898 23.57426 0 5.07500 -7.27500 23.29219 0.10336 13
-0.14030 0.03493 91.83039 0 -1.05000 4.30000 90.94072 0.10175 13
-0.07807 -0.23969 60.75308 0 7.22500 3.65000 60.57874 0.10385 13
0.68991 -0.19494 62.89201 0 5.87500 -19.90000 52.07597 0.12390 13
-1.03280 -0.22204 84.34507 0 6.70000 31.62500 59.39585 0.14650 -13
0.09890 -0.17323 97.16702 0 5.22500 -3.82500 96.70894 0.10269 13
-2.02142 -0.10369 52.49049 0 3.15000 60.35000 23.37447 0.22737 -13
-0.03087 -0.10849 17.90204 0 3.30000 -1.65000 17.89360 0.10135 -13
1.02554 -0.16675 48.51991 0 5.02500 -33.75000 34.11087 0.14521 13
-1.01891 0.07462 25.50997 0 -2.22500 31.00000 17.89410 0.14396 -13
2.02735 -0.04470 18.88462 0 1.30000 -59.75000 8.36080 0.22768 13
0.73356 -0.21549 3.16597 0 6.30000 -22.10000 2.57301 0.12666 13
-0.68007 0.08732 38.63806 0 -2.62500 22.60000 31.98813 0.12210 -13
1.24097 -0.17460 60.15633 0 5.27500 -40.72500 38.08863 0.16147 -13
-0.00415 0.07497 23.08478 0 -2.27500 -0.42500 23.08459 0.10099 13
0.21534 -0.20114 2.71924 0 5.87500 -5.25000 2.66053 0.10494 13
-2.03877 0.05260 72.06235 0 -1.60000 60.05000 31.76957 0.22875 13
0.90872 -0.20806 59.64988 0 6.27500 -26.47500 44.56507 0.13767 13
-1.01395 -0.04090 45.64503 0 1.22500 32.45000 32.06503 0.14347 13
0.51359 -0.23841 69.96726 0 7.20000 -14.40000 62.59067 0.11573 -13
-0.15664 -0.10449 3.26740 0 3.30000 4.75000 3.22854 0.10258 -13
-0.35854 -0.19152 90.09711 0 5.77500 11.27500 84.98199 0.10871 -13
1.24233 -0.04783 34.25095 0 1.45000 -37.67500 21.49191 0.16068 -13
0.22679 -0.24647 94.47558 0 7.45000 -5.00000 92.26510 0.10620 -13
-0.14755 0.14151 55.36214 0 -4.25000 4.85000 54.78036 0.10278 -13
-0.15086 -0.25758 55.36214 0 7.77500 4.95000 54.78036 0.10510 -13
0.03785 -0.13075 85.99743 0 3.95000 -2.35000 85.93691 0.10163 13
0.00987 -0.08499 64.30614 0 2.55000 -0.92500 64.30303 0.10107 13
0.28165 -0.12768 49.90329 0 3.87500 -8.15000 48.06276 0.10541 -13
-1.44898 0.01703 28.12425 0 -0.55000 43.15000 15.97625 0.17731 13
1.26787 -0.18584 51.44877 0 5.62500 -37.45000 32.19431 0.16370 -13
0.78761 -0.06432 71.32113 0 1.92500 -26.42500 56.07385 0.12835 13
0.60728 0.03799 59.81364 0 -1.15000 -15.60000 51.13462 0.11788 13
-0.55996 0.06699 88.40629 0 -2.02500 18.95000 77.17773 0.11561 -13
-1.70361 -0.14775 61.74265 0 4.47500 52.67500 31.50614 0.19951 -13
-0.70726 -0.14354 49.41541 0 4.32500 21.97500 40.48041 0.12418 13
-1.06184 0.09482 50.44064 0 -2.87500 32.77500 34.66311 0.14721 13
-0.32947 0.00068 71.28586 0 -0.02500 8.15000 67.70572 0.10603 13
-0.17171 0.04526 31.51308 0 -1.35000 3.32500 31.05944 0.10227 -13
-0.06980 -0.06190 3.38863 0 1.72500 3.55000 3.38046 0.10116 13
-0.20082 -0.10520 52.34268 0 3.17500 7.25000 51.32908 0.10326 -13
2.08210 -0.06594 80.34749 0 1.97500 -61.47500 34.84659 0.23269 13
-0.24682 -0.19238 95.06742 0 5.80000 7.25000 92.39242 0.10552 -13
-1.01493 -0.15915 34.35340 0 4.77500 33.67500 24.26401 0.14436 13
0.68128 -0.13572 94.69695 0 4.10000 -22.90000 78.48599 0.12262 13
-0.23852 -0.15472 15.71018 0 4.62500 5.57500 15.29121 0.10468 13
-0.39680 0.09976 81.97035 0 -3.02500 14.27500 76.24257 0.10881 13
-0.08564 -0.07915 49.12627 0 2.37500 -0.12500 48.94822 0.10138 13
0.74416 0.10842 9.65400 0 -3.20000 -21.80000 7.76102 0.12598 -13
1.11091 0.10856 62.91720 0 -3.27500 -31.82500 42.22959 0.15091 -13
2.04478 0.12634 80.73206 0 -3.82500 -59.15000 35.69501 0.22959 13
2.10323 -0.27358 80.73206 0 8.25000 -60.90000 35.69501 0.23611 13
0.09100 -0.13612 56.83059 0 4.12500 -0.92500 56.60096 0.10205 -13
0.07232 0.13864 71.66189 0 -4.20000 -0.72500 71.47875 0.10193 13
0.07403 -0.26062 71.66189 0 7.85000 -0.77500 71.47875 0.10433 13
-1.83550 0.00627 53.39130 0 -0.17500 54.40000 25.54348 0.21050 -13
-1.97802 0.14148 42.31007 0 -4.30000 60.42500 19.23846 0.22370 13
-2.02264 -0.25767 42.31007 0 7.75000 61.75000 19.23846 0.22866 13
-0.21006 -0.07483 68.52227 0 2.25000 5.32500 67.06653 0.10317 13
2.20112 0.07724 22.10839 0 -2.37500 -63.50000 9.16758 0.24361 13
1.24958 0.05515 69.03386 0 -1.65000 -37.62500 43.17331 0.16126 -13
-0.10380 0.00212 15.73692 0 -0.02500 1.87500 15.65282 0.10125 -13
-1.17289 -0.13948 40.31461 0 4.20000 36.02500 26.30170 0.15584 13
1.94931 0.03562 69.94562 0 -1.10000 -59.82500 31.94309 0.22065 13
-0.34236 -0.10504 9.60920 0 3.12500 9.70000 9.09651 0.10695 13
-1.55038 0.06383 50.79503 0 -1.90000 46.02500 27.57196 0.18589 -13
0.19825 -0.22058 18.29501 0 6.62500 -6.92500 17.96160 0.10502 13
0.96337 -0.19370 3.27310 0 6.05000 -29.77500 2.37794 0.14146 -13
0.20172 -0.21704 50.40878 0 6.55000 -5.47500 49.45690 0.10504 -13
0.04518 -0.04651 10.03222 0 1.45000 -0.92500 10.02202 0.10093 -13
0.67916 0.00730 63.83981 0 -0.20000 -20.82500 52.81184 0.12173 -13
0.60460 0.13411 71.92212 0 -4.02500 -18.55000 61.69410 0.11845 -13
0.61998 -0.26535 71.92212 0 8.02500 -19.02500 61.69410 0.12147 -13
-0.74008 0.03160 56.20409 0 -0.97500 21.22500 45.18559 0.12532 13
-0.04354 0.08567 12.61355 0 -2.55000 1.95000 12.60169 0.10116 -13
-0.14477 0.07575 11.24164 0 -2.32500 5.27500 11.12622 0.10206 13
-1.15953 0.10210 13.70159 0 -3.12500 37.35000 8.97537 0.15457 13
-1.63161 0.05594 27.66230 0 -1.65000 47.62500 14.47109 0.19279 -13
-1.59697 0.03232 6.15022 0 -0.82500 47.50000 3.26492 0.18980 -13
-1.80981 0.03138 58.27683 0 -0.97500 54.82500 28.19489 0.20826 13
0.15236 -0.15203 36.44591 0 4.60000 -4.60000 36.03933 0.10301 -13
0.41724 0.03198 72.97562 0 -0.97500 -13.00000 67.35351 0.10917 13
0.56717 -0.06482 14.16282 0 2.00000 -19.12500 12.32594 0.11596 -13
-0.99953 -0.02476 28.35529 0 0.77500 31.97500 20.05783 0.14241 -13
-0.59667 0.00957 47.20818 0 -0.30000 19.72500 40.54069 0.11727 13
-0.17991 -0.09029 83.78983 0 2.72500 2.50000 82.47650 0.10272 13
-0.84662 0.13775 54.88272 0 -4.17500 28.45000 42.05082 0.13268 13
-0.86689 -0.26157 54.88272 0 7.87500 29.07500 42.05082 0.13585 13
-0.39492 0.03217 82.79784 0 -0.97500 12.02500 77.01543 0.10832 13
0.81187 -0.04828 80.85833 0 1.45000 -25.82500 62.80298 0.12980 13
0.18050 -0.15186 84.02005 0 4.60000 -0.92500 82.71335 0.10347 -13
-1.89714 0.06573 87.03767 0 -1.97500 58.37500 40.65454 0.21606 -13
-0.35422 -0.17848 55.55524 0 5.37500 11.40000 52.45755 0.10833 13
0.28885 -0.09286 33.73382 0 2.82500 -8.22500 32.41952 0.10524 -13
-0.46865 0.06539 83.54219 0 -1.97500 14.55000 75.67622 0.11141 -13
1.50485 -0.21233 84.85750 0 6.40000 -44.77500 47.68399 0.18319 13
-0.88650 0.02432 83.22190 0 -0.75000 29.30000 62.28281 0.13460 13
0.21264 0.14523 55.76579 0 -4.40000 -5.60000 54.57064 0.10400 13
0.21710 -0.25374 55.76579 0 7.65000 -5.75000 54.57064 0.10616 13
1.20625 -0.04118 62.98814 0 1.25000 -34.60000 40.22098 0.15784 -13
1.74402 0.08535 13.39141 0 -2.65000 -52.30000 6.67942 0.20268 13
0.03340 0.03524 49.16953 0 -1.07500 -1.45000 49.14217 0.10082 13
0.41431 0.10657 46.97509 0 -3.20000 -13.15000 43.43362 0.10953 -13
0.95717 0.08051 18.07996 0 -2.45000 -28.82500 13.08113 0.13965 13
-0.30983 0.03782 92.09600 0 -1.15000 7.87500 87.97640 0.10549 13
-1.33314 -0.11196 1.95603 0 2.97500 42.97500 1.17839 0.16821 13
-0.12461 0.12472 75.08665 0 -3.77500 3.45000 74.51922 0.10226 13
-0.12825 -0.27528 75.08665 0 8.30000 3.57500 74.51922 0.10524 13
-0.02652 0.07290 60.05929 0 -2.20000 0.32500 60.03832 0.10100 -13
0.49372 0.40525 60.05929 0 -2.22500 0.30000 60.03832 0.10108 -13
-0.24126 -0.12082 60.05929 0 -0.90000 -0.15000 60.03832 0.11054 -13
0.13585 -0.23335 17.66775 0 7.00000 -4.05000 17.51508 0.10429 13
-0.77682 0.01465 50.55523 0 -0.42500 21.60000 39.92578 0.12753 -13
-0.64112 -0.00202 63.86893 0 0.05000 19.42500 53.76762 0.11962 13
-0.40111 -0.03419 59.80782 0 1.05000 10.52500 55.51352 0.10856 -13
1.44198 0.02547 53.97232 0 -0.77500 -45.90000 30.76329 0.17674 13
-0.46975 0.07750 8.16869 0 -2.27500 14.12500 7.39771 0.11152 -13
-1.77204 -0.19661 27.85779 0 5.90000 52.80000 13.88840 0.20581 13
-0.84850 0.06415 93.58589 0 -1.95000 26.00000 71.42090 0.13223 13
-1.28946 0.00767 95.57660 0 -0.25000 40.67500 58.57305 0.16432 13
-0.59513 -0.10538 83.40891 0 3.17500 18.75000 71.77934 0.11767 -13
1.03660 -0.06535 40.02205 0 1.95000 -29.02500 27.81845 0.14518 13
1.26320 -0.12470 18.01216 0 3.80000 -37.02500 11.23262 0.16277 -13
1.03485 0.09096 46.61062 0 -2.75000 -32.70000 32.45797 0.14521 13
0.68760 -0.07999 17.01985 0 2.45000 -19.40000 14.03860 0.12250 -13
-0.14756 -0.18669 81.17212 0 5.62500 3.95000 80.33138 0.10351 13
1.21939 -0.07185 99.22695 0 2.17500 -34.92500 63.01881 0.15898 -13
-1.62088 -0.16278 98.36463 0 4.90000 47.37500 52.13659 0.19248 13
0.81589 0.06572 3.96946 0 -2.12500 -23.27500 3.07832 0.13023 13
-0.10885 -0.03988 85.01769 0 1.20000 2.57500 84.51924 0.10137 13
1.68698 -0.13401 21.21418 0 4.00000 -52.50000 10.88853 0.19792 13
0.21959 -0.12804 5.64742 0 3.95000 -6.80000 5.51783 0.10397 -13
-0.05782 -0.07008 21.48895 0 2.10000 2.67500 21.45330 0.10112 13
-1.36745 -0.18677 3.83578 0 5.42500 41.20000 2.28938 0.17149 13
-0.12992 0.02826 43.82854 0 -0.85000 4.05000 43.46357 0.10159 -13
-0.54999 0.02267 68.21593 0 -0.70000 17.32500 59.77547 0.11495 13
0.01626 -0.16853 5.41840 0 5.17500 -0.52500 5.41770 0.10221 -13
-0.61038 0.03470 54.63280 0 -1.05000 18.17500 46.63978 0.11803 13
0.87757 0.07889 76.72623 0 -2.37500 -25.10000 57.74664 0.13421 -13
1.00473 -0.14017 21.37799 0 4.25000 -30.87500 15.15463 0.14347 -13
-2.11291 0.13535 26.96491 0 -4.05000 62.15000 11.62072 0.23576 -13
-2.16575 -0.26392 26.96491 0 8.00000 63.77500 11.62072 0.24177 -13
-0.58199 0.11381 28.30803 0 -3.42500 16.15000 24.50595 0.11707 -13
-0.81972 -0.14003 44.95499 0 4.25000 26.47500 34.90183 0.13098 -13
-0.31010 0.04120 77.26263 0 -1.22500 9.30000 73.80109 0.10551 -13
0.91397 0.02907 35.65557 0 -0.85000 -27.77500 26.32405 0.13646 -13
0.76853 0.07143 7.67320 0 -2.25000 -20.30000 6.08997 0.12724 13
-1.77096 0.03436 74.62413 0 -1.05000 54.07500 36.70848 0.20484 13
-0.48961 0.03841 42.70724 0 -1.17500 14.60000 38.36205 0.11219 13
0.84467 -0.14583 35.27879 0 4.42500 -24.12500 27.06857 0.13265 -13
-0.39740 -0.12459 18.42740 0 3.77500 10.47500 17.14276 0.10910 -13
-0.75718 -0.14286 93.34117 0 4.30000 23.92500 74.68829 0.12713 13
-0.59599 -0.12639 81.39330 0 3.82500 16.10000 70.06227 0.11792 -13
-1.22847 0.10477 5.27866 0 -3.30000 37.75000 3.34334 0.15998 13
0.70696 -0.24595 78.95904 0 7.42500 -23.57500 65.09593 0.12580 -13
0.79308 -0.16031 35.43682 0 4.85000 -24.02500 27.90000 0.12956 -13
0.28195 -0.14019 10.94687 0 4.27500 -8.85000 10.54349 0.10560 -13
0.72657 0.07371 23.87932 0 -2.20000 -21.35000 19.33655 0.12469 -13
-0.35058 -0.08313 25.09922 0 2.47500 10.65000 23.69478 0.10703 13
-0.53194 -0.12620 67.56835 0 3.80000 14.95000 59.75700 0.11477 13
0.40140 -0.19050 72.15196 0 5.75000 -11.32500 67.12228 0.11019 13
-1.03399 -0.09604 72.56982 0 2.90000 34.25000 50.56983 0.14518 -13
-1.30431 -0.21098 69.75226 0 6.37500 40.67500 43.02170 0.16688 -13
-1.35025 -0.04946 79.87500 0 1.47500 39.52500 47.57586 0.16928 13
-1.15185 -0.22860 93.13172 0 6.90000 35.40000 61.93808 0.15532 13
-0.60841 -0.07423 94.56598 0 2.25000 18.07500 80.84825 0.11812 -13
1.01386 0.05288 22.42937 0 -1.57500 -28.92500 15.76132 0.14350 -13
-1.73583 -0.04989 47.31909 0 1.52500 51.27500 23.64303 0.20181 -13
-0.27322 -0.01750 99.06972 0 0.52500 11.70000 95.56785 0.10441 -13
0.95018 -0.16717 59.89206 0 5.02500 -30.55000 43.70039 0.13992 13
0.30463 0.14089 54.84991 0 -4.25000 -8.42500 52.51259 0.10622 -13
0.31158 -0.25824 54.84991 0 7.80000 -8.62500 52.51259 0.10864 -13
-0.05206 -0.19625 33.37874 0 5.92500 1.37500 33.33524 0.10276 -13
-1.73119 0.03511 60.37586 0 -1.07500 50.55000 30.21283 0.20138 13
-0.80405 -0.29056 60.37586 0 -1.02500 50.52500 30.21283 0.20126 13
1.36375 0.52240 60.37586 0 0.60000 52.40000 30.21283 0.21351 13
-0.18440 -0.22847 60.37586 0 -0.22500 54.60000 30.21283 0.22721 13
1.00257 0.31954 60.37586 0 0.97500 55.32500 30.21283 0.23501 13
0.91344 0.35880 60.37586 0 -0.00000 54.67500 30.21283 0.24395 13
-3.17769 -0.51750 60.37586 0 0.47500 53.52500 30.21283 0.25210 13
-13.81360 -1.86656 60.37586 0 0.57500 45.15000 30.21283 0.30912 13
-0.57831 -0.10636 96.38446 0 3.22500 16.75000 83.55342 0.11683 -13
0.23225 -0.24089 26.92615 0 7.27500 -7.97500 26.26507 0.10621 -13
-1.76623 -0.15173 3.07494 0 4.90000 52.95000 1.52841 0.20539 -13
1.36378 -0.14522 76.13479 0 4.37500 -44.60000 45.32564 0.17092 13
0.00626 0.14146 94.98610 0 -4.27500 -1.17500 94.98428 0.10171 13
0.00640 -0.25766 94.98610 0 7.77500 -1.17500 94.98428 0.10399 13
-0.25738 -0.23520 16.07805 0 7.05000 6.40000 15.59623 0.10662 13
0.34949 0.02170 74.34267 0 -0.65000 -9.50000 70.18193 0.10670 13
0.04291 -0.11793 42.44166 0 3.55000 -2.47500 42.40316 0.10149 13
0.39302 -0.11421 54.86272 0 3.42500 -12.05000 51.10459 0.10881 13
1.19256 -0.23476 97.54662 0 7.10000 -39.25000 63.66092 0.15850 -13
-1.84056 -0.09980 18.10785 0 3.07500 53.10000 8.67742 0.21123 -13
-1.06147 -0.11860 76.91785 0 3.57500 32.80000 52.93855 0.14734 13
0.87428 0.11520 35.28098 0 -3.45000 -28.82500 26.63683 0.13426 -13
-0.31226 0.04915 5.16381 0 -1.37500 8.75000 4.92954 0.10562 -13
0.20260 0.11231 49.60504 0 -3.40000 -6.55000 48.62926 0.10337 13
-0.24033 -0.13679 75.21718 0 4.12500 9.12500 73.17138 0.10448 13
-1.64957 -0.08460 1.63693 0 2.00000 50.50000 0.85140 0.19446 13
-1.68408 -0.16398 87.28969 0 4.95000 50.57500 45.00426 0.19794 -13
0.93952 -0.01448 25.20314 0 0.47500 -28.32500 18.36902 0.13819 -13
0.01004 -0.06964 89.44184 0 2.10000 -2.35000 89.43735 0.10095 -13
-0.82232 -0.14740 21.89612 0 4.47500 25.72500 16.98556 0.13124 -13
-1.72003 -0.21887 23.69038 0 6.65000 52.80000 12.11632 0.20162 -13
-1.20634 -0.08974 72.91664 0 2.72500 35.87500 46.64587 0.15805 -13
0.28709 -0.21417 69.62478 0 6.47500 -7.75000 67.03355 0.10697 -13
-0.13825 0.13855 38.40186 0 -4.17500 6.92500 38.04662 0.10261 -13
-0.14152 -0.26067 38.40186 0 7.87500 7.02500 38.04662 0.10505 -13
-0.13372 -0.11466 32.74266 0 3.47500 2.97500 32.45751 0.10226 -13
0.77539 -0.24175 60.70872 0 7.30000 -23.20000 48.48131 0.12975 -13
1.11416 -0.01237 14.09568 0 0.42500 -34.20000 9.41559 0.15078 -13
0.12435 -0.06108 77.67833 0 1.85000 -4.12500 77.08684 0.10167 -13
0.45044 -0.12518 93.65373 0 3.77500 -16.22500 85.50209 0.11117 13
0.17924 -0.01939 4.86288 0 0.67500 -4.47500 4.78665 0.10236 -13
0.19321 0.02321 53.19459 0 -0.70000 -5.90000 52.22913 0.10259 -13
0.26686 -0.17033 42.78306 0 5.12500 -7.55000 41.37537 0.10563 13
0.50690 -0.12615 53.12084 0 3.82500 -14.90000 47.45710 0.11361 -13
0.50805 -0.08315 28.83126 0 2.50000 -16.25000 25.72235 0.11326 13
-1.13192 -0.10943 99.25314 0 3.30000 35.85000 65.93403 0.15250 -13
0.62906 0.01893 27.04674 0 -0.55000 -17.97500 22.89471 0.11899 -13
-1.44998 0.07088 18.72675 0 -2.17500 46.60000 10.65003 0.17754 13
-0.92913 -0.02879 89.39110 0 0.85000 28.75000 65.49899 0.13749 13
0.29742 0.08298 43.69293 0 -2.52500 -7.32500 41.89149 0.10540 13
-0.87239 0.01410 40.35917 0 -0.40000 27.05000 30.41384 0.13365 -13
-0.57924 -0.05247 54.29734 0 1.60000 16.10000 47.00053 0.11650 -13
0.16998 -0.20409 80.89583 0 6.17500 -3.77500 79.79666 0.10420 -13
-0.11292 -0.19322 43.55892 0 5.85000 2.05000 43.29372 0.10320 -13
1.70077 -0.12820 33.08980 0 3.85000 -51.50000 16.87328 0.19908 13
-0.59363 -0.05323 37.18560 0 1.60000 18.72500 31.98785 0.11723 13
0.57730 -0.11947 6.73375 0 3.52500 -16.20000 5.84180 0.11688 13
-1.50312 0.06378 23.21986 0 -1.97500 45.92500 12.88027 0.18193 13
-0.06621 -0.15971 32.47469 0 4.82500 0.37500 32.40556 0.10220 -13
-2.12713 -0.18001 77.31922 0 5.45000 62.07500 33.32669 0.23741 -13
1.66110 0.03369 35.04340 0 -1.05000 -49.00000 18.08147 0.19528 13
0.16375 -0.07375 18.00848 0 2.20000 -5.00000 17.77307 0.10231 13
0.19528 -0.21770 35.17858 0 6.55000 -7.25000 34.55498 0.10491 13
-0.37243 -0.19128 27.42837 0 5.75000 11.87500 25.75913 0.10916 13
2.10695 -0.18093 99.54556 0 5.47500 -63.17500 43.24555 0.23558 -13
-1.04587 0.11855 93.04711 0 -3.57500 32.02500 64.53712 0.14621 13
-1.07907 -0.28185 93.04711 0 8.50000 33.02500 64.53712 0.15082 13
-0.15645 0.01901 91.18099 0 -0.57500 5.05000 90.08548 0.10195 -13
-0.06908 -0.14720 32.13364 0 4.42500 2.60000 32.05884 0.10202 13
-1.33351 0.03155 2.21819 0 -1.32500 39.10000 1.33108 0.16817 13
-0.01722 -0.19770 20.85330 0 5.95000 1.62500 20.85033 0.10265 13
1.14105 -0.08485 28.04202 0 2.57500 -34.60000 18.51960 0.15304 -13
-0.34882 0.06202 6.66771 0 -1.95000 10.22500 6.29676 0.10687 13
-0.41845 -0.13296 25.41833 0 4.00000 10.65000 23.47861 0.10997 13
0.83319 0.09988 89.27936 0 -3.00000 -25.70000 68.73032 0.13146 -13
-1.66929 0.07693 86.31987 0 -2.32500 50.42500 44.45609 0.19612 13
-0.33045 0.02105 29.81533 0 -0.62500 8.45000 28.31025 0.10608 -13
-0.42901 -0.21540 95.51464 0 6.50000 14.15000 88.08193 0.11171 -13
-0.13523 -0.02422 40.64410 0 0.72500 5.10000 40.27774 0.10165 13
