1.16770 0.06891 68.33479 0 -2.07500 -36.47500 44.50948 0.15498 -13
-0.37358 0.12653 60.10304 0 -3.80000 11.37500 56.35674 0.10825 -13
-0.38422 -0.27334 60.10304 0 8.25000 11.70000 56.35674 0.11135 -13
-0.47266 -0.07915 71.69134 0 2.40000 18.87500 64.85262 0.11167 -13
-2.15039 0.03958 59.18149 0 -1.17500 63.87500 24.97132 0.23885 -13
-0.52881 0.00002 57.95385 0 -0.00000 17.02500 51.23142 0.11392 -13
-1.28988 -0.15064 59.26623 0 4.52500 39.37500 36.56725 0.16504 13
0.37450 0.00245 22.57073 0 -0.05000 -10.37500 21.13697 0.10753 -13
-1.26710 -0.21859 68.68036 0 6.60000 37.60000 43.15948 0.16405 -13
0.57809 -0.19844 66.02510 0 6.00000 -18.15000 57.43454 0.11803 -13
-1.32710 0.10087 39.41873 0 -3.07500 41.07500 23.79867 0.16766 13
0.54725 -0.09845 13.92511 0 3.00000 -18.00000 12.22902 0.11525 -13
-0.22845 0.00434 38.85300 0 -0.15000 8.20000 37.87721 0.10330 13
-0.86648 0.09571 25.70051 0 -2.90000 25.27500 19.46140 0.13361 13
0.15223 0.02132 88.08274 0 -0.65000 -4.10000 87.08006 0.10189 -13
-2.20027 0.10981 28.46214 0 -3.35000 62.97500 11.83591 0.24366 13
-0.01669 -0.19136 91.23045 0 5.77500 0.15000 91.21820 0.10254 -13
0.45699 -0.14882 12.46213 0 4.52500 -13.47500 11.35572 0.11175 -13
0.38639 0.04094 37.58177 0 -1.25000 -10.77500 35.05973 0.10804 13
1.46188 -0.03052 16.81874 0 0.97500 -42.52500 9.49882 0.17841 -13
-0.13992 -0.16978 3.45697 0 4.97500 7.32500 3.42450 0.10308 13
0.05908 -0.02092 89.27508 0 0.62500 0.00000 89.11972 0.10090 13
-1.84162 0.00867 31.33531 0 -0.30000 53.40000 14.95358 0.21103 13
-1.15250 -0.12230 54.57517 0 3.70000 33.55000 35.91863 0.15416 -13
0.12570 -0.20882 20.36828 0 6.32500 -5.65000 20.21585 0.10368 -13
1.51154 -0.23364 84.15695 0 7.05000 -47.35000 47.29337 0.18404 -13
1.16903 -0.08744 4.95973 0 2.80000 -33.97500 3.23129 0.15526 -13
-0.15393 -0.20593 76.84045 0 6.20000 4.05000 75.98172 0.10397 13
-1.73593 -0.15147 83.32447 0 4.57500 53.07500 41.94757 0.20234 -13
0.86706 0.10080 56.44081 0 -3.02500 -26.27500 42.73564 0.13367 -13
0.07568 -0.12029 50.80296 0 3.65000 -1.07500 50.66017 0.10172 -13
1.75286 -0.17309 75.12646 0 5.22500 -53.92500 37.64322 0.20398 -13
0.35966 -0.16703 4.64417 0 4.92500 -10.92500 4.37679 0.10830 13
-0.37580 -0.20482 12.34727 0 6.12500 11.27500 11.58719 0.10951 13
-1.48302 -0.16425 22.06872 0 5.00000 44.05000 12.45063 0.18092 -13
-0.04911 0.04835 82.34007 0 -1.47500 2.07500 82.24121 0.10094 13
-2.11405 -0.04237 97.10576 0 1.30000 63.30000 41.55289 0.23554 -13
0.30883 -0.17120 25.17341 0 5.15000 -6.47500 24.08230 0.10679 13
-0.79504 -0.02378 96.23763 0 0.72500 25.37500 75.33918 0.12867 -13
-0.84046 -0.24217 28.77725 0 7.32500 26.32500 22.28688 0.13381 -13
-0.57308 0.02445 84.40293 0 -0.75000 19.87500 73.23550 0.11609 13
0.08273 0.04426 29.01182 0 -1.32500 -1.30000 28.91320 0.10114 -13
-0.50180 -0.14808 42.83582 0 4.45000 14.15000 38.36900 0.11365 13
1.03543 -0.00940 45.97267 0 0.27500 -31.87500 31.93789 0.14497 13
0.49588 -0.00836 48.45360 0 0.27500 -14.77500 43.40987 0.11241 -13
-1.39281 0.13909 83.17319 0 -4.17500 41.22500 48.81548 0.17323 -13
-1.42544 -0.26013 83.17319 0 7.85000 42.22500 48.81548 0.17731 -13
-0.52690 0.10577 89.43956 0 -3.20000 17.50000 79.22270 0.11433 13
0.76360 -0.06212 55.87270 0 1.87500 -22.82500 44.43794 0.12686 -13
0.74100 -0.10175 68.73217 0 3.05000 -23.42500 55.32398 0.12575 13
-0.03995 -0.08407 65.42802 0 2.55000 2.32500 65.37625 0.10114 -13
0.29206 0.02657 72.84203 0 -0.80000 -9.15000 69.92307 0.10495 13
-0.28573 -0.24093 89.65174 0 7.27500 10.20000 86.38068 0.10751 -13
-1.62632 -0.08527 85.27900 0 2.55000 47.72500 44.78632 0.19244 13
-0.43567 -0.02497 10.33445 0 0.70000 12.67500 9.47484 0.10988 13
1.21855 0.06529 63.28330 0 -1.95000 -38.65000 40.19606 0.15888 -13
0.09991 -0.01061 69.03860 0 0.30000 -0.65000 68.69662 0.10121 13
-1.04050 0.09748 93.82024 0 -2.95000 32.72500 65.17081 0.14566 13
-0.06501 -0.13279 11.67063 0 4.05000 2.37500 11.64642 0.10182 -13
-0.08970 0.11474 63.09691 0 -3.45000 4.35000 62.84785 0.10176 -13
-1.27234 -0.02816 29.46048 0 0.82500 37.07500 18.20915 0.16299 13
-0.37379 0.05277 75.73718 0 -1.60000 10.10000 70.95529 0.10764 13
0.61529 0.09175 90.27098 0 -2.75000 -17.27500 76.97180 0.11859 -13
0.28036 0.08842 19.46267 0 -2.70000 -10.55000 18.74534 0.10497 13
0.08148 0.11889 68.22975 0 -3.60000 -2.30000 68.00751 0.10174 13
0.08406 -0.28148 68.22975 0 8.47500 -2.37500 68.00751 0.10495 13
-0.51818 0.12830 26.04453 0 -3.85000 15.17500 23.16406 0.11414 -13
-0.53253 -0.27142 26.04453 0 8.20000 15.60000 23.16406 0.11735 -13
-0.79528 0.09153 96.05966 0 -2.77500 25.32500 75.30370 0.12900 13
0.68255 0.06258 90.81929 0 -1.87500 -22.17500 75.05849 0.12209 -13
1.40181 -0.18424 38.09408 0 5.57500 -42.75000 22.36710 0.17442 -13
-0.91886 0.10795 41.02842 0 -3.25000 26.17500 30.29126 0.13719 -13
-0.43376 -0.21159 64.97785 0 6.37500 14.52500 59.81460 0.11181 13
-0.54962 0.06045 34.63999 0 -1.85000 17.12500 30.36966 0.11508 13
0.94229 -0.21721 57.57814 0 6.55000 -30.42500 42.35603 0.14008 13
-1.23631 -0.22126 75.29934 0 6.67500 40.17500 48.03645 0.16167 13
0.21189 0.09357 49.25211 0 -2.82500 -4.80000 48.19143 0.10337 13
-0.07357 0.03324 87.40645 0 -1.00000 2.37500 87.17110 0.10103 -13
1.61321 -0.02722 77.84621 0 0.82500 -49.60000 41.02570 0.19115 -13
1.43508 -0.20727 64.21948 0 6.25000 -43.30000 37.23482 0.17736 13
0.48918 -0.16331 62.15975 0 4.92500 -16.00000 55.97747 0.11331 -13
0.17062 0.04636 10.19837 0 -1.45000 -3.22500 10.05337 0.10228 13
-0.66681 -0.20287 80.21843 0 6.12500 20.57500 67.15117 0.12274 13
-1.01185 0.04247 25.12203 0 -1.25000 29.57500 17.66701 0.14332 -13
-0.82874 -0.02935 9.50583 0 0.95000 27.37500 7.32029 0.13084 -13
0.86738 -0.07956 69.57000 0 2.40000 -25.22500 52.62570 0.13355 -13
1.90869 -0.13994 20.03396 0 4.27500 -56.62500 9.36846 0.21750 -13
-0.72931 0.05089 71.30075 0 -1.55000 19.92500 57.63354 0.12475 13
-1.48719 -0.01125 34.75916 0 0.32500 46.25000 19.39630 0.18048 13
-1.62187 -0.22366 84.33553 0 6.75000 47.67500 45.04531 0.19322 -13
1.53820 0.12314 31.08715 0 -3.67500 -44.92500 17.03394 0.18515 -13
1.58413 -0.27692 31.08715 0 8.37500 -46.32500 17.03394 0.19074 -13
-0.12621 -0.06210 12.62720 0 1.82500 1.12500 12.52852 0.10169 13
0.49612 -0.09841 21.16792 0 2.95000 -14.42500 18.98060 0.11284 13
-1.56989 0.13022 99.99421 0 -3.92500 47.97500 54.04359 0.18789 -13
-1.61224 -0.26943 99.99421 0 8.12500 49.25000 54.04359 0.19299 -13
1.11991 -0.07775 97.58196 0 2.35000 -33.77500 65.10234 0.15140 -13
1.64252 -0.22644 37.18542 0 6.85000 -50.97500 19.69123 0.19502 -13
-1.06458 0.06750 7.45263 0 -2.12500 33.30000 5.10852 0.14726 13
0.91555 -0.04139 94.66212 0 1.25000 -28.72500 69.84679 0.13660 13
-1.35508 0.03838 73.46938 0 -1.15000 39.35000 43.64564 0.16963 -13
-0.59631 -0.23082 83.73673 0 6.97500 18.97500 72.40214 0.11954 -13
-0.43817 -0.10050 88.98784 0 3.02500 12.50000 81.57207 0.11041 13
1.02172 -0.22156 8.64624 0 6.60000 -33.65000 6.12166 0.14561 13
-0.10936 0.07297 36.11734 0 -2.17500 4.05000 35.90446 0.10156 -13
0.51909 0.00769 3.46377 0 -0.07500 -18.22500 3.07440 0.11351 -13
-0.24259 0.14090 2.86405 0 -4.42500 6.37500 2.78478 0.10474 13
-0.24810 -0.25841 2.86405 0 7.60000 6.52500 2.78478 0.10688 13
-0.04186 0.14093 78.11337 0 -4.25000 2.75000 78.04637 0.10179 13
-0.04280 -0.25825 78.11337 0 7.77500 2.77500 78.04637 0.10409 13
-1.22773 0.03725 94.84357 0 -1.12500 37.02500 59.92194 0.15950 13
-0.08403 -0.04627 65.22243 0 1.40000 3.05000 64.99383 0.10117 -13
0.21274 -0.15291 64.27240 0 4.60000 -3.30000 62.89657 0.10410 13
0.55617 -0.18310 10.90146 0 5.47500 -15.92500 9.56402 0.11666 13
-0.38956 0.02114 67.66568 0 -0.62500 9.75000 63.05240 0.10809 -13
0.85659 0.07083 3.05049 0 -1.92500 -24.17500 2.31768 0.13289 -13
1.21856 0.03512 82.91853 0 -1.07500 -36.62500 52.62094 0.15878 13
-0.12494 -0.14269 71.07937 0 4.30000 2.80000 70.54162 0.10250 13
-0.50084 -0.09293 52.31158 0 2.82500 16.87500 46.81349 0.11302 -13
-0.84209 -0.10358 21.35035 0 3.15000 26.75000 16.36708 0.13208 -13
0.39024 -0.04137 80.31855 0 1.25000 -11.17500 74.83138 0.10818 13
-0.63668 -0.03248 88.23950 0 0.97500 21.02500 74.44479 0.11943 13
1.34736 -0.00826 52.83635 0 0.22500 -41.15000 31.48983 0.16898 13
-0.99973 -0.19682 89.52354 0 5.92500 32.82500 63.90967 0.14377 13
-1.30430 -0.10541 15.84508 0 3.22500 36.82500 9.67453 0.16588 -13
1.59132 0.06392 64.53690 0 -1.90000 -46.22500 34.38919 0.18936 -13
-0.75663 0.02926 21.22124 0 -0.90000 23.25000 16.92585 0.12632 13
-0.31674 -0.06049 37.55033 0 1.80000 9.17500 35.80370 0.10580 13
-0.08516 0.02687 20.67733 0 -0.82500 1.77500 20.60279 0.10111 13
-1.80417 -0.13206 82.56163 0 3.97500 52.42500 40.28911 0.20815 13
1.29515 -0.09627 56.75642 0 2.90000 -36.72500 34.78714 0.16505 13
-0.69355 -0.20902 38.28235 0 6.32500 22.80000 31.67291 0.12436 -13
-0.60322 -0.22051 35.95397 0 6.67500 16.32500 30.97893 0.11970 -13
0.74934 0.10978 48.40321 0 -3.30000 -22.57500 38.81818 0.12632 -13
-1.08416 -0.14888 43.70392 0 4.47500 32.65000 29.80695 0.14928 13
-1.93351 -0.14834 75.95945 0 4.45000 57.77500 35.19578 0.21970 13
-0.46659 -0.07185 12.11608 0 2.22500 12.35000 10.98461 0.11138 -13
-1.32619 0.11191 39.61368 0 -3.35000 41.72500 23.94514 0.16763 -13
-0.56052 -0.01326 58.36209 0 0.40000 16.22500 50.91112 0.11546 -13
-0.01483 0.03181 43.32455 0 -0.95000 3.00000 43.31979 0.10076 -13
-0.31113 -0.20718 61.45622 0 6.25000 11.55000 58.78835 0.10750 13
0.10750 0.09620 52.02347 0 -2.90000 -6.25000 51.72812 0.10175 13
-0.84662 -0.13338 40.87994 0 4.00000 24.35000 31.31383 0.13262 13
-1.64523 0.01590 39.57533 0 -0.50000 49.57500 20.55744 0.19389 13
-0.19060 -0.12622 21.90355 0 3.77500 9.05000 21.52207 0.10329 13
0.18099 0.02679 80.79258 0 -0.82500 -7.87500 79.50183 0.10237 13
0.41227 -0.06883 34.53244 0 2.05000 -11.87500 31.93684 0.10914 13
-0.32467 -0.12066 40.45286 0 3.65000 6.65000 38.50226 0.10657 -13
0.26151 0.05060 73.10083 0 -1.52500 -8.87500 70.72822 0.10422 13
0.20117 -0.01841 45.86326 0 0.57500 -6.20000 44.96285 0.10274 -13
0.65554 0.08369 94.39062 0 -2.52500 -21.77500 79.02315 0.12070 13
1.09181 -0.21412 77.32886 0 6.45000 -35.02500 52.86377 0.15064 13
0.88985 0.13490 84.22848 0 -4.05000 -26.45000 63.17309 0.13548 -13
0.91219 -0.26453 84.22848 0 7.97500 -27.12500 63.17309 0.13890 -13
0.44422 -0.11344 70.38910 0 3.42500 -13.32500 64.39525 0.11079 -13
-0.92026 0.02279 22.36697 0 -0.65000 28.15000 16.46068 0.13687 -13
-0.65832 0.13341 19.88846 0 -4.00000 20.80000 16.65609 0.12130 -13
-0.67522 -0.26605 19.88846 0 8.05000 21.32500 16.65609 0.12447 -13
-0.63552 -0.08877 74.64052 0 2.67500 18.45000 63.06648 0.11965 13
-0.75345 -0.05802 60.14323 0 1.75000 20.55000 48.06402 0.12623 -13
-0.30157 -0.14805 39.34916 0 4.47500 11.62500 37.70723 0.10624 -13
-1.39347 -0.10676 20.12524 0 3.17500 43.27500 11.77777 0.17304 13
-0.46877 0.11600 93.46202 0 -3.50000 12.30000 84.72689 0.11183 13
-0.12198 0.01113 79.48501 0 -0.32500 1.62500 78.90025 0.10146 -13
-0.88354 0.04393 10.89873 0 -1.27500 26.85000 8.17090 0.13445 -13
-0.32335 0.02931 43.62516 0 -0.90000 7.95000 41.51088 0.10588 13
-1.60400 -0.06692 68.50263 0 2.00000 48.90000 36.29975 0.19046 13
0.06394 -0.14713 78.24770 0 4.45000 -2.15000 78.09160 0.10199 -13
-0.56152 0.01858 83.86620 0 -0.57500 17.87500 73.12950 0.11551 13
-0.81744 0.06428 86.05709 0 -1.95000 23.82500 66.68401 0.13023 13
-0.68279 -0.09205 3.43623 0 2.60000 20.67500 2.84167 0.12228 13
-0.80584 -0.11802 26.46012 0 3.52500 24.85000 20.65873 0.12987 13
-0.46765 -0.05568 54.22440 0 1.70000 13.12500 49.13182 0.11131 -13
-1.08057 0.10139 44.80677 0 -3.05000 32.95000 30.51624 0.14861 -13
0.76322 -0.17086 91.50849 0 5.15000 -24.07500 73.12545 0.12785 -13
0.26221 0.03883 95.20654 0 -1.17500 -7.35000 92.09762 0.10418 13
0.41932 -0.02859 11.90233 0 0.82500 -12.00000 10.97707 0.10924 13
0.43973 -0.10645 97.80248 0 3.20000 -13.60000 89.61046 0.11053 13
-1.76611 -0.03734 10.49868 0 1.02500 54.65000 5.17597 0.20438 13
0.76754 -0.15224 95.51170 0 4.60000 -24.67500 76.08648 0.12787 -13
0.53386 -0.03644 3.93081 0 0.95000 -16.92500 3.46788 0.11424 13
1.25876 0.04858 41.50973 0 -1.45000 -38.10000 25.83916 0.16196 -13
0.71765 -0.12547 36.36311 0 3.77500 -20.57500 29.62078 0.12458 13
-1.08062 -0.13770 2.27757 0 4.47500 33.27500 1.55475 0.14931 -13
-0.62949 -0.07951 67.19380 0 2.40000 19.72500 56.91621 0.11926 13
0.29178 -0.12422 42.86172 0 3.75000 -9.02500 41.17051 0.10565 -13
-0.33047 -0.06929 3.14198 0 1.92500 9.70000 2.98430 0.10630 13
0.20184 0.11378 24.62381 0 -3.40000 -6.27500 24.14313 0.10336 -13
0.08730 -0.22813 24.58382 0 6.90000 -1.35000 24.49527 0.10368 -13
0.99638 0.13254 32.70332 0 -3.97500 -27.00000 23.26691 0.14277 -13
1.02230 -0.26696 32.70332 0 8.07500 -27.77500 23.26691 0.14653 -13
1.26326 -0.11738 93.51891 0 3.55000 -36.67500 58.28874 0.16268 -13
-0.78317 -0.00968 38.76788 0 0.27500 23.07500 30.52228 0.12791 13
0.86757 0.01180 6.78313 0 -0.45000 -26.82500 5.12388 0.13334 13
-1.15513 0.12005 84.64268 0 -3.62500 34.95000 55.62654 0.15434 13
-1.19108 -0.28024 84.64268 0 8.45000 36.05000 55.62654 0.15912 13
0.24724 0.00993 44.07487 0 -0.30000 -8.57500 42.78674 0.10374 13
1.42628 0.10699 25.24334 0 -3.25000 -40.40000 14.54750 0.17576 13
-1.14079 0.08816 61.74012 0 -2.65000 33.22500 40.78669 0.15303 -13
-0.19288 -0.07430 25.20621 0 2.25000 7.07500 24.75250 0.10284 -13
0.71318 -0.18131 23.35098 0 5.45000 -19.47500 19.11434 0.12501 13
0.73950 -0.04018 45.28099 0 1.20000 -20.40000 36.41786 0.12531 13
-0.93780 -0.19125 37.88621 0 5.77500 28.40000 27.86582 0.13941 -13
-0.73581 0.06849 99.82066 0 -2.05000 20.27500 80.46728 0.12522 -13
0.75372 -0.00843 23.90668 0 0.22500 -24.92500 19.09147 0.12611 13
-0.55294 0.01065 92.09156 0 -0.32500 16.67500 80.59280 0.11508 13
-0.47713 -0.12557 81.21284 0 3.80000 15.00000 73.40287 0.11229 -13
-1.06801 -0.21215 52.06315 0 6.40000 30.10000 35.99947 0.14889 -13
0.25463 -0.04386 85.87260 0 1.32500 -7.65000 83.22199 0.10401 -13
-0.90157 -0.24341 29.76655 0 7.37500 28.00000 22.39077 0.13781 -13
-1.93494 -0.03443 8.77282 0 1.15000 58.27500 4.02951 0.21942 -13
-1.05283 -0.03950 45.98508 0 1.17500 30.37500 31.68151 0.14628 13
-0.27529 -0.03618 36.40538 0 1.10000 6.00000 35.10118 0.10452 -13
-0.48832 -0.03824 93.94474 0 1.15000 14.55000 84.42943 0.11213 13
1.09336 0.12561 19.91313 0 -3.82500 -33.97500 13.49663 0.14977 13
1.12498 -0.27438 19.91313 0 8.25000 -34.90000 13.49663 0.15402 13
1.36742 0.04104 39.16102 0 -1.22500 -42.22500 23.12921 0.17065 -13
1.46577 0.04847 26.07113 0 -1.42500 -44.02500 14.70458 0.17876 -13
-0.19927 -0.01976 32.93817 0 0.60000 6.82500 32.30333 0.10270 -13
0.42170 -0.22387 66.20875 0 6.75000 -11.80000 61.22694 0.11159 13
-1.30339 -0.10094 9.61285 0 3.12500 39.75000 5.87026 0.16580 -13
-0.87603 0.06145 55.34405 0 -1.87500 24.90000 41.66381 0.13403 13
-0.72550 -0.20363 79.36171 0 6.15000 22.15000 64.68274 0.12610 -13
-2.19492 0.04776 2.77323 0 -1.90000 64.55000 1.15045 0.24341 13
1.15061 -0.10544 78.76316 0 3.17500 -36.10000 51.82888 0.15388 13
-0.32987 0.02516 6.38697 0 -0.67500 10.92500 6.06575 0.10607 -13
0.20073 0.06390 45.81000 0 -1.92500 -6.87500 44.91763 0.10291 -13
-0.03895 0.12390 9.26833 0 -3.67500 1.22500 9.26139 0.10153 -13
-0.04018 -0.27609 9.26833 0 8.37500 1.25000 9.26139 0.10461 -13
-1.26224 0.13091 9.26833 0 -3.62500 1.37500 9.26139 0.10179 -13
1.65489 -0.54144 9.26833 0 -2.90000 3.85000 9.26139 0.11263 -13
46.07874 10.77982 9.26833 0 -3.42500 4.77500 9.26139 0.11788 -13
-0.72976 0.04889 51.52258 0 -1.47500 23.10000 41.63642 0.12476 -13
2.15593 -0.00359 93.70369 0 0.12500 -64.12500 39.42909 0.23932 -13
-2.06932 0.08110 78.09624 0 -2.45000 60.42500 34.07155 0.23159 13
-0.00711 -0.04037 13.37636 0 1.17500 -1.70000 13.37603 0.10079 13
0.16651 -0.16494 21.78690 0 5.00000 -7.27500 21.49867 0.10345 -13
0.78930 0.11874 51.95845 0 -3.57500 -22.95000 40.89426 0.12884 -13
-1.98981 -0.15976 86.26695 0 4.82500 58.57500 39.12917 0.22485 -13
-0.88342 -0.18490 96.64900 0 5.57500 27.85000 72.96376 0.13566 -13
1.20857 0.07590 1.48990 0 -2.80000 -37.30000 0.95107 0.15884 13
0.14738 0.06166 21.81063 0 -1.87500 -4.50000 21.57837 0.10199 13
-1.32012 -0.23587 78.03114 0 7.10000 37.60000 47.92626 0.16845 13
0.49666 0.01012 81.60804 0 -0.30000 -14.75000 73.09046 0.11245 -13
-1.05354 -0.19638 53.46455 0 5.92500 29.52500 37.17158 0.14762 -13
1.92098 -0.06429 24.20935 0 1.97500 -56.80000 11.19640 0.21822 -13
0.71950 -0.20492 81.63831 0 6.17500 -21.25000 66.72811 0.12576 13
-0.53475 -0.13805 40.51678 0 4.17500 14.00000 35.80370 0.11505 -13
0.73230 -0.03815 11.97261 0 1.10000 -20.92500 9.66221 0.12487 13
-0.51966 -0.10393 35.81797 0 3.12500 15.27500 31.81890 0.11397 13
2.01827 -0.19338 24.60964 0 5.87500 -59.12500 11.08628 0.22776 -13
1.73406 -0.08442 82.19054 0 2.55000 -50.22500 41.16909 0.20177 -13
-0.45054 -0.00605 12.58676 0 0.15000 13.02500 11.47587 0.11046 13
0.04800 -0.01241 99.13001 0 0.37500 2.10000 99.01605 0.10083 -13
1.20191 -0.02318 34.04147 0 0.72500 -36.37500 21.77591 0.15747 -13
0.05189 -0.03481 51.34923 0 1.05000 -3.17500 51.28030 0.10090 -13
-0.35377 -0.24659 82.68367 0 7.42500 12.87500 78.19913 0.10966 13
0.69380 -0.15285 68.28782 0 4.62500 -24.82500 56.31561 0.12353 -13
-1.21475 0.01734 10.33871 0 -0.60000 36.67500 6.57147 0.15847 13
-0.94047 -0.05114 50.53629 0 1.55000 27.97500 36.83584 0.13834 -13
2.16697 0.06096 34.01980 0 -1.80000 -64.55000 14.27654 0.24041 -13
1.32676 0.00869 94.57314 0 -0.27500 -37.55000 56.92471 0.16731 13
-0.53772 0.12158 10.58689 0 -3.72500 15.62500 9.34015 0.11502 13
-0.55410 -0.27864 10.58689 0 8.35000 16.10000 9.34015 0.11844 13
1.47283 -0.04554 97.03767 0 1.37500 -46.02500 54.54691 0.17934 -13
1.76941 0.11505 46.90364 0 -3.45000 -52.02500 23.19308 0.20498 -13
1.85875 -0.24019 80.13266 0 7.25000 -58.27500 38.79493 0.21394 -13
-1.87939 -0.13454 43.54047 0 4.02500 55.97500 20.59527 0.21479 13
-1.68709 -0.04503 22.45574 0 1.40000 50.90000 11.45932 0.19756 -13
0.34206 0.06798 34.36423 0 -2.02500 -11.70000 32.52248 0.10665 -13
-2.07673 0.02754 44.70261 0 -0.85000 62.87500 19.39968 0.23214 13
-1.38361 0.05921 56.75504 0 -1.80000 43.22500 33.28356 0.17203 13
-1.56427 -0.05948 51.24390 0 1.77500 47.22500 27.63554 0.18706 13
0.18734 0.05492 97.56045 0 -1.65000 -6.52500 95.89716 0.10260 13
-0.17388 0.08419 39.84011 0 -2.55000 4.82500 39.25521 0.10258 13
-1.28239 -0.21231 78.16648 0 6.40000 39.97500 48.72435 0.16515 13
0.60403 -0.20598 9.53697 0 6.15000 -17.55000 8.20808 0.11942 13
0.42953 -0.13929 80.01855 0 4.20000 -14.37500 73.63246 0.11049 13
0.75918 -0.12565 50.94851 0 3.77500 -22.52500 40.69525 0.12706 13
1.36148 -0.12958 15.57572 0 3.85000 -41.30000 9.27086 0.17056 13
2.16720 -0.03710 96.70219 0 1.10000 -64.47500 40.53890 0.24038 13
1.45882 -0.18214 45.32046 0 5.52500 -45.27500 25.90881 0.17907 -13
-0.84134 -0.19825 38.34160 0 5.97500 27.40000 29.57167 0.13309 13
1.47740 0.05431 51.16103 0 -1.65000 -44.60000 28.70695 0.17974 13
0.32223 -0.07208 41.62761 0 2.20000 -9.57500 39.63104 0.10605 -13
-0.60430 -0.03161 18.69369 0 0.92500 16.00000 16.00145 0.11770 13
0.44619 -0.06967 89.90684 0 2.10000 -13.52500 82.13741 0.11050 -13
1.99592 -0.05885 51.07375 0 1.75000 -60.95000 22.91041 0.22487 13
-0.71827 0.01991 66.61285 0 -0.60000 25.07500 54.10666 0.12400 13
0.56604 -0.09440 79.16674 0 2.85000 -16.70000 68.96916 0.11611 -13
-0.66490 0.02479 70.64893 0 -0.75000 19.17500 58.83687 0.12096 13
-1.48631 -0.22301 57.51843 0 6.75000 43.70000 32.64503 0.18180 -13
1.38717 0.06199 49.10797 0 -1.87500 -42.25000 28.75221 0.17233 13
0.08091 0.02096 56.49171 0 -0.62500 -0.50000 56.30777 0.10105 -13
-0.23499 -0.22330 32.23375 0 6.75000 6.22500 31.41808 0.10587 -13
-1.45876 -0.21634 25.54608 0 6.55000 43.47500 14.66882 0.17948 -13
-0.71236 -0.14595 1.10490 0 3.85000 22.30000 0.90324 0.12477 13
-1.93977 0.03690 75.42783 0 -1.10000 59.15000 34.58041 0.21979 -13
0.14927 0.04718 92.10686 0 -1.42500 -2.22500 91.09985 0.10194 13
0.75763 0.03648 1.63727 0 -0.72500 -22.92500 1.30537 0.12661 -13
2.00802 -0.08701 10.10535 0 2.52500 -61.77500 4.51786 0.22604 13
-1.99110 0.02938 3.51509 0 -0.57500 59.77500 1.57820 0.22445 -13
-0.92603 -0.12912 21.11863 0 3.87500 29.07500 15.55454 0.13784 13
0.73004 -0.20626 64.21760 0 6.22500 -20.47500 52.23874 0.12639 13
-1.71818 -0.11558 97.97577 0 3.47500 50.85000 49.52741 0.20053 13
0.52054 -0.07787 94.76374 0 2.35000 -15.45000 84.11162 0.11380 -13
-0.64200 -0.23649 38.85611 0 7.15000 21.20000 32.95353 0.12203 -13
-0.60396 0.03761 38.84527 0 -1.15000 19.35000 33.25733 0.11771 13
-0.57195 -0.03564 19.02716 0 1.05000 14.52500 16.51896 0.11607 13
-0.37255 -0.22329 91.93672 0 6.72500 11.82500 86.40256 0.10979 13
0.47751 -0.01976 61.21125 0 0.57500 -14.35000 55.23884 0.11161 13
1.44487 -0.04438 16.55685 0 1.40000 -41.92500 9.42912 0.17702 -13
-0.91351 0.03253 75.26592 0 -1.00000 25.47500 55.58309 0.13644 13
-0.38911 -0.16724 50.98794 0 5.05000 8.02500 47.60247 0.10937 -13
0.31295 -0.06305 66.74681 0 1.90000 -6.27500 63.71157 0.10572 -13
0.98473 -0.20994 69.36675 0 6.32500 -28.67500 49.94792 0.14289 13
-0.44090 -0.10171 61.36968 0 3.05000 14.15000 56.20081 0.11053 13
-0.90668 -0.13759 92.19595 0 4.15000 26.52500 68.58925 0.13663 13
-1.12702 -0.11445 61.85539 0 3.45000 33.57500 41.20244 0.15216 13
0.14685 0.09331 35.83857 0 -2.82500 -3.10000 35.46155 0.10222 13
-0.57281 0.09400 95.51959 0 -2.82500 17.47500 82.97494 0.11644 -13
0.85036 0.12233 1.04495 0 -3.07500 -26.92500 0.79831 0.13318 -13
0.73730 -0.11260 15.49936 0 3.45000 -22.35000 12.50278 0.12565 -13
-0.00034 -0.06195 45.15724 0 1.85000 0.22500 45.15724 0.10089 13
-0.00741 0.01160 77.10305 0 -0.35000 1.45000 77.10093 0.10072 13
0.92705 0.07904 20.07022 0 -2.42500 -27.37500 14.73953 0.13756 13
-1.62767 -0.04912 3.97451 0 1.72500 50.90000 2.08197 0.19262 -13
-0.82189 -0.17654 46.69503 0 5.32500 25.35000 36.29591 0.13155 13
0.27826 0.04791 15.19919 0 -1.47500 -8.45000 14.64400 0.10465 13
-0.94880 0.09328 60.88574 0 -2.82500 30.75000 44.25876 0.13915 13
0.85108 0.00909 53.93553 0 -0.27500 -26.55000 41.07435 0.13224 13
-1.11587 0.00644 92.84312 0 -0.17500 35.62500 61.96322 0.15089 -13
0.09978 0.11902 78.39436 0 -3.57500 -1.87500 78.01238 0.10191 -13
0.10293 -0.28132 78.39436 0 8.50000 -1.97500 78.01238 0.10513 -13
1.13385 -0.17312 40.51008 0 5.25000 -34.40000 27.01830 0.15325 -13
-0.34148 -0.19120 5.14346 0 5.87500 11.87500 4.87644 0.10823 -13
-0.48135 -0.12052 61.87114 0 3.65000 12.92500 55.82417 0.11243 -13
0.60975 -0.21408 83.84583 0 6.45000 -16.55000 72.01649 0.11989 13
-0.97515 0.07576 9.80114 0 -2.35000 30.77500 7.02742 0.14088 13
1.33512 0.12238 63.14803 0 -3.70000 -40.00000 38.03561 0.16845 13
1.37541 -0.27776 63.14803 0 8.37500 -41.20000 38.03561 0.17351 13
1.64317 0.13706 38.66762 0 -4.10000 -48.25000 20.23878 0.19418 -13
1.68299 -0.26226 38.66762 0 7.92500 -49.45000 20.23878 0.19895 -13
-0.27911 -0.10580 60.20854 0 3.17500 9.47500 58.01506 0.10509 13
1.64516 0.10205 44.36271 0 -3.10000 -49.67500 23.12977 0.19416 13
-1.84463 -0.15759 21.46012 0 4.80000 55.80000 10.32550 0.21193 -13
-0.20637 0.03670 65.24890 0 -1.12500 5.67500 63.90405 0.10290 13
-2.16106 -0.15157 48.89075 0 4.55000 64.25000 20.72396 0.24026 13
0.57067 -0.17380 63.69454 0 5.25000 -17.70000 55.52072 0.11727 -13
1.10818 -0.09167 3.88546 0 2.95000 -31.82500 2.60938 0.15072 -13
-0.03805 -0.14261 7.08297 0 4.22500 -0.90000 7.07796 0.10177 13
0.42909 0.06074 76.74172 0 -1.82500 -14.52500 70.54379 0.10975 -13
0.27170 -0.12322 16.17343 0 3.75000 -7.60000 15.61550 0.10511 -13
-1.42162 -0.21545 94.94615 0 6.50000 43.55000 55.45493 0.17639 -13
-0.30459 0.01734 79.81639 0 -0.52500 9.77500 76.35400 0.10529 -13
-0.11468 -0.11745 9.99748 0 3.50000 2.02500 9.93326 0.10204 13
1.01345 -0.05932 60.30672 0 1.77500 -31.57500 42.39498 0.14350 13
-0.62637 -0.01612 15.77979 0 0.45000 19.82500 13.37333 0.11884 13
-0.76870 0.10743 52.25719 0 -3.25000 23.50000 41.51888 0.12749 13
-0.43189 -0.06644 57.23514 0 2.00000 11.00000 52.56212 0.10989 13
1.19126 0.09757 90.42946 0 -2.92500 -37.20000 58.30304 0.15693 -13
-0.02676 -0.13906 30.49351 0 4.17500 -0.12500 30.48279 0.10171 13
0.49164 -0.05141 84.47329 0 1.55000 -15.50000 75.82608 0.11234 -13
-1.57480 -0.08163 56.09755 0 2.45000 46.95000 30.14175 0.18803 13
0.90052 0.02648 44.92030 0 -0.77500 -27.45000 33.38543 0.13554 -13
-0.90742 0.03042 29.91258 0 -0.95000 26.50000 22.15668 0.13602 13
0.03859 -0.23337 10.90321 0 7.00000 -3.25000 10.89555 0.10345 13
-0.83449 -0.19657 82.75681 0 5.95000 25.82500 64.02986 0.13266 -13
-0.35232 0.03516 87.53351 0 -1.05000 10.85000 82.56501 0.10683 -13
-0.19182 0.11467 43.58677 0 -3.47500 7.00000 42.81630 0.10319 13
-0.43697 -0.16757 11.14965 0 5.10000 16.70000 10.23938 0.11122 -13
0.71643 -0.08927 12.77164 0 2.75000 -20.57500 10.39610 0.12423 -13
-0.05668 0.05670 89.39796 0 -1.70000 2.87500 89.25513 0.10102 -13
-0.09049 -0.02747 46.44084 0 0.82500 0.80000 46.25197 0.10116 13
-0.64388 0.08284 78.34515 0 -2.50000 20.40000 65.93747 0.12007 13
-1.85824 -0.23845 52.58679 0 7.17500 55.45000 25.45685 0.21382 13
-0.88087 -0.14309 78.34676 0 4.30000 24.90000 59.04974 0.13496 13
-1.23727 0.08413 86.76033 0 -2.55000 37.15000 54.65288 0.16043 13
0.25718 -0.18627 97.63837 0 5.62500 -10.50000 94.65971 0.10566 -13
0.02353 0.05483 91.06890 0 -1.65000 -2.92500 91.04378 0.10088 -13
1.75210 0.10817 57.20659 0 -3.25000 -52.87500 28.48016 0.20344 -13
1.50408 -0.09443 57.63219 0 2.82500 -43.92500 32.00658 0.18213 13
-0.72862 -0.06168 87.71133 0 1.87500 20.25000 70.93634 0.12476 -13
0.00435 0.11532 42.24832 0 -3.47500 -1.12500 42.24793 0.10137 -13
0.57453 -0.13174 20.48184 0 4.00000 -17.30000 17.79746 0.11691 -13
-0.72877 -0.06590 42.97315 0 1.97500 22.80000 34.75529 0.12478 13
-0.84491 0.07980 81.66985 0 -2.42500 28.60000 62.46564 0.13208 13
0.28437 0.10216 8.37588 0 -3.02500 -6.82500 8.05959 0.10519 -13
0.31683 -0.24669 88.29660 0 7.42500 -12.80000 84.39403 0.10851 13
0.50937 -0.01782 75.18671 0 0.52500 -17.12500 66.99863 0.11303 13
1.07833 -0.02565 22.81870 0 0.75000 -33.37500 15.51895 0.14812 13
0.57170 -0.04775 60.50522 0 1.42500 -16.12500 52.54176 0.11610 13
0.86364 0.11260 31.71596 0 -3.42500 -26.30000 24.06786 0.13355 13
-1.22859 0.03697 40.99913 0 -1.10000 35.72500 25.89222 0.15956 -13
0.12205 -0.10087 4.45591 0 2.92500 -3.10000 4.42334 0.10195 13
-1.43580 -0.20904 51.19575 0 6.30000 43.02500 29.68084 0.17743 13
-0.83527 -0.13739 18.92860 0 4.10000 25.80000 14.58274 0.13193 13
-1.82228 -0.19019 72.84036 0 5.72500 56.35000 35.52212 0.21018 13
-0.41831 -0.04770 87.97807 0 1.45000 12.80000 81.17693 0.10927 -13
-1.48856 -0.06411 54.95733 0 1.95000 47.07500 30.68976 0.18071 -13
-0.96600 -0.23878 64.47766 0 7.22500 29.55000 46.98988 0.14208 -13
0.48729 0.10523 6.49605 0 -3.10000 -16.05000 5.84558 0.11251 -13
1.77489 -0.13692 93.31780 0 4.12500 -55.00000 46.13009 0.20561 13
-0.03037 -0.13783 44.76315 0 4.15000 0.50000 44.74293 0.10170 13
-1.73704 0.06689 86.11728 0 -2.02500 50.97500 43.03847 0.20196 13
1.36278 0.11678 65.66134 0 -3.52500 -41.07500 39.01681 0.17063 13
0.68679 -0.03183 54.14643 0 0.95000 -21.32500 44.64120 0.12220 13
2.11420 0.00080 40.50079 0 -0.00000 -62.70000 17.31654 0.23553 -13
0.49130 0.01110 40.32343 0 -0.35000 -11.10000 36.19191 0.11221 13
0.44827 -0.04246 24.17603 0 1.30000 -13.20000 22.06418 0.11045 -13
-0.29258 0.05579 42.23225 0 -1.67500 6.95000 40.53778 0.10507 -13
-0.52314 -0.08395 84.80392 0 2.55000 14.95000 75.19910 0.11396 -13
-1.81624 -0.13549 6.30111 0 3.92500 54.80000 3.06098 0.20907 13
1.51793 -0.18437 91.92748 0 5.55000 -42.20000 51.16247 0.18398 13
-2.05174 -0.08215 61.88864 0 2.50000 63.27500 27.18848 0.23001 -13
0.02619 -0.09932 53.06295 0 2.97500 -1.25000 53.04495 0.10123 13
0.10607 -0.14932 86.60446 0 4.50000 -2.47500 86.13180 0.10237 13
1.14109 0.01244 99.80080 0 -0.37500 -36.02500 65.77975 0.15280 13
1.25228 0.14266 10.05009 0 -4.22500 -38.40000 6.31007 0.16198 -13
1.27980 -0.25624 10.05009 0 7.80000 -39.27500 6.31007 0.16569 -13
0.66687 -0.04240 74.38621 0 1.27500 -22.22500 61.90439 0.12111 13
0.63504 -0.22933 14.34202 0 6.95000 -20.00000 12.19537 0.12154 -13
-1.22771 0.10341 88.85624 0 -3.10000 38.15000 56.29476 0.15979 -13
1.98662 -0.07012 11.41153 0 2.20000 -61.85000 5.14144 0.22412 -13
-1.59018 -0.08344 83.82366 0 2.50000 48.40000 44.73520 0.18934 13
-0.51674 -0.18640 86.33483 0 5.62500 14.00000 76.97233 0.11490 -13
-1.12109 0.11219 76.16603 0 -3.37500 36.77500 50.87614 0.15170 -13
1.51292 -0.03979 10.32491 0 1.10000 -47.15000 5.69666 0.18265 13
0.23644 -0.07839 54.70171 0 2.35000 -10.17500 53.24237 0.10378 13
-0.81516 -0.05586 83.79072 0 1.70000 24.77500 64.98680 0.13005 -13
0.67361 -0.03347 58.20801 0 1.00000 -17.05000 48.28511 0.12147 13
0.49623 -0.19991 27.01566 0 6.00000 -14.37500 24.29203 0.11420 13
-0.35917 0.14730 91.16256 0 -4.45000 11.97500 85.90049 0.10802 -13
-0.36641 -0.25156 91.16256 0 7.60000 12.17500 85.90049 0.11020 -13
-1.76756 -0.00004 49.42388 0 -0.02500 51.90000 24.33668 0.20451 13
0.62266 0.06170 88.49188 0 -1.87500 -18.80000 75.15909 0.11880 13
-1.42532 0.11947 55.50593 0 -3.62500 42.80000 32.03001 0.17576 13
-1.46997 -0.28085 55.50593 0 8.45000 44.12500 32.03001 0.18124 13
0.35376 -0.22784 23.16301 0 6.90000 -9.75000 21.89710 0.10927 -13
1.23245 0.03783 58.32756 0 -1.15000 -36.75000 36.76644 0.15988 13
-0.83281 0.08997 69.48492 0 -2.70000 24.42500 53.48137 0.13136 -13
0.16823 -0.19145 72.30098 0 5.77500 -6.02500 71.33385 0.10393 -13
1.76219 -0.03925 20.70756 0 1.22500 -53.52500 10.22618 0.20409 -13
0.40566 -0.11703 87.47537 0 3.52500 -12.10000 81.13734 0.10931 13
-0.29155 -0.05157 76.46118 0 1.55000 10.67500 73.41277 0.10502 13
0.31863 -0.08613 59.09154 0 2.60000 -9.22500 56.32151 0.10604 13
0.36152 -0.14383 25.60666 0 4.35000 -12.92500 24.10977 0.10807 -13
-0.09542 0.03928 40.05151 0 -1.20000 3.37500 39.87067 0.10124 13
-1.35356 -0.04610 42.29132 0 1.37500 39.80000 25.14730 0.16953 13
0.61684 -0.07076 37.02480 0 2.15000 -17.37500 31.53319 0.11853 -13
0.94804 0.04888 15.44246 0 -1.52500 -28.37500 11.21288 0.13887 13
0.87033 -0.13477 14.02091 0 4.02500 -27.67500 10.61734 0.13417 13
0.72794 -0.12635 68.48424 0 3.80000 -23.55000 55.51935 0.12520 13
2.01551 -0.12133 49.00552 0 3.67500 -58.42500 21.90688 0.22694 -13
-0.18256 -0.13204 90.00779 0 3.97500 4.32500 88.56885 0.10322 13
-1.64185 0.06001 40.33757 0 -1.82500 48.00000 21.01070 0.19369 13
-1.10513 0.10574 83.11421 0 -3.17500 31.62500 55.93639 0.15046 -13
-1.72700 -0.08641 96.03744 0 2.60000 53.57500 48.25812 0.20115 13
0.55451 -0.11138 43.93506 0 3.37500 -16.45000 38.47843 0.11570 -13
0.82346 0.05560 76.20989 0 -1.67500 -22.72500 58.86755 0.13057 13
-0.83977 0.12151 55.97088 0 -3.65000 22.80000 42.99106 0.13206 -13
-0.86541 -0.27866 55.97088 0 8.42500 23.57500 42.99106 0.13611 -13
1.20073 -0.13265 75.09813 0 4.00000 -34.12500 48.30737 0.15792 13
1.82114 0.13458 25.81186 0 -4.02500 -51.75000 12.50923 0.20962 -13
1.86721 -0.26490 25.81186 0 8.02500 -53.17500 12.50923 0.21501 -13
-0.00103 -0.06374 56.14412 0 1.92500 -0.82500 56.14409 0.10091 13
0.50420 -0.15633 13.63171 0 4.67500 -14.65000 12.20183 0.11385 13
0.12272 0.07029 65.32696 0 -2.12500 -3.42500 64.84290 0.10170 13
-0.49253 0.10649 43.42455 0 -3.22500 16.02500 38.99860 0.11277 13
0.40358 0.14249 83.22717 0 -4.30000 -9.25000 77.28667 0.10954 13
0.41248 -0.25658 83.22717 0 7.72500 -9.50000 77.28667 0.11195 13
0.37380 -0.16005 20.05991 0 4.80000 -10.87500 18.81872 0.10870 13
0.13968 -0.02936 29.34086 0 0.87500 -2.25000 29.05905 0.10172 13
-0.31787 -0.10542 6.59352 0 3.25000 9.37500 6.28686 0.10624 -13
0.41818 -0.13445 85.84419 0 4.05000 -10.47500 79.30329 0.11000 -13
-0.87911 -0.02143 76.77340 0 0.65000 24.30000 57.66614 0.13410 13
0.53586 -0.15561 2.76033 0 4.50000 -17.05000 2.43940 0.11529 13
0.00141 -0.11656 12.32636 0 3.47500 0.40000 12.32635 0.10138 13
-1.70767 -0.07597 5.28236 0 2.47500 52.82500 2.67509 0.19957 -13
1.40037 -0.12393 18.28846 0 3.77500 -42.07500 10.68213 0.17376 -13
0.85059 -0.12846 23.99050 0 3.90000 -26.17500 18.33660 0.13285 -13
-1.44883 -0.15022 5.29127 0 4.37500 44.00000 3.02851 0.17781 13
0.81936 -0.09734 60.46149 0 2.95000 -23.52500 46.85628 0.13056 -13
1.74097 0.09247 88.41171 0 -2.80000 -56.00000 44.17762 0.20241 13
-0.16371 0.12100 86.60177 0 -3.65000 6.95000 85.48009 0.10276 -13
-0.16873 -0.27919 86.60177 0 8.42500 7.12500 85.48009 0.10593 -13
0.78329 -0.20299 62.68709 0 6.10000 -27.10000 49.72524 0.12953 13
-0.44424 -0.20905 82.42090 0 6.30000 13.72500 75.58415 0.11218 13
-0.31417 -0.11092 78.95047 0 3.35000 8.80000 75.36174 0.10615 -13
-0.02653 -0.16135 79.42370 0 4.87500 1.25000 79.39647 0.10204 -13
0.69676 -0.02978 26.40118 0 0.87500 -19.07500 21.66538 0.12277 13
0.88052 0.04330 77.82452 0 -1.30000 -24.65000 58.43245 0.13424 -13
-0.17534 0.07137 5.02581 0 -2.05000 3.15000 4.95073 0.10249 -13
0.10156 -0.18600 88.42883 0 5.60000 -4.65000 87.99130 0.10293 13
-1.43844 -0.00360 9.50106 0 0.02500 42.52500 5.42301 0.17644 13
0.54008 0.13821 32.30731 0 -4.17500 -16.45000 28.48686 0.11530 13
0.55292 -0.26106 32.30731 0 7.85000 -16.82500 28.48686 0.11802 13
-0.32426 -0.16704 45.65669 0 5.05000 7.92500 43.48654 0.10720 -13
-1.28779 -0.06667 15.30063 0 1.95000 39.57500 9.39776 0.16431 13
-0.78558 -0.23414 90.30391 0 7.07500 26.90000 71.72733 0.13022 -13
