-0.04934 -0.13679 23.80198 0 4.15000 2.30000 23.77362 0.10177 -13
-0.84264 -0.04856 89.89677 0 1.47500 25.37500 68.77821 0.13178 -13
0.02610 0.11082 42.15191 0 -3.35000 -1.72500 42.13773 0.10135 13
-1.24497 0.14196 76.48358 0 -4.30000 39.85000 48.18656 0.16145 13
-1.27284 -0.25717 76.48358 0 7.75000 40.70000 48.18656 0.16503 13
-1.82468 -0.03407 76.61950 0 1.05000 54.27500 36.83968 0.20957 -13
1.59087 -0.13811 35.47894 0 4.20000 -49.17500 19.00961 0.18975 -13
-0.09531 0.04778 73.73906 0 -1.45000 3.15000 73.40706 0.10127 13
1.18184 -0.06049 64.20935 0 1.82500 -35.40000 41.51936 0.15602 -13
-0.86158 -0.03887 84.13707 0 1.17500 27.32500 63.76207 0.13298 13
-1.26224 0.00883 5.39895 0 -0.12500 36.80000 3.35270 0.16220 -13
1.87358 -0.06826 92.87123 0 2.07500 -55.32500 43.80962 0.21398 -13
0.46606 0.13636 38.13620 0 -4.12500 -12.62500 34.62315 0.11195 13
0.47749 -0.26303 38.13620 0 7.92500 -12.95000 34.62315 0.11467 13
-0.13488 0.14373 66.05089 0 -4.32500 5.07500 65.46996 0.10264 -13
-0.13778 -0.25526 66.05089 0 7.70000 5.15000 65.46996 0.10486 -13
-0.18385 0.05189 8.61759 0 -1.62500 8.20000 8.47587 0.10254 13
1.83262 -0.15728 89.62100 0 4.72500 -55.50000 43.33256 0.21082 13
0.60767 0.14915 49.87969 0 -4.47500 -19.15000 42.75236 0.11878 -13
0.61948 -0.24963 49.87969 0 7.55000 -19.50000 42.75236 0.12107 -13
-0.35153 -0.23652 49.87969 0 7.55000 -19.50000 42.75236 0.12111 -13
0.31946 -0.94529 49.87969 0 -3.07500 -18.32500 42.75236 0.13595 -13
1.90117 -1.97802 49.87969 0 7.45000 -18.92500 42.75236 0.14669 -13
1222.61483 165.55320 49.87969 0 7.55000 -22.67500 42.75236 0.16352 -13
-1.53373 1.03687 49.87969 0 7.70000 -32.22500 42.75236 0.21741 -13
0.01038 -0.10070 70.04927 0 3.02500 2.25000 70.04553 0.10121 13
-1.29890 0.12158 5.52746 0 -3.52500 40.12500 3.38752 0.16547 -13
-0.62508 -0.14814 1.99862 0 4.17500 20.15000 1.69983 0.11969 13
-0.83613 -0.23816 63.51460 0 7.20000 25.42500 49.27345 0.13345 -13
1.09433 -0.21566 7.16019 0 6.60000 -35.52500 4.88929 0.15099 -13
1.88243 -0.05652 80.96232 0 1.70000 -57.52500 38.03001 0.21472 13
0.06074 0.02504 27.13676 0 -0.77500 -1.52500 27.08688 0.10092 13
0.94427 0.03738 98.93552 0 -1.12500 -25.57500 71.95769 0.13855 -13
-2.03481 -0.08264 85.33709 0 2.50000 59.90000 37.74225 0.22849 -13
-1.08530 0.08267 64.76524 0 -2.50000 32.60000 43.96680 0.14884 13
-1.22830 -0.20015 84.84809 0 6.02500 37.47500 54.20073 0.16076 13
0.65147 -0.08550 88.74326 0 2.57500 -18.70000 74.43666 0.12050 -13
-0.39426 0.14516 19.68484 0 -4.35000 12.35000 18.33849 0.10922 -13
-0.40248 -0.25377 19.68484 0 7.67500 12.60000 18.33849 0.11156 -13
-0.19036 -0.21985 45.92841 0 6.65000 7.20000 45.15466 0.10488 -13
-1.05571 0.04492 67.20883 0 -1.35000 31.20000 46.24345 0.14651 -13
0.17447 0.13408 88.71654 0 -4.05000 -7.15000 87.41916 0.10311 13
0.17892 -0.26542 88.71654 0 8.00000 -7.27500 87.41916 0.10573 13
-1.09122 0.08941 92.00247 0 -2.70000 34.27500 62.29123 0.14933 -13
1.11686 -0.11482 19.86196 0 3.50000 -32.35000 13.29705 0.15143 -13
0.92342 0.12314 83.34176 0 -3.70000 -24.87500 61.44077 0.13763 -13
0.95099 -0.27691 83.34176 0 8.35000 -25.72500 61.44077 0.14175 -13
-1.58709 -0.03714 77.96941 0 1.12500 48.60000 41.58463 0.18894 -13
-0.89922 -0.07345 25.53658 0 2.25000 25.57500 19.01120 0.13564 -13
2.20354 -0.17409 32.75837 0 5.30000 -64.00000 13.70530 0.24438 -13
1.15797 -0.22630 20.28384 0 6.87500 -33.87500 13.44647 0.15580 -13
0.03740 0.06434 66.15748 0 -1.92500 2.55000 66.11146 0.10098 -13
-0.16986 0.00682 55.06148 0 -0.22500 5.15000 54.28398 0.10215 13
0.86636 0.05222 2.39617 0 -1.30000 -26.52500 1.81188 0.13343 -13
-0.84919 0.13954 15.09356 0 -4.25000 26.05000 11.55115 0.13289 13
-0.86897 -0.25976 15.09356 0 7.80000 26.65000 11.55115 0.13591 13
-1.57878 0.04784 94.28914 0 -1.45000 48.17500 50.49420 0.18827 13
0.47521 0.11039 91.94230 0 -3.32500 -16.00000 83.13509 0.11205 13
-0.45295 -0.11030 11.37542 0 3.37500 15.57500 10.37280 0.11113 -13
-1.06365 -0.00256 33.84515 0 0.05000 31.90000 23.18297 0.14702 13
0.31400 -0.09822 57.94197 0 2.97500 -7.05000 55.30443 0.10602 -13
0.48961 0.04820 15.23795 0 -1.42500 -18.25000 13.68869 0.11223 -13
0.16648 0.00210 53.64402 0 -0.05000 -3.60000 52.91576 0.10209 -13
0.52722 0.08958 47.65216 0 -2.72500 -15.47500 42.18917 0.11420 13
-0.92011 -0.12609 12.40368 0 3.75000 26.85000 9.16069 0.13740 13
0.39797 -0.20340 18.75341 0 6.17500 -12.42500 17.47175 0.11031 -13
0.13034 -0.21990 11.62145 0 6.57500 -3.22500 11.52844 0.10391 13
0.25818 -0.19777 36.27414 0 5.97500 -6.95000 35.16394 0.10591 -13
0.55553 0.10443 91.41193 0 -3.15000 -17.05000 80.01124 0.11568 13
0.24589 -0.20206 65.14451 0 6.10000 -6.57500 63.33101 0.10568 -13
-1.61347 -0.07513 3.78868 0 2.02500 49.77500 2.00026 0.19125 13
0.31162 0.12905 46.63795 0 -3.90000 -7.82500 44.55844 0.10628 13
0.32019 -0.27072 46.63795 0 8.15000 -8.10000 44.55844 0.10919 13
-1.28121 -0.15696 30.13222 0 4.70000 36.45000 18.67996 0.16441 13
-0.68694 -0.17720 21.63417 0 5.32500 19.90000 17.91970 0.12345 13
-0.46974 -0.24818 40.23909 0 7.50000 15.37500 36.61342 0.11405 -13
-16.26754 -19.66612 40.23909 0 -4.45000 15.15000 36.61342 0.11431 -13
-0.69214 -0.25035 3.65885 0 7.37500 19.57500 3.03798 0.12491 13
1.47031 0.03254 92.30854 0 -1.00000 -44.80000 51.93112 0.17909 13
-0.08225 -0.06841 20.92896 0 2.05000 4.32500 20.85881 0.10127 13
-0.11666 -0.05112 63.87945 0 1.55000 3.95000 63.45025 0.10152 -13
-0.15061 -0.06491 20.87584 0 1.97500 5.02500 20.64393 0.10205 -13
-1.93092 -0.19301 8.33261 0 5.67500 57.12500 3.88585 0.21977 13
-1.34845 0.13161 32.98154 0 -4.00000 40.45000 19.75541 0.16960 13
-1.38419 -0.26802 32.98154 0 8.05000 41.52500 19.75541 0.17403 13
1.97324 -0.06229 23.16280 0 1.92500 -58.27500 10.48694 0.22288 -13
-2.04046 0.01477 1.39979 0 -1.20000 64.35000 0.61641 0.22954 13
1.00395 0.06163 93.31361 0 -1.87500 -32.07500 65.91490 0.14284 13
0.31301 -0.24440 64.59220 0 7.37500 -8.30000 61.79873 0.10835 13
-0.17527 -0.16436 50.77008 0 4.97500 7.32500 50.02744 0.10357 -13
0.67634 -0.06807 91.94048 0 2.05000 -20.17500 76.21231 0.12177 -13
-0.76480 0.08133 24.96905 0 -2.42500 21.85000 19.85795 0.12703 -13
-1.08581 -0.20911 92.14786 0 6.30000 30.65000 63.14477 0.15013 13
0.32614 -0.21836 31.79882 0 6.60000 -12.42500 30.29818 0.10819 -13
2.12248 0.13600 36.16119 0 -4.07500 -64.22500 15.52807 0.23664 -13
0.21823 0.09774 44.46957 0 -2.95000 -7.15000 43.45649 0.10354 13
0.62384 -0.02500 31.70725 0 0.77500 -18.20000 26.90394 0.11872 -13
1.58030 -0.21821 6.20890 0 6.42500 -48.05000 3.37490 0.18945 13
0.27110 0.12019 25.19933 0 -3.65000 -5.15000 24.33321 0.10505 13
0.27952 -0.28013 25.19933 0 8.42500 -5.40000 24.33321 0.10828 13
0.83474 -0.05060 42.54316 0 1.55000 -24.52500 32.67736 0.13128 -13
0.17657 0.12509 20.46464 0 -3.75000 -7.47500 20.15761 0.10302 -13
0.18171 -0.27482 20.46464 0 8.32500 -7.65000 20.15761 0.10605 -13
0.91133 0.12006 81.26299 0 -3.62500 -26.17500 60.25732 0.13679 13
0.93967 -0.28024 81.26299 0 8.45000 -27.02500 60.25732 0.14103 13
0.02457 0.01318 33.07819 0 -0.40000 1.45000 33.06820 0.10074 13
0.10960 0.00218 94.74807 0 -0.05000 -3.30000 94.18406 0.10131 -13
-0.98868 -0.24146 96.17947 0 7.27500 29.17500 69.34594 0.14367 13
0.81615 0.04494 65.38654 0 -1.35000 -25.05000 50.67733 0.13006 -13
-0.17143 -0.15082 59.33206 0 4.55000 4.55000 58.49761 0.10330 -13
0.30415 0.14751 47.92179 0 -4.45000 -9.02500 45.88936 0.10629 -13
0.31026 -0.25135 47.92179 0 7.60000 -9.20000 45.88936 0.10844 -13
-0.66669 -0.07691 91.37641 0 2.32500 20.07500 76.09782 0.12128 13
0.99623 0.10896 85.20057 0 -3.27500 -29.45000 60.53686 0.14257 -13
2.05385 0.01428 3.04355 0 -0.80000 -58.90000 1.33270 0.23020 13
-0.13848 0.07829 32.69896 0 -2.35000 2.97500 32.39173 0.10197 -13
-0.33136 0.02480 85.63979 0 -0.75000 9.97500 81.29555 0.10612 13
0.15585 -0.20200 51.30888 0 6.07500 -3.92500 50.72047 0.10392 13
0.33821 -0.17447 23.13080 0 5.27500 -7.30000 21.94472 0.10777 -13
1.73824 0.07007 80.57338 0 -2.10000 -52.95000 40.25312 0.20206 -13
-0.32863 -0.13598 13.63891 0 4.15000 11.00000 12.96857 0.10690 -13
1.25690 -0.11789 32.62358 0 3.52500 -36.87500 20.39743 0.16217 13
1.26070 0.10078 7.00056 0 -2.92500 -36.65000 4.36421 0.16231 -13
-0.24923 -0.03147 83.08897 0 0.95000 4.90000 80.62490 0.10383 -13
1.32669 -0.04447 31.87163 0 1.37500 -42.15000 19.19605 0.16737 -13
-0.79068 0.04708 43.99030 0 -1.40000 23.27500 34.52187 0.12846 -13
-1.70446 -0.00218 43.38362 0 0.10000 49.90000 21.95351 0.19901 -13
1.07040 0.04094 61.70070 0 -1.22500 -30.35000 42.14015 0.14757 -13
-0.29766 -0.00032 10.74162 0 0.05000 9.07500 10.29518 0.10508 -13
0.49661 0.04660 47.46779 0 -1.42500 -14.52500 42.52308 0.11254 13
1.60596 -0.07697 56.07181 0 2.32500 -48.85000 29.70195 0.19068 -13
1.07753 -0.23980 76.21205 0 7.22500 -30.70000 52.61751 0.14999 13
-0.72164 0.01669 54.51841 0 -0.50000 21.62500 44.21139 0.12420 -13
0.51996 -0.18294 55.32623 0 5.50000 -16.40000 49.25732 0.11498 13
-1.14966 0.08413 64.06076 0 -2.55000 33.02500 42.12638 0.15368 13
0.49617 -0.06917 97.44593 0 2.10000 -17.47500 87.33249 0.11263 -13
-0.64905 -0.10482 56.27626 0 3.15000 19.90000 47.28140 0.12051 13
-0.26908 0.08654 22.05446 0 -2.57500 7.12500 21.30232 0.10464 -13
-0.88569 -0.18126 85.58055 0 5.45000 28.77500 64.51822 0.13576 13
0.55384 -0.11686 71.36483 0 3.52500 -19.02500 62.52842 0.11571 13
-0.05289 -0.07646 2.32726 0 2.52500 5.62500 2.32401 0.10130 -13
-1.05784 -0.00897 3.94231 0 0.10000 32.57500 2.70840 0.14663 13
-1.06098 -0.08538 68.53536 0 2.57500 30.97500 47.09656 0.14708 -13
1.89591 0.09219 7.12240 0 -2.92500 -60.05000 3.33323 0.21621 13
0.99047 0.14394 8.44259 0 -4.25000 -30.00000 6.02851 0.14244 -13
1.01175 -0.25513 8.44259 0 7.77500 -30.67500 6.02851 0.14566 -13
0.23914 -0.12473 15.42830 0 3.72500 -3.30000 15.01152 0.10429 13
0.04975 -0.14014 90.55718 0 4.22500 -0.15000 90.44747 0.10181 13
0.41099 0.02908 19.99110 0 -0.85000 -11.70000 18.49162 0.10892 -13
0.27848 -0.17399 29.87913 0 5.27500 -6.45000 28.81413 0.10600 -13
-0.48385 -0.22829 1.71936 0 7.20000 13.90000 1.55523 0.11468 -13
0.31434 0.00876 33.03270 0 -0.27500 -12.50000 31.51256 0.10556 13
0.65937 -0.11687 52.78916 0 3.52500 -19.52500 44.16129 0.12120 -13
0.92617 0.05198 20.16740 0 -1.60000 -30.05000 14.80484 0.13737 13
-0.18599 -0.19526 44.71854 0 5.87500 4.67500 43.99157 0.10429 13
0.06478 0.07699 70.22017 0 -2.32500 -1.75000 70.07412 0.10122 13
-1.79045 -0.21028 91.81021 0 6.35000 54.70000 45.50918 0.20763 -13
-0.67671 0.05362 74.20074 0 -1.60000 21.40000 61.48019 0.12171 -13
-2.12396 -0.05873 20.16652 0 1.72500 64.10000 8.60301 0.23645 13
1.31129 -0.15194 46.66715 0 4.57500 -40.27500 28.50337 0.16676 13
-1.40741 0.09767 46.31749 0 -2.97500 41.60000 26.91266 0.17415 13
0.98920 -0.08558 82.64455 0 2.60000 -27.05000 58.86102 0.14192 -13
0.00233 -0.11473 93.63432 0 3.45000 1.52500 93.63407 0.10136 13
-0.35721 -0.06078 74.90128 0 1.82500 9.75000 70.55108 0.10710 13
-0.80875 0.02769 73.93277 0 -0.85000 23.32500 57.49438 0.12955 13
1.19964 0.05194 50.55486 0 -1.55000 -34.70000 32.39604 0.15736 -13
0.65444 -0.20680 96.54458 0 6.25000 -17.82500 81.28452 0.12215 -13
1.25816 -0.14252 97.50728 0 4.30000 -38.55000 61.04450 0.16248 -13
0.24788 -0.05343 25.57318 0 1.60000 -7.67500 24.82402 0.10389 13
-0.48024 0.13428 62.60204 0 -4.05000 14.85000 56.52593 0.11253 13
-0.49241 -0.26522 62.60204 0 8.00000 15.22500 56.52593 0.11538 13
0.10959 -0.08159 89.84160 0 2.47500 -1.27500 89.31040 0.10164 -13
-0.39313 0.14431 46.77964 0 -4.35000 11.95000 43.59577 0.10917 -13
-0.40152 -0.25466 46.77964 0 7.70000 12.20000 43.59577 0.11152 -13
-0.63925 -0.22253 43.15645 0 6.70000 17.90000 36.61278 0.12160 13
-0.12248 0.07187 54.34038 0 -2.17500 3.77500 53.93938 0.10172 13
0.67164 0.00013 85.07849 0 -0.00000 -18.50000 70.62716 0.12131 -13
-0.00245 -0.06309 22.95284 0 1.92500 2.10000 22.95277 0.10091 -13
1.54926 -0.19270 72.29927 0 5.82500 -48.57500 39.71292 0.18672 -13
-1.59390 -0.03166 62.52171 0 0.95000 48.97500 33.23948 0.18951 13
-0.70172 -0.16193 97.26236 0 4.87500 19.32500 79.95398 0.12410 13
-0.51186 0.03036 98.63268 0 -0.90000 14.95000 87.80737 0.11317 -13
-0.44518 -0.14455 53.34580 0 4.35000 11.57500 48.81755 0.11118 13
0.37477 -0.19103 71.14225 0 5.77500 -11.15000 66.76209 0.10926 -13
0.08746 0.07891 85.45636 0 -2.37500 -2.65000 85.13334 0.10140 13
0.47871 0.03348 46.86726 0 -1.02500 -15.35000 42.27749 0.11170 13
-0.70207 0.08925 81.06650 0 -2.70000 19.95000 66.43424 0.12337 13
1.11931 0.09947 22.83055 0 -3.02500 -36.17500 15.25209 0.15150 13
-1.54342 0.09537 60.91623 0 -2.90000 45.77500 33.22932 0.18545 13
1.62052 -0.01831 10.33557 0 0.65000 -48.47500 5.42859 0.19179 -13
-1.24802 -0.02944 82.08134 0 0.87500 36.97500 51.33933 0.16107 13
-0.57614 -0.14866 70.21245 0 4.47500 19.50000 61.00220 0.11718 13
-0.10393 -0.05284 60.37058 0 1.57500 2.17500 60.04808 0.10138 13
-0.78364 -0.09364 44.50824 0 2.85000 25.05000 35.09081 0.12829 -13
0.71424 0.06541 39.24105 0 -1.95000 -20.47500 31.95573 0.12392 -13
-0.49180 0.08215 62.77819 0 -2.47500 13.70000 56.37085 0.11252 -13
-0.11855 -0.06369 68.09839 0 1.92500 3.97500 67.62680 0.10161 -13
0.08049 -0.00975 90.01385 0 0.30000 -5.90000 89.72368 0.10103 13
-0.26958 -0.00823 37.09773 0 0.25000 8.20000 35.81942 0.10430 -13
-1.76902 -0.14666 35.10568 0 4.45000 53.15000 17.41567 0.20519 -13
0.33907 0.01119 61.15863 0 -0.32500 -9.85000 57.91994 0.10634 -13
0.34719 -0.02723 56.62101 0 0.80000 -11.30000 53.49114 0.10663 13
-1.39985 -0.17790 84.72855 0 5.37500 42.37500 49.75870 0.17418 -13
-1.48877 -0.06395 87.30052 0 1.92500 46.17500 48.74590 0.18072 13
1.17087 0.13995 85.18767 0 -4.22500 -35.32500 55.63421 0.15571 13
1.19789 -0.25926 85.18767 0 7.80000 -36.15000 55.63421 0.15923 13
-1.18537 -0.23389 29.55835 0 7.07500 36.15000 19.35412 0.15798 -13
-1.27160 0.01559 51.40295 0 -0.47500 39.00000 31.77793 0.16274 13
-1.27159 0.01559 51.40295 0 -0.47500 39.02500 31.77793 0.16291 13
0.29882 -0.04493 11.79706 0 1.40000 -8.87500 11.30409 0.10521 -13
0.60096 -0.07183 97.87550 0 2.17500 -19.60000 83.94958 0.11771 -13
0.25360 0.01445 13.23753 0 -0.40000 -10.07500 12.83147 0.10390 -13
-1.01678 0.14269 78.22827 0 -4.32500 31.17500 55.13442 0.14434 13
-1.03912 -0.25640 78.22827 0 7.72500 31.85000 55.13442 0.14749 13
0.61564 -0.06260 61.37048 0 1.87500 -19.55000 52.28887 0.11842 13
-0.49026 -0.16026 67.25556 0 4.82500 15.82500 60.53608 0.11330 13
1.75003 -0.25793 3.46960 0 7.47500 -51.65000 1.76371 0.20420 13
-1.36656 0.07038 42.86813 0 -2.10000 40.47500 25.35539 0.17067 -13
-0.08323 -0.07276 58.62583 0 2.20000 3.05000 58.42489 0.10132 -13
-0.40858 -0.17496 79.68192 0 5.27500 12.82500 73.91943 0.11020 13
1.00560 -0.13218 63.63101 0 3.97500 -28.55000 45.06325 0.14343 13
-0.82290 0.01702 17.17710 0 -0.55000 23.40000 13.26429 0.13043 13
1.31174 -0.23246 74.53488 0 7.00000 -40.45000 45.93827 0.16774 13
-0.49097 0.06454 51.05553 0 -1.95000 14.55000 45.84810 0.11238 13
0.36797 -0.10034 47.95210 0 3.02500 -13.30000 45.02899 0.10778 -13
0.31386 -0.05016 4.99773 0 1.40000 -10.57500 4.76883 0.10568 13
-0.47510 -0.08041 46.90430 0 2.42500 12.82500 42.39100 0.11178 13
0.51916 0.08952 60.29402 0 -2.70000 -14.25000 53.55761 0.11382 -13
-1.04480 -0.10350 84.81335 0 3.12500 31.32500 58.80689 0.14601 13
-1.49368 0.08530 69.15606 0 -2.57500 44.32500 38.56943 0.18122 -13
-1.19841 -0.06118 11.17241 0 1.77500 32.90000 7.16572 0.15729 13
0.06505 -0.14496 16.80698 0 4.40000 1.40000 16.77226 0.10198 -13
-0.82615 0.05336 28.08129 0 -1.57500 24.92500 21.66141 0.13073 -13
0.94213 -0.11428 25.60755 0 3.47500 -27.12500 18.69564 0.13885 -13
0.09540 -0.19894 66.16540 0 6.00000 -5.37500 65.87762 0.10312 13
-1.86478 -0.09293 17.35548 0 2.85000 56.50000 8.23032 0.21331 -13
2.07863 -0.14305 91.17467 0 4.32500 -62.37500 39.85300 0.23274 -13
-0.08277 0.10206 45.51139 0 -3.10000 -0.50000 45.35785 0.10157 13
1.09551 -0.10512 22.05399 0 3.20000 -34.60000 14.91325 0.14976 -13
-0.22041 -0.07407 8.94242 0 2.30000 5.90000 8.73393 0.10341 -13
0.49175 -0.06227 80.07107 0 1.87500 -14.25000 71.88044 0.11240 -13
-0.17907 0.09724 88.22133 0 -2.95000 2.55000 86.85275 0.10278 13
-0.27399 0.01205 35.08104 0 -0.35000 8.12500 33.83426 0.10442 -13
-0.61952 -0.24516 14.87300 0 7.45000 18.20000 12.74392 0.12105 -13
-0.26307 0.06124 25.70661 0 -1.82500 6.92500 24.86374 0.10431 -13
-0.83078 -0.14565 48.59393 0 4.40000 25.22500 37.53755 0.13175 -13
-0.29897 0.11416 34.72166 0 -3.45000 7.57500 33.28421 0.10574 13
-0.09398 -0.05947 79.59753 0 1.80000 2.17500 79.24954 0.10132 13
1.26939 0.01910 99.59277 0 -0.57500 -37.90000 61.63729 0.16274 13
-0.39840 -0.00209 26.78558 0 0.05000 10.52500 24.88359 0.10840 13
-0.68067 0.03915 53.91159 0 -1.20000 19.02500 44.57807 0.12189 13
-0.02135 0.08358 98.36075 0 -2.52500 -1.67500 98.33850 0.10108 13
-0.88500 0.07327 31.90877 0 -2.20000 24.42500 23.92331 0.13467 -13
-1.58081 0.01059 13.75921 0 -0.25000 48.87500 7.35561 0.18838 -13
0.75551 0.01881 5.48047 0 -0.67500 -25.57500 4.37320 0.12625 13
-0.56802 -0.08837 83.38489 0 2.67500 16.50000 72.57330 0.11616 -13
0.04000 -0.07054 2.25432 0 2.35000 -4.52500 2.25247 0.10120 -13
0.73776 -0.12318 32.71758 0 3.70000 -20.37500 26.39769 0.12574 13
-0.59591 0.14321 81.17205 0 -4.32500 18.17500 69.91441 0.11810 -13
-0.60890 -0.25583 81.17205 0 7.72500 18.57500 69.91441 0.12069 -13
-0.34145 -0.20724 64.91312 0 6.25000 9.95000 61.56337 0.10844 13
0.89012 -0.05471 84.74634 0 1.65000 -26.52500 63.34299 0.13493 13
-1.97138 -0.06821 97.23900 0 2.07500 59.77500 44.07099 0.22272 -13
0.55627 -0.01042 89.93437 0 0.30000 -19.67500 78.59408 0.11524 13
-1.53797 0.10136 66.61596 0 -3.05000 46.62500 36.44392 0.18501 -13
1.75373 0.08949 3.14928 0 -2.37500 -50.67500 1.56335 0.20361 -13
-1.00370 -0.00769 91.87643 0 0.22500 32.27500 64.84741 0.14267 13
-1.88071 0.06305 25.66853 0 -1.95000 54.67500 12.06997 0.21460 13
-0.11386 0.10286 85.55816 0 -3.10000 4.35000 85.01466 0.10188 -13
-0.34673 -0.18911 79.68607 0 5.70000 8.45000 75.42874 0.10828 -13
0.27504 -0.09608 40.08967 0 2.90000 -6.92500 38.66681 0.10488 13
-1.27022 -0.02751 71.32039 0 0.82500 38.65000 44.12725 0.16282 13
0.27618 -0.20704 40.52787 0 6.25000 -9.40000 39.12225 0.10655 -13
-0.96393 -0.16394 17.43513 0 4.90000 30.47500 12.63280 0.14081 13
-0.25355 0.12074 32.83984 0 -3.62500 9.95000 31.84633 0.10459 -13
-0.26136 -0.27946 32.83984 0 8.45000 10.17500 31.84633 0.10784 -13
-0.83285 -0.04391 20.04510 0 1.30000 25.72500 15.40839 0.13112 13
-0.43880 0.09910 35.76629 0 -2.97500 11.00000 32.77749 0.11042 -13
1.55756 -0.15270 59.32252 0 4.62500 -49.02500 32.31103 0.18704 -13
1.14623 0.05227 81.50452 0 -1.57500 -34.80000 53.62310 0.15328 13
-1.85920 -0.24881 61.73321 0 7.50000 55.80000 29.92579 0.21404 13
0.41444 0.13429 25.36880 0 -4.07500 -11.72500 23.46639 0.10985 13
0.42498 -0.26518 25.36880 0 7.97500 -12.05000 23.46639 0.11261 13
0.47524 -0.19684 39.38782 0 5.92500 -13.85000 35.69747 0.11323 13
-0.04251 -0.03976 48.23380 0 1.20000 0.67500 48.19036 0.10087 13
0.20717 -0.09035 49.94396 0 2.72500 -6.92500 48.91365 0.10325 -13
-0.45389 0.12226 51.77442 0 -3.70000 13.82500 47.20485 0.11128 13
-0.46760 -0.27790 51.77442 0 8.37500 14.22500 47.20485 0.11462 13
0.67101 0.08810 77.07081 0 -2.67500 -19.42500 64.07502 0.12160 13
-0.28751 -0.03448 95.00729 0 1.05000 4.75000 91.31243 0.10484 -13
0.07667 -0.00857 5.69820 0 0.35000 -1.32500 5.68152 0.10102 -13
-0.61174 -0.06397 29.95405 0 1.90000 18.12500 25.56595 0.11823 13
-0.61074 0.01285 10.66472 0 -0.45000 17.77500 9.10184 0.11801 13
-1.47010 -0.23688 57.76111 0 7.15000 44.57500 33.09380 0.18065 -13
-1.00849 -0.18086 21.47702 0 5.50000 31.35000 15.24435 0.14420 -13
-0.09255 -0.22066 54.65881 0 6.67500 1.82500 54.43697 0.10355 -13
-0.01139 -0.24417 49.07514 0 7.37500 -1.80000 49.07214 0.10368 -13
-1.26605 -0.09980 12.29324 0 2.95000 35.95000 7.64320 0.16275 13
0.79550 0.10159 53.70338 0 -3.05000 -25.35000 42.11058 0.12908 -13
-0.23075 -0.17778 33.81886 0 5.37500 4.25000 32.97846 0.10490 -13
0.86188 -0.01492 95.58503 0 0.45000 -28.05000 72.40736 0.13296 13
-0.38311 -0.03705 84.07808 0 1.12500 9.70000 78.52052 0.10791 -13
-1.52676 0.14226 96.96038 0 -4.30000 47.80000 53.49846 0.18436 13
-1.56064 -0.25684 96.96038 0 7.72500 48.82500 53.49846 0.18842 13
0.31982 -0.05876 99.71851 0 1.77500 -8.27500 94.99433 0.10589 13
-2.05267 -0.18382 83.69837 0 5.52500 60.05000 37.15170 0.23065 13
1.86509 -0.18572 97.59517 0 5.60000 -56.05000 46.72585 0.21392 13
1.16216 0.04223 97.01290 0 -1.27500 -35.77500 63.30840 0.15445 13
0.91515 -0.21302 31.58959 0 6.40000 -26.22500 23.53812 0.13817 13
0.05946 0.06758 66.65830 0 -2.05000 -1.35000 66.54128 0.10111 13
0.07461 0.08362 21.73191 0 -2.55000 -1.20000 21.67210 0.10134 13
0.07165 -0.05116 78.77223 0 1.55000 -2.35000 78.57136 0.10109 -13
0.50191 -0.04285 80.55191 0 1.27500 -16.22500 72.00593 0.11276 13
1.04876 0.14276 62.83142 0 -4.30000 -29.80000 43.58723 0.14662 -13
1.07181 -0.25627 62.83142 0 7.75000 -30.50000 43.58723 0.14986 -13
0.56664 0.06487 82.33661 0 -1.95000 -18.52500 71.67209 0.11593 -13
0.10434 0.09367 89.77201 0 -2.82500 -3.47500 89.29154 0.10169 13
0.82017 -0.22374 93.14961 0 6.75000 -23.12500 72.72367 0.13217 13
-0.41387 -0.05228 9.58168 0 1.62500 11.57500 8.85520 0.10913 -13
-1.15460 -0.09972 72.72285 0 3.00000 30.67500 47.74445 0.15414 13
0.61549 0.00884 44.57875 0 -0.27500 -19.22500 37.96441 0.11825 13
-0.69591 0.00101 79.79221 0 -0.05000 21.65000 65.49379 0.12269 13
-0.10108 -0.02547 22.46608 0 0.75000 0.05000 22.35226 0.10125 13
-1.25779 -0.16497 1.81386 0 5.40000 37.20000 1.13862 0.16326 -13
0.47678 -0.02729 23.83473 0 0.80000 -13.70000 21.51614 0.11159 13
-1.17042 -0.05022 22.71827 0 1.47500 34.60000 14.76792 0.15511 13
-0.28427 -0.17707 44.60502 0 5.32500 9.95000 42.95418 0.10619 13
-0.33453 0.14367 18.71977 0 -4.30000 14.00000 17.77090 0.10716 -13
-0.34177 -0.25528 18.71977 0 7.72500 14.22500 17.77090 0.10951 -13
1.43921 -0.17900 74.11322 0 5.40000 -45.05000 42.73994 0.17741 -13
-0.39001 0.10369 39.54122 0 -3.12500 13.25000 36.86469 0.10859 -13
0.25602 -0.15578 29.46569 0 4.67500 -6.20000 28.56597 0.10512 13
1.35215 -0.23387 62.75316 0 7.05000 -42.12500 37.95560 0.17097 13
0.31664 -0.08863 27.05985 0 2.65000 -10.45000 25.80650 0.10600 13
-0.20321 0.06024 72.02606 0 -1.82500 5.07500 70.58849 0.10294 13
2.07390 0.09573 62.29761 0 -2.90000 -62.42500 27.15797 0.23207 13
0.33689 0.02673 80.11283 0 -0.82500 -10.25000 75.92307 0.10630 13
0.44721 -0.10284 51.67061 0 3.10000 -13.55000 47.20986 0.11080 13
1.04288 -0.04903 84.30276 0 1.47500 -30.72500 58.38327 0.14558 -13
-0.35039 0.12316 16.58472 0 -3.67500 11.20000 15.66443 0.10742 -13
-0.36086 -0.27687 16.58472 0 8.37500 11.52500 15.66443 0.11066 -13
0.11523 0.06004 89.84377 0 -1.80000 -4.45000 89.25524 0.10155 -13
0.66048 -0.09550 79.59814 0 2.87500 -21.55000 66.50988 0.12106 13
-0.17831 -0.23625 15.56675 0 7.15000 5.57500 15.33749 0.10505 -13
0.21663 0.10012 58.75080 0 -3.02500 -7.75000 57.43174 0.10353 13
0.22566 -0.22568 58.60902 0 6.82500 -8.85000 57.23864 0.10571 -13
-1.17211 0.10536 2.23079 0 -2.82500 38.10000 1.45267 0.15550 -13
-0.06460 -0.09938 70.62435 0 3.00000 2.87500 70.47887 0.10141 -13
1.28845 -0.12248 31.13899 0 3.67500 -37.57500 19.18079 0.16470 13
1.34367 0.01504 75.67554 0 -0.45000 -41.25000 45.18437 0.16868 -13
-0.26208 0.07183 9.32911 0 -2.12500 8.00000 9.02576 0.10435 -13
0.37555 -0.13081 13.07386 0 3.90000 -12.02500 12.25205 0.10836 13
-1.73162 0.10789 12.57509 0 -3.17500 48.45000 6.31703 0.20158 -13
-1.67128 -0.04768 20.53259 0 1.47500 51.75000 10.55111 0.19621 -13
-0.62626 0.03619 98.27019 0 -1.10000 17.95000 83.30102 0.11888 13
0.96952 -0.04367 46.94998 0 1.30000 -26.35000 33.72401 0.14033 13
-1.14700 -0.21803 31.89231 0 6.55000 35.50000 21.23362 0.15478 13
-0.43857 -0.16629 23.43560 0 5.05000 11.87500 21.50884 0.11125 -13
-1.14239 0.02925 56.03970 0 -0.87500 34.20000 36.91977 0.15292 -13
-1.27447 0.07787 17.47907 0 -2.40000 38.12500 10.80992 0.16335 13
-0.72472 -0.19041 33.79723 0 5.72500 23.07500 27.53276 0.12582 13
-1.28164 -0.11700 16.43784 0 3.57500 39.27500 10.15491 0.16415 -13
-0.07068 -0.21903 4.67233 0 6.72500 1.70000 4.66124 0.10344 -13
-0.53403 0.01417 72.07289 0 -0.42500 16.90000 63.57675 0.11417 13
-0.06618 -0.02670 63.15349 0 0.82500 2.72500 63.01573 0.10096 -13
0.46442 -0.07985 60.44758 0 2.40000 -11.90000 54.85404 0.11133 13
0.38001 0.11498 79.76309 0 -3.47500 -10.72500 74.62260 0.10835 13
-0.87285 -0.18282 94.69238 0 5.52500 25.40000 71.84415 0.13493 -13
-0.35270 0.00207 67.98049 0 -0.05000 7.52500 64.10992 0.10678 -13
-0.79950 -0.22788 1.16802 0 7.45000 24.80000 0.92127 0.13206 -13
1.85696 -0.11946 77.88018 0 3.62500 -54.47500 37.12861 0.21275 -13
0.57740 0.03076 46.40138 0 -0.95000 -16.25000 40.18862 0.11633 13
0.23274 0.07041 77.68180 0 -2.12500 -6.45000 75.66928 0.10363 -13
0.46704 0.08941 14.06345 0 -2.65000 -14.70000 12.75153 0.11150 -13
0.71709 0.03263 37.67569 0 -0.97500 -22.35000 30.62332 0.12396 -13
-0.47795 -0.17389 35.21366 0 5.22500 14.40000 31.85824 0.11297 13
-1.94924 -0.02216 61.61638 0 0.67500 58.95000 28.13064 0.22063 -13
0.75248 -0.08138 37.60317 0 2.47500 -23.20000 30.08260 0.12630 -13
-0.76966 0.13181 37.28231 0 -3.95000 23.42500 29.63942 0.12776 -13
-0.78992 -0.26776 37.28231 0 8.10000 24.05000 29.63942 0.13115 -13
-0.40155 -0.14915 66.55194 0 4.50000 13.25000 61.85238 0.10955 -13
0.95487 -0.21236 47.16167 0 6.40000 -29.17500 34.46544 0.14086 13
-1.12666 -0.06510 86.53531 0 1.95000 31.55000 57.51106 0.15184 13
0.37257 -0.21093 3.16208 0 6.52500 -10.50000 2.97103 0.10973 -13
0.26313 -0.01454 50.08345 0 0.45000 -9.52500 48.43516 0.10414 -13
-0.43962 -0.03870 62.82776 0 1.15000 13.27500 57.52222 0.11007 13
-0.28743 0.03986 51.56217 0 -1.20000 10.77500 49.55867 0.10486 13
-1.83137 -0.17864 24.80628 0 5.42500 55.20000 12.03243 0.21095 -13
0.44416 -0.18839 97.74561 0 5.70000 -13.07500 89.58356 0.11182 -13
-1.62621 -0.09279 78.63480 0 2.80000 47.02500 41.31882 0.19247 13
0.58222 -0.02341 79.96862 0 0.72500 -16.85000 69.11339 0.11655 -13
-1.04103 0.13038 61.32522 0 -3.92500 32.85000 42.66951 0.14595 -13
-1.06903 -0.26926 61.32522 0 8.12500 33.70000 42.66951 0.14990 -13
0.42717 -0.19414 24.93671 0 5.82500 -14.10000 22.99657 0.11122 13
1.53621 0.03401 33.94930 0 -1.00000 -44.42500 18.52844 0.18462 -13
-0.98834 -0.19114 94.58605 0 5.77500 29.22500 67.86709 0.14289 -13
1.23439 -0.15781 42.47522 0 4.75000 -37.77500 26.93588 0.16075 13
0.09718 -0.21408 67.46825 0 6.47500 -4.70000 67.16563 0.10345 -13
1.40518 0.09306 83.60381 0 -2.82500 -43.90000 48.61302 0.17395 13
0.47436 0.00269 78.69780 0 -0.10000 -13.40000 71.10388 0.11146 13
-1.10053 0.05652 47.86465 0 -1.72500 30.95000 32.21741 0.14986 13
0.11235 -0.08559 74.39797 0 2.60000 -2.90000 73.93620 0.10170 -13
-0.02639 -0.00938 48.37928 0 0.27500 -0.37500 48.36245 0.10074 13
-0.00911 0.01636 63.76616 0 -0.47500 -2.65000 63.76351 0.10072 -13
-0.03451 0.11713 4.61855 0 -3.65000 1.22500 4.61583 0.10152 13
-0.03560 -0.28346 4.61855 0 8.45000 1.25000 4.61583 0.10466 13
1.17096 -0.19025 1.78917 0 6.17500 -35.37500 1.17434 0.15690 -13
0.30871 -0.05719 70.22702 0 1.72500 -9.42500 67.11187 0.10555 13
0.34852 0.08187 98.76815 0 -2.47500 -8.35000 93.29949 0.10696 -13
0.94400 -0.01513 41.02283 0 0.45000 -27.02500 29.83285 0.13849 13
0.17888 -0.23507 60.30519 0 7.10000 -6.45000 59.41110 0.10502 -13
1.32897 -0.21397 92.83178 0 6.47500 -41.00000 56.61322 0.16888 -13
-0.53262 0.13211 52.90214 0 -3.97500 14.57500 46.78108 0.11487 -13
-0.54662 -0.26744 52.90214 0 8.07500 15.00000 46.78108 0.11790 -13
0.64641 -0.08002 30.18497 0 2.40000 -17.72500 25.37374 0.12017 13
-0.55505 0.02307 22.83953 0 -0.72500 12.57500 19.97094 0.11520 13
0.56448 -0.07883 67.05261 0 2.37500 -21.10000 58.43550 0.11591 -13
-0.20040 0.05299 19.81826 0 -1.57500 6.12500 19.43294 0.10284 -13
1.84759 -0.18242 19.04381 0 5.45000 -55.97500 9.18062 0.21227 13
1.05402 -0.10069 15.84085 0 3.07500 -31.00000 10.93257 0.14668 -13
0.58305 0.11657 46.03769 0 -3.50000 -17.10000 39.83905 0.11715 -13
0.47867 0.05567 5.68703 0 -1.77500 -14.70000 5.13105 0.11183 13
0.42794 -0.14820 30.32670 0 4.50000 -16.07500 27.92748 0.11056 -13
-0.15207 0.10227 5.98131 0 -3.00000 4.12500 5.91402 0.10237 -13
-1.38990 0.13119 54.44236 0 -3.95000 42.17500 31.97424 0.17293 -13
-1.42688 -0.26841 54.44236 0 8.10000 43.30000 31.97424 0.17756 -13
-0.80528 -0.19634 72.70010 0 5.92500 23.72500 57.04136 0.13081 -13
1.20715 -0.03585 96.22408 0 1.10000 -35.72500 61.40895 0.15789 -13
0.35971 0.11947 61.01151 0 -3.60000 -10.20000 57.45664 0.10769 -13
0.37099 -0.28083 61.01151 0 8.47500 -10.52500 57.45664 0.11108 -13
0.49881 -0.10733 79.92217 0 3.22500 -13.82500 71.59995 0.11305 13
0.16879 -0.04935 31.47011 0 1.47500 -6.37500 31.03221 0.10225 13
0.62887 -0.06284 75.43017 0 1.87500 -17.15000 63.88878 0.11912 13
-2.20376 0.09172 29.68128 0 -2.80000 64.60000 12.30777 0.24390 13
-0.57934 -0.02501 54.33924 0 0.75000 17.40000 47.02233 0.11641 13
-0.16581 0.03439 63.77380 0 -1.05000 6.87500 62.91583 0.10214 13
1.33742 0.03313 37.95503 0 -1.02500 -39.42500 22.73580 0.16821 13
1.17243 -0.01129 4.94124 0 0.20000 -32.50000 3.20638 0.15523 13
1.50666 0.06328 99.51729 0 -1.92500 -46.87500 55.11002 0.18221 13
0.60568 -0.09498 75.68688 0 2.85000 -20.27500 64.81535 0.11812 13
-0.30603 -0.13830 17.77992 0 4.15000 10.12500 17.01511 0.10622 13
0.49253 -0.11005 1.91706 0 3.60000 -14.27500 1.72156 0.11311 -13
-1.57748 0.02454 13.85903 0 -0.67500 47.60000 7.42149 0.18811 -13
0.53624 -0.04366 57.48185 0 1.30000 -15.87500 50.66876 0.11435 13
-0.11358 -0.21828 72.82049 0 6.60000 -0.47500 72.37623 0.10371 -13
-0.53721 -0.10645 66.54705 0 3.22500 15.55000 58.69696 0.11482 -13
-0.64069 -0.15163 83.59352 0 4.57500 18.40000 70.61785 0.12056 13
1.76820 -0.12575 24.11439 0 3.82500 -54.67500 11.94131 0.20500 -13
-0.25727 -0.09335 93.91551 0 2.80000 9.35000 90.97811 0.10441 13
0.01288 0.08877 87.73698 0 -2.67500 -1.77500 87.72975 0.10111 13
1.25518 -0.20835 91.62790 0 6.30000 -37.47500 57.83595 0.16297 -13
0.77291 0.07822 13.18321 0 -2.30000 -21.52500 10.44273 0.12751 -13
-0.55514 0.08364 51.25136 0 -2.52500 15.62500 44.84598 0.11548 13
-1.00822 -0.02916 46.44619 0 0.90000 27.62500 32.71462 0.14304 -13
-0.31060 0.00439 20.72389 0 -0.10000 8.87500 19.79111 0.10546 -13
-0.43598 0.06775 7.36184 0 -2.12500 13.40000 6.75060 0.11010 13
1.34371 0.02962 8.17005 0 -1.00000 -42.80000 4.87871 0.16875 13
0.64132 0.04925 5.51969 0 -1.60000 -20.02500 4.64770 0.11979 13
-0.03351 -0.19312 77.90001 0 5.82500 4.15000 77.85786 0.10262 13
-0.28488 -0.23181 10.91425 0 7.05000 10.05000 10.51683 0.10732 -13
-0.25651 0.10145 15.97928 0 -3.10000 7.50000 15.48309 0.10448 13
1.04921 0.05297 3.31923 0 -1.82500 -33.97500 2.29195 0.14618 13
-0.30787 -0.02360 44.48036 0 0.70000 9.87500 42.51226 0.10540 13
1.92408 0.03257 19.13538 0 -0.92500 -56.32500 8.82825 0.21838 -13
-1.13697 0.11578 54.67252 0 -3.50000 33.45000 36.24212 0.15294 13
-2.00997 -0.02152 72.79431 0 0.67500 56.65000 32.43166 0.22608 -13
0.34351 -0.01901 53.59722 0 0.57500 -10.90000 50.69088 0.10649 13
-0.55097 0.05448 84.08939 0 -1.62500 15.92500 73.67553 0.11511 -13
1.44707 0.02965 36.37125 0 -0.87500 -41.90000 20.68354 0.17716 -13
-0.26623 -0.06276 89.10209 0 1.90000 9.35000 86.11414 0.10440 -13
-0.49325 -0.02140 81.32794 0 0.65000 17.40000 72.94119 0.11231 13
1.08101 -0.21954 93.42032 0 6.62500 -31.85000 64.23988 0.14993 13
0.99226 0.09585 56.89247 0 -2.90000 -28.62500 40.47653 0.14220 13
1.99161 -0.13125 80.47479 0 3.97500 -59.22500 36.35720 0.22483 -13
-0.06996 -0.18531 94.86134 0 5.60000 1.12500 94.63772 0.10266 -13
-0.88589 -0.12207 25.79053 0 3.70000 26.72500 19.36731 0.13512 -13
-1.04801 -0.21785 61.51162 0 6.55000 31.77500 42.97641 0.14750 13
-0.98109 0.05655 24.88982 0 -1.67500 27.27500 17.78036 0.14119 -13
-0.92303 -0.08447 23.32375 0 2.57500 29.55000 17.16655 0.13732 -13
-1.34771 0.03372 41.64459 0 -1.00000 41.32500 24.82430 0.16902 -13
-0.15352 -0.04127 83.45849 0 1.25000 5.92500 82.49362 0.10197 13
0.14050 0.13238 77.57162 0 -3.97500 -2.85000 76.82993 0.10256 -13
0.14417 -0.26718 77.57162 0 8.07500 -2.95000 76.82993 0.10525 -13
-0.37285 0.14187 30.76672 0 -4.27500 12.45000 28.86284 0.10841 -13
-0.38112 -0.25721 30.76672 0 7.77500 12.70000 28.86284 0.11086 -13
1.28673 -0.16475 31.24853 0 5.00000 -37.27500 19.33478 0.16498 -13
-0.32623 -0.19077 29.29518 0 5.77500 11.65000 27.89793 0.10767 -13
-0.72282 -0.06579 44.94377 0 1.97500 22.50000 36.45196 0.12443 13
-0.28795 -0.02513 22.30028 0 0.72500 8.57500 21.43008 0.10482 13
-0.11079 -0.19447 23.04100 0 5.85000 6.30000 22.90580 0.10318 13
0.50131 -0.22789 28.89098 0 6.90000 -15.17500 25.95608 0.11498 -13
0.09209 -0.07969 1.90341 0 2.67500 -0.97500 1.89551 0.10167 -13
-0.27646 0.04558 14.90850 0 -1.40000 10.27500 14.37056 0.10459 13
0.65848 -0.22619 18.75379 0 6.80000 -17.30000 15.77910 0.12269 13
-0.21027 -0.17841 48.80164 0 5.37500 8.05000 47.78846 0.10446 13
-1.42743 0.13092 90.28754 0 -3.95000 40.90000 52.09910 0.17602 13
-1.46557 -0.26875 90.28754 0 8.10000 42.05000 52.09910 0.18070 13
0.79525 -0.11492 54.20038 0 3.47500 -26.60000 42.52846 0.12919 -13
0.07377 -0.16092 88.99606 0 4.85000 -2.20000 88.76100 0.10227 -13
1.74551 -0.08728 41.06787 0 2.65000 -53.77500 20.47318 0.20279 -13
