-0.63809 -0.22231 6.93997 0 6.62500 21.02500 5.89044 0.12148 13
0.02399 -0.22396 89.68899 0 6.75000 -0.15000 89.66440 0.10322 13
0.40798 0.14338 54.41993 0 -4.32500 -15.25000 50.46031 0.10972 13
0.41683 -0.25566 54.41993 0 7.70000 -15.50000 50.46031 0.11209 13
0.59656 0.09699 62.73387 0 -2.92500 -19.95000 53.94172 0.11766 -13
-1.58347 -0.13714 88.13947 0 4.15000 47.62500 47.37612 0.18911 -13
-1.47005 0.09207 10.90060 0 -2.70000 43.80000 6.14832 0.17926 -13
-1.22616 0.09761 78.17918 0 -2.92500 37.72500 49.55113 0.15964 -13
0.39507 -0.11463 29.60788 0 3.45000 -11.50000 27.56104 0.10888 13
0.32856 0.03007 99.25385 0 -0.90000 -10.57500 94.29885 0.10604 -13
-0.25735 -0.17421 20.20316 0 5.27500 9.20000 19.58345 0.10547 -13
1.07988 -0.20221 90.09500 0 6.10000 -33.25000 61.87345 0.14959 13
-0.00081 -0.21194 54.34364 0 6.40000 3.82500 54.34363 0.10295 -13
0.70036 0.06365 30.36206 0 -1.90000 -21.92500 24.88602 0.12311 -13
-0.45089 0.02589 5.46780 0 -0.87500 10.07500 4.98476 0.11053 13
1.85382 0.06950 50.33729 0 -2.12500 -57.25000 23.94352 0.21223 13
-2.06896 -0.08300 10.71041 0 2.60000 60.65000 4.67394 0.23164 -13
0.74206 -0.07295 11.44678 0 2.25000 -21.45000 9.20127 0.12563 -13
0.58310 0.01268 77.12527 0 -0.40000 -16.97500 66.62710 0.11658 13
-0.66708 0.14564 46.35800 0 -4.37500 20.30000 38.68843 0.12194 -13
-0.68094 -0.25326 46.35800 0 7.65000 20.72500 38.68843 0.12449 -13
-0.30919 -0.04135 48.92009 0 1.25000 10.32500 46.74068 0.10549 13
0.13989 -0.04752 37.85363 0 1.42500 -6.77500 37.48936 0.10179 13
0.67604 -0.02369 75.62628 0 0.72500 -22.90000 62.65822 0.12158 -13
-0.19975 -0.02739 48.29053 0 0.82500 7.00000 47.35577 0.10273 -13
1.89005 0.12737 55.48874 0 -3.85000 -56.95000 26.11322 0.21573 13
1.94319 -0.27248 55.48874 0 8.20000 -58.52500 26.11322 0.22175 13
1.67165 -0.14937 1.44589 0 5.20000 -48.95000 0.74770 0.19816 -13
0.81211 0.05434 98.37585 0 -1.62500 -25.32500 76.41060 0.12984 -13
-0.30473 0.02861 77.22398 0 -0.85000 9.25000 73.87280 0.10531 -13
-0.43058 0.05315 40.67254 0 -1.60000 9.45000 37.36508 0.10977 -13
-0.65993 -0.14665 66.03765 0 4.42500 21.05000 55.29447 0.12156 -13
1.59158 -0.21326 82.22871 0 6.42500 -48.32500 44.44461 0.19049 13
-0.14347 -0.05201 3.38251 0 1.70000 4.55000 3.34842 0.10194 -13
0.24178 0.14825 93.21400 0 -4.47500 -8.85000 90.65724 0.10467 -13
0.24656 -0.25057 93.21400 0 7.57500 -9.00000 90.65724 0.10675 -13
0.34818 0.08278 2.31424 0 -2.27500 -10.30000 2.18652 0.10699 -13
0.48187 0.01328 21.05649 0 -0.42500 -12.82500 18.96956 0.11179 13
-0.58932 -0.04977 80.72095 0 1.50000 18.45000 69.56551 0.11699 13
-0.10301 -0.15058 26.79307 0 4.55000 4.95000 26.65517 0.10238 -13
-0.35436 0.00429 99.87818 0 -0.12500 11.37500 94.14237 0.10684 13
0.86925 -0.18709 22.99011 0 5.67500 -27.57500 17.47871 0.13478 -13
0.00715 0.04056 8.86978 0 -1.27500 -0.47500 8.86956 0.10081 13
1.69985 -0.02031 41.04039 0 0.62500 -53.95000 20.81245 0.19862 -13
-0.51355 0.05437 8.00570 0 -1.70000 17.07500 7.12358 0.11337 13
0.65418 -0.05766 28.73602 0 1.72500 -20.85000 24.05978 0.12047 13
0.44952 0.08296 99.72209 0 -2.50000 -12.50000 91.00733 0.11072 -13
1.10786 -0.14532 84.52842 0 4.40000 -35.77500 56.96332 0.15101 -13
-0.17733 -0.01892 53.14117 0 0.57500 6.45000 52.32513 0.10229 13
0.98505 -0.18639 91.34319 0 5.62500 -29.05000 65.61809 0.14259 13
-0.33829 0.00806 88.27416 0 -0.25000 11.32500 83.61931 0.10631 13
0.90113 -0.14937 33.71081 0 4.47500 -27.37500 25.16668 0.13637 13
1.64362 -0.22602 23.75954 0 6.85000 -48.35000 12.57535 0.19513 -13
1.51471 -0.03678 82.85916 0 1.12500 -44.10000 45.67331 0.18282 -13
-2.05817 -0.09089 46.43890 0 2.77500 60.32500 20.36279 0.23062 -13
0.77146 -0.08200 87.40259 0 2.47500 -22.55000 69.28892 0.12746 -13
1.11744 -0.06529 26.94396 0 2.00000 -32.02500 17.98951 0.15116 -13
-1.70013 -0.23323 88.77887 0 7.02500 52.75000 45.89796 0.20000 13
-0.00198 -0.24257 15.23544 0 7.27500 0.25000 15.23541 0.10360 13
-0.07815 -0.19314 70.14019 0 5.82500 3.40000 69.93466 0.10287 -13
0.74634 0.04688 64.69748 0 -1.40000 -25.07500 51.86894 0.12575 -13
0.33074 0.10957 11.79459 0 -3.35000 -8.85000 11.20431 0.10666 13
-0.00758 -0.14419 86.04370 0 4.35000 -0.62500 86.04127 0.10175 13
1.05536 -0.24032 68.82586 0 7.25000 -34.27500 48.03531 0.14839 13
-0.27455 -0.02339 19.44255 0 0.67500 7.85000 18.74912 0.10445 13
0.31406 -0.17012 57.23150 0 5.15000 -8.10000 54.67112 0.10694 -13
-0.35009 -0.17487 10.24495 0 5.22500 11.15000 9.68500 0.10811 13
0.16167 -0.22430 2.97354 0 6.95000 -3.87500 2.93724 0.10468 -13
-0.89215 -0.24800 56.07265 0 7.50000 25.35000 42.38912 0.13725 -13
-0.50719 -0.03881 36.28148 0 1.15000 16.62500 32.36247 0.11298 13
1.88147 -0.06728 73.58438 0 2.05000 -57.72500 34.59560 0.21468 -13
-0.97087 0.02466 87.71069 0 -0.75000 27.67500 62.93953 0.14038 13
-0.04783 -0.21833 22.74111 0 6.60000 3.95000 22.71632 0.10320 -13
0.00423 -0.00195 8.55346 0 -0.00000 1.97500 8.55338 0.10071 13
0.00721 0.00348 84.43907 0 -0.10000 -0.80000 84.43687 0.10071 13
-0.68603 -0.18986 18.91288 0 5.70000 22.60000 15.68334 0.12359 13
0.12054 -0.15235 21.16627 0 4.62500 -3.80000 21.01755 0.10260 -13
-1.91385 0.14649 77.27257 0 -4.42500 58.10000 36.08447 0.21798 13
-1.95306 -0.25242 77.27257 0 7.60000 59.27500 36.08447 0.22240 13
-0.40968 0.03300 52.12823 0 -0.97500 12.60000 48.24101 0.10888 -13
0.50734 0.00072 62.84175 0 -0.02500 -14.87500 56.04216 0.11293 -13
-0.09701 -0.17701 60.02398 0 5.35000 1.77500 59.75196 0.10274 -13
0.38977 -0.18201 73.02266 0 5.47500 -11.40000 68.18137 0.10962 13
1.65801 0.01183 8.88253 0 -0.47500 -50.85000 4.58674 0.19505 13
-0.40877 0.00399 19.79512 0 -0.10000 12.17500 18.32343 0.10879 -13
-1.94458 -0.24112 30.32342 0 7.22500 60.35000 14.17957 0.22147 13
0.59952 0.12585 16.15576 0 -3.82500 -17.95000 13.88499 0.11812 13
0.61680 -0.27414 16.15576 0 8.22500 -18.47500 13.88499 0.12147 13
1.59616 0.02007 13.39898 0 -0.52500 -49.57500 7.11502 0.18967 -13
0.38237 -0.04223 43.22569 0 1.27500 -10.82500 40.37951 0.10790 -13
0.36408 -0.06308 87.54815 0 1.90000 -12.67500 82.28467 0.10736 -13
0.82682 -0.11055 89.66540 0 3.35000 -24.85000 69.27346 0.13115 -13
-1.24003 -0.07107 18.50595 0 2.10000 36.32500 11.63436 0.16057 13
-0.48328 0.10067 65.93401 0 -3.05000 14.65000 59.42139 0.11224 13
0.46225 0.00482 72.71128 0 -0.15000 -13.00000 66.00110 0.11091 13
0.46225 0.00482 72.71128 0 -0.15000 -13.00000 66.00110 0.11094 13
-1.71504 -0.23737 62.49391 0 7.17500 53.77500 32.12508 0.20137 -13
1.59773 -0.23932 36.46567 0 7.20000 -49.17500 19.73564 0.19128 13
0.47363 -0.23639 16.72984 0 7.17500 -14.97500 15.19352 0.11397 -13
0.74178 0.10686 52.43892 0 -3.22500 -24.20000 42.20168 0.12584 -13
0.53246 -0.20864 59.48166 0 6.30000 -16.62500 52.74622 0.11601 -13
-0.69646 0.05836 55.22362 0 -1.77500 21.52500 45.34129 0.12286 13
0.13423 0.13277 22.28458 0 -3.97500 -2.90000 22.08993 0.10247 -13
0.13770 -0.26676 22.28458 0 8.07500 -3.00000 22.08993 0.10516 -13
-0.31762 -0.09127 73.09794 0 2.75000 9.70000 69.69467 0.10606 13
-0.72149 -0.06831 86.68324 0 2.05000 22.52500 70.35288 0.12437 13
-0.42772 -0.02659 79.96041 0 0.80000 14.15000 73.52170 0.10956 -13
-1.51218 0.12652 7.88611 0 -3.92500 45.25000 4.37319 0.18315 13
-1.55551 -0.27364 7.88611 0 8.12500 46.47500 4.37319 0.18809 13
0.15853 -0.21306 72.66588 0 6.42500 -5.37500 71.80775 0.10419 13
-0.34270 -0.09917 81.55136 0 2.97500 12.02500 77.18638 0.10692 13
-2.11788 -0.09430 30.68204 0 2.87500 64.87500 13.14834 0.23606 -13
-0.51482 0.04380 19.33667 0 -1.30000 12.87500 17.19554 0.11335 -13
0.05015 -0.24432 50.06662 0 7.35000 -6.37500 50.00733 0.10378 13
-0.74176 -0.01038 47.01068 0 0.32500 24.30000 37.75832 0.12539 -13
1.24072 -0.04546 3.92542 0 1.17500 -40.40000 2.46572 0.16050 13
-0.97294 -0.15737 73.13940 0 4.75000 31.05000 52.73292 0.14140 -13
-0.39126 -0.02005 7.54109 0 0.67500 10.32500 7.02326 0.10816 -13
-0.97344 -0.17775 40.47194 0 5.37500 30.75000 29.21892 0.14169 -13
-0.42148 -0.13589 4.53956 0 4.22500 15.15000 4.18902 0.11022 -13
0.29018 -0.05342 72.10749 0 1.60000 -7.82500 69.25846 0.10499 13
1.09529 0.05137 54.89756 0 -1.57500 -32.75000 37.04121 0.14945 13
-0.29613 -0.05429 37.25800 0 1.65000 10.17500 35.72874 0.10517 -13
-1.90212 0.06776 22.86397 0 -2.10000 56.02500 10.65775 0.21656 13
-2.00966 -0.09456 7.86382 0 2.70000 60.87500 3.51522 0.22620 13
-0.88748 -0.17350 46.36233 0 5.25000 27.12500 34.90174 0.13577 -13
-2.15437 -0.04403 36.38281 0 1.30000 65.00000 15.33080 0.23888 13
0.64469 0.11905 67.96485 0 -3.57500 -19.60000 57.24054 0.12041 -13
0.66502 -0.28126 67.96485 0 8.50000 -20.22500 57.24054 0.12421 -13
-0.68120 -0.24152 57.22615 0 7.27500 23.52500 47.71423 0.12424 13
-0.89122 -0.19260 8.93218 0 5.72500 28.30000 6.72226 0.13621 13
-0.33512 -0.20894 62.22682 0 6.30000 11.30000 59.12697 0.10828 -13
0.07035 -0.11069 94.48779 0 3.32500 -1.92500 94.25768 0.10157 13
-0.13042 0.12704 29.75545 0 -3.85000 1.17500 29.50956 0.10237 13
-0.13411 -0.27283 29.75545 0 8.22500 1.30000 29.50956 0.10524 13
-1.45552 0.05855 66.97416 0 -1.75000 43.25000 37.97006 0.17793 -13
0.65266 -0.20033 36.45658 0 6.05000 -20.10000 30.70690 0.12195 -13
1.44148 0.12529 70.21201 0 -3.77500 -43.57500 40.23109 0.17711 -13
1.48326 -0.27467 70.21201 0 8.30000 -44.85000 40.23109 0.18228 -13
1.25331 -0.04867 54.00279 0 1.47500 -39.52500 33.70498 0.16155 -13
-0.77675 -0.10754 55.99920 0 3.25000 24.45000 44.32056 0.12798 -13
-1.71392 -0.03381 30.02024 0 0.97500 52.37500 15.13473 0.19985 13
-0.45546 0.12034 89.38079 0 -3.62500 11.72500 81.44156 0.11131 -13
-0.46958 -0.27992 89.38079 0 8.45000 12.15000 81.44156 0.11477 -13
-0.93448 -0.02370 4.42353 0 0.57500 31.12500 3.23265 0.13787 13
-1.72123 -0.23696 20.23320 0 7.20000 52.27500 10.37291 0.20195 -13
-1.21266 -0.10204 72.67086 0 3.07500 37.80000 46.37623 0.15861 13
1.46091 0.12368 9.93013 0 -3.65000 -41.82500 5.63862 0.17866 -13
1.50413 -0.27622 9.93013 0 8.42500 -43.17500 5.63862 0.18414 -13
-0.11958 -0.01456 53.95213 0 0.45000 2.17500 53.57058 0.10143 -13
1.70196 -0.03055 78.43450 0 0.92500 -52.90000 39.74735 0.19882 -13
-2.00592 -0.04626 33.99254 0 1.42500 60.17500 15.17893 0.22578 -13
1.99678 -0.05256 67.75864 0 1.57500 -58.87500 30.37487 0.22495 13
0.05636 -0.18307 16.04215 0 5.55000 -0.92500 16.01755 0.10256 -13
0.87034 0.02584 36.80516 0 -0.75000 -27.02500 27.76718 0.13352 -13
1.90435 0.11258 18.30776 0 -3.45000 -56.72500 8.55233 0.21699 13
0.52916 0.14731 33.81423 0 -4.42500 -18.62500 29.95776 0.11489 -13
0.53982 -0.25154 33.81423 0 7.60000 -18.95000 29.95776 0.11722 -13
-1.68848 -0.13243 20.17488 0 3.95000 52.37500 10.34730 0.19803 13
0.18816 -0.20408 38.36234 0 6.17500 -6.72500 37.72663 0.10453 -13
-0.58682 0.03706 86.23416 0 -1.10000 16.35000 74.38691 0.11683 -13
1.80777 -0.23814 29.27528 0 7.15000 -54.92500 14.47271 0.20934 13
1.48853 -0.20578 14.08099 0 6.27500 -44.32500 7.96478 0.18184 -13
0.14160 -0.22080 98.10370 0 6.65000 -3.92500 97.17920 0.10410 13
-1.39465 -0.18150 19.83628 0 5.42500 42.75000 11.68263 0.17373 13
0.75410 -0.14653 8.38399 0 4.35000 -23.97500 6.71944 0.12696 13
-0.74031 -0.22824 73.10482 0 6.87500 20.82500 59.27787 0.12738 13
-0.63504 -0.01520 57.61478 0 0.45000 17.20000 48.63818 0.11931 13
-0.63845 0.13174 50.12472 0 -3.97500 19.40000 42.35353 0.12022 13
-0.65529 -0.26785 50.12472 0 8.07500 19.90000 42.35353 0.12337 13
-0.26737 -0.07353 4.41939 0 2.32500 8.17500 4.27031 0.10456 -13
0.63432 -0.01241 99.08202 0 0.37500 -19.40000 83.67085 0.11926 13
-1.75766 -0.04379 12.23524 0 1.25000 52.15000 6.05530 0.20366 13
1.31843 0.03201 1.88001 0 -1.40000 -40.47500 1.13669 0.16700 13
0.71383 -0.24487 83.55481 0 7.37500 -21.37500 68.66568 0.12615 13
-0.29998 -0.19891 29.14063 0 6.02500 8.20000 27.95599 0.10704 -13
0.97621 0.01595 61.85945 0 -0.47500 -28.42500 44.26678 0.14074 -13
0.18538 0.13666 85.28944 0 -4.12500 -6.27500 83.88607 0.10333 -13
0.18990 -0.26266 85.28944 0 7.92500 -6.40000 83.88607 0.10586 -13
0.09569 -0.24271 56.54873 0 7.32500 -2.50000 56.30587 0.10407 13
1.06447 -0.14675 41.05534 0 4.45000 -32.77500 28.26915 0.14783 -13
0.00275 0.10310 96.31093 0 -3.10000 0.85000 96.31057 0.10124 -13
-0.08335 0.08286 22.89521 0 -2.47500 4.75000 22.81666 0.10139 -13
-2.00905 0.10350 68.52818 0 -3.12500 56.77500 30.66587 0.22607 13
-0.31410 -0.40211 68.52818 0 -3.12500 56.75000 30.66587 0.22608 13
0.33334 0.29928 68.52818 0 -1.72500 57.42500 30.66587 0.23387 13
-0.42344 0.72268 68.52818 0 -1.95000 57.42500 30.66587 0.23560 13
1.90706 0.06536 68.52818 0 -1.10000 58.62500 30.66587 0.24572 13
0.97932 2.61799 68.52818 0 -1.05000 58.72500 30.66587 0.24621 13
-1.73115 0.04245 86.89972 0 -1.27500 51.40000 43.49627 0.20137 -13
-1.15154 0.10828 12.81623 0 -3.32500 33.22500 8.43179 0.15400 13
-0.20841 -0.01483 54.94601 0 0.45000 4.85000 53.79058 0.10288 13
0.69314 0.13241 91.30906 0 -4.00000 -20.75000 75.25530 0.12326 13
0.71123 -0.26716 91.30906 0 8.05000 -21.30000 75.25530 0.12647 13
0.70616 -0.16241 70.75192 0 4.90000 -20.87500 58.04305 0.12436 -13
0.72324 0.04835 18.62048 0 -1.42500 -21.75000 15.09375 0.12437 -13
-1.39076 -0.10999 12.70073 0 3.37500 42.35000 7.44421 0.17289 -13
-0.45726 0.05743 40.88925 0 -1.75000 15.25000 37.19651 0.11088 13
0.12234 0.14216 64.06056 0 -4.27500 -2.25000 63.59582 0.10246 -13
0.12506 -0.25692 64.06056 0 7.75000 -2.32500 63.59582 0.10474 -13
-1.11982 -0.02268 49.31783 0 0.67500 31.42500 32.85386 0.15121 13
1.46824 0.01440 81.46328 0 -0.45000 -41.37500 45.86072 0.17890 13
1.27904 -0.03338 29.24695 0 0.97500 -38.05000 18.02011 0.16353 13
-0.57177 0.13109 42.99034 0 -3.95000 20.22500 37.39841 0.11674 -13
-0.58705 -0.26852 42.99034 0 8.12500 20.67500 37.39841 0.11987 -13
-1.54794 0.14842 64.23660 0 -4.50000 46.87500 35.12617 0.18619 13
-1.57849 -0.25043 64.23660 0 7.55000 47.80000 35.12617 0.18982 13
-1.51485 -0.11057 15.64380 0 3.27500 46.75000 8.65514 0.18308 13
-1.01129 0.07248 20.24996 0 -2.22500 30.10000 14.25765 0.14342 13
-0.81350 -0.18699 54.07977 0 5.62500 22.67500 42.23646 0.13117 13
-1.36870 -0.01119 46.02817 0 0.35000 44.77500 27.15504 0.17071 -13
-0.25581 0.07374 30.56552 0 -2.20000 8.17500 29.61691 0.10420 -13
1.28630 0.00682 12.11665 0 -0.27500 -36.17500 7.43700 0.16408 13
1.10876 -0.01265 9.21751 0 0.30000 -31.85000 6.17370 0.15037 13
2.05383 0.09583 36.94248 0 -2.92500 -63.60000 16.23224 0.23026 13
0.53509 -0.07077 32.67810 0 2.12500 -15.95000 28.82875 0.11444 13
1.10195 -0.07876 84.23206 0 2.37500 -32.95000 56.70115 0.15005 13
0.29671 -0.06618 46.96166 0 2.00000 -8.87500 45.02953 0.10526 -13
-1.85518 -0.00620 13.67369 0 0.10000 55.57500 6.48807 0.21224 13
0.24068 -0.16045 74.66061 0 4.85000 -5.35000 72.63765 0.10483 -13
0.05571 0.13490 70.36601 0 -4.05000 -3.02500 70.25901 0.10177 -13
0.05712 -0.26451 70.36601 0 7.97500 -3.07500 70.25901 0.10433 -13
1.57094 0.11372 26.60144 0 -3.40000 -48.00000 14.34978 0.18787 -13
0.53117 0.03835 92.60082 0 -1.15000 -17.22500 81.79295 0.11409 -13
0.10415 -0.07329 49.93274 0 2.20000 -2.70000 49.66554 0.10152 13
0.17125 0.13740 92.57045 0 -4.15000 -1.57500 91.26637 0.10310 13
0.17537 -0.26192 92.57045 0 7.90000 -1.70000 91.26637 0.10558 13
-0.54952 -0.00980 53.49645 0 0.30000 17.37500 46.88473 0.11491 -13
-0.48696 -0.02347 29.53857 0 0.70000 16.67500 26.55853 0.11203 13
-0.93539 -0.21954 75.00709 0 6.62500 27.60000 55.37533 0.13964 13
-1.57857 -0.10100 85.82106 0 3.05000 49.80000 46.09302 0.18846 -13
0.93056 -0.17557 20.57814 0 5.32500 -28.12500 15.17002 0.13872 -13
0.36728 -0.12517 2.60416 0 3.97500 -12.97500 2.44656 0.10821 -13
0.77059 -0.16498 89.78528 0 4.97500 -23.67500 71.47265 0.12821 13
0.37622 -0.19904 24.51937 0 5.97500 -11.17500 23.00373 0.10943 13
0.58160 0.05788 48.67320 0 -1.75000 -17.65000 42.09236 0.11664 13
-0.15348 0.13180 11.34128 0 -3.92500 2.67500 11.21247 0.10273 -13
-0.15756 -0.26771 11.34128 0 8.12500 2.80000 11.21247 0.10550 -13
-0.37663 -0.09832 16.58381 0 3.00000 8.65000 15.52876 0.10808 -13
-0.16080 -0.19729 86.39850 0 5.95000 2.25000 85.34307 0.10391 13
0.86340 0.13097 11.27478 0 -4.00000 -26.52500 8.56505 0.13374 13
0.88645 -0.26868 11.27478 0 8.05000 -27.20000 8.56505 0.13720 13
1.17757 0.00733 64.24232 0 -0.20000 -35.77500 41.58482 0.15557 -13
-0.74090 0.05141 66.22375 0 -1.55000 23.80000 53.23566 0.12544 13
0.32151 0.13279 40.06681 0 -4.00000 -12.37500 38.17492 0.10661 -13
0.32986 -0.26674 40.06681 0 8.05000 -12.65000 38.17492 0.10940 -13
-0.22752 -0.17716 59.97662 0 5.35000 7.77500 58.52567 0.10481 -13
1.62214 -0.12071 25.64861 0 3.60000 -50.12500 13.53035 0.19226 13
0.75396 -0.08457 96.14663 0 2.55000 -25.30000 76.87018 0.12641 -13
-0.11183 -0.06771 78.19659 0 2.05000 -0.02500 77.71444 0.10156 -13
-0.99802 0.11133 55.33683 0 -3.37500 29.17500 39.28798 0.14272 13
0.75429 0.00705 55.45594 0 -0.22500 -22.75000 44.27384 0.12614 13
0.63959 -0.07911 92.26998 0 2.40000 -18.67500 77.80147 0.11981 -13
0.79173 0.13005 53.97903 0 -3.90000 -24.47500 42.45705 0.12910 -13
0.81314 -0.26962 53.97903 0 8.15000 -25.12500 42.45705 0.13262 -13
0.39392 -0.12738 15.40891 0 3.87500 -10.10000 14.35204 0.10901 -13
1.39300 -0.15667 96.11988 0 4.72500 -41.12500 56.50278 0.17339 13
0.11825 0.03193 44.88934 0 -0.95000 -3.57500 44.57908 0.10146 -13
0.48801 -0.12456 97.92127 0 3.75000 -16.25000 88.13120 0.11276 -13
1.07444 0.08430 11.60844 0 -2.47500 -30.50000 7.92397 0.14803 -13
2.21455 0.00754 5.20739 0 -0.00000 -64.35000 2.14346 0.24471 -13
1.46810 -0.04994 71.70752 0 1.52500 -42.75000 40.40299 0.17896 -13
-0.85709 -0.02498 87.46001 0 0.75000 22.15000 66.41494 0.13265 13
1.84805 0.06334 27.99944 0 -1.95000 -56.35000 13.34550 0.21172 13
-0.69166 0.00261 9.72592 0 -0.15000 23.30000 7.99894 0.12245 13
1.54738 -0.16923 68.01616 0 5.12500 -47.60000 37.28544 0.18633 -13
0.82653 -0.02230 54.28159 0 0.67500 -26.65000 41.84425 0.13067 -13
-1.01855 -0.20184 85.42813 0 6.10000 33.25000 60.45401 0.14518 -13
-1.09635 -0.14712 96.25853 0 4.42500 33.72500 65.24664 0.15016 13
-0.62366 -0.21970 18.62268 0 6.60000 18.60000 15.90399 0.12071 13
-0.00306 -0.09607 50.16834 0 2.90000 0.65000 50.16811 0.10117 -13
-0.80983 -0.18394 36.17169 0 5.52500 23.10000 28.29432 0.13088 13
0.90760 -0.24552 78.20808 0 7.42500 -28.77500 58.67033 0.13824 -13
0.39780 -0.18183 38.59718 0 5.50000 -14.87500 35.94234 0.10992 -13
0.84964 -0.21829 85.22212 0 6.60000 -26.47500 65.57404 0.13397 -13
-0.28771 -0.20802 35.30723 0 6.25000 9.50000 33.98467 0.10685 13
0.01348 -0.16611 78.09536 0 5.02500 0.60000 78.08847 0.10210 -13
0.80885 -0.17685 58.76253 0 5.32500 -24.50000 45.96419 0.13073 13
-0.01162 -0.16089 84.45252 0 4.85000 1.85000 84.44697 0.10200 13
-0.59231 -0.20043 40.84334 0 6.05000 15.27500 35.31919 0.11878 -13
-0.39757 -0.06300 45.13598 0 1.90000 12.25000 41.95409 0.10855 13
0.60664 0.04402 82.76706 0 -1.32500 -17.67500 70.78250 0.11787 13
-1.79435 -0.01616 36.02501 0 0.45000 53.20000 17.53873 0.20688 13
1.51920 -0.17973 71.96860 0 5.40000 -44.75000 40.00840 0.18404 13
-0.98935 0.13509 55.85004 0 -4.05000 29.72500 39.87990 0.14231 -13
-1.01411 -0.26431 55.85004 0 7.97500 30.47500 39.87990 0.14589 -13
0.36483 -0.04918 12.20609 0 1.52500 -10.80000 11.46850 0.10732 -13
0.84480 0.03216 5.10528 0 -1.10000 -24.12500 3.90106 0.13191 13
-1.25788 -0.08545 57.00361 0 2.60000 38.20000 35.55305 0.16206 -13
-1.29561 -0.02098 51.21399 0 0.62500 37.02500 31.29638 0.16482 13
-1.27573 -0.17776 53.91922 0 5.35000 41.27500 33.58377 0.16420 13
-0.45190 -0.24805 95.90782 0 7.47500 13.82500 87.83120 0.11329 13
-1.74056 -0.14949 18.69743 0 4.57500 51.12500 9.39216 0.20276 -13
0.03052 -0.03166 18.19413 0 0.97500 -0.47500 18.18569 0.10080 -13
-0.95949 -0.03770 99.52373 0 1.12500 29.20000 71.83779 0.13961 13
1.85301 -0.05112 13.29171 0 1.62500 -57.00000 6.32004 0.21211 -13
1.63263 0.13090 94.77592 0 -3.95000 -48.12500 49.80903 0.19326 13
1.67622 -0.26875 94.77592 0 8.10000 -49.42500 49.80903 0.19840 13
-0.12458 -0.14842 76.67591 0 4.47500 1.25000 76.10030 0.10258 -13
1.62734 0.01622 18.13521 0 -0.45000 -50.32500 9.49577 0.19234 -13
0.24455 -0.12755 75.99684 0 3.85000 -8.22500 73.85467 0.10446 -13
-0.85170 -0.14269 22.67253 0 4.27500 25.25000 17.33354 0.13304 13
0.58510 0.04249 48.45185 0 -1.27500 -18.60000 41.82907 0.11675 -13
-0.17368 -0.21249 47.42366 0 6.40000 5.27500 46.75382 0.10442 13
1.23024 0.12345 71.83882 0 -3.72500 -37.00000 45.51913 0.16013 -13
1.26680 -0.27661 71.83882 0 8.35000 -38.10000 45.51913 0.16491 -13
-2.17242 0.07934 17.69689 0 -2.47500 64.32500 7.41784 0.24105 13
-0.36875 -0.04828 91.64811 0 1.45000 11.92500 86.00014 0.10744 13
0.15087 0.13168 87.33300 0 -3.97500 -3.47500 86.37203 0.10270 -13
0.15486 -0.26791 87.33300 0 8.10000 -3.60000 86.37203 0.10542 -13
0.97886 -0.11856 82.45305 0 3.57500 -30.12500 59.12329 0.14143 -13
0.37388 -0.03694 42.34454 0 1.12500 -14.15000 39.66645 0.10758 -13
-1.35880 -0.10394 85.93737 0 3.15000 39.42500 51.11529 0.17022 -13
1.83402 0.13276 93.01456 0 -4.00000 -54.15000 44.82713 0.21078 -13
1.88166 -0.26677 93.01456 0 8.05000 -55.60000 44.82713 0.21628 -13
1.20090 -0.14987 84.63793 0 4.50000 -37.97500 54.51560 0.15809 13
-0.05104 0.00404 99.67190 0 -0.12500 1.10000 99.54231 0.10084 -13
-0.64758 0.06620 61.94409 0 -2.00000 20.47500 52.02766 0.12016 13
-0.09895 -0.09953 71.12415 0 3.00000 3.45000 70.78181 0.10169 -13
0.37447 0.11988 98.06741 0 -3.60000 -11.35000 91.91955 0.10821 -13
0.38616 -0.28040 98.06741 0 8.47500 -11.70000 91.91955 0.11159 -13
0.92384 -0.14483 70.48729 0 4.37500 -27.37500 52.02092 0.13788 -13
0.85147 -0.20266 71.29515 0 6.12500 -27.52500 54.73830 0.13384 -13
-0.72928 -0.14400 64.31150 0 4.35000 22.25000 52.14564 0.12548 -13
1.70133 0.09242 72.15851 0 -2.80000 -51.45000 36.67951 0.19897 13
-1.72908 -0.16868 92.42482 0 5.10000 52.62500 46.75913 0.20188 -13
0.25075 0.03200 29.77199 0 -0.95000 -7.97500 28.87882 0.10387 -13
-1.09205 -0.12343 78.26943 0 3.72500 31.87500 53.07563 0.14964 -13
-0.39714 -0.11626 69.41272 0 3.52500 11.25000 64.57007 0.10898 -13
0.73784 -0.19057 11.89435 0 5.70000 -19.22500 9.63073 0.12658 13
0.57151 -0.00172 65.57695 0 0.05000 -19.35000 56.93472 0.11599 13
-0.26979 -0.21308 90.00320 0 6.42500 5.90000 87.02463 0.10649 13
0.19417 0.07844 64.74524 0 -2.35000 -5.85000 63.56526 0.10289 -13
-1.77211 -0.20500 7.51235 0 6.32500 55.05000 3.74920 0.20618 -13
0.34332 0.14785 51.45730 0 -4.47500 -12.55000 48.72376 0.10751 13
0.35016 -0.25100 51.45730 0 7.55000 -12.77500 48.72376 0.10964 13
1.24406 -0.15223 81.74836 0 4.60000 -37.67500 51.57231 0.16147 -13
-0.10944 -0.24286 72.25513 0 7.32500 2.02500 71.84992 0.10422 -13
0.57021 0.02053 93.88577 0 -0.62500 -17.55000 81.56266 0.11595 -13
1.30965 0.06515 63.50042 0 -1.97500 -38.72500 38.58871 0.16607 13
-0.41796 -0.08843 10.56836 0 2.72500 13.90000 9.75634 0.10953 -13
-0.38624 -0.21713 37.89890 0 6.52500 9.90000 35.45711 0.11014 13
-0.65272 -0.08454 14.00482 0 2.60000 18.62500 11.73996 0.12058 -13
-0.09340 0.03451 69.17987 0 -1.02500 2.75000 68.88043 0.10120 -13
0.94049 0.08864 81.43840 0 -2.67500 -26.57500 59.43252 0.13853 13
-0.91334 0.05700 28.37943 0 -1.75000 27.30000 20.97004 0.13651 13
0.24624 -0.19585 38.75496 0 5.90000 -7.42500 37.67076 0.10556 13
0.12510 -0.03111 57.98380 0 0.92500 -5.72500 57.53573 0.10154 13
0.31964 0.10859 69.09775 0 -3.27500 -10.00000 65.85274 0.10629 13
1.46845 0.08506 1.47322 0 -1.97500 -43.25000 0.83127 0.17933 -13
-0.72943 -0.19809 45.59696 0 5.95000 21.65000 37.08179 0.12622 13
1.03621 0.10053 14.44382 0 -3.07500 -33.22500 10.05590 0.14540 13
-0.14676 0.07523 48.10572 0 -2.25000 2.05000 47.59872 0.10206 -13
1.62569 -0.08905 19.22542 0 2.72500 -50.02500 10.10237 0.19243 -13
-1.51903 -0.17697 85.41515 0 5.32500 44.65000 47.47309 0.18400 13
-0.02396 0.13993 57.61473 0 -4.20000 1.35000 57.59852 0.10171 -13
-0.02452 -0.25924 57.61473 0 7.82500 1.35000 57.59852 0.10407 -13
-2.03593 0.02042 87.48548 0 -0.60000 61.67500 38.57608 0.22844 -13
0.97891 0.11070 77.78746 0 -3.35000 -30.27500 55.75297 0.14137 13
0.68329 -0.15812 74.34128 0 4.77500 -21.02500 61.62044 0.12301 -13
-0.43920 0.06746 71.74356 0 -2.02500 12.07500 65.71099 0.11020 -13
-0.64815 0.04633 71.04697 0 -1.40000 20.05000 59.63787 0.12010 13
-0.29681 -0.21992 17.39764 0 6.60000 11.52500 16.70951 0.10734 13
-0.86292 -0.24488 66.82188 0 7.40000 24.95000 51.21203 0.13529 -13
-0.71799 0.08874 67.95390 0 -2.67500 19.20000 55.27318 0.12429 13
0.50151 -0.05726 3.49855 0 1.57500 -14.20000 3.12810 0.11283 13
0.21694 0.03480 21.53692 0 -1.07500 -7.10000 21.04785 0.10311 13
0.65750 -0.17273 21.60055 0 5.17500 -22.05000 18.12862 0.12175 13
0.72040 -0.20938 34.64506 0 6.30000 -19.57500 28.31365 0.12588 13
0.14605 -0.04180 87.67951 0 1.25000 -4.07500 86.76057 0.10186 13
-0.53497 -0.24257 91.41947 0 7.32500 15.50000 81.11234 0.11680 -13
-0.05672 -0.24521 37.56316 0 7.40000 -0.02500 37.50629 0.10385 -13
0.94745 0.11693 60.41776 0 -3.55000 -28.60000 43.99901 0.13923 13
-0.28251 -0.13151 1.71143 0 3.67500 9.27500 1.64791 0.10556 13
0.10013 -0.06467 94.27616 0 1.95000 -2.50000 93.80896 0.10142 13
0.21561 -0.21009 14.69799 0 6.30000 -5.62500 14.38134 0.10515 13
1.33220 -0.22329 7.99837 0 6.62500 -36.72500 4.87649 0.16913 13
-0.77227 -0.20249 16.29979 0 6.07500 21.57500 12.99675 0.12883 13
-0.82494 0.03300 48.02050 0 -1.00000 24.10000 37.05061 0.13060 13
0.99334 -0.19703 59.78656 0 5.92500 -30.25000 42.81557 0.14332 13
-0.24433 -0.12300 85.98499 0 3.72500 5.15000 83.56302 0.10440 -13
-1.42294 -0.03579 21.05690 0 1.12500 43.12500 12.11285 0.17519 -13
-1.16190 0.02804 71.19402 0 -0.85000 34.77500 46.45235 0.15441 13
-0.35755 0.07595 36.93545 0 -2.27500 8.27500 34.79042 0.10721 -13
-0.33912 -0.10066 71.75609 0 3.02500 8.30000 67.99023 0.10682 13
-0.25033 -0.15092 71.75609 0 2.80000 8.40000 67.99023 0.10757 13
-0.09204 0.40435 71.75609 0 3.82500 8.30000 67.99023 0.11281 13
-0.69292 -0.11490 39.39708 0 3.47500 24.17500 32.45133 0.12307 -13
1.54349 -0.18351 88.49516 0 5.55000 -46.77500 48.67929 0.18614 -13
-0.09630 -0.06492 81.89195 0 1.95000 2.75000 81.51645 0.10138 13
-2.01422 -0.06026 43.64116 0 1.85000 59.77500 19.43435 0.22656 -13
0.06467 0.00314 84.03481 0 -0.10000 0.20000 83.85962 0.10091 13
-0.61055 -0.10149 82.02347 0 3.07500 18.95000 70.10348 0.11843 -13
0.52961 0.11074 33.09486 0 -3.32500 -18.10000 29.28565 0.11449 -13
-0.90806 -0.05652 32.56175 0 1.67500 27.57500 24.12311 0.13614 13
0.68186 -0.03038 79.45922 0 0.90000 -19.67500 65.65931 0.12192 13
-0.45355 -0.13429 3.92440 0 4.20000 12.82500 3.57945 0.11151 -13
-1.55229 -0.09199 85.12247 0 2.77500 46.70000 46.23608 0.18618 13
-0.17798 -0.14798 33.97000 0 4.47500 7.77500 33.45558 0.10337 -13
0.53009 0.02613 27.08693 0 -0.77500 -17.27500 23.93408 0.11401 -13
1.58246 -0.01054 23.48652 0 0.35000 -47.80000 12.54698 0.18852 -13
0.81706 -0.20893 91.22285 0 6.30000 -26.02500 71.24045 0.13174 -13
-0.77786 -0.02321 83.72996 0 0.70000 24.95000 66.09693 0.12761 -13
-0.41462 -0.13953 13.27116 0 4.25000 12.47500 12.27611 0.10994 -13
0.03530 -0.08298 84.89685 0 2.50000 -0.02500 84.84436 0.10111 -13
-1.44793 0.06789 87.45158 0 -2.02500 44.12500 49.77265 0.17734 -13
0.75871 -0.11538 28.24945 0 3.45000 -20.15000 22.55937 0.12693 13
-0.56495 -0.09335 35.53450 0 2.82500 18.47500 30.97069 0.11605 -13
0.43740 -0.17782 18.41676 0 5.32500 -13.60000 16.91446 0.11135 13
-1.27169 -0.24386 75.16705 0 7.35000 36.67500 47.29103 0.16474 13
0.10480 -0.20793 99.06178 0 6.27500 -3.77500 98.54443 0.10340 -13
-0.60354 -0.04641 79.92245 0 1.40000 19.25000 68.44527 0.11772 -13
-0.10552 0.08415 54.74533 0 -2.52500 4.27500 54.44511 0.10161 -13
-0.25867 -0.00701 44.78463 0 0.22500 7.47500 43.35756 0.10402 -13
0.87155 -0.14312 84.85168 0 4.32500 -24.85000 64.24625 0.13436 -13
0.79190 0.14177 43.42180 0 -4.30000 -21.57500 34.17087 0.12926 13
0.80962 -0.25734 43.42180 0 7.75000 -22.12500 34.17087 0.13212 13
-0.22462 -0.18846 51.60355 0 5.67500 5.27500 50.39055 0.10493 13
-0.11162 -0.11403 67.89737 0 3.45000 4.30000 67.48369 0.10198 -13
0.22066 -0.02891 57.53421 0 0.87500 -7.32500 56.18381 0.10317 13
-0.36173 -0.02100 95.39222 0 0.65000 9.07500 89.70603 0.10711 -13
0.07095 -0.06814 9.08968 0 2.10000 -0.92500 9.06694 0.10120 -13
0.55286 -0.10678 80.96833 0 3.22500 -16.15000 70.95362 0.11557 -13
1.50411 -0.01032 32.61716 0 0.32500 -45.92500 18.05902 0.18190 -13
-0.31031 -0.03342 11.88956 0 1.05000 4.87500 11.35604 0.10550 -13
-0.04565 -0.17044 38.10647 0 5.12500 -0.27500 38.06796 0.10225 13
0.10684 0.07918 52.68447 0 -2.40000 -4.52500 52.38816 0.10160 13
-0.72914 -0.10885 42.15791 0 3.27500 23.32500 34.13355 0.12511 13
-0.98264 -0.11866 10.23437 0 3.65000 28.30000 7.32529 0.14173 -13
-0.44213 -0.11036 29.58987 0 3.30000 12.25000 27.08949 0.11066 13
-0.49317 0.10354 8.20920 0 -3.20000 15.60000 7.37023 0.11280 13
1.31250 0.01579 46.29193 0 -0.45000 -37.40000 28.05733 0.16617 -13
-0.42430 0.05018 7.37140 0 -1.45000 12.47500 6.78695 0.10951 -13
-0.43382 0.12993 92.38223 0 -3.92500 14.40000 84.86262 0.11055 -13
-0.44556 -0.26977 92.38223 0 8.15000 14.77500 84.86262 0.11355 -13
0.30496 -0.22184 47.69801 0 6.67500 -13.15000 45.71503 0.10762 13
-2.06201 -0.07539 64.50763 0 2.25000 60.70000 28.21324 0.23088 13
-1.21152 0.11584 79.45663 0 -3.50000 37.17500 50.77955 0.15864 13
0.45274 -0.05926 90.36052 0 1.77500 -11.52500 82.34171 0.11070 13
-0.53603 -0.15198 14.61828 0 4.62500 16.95000 12.91646 0.11530 -13
-0.94201 -0.12778 74.35257 0 3.87500 26.92500 54.32646 0.13896 -13
0.29803 -0.13930 58.86065 0 4.20000 -7.60000 56.45265 0.10601 13
-0.29491 -0.12068 38.64553 0 3.65000 8.45000 37.08850 0.10570 -13
0.07448 0.09848 73.72580 0 -2.97500 -3.32500 73.52410 0.10147 13
-0.77572 0.09158 77.53707 0 -2.77500 22.02500 61.36145 0.12779 13
-0.79881 -0.10167 26.80064 0 3.05000 25.47500 20.98218 0.12928 13
1.26607 -0.04722 28.28353 0 1.40000 -38.90000 17.54178 0.16255 13
-1.93889 -0.20193 19.51409 0 6.02500 58.55000 9.08678 0.22056 13
-0.73134 -0.08799 86.65274 0 2.65000 21.42500 70.03780 0.12508 13
1.46777 0.10291 44.05660 0 -3.07500 -44.65000 24.89498 0.17914 -13
0.80730 0.12703 72.67515 0 -3.82500 -25.02500 56.72500 0.13005 -13
0.83012 -0.27280 72.67515 0 8.25000 -25.70000 56.72500 0.13375 -13
0.72783 -0.16275 65.55263 0 4.90000 -24.42500 53.23949 0.12562 13
-1.23338 -0.21101 90.36603 0 6.35000 39.82500 57.65754 0.16130 13
1.46526 -0.09629 69.51903 0 2.90000 -42.35000 39.31125 0.17890 13
1.30199 -0.11922 98.02552 0 3.60000 -39.30000 59.97487 0.16575 13
0.60624 -0.18537 43.76324 0 5.60000 -17.37500 37.59186 0.11924 -13
-0.84914 -0.12826 37.97142 0 3.85000 26.47500 29.04304 0.13273 13
0.56554 0.11232 1.21030 0 -3.82500 -18.10000 1.05548 0.11685 13
0.58575 -0.28913 1.21030 0 8.25000 -18.57500 1.05548 0.12017 13
0.81396 -0.06505 10.57921 0 1.90000 -22.80000 8.21150 0.13001 13
0.74669 -0.14019 7.34139 0 4.15000 -23.35000 5.90339 0.12643 13
-0.90370 0.01442 29.01606 0 -0.45000 28.50000 21.52885 0.13574 13
-0.46442 0.07626 50.11794 0 -2.30000 16.62500 45.47875 0.11129 -13
0.85223 -0.18046 53.64294 0 5.42500 -23.67500 41.10114 0.13355 13
-0.13537 -0.07209 6.03081 0 2.10000 1.70000 5.97661 0.10188 13
-1.45388 -0.13978 36.87341 0 4.20000 42.75000 21.03296 0.17824 13
-0.69430 -0.05565 22.63408 0 1.65000 22.77500 18.60135 0.12272 13
0.57752 0.13843 62.61587 0 -4.17500 -18.27500 54.35109 0.11711 -13
0.59121 -0.26083 62.61587 0 7.87500 -18.67500 54.35109 0.11990 -13
-0.41311 -0.05181 42.00643 0 1.55000 11.10000 38.83177 0.10908 13
-0.94546 0.04791 58.84656 0 -1.45000 29.07500 42.78301 0.13867 13
-1.31598 -0.19069 91.93060 0 5.75000 37.57500 56.24991 0.16755 -13
0.50804 -0.11351 32.95922 0 3.45000 -15.72500 29.42288 0.11354 -13
0.06648 -0.01731 78.37619 0 0.52500 0.12500 78.20360 0.10094 -13
0.78286 0.00201 50.97241 0 -0.07500 -23.95000 40.13595 0.12789 13
-0.95114 -0.13337 7.72315 0 3.92500 30.55000 5.61919 0.13959 13
-0.39704 -0.11471 36.42473 0 3.45000 11.80000 33.88375 0.10896 13
1.48649 -0.03608 6.98282 0 1.22500 -44.37500 3.89976 0.18049 -13
-0.13096 -0.04097 48.88672 0 1.22500 3.10000 48.47344 0.10165 13
1.79979 0.09496 79.34059 0 -2.85000 -55.10000 38.66679 0.20755 -13
0.42236 0.08302 61.01006 0 -2.50000 -10.47500 56.23190 0.10963 -13
0.72886 0.08385 31.22093 0 -2.55000 -23.42500 25.26151 0.12490 13
-1.05862 -0.05042 55.41431 0 1.50000 29.72500 38.07836 0.14673 13
-0.06573 -0.02778 3.96694 0 0.95000 0.72500 3.95842 0.10101 -13
1.30311 -0.11548 37.67834 0 3.50000 -40.22500 23.03452 0.16583 -13
-0.22799 -0.21240 73.71405 0 6.40000 4.92500 71.94661 0.10548 13
-0.18659 0.01281 83.38030 0 -0.37500 3.12500 81.96590 0.10245 -13
0.58739 -0.09855 41.60850 0 2.97500 -17.95000 35.92137 0.11722 -13
1.49063 -0.17019 31.03427 0 5.17500 -44.75000 17.45918 0.18161 -13
0.10633 -0.23463 73.55522 0 7.07500 -3.70000 73.16425 0.10399 13
0.50766 -0.17499 45.07574 0 5.27500 -17.20000 40.31587 0.11429 13
-0.08612 -0.02296 55.07135 0 0.70000 0.55000 54.86838 0.10110 -13
0.01933 0.01236 32.97563 0 -0.35000 -1.27500 32.96948 0.10073 -13
-1.29788 0.23732 32.97563 0 -0.37500 -1.25000 32.96948 0.10077 -13
1.53128 -0.62181 32.97563 0 0.55000 1.32500 32.96948 0.11361 -13
-0.73367 0.05686 18.89959 0 -1.75000 21.12500 15.24684 0.12504 13
-0.09545 0.07663 71.86096 0 -2.30000 4.10000 71.53770 0.10145 -13
0.66573 -0.13830 67.94364 0 4.17500 -19.40000 56.72048 0.12177 13
0.94257 0.13098 11.77910 0 -4.00000 -26.72500 8.60521 0.13907 13
