0.02568 0.03643 39.49509 0 -1.07500 0.17500 39.48212 0.10080 -13
-1.27376 -0.18349 53.36942 0 5.52500 40.20000 33.29347 0.16411 13
-1.06695 -0.08549 62.23212 0 2.60000 31.37500 42.63916 0.14752 -13
2.02452 0.13947 61.31002 0 -4.22500 -61.90000 27.36145 0.22786 13
2.07166 -0.25977 61.31002 0 7.82500 -63.30000 27.36145 0.23312 13
1.22125 -0.14103 16.81768 0 4.20000 -38.07500 10.71768 0.15955 13
1.07137 0.04535 79.21586 0 -1.35000 -30.65000 54.08179 0.14765 -13
-1.75384 -0.22077 58.44675 0 6.65000 53.00000 29.47112 0.20450 13
1.70045 -0.24548 39.89977 0 7.37500 -50.20000 20.66751 0.20015 13
-0.86197 -0.17187 59.66908 0 5.17500 23.85000 45.47496 0.13407 13
-2.11703 0.08830 79.09532 0 -2.67500 64.77500 33.88987 0.23595 13
0.03251 -0.14579 41.76379 0 4.37500 -2.35000 41.74222 0.10182 13
-1.59069 0.04915 94.45352 0 -1.47500 48.30000 50.31438 0.18927 -13
1.32915 -0.07231 59.70049 0 2.20000 -40.35000 35.95229 0.16766 -13
-1.26368 0.02626 49.51696 0 -0.80000 36.67500 30.73402 0.16230 13
0.45159 -0.23854 40.92379 0 7.20000 -15.82500 37.46805 0.11309 -13
1.34460 -0.19938 1.73701 0 6.47500 -39.77500 1.04937 0.17082 -13
1.79587 -0.08462 7.88461 0 2.67500 -58.47500 3.84634 0.20726 -13
1.98649 0.03695 66.09373 0 -1.12500 -59.45000 29.73490 0.22401 13
1.60031 -0.21861 75.65594 0 6.60000 -49.67500 40.76512 0.19133 -13
0.43994 -0.22236 94.04521 0 6.70000 -14.37500 86.41353 0.11227 13
-0.19623 0.06468 96.09617 0 -1.95000 4.45000 94.30504 0.10283 13
-2.04478 0.03426 49.57265 0 -1.05000 63.45000 21.78888 0.22926 13
0.25302 -0.18603 90.51994 0 5.62500 -8.17500 87.84295 0.10555 -13
1.04190 -0.12925 56.01189 0 3.87500 -32.42500 38.95244 0.14600 13
0.00904 -0.10186 74.57308 0 3.07500 -0.52500 74.57007 0.10123 13
0.08751 -0.12440 68.64057 0 3.75000 0.52500 68.38320 0.10186 -13
-1.72935 -0.07176 22.17502 0 2.12500 51.02500 11.12192 0.20128 13
-0.22018 0.04803 8.49852 0 -1.50000 7.40000 8.30017 0.10325 13
-2.11789 -0.07913 44.17646 0 2.40000 63.22500 18.90995 0.23601 -13
0.28948 -0.20305 84.02726 0 6.12500 -11.07500 80.83741 0.10682 -13
-1.19686 -0.06954 9.75756 0 2.17500 37.75000 6.26519 0.15726 -13
-0.26872 -0.04302 40.43132 0 1.27500 8.40000 39.04856 0.10436 13
0.07490 0.07044 59.70960 0 -2.12500 -0.10000 59.54371 0.10124 13
-0.27643 -0.14209 83.36747 0 4.30000 5.35000 80.41067 0.10546 -13
0.53450 0.11172 62.51836 0 -3.37500 -15.97500 55.21215 0.11473 -13
-1.24668 -0.23506 8.28477 0 7.17500 33.20000 5.26853 0.16280 -13
1.09045 0.10452 49.98670 0 -3.15000 -34.07500 33.88495 0.14935 -13
0.15245 -0.19709 37.63192 0 5.92500 -6.20000 37.21795 0.10377 13
-0.82048 -0.02435 47.02388 0 0.72500 27.22500 36.35724 0.13029 13
-0.31978 0.07766 33.43080 0 -2.32500 8.65000 31.85143 0.10601 -13
-0.69808 0.00119 88.91526 0 -0.05000 19.32500 72.90788 0.12281 13
1.79734 -0.04198 97.54758 0 1.27500 -53.45000 47.45855 0.20717 -13
0.90011 -0.20437 49.52750 0 6.15000 -28.17500 37.14570 0.13703 13
-0.87578 -0.08395 13.10216 0 2.47500 26.15000 9.87137 0.13412 13
0.69698 -0.15454 13.06336 0 4.70000 -19.70000 10.75792 0.12378 -13
-1.45980 -0.24818 66.91898 0 7.47500 43.87500 38.58901 0.17992 13
-0.79049 -0.18784 28.32854 0 5.70000 24.27500 22.37055 0.12977 -13
0.16629 0.09315 22.85595 0 -2.82500 -3.62500 22.54890 0.10252 13
0.57437 0.04601 64.21347 0 -1.40000 -15.40000 55.69653 0.11622 13
0.71849 -0.12004 97.74653 0 3.62500 -22.10000 79.57416 0.12460 -13
-2.01416 -0.01854 78.96235 0 0.55000 61.30000 35.11851 0.22646 13
-0.30030 -0.00684 61.57301 0 0.22500 9.42500 58.97147 0.10515 -13
0.25859 -0.08041 24.54628 0 2.40000 -9.37500 23.76944 0.10433 13
-0.15093 -0.14186 17.85476 0 4.30000 6.07500 17.65866 0.10286 -13
-0.36948 -0.24453 52.58427 0 7.40000 8.47500 49.49313 0.11015 -13
1.81054 -0.02663 35.21788 0 0.82500 -53.65000 17.03210 0.20830 -13
-1.20529 -0.07071 24.08602 0 2.17500 38.47500 15.40189 0.15789 -13
0.10996 -0.00643 21.03055 0 0.17500 -5.07500 20.90463 0.10131 13
0.00022 -0.07163 83.31196 0 2.15000 -1.70000 83.31196 0.10096 13
-0.86326 -0.11942 23.44492 0 3.62500 24.70000 17.80020 0.13360 -13
-0.47614 -0.02831 74.83251 0 0.85000 14.75000 67.56970 0.11157 13
1.21619 0.01580 98.31968 0 -0.47500 -38.77500 62.44923 0.15857 13
-0.25003 -0.15933 64.04754 0 4.82500 7.55000 62.18008 0.10504 -13
-0.91330 -0.07453 7.24496 0 2.15000 27.65000 5.35635 0.13657 13
-0.86838 0.06504 41.34529 0 -1.95000 25.00000 31.24583 0.13353 -13
-0.19520 0.01038 62.31273 0 -0.30000 4.35000 61.15852 0.10261 -13
1.66417 -0.09151 87.55950 0 2.77500 -49.60000 45.23699 0.19574 -13
0.34432 -0.11126 57.25655 0 3.35000 -9.57500 54.17231 0.10709 13
-0.16566 0.12294 19.71957 0 -3.67500 4.95000 19.45830 0.10282 -13
-0.17062 -0.27713 19.71957 0 8.37500 5.10000 19.45830 0.10593 -13
-1.25924 0.04516 21.52712 0 -1.32500 38.55000 13.39573 0.16199 -13
0.26732 0.07173 14.48141 0 -2.20000 -6.15000 13.99250 0.10450 13
-0.27514 -0.10068 96.18607 0 3.05000 6.70000 92.77247 0.10494 -13
0.72087 -0.12319 87.94225 0 3.70000 -20.55000 71.52176 0.12476 13
-0.56974 -0.02723 24.06539 0 0.80000 16.55000 20.91167 0.11593 13
0.80260 -0.16191 5.83726 0 5.00000 -23.25000 4.57541 0.13025 -13
0.61174 -0.08517 94.29366 0 2.57500 -18.30000 80.51564 0.11836 13
0.22596 0.11840 26.54167 0 -3.60000 -6.25000 25.89773 0.10394 13
0.23315 -0.28200 26.54167 0 8.50000 -6.45000 25.89773 0.10722 13
-0.86708 -0.18659 64.26379 0 5.62500 25.22500 48.90797 0.13460 13
0.06124 0.11418 43.97155 0 -3.45000 -2.25000 43.89038 0.10155 13
0.01384 0.13687 71.94363 0 -4.12500 -3.05000 71.93685 0.10165 -13
0.01419 -0.26246 71.94363 0 7.92500 -3.05000 71.93685 0.10413 -13
-1.32655 -0.16891 71.93877 0 5.07500 38.65000 43.69212 0.16815 13
0.86868 0.12935 68.45617 0 -3.90000 -23.67500 51.86352 0.13404 13
0.89244 -0.27040 68.45617 0 8.15000 -24.37500 51.86352 0.13769 13
-0.18823 -0.03860 43.44908 0 1.17500 6.87500 42.70028 0.10255 -13
0.53713 -0.24522 34.64569 0 7.37500 -14.42500 30.71716 0.11694 13
-1.86602 -0.06361 37.69834 0 1.90000 56.22500 17.83481 0.21329 13
0.87520 -0.22354 71.07170 0 6.72500 -27.42500 54.04294 0.13569 13
1.11115 -0.18006 75.80323 0 5.45000 -31.90000 51.15432 0.15164 -13
-0.31734 -0.08848 3.97811 0 2.80000 10.37500 3.79307 0.10611 -13
0.81614 0.04189 99.11290 0 -1.27500 -22.90000 76.81279 0.13005 13
-0.56883 -0.20272 62.52097 0 6.10000 14.05000 54.60805 0.11763 13
-0.17699 -0.23300 35.50980 0 7.05000 6.95000 34.99377 0.10494 -13
-0.60831 0.12013 53.58295 0 -3.62500 19.15000 45.86683 0.11849 13
-0.62721 -0.28016 53.58295 0 8.45000 19.70000 45.86683 0.12216 13
1.82422 -0.09880 98.39325 0 2.97500 -52.67500 47.47360 0.20973 13
0.41498 0.00164 30.11035 0 -0.07500 -13.07500 27.81068 0.10903 13
-0.31985 0.10682 38.65747 0 -3.22500 10.12500 36.83926 0.10628 13
0.22681 0.05237 87.24239 0 -1.57500 -8.75000 85.08710 0.10340 -13
-0.39324 -0.00690 78.23934 0 0.22500 9.70000 72.81207 0.10821 -13
-1.66872 -0.05916 63.90628 0 1.80000 49.62500 32.89223 0.19600 -13
-1.08515 -0.10818 79.25697 0 3.25000 32.70000 53.87896 0.14900 13
0.28998 -0.10214 10.94021 0 3.12500 -7.22500 10.51160 0.10538 -13
-0.31700 0.07324 89.72596 0 -2.20000 10.22500 85.55224 0.10590 -13
1.08723 -0.23020 44.89050 0 6.95000 -33.35000 30.81206 0.15057 -13
-0.54019 -0.00395 76.75483 0 0.12500 14.62500 67.53172 0.11446 -13
-0.76207 -0.21584 10.87908 0 6.57500 23.45000 8.72366 0.12853 -13
-1.82531 -0.15039 85.30943 0 4.55000 55.87500 41.34216 0.21015 -13
-0.37383 0.14106 62.24415 0 -4.27500 11.62500 58.37331 0.10845 13
-0.38229 -0.25808 62.24415 0 7.77500 11.87500 58.37331 0.11089 13
-0.11345 -0.20331 21.66056 0 6.15000 0.85000 21.52797 0.10341 -13
0.41081 0.07696 24.18305 0 -2.35000 -14.70000 22.37833 0.10915 13
-0.76831 -0.15646 31.92005 0 4.70000 20.50000 25.42478 0.12796 13
-0.55323 -0.08423 19.90291 0 2.57500 14.80000 17.42986 0.11540 -13
-0.13560 0.12786 69.37530 0 -3.85000 4.65000 68.75611 0.10243 -13
-0.13939 -0.27194 69.37530 0 8.20000 4.77500 68.75611 0.10531 -13
0.61332 0.13346 85.30952 0 -4.02500 -19.15000 72.89613 0.11890 -13
0.62908 -0.26603 85.30952 0 8.02500 -19.62500 72.89613 0.12196 -13
0.62015 -0.22170 36.02225 0 6.70000 -18.10000 30.81472 0.12059 -13
-0.90676 -0.17254 26.20995 0 5.22500 27.47500 19.54390 0.13707 -13
-1.19174 -0.08651 59.88644 0 2.60000 35.22500 38.57868 0.15690 13
0.46512 -0.19056 87.52206 0 5.75000 -11.82500 79.60639 0.11270 13
1.17689 -0.23830 27.66230 0 7.15000 -34.92500 18.19785 0.15733 13
-0.71972 0.05217 92.11044 0 -1.57500 22.27500 74.79555 0.12419 -13
-0.01067 -0.15194 26.86137 0 4.60000 1.00000 26.85988 0.10187 -13
-0.23564 -0.15532 98.90687 0 4.70000 8.42500 96.32986 0.10464 -13
-0.73911 -0.20482 27.05023 0 6.20000 21.75000 21.90945 0.12693 -13
0.89217 -0.21692 43.48648 0 6.55000 -24.60000 32.77725 0.13672 -13
-0.45811 -0.06171 33.34894 0 1.87500 14.87500 30.32894 0.11095 -13
2.05648 0.12850 88.61832 0 -3.87500 -62.77500 39.01142 0.23063 -13
2.11342 -0.27125 88.61832 0 8.20000 -64.52500 39.01142 0.23705 -13
0.06068 0.14571 65.08984 0 -4.37500 -3.30000 64.97276 0.10195 -13
0.06194 -0.25322 65.08984 0 7.65000 -3.32500 64.97276 0.10408 -13
0.39903 -0.11869 53.05129 0 3.60000 -11.55000 49.32039 0.10908 -13
0.14838 0.13747 91.59249 0 -4.15000 -6.00000 90.61867 0.10274 13
0.15195 -0.26186 91.59249 0 7.90000 -6.12500 90.61867 0.10521 13
-1.05427 0.13420 58.21199 0 -4.02500 32.25000 40.24881 0.14695 -13
-1.08106 -0.26526 58.21199 0 8.02500 33.07500 40.24881 0.15070 -13
0.66321 0.10445 17.79790 0 -3.12500 -20.20000 14.85735 0.12128 -13
0.00526 -0.04547 98.06129 0 1.37500 -1.77500 98.05994 0.10081 -13
1.63245 -0.06772 90.25318 0 2.02500 -47.70000 47.22320 0.19290 13
-0.65392 -0.20418 5.79671 0 6.27500 18.32500 4.88112 0.12217 -13
0.15967 0.06325 3.68164 0 -1.77500 -5.82500 3.63573 0.10219 -13
0.39928 -0.03739 99.43372 0 1.12500 -12.37500 92.35370 0.10850 -13
-0.18061 0.05467 97.61380 0 -1.65000 7.27500 96.06420 0.10248 -13
-0.34012 -0.07861 85.91953 0 2.37500 9.02500 81.36911 0.10666 -13
-1.32240 0.09461 46.88502 0 -2.82500 39.45000 28.35869 0.16723 -13
1.22418 -0.21849 19.71701 0 6.55000 -36.22500 12.64810 0.16065 13
-0.36864 -0.18853 10.65633 0 5.62500 12.62500 10.01924 0.10896 13
0.84794 -0.02276 10.17384 0 0.75000 -25.12500 7.76046 0.13207 -13
0.02014 -0.01451 36.30844 0 0.42500 -0.90000 36.30108 0.10073 13
-0.93517 0.11120 94.61085 0 -3.35000 27.77500 69.29988 0.13833 13
-1.19811 -0.20476 29.85048 0 6.20000 37.70000 19.35820 0.15854 -13
-0.67959 -0.03885 78.11622 0 1.17500 20.80000 64.62397 0.12182 13
-0.26506 -0.08645 10.47273 0 2.65000 8.17500 10.12559 0.10457 -13
-0.75776 -0.19431 31.31314 0 5.85000 21.27500 25.12434 0.12784 13
-0.28894 -0.12313 23.09865 0 3.72500 6.15000 22.20348 0.10557 -13
-0.84199 -0.15507 49.37305 0 4.70000 25.37500 37.95333 0.13258 -13
0.59186 0.01373 4.68042 0 -0.30000 -16.37500 4.02785 0.11705 -13
-1.20195 -0.10375 96.18533 0 3.12500 34.82500 61.71209 0.15779 13
-0.71547 0.10104 12.95717 0 -3.10000 22.52500 10.55589 0.12426 13
0.05785 -0.13371 36.38372 0 4.05000 -0.67500 36.32400 0.10177 -13
-1.87698 0.05789 53.37107 0 -1.72500 56.35000 25.12773 0.21424 -13
0.42447 -0.11478 46.75772 0 3.45000 -13.92500 43.08361 0.11000 13
0.57842 0.08008 78.71093 0 -2.40000 -16.82500 68.18884 0.11661 -13
0.23651 0.01769 62.77021 0 -0.55000 -5.32500 61.08543 0.10350 13
-0.22908 -0.11940 85.49121 0 3.60000 8.70000 83.36159 0.10401 -13
0.62706 0.10868 81.69500 0 -3.27500 -18.80000 69.32718 0.11937 13
0.06983 -0.09248 14.10154 0 2.82500 -2.67500 14.06761 0.10139 -13
1.20130 -0.14480 12.75341 0 4.42500 -35.82500 8.20962 0.15812 -13
-0.08798 -0.17892 56.58522 0 5.40000 0.57500 56.37411 0.10268 13
-0.36763 -0.22368 26.06381 0 6.77500 8.35000 24.53289 0.10965 -13
-0.20131 -0.03599 12.28418 0 1.05000 3.82500 12.04285 0.10279 13
-0.25153 -0.18263 59.56970 0 5.52500 5.57500 57.82585 0.10547 -13
-0.00847 -0.24696 80.42359 0 7.45000 2.60000 80.42087 0.10373 13
-0.02408 0.03233 7.74446 0 -0.92500 1.82500 7.74220 0.10079 -13
-0.43664 0.06726 79.79720 0 -2.02500 12.92500 73.15640 0.11009 -13
1.09554 -0.24506 58.49707 0 7.37500 -28.70000 40.06059 0.15139 13
-1.90709 0.03040 75.12586 0 -0.92500 57.30000 34.90024 0.21688 13
-0.20529 0.04435 92.67192 0 -1.35000 8.07500 90.78249 0.10290 13
0.74772 0.03348 3.33457 0 -0.82500 -23.60000 2.67126 0.12582 -13
0.57832 0.01503 55.80236 0 -0.47500 -16.65000 48.30747 0.11634 13
0.12096 0.04752 31.65586 0 -1.42500 -5.00000 31.42725 0.10155 -13
-1.95082 0.07921 47.19603 0 -2.37500 60.72500 21.58160 0.22090 -13
0.73933 -0.12377 62.18032 0 3.72500 -23.10000 50.13330 0.12585 13
-0.00745 0.12302 23.36312 0 -3.70000 0.65000 23.36247 0.10145 -13
-0.00766 -0.27700 23.36312 0 8.37500 0.65000 23.36247 0.10452 -13
-0.10447 -0.17661 98.62205 0 5.32500 1.92500 98.10432 0.10280 13
-0.99458 -0.20878 8.80155 0 6.37500 29.97500 6.30624 0.14367 -13
0.47184 -0.11964 70.31140 0 3.60000 -13.00000 63.66986 0.11199 13
-0.48630 0.05087 20.34747 0 -1.55000 14.55000 18.30281 0.11210 13
-0.81518 -0.21589 96.30229 0 6.52500 23.32500 75.31557 0.13174 -13
0.08728 -0.22478 94.95854 0 6.77500 -3.30000 94.61612 0.10359 13
0.10178 -0.04614 45.13011 0 1.40000 -2.67500 44.89865 0.10133 -13
0.72552 -0.21352 76.07561 0 6.42500 -22.17500 62.04410 0.12625 13
-0.16320 -0.09127 70.67860 0 2.75000 5.67500 69.76320 0.10245 -13
1.95290 -0.23312 27.08053 0 7.00000 -57.35000 12.60264 0.22213 13
0.05500 0.06955 12.61201 0 -2.05000 -4.42500 12.59307 0.10109 -13
2.01685 -0.09266 79.51412 0 2.80000 -61.15000 35.44319 0.22690 -13
0.03808 0.13728 62.26560 0 -4.12500 -3.97500 62.22133 0.10172 -13
0.03901 -0.26203 62.26560 0 7.90000 -4.00000 62.22133 0.10418 -13
-0.42433 -0.13282 71.14220 0 4.02500 10.50000 65.57683 0.11021 -13
-0.14395 -0.04109 65.53024 0 1.22500 3.90000 64.86286 0.10182 13
1.59070 -0.15131 80.61626 0 4.57500 -45.67500 43.25362 0.18983 -13
-0.25786 -0.02550 93.46073 0 0.77500 6.50000 90.50212 0.10403 -13
0.10862 -0.10112 72.68488 0 3.05000 -0.70000 72.26411 0.10181 -13
-2.05657 -0.04560 29.63301 0 1.32500 60.47500 12.96900 0.23032 13
0.62800 -0.06646 82.04645 0 2.00000 -21.50000 69.52431 0.11910 13
0.53547 0.09725 12.81577 0 -2.97500 -17.87500 11.30989 0.11467 13
0.14588 -0.03396 81.85806 0 1.02500 -5.82500 81.00170 0.10183 -13
0.80500 0.08119 35.70218 0 -2.42500 -22.82500 27.84681 0.12953 -13
-1.75200 -0.12112 59.75233 0 3.67500 54.42500 29.78224 0.20353 -13
-0.17238 -0.13267 37.97820 0 4.02500 4.10000 37.43560 0.10306 -13
1.77180 -0.07203 62.35199 0 2.17500 -54.57500 30.70737 0.20501 -13
-1.48959 0.13702 13.25367 0 -4.07500 47.27500 7.43476 0.18115 -13
-1.52569 -0.26228 13.25367 0 7.97500 48.42500 7.43476 0.18570 -13
1.84332 0.09979 22.19426 0 -3.05000 -56.20000 10.62395 0.21146 13
-0.55421 -0.13841 47.48310 0 4.17500 18.32500 41.62330 0.11598 -13
0.82714 0.10259 91.33449 0 -3.10000 -25.90000 70.52812 0.13110 13
-1.53340 -0.08754 83.79197 0 2.65000 45.72500 45.89437 0.18457 -13
-1.53206 -0.08818 17.15139 0 2.72500 45.85000 9.40028 0.18448 -13
0.11053 -0.04551 3.14939 0 1.22500 -4.65000 3.13041 0.10145 13
-1.68591 -0.25688 3.16038 0 7.40000 49.02500 1.65034 0.19868 13
-0.34585 -0.05033 1.55514 0 1.85000 10.90000 1.47022 0.10697 -13
-0.66629 -0.12967 97.61742 0 3.90000 18.62500 81.44447 0.12171 13
0.37368 -0.15730 80.18381 0 4.75000 -10.42500 75.22236 0.10866 13
0.47055 -0.15011 33.66376 0 4.55000 -10.50000 30.52125 0.11232 -13
-0.36208 -0.11002 88.86945 0 3.32500 11.17500 83.61857 0.10767 13
-1.13811 -0.06269 98.00898 0 1.87500 34.70000 64.76272 0.15270 13
1.72207 0.07755 81.93684 0 -2.32500 -53.85000 41.23983 0.20067 -13
-0.15305 -0.02693 16.83897 0 0.77500 4.15000 16.64527 0.10191 13
1.49044 -0.13651 71.97781 0 4.10000 -46.07500 40.35742 0.18126 13
-0.74256 -0.23380 58.43267 0 7.05000 22.15000 47.35181 0.12761 13
0.89093 -0.08229 56.86519 0 2.47500 -26.97500 42.52171 0.13512 13
1.38100 -0.06669 43.69063 0 2.02500 -39.60000 25.66193 0.17184 -13
1.13877 -0.04646 88.67437 0 1.40000 -32.85000 58.54688 0.15268 13
0.30288 -0.21962 92.00960 0 6.62500 -11.60000 88.22988 0.10752 13
0.10495 -0.02818 58.42031 0 0.85000 -1.85000 58.10150 0.10130 -13
0.01719 -0.24631 94.58748 0 7.42500 -1.27500 94.57430 0.10372 13
-1.28708 -0.13274 35.99990 0 4.02500 39.80000 22.20698 0.16470 -13
-0.15710 -0.16711 63.82612 0 5.02500 3.75000 63.07354 0.10331 13
0.49713 0.07386 67.53128 0 -2.22500 -13.62500 60.50378 0.11271 13
0.44276 0.09001 38.26028 0 -2.70000 -10.85000 35.00741 0.11050 -13
0.11053 -0.12699 3.99953 0 3.70000 -3.20000 3.97559 0.10211 13
-1.49958 -0.11132 56.53683 0 3.37500 43.55000 31.50031 0.18187 -13
0.55388 -0.24060 99.71204 0 7.27500 -16.77500 87.79125 0.11765 -13
0.25514 -0.14114 73.12192 0 4.25000 -8.80000 70.89454 0.10489 13
0.49953 0.12782 50.61601 0 -3.85000 -12.07500 45.35313 0.11330 -13
0.51347 -0.27198 50.61601 0 8.22500 -12.50000 45.35313 0.11648 -13
-0.79619 0.00663 25.25256 0 -0.17500 23.10000 19.75574 0.12873 -13
0.69253 -0.00090 92.52495 0 0.02500 -21.05000 76.06472 0.12250 -13
-0.92389 -0.06038 21.74669 0 1.85000 28.20000 15.98617 0.13725 -13
-0.06617 -0.12687 4.53708 0 3.72500 3.65000 4.52730 0.10171 13
-1.82523 -0.24787 94.90249 0 7.47500 51.20000 46.65009 0.21106 13
-0.99990 -0.02868 84.58920 0 0.87500 30.50000 59.82901 0.14244 -13
-1.57403 -0.17805 18.65628 0 5.32500 46.52500 10.11642 0.18858 13
-1.17498 -0.03753 58.25773 0 1.12500 34.27500 37.77454 0.15541 13
-0.05213 0.24532 58.25773 0 1.10000 34.17500 37.77454 0.15525 13
-0.09363 -0.32949 58.25773 0 3.52500 34.20000 37.77454 0.17199 13
1.27325 -0.12664 41.91919 0 3.80000 -39.10000 26.01838 0.16353 13
-0.73665 -0.03040 50.76394 0 0.92500 21.77500 40.87827 0.12512 -13
0.63258 0.01198 86.09766 0 -0.37500 -16.75000 72.76309 0.11917 13
-0.76833 -0.15095 19.69797 0 4.52500 24.05000 15.68495 0.12788 13
-0.43881 0.10969 10.04784 0 -3.25000 15.12500 9.20973 0.11051 -13
1.00887 0.12225 84.08636 0 -3.67500 -30.85000 59.41661 0.14357 -13
1.03938 -0.27788 84.08636 0 8.40000 -31.77500 59.41661 0.14793 -13
0.77937 -0.15064 43.67490 0 4.52500 -26.27500 34.59390 0.12856 13
1.97622 0.04614 26.74233 0 -1.35000 -59.75000 12.08368 0.22309 -13
-0.20777 -0.04005 42.77690 0 1.22500 6.02500 41.88391 0.10294 -13
1.95408 -0.14555 62.15149 0 4.37500 -58.70000 28.54998 0.22152 13
1.84866 -0.24180 39.46874 0 7.32500 -58.95000 19.19345 0.21310 -13
0.09819 -0.15705 31.56728 0 4.75000 -2.42500 31.41980 0.10242 -13
1.12114 -0.21775 30.43360 0 6.60000 -33.67500 20.51790 0.15290 -13
-1.34621 -0.06088 24.22439 0 1.87500 42.42500 14.46251 0.16900 -13
1.88532 -0.13677 5.84415 0 3.95000 -57.12500 2.75826 0.21523 13
0.59762 0.03743 63.41934 0 -1.15000 -20.47500 54.44921 0.11738 13
1.45810 -0.08733 94.59340 0 2.62500 -43.30000 53.63915 0.17827 13
1.35652 -0.16991 14.80260 0 5.17500 -42.05000 8.86390 0.17064 -13
-1.57320 -0.13455 17.17702 0 4.00000 45.05000 9.27387 0.18816 13
0.25600 0.04396 88.80332 0 -1.32500 -7.35000 86.03426 0.10405 -13
1.33740 0.02143 96.35970 0 -0.65000 -39.87500 57.71169 0.16818 13
-1.20082 -0.00028 32.01609 0 0.02500 37.20000 20.48837 0.15737 -13
0.32532 0.01366 57.86332 0 -0.42500 -10.90000 55.02523 0.10591 13
1.32300 0.13314 91.18502 0 -4.00000 -42.22500 55.28989 0.16754 -13
1.35716 -0.26637 91.18502 0 8.05000 -43.25000 55.28989 0.17189 -13
-0.77394 -0.03188 58.19125 0 0.97500 22.97500 46.02772 0.12739 -13
-1.50414 0.11383 73.89279 0 -3.42500 45.50000 41.09303 0.18224 -13
-0.61643 -0.10537 11.96931 0 3.12500 17.65000 10.20451 0.11876 13
-0.99021 -0.23270 26.68200 0 7.00000 27.95000 19.20527 0.14362 13
-0.39258 0.07062 88.71021 0 -2.12500 11.15000 82.60233 0.10842 13
0.45379 0.09589 68.82315 0 -2.90000 -14.82500 62.72072 0.11101 13
1.23856 -0.19027 33.56290 0 5.77500 -38.02500 21.31120 0.16146 -13
0.00533 0.14457 34.38910 0 -4.35000 0.40000 34.38862 0.10175 -13
0.00544 -0.25437 34.38910 0 7.70000 0.40000 34.38862 0.10393 -13
-0.04945 -0.06534 76.90871 0 1.97500 0.52500 76.81524 0.10104 13
-0.27091 -0.05824 97.37197 0 1.75000 7.35000 93.99523 0.10450 -13
2.02949 0.11573 10.79765 0 -3.40000 -61.10000 4.79842 0.22805 -13
0.02353 0.11882 58.46904 0 -3.57500 -2.22500 58.45308 0.10144 -13
0.02428 -0.28151 58.46904 0 8.50000 -2.25000 58.45308 0.10457 -13
-0.18572 -0.06558 17.24255 0 2.00000 7.95000 16.95388 0.10265 -13
-1.01616 -0.16904 84.83704 0 5.10000 31.95000 59.93012 0.14457 13
1.01010 0.13486 65.31020 0 -4.05000 -29.80000 46.15779 0.14377 -13
1.03547 -0.26455 65.31020 0 8.00000 -30.57500 46.15779 0.14740 -13
0.14291 -0.08349 84.46065 0 2.50000 -7.22500 83.61698 0.10207 13
1.32892 -0.21011 54.81814 0 6.35000 -42.17500 33.41474 0.16884 -13
-0.11240 0.04831 5.56721 0 -1.55000 3.82500 5.53248 0.10149 13
0.69320 0.04754 85.98759 0 -1.42500 -21.50000 70.69423 0.12263 -13
0.22354 -0.14102 95.37395 0 4.25000 -7.82500 93.12003 0.10416 -13
-1.50051 -0.17568 4.43901 0 5.50000 46.20000 2.48806 0.18269 -13
-1.16676 0.08726 5.24182 0 -2.77500 33.70000 3.41834 0.15510 13
0.61114 0.09429 18.01613 0 -2.87500 -19.17500 15.39091 0.11842 13
0.66140 0.04646 6.44545 0 -1.30000 -19.20000 5.37803 0.12081 -13
-0.55679 0.07349 40.55839 0 -2.22500 17.32500 35.45840 0.11550 13
-0.94386 0.13160 63.90077 0 -3.95000 28.67500 46.65824 0.13910 -13
-0.96880 -0.26799 63.90077 0 8.10000 29.42500 46.65824 0.14280 -13
-0.48409 -0.14983 66.40580 0 4.52500 15.22500 59.89547 0.11290 -13
-0.32608 -0.07312 23.40742 0 2.22500 8.50000 22.25966 0.10619 -13
0.67465 -0.19076 76.90541 0 5.75000 -19.55000 64.10633 0.12299 -13
-0.03111 -0.24487 17.92896 0 7.42500 0.85000 17.92078 0.10375 -13
-0.31533 -0.07852 89.82338 0 2.37500 7.35000 85.68913 0.10589 -13
-0.47426 0.13082 66.88755 0 -3.95000 16.72500 60.52924 0.11223 13
-0.48695 -0.26883 66.88755 0 8.10000 17.10000 60.52924 0.11522 13
-0.03411 -0.04761 62.05075 0 1.42500 0.82500 62.01476 0.10088 13
2.09190 0.13902 30.26889 0 -4.15000 -60.02500 13.15629 0.23388 -13
2.14087 -0.26004 30.26889 0 7.87500 -61.55000 13.15629 0.23947 -13
0.10985 -0.23911 79.54299 0 7.20000 -2.90000 79.09291 0.10413 13
-0.81693 -0.19229 83.08858 0 5.80000 24.55000 64.81003 0.13146 13
2.02493 0.05337 79.63822 0 -1.60000 -62.82500 35.30312 0.22749 -13
0.33455 0.14767 27.90065 0 -4.42500 -11.05000 26.48764 0.10722 -13
0.34124 -0.25114 27.90065 0 7.60000 -11.25000 26.48764 0.10939 -13
-0.12036 0.11614 17.78989 0 -3.52500 2.22500 17.66404 0.10212 13
0.96120 -0.19607 10.12616 0 5.97500 -29.15000 7.36590 0.14114 -13
0.64510 0.05538 40.03600 0 -1.67500 -18.07500 33.65813 0.11997 13
-1.34405 0.00148 72.38019 0 -0.05000 37.80000 43.20553 0.16870 13
0.85529 -0.01778 24.57495 0 0.57500 -26.42500 18.67707 0.13253 -13
0.01825 0.07499 8.71480 0 -2.20000 -0.40000 8.71334 0.10100 -13
1.09185 -0.19903 26.83459 0 5.97500 -35.65000 18.31543 0.15041 13
0.00616 0.09100 10.33866 0 -2.70000 -2.65000 10.33847 0.10111 -13
0.02859 -0.23753 92.99082 0 7.15000 -1.30000 92.95486 0.10354 13
-0.13544 0.10903 92.37119 0 -3.30000 2.62500 91.54511 0.10221 13
-0.07551 -0.15213 75.59216 0 4.57500 1.22500 75.38244 0.10214 13
-0.83018 0.05388 36.38416 0 -1.60000 26.10000 28.01081 0.13099 -13
1.41691 -0.23678 82.27929 0 7.12500 -43.07500 48.30792 0.17625 13
1.03917 0.06608 8.28693 0 -2.07500 -29.15000 5.75221 0.14543 13
0.80762 -0.02483 87.67740 0 0.75000 -23.77500 68.21848 0.12947 13
-0.94714 -0.14355 74.75951 0 4.32500 28.12500 54.53832 0.13945 13
-0.56085 -0.15348 48.62210 0 4.65000 18.30000 42.52505 0.11650 -13
0.92362 0.14053 99.10330 0 -4.22500 -28.95000 73.12771 0.13781 -13
0.94472 -0.25862 99.10330 0 7.80000 -29.57500 73.12771 0.14098 -13
0.09733 0.05064 33.56745 0 -1.55000 0.37500 33.40998 0.10131 13
-1.30953 -0.03643 24.05459 0 1.12500 41.05000 14.60514 0.16598 -13
-1.42738 -0.03096 98.01068 0 0.92500 41.15000 56.25430 0.17553 13
-0.47867 0.06213 83.81215 0 -1.87500 14.72500 75.62514 0.11182 -13
1.36257 -0.20683 86.89288 0 6.22500 -39.60000 52.11092 0.17146 13
0.31740 0.12456 90.30307 0 -3.75000 -10.55000 86.13166 0.10639 -13
0.32670 -0.27544 90.30307 0 8.32500 -10.82500 86.13166 0.10951 -13
0.74152 0.04750 59.45345 0 -1.42500 -23.00000 47.77558 0.12546 -13
0.36422 0.13895 12.05719 0 -4.15000 -13.85000 11.34168 0.10807 -13
0.37278 -0.26022 12.05719 0 7.90000 -14.12500 11.34168 0.11067 -13
0.66130 0.02463 99.14630 0 -0.75000 -22.80000 82.70614 0.12076 -13
0.37020 -0.03882 7.86263 0 1.22500 -11.22500 7.37413 0.10747 -13
-0.53656 -0.15434 71.92798 0 4.67500 18.60000 63.54602 0.11534 -13
-0.25615 0.11544 72.27279 0 -3.47500 8.60000 70.04073 0.10460 -13
-0.13885 0.12021 40.44898 0 -3.62500 5.37500 40.07010 0.10238 -13
-0.14315 -0.28004 40.44898 0 8.45000 5.52500 40.07010 0.10558 -13
1.11614 0.02550 9.70183 0 -0.70000 -36.47500 6.47486 0.15094 -13
-0.30453 0.04548 59.27605 0 -1.37500 6.45000 56.70998 0.10537 -13
1.37723 -0.24718 46.82512 0 7.42500 -41.85000 28.04559 0.17317 13
0.27673 -0.18117 29.38930 0 5.47500 -7.20000 28.35694 0.10608 -13
-0.51162 -0.05279 84.50216 0 1.60000 17.92500 75.24995 0.11324 -13
-1.02873 -0.06861 58.90414 0 2.07500 29.90000 41.10728 0.14464 -13
-0.69217 -0.02415 86.13050 0 0.72500 20.15000 70.82685 0.12250 -13
2.09413 -0.03479 64.85115 0 1.02500 -63.07500 27.95950 0.23371 13
-0.17973 -0.05428 26.65560 0 1.62500 7.47500 26.23652 0.10246 13
0.48616 -0.21190 41.51575 0 6.40000 -13.62500 37.49156 0.11400 -13
0.60648 0.03315 15.27184 0 -1.02500 -19.02500 13.06005 0.11783 13
1.15309 -0.14214 57.05144 0 4.30000 -33.60000 37.59143 0.15438 -13
0.13759 -0.09848 77.09350 0 2.97500 -3.12500 76.38081 0.10214 -13
-1.28144 -0.18677 19.14872 0 5.60000 37.42500 11.90586 0.16473 13
0.68927 -0.18825 17.44600 0 5.65000 -17.77500 14.44400 0.12374 13
1.68837 -0.00885 80.71996 0 0.27500 -52.67500 41.13605 0.19762 -13
-0.26205 -0.19496 69.02366 0 5.87500 4.72500 66.84779 0.10594 13
-0.76209 0.05327 48.95452 0 -1.62500 23.27500 38.95686 0.12673 13
1.35915 0.11635 70.23660 0 -3.50000 -40.02500 41.80747 0.17032 -13
0.52750 0.03293 85.14797 0 -1.00000 -18.05000 75.32132 0.11390 13
-0.24139 0.04712 49.44669 0 -1.40000 5.60000 48.06921 0.10370 -13
2.11471 -0.20633 59.42791 0 6.20000 -62.45000 25.83944 0.23645 13
-0.04909 0.06562 66.77817 0 -1.97500 0.07500 66.69818 0.10105 13
-0.18556 -0.12419 53.70008 0 3.72500 4.87500 52.81218 0.10318 13
0.54798 -0.15420 61.78533 0 4.65000 -15.55000 54.32921 0.11588 13
1.08315 0.02017 53.55598 0 -0.60000 -30.32500 36.33326 0.14847 -13
-1.94155 0.06352 70.64999 0 -1.92500 60.85000 32.40116 0.22003 13
-1.45901 -0.15841 25.80926 0 4.80000 43.85000 14.71452 0.17887 -13
0.10059 -0.01359 10.83328 0 0.45000 -4.45000 10.77886 0.10122 -13
-1.92179 0.08926 5.02729 0 -2.50000 57.87500 2.32771 0.21829 -13
0.88185 -0.04730 73.20990 0 1.42500 -29.47500 54.93616 0.13434 -13
1.56812 -0.22485 19.56673 0 6.75000 -47.65000 10.70207 0.18864 13
0.40086 -0.04334 71.10184 0 1.30000 -11.92500 66.00553 0.10858 13
0.33435 0.06610 64.43982 0 -1.97500 -8.92500 61.12773 0.10639 -13
0.17148 0.04649 41.85238 0 -1.40000 -4.75000 41.25151 0.10228 -13
0.42728 0.13235 93.84535 0 -4.00000 -13.17500 86.41263 0.11032 13
0.43845 -0.26723 93.84535 0 8.05000 -13.52500 86.41263 0.11319 13
0.40654 -0.18773 44.21889 0 5.67500 -11.10000 41.06243 0.11035 -13
-0.94291 -0.20710 56.94052 0 6.22500 29.92500 41.83454 0.13997 13
1.23880 0.04011 97.41271 0 -1.20000 -36.40000 61.21672 0.16037 -13
-0.03708 -0.13227 17.79809 0 3.95000 0.45000 17.78605 0.10164 13
1.29975 -0.01856 5.91344 0 0.42500 -38.70000 3.60618 0.16517 13
0.22521 -0.01606 1.56623 0 0.80000 -6.70000 1.52802 0.10349 -13
-0.09692 -0.03100 35.56965 0 0.95000 4.97500 35.40388 0.10122 -13
-0.12918 -0.04080 65.78350 0 1.25000 4.25000 65.24232 0.10162 -13
1.41542 0.01982 47.34046 0 -0.62500 -42.70000 27.31994 0.17453 13
0.22585 0.03936 38.70732 0 -1.17500 -7.75000 37.75784 0.10332 -13
0.17198 -0.22906 80.09096 0 6.90000 -6.72500 78.98874 0.10475 13
-0.98123 -0.16705 99.84588 0 5.02500 26.30000 71.74689 0.14208 13
0.97673 0.05009 75.39345 0 -1.52500 -30.55000 53.96816 0.14086 13
0.46489 -0.10980 79.82588 0 3.32500 -15.30000 72.46258 0.11161 -13
-0.06363 0.06030 81.98424 0 -1.82500 -1.65000 81.81938 0.10109 -13
0.68001 -0.24529 25.39135 0 7.37500 -20.55000 21.18786 0.12424 13
-1.43277 -0.11612 44.75232 0 3.47500 39.77500 25.72913 0.17632 13
0.73346 -0.14418 42.27935 0 4.37500 -20.07500 34.21460 0.12573 -13
0.09459 -0.07219 18.45639 0 2.15000 -4.37500 18.37475 0.10142 13
-1.51374 -0.11035 83.36174 0 3.32500 46.55000 46.14247 0.18303 13
-0.50475 0.11913 57.63475 0 -3.57500 18.12500 51.52516 0.11344 -13
-0.52064 -0.28119 57.63475 0 8.50000 18.60000 51.52516 0.11702 -13
0.04504 0.11474 8.67662 0 -3.40000 1.50000 8.66793 0.10145 -13
-0.28280 -0.21986 33.83446 0 6.62500 8.27500 32.61331 0.10695 13
0.21274 -0.20768 38.84230 0 6.27500 -8.50000 38.02614 0.10507 -13
-1.61932 -0.10366 78.94073 0 3.12500 49.85000 41.63799 0.19194 -13
0.08455 -0.19515 13.35127 0 5.85000 -4.02500 13.30555 0.10293 13
1.32163 0.00657 30.74346 0 -0.22500 -37.02500 18.55049 0.16690 13
-0.03873 0.11615 64.43196 0 -3.50000 1.82500 64.38432 0.10146 13
-0.27173 -0.03189 67.39545 0 0.95000 6.85000 65.03950 0.10440 13
0.33557 0.11091 12.85635 0 -3.37500 -9.55000 12.19586 0.10683 13
-0.41462 -0.13888 79.26633 0 4.17500 11.15000 73.32358 0.10991 13
1.60376 -0.15400 76.42459 0 4.65000 -47.90000 40.77809 0.19098 -13
-1.31360 0.05356 49.02539 0 -1.60000 39.97500 29.72275 0.16634 -13
0.76099 0.07040 76.82039 0 -2.12500 -24.65000 61.18776 0.12674 13
0.80371 -0.10531 60.64491 0 3.17500 -25.05000 47.37212 0.12964 -13
-1.52328 -0.00846 96.62136 0 0.27500 48.27500 53.02612 0.18351 -13
-1.48190 0.00817 48.14219 0 -0.22500 44.15000 26.92974 0.18003 -13
0.79378 0.12662 51.50807 0 -3.80000 -24.97500 40.46678 0.12920 -13
0.81636 -0.27323 51.50807 0 8.25000 -25.67500 40.46678 0.13289 -13
0.51454 -0.19898 50.08615 0 6.00000 -17.00000 44.71489 0.11500 13
0.31611 0.09768 27.47577 0 -2.97500 -9.30000 26.20937 0.10608 13
-0.20252 0.04208 89.94158 0 -1.27500 5.15000 88.15516 0.10284 -13
0.39776 -0.18045 55.38236 0 5.42500 -12.55000 51.57173 0.10988 13
0.90814 0.02721 31.71644 0 -0.85000 -29.02500 23.48348 0.13606 13
1.10096 -0.05668 61.65940 0 1.70000 -33.32500 41.49293 0.14988 13
0.54945 -0.09038 89.43724 0 2.72500 -16.65000 78.45813 0.11526 13
0.33282 -0.23242 34.04148 0 7.02500 -9.07500 32.38237 0.10870 -13
0.80828 0.02355 86.63090 0 -0.72500 -23.15000 67.38168 0.12951 13
-0.86850 -0.16012 3.45729 0 5.02500 25.45000 2.62446 0.13455 -13
1.11859 -0.17964 2.96539 0 5.15000 -35.45000 1.99342 0.15208 13
-0.72130 0.08766 55.97301 0 -2.62500 21.65000 45.45595 0.12447 -13
1.07285 0.10129 83.62229 0 -3.07500 -30.52500 57.17167 0.14805 13
0.58766 -0.06537 23.79797 0 1.95000 -19.40000 20.52876 0.11699 13
0.25075 -0.04912 90.55230 0 1.47500 -7.72500 87.83926 0.10394 -13
-0.21191 -0.09712 26.89628 0 2.95000 7.12500 26.31740 0.10341 -13
0.37797 -0.07960 92.31923 0 2.40000 -10.92500 86.39046 0.10795 13
0.60360 0.04355 91.56999 0 -1.30000 -17.07500 78.41566 0.11771 -13
-0.84375 -0.03331 52.69812 0 1.02500 24.07500 40.28627 0.13180 -13
-0.17078 -0.12655 6.04661 0 3.72500 4.72500 5.96168 0.10293 13
0.99657 0.02161 91.71790 0 -0.65000 -28.32500 64.97316 0.14219 13
1.09531 -0.00230 13.63803 0 0.02500 -31.92500 9.19564 0.14935 13
-0.26554 -0.03627 53.84781 0 1.07500 7.60000 52.04642 0.10426 13
-0.11697 -0.05381 27.89940 0 1.65000 2.95000 27.71103 0.10154 -13
-1.69995 -0.05492 16.17379 0 1.60000 53.20000 8.21036 0.19866 13
0.63175 -0.08338 34.38384 0 2.52500 -19.35000 29.09715 0.11942 -13
-0.29942 0.06431 91.66126 0 -1.92500 10.35000 87.82441 0.10532 -13
-0.10768 -0.12663 48.72883 0 3.80000 3.37500 48.45310 0.10208 13
0.94938 -0.13062 95.12229 0 3.92500 -26.72500 69.26080 0.13947 13
0.58720 0.14310 4.44959 0 -4.17500 -18.02500 3.84703 0.11763 -13
0.60049 -0.25543 4.44959 0 7.85000 -18.45000 3.84703 0.12040 -13
-0.26957 -0.08544 65.72186 0 2.57500 9.20000 63.47233 0.10465 -13
-1.96384 -0.13710 63.10704 0 4.15000 59.67500 28.84815 0.22237 -13
-0.91594 -0.99807 63.10704 0 4.12500 59.65000 28.84815 0.22379 -13
-0.40438 -0.23309 63.10704 0 4.80000 59.60000 28.84815 0.23544 -13
-0.06017 -0.03864 19.45191 0 1.15000 0.50000 19.41684 0.10096 13
-0.72727 0.10073 3.65119 0 -2.87500 21.82500 2.95731 0.12494 -13
-1.43853 0.10527 75.58111 0 -3.17500 44.50000 43.30075 0.17676 13
-0.44410 -0.19492 60.61387 0 5.87500 15.25000 55.56465 0.11192 13
1.82189 0.12652 55.35469 0 -3.82500 -52.47500 26.79719 0.20970 13
1.87375 -0.27337 55.35469 0 8.22500 -54.02500 26.79719 0.21562 13
-0.29643 0.12471 7.26006 0 -3.70000 10.30000 6.96509 0.10576 -13
-0.30501 -0.27510 7.26006 0 8.37500 10.55000 6.96509 0.10895 -13
-0.25049 -0.11316 95.44120 0 3.42500 8.90000 92.61550 0.10444 -13
1.51705 0.11868 95.31890 0 -3.57500 -46.17500 52.71598 0.18335 -13
1.56514 -0.28164 95.31890 0 8.50000 -47.60000 52.71598 0.18889 -13
0.72530 0.08130 4.42062 0 -2.32500 -22.07500 3.58241 0.12466 -13
0.28949 -0.02344 63.71370 0 0.72500 -5.15000 61.20216 0.10486 -13
0.81015 -0.10272 91.53568 0 3.10000 -26.80000 71.27144 0.13001 13
-0.18496 0.08831 10.89924 0 -2.62500 4.67500 10.71884 0.10279 -13
-0.61340 0.11566 23.45287 0 -3.52500 17.00000 20.02775 0.11873 13
-0.63276 0.13287 88.19838 0 -4.00000 18.55000 74.71664 0.11991 -13
-0.64917 -0.26664 88.19838 0 8.05000 19.05000 74.71664 0.12303 -13
0.08012 -0.08893 30.70273 0 2.67500 -1.80000 30.60541 0.10142 13
-0.38548 -0.19696 38.51450 0 5.95000 12.65000 36.02414 0.10974 -13
