-0.06909 -0.16079 2.03525 0 4.60000 1.25000 2.03053 0.10225 13
0.87975 -0.12909 28.30802 0 3.92500 -29.12500 21.33037 0.13477 -13
-0.57794 -0.14663 16.56628 0 4.40000 19.20000 14.38131 0.11722 13
-0.91565 -0.11444 86.63575 0 3.45000 25.07500 64.08538 0.13703 -13
-0.02968 0.05429 5.38984 0 -1.55000 -1.00000 5.38746 0.10090 -13
0.72980 -0.00032 27.45339 0 -0.00000 -21.45000 22.17605 0.12467 13
-0.73003 0.06857 27.80355 0 -2.05000 20.75000 22.47446 0.12487 -13
-0.51535 -0.17033 82.54954 0 5.12500 15.12500 73.59688 0.11458 13
0.19596 -0.21235 5.77157 0 6.30000 -6.15000 5.66836 0.10477 13
-0.07773 -0.02339 98.56458 0 0.70000 1.30000 98.26794 0.10104 -13
-1.18414 -0.04795 29.09016 0 1.47500 35.52500 18.78144 0.15616 -13
0.11933 -0.24070 42.64065 0 7.27500 -2.35000 42.35648 0.10428 -13
-0.74097 -0.02069 5.83422 0 0.52500 22.67500 4.68815 0.12536 13
1.42491 0.05733 41.61938 0 -1.70000 -39.67500 23.93452 0.17539 -13
0.53926 0.02128 49.64374 0 -0.65000 -17.20000 43.69742 0.11443 13
1.46821 0.08769 20.50753 0 -2.67500 -43.82500 11.57469 0.17913 13
0.26532 -0.18953 19.52396 0 5.70000 -10.35000 18.89274 0.10590 13
-1.24673 -0.23017 72.64062 0 6.92500 35.47500 46.16258 0.16259 13
-0.78226 -0.17029 4.66346 0 5.00000 21.50000 3.69313 0.12893 13
-1.60004 -0.03738 1.29778 0 0.40000 45.90000 0.68817 0.19057 13
-1.36360 -0.13743 95.99169 0 4.15000 41.80000 57.11207 0.17087 -13
-0.43989 0.10212 4.22338 0 -2.95000 12.50000 3.86944 0.11047 -13
1.45629 -0.05669 57.91697 0 1.72500 -45.22500 32.81402 0.17803 -13
0.21115 -0.17290 52.18596 0 5.20000 -9.22500 51.09179 0.10438 13
-0.63309 -0.00232 66.07497 0 0.05000 16.75000 55.82757 0.11919 13
0.39479 -0.24336 25.60669 0 7.37500 -13.70000 23.90788 0.11103 -13
0.21207 0.05709 66.24439 0 -1.72500 -7.20000 64.80781 0.10311 13
-0.61926 0.08082 97.85404 0 -2.42500 16.75000 83.26831 0.11873 -13
0.03151 0.00873 21.55566 0 -0.25000 -0.65000 21.54497 0.10076 -13
-1.29605 -0.08662 35.06280 0 2.60000 38.00000 21.46920 0.16507 13
-0.21988 0.03097 84.98459 0 -0.92500 4.92500 83.00358 0.10315 -13
-0.24916 0.07687 21.80969 0 -2.30000 7.82500 21.16631 0.10406 -13
0.65554 -0.19231 8.76023 0 5.72500 -18.50000 7.36561 0.12192 13
-0.45950 -0.07063 16.12452 0 2.10000 13.85000 14.65824 0.11105 13
-0.44269 -0.15489 28.95654 0 4.70000 12.32500 26.52907 0.11124 -13
1.28412 -0.21718 53.45814 0 6.52500 -38.57500 33.31512 0.16534 13
-0.50619 -0.04495 86.67792 0 1.35000 13.92500 77.35096 0.11295 13
1.18384 -0.06454 28.48618 0 1.97500 -36.12500 18.40435 0.15620 -13
1.23719 0.09861 42.99081 0 -2.95000 -37.22500 27.10351 0.16050 -13
-0.50710 0.14845 79.72441 0 -4.47500 16.65000 71.26186 0.11389 -13
-0.51709 -0.25036 79.72441 0 7.55000 16.95000 71.26186 0.11615 -13
-0.06512 -0.20900 72.74149 0 6.30000 2.80000 72.59418 0.10309 -13
2.12139 -0.19080 94.24549 0 5.75000 -61.15000 40.77588 0.23694 13
0.50155 0.13202 59.94074 0 -4.00000 -13.20000 53.67147 0.11345 13
0.51473 -0.26758 59.94074 0 8.05000 -13.60000 53.67147 0.11641 13
-1.46975 0.00025 24.32302 0 -0.05000 42.47500 13.68212 0.17903 13
0.47272 0.10920 95.46007 0 -3.30000 -14.07500 86.39619 0.11193 -13
0.04104 -0.19981 37.34571 0 6.05000 -1.40000 37.31551 0.10279 -13
-0.02433 -0.16860 84.34723 0 5.10000 -2.30000 84.32296 0.10216 -13
1.54435 0.07604 88.09998 0 -2.30000 -48.52500 47.98147 0.18545 13
-0.89414 -0.06685 92.39030 0 2.00000 27.32500 68.94201 0.13525 13
0.80799 0.09887 50.21039 0 -2.97500 -25.97500 39.12974 0.12984 -13
0.62111 -0.15895 41.34176 0 4.80000 -18.55000 35.23993 0.11963 -13
0.87703 0.09450 28.20602 0 -2.82500 -27.95000 21.24639 0.13428 -13
0.97619 0.08970 88.36133 0 -2.70000 -29.75000 63.35257 0.14102 -13
0.29582 0.11003 89.25364 0 -3.32500 -10.15000 85.62872 0.10560 13
-1.28674 0.03993 28.72440 0 -1.22500 38.75000 17.63547 0.16417 13
-1.88992 0.04398 32.92550 0 -1.35000 56.10000 15.41101 0.21537 13
-0.29864 0.00522 68.98589 0 -0.17500 10.37500 66.10111 0.10510 13
1.26037 -0.21313 85.24614 0 6.45000 -37.00000 53.70509 0.16345 -13
1.36223 -0.01763 21.95884 0 0.57500 -39.55000 12.99562 0.17019 -13
-1.74163 -0.07441 11.85903 0 2.15000 52.77500 5.91778 0.20233 13
1.42851 0.10375 69.13584 0 -3.15000 -41.10000 39.79012 0.17592 13
-0.68414 -0.20887 75.92831 0 6.30000 18.60000 63.08761 0.12382 -13
1.89255 -0.11238 1.68709 0 4.00000 -59.20000 0.79292 0.21657 -13
0.67502 -0.11742 15.92930 0 3.57500 -21.50000 13.23111 0.12209 -13
-1.47733 -0.20250 57.96266 0 6.10000 44.25000 32.93903 0.18079 13
-1.23220 -0.14110 18.73729 0 4.22500 38.07500 11.87650 0.16042 13
-0.16798 -0.12669 24.85246 0 3.80000 8.10000 24.51425 0.10290 13
-0.08927 0.13715 53.42968 0 -4.12500 1.17500 53.22190 0.10204 -13
-0.09143 -0.26215 53.42968 0 7.92500 1.22500 53.22190 0.10452 -13
-1.10405 -0.17295 30.52822 0 5.25000 32.32500 20.65933 0.15104 -13
-0.07442 0.02957 38.36747 0 -0.90000 0.60000 38.26177 0.10103 13
2.15641 -0.21796 35.65943 0 6.60000 -64.65000 15.28961 0.24044 -13
-1.84857 0.12221 3.16482 0 -4.00000 54.67500 1.51419 0.21245 13
-1.90523 -0.27916 3.16482 0 8.05000 56.12500 1.51419 0.21796 13
0.26895 -0.20300 24.80963 0 6.10000 -8.27500 23.99025 0.10625 13
0.21412 -0.11444 42.86821 0 3.45000 -4.77500 41.92995 0.10363 13
-1.27329 -0.09547 38.24678 0 2.90000 37.20000 23.68929 0.16334 -13
0.31279 -0.04752 9.57503 0 1.47500 -9.85000 9.13936 0.10564 -13
0.12943 0.11727 56.86193 0 -3.55000 -4.37500 56.39796 0.10223 13
0.69530 0.10913 67.69838 0 -3.30000 -19.32500 55.69059 0.12315 13
0.84964 0.05184 13.66934 0 -1.52500 -26.57500 10.42269 0.13224 -13
1.37131 -0.22689 39.26775 0 6.82500 -42.92500 23.51536 0.17242 13
-0.15591 -0.19294 23.43226 0 5.85000 3.87500 23.16237 0.10377 -13
-0.33943 -0.13232 60.99434 0 3.97500 10.72500 57.80936 0.10718 13
1.29822 -0.00338 59.32541 0 0.12500 -39.70000 36.20262 0.16502 -13
-1.21540 0.14861 39.04181 0 -4.50000 37.97500 24.96652 0.15898 13
-1.23926 -0.25023 39.04181 0 7.52500 38.72500 24.96652 0.16231 13
-1.06898 -0.10159 13.67768 0 3.00000 32.60000 9.36934 0.14775 13
-1.31029 0.10959 96.93064 0 -3.32500 37.35000 59.02903 0.16636 13
0.64414 -0.23579 55.24899 0 7.12500 -20.47500 46.80992 0.12213 -13
-0.22482 0.00577 74.01702 0 -0.17500 6.07500 72.21453 0.10322 13
0.33597 -0.01871 35.45202 0 0.57500 -11.10000 33.60670 0.10625 -13
-0.87322 -0.13093 62.97617 0 3.95000 26.22500 47.60965 0.13434 13
0.32654 0.14557 1.73671 0 -4.10000 -9.97500 1.65234 0.10702 -13
0.33350 -0.25326 1.73671 0 7.95000 -10.20000 1.65234 0.10966 -13
-0.72828 -0.24769 34.96740 0 7.50000 21.40000 28.55368 0.12707 -13
-0.15671 -0.06591 98.10480 0 1.97500 3.52500 96.92695 0.10215 13
1.42364 -0.21272 77.66416 0 6.40000 -42.25000 45.30248 0.17649 13
-1.12534 0.03472 9.59314 0 -0.97500 33.72500 6.37445 0.15164 -13
-0.67565 0.10896 88.46079 0 -3.30000 19.57500 73.43402 0.12203 13
1.36878 0.13114 43.79392 0 -3.92500 -40.15000 25.97846 0.17120 -13
1.40519 -0.26846 43.79392 0 8.12500 -41.25000 25.97846 0.17580 -13
-0.80680 -0.14906 28.21891 0 4.47500 24.87500 22.05682 0.13024 13
0.65887 -0.21403 1.20518 0 5.95000 -19.97500 1.01310 0.12257 13
0.04290 -0.08475 80.71380 0 2.55000 -1.37500 80.64012 0.10116 -13
-0.71827 0.09913 85.24557 0 -2.97500 20.60000 69.35140 0.12438 -13
0.03654 0.02887 25.52793 0 -0.90000 -3.97500 25.51092 0.10081 13
-0.58366 -0.13523 9.44277 0 4.15000 18.82500 8.17408 0.11743 -13
-0.24565 0.02004 14.59785 0 -0.57500 8.92500 14.17654 0.10371 -13
0.24642 0.06574 43.61133 0 -1.97500 -7.20000 42.34973 0.10392 -13
-0.08345 -0.10545 98.31356 0 3.17500 3.25000 97.97677 0.10161 13
-1.58509 -0.00159 43.18628 0 0.02500 49.67500 23.04280 0.18874 13
-1.50829 0.06452 90.74062 0 -1.92500 41.07500 50.21328 0.18235 -13
0.22821 -0.17557 65.40231 0 5.30000 -8.05000 63.81035 0.10480 13
1.05810 0.13742 73.31132 0 -4.12500 -31.62500 50.60474 0.14725 -13
1.08361 -0.26187 73.31132 0 7.90000 -32.37500 50.60474 0.15082 -13
-1.20008 0.04116 99.16384 0 -1.22500 35.20000 63.51227 0.15736 -13
-0.87442 -0.24474 80.39760 0 7.37500 25.42500 61.27787 0.13601 13
1.49562 0.13341 44.36864 0 -4.05000 -44.12500 24.81138 0.18169 13
1.53410 -0.26617 44.36864 0 8.00000 -45.27500 24.81138 0.18632 13
-0.76534 0.03716 63.26584 0 -1.12500 20.52500 50.25322 0.12687 13
0.59906 -0.01288 42.86953 0 0.37500 -16.10000 36.77610 0.11739 13
0.31028 -0.23521 68.41540 0 7.10000 -9.10000 65.49307 0.10806 13
-0.80576 0.02936 50.69229 0 -0.87500 27.87500 39.47958 0.12936 -13
-0.49979 0.04216 65.97923 0 -1.27500 17.72500 59.02924 0.11266 -13
-0.20906 -0.18731 10.98518 0 5.60000 7.67500 10.76054 0.10457 13
-0.66017 0.09884 20.70524 0 -2.95000 19.05000 17.30575 0.12107 -13
1.96586 -0.07242 97.47473 0 2.17500 -57.90000 44.28615 0.22222 13
-0.84293 -0.02201 48.00537 0 0.67500 24.75000 36.70913 0.13172 -13
-0.14931 0.03571 42.29055 0 -1.10000 3.12500 41.82748 0.10189 13
0.23966 -0.14949 15.73554 0 4.47500 -5.95000 15.31139 0.10463 13
-0.30315 -0.24242 84.27687 0 7.30000 9.82500 80.84134 0.10802 13
0.70339 -0.14452 88.86004 0 4.35000 -19.55000 72.92881 0.12397 13
-0.32420 -0.00810 78.60662 0 0.25000 9.55000 74.77548 0.10587 -13
-1.18894 -0.14288 81.60944 0 4.30000 38.90000 52.84161 0.15710 13
-1.47572 0.11355 92.28198 0 -3.42500 45.20000 51.99442 0.17989 13
-0.21055 -0.11775 23.01593 0 3.57500 6.50000 22.52871 0.10360 -13
-0.08523 0.02309 98.18970 0 -0.70000 5.72500 97.83513 0.10110 13
1.99964 -0.19322 36.04762 0 5.80000 -61.70000 16.36024 0.22593 13
-0.20548 -0.04543 49.86447 0 1.35000 6.87500 48.84605 0.10291 13
-0.52058 -0.08088 24.58967 0 2.45000 13.75000 21.82643 0.11383 -13
0.76927 -0.08208 1.88910 0 2.80000 -23.30000 1.49945 0.12762 -13
-0.54651 0.02140 78.28532 0 -0.65000 17.27500 68.69938 0.11478 -13
-0.45203 0.02972 34.24238 0 -0.87500 13.45000 31.20483 0.11056 -13
0.97123 -0.21765 12.13544 0 6.62500 -28.02500 8.80264 0.14214 -13
-1.20629 0.07145 12.42845 0 -2.10000 36.60000 7.94377 0.15794 -13
-1.47290 -0.20443 40.57675 0 6.15000 40.97500 23.11169 0.18043 13
0.37703 -0.13948 81.19224 0 4.22500 -10.32500 76.06187 0.10854 -13
-2.00852 -0.15735 91.14033 0 4.72500 58.22500 41.01898 0.22649 13
-0.69319 0.07318 13.09744 0 -2.25000 19.12500 10.77339 0.12277 13
-0.33615 -0.21425 95.73765 0 6.45000 11.12500 90.95049 0.10841 13
-0.82521 0.00206 72.07829 0 -0.07500 26.17500 55.59377 0.13056 13
-0.35501 0.05974 89.37924 0 -1.80000 9.25000 84.24558 0.10703 -13
0.61598 -0.02053 20.53839 0 0.65000 -20.17500 17.48810 0.11830 -13
-1.11213 0.12091 28.27201 0 -3.62500 33.15000 18.97908 0.15108 -13
-1.14635 -0.27925 28.27201 0 8.45000 34.20000 18.97908 0.15578 -13
0.09911 -0.07413 3.74303 0 2.10000 -2.50000 3.72496 0.10148 13
-0.29059 -0.03470 21.50703 0 1.02500 10.45000 20.65361 0.10493 13
-0.20445 -0.23600 24.44575 0 7.10000 4.35000 23.97569 0.10548 13
-0.00868 -0.13366 36.79203 0 4.05000 2.92500 36.79067 0.10161 -13
1.31238 -0.21969 24.65902 0 6.60000 -41.65000 15.16776 0.16758 13
1.53106 0.02789 47.65860 0 -0.82500 -47.20000 26.06837 0.18418 -13
0.31801 -0.02269 88.89916 0 0.67500 -8.75000 84.72049 0.10569 13
1.42314 -0.00549 55.89785 0 0.15000 -42.80000 32.13796 0.17516 13
0.13376 0.02567 48.34574 0 -0.77500 -4.80000 47.91919 0.10163 13
-1.70612 -0.10902 41.20452 0 3.27500 50.50000 20.92770 0.19943 13
0.28774 -0.19599 54.27454 0 5.92500 -8.55000 52.23200 0.10664 -13
-0.22817 -0.03701 39.95607 0 1.12500 8.27500 38.95613 0.10336 -13
-0.28293 -0.20259 74.78063 0 6.10000 8.25000 72.06133 0.10662 13
-0.00058 -0.23460 25.19789 0 7.10000 0.42500 25.19789 0.10345 -13
-0.16759 -0.05799 34.12056 0 1.77500 4.65000 33.65281 0.10228 -13
-1.39794 0.00419 77.14383 0 -0.15000 42.67500 44.88311 0.17309 13
1.65167 0.03020 84.02757 0 -0.92500 -50.70000 43.53397 0.19446 13
-1.74101 -0.11815 35.28537 0 3.60000 53.90000 17.66540 0.20256 -13
0.24904 -0.12194 23.17717 0 3.65000 -8.37500 22.49985 0.10449 13
-2.11427 -0.22784 52.18978 0 6.85000 63.32500 22.77801 0.23662 13
0.52380 -0.14869 35.65219 0 4.47500 -17.92500 31.65573 0.11465 13
-0.35484 -0.17798 50.69038 0 5.37500 10.62500 47.85433 0.10836 -13
-1.30465 -0.06147 57.54915 0 1.85000 38.35000 35.05088 0.16562 13
0.68399 -0.20478 7.29812 0 6.27500 -21.50000 6.06275 0.12382 -13
-2.10201 -0.20704 57.65626 0 6.27500 63.60000 25.19480 0.23537 -13
1.84730 0.02141 70.12417 0 -0.62500 -56.80000 33.38872 0.21154 -13
-0.42502 -0.05719 65.80377 0 1.72500 14.97500 60.57600 0.10957 -13
1.04236 -0.01164 1.98396 0 -0.00000 -28.80000 1.37325 0.14570 13
-0.38889 -0.03962 95.81940 0 1.20000 13.52500 89.31316 0.10812 13
1.22399 0.14107 46.91887 0 -4.27500 -37.27500 29.86045 0.15981 13
1.25173 -0.25810 46.91887 0 7.77500 -38.10000 29.86045 0.16339 13
0.45381 -0.10904 17.92984 0 3.25000 -13.62500 16.34370 0.11112 13
0.70879 -0.07453 27.51318 0 2.27500 -21.85000 22.46754 0.12367 -13
-0.09479 -0.23067 46.64263 0 6.97500 2.55000 46.44497 0.10379 -13
0.86356 0.03782 90.36085 0 -1.12500 -25.90000 68.41058 0.13311 -13
1.87442 0.02272 97.69768 0 -0.70000 -56.80000 45.99585 0.21396 13
0.37542 -0.03576 8.13711 0 1.15000 -11.92500 7.61841 0.10764 -13
-0.94783 0.05247 19.07351 0 -1.62500 30.45000 13.85229 0.13886 13
-0.65913 0.09015 91.74357 0 -2.72500 21.75000 76.69403 0.12095 13
1.57559 -0.23285 51.74416 0 7.00000 -49.05000 28.25034 0.18936 13
0.73053 -0.01603 68.15628 0 0.47500 -22.12500 55.03778 0.12472 13
0.29800 -0.06844 7.96937 0 2.12500 -8.62500 7.63890 0.10534 -13
-1.86472 -0.20232 60.02127 0 6.12500 56.62500 28.80987 0.21407 -13
-0.27599 0.10207 25.97836 0 -3.05000 7.12500 25.05117 0.10497 -13
-1.92211 0.11525 36.64036 0 -3.45000 58.90000 16.99861 0.21848 -13
1.23183 -0.20725 32.23541 0 6.27500 -37.22500 20.57384 0.16116 -13
-0.02302 -0.16671 85.55699 0 5.02500 3.67500 85.53493 0.10212 -13
-1.07780 -0.21061 60.53117 0 6.37500 30.42500 41.64887 0.14958 -13
1.13104 0.08768 77.84370 0 -2.62500 -34.52500 51.67276 0.15229 -13
1.33691 0.08537 17.90404 0 -2.62500 -41.95000 10.74903 0.16837 13
2.09216 -0.04801 33.02198 0 1.40000 -60.75000 14.25372 0.23356 13
-2.00528 -0.19430 9.86222 0 5.97500 61.75000 4.46701 0.22667 -13
0.38975 -0.11583 41.46237 0 3.50000 -11.25000 38.66542 0.10872 -13
0.47335 0.08427 46.04120 0 -2.55000 -12.15000 41.64151 0.11173 13
-0.61296 0.10870 40.91422 0 -3.30000 20.62500 34.93822 0.11862 13
0.15565 -0.09736 9.65977 0 2.87500 -3.32500 9.54588 0.10238 13
0.08401 -0.00693 68.26667 0 0.20000 -2.80000 68.02706 0.10106 13
-0.13746 0.02492 72.54118 0 -0.75000 3.55000 71.86572 0.10168 13
1.06787 -0.19903 58.48309 0 6.00000 -35.87500 40.38764 0.14868 13
0.25140 0.06110 19.44615 0 -1.82500 -9.07500 18.86135 0.10402 -13
-1.41425 0.08953 42.90887 0 -2.67500 43.40000 24.83903 0.17464 -13
0.85618 -0.04806 70.94369 0 1.45000 -26.37500 53.91626 0.13266 13
1.02785 -0.08444 88.18533 0 2.55000 -31.07500 61.60610 0.14467 -13
0.23924 -0.00199 72.07174 0 0.07500 -7.95000 70.09384 0.10354 -13
0.32061 -0.10356 45.78213 0 3.10000 -7.52500 43.61790 0.10626 13
0.02287 -0.04707 40.73263 0 1.42500 1.47500 40.72200 0.10084 -13
1.53762 -0.04777 57.32106 0 1.42500 -47.37500 31.27622 0.18478 13
-1.22994 -0.21352 64.69021 0 6.42500 40.02500 41.35515 0.16106 13
-0.48705 0.03175 18.64868 0 -0.92500 15.15000 16.76748 0.11206 -13
0.15700 0.09492 55.46984 0 -2.85000 -5.92500 54.80442 0.10238 -13
0.52939 -0.20790 72.30180 0 6.25000 -16.40000 64.19176 0.11585 13
-0.91970 0.03782 28.00963 0 -1.12500 25.25000 20.62301 0.13686 -13
-0.58134 -0.13243 19.52684 0 3.97500 15.77500 16.91843 0.11723 13
-2.10045 -0.16135 44.75625 0 4.90000 61.77500 19.44111 0.23486 -13
-0.49464 0.08001 20.52017 0 -2.37500 17.92500 18.40466 0.11263 -13
-0.17078 0.10329 58.70144 0 -3.10000 6.35000 57.87228 0.10269 -13
-0.93099 -0.05829 29.56331 0 1.72500 26.47500 21.65447 0.13771 13
-1.30735 -0.05680 3.46332 0 1.95000 40.85000 2.10611 0.16602 -13
0.20136 0.08536 53.59651 0 -2.57500 -6.22500 52.54937 0.10308 -13
1.02065 0.12740 47.01552 0 -3.85000 -31.55000 33.03889 0.14447 13
1.04936 -0.27248 47.01552 0 8.20000 -32.40000 33.03889 0.14850 13
-0.27223 0.05477 60.56316 0 -1.65000 9.12500 58.44244 0.10451 -13
0.57846 -0.20849 92.45713 0 6.30000 -18.52500 80.45288 0.11822 -13
-0.69410 -0.01954 11.75523 0 0.55000 22.20000 9.65773 0.12260 13
0.93875 -0.04061 49.36824 0 1.20000 -29.92500 36.00716 0.13818 13
-0.39563 0.10812 66.69013 0 -3.27500 12.15000 62.06144 0.10885 13
0.91654 -0.14364 82.39930 0 4.32500 -28.15000 61.02687 0.13736 13
-1.52000 -0.17996 97.91015 0 5.42500 48.95000 54.41147 0.18413 -13
-1.81826 -0.07071 12.41944 0 2.22500 54.77500 5.99698 0.20912 -13
-0.76143 -0.20669 18.18374 0 6.20000 22.22500 14.57733 0.12825 13
-1.16068 0.01784 86.96550 0 -0.55000 35.80000 56.76933 0.15429 13
1.93015 -0.10195 47.92702 0 3.10000 -59.22500 22.13636 0.21918 -13
1.61502 -0.14035 33.90253 0 4.20000 -46.22500 17.97370 0.19179 13
1.57707 0.12789 37.55980 0 -3.87500 -46.45000 20.22988 0.18852 13
1.62122 -0.27199 37.55980 0 8.17500 -47.77500 20.22988 0.19372 13
-0.17483 0.13734 19.84995 0 -4.17500 3.32500 19.55879 0.10317 13
-0.17908 -0.26201 19.84995 0 7.87500 3.45000 19.55879 0.10563 13
-1.29519 -0.06345 11.81193 0 1.97500 38.47500 7.22797 0.16493 -13
0.04934 0.02871 64.42510 0 -0.85000 0.02500 64.34688 0.10087 -13
-0.14390 -0.10258 55.53877 0 3.10000 6.82500 54.97834 0.10227 -13
0.21484 -0.07818 54.91429 0 2.37500 -5.87500 53.69644 0.10331 -13
-0.43176 0.12725 17.34112 0 -3.87500 10.82500 15.94062 0.11045 13
-0.44394 -0.27266 17.34112 0 8.20000 11.17500 15.94062 0.11352 13
-1.47643 -0.23402 59.02260 0 7.05000 44.22500 33.70518 0.18109 13
0.55926 -0.00780 95.71600 0 0.22500 -16.02500 83.53984 0.11538 13
-1.61825 0.15434 4.39139 0 -4.45000 49.32500 2.32803 0.19207 -13
-1.64635 -0.24387 4.39139 0 7.57500 50.30000 2.32803 0.19593 -13
-0.72043 0.14581 98.86463 0 -4.40000 21.40000 80.50227 0.12498 13
-0.73538 -0.25311 98.86463 0 7.62500 21.85000 80.50227 0.12757 13
-0.25599 -0.06695 11.81839 0 1.97500 4.42500 11.45081 0.10416 13
-1.04040 0.05052 78.17432 0 -1.52500 33.17500 54.20820 0.14541 -13
0.14298 0.06985 90.94521 0 -2.10000 -3.75000 90.03397 0.10196 -13
-0.06480 -0.06242 76.61529 0 1.90000 0.70000 76.45553 0.10111 -13
-0.03508 -0.18877 96.06983 0 5.70000 0.55000 96.01279 0.10255 -13
0.96923 -0.24665 20.66620 0 7.40000 -26.65000 15.05024 0.14239 13
-1.70569 -0.00546 14.48180 0 0.10000 52.62500 7.32498 0.19910 13
-0.24489 0.07873 44.02907 0 -2.37500 8.50000 42.77288 0.10398 -13
-0.47242 -0.11689 44.65112 0 3.50000 13.00000 40.42249 0.11186 13
-0.47242 -0.11689 44.65112 0 3.52500 13.00000 40.42249 0.11199 13
0.79341 -0.02308 51.01161 0 0.67500 -21.57500 39.96575 0.12857 13
-0.99882 -0.07491 72.15965 0 2.25000 28.97500 51.12624 0.14253 13
-0.11148 -0.15236 47.83175 0 4.57500 3.80000 47.54395 0.10247 13
0.45389 0.14637 37.38649 0 -4.40000 -14.00000 34.10472 0.11156 -13
0.46319 -0.25250 37.38649 0 7.62500 -14.30000 34.10472 0.11387 -13
-0.18351 0.00410 59.43870 0 -0.12500 4.80000 58.46244 0.10239 -13
-1.32639 -0.21709 21.30341 0 6.60000 37.50000 13.01364 0.16874 -13
0.95365 -0.01907 23.11668 0 0.60000 -27.45000 16.73068 0.13911 -13
0.16858 -0.73122 23.11668 0 0.60000 -27.45000 16.73068 0.13918 -13
1.91784 -6.86502 23.11668 0 1.37500 -28.17500 16.73068 0.14940 -13
-0.16695 0.07781 23.11668 0 2.37500 -28.62500 16.73068 0.16840 -13
-0.49927 -0.57663 23.11668 0 1.05000 -30.60000 16.73068 0.18005 -13
0.59691 0.79949 23.11668 0 2.22500 -29.82500 16.73068 0.18601 -13
0.28086 -1.18120 23.11668 0 2.70000 -30.22500 16.73068 0.18903 -13
-0.30099 0.63535 23.11668 0 3.50000 -30.20000 16.73068 0.19374 -13
0.29173 -0.21164 11.94914 0 6.42500 -7.25000 11.49033 0.10708 -13
0.89939 -0.12407 13.86734 0 3.80000 -25.25000 10.34591 0.13605 -13
0.03020 -0.01853 10.44339 0 0.60000 -3.57500 10.43863 0.10077 -13
0.34743 -0.06554 6.31645 0 1.90000 -11.42500 5.96790 0.10681 13
-0.61008 -0.09015 98.71010 0 2.70000 19.85000 84.35833 0.11831 13
-0.85277 0.14433 95.60375 0 -4.35000 24.90000 73.05968 0.13314 13
-0.87097 -0.25468 95.60375 0 7.67500 25.45000 73.05968 0.13597 13
1.07561 -0.20202 85.09053 0 6.07500 -32.12500 58.55671 0.14928 13
-0.00614 -0.22987 1.97548 0 7.20000 -2.07500 1.97545 0.10369 -13
-1.56878 -0.16961 10.87266 0 5.02500 46.87500 5.90300 0.18804 13
0.27023 -0.08896 46.37718 0 2.67500 -6.60000 44.78331 0.10470 13
-0.04195 0.06805 19.74111 0 -2.07500 -1.50000 19.72383 0.10103 13
-1.40124 -0.01248 72.98923 0 0.40000 42.37500 42.40093 0.17336 -13
-2.04684 -0.24489 55.93731 0 7.40000 58.87500 25.13551 0.23077 -13
0.64221 -0.05478 21.76008 0 1.62500 -20.40000 18.31723 0.11981 13
1.45521 -0.17725 75.80687 0 5.35000 -43.57500 43.38470 0.17872 -13
-1.35764 -0.10933 41.53711 0 3.32500 40.60000 24.72939 0.17017 -13
-1.23802 0.02148 2.62822 0 -0.95000 37.07500 1.65156 0.16047 13
0.52577 0.08616 82.27246 0 -2.60000 -15.92500 72.87914 0.11410 -13
0.05931 0.06269 91.19244 0 -1.90000 -1.02500 91.03346 0.10108 13
-0.05924 -0.22579 19.12348 0 6.85000 0.32500 19.09164 0.10343 -13
-0.02739 0.05558 84.39702 0 -1.67500 0.47500 84.36548 0.10090 13
0.03527 -0.01043 34.90115 0 0.32500 -3.37500 34.87946 0.10077 -13
0.19456 0.05182 11.87549 0 -1.52500 -6.27500 11.65742 0.10272 -13
-0.02679 0.06058 8.30301 0 -1.90000 0.92500 8.30006 0.10094 13
0.79600 -0.04139 84.10830 0 1.25000 -24.05000 65.82741 0.12878 -13
0.60840 0.06929 18.60997 0 -2.05000 -19.22500 15.90854 0.11808 -13
1.10270 0.08385 41.88522 0 -2.52500 -34.22500 28.19176 0.15014 -13
0.44973 0.08154 58.40984 0 -2.47500 -14.95000 53.30050 0.11072 13
-0.19012 -0.24233 96.93291 0 7.32500 6.75000 95.31943 0.10538 -13
0.52867 0.08212 93.78927 0 -2.47500 -17.57500 82.97543 0.11421 13
-1.58637 0.14326 73.72715 0 -4.30000 46.22500 39.60111 0.18939 -13
-1.62086 -0.25575 73.72715 0 7.72500 47.27500 39.60111 0.19354 -13
0.40841 -0.24708 54.78938 0 7.45000 -9.37500 50.93215 0.11158 13
-1.12117 -0.14142 29.81057 0 4.25000 33.45000 19.95123 0.15194 13
-1.32809 -0.18679 53.25240 0 5.62500 40.37500 32.38146 0.16845 13
0.66946 -0.03210 38.05415 0 0.95000 -18.80000 31.62711 0.12123 13
0.59446 0.09295 61.46315 0 -2.80000 -19.35000 52.89246 0.11752 -13
1.49146 -0.22676 27.63487 0 6.80000 -47.60000 15.65562 0.18223 13
-1.10719 -0.22788 22.31979 0 6.85000 33.37500 15.16765 0.15195 13
1.26626 -0.00468 91.65920 0 0.15000 -37.77500 56.80782 0.16249 -13
0.61028 -0.22671 48.63041 0 6.85000 -21.05000 41.78850 0.12018 -13
0.13670 -0.11398 58.90452 0 3.42500 -5.35000 58.36856 0.10228 13
-0.97383 0.08983 58.11513 0 -2.72500 26.47500 41.71651 0.14086 13
0.80823 -0.06601 85.33672 0 2.00000 -24.40000 66.42638 0.12965 -13
0.17353 0.04516 37.69256 0 -1.35000 -6.07500 37.13865 0.10231 -13
0.81481 0.08797 23.17008 0 -2.67500 -25.07500 17.98983 0.13021 13
-0.18757 0.01039 74.37064 0 -0.30000 6.90000 73.09597 0.10246 -13
-0.45689 -0.21265 15.17212 0 6.45000 10.10000 13.85209 0.11279 -13
0.35991 -0.07790 94.93288 0 2.35000 -11.05000 89.35481 0.10731 13
0.16971 0.08196 13.66161 0 -2.42500 -6.55000 13.47027 0.10247 -13
0.71455 -0.06187 95.09233 0 1.87500 -24.45000 77.42040 0.12392 -13
0.02951 -0.21509 32.55942 0 6.50000 -1.05000 32.54587 0.10306 -13
0.37698 -0.22753 58.46216 0 6.87500 -9.85000 54.87240 0.11004 -13
0.75329 -0.13761 57.20872 0 4.15000 -24.47500 45.84926 0.12683 13
0.10805 0.09382 86.65855 0 -2.82500 -3.22500 86.16135 0.10173 13
-0.24242 0.13877 36.19512 0 -4.20000 6.05000 35.19472 0.10456 13
-0.24812 -0.26050 36.19512 0 7.85000 6.20000 35.19472 0.10701 13
0.07520 -0.13960 25.76074 0 4.20000 -0.75000 25.68959 0.10190 13
0.87555 0.07730 51.84840 0 -2.32500 -25.17500 39.05935 0.13407 -13
-0.16772 -0.18548 84.24136 0 5.60000 4.72500 83.11886 0.10381 -13
1.14118 -0.00415 82.37260 0 0.12500 -38.07500 54.28710 0.15280 -13
-0.89267 0.01560 39.16112 0 -0.47500 28.32500 29.21608 0.13500 13
-0.94979 -0.03677 57.36670 0 1.12500 27.65000 41.60840 0.13894 -13
0.55295 0.08155 16.98027 0 -2.50000 -16.90000 14.87123 0.11538 13
-0.95425 -0.15245 4.70373 0 4.45000 30.50000 3.42193 0.13996 13
-0.50699 -0.12494 18.32012 0 3.80000 14.42500 16.36584 0.11362 -13
0.95798 -0.08488 19.63530 0 2.60000 -27.37500 14.20336 0.13973 -13
0.77956 -0.03797 46.05703 0 1.12500 -23.55000 36.33379 0.12774 13
-0.79604 0.08350 20.38112 0 -2.50000 23.20000 15.96810 0.12897 -13
0.65526 0.04215 88.53086 0 -1.27500 -19.05000 74.06943 0.12047 -13
1.11862 -0.13492 55.03079 0 4.05000 -33.97500 36.86041 0.15169 13
1.01223 -0.15635 58.18090 0 4.72500 -31.75000 41.13852 0.14416 -13
-1.26317 -0.02840 83.16828 0 0.87500 37.90000 51.63538 0.16227 -13
-1.03887 -0.06952 8.96106 0 2.02500 34.22500 6.22216 0.14537 13
1.12696 -0.03988 92.70640 0 1.20000 -35.47500 61.55821 0.15178 13
-2.06991 -0.09262 86.21512 0 2.80000 62.17500 37.63606 0.23169 -13
-1.19747 -0.10289 5.61538 0 2.97500 33.80000 3.61082 0.15739 13
0.28319 -0.09119 31.12786 0 2.72500 -8.90000 29.95921 0.10506 13
-1.24156 -0.00693 61.28098 0 0.20000 36.92500 38.44068 0.16055 13
0.07568 -0.03459 19.47049 0 1.02500 -1.42500 19.41503 0.10105 13
1.73371 -0.02680 18.13334 0 0.85000 -52.72500 9.06260 0.20158 -13
0.45538 -0.00102 64.93348 0 0.02500 -14.77500 59.09468 0.11065 13
0.86882 -0.22114 67.19527 0 6.67500 -27.50000 51.24079 0.13526 -13
1.57151 -0.11281 23.25737 0 3.45000 -46.92500 12.54230 0.18795 -13
-0.07460 0.14617 83.71238 0 -4.40000 2.00000 83.48523 0.10205 -13
-0.07613 -0.25274 83.71238 0 7.62500 2.05000 83.48523 0.10416 -13
0.34944 0.04114 85.62140 0 -1.25000 -13.65000 80.83610 0.10676 13
-1.02787 -0.13869 36.68256 0 4.20000 31.77500 25.70464 0.14510 -13
-0.32419 -0.19558 20.14289 0 5.87500 10.47500 19.19500 0.10766 13
-0.29513 -0.12366 74.46781 0 3.72500 8.92500 71.46527 0.10573 13
-0.75540 -0.14420 31.26746 0 4.32500 26.90000 25.04204 0.12703 13
-1.46522 -0.04693 39.48116 0 1.40000 46.12500 22.27353 0.17869 13
1.84283 -0.10426 86.59290 0 3.15000 -55.22500 41.47286 0.21141 -13
-0.50490 0.08343 68.14307 0 -2.50000 14.30000 60.87233 0.11312 -13
-0.35378 -0.08297 3.45761 0 2.65000 10.25000 3.26088 0.10724 -13
-0.12059 -0.20567 60.86405 0 6.20000 2.40000 60.44387 0.10353 -13
0.46566 -0.17196 37.84406 0 5.17500 -15.55000 34.39514 0.11242 13
0.24027 -0.13983 42.52685 0 4.22500 -3.92500 41.37194 0.10453 -13
0.14633 -0.01745 21.13347 0 0.55000 -6.52500 20.91085 0.10179 -13
-1.35424 -0.14581 10.28853 0 4.32500 40.77500 6.15261 0.17012 13
-1.29609 0.10345 25.46183 0 -3.10000 39.57500 15.60496 0.16518 -13
-0.06360 -0.13637 60.45043 0 4.10000 2.62500 60.33081 0.10183 13
0.20424 -0.07864 34.17409 0 2.37500 -4.82500 33.48720 0.10309 -13
1.35549 0.11263 52.97621 0 -3.37500 -40.25000 31.57886 0.17000 -13
-0.34521 -0.11106 11.32003 0 3.30000 12.72500 10.70742 0.10711 13
0.73518 0.10337 74.86017 0 -3.10000 -23.00000 60.42639 0.12542 -13
1.89900 0.06326 91.48261 0 -1.92500 -57.07500 42.69261 0.21623 13
0.94874 -0.05787 18.82799 0 1.70000 -27.97500 13.66960 0.13893 13
2.06146 -0.07095 3.83939 0 1.87500 -61.25000 1.67848 0.23088 13
1.26380 0.12753 21.05953 0 -3.87500 -38.80000 13.13313 0.16281 13
1.29930 -0.27253 21.05953 0 8.17500 -39.85000 13.13313 0.16731 13
-0.53593 0.10337 35.84645 0 -3.10000 17.40000 31.63237 0.11472 -13
-1.93718 0.08048 58.22045 0 -2.40000 59.87500 26.77384 0.21969 -13
-0.34623 0.07652 46.63753 0 -2.32500 10.07500 44.08428 0.10685 13
0.65134 -0.19055 57.25751 0 5.75000 -20.52500 48.23020 0.12169 13
-0.57633 0.00322 47.83169 0 -0.10000 17.95000 41.44184 0.11623 13
-0.05377 -0.24239 72.10100 0 7.30000 1.17500 72.00275 0.10376 13
-0.00332 0.14229 23.12510 0 -4.27500 0.62500 23.12497 0.10171 -13
-0.00340 -0.25676 23.12510 0 7.77500 0.62500 23.12497 0.10399 -13
-1.23828 0.06094 5.51249 0 -1.70000 39.57500 3.46736 0.16038 -13
-0.69758 0.05129 97.94875 0 -1.55000 21.82500 80.36858 0.12289 -13
1.84532 0.13471 69.42562 0 -4.07500 -56.95000 33.30728 0.21181 13
1.89187 -0.26474 69.42562 0 7.97500 -58.35000 33.30728 0.21711 13
0.06344 0.03333 89.41395 0 -1.00000 -1.75000 89.23479 0.10096 -13
0.46359 0.12882 84.49275 0 -3.87500 -14.30000 76.76720 0.11175 -13
0.47636 -0.27093 84.49275 0 8.17500 -14.67500 76.76720 0.11484 -13
0.21412 -0.06361 75.08817 0 1.92500 -7.22500 73.43055 0.10319 -13
0.33318 0.05019 59.42275 0 -1.52500 -9.80000 56.38290 0.10627 13
-0.27982 -0.05654 52.01803 0 1.70000 9.25000 50.09968 0.10472 13
-0.01329 0.00349 63.33786 0 -0.10000 -0.60000 63.33227 0.10071 -13
0.24432 -0.17930 42.96784 0 5.42500 -5.77500 41.77673 0.10523 -13
-0.98031 -0.13516 55.42387 0 4.07500 28.52500 39.75439 0.14166 13
1.04449 -0.17107 72.25123 0 5.15000 -28.90000 50.34041 0.14662 13
0.18281 -0.08196 54.14253 0 2.47500 -8.60000 53.26564 0.10270 13
-1.05214 -0.22998 9.77353 0 7.02500 31.27500 6.82395 0.14809 -13
-1.76669 -0.23753 30.68002 0 7.12500 49.20000 15.42802 0.20578 13
0.18904 -0.01221 29.96884 0 0.35000 -6.20000 29.44737 0.10250 13
0.35858 -0.07416 51.11102 0 2.22500 -10.32500 48.12666 0.10724 13
-0.48168 -0.14842 45.87610 0 4.47500 13.77500 41.41516 0.11277 13
0.04785 -0.23207 29.13816 0 6.97500 -1.30000 29.10649 0.10348 13
-0.24937 -0.17203 81.57876 0 5.20000 9.32500 79.22126 0.10522 -13
-0.35820 0.12712 70.32002 0 -3.82500 10.07500 66.26106 0.10773 -13
-0.36831 -0.27272 70.32002 0 8.22500 10.37500 66.26106 0.11078 -13
0.03473 0.09246 66.91474 0 -2.77500 -1.30000 66.87479 0.10119 -13
-0.04227 0.12286 37.24133 0 -3.72500 0.45000 37.20860 0.10155 13
-0.04354 -0.27730 37.24133 0 8.35000 0.50000 37.20860 0.10458 13
0.81499 -0.04523 13.51834 0 1.40000 -24.97500 10.48348 0.13000 -13
-0.28113 -0.18600 78.42793 0 5.62500 7.80000 75.59369 0.10628 -13
0.18870 -0.18320 48.63826 0 5.52500 -3.20000 47.82143 0.10413 13
-1.93893 -0.12158 16.86029 0 3.72500 58.57500 7.77285 0.22011 -13
-0.16816 -0.23570 81.58391 0 7.12500 5.00000 80.51266 0.10484 -13
-0.01470 -0.09507 26.67474 0 2.87500 -0.47500 26.67189 0.10117 -13
1.16557 0.12572 80.68294 0 -3.80000 -34.70000 52.77272 0.15518 13
1.19917 -0.27422 80.68294 0 8.27500 -35.72500 52.77272 0.15963 13
0.11811 -0.02286 1.63450 0 0.97500 -2.10000 1.62323 0.10167 -13
-0.13454 0.01517 89.77376 0 -0.45000 4.07500 88.97231 0.10162 -13
-1.31123 -0.17678 56.29381 0 5.35000 39.22500 34.46895 0.16703 -13
0.60622 -0.12937 11.90503 0 3.85000 -19.02500 10.20302 0.11846 13
-0.64754 0.05317 37.51382 0 -1.62500 19.77500 31.50186 0.12009 13
-1.04338 0.06295 59.06868 0 -1.90000 30.67500 40.91471 0.14568 13
0.82092 -0.21467 39.21150 0 6.50000 -26.70000 30.58004 0.13208 -13
0.38956 -0.21686 58.28247 0 6.52500 -10.92500 54.46880 0.11025 13
1.23444 -0.16679 20.99249 0 5.07500 -37.65000 13.32319 0.16090 -13
-0.37659 -0.02497 40.91984 0 0.77500 13.10000 38.29588 0.10764 -13
-0.21376 0.06287 92.19832 0 -1.90000 7.62500 90.16901 0.10317 13
1.64643 0.11230 39.35073 0 -3.37500 -48.87500 20.52106 0.19430 -13
-1.13841 0.08375 16.35309 0 -2.47500 32.45000 10.81345 0.15281 -13
0.01580 0.00682 59.47211 0 -0.20000 0.82500 59.46468 0.10072 -13
0.05152 0.09061 86.12382 0 -2.75000 -3.67500 86.01067 0.10125 13
0.38201 0.04401 15.33919 0 -1.30000 -12.00000 14.33105 0.10789 -13
-1.85016 0.02770 88.70579 0 -0.82500 59.07500 42.19079 0.21181 -13
-0.26366 -0.16400 53.41708 0 4.92500 5.70000 51.69588 0.10544 13
0.64815 -0.19791 38.87042 0 5.95000 -20.20000 32.80141 0.12164 13
-0.26413 -0.20525 1.68645 0 5.87500 6.57500 1.63270 0.10618 13
0.52376 -0.22713 46.97424 0 6.87500 -15.65000 41.83345 0.11597 -13
-0.33463 0.07947 10.59918 0 -2.45000 10.97500 10.05456 0.10651 13
0.44343 -0.04725 39.96379 0 1.40000 -15.55000 36.53986 0.11026 13
0.13844 -0.05639 11.38507 0 1.65000 -4.32500 11.27785 0.10182 13
1.69940 0.03710 88.86216 0 -1.12500 -50.72500 45.09006 0.19861 13
0.13151 -0.04355 4.22173 0 1.20000 -0.45000 4.18575 0.10168 13
0.32617 0.08242 26.83715 0 -2.50000 -11.22500 25.52257 0.10626 13
0.16858 0.01040 29.92806 0 -0.30000 -3.85000 29.51172 0.10213 -13
1.44194 0.06822 34.50491 0 -2.02500 -43.40000 19.69427 0.17683 -13
0.72621 0.09635 7.23667 0 -3.00000 -22.65000 5.86477 0.12488 13
0.50872 -0.00155 92.90629 0 0.05000 -17.57500 82.80704 0.11298 -13
-0.91548 0.08208 92.91896 0 -2.47500 27.30000 68.64070 0.13678 13
0.71378 -0.21771 78.13213 0 6.57500 -19.47500 64.08528 0.12566 -13
-1.01053 0.10020 23.36565 0 -3.00000 29.92500 16.47616 0.14351 -13
0.34392 0.07285 29.06771 0 -2.17500 -10.42500 27.49548 0.10666 -13
-0.09021 -0.24617 15.01173 0 7.40000 2.90000 14.95450 0.10408 13
1.34816 -0.09351 1.05397 0 3.67500 -39.37500 0.63002 0.17058 -13
1.98083 -0.22745 21.94915 0 6.90000 -58.60000 10.09304 0.22468 -13
0.05382 -0.13823 25.61486 0 4.15000 -2.17500 25.57853 0.10180 13
0.12484 -0.07140 83.31796 0 2.15000 -5.12500 82.67937 0.10174 13
-0.85095 -0.08775 34.79927 0 2.67500 26.57500 26.54519 0.13253 -13
-0.08123 -0.20548 4.55494 0 6.07500 0.70000 4.54062 0.10308 13
0.80384 -0.20031 63.94561 0 6.02500 -22.97500 50.22130 0.13076 13
-0.60810 -0.22176 18.67341 0 6.65000 17.50000 16.05720 0.11992 13
0.96729 0.13376 1.26730 0 -3.50000 -29.25000 0.91472 0.14095 -13
-0.09710 -0.04286 17.04765 0 1.32500 2.87500 16.96808 0.10128 -13
-0.89699 0.05456 5.71159 0 -1.52500 29.40000 4.25442 0.13539 -13
-0.23562 0.10923 44.79711 0 -3.30000 9.30000 43.61650 0.10405 13
-1.39084 0.02420 72.09157 0 -0.75000 42.62500 42.09217 0.17253 13
-1.75006 0.01992 34.29547 0 -0.62500 52.85000 17.01738 0.20299 13
0.19839 -0.00156 87.47210 0 0.05000 -7.90000 85.79987 0.10267 13
-1.29523 0.11680 26.52549 0 -3.50000 38.35000 16.27835 0.16519 -13
-1.16805 -0.04467 70.62108 0 1.35000 36.10000 45.95503 0.15491 13
