0.06931 0.04178 17.87405 0 -1.22500 -2.20000 17.83135 0.10103 -13
-1.87071 -0.15710 45.89404 0 4.72500 55.32500 21.84136 0.21418 13
0.53567 -0.03472 59.13169 0 1.05000 -20.00000 52.13159 0.11429 13
-0.32619 0.02042 70.26047 0 -0.60000 8.67500 66.79793 0.10594 -13
-0.54515 -0.06691 32.29319 0 2.02500 17.27500 28.36813 0.11490 -13
1.65572 -0.10552 53.10516 0 3.20000 -48.05000 27.56605 0.19509 -13
0.85635 -0.21577 6.81909 0 6.60000 -28.67500 5.22878 0.13446 -13
-1.14478 -0.09084 40.81900 0 2.75000 33.95000 26.91627 0.15336 -13
-0.97133 0.08920 75.42225 0 -2.70000 29.45000 54.20564 0.14068 13
0.05680 0.14589 32.29140 0 -4.42500 1.35000 32.24057 0.10194 13
0.05796 -0.25306 32.29140 0 7.62500 1.30000 32.24057 0.10403 13
0.09083 0.06826 38.50142 0 -2.05000 -3.35000 38.34433 0.10135 -13
1.26244 -0.04510 96.57600 0 1.35000 -38.62500 60.00314 0.16225 13
-0.61005 0.08361 81.10454 0 -2.52500 17.70000 69.30252 0.11826 -13
0.45363 -0.03086 91.09538 0 0.92500 -13.27500 82.96548 0.11062 -13
-0.55963 0.12969 98.02815 0 -3.90000 13.42500 85.71312 0.11614 -13
-0.57486 -0.27001 98.02815 0 8.15000 13.90000 85.71312 0.11930 -13
1.09073 -0.12855 90.21759 0 3.87500 -31.25000 61.23901 0.14957 13
0.49149 0.02467 55.26805 0 -0.72500 -14.60000 49.60364 0.11224 -13
0.77535 0.02574 96.92366 0 -0.77500 -24.60000 76.60639 0.12745 -13
-1.61754 -0.02781 52.43151 0 0.85000 47.42500 27.57884 0.19153 -13
-0.03036 -0.00622 37.09368 0 0.17500 0.80000 37.07660 0.10075 13
-0.25693 0.11794 8.63899 0 -3.50000 7.20000 8.37073 0.10464 -13
-0.27004 -0.00963 72.21561 0 0.27500 7.60000 69.71868 0.10431 13
1.41467 0.13272 49.95090 0 -3.97500 -42.10000 29.00036 0.17497 -13
1.45137 -0.26679 49.95090 0 8.07500 -43.20000 29.00036 0.17956 -13
0.58226 -0.22033 8.21779 0 6.57500 -15.45000 7.14386 0.11857 13
0.03802 -0.18623 93.89258 0 5.62500 -2.00000 93.82703 0.10251 -13
0.69651 -0.02651 74.34941 0 0.80000 -22.05000 61.01670 0.12275 13
0.67790 0.14766 12.89228 0 -4.50000 -21.30000 10.70714 0.12244 13
0.69146 -0.25123 12.89228 0 7.52500 -21.70000 10.70714 0.12498 13
1.84907 0.05474 76.50727 0 -1.67500 -55.85000 36.43775 0.21176 13
-1.46607 0.12021 25.62645 0 -3.60000 45.92500 14.51138 0.17910 -13
-1.51167 -0.27997 25.62645 0 8.47500 47.32500 14.51138 0.18473 -13
2.12453 -0.22746 20.60396 0 6.92500 -64.85000 8.95757 0.23765 -13
0.21246 0.08801 72.47814 0 -2.65000 -4.30000 70.90749 0.10333 -13
0.98874 -0.10675 35.38189 0 3.20000 -29.50000 25.23065 0.14202 13
-0.92450 -0.03686 1.18730 0 0.55000 29.72500 0.87228 0.13765 13
0.70421 -0.00451 20.23456 0 0.17500 -21.52500 16.54397 0.12317 -13
-0.19282 0.11068 36.50102 0 -3.32500 4.85000 35.84862 0.10315 -13
1.04488 0.14148 29.31965 0 -4.25000 -34.35000 20.37702 0.14633 -13
1.06837 -0.25762 29.31965 0 7.80000 -35.07500 20.37702 0.14966 -13
0.38094 0.25070 29.31965 0 7.72500 -35.00000 20.37702 0.14954 -13
-1.52876 0.04034 91.18627 0 -1.22500 43.60000 49.94560 0.18401 13
0.19077 -0.03805 30.86287 0 1.17500 -10.77500 30.31689 0.10259 -13
0.14912 0.13450 47.87829 0 -4.05000 -8.32500 47.36394 0.10271 -13
0.15288 -0.26492 47.87829 0 8.00000 -8.45000 47.36394 0.10532 -13
0.40135 -0.09048 34.92140 0 2.72500 -12.00000 32.42693 0.10889 13
0.39160 -0.00012 93.73617 0 -0.00000 -11.32500 87.28240 0.10815 -13
1.78434 -0.21052 53.24142 0 6.37500 -51.05000 26.45974 0.20711 -13
-0.30208 0.07909 45.42165 0 -2.37500 10.05000 43.49231 0.10550 -13
0.58638 0.13887 95.00316 0 -4.20000 -18.50000 82.15207 0.11758 13
0.60018 -0.26037 95.00316 0 7.85000 -18.90000 82.15207 0.12033 13
-0.05489 -0.18534 53.91908 0 5.57500 1.40000 53.84069 0.10256 13
0.39860 -0.16180 48.81587 0 4.87500 -11.60000 45.42553 0.10962 13
-0.84793 -0.17972 99.25886 0 5.42500 27.05000 76.20724 0.13327 -13
-1.16159 0.09285 69.76092 0 -2.80000 35.25000 45.62560 0.15464 13
0.22907 0.10711 62.17378 0 -3.22500 -6.70000 60.62113 0.10387 -13
1.06825 -0.00237 26.03152 0 0.05000 -33.70000 17.79001 0.14736 13
1.36108 1.82839 26.03152 0 -0.00000 -33.70000 17.79001 0.14740 13
-2.96030 -1.76970 26.03152 0 0.47500 -38.27500 17.79001 0.17295 13
0.09766 0.89732 26.03152 0 -1.47500 -39.85000 17.79001 0.18525 13
-7.53426 -116.84624 26.03152 0 -0.82500 -40.35000 17.79001 0.22081 13
0.19708 0.07783 26.03152 0 -0.15000 -40.07500 17.79001 0.22864 13
0.06629 -0.20476 72.98615 0 6.17500 -1.25000 72.83274 0.10301 -13
1.30712 0.08644 82.23440 0 -2.60000 -43.25000 50.08370 0.16596 -13
0.09791 -0.20211 76.04558 0 6.10000 -1.42500 75.69768 0.10322 -13
-0.66334 0.04322 31.73975 0 -1.32500 22.07500 26.45732 0.12093 13
-0.93595 -0.14293 1.03717 0 3.67500 27.72500 0.76130 0.13894 13
0.93380 0.05522 91.98533 0 -1.67500 -27.35000 67.27827 0.13790 13
1.06095 -0.16445 66.75557 0 4.95000 -31.35000 46.11024 0.14774 13
1.42938 0.09832 86.52486 0 -2.97500 -43.80000 49.75900 0.17596 13
-1.08441 -0.12739 13.69714 0 3.90000 30.75000 9.32574 0.14914 -13
-1.82427 -0.21172 29.83105 0 6.42500 55.55000 14.58238 0.21062 -13
-0.09804 -0.07055 79.35843 0 2.12500 2.85000 78.98170 0.10143 13
0.73191 -0.03806 83.13213 0 1.15000 -22.15000 67.10092 0.12485 -13
0.36023 0.02465 96.92520 0 -0.75000 -10.22500 91.19206 0.10707 -13
-0.26670 0.04355 55.61962 0 -1.32500 5.22500 53.74453 0.10432 13
-0.22482 -0.03529 10.28162 0 1.12500 8.30000 10.03147 0.10329 -13
-1.06896 0.06848 90.52033 0 -2.07500 31.65000 61.91706 0.14757 13
0.50613 -0.14868 45.69457 0 4.47500 -14.25000 40.86036 0.11385 13
-0.10517 -0.10447 97.65182 0 3.15000 3.45000 97.12197 0.10181 -13
-1.16620 -0.02579 16.66533 0 0.72500 34.00000 10.85007 0.15473 13
-0.04920 -0.17687 76.84637 0 5.32500 1.40000 76.75633 0.10238 13
1.15375 -0.03369 18.67572 0 1.05000 -37.62500 12.23579 0.15381 -13
0.70645 0.00266 59.55647 0 -0.10000 -20.35000 48.64286 0.12330 13
1.52519 0.05173 52.30902 0 -1.57500 -45.00000 28.70851 0.18374 13
1.26730 -0.13774 56.02261 0 4.17500 -38.82500 34.90440 0.16317 -13
1.15326 -0.09341 31.92789 0 2.80000 -33.60000 20.96820 0.15400 13
-1.00937 -0.21177 84.07964 0 6.37500 33.37500 59.82657 0.14466 13
-0.34995 0.03635 54.28026 0 -1.10000 11.52500 51.23738 0.10676 13
-0.19041 0.01496 57.14020 0 -0.45000 8.02500 56.13192 0.10253 -13
0.06523 0.01527 16.38725 0 -0.50000 -1.80000 16.35252 0.10093 13
-0.07693 -0.02841 57.62185 0 0.87500 2.35000 57.45220 0.10104 -13
-0.12446 0.01564 28.19019 0 -0.45000 2.72500 27.97440 0.10149 -13
-0.42094 -0.04193 84.01228 0 1.27500 12.92500 77.44188 0.10934 -13
-0.84732 -0.12315 29.68590 0 3.72500 25.45000 22.71986 0.13259 -13
-0.51852 -0.05742 46.61227 0 1.75000 12.67500 41.39464 0.11358 -13
-0.40372 -0.14088 46.59652 0 4.25000 9.07500 43.26723 0.10953 -13
0.11871 -0.23141 17.68755 0 7.00000 -1.47500 17.57049 0.10408 -13
-2.12186 0.13686 93.99530 0 -4.12500 64.32500 40.37577 0.23661 -13
-1.59778 -0.15728 35.69842 0 4.72500 48.02500 19.10500 0.19045 13
0.53587 -0.01202 65.45144 0 0.37500 -15.65000 57.69131 0.11426 -13
0.55788 -0.07987 96.58571 0 2.42500 -17.70000 84.41162 0.11559 -13
-0.87993 0.01693 62.07265 0 -0.52500 26.65000 46.60300 0.13415 13
0.08483 -0.24074 13.16637 0 7.22500 -1.95000 13.12176 0.10391 13
0.95810 0.08253 6.62795 0 -2.60000 -27.65000 4.79237 0.13980 13
-0.53036 -0.11383 35.47712 0 3.42500 13.65000 31.38612 0.11456 13
0.53038 -0.12256 38.19764 0 3.67500 -16.47500 33.80003 0.11465 13
-0.13612 0.09216 5.39185 0 -2.70000 6.20000 5.34293 0.10205 -13
-1.20604 0.09958 26.40293 0 -3.02500 37.02500 16.90130 0.15812 13
-0.61403 -0.18577 46.18458 0 5.60000 20.25000 39.53869 0.11963 13
0.24463 -0.13948 11.37320 0 4.17500 -7.37500 11.05359 0.10460 13
1.79667 -0.09115 27.12288 0 2.77500 -50.87500 13.23391 0.20727 -13
-0.86634 -0.06762 59.99491 0 2.05000 26.65000 45.38940 0.13341 -13
-0.53704 0.02596 61.58599 0 -0.77500 15.97500 54.26097 0.11433 -13
1.29160 -0.17839 62.81520 0 5.37500 -40.15000 38.83143 0.16546 13
-0.90399 -0.12411 69.82459 0 3.75000 24.17500 51.97532 0.13633 -13
0.60433 -0.02252 26.00446 0 0.65000 -17.30000 22.25755 0.11768 13
0.48157 0.12781 69.01894 0 -3.87500 -13.05000 62.27770 0.11251 13
0.49504 -0.27203 69.01894 0 8.20000 -13.45000 62.27770 0.11565 13
1.19155 -0.07938 61.67248 0 2.40000 -34.90000 39.71984 0.15686 -13
0.57144 0.02992 46.77479 0 -0.90000 -17.15000 40.61612 0.11602 -13
0.79433 -0.09317 41.05895 0 2.80000 -24.00000 32.20425 0.12894 13
0.34043 -0.21634 66.49431 0 6.52500 -8.35000 63.09314 0.10858 13
0.74228 0.11954 83.17640 0 -3.62500 -22.25000 66.95569 0.12599 13
0.76555 -0.28077 83.17640 0 8.47500 -22.95000 66.95569 0.12993 13
-0.69110 -0.34603 83.17640 0 -2.42500 -24.42500 66.95569 0.13837 13
-0.59794 -0.62860 83.17640 0 7.57500 -25.45000 66.95569 0.15179 13
0.79132 -0.96129 83.17640 0 -3.05000 -23.05000 66.95569 0.16770 13
1.51502 -0.16153 39.15310 0 4.90000 -44.75000 21.76254 0.18355 -13
0.70426 0.01010 17.71603 0 -0.35000 -21.42500 14.48466 0.12318 13
0.26951 -0.13701 21.70586 0 4.10000 -8.17500 20.97101 0.10520 13
0.33546 -0.13969 40.18395 0 4.20000 -10.25000 38.13429 0.10714 13
0.65469 -0.04197 51.81039 0 1.27500 -18.87500 43.35830 0.12045 -13
0.21338 -0.13024 33.52742 0 3.92500 -4.92500 32.80120 0.10380 13
-0.82019 0.00944 67.05278 0 -0.27500 24.12500 51.84588 0.13025 -13
1.13885 0.02842 47.07892 0 -0.87500 -32.07500 31.07039 0.15255 13
0.96881 -2.99323 47.07892 0 -0.82500 -32.07500 31.07039 0.15268 13
0.12511 3.41369 47.07892 0 -0.42500 -31.62500 31.07039 0.16096 13
-8.74287 -9.32181 47.07892 0 -0.52500 -31.15000 31.07039 0.16980 13
-0.74341 0.08688 31.44579 0 -2.65000 23.37500 25.26988 0.12580 13
0.21243 -0.18240 13.90458 0 5.47500 -5.42500 13.61061 0.10455 13
-0.63424 -0.17334 27.25402 0 5.25000 20.02500 23.11195 0.12053 -13
1.88192 0.03198 73.02185 0 -0.97500 -57.67500 34.27764 0.21464 13
0.71224 -0.06481 18.41451 0 1.92500 -18.60000 15.00938 0.12380 13
0.91206 -0.10384 71.53208 0 3.12500 -27.07500 52.98047 0.13669 13
1.06246 -0.04046 65.97301 0 1.20000 -32.07500 45.23619 0.14699 13
0.29725 -0.09250 60.34347 0 2.77500 -8.30000 57.86220 0.10547 13
1.01428 -0.15351 96.25381 0 4.62500 -32.52500 67.97557 0.14426 13
-2.08820 -0.14312 78.72854 0 4.30000 62.92500 34.28606 0.23358 13
-1.27097 -0.07397 34.58932 0 2.20000 38.55000 21.42376 0.16303 13
-1.30293 -0.12152 56.54222 0 3.65000 40.92500 34.58373 0.16584 13
-1.04630 0.04068 37.98812 0 -1.25000 31.87500 26.25837 0.14581 13
0.28521 -0.11352 14.68143 0 3.45000 -6.85000 14.12528 0.10535 -13
-0.01237 -0.18659 88.84336 0 5.62500 -2.02500 88.83680 0.10244 13
1.26434 -0.12637 23.49491 0 3.77500 -37.75000 14.64548 0.16281 13
-1.99331 0.08408 88.07367 0 -2.55000 59.32500 39.60389 0.22475 13
0.45136 -0.15847 43.10184 0 4.80000 -13.50000 39.36735 0.11164 -13
0.39492 -0.07330 78.56511 0 2.20000 -10.15000 73.09945 0.10852 13
0.60305 -0.02194 61.27170 0 0.67500 -18.60000 52.47253 0.11762 -13
-0.51619 -0.10810 43.52272 0 3.25000 13.60000 38.72147 0.11385 13
1.00480 -0.22440 6.33917 0 6.87500 -31.77500 4.52559 0.14470 -13
0.35031 -0.01926 6.54207 0 0.65000 -9.02500 6.17441 0.10674 -13
-0.71680 -0.03727 51.14546 0 1.10000 20.00000 41.57901 0.12395 13
1.64021 -0.19473 19.93764 0 5.92500 -46.22500 10.52005 0.19450 -13
1.50937 -0.13573 30.59524 0 4.07500 -45.97500 17.00556 0.18282 13
-0.20067 -0.24159 96.23337 0 7.27500 5.77500 94.45325 0.10555 13
0.88571 0.07598 12.22959 0 -2.35000 -27.95000 9.16615 0.13477 13
-1.96860 -0.03666 62.55487 0 1.10000 60.52500 28.34549 0.22238 13
0.29791 -0.22091 93.29827 0 6.67500 -8.92500 89.58490 0.10741 -13
0.42715 -0.16858 84.75990 0 5.07500 -12.37500 78.11340 0.11081 13
1.40395 -0.14779 34.00841 0 4.42500 -41.12500 19.87078 0.17420 13
1.87288 0.10750 39.16310 0 -3.27500 -54.57500 18.52872 0.21410 13
-0.05375 -0.17961 73.04944 0 5.40000 -1.47500 72.94745 0.10246 13
-2.08757 0.05968 34.76375 0 -1.82500 64.62500 15.04041 0.23320 13
0.44863 0.07009 69.27290 0 -2.10000 -12.95000 63.22962 0.11060 -13
-0.47633 -0.22985 35.27792 0 6.95000 15.22500 31.99809 0.11393 -13
0.48253 0.01504 36.71532 0 -0.45000 -14.52500 33.06778 0.11182 -13
0.57884 -0.11054 27.81523 0 3.35000 -17.32500 24.10971 0.11690 -13
0.35909 -0.03190 69.71268 0 0.97500 -10.37500 65.61466 0.10705 -13
-1.92585 0.14567 53.35784 0 -4.42500 57.62500 24.79201 0.21905 13
-1.96597 -0.25326 53.35784 0 7.62500 58.80000 24.79201 0.22354 13
0.42691 0.12614 8.62274 0 -3.75000 -12.37500 7.94004 0.11021 -13
0.43898 -0.27359 8.62274 0 8.32500 -12.75000 7.94004 0.11345 -13
0.19353 0.14230 81.29898 0 -4.27500 -8.80000 79.84658 0.10356 -13
0.19780 -0.25677 81.29898 0 7.75000 -8.92500 79.84658 0.10586 -13
-0.05936 0.12028 97.44535 0 -3.62500 2.80000 97.27659 0.10160 -13
-0.06119 -0.27998 97.44535 0 8.45000 2.87500 97.27659 0.10476 -13
0.25329 0.00905 21.10415 0 -0.30000 -9.82500 20.45812 0.10389 13
2.01103 -0.08656 4.31985 0 2.87500 -61.50000 1.92948 0.22655 -13
0.11108 -0.22082 89.87922 0 6.65000 -3.07500 89.35506 0.10373 13
-0.47956 -0.07385 73.64574 0 2.22500 13.25000 66.43852 0.11194 -13
-0.14918 -0.05340 73.03065 0 1.60000 4.67500 72.23353 0.10196 13
0.30059 0.13991 67.64233 0 -4.22500 -8.82500 64.83062 0.10609 -13
0.30752 -0.25927 67.64233 0 7.82500 -9.05000 64.83062 0.10855 -13
0.00268 -0.19815 41.19021 0 6.00000 1.12500 41.19006 0.10267 -13
-0.13028 -0.08732 57.69028 0 2.62500 4.82500 57.21051 0.10193 13
0.44890 0.00402 12.29850 0 -0.17500 -13.75000 11.21979 0.11039 13
1.51135 0.03365 29.45698 0 -0.97500 -47.17500 16.26065 0.18253 -13
0.10012 -0.19976 18.28161 0 6.00000 -5.12500 18.19419 0.10317 13
0.15581 -0.13053 99.61465 0 3.95000 -5.45000 98.44653 0.10276 -13
-0.05571 0.06498 95.12049 0 -1.97500 3.75000 94.97388 0.10107 13
-0.43028 -0.04184 16.08603 0 1.22500 15.05000 14.77831 0.10970 13
-0.12043 0.08076 29.06951 0 -2.42500 4.50000 28.86230 0.10175 -13
-1.59302 -0.00862 26.90103 0 0.30000 46.87500 14.30265 0.18943 -13
0.37658 -0.22433 83.01188 0 6.75000 -11.85000 77.91821 0.10995 13
0.73468 -0.03674 8.01173 0 1.02500 -22.47500 6.45823 0.12501 13
-0.70200 -0.10713 15.74972 0 3.20000 21.87500 12.91468 0.12349 13
0.64410 0.04244 21.75852 0 -1.25000 -18.00000 18.29748 0.11986 -13
-0.13592 -0.08969 54.41269 0 2.72500 2.35000 53.92081 0.10203 -13
0.25752 0.13649 20.76540 0 -4.15000 -10.07500 20.12095 0.10491 13
0.26394 -0.26291 20.76540 0 7.90000 -10.25000 20.12095 0.10744 13
0.55240 0.06019 99.04023 0 -1.80000 -17.47500 86.72912 0.11520 -13
0.49045 -0.08573 9.63997 0 2.65000 -13.87500 8.66136 0.11251 -13
-1.47602 -0.03130 4.21875 0 1.15000 43.15000 2.36698 0.17967 -13
-0.21630 -0.23303 54.90293 0 7.05000 2.67500 53.72382 0.10568 -13
-0.49801 0.08337 40.32524 0 -2.50000 12.80000 36.12147 0.11281 -13
-0.02667 0.07435 49.56337 0 -2.25000 -0.25000 49.54584 0.10102 13
-1.22372 0.01517 39.79000 0 -0.47500 37.97500 25.17966 0.15916 13
-0.69795 0.14917 80.40135 0 -4.50000 20.02500 66.16727 0.12372 -13
-0.71149 -0.24963 80.40135 0 7.52500 20.45000 66.16727 0.12613 -13
-0.00252 0.08955 84.53410 0 -2.70000 1.30000 84.53384 0.10110 -13
-0.25931 0.09186 67.62812 0 -2.77500 7.17500 65.48027 0.10445 13
-0.21642 -0.10017 62.85517 0 3.02500 6.77500 61.44640 0.10353 -13
-0.93190 0.04243 68.54842 0 -1.27500 28.15000 50.16926 0.13772 -13
0.39299 0.00780 44.11984 0 -0.22500 -13.00000 41.06281 0.10820 -13
-0.88158 -0.01806 87.95735 0 0.52500 27.10000 65.98386 0.13426 13
0.84509 0.06093 52.82951 0 -1.82500 -25.97500 40.38132 0.13199 -13
0.82564 0.08959 21.13488 0 -2.67500 -26.92500 16.32415 0.13089 -13
1.42258 -0.07572 94.66626 0 2.30000 -43.97500 54.54459 0.17528 -13
-1.29516 0.06839 7.79751 0 -2.17500 38.87500 4.77237 0.16497 13
1.50837 -0.11305 60.19375 0 3.40000 -48.65000 33.40772 0.18259 13
-2.12991 0.10444 88.30204 0 -3.15000 63.15000 37.69544 0.23719 13
1.02380 0.14679 59.28595 0 -4.45000 -29.17500 41.65120 0.14489 13
1.04462 -0.25213 59.28595 0 7.60000 -29.80000 41.65120 0.14781 13
0.92020 -0.14898 17.92000 0 4.52500 -27.72500 13.25228 0.13770 -13
-0.49851 0.00288 24.55085 0 -0.07500 15.00000 21.97172 0.11252 -13
1.49300 -0.00983 34.86748 0 0.27500 -45.02500 19.40491 0.18095 13
0.02859 0.07082 93.12361 0 -2.15000 -0.17500 93.08576 0.10100 13
-0.11681 -0.09587 31.61265 0 2.90000 3.72500 31.40114 0.10185 -13
-0.07785 -0.11651 52.57493 0 3.50000 2.52500 52.41844 0.10168 13
0.26225 0.11530 32.88869 0 -3.47500 -6.10000 31.82639 0.10475 -13
0.73715 -0.18022 63.33790 0 5.42500 -22.92500 51.26794 0.12641 13
0.02549 0.00332 41.91700 0 -0.10000 0.02500 41.90337 0.10074 13
-0.41942 0.01964 27.63676 0 -0.60000 12.35000 25.48672 0.10922 13
-0.57788 0.05467 19.77218 0 -1.62500 17.67500 17.12570 0.11643 -13
-1.11988 0.14073 71.98475 0 -4.25000 31.90000 48.20739 0.15186 13
-1.14540 -0.25845 71.98475 0 7.77500 32.67500 48.20739 0.15530 13
1.29560 -0.16709 56.96788 0 5.02500 -41.90000 35.10804 0.16565 13
0.37886 -0.15043 95.49347 0 4.55000 -9.42500 89.42370 0.10875 -13
0.04855 -0.01229 84.19410 0 0.37500 -1.42500 84.09507 0.10083 13
-1.88504 0.03858 79.87179 0 -1.17500 58.57500 37.45234 0.21492 13
-0.24473 0.08025 39.40142 0 -2.40000 7.55000 38.27889 0.10399 -13
-0.59019 -0.20418 16.89116 0 6.12500 18.55000 14.62234 0.11871 13
1.59615 0.08427 22.54943 0 -2.57500 -49.27500 12.00350 0.18988 13
0.68980 1.33721 22.54943 0 -2.77500 -49.20000 12.00350 0.18995 13
-0.37544 -0.91968 22.54943 0 -1.57500 -50.30000 12.00350 0.20895 13
1.65825 -2.60025 22.54943 0 -2.87500 -51.52500 12.00350 0.21932 13
-0.98807 1.67633 22.54943 0 -2.37500 -51.80000 12.00350 0.22190 13
-0.12143 -0.10655 49.42795 0 3.22500 2.70000 49.07156 0.10201 -13
2.17257 -0.11647 15.08379 0 3.42500 -63.42500 6.34168 0.24108 13
1.58795 -0.12713 64.97069 0 3.82500 -49.40000 34.82043 0.18941 13
-0.14137 0.13561 23.59180 0 -4.07500 4.62500 23.36369 0.10261 -13
-0.14488 -0.26372 23.59180 0 7.97500 4.72500 23.36369 0.10518 -13
1.28304 -0.05288 25.54706 0 1.62500 -38.42500 15.71870 0.16390 -13
0.58193 0.13671 81.29513 0 -4.12500 -15.95000 70.42741 0.11732 -13
0.59611 -0.26262 81.29513 0 7.92500 -16.37500 70.42741 0.12019 -13
1.76572 -0.06166 8.07529 0 1.97500 -50.42500 3.98501 0.20452 -13
1.15760 -0.17291 20.91041 0 5.25000 -34.70000 13.78415 0.15507 -13
-0.86622 -0.17923 69.59341 0 5.40000 25.27500 52.95671 0.13444 13
0.45115 -0.17836 29.36245 0 5.40000 -15.15000 26.83511 0.11194 -13
0.07785 -0.00490 4.26919 0 0.25000 -3.05000 4.25633 0.10105 -13
1.18665 0.05123 67.17044 0 -1.52500 -35.02500 43.31842 0.15635 -13
-0.24171 -0.22995 8.66402 0 7.00000 9.37500 8.43323 0.10621 -13
0.53031 0.03433 53.46762 0 -1.02500 -16.50000 47.24280 0.11404 -13
-0.69910 -0.11514 99.38042 0 3.47500 20.70000 81.62556 0.12342 -13
-1.14512 -0.24413 51.75324 0 7.35000 37.57500 34.59840 0.15504 13
0.79557 0.13627 28.85885 0 -4.12500 -23.97500 22.66467 0.12942 13
0.81516 -0.26316 28.85885 0 7.92500 -24.55000 22.66467 0.13257 13
-0.36972 -0.19948 85.19930 0 6.00000 10.67500 80.09701 0.10922 13
-0.21085 -0.21900 43.45238 0 6.60000 7.70000 42.55898 0.10525 13
1.03956 0.01293 58.73996 0 -0.40000 -27.07500 40.72386 0.14526 13
0.38465 -0.07014 63.29226 0 2.12500 -10.70000 59.09151 0.10813 -13
0.16734 -0.24774 39.10405 0 7.47500 -1.82500 38.59822 0.10512 -13
1.39824 0.07393 70.46545 0 -2.25000 -45.32500 41.06482 0.17327 13
-0.99777 3.53617 70.46545 0 -1.32500 -45.37500 41.06482 0.17486 13
1.75478 0.02718 16.43115 0 -0.87500 -51.70000 8.13801 0.20342 13
1.83359 -0.22863 73.43542 0 6.90000 -54.95000 35.85367 0.21160 -13
-0.07347 -0.12046 86.75488 0 3.65000 -0.02500 86.52498 0.10170 -13
-0.26807 -0.11947 78.00061 0 3.60000 7.17500 75.37629 0.10496 -13
-0.55513 0.02058 95.67808 0 -0.62500 13.22500 83.65688 0.11520 13
0.21821 -0.16940 77.75551 0 5.12500 -6.05000 76.01617 0.10448 -13
-0.21382 -0.15353 99.49287 0 4.62500 6.75000 97.34279 0.10413 -13
-0.32193 -0.13994 86.07834 0 4.22500 8.27500 82.01100 0.10672 13
-0.62846 0.07545 79.07955 0 -2.27500 17.80000 67.00876 0.11918 -13
0.15688 -0.15993 81.13634 0 4.82500 -7.17500 80.17996 0.10320 -13
-0.77309 -0.04829 91.35389 0 1.47500 22.40000 72.30540 0.12738 -13
0.15337 -0.19568 4.34134 0 6.02500 -5.65000 4.29296 0.10388 -13
-0.03211 -0.14857 68.23957 0 4.50000 -1.60000 68.20516 0.10187 -13
-0.17980 -0.00935 58.86766 0 0.27500 4.77500 57.93870 0.10232 13
-0.62260 -0.18936 10.18972 0 5.77500 18.22500 8.69211 0.12021 -13
-0.31303 0.08541 98.24933 0 -2.57500 10.37500 93.79322 0.10587 -13
0.53437 -0.22807 82.70379 0 6.87500 -15.42500 73.34639 0.11646 13
-0.00366 -0.17003 96.45524 0 5.12500 -2.57500 96.45462 0.10215 13
-0.66400 -0.20291 44.63118 0 6.12500 20.22500 37.40858 0.12261 -13
1.02384 0.08633 17.08712 0 -2.65000 -30.32500 11.96154 0.14441 13
-0.45113 0.11093 22.61209 0 -3.32500 12.02500 20.63272 0.11104 -13
1.72112 0.05873 12.83619 0 -1.85000 -50.17500 6.45710 0.20057 13
-1.05213 -0.21882 92.72419 0 6.60000 30.77500 64.66039 0.14784 -13
1.78387 -0.20986 10.55737 0 6.22500 -54.95000 5.24703 0.20691 13
-0.23302 -0.11096 35.71547 0 3.32500 7.37500 34.79451 0.10400 13
0.00839 0.05584 89.85820 0 -1.70000 1.00000 89.85504 0.10087 13
1.36658 0.08006 56.06482 0 -2.40000 -39.85000 33.17658 0.17072 -13
0.28089 0.14831 14.97805 0 -4.45000 -8.55000 14.43132 0.10565 -13
0.28642 -0.25046 14.97805 0 7.60000 -8.72500 14.43132 0.10778 -13
-1.29703 -0.19549 40.82320 0 5.92500 38.50000 25.21896 0.16612 -13
-0.02332 0.08038 24.07940 0 -2.40000 0.95000 24.07291 0.10105 -13
0.04986 0.09134 24.48989 0 -2.72500 -5.45000 24.45975 0.10125 -13
0.10512 -0.02627 54.45135 0 0.77500 -4.45000 54.15316 0.10129 13
0.75128 -0.21752 53.40385 0 6.57500 -21.82500 43.04932 0.12786 -13
0.72156 -0.06363 59.84242 0 1.92500 -23.10000 48.56193 0.12435 -13
1.20531 -0.21836 37.60610 0 6.60000 -35.35000 24.34208 0.15926 -13
0.16242 0.03958 28.94341 0 -1.17500 -4.27500 28.56959 0.10210 -13
0.15382 -0.01133 95.80012 0 0.32500 -5.30000 94.68669 0.10189 13
-1.47497 -0.01988 85.30977 0 0.60000 44.97500 47.87948 0.17946 -13
-0.60773 0.01466 45.30043 0 -0.45000 17.10000 38.71326 0.11785 13
-0.26061 -0.13477 72.68021 0 4.07500 6.50000 70.37111 0.10495 -13
0.89926 0.01763 46.25855 0 -0.52500 -26.70000 34.39878 0.13545 -13
1.20099 0.14609 19.40915 0 -4.45000 -38.37500 12.49637 0.15810 13
1.22575 -0.25296 19.40915 0 7.60000 -39.10000 12.49637 0.16128 13
-1.32008 0.09873 43.15731 0 -2.95000 38.85000 26.14031 0.16707 -13
0.84816 0.01192 95.47864 0 -0.35000 -27.70000 72.81698 0.13205 -13
0.43215 -0.23429 64.17187 0 7.05000 -13.67500 59.14928 0.11220 13
-0.66095 -0.12795 64.24559 0 3.85000 22.40000 53.72816 0.12139 13
0.60869 -0.20481 67.39859 0 6.17500 -20.55000 57.88803 0.11968 13
-0.61587 0.11731 80.63746 0 -3.55000 18.50000 68.78947 0.11886 13
-0.19441 0.04479 66.09365 0 -1.35000 5.20000 64.88124 0.10269 -13
0.67404 -0.03004 23.51532 0 0.87500 -19.95000 19.50201 0.12148 13
0.67810 0.08020 53.20532 0 -2.40000 -19.27500 44.08052 0.12194 -13
-0.01802 0.07704 11.47118 0 -2.37500 1.50000 11.46931 0.10103 13
-0.36997 -0.24233 28.03415 0 7.30000 11.00000 26.38066 0.11009 13
0.59108 0.11263 28.21332 0 -3.37500 -17.87500 24.32716 0.11752 -13
-1.11000 -0.10748 65.60011 0 3.25000 31.90000 44.04745 0.15085 -13
-1.10690 -0.19508 8.83113 0 5.80000 30.47500 5.98115 0.15143 13
-0.59128 0.10690 52.47217 0 -3.22500 16.05000 45.23360 0.11748 -13
-0.42809 -0.18696 11.11856 0 5.70000 12.85000 10.24813 0.11119 -13
-1.20522 0.09871 63.88949 0 -2.97500 38.17500 40.91254 0.15802 -13
1.93591 0.11672 73.26718 0 -3.52500 -57.12500 33.80519 0.21975 13
-0.94895 -0.04027 22.71083 0 1.17500 29.00000 16.48030 0.13888 13
0.78901 0.02325 55.70470 0 -0.72500 -20.85000 43.73610 0.12829 13
0.63290 -0.04184 20.81628 0 1.22500 -18.07500 17.59373 0.11925 13
-0.31741 -0.23266 9.61275 0 7.07500 9.92500 9.18378 0.10827 -13
1.30806 -0.07762 88.42000 0 2.35000 -38.82500 53.80339 0.16600 -13
-1.08120 0.04147 26.00113 0 -1.27500 31.75000 17.66315 0.14837 13
1.69870 -0.03915 98.77798 0 1.17500 -50.45000 50.13996 0.19853 13
0.19020 -0.11366 95.55602 0 3.42500 -5.97500 93.89401 0.10315 -13
-1.59772 -0.18431 89.42244 0 5.57500 48.70000 48.01157 0.19073 -13
0.11874 -0.17926 63.87482 0 5.42500 -2.60000 63.44308 0.10301 -13
-1.10566 0.08765 20.84298 0 -2.67500 33.22500 14.01052 0.15040 13
-1.56167 0.10321 16.09360 0 -3.05000 46.95000 8.71088 0.18700 -13
1.13519 -0.17772 81.75753 0 5.35000 -32.57500 54.51545 0.15339 13
0.78536 -0.03191 90.50889 0 0.97500 -22.52500 71.19463 0.12809 -13
0.43435 0.01549 54.31977 0 -0.47500 -11.77500 49.82397 0.10980 13
-0.55501 0.07521 49.11518 0 -2.27500 15.75000 42.97356 0.11542 13
-0.16608 -0.00095 29.91614 0 0.05000 4.42500 29.51189 0.10208 -13
-0.31965 0.03661 94.23793 0 -1.10000 7.95000 89.76912 0.10579 13
0.11820 0.11902 85.41561 0 -3.57500 -5.10000 84.83320 0.10211 -13
0.12193 -0.28132 85.41561 0 8.50000 -5.22500 84.83320 0.10533 -13
-0.95611 0.01155 83.59607 0 -0.35000 28.75000 60.42415 0.13932 -13
0.12325 0.14753 48.86370 0 -4.45000 -4.17500 48.50441 0.10255 13
0.12573 -0.25135 48.86370 0 7.57500 -4.25000 48.50441 0.10460 13
0.00940 -0.09480 26.38973 0 2.87500 -2.45000 26.38857 0.10116 -13
-0.42860 -0.08411 96.97146 0 2.55000 14.15000 89.17862 0.10989 -13
-0.36940 -0.09388 4.32260 0 2.95000 11.15000 4.05707 0.10784 -13
-0.65434 -0.18085 48.92234 0 5.47500 20.10000 41.13274 0.12173 -13
-0.52883 -0.22945 73.62425 0 6.92500 13.82500 65.44228 0.11623 13
-1.61983 -0.04043 27.59323 0 1.17500 49.67500 14.50326 0.19174 13
-0.80655 -0.23773 16.76027 0 7.12500 24.65000 13.18552 0.13154 13
0.63432 0.06493 74.17838 0 -1.97500 -17.27500 62.67692 0.11943 13
-1.11975 -0.13406 5.42987 0 4.17500 31.80000 3.63435 0.15192 -13
-0.12095 -0.08823 6.11970 0 2.75000 2.95000 6.07576 0.10186 -13
0.33659 -0.08986 33.73208 0 2.72500 -8.85000 31.98296 0.10664 -13
-0.05449 -0.07232 7.31116 0 2.12500 2.67500 7.30041 0.10111 13
-0.89766 -0.04275 61.90989 0 1.30000 25.52500 46.08947 0.13540 -13
-0.33073 0.01260 74.69271 0 -0.37500 11.72500 70.91536 0.10607 -13
0.00455 -0.02506 55.03269 0 0.77500 -2.45000 55.03212 0.10074 -13
0.12416 -0.01175 4.29335 0 0.47500 -5.67500 4.26064 0.10152 -13
-0.20945 -0.11629 99.59176 0 3.52500 6.30000 97.50408 0.10356 -13
1.54556 -0.14655 59.05108 0 4.45000 -48.37500 32.31969 0.18597 -13
-0.20345 0.09465 12.89254 0 -2.82500 4.97500 12.63602 0.10320 -13
-0.23022 -0.18741 99.80932 0 5.65000 6.87500 97.34822 0.10504 13
-0.77261 -0.24350 20.74205 0 7.37500 23.90000 16.58755 0.12964 -13
-1.16677 0.06391 66.05276 0 -1.92500 34.10000 43.03529 0.15487 -13
0.44158 -0.21676 82.93141 0 6.55000 -12.90000 76.14302 0.11223 -13
-0.51599 -0.04576 35.98536 0 1.40000 16.42500 31.98605 0.11342 -13
-0.75168 -0.08279 31.19977 0 2.52500 21.27500 24.97045 0.12626 -13
0.34444 -0.24419 21.40472 0 7.35000 -11.37500 20.29846 0.10929 13
0.19127 -0.24343 18.69262 0 7.37500 -5.45000 18.37792 0.10544 -13
-1.55391 0.13148 53.35774 0 -3.97500 45.45000 29.05032 0.18643 13
-1.59520 -0.26817 53.35774 0 8.07500 46.67500 29.05032 0.19148 13
-0.39498 0.74759 53.35774 0 -4.00000 45.42500 29.05032 0.18651 13
-0.68587 -0.23880 53.35774 0 7.87500 45.72500 29.05032 0.18947 13
-15.39963 15.27467 53.35774 0 -2.72500 48.02500 29.05032 0.20619 13
1.26502 -0.80811 53.35774 0 -1.57500 51.35000 29.05032 0.22400 13
-1.43321 0.13948 73.56880 0 -4.20000 43.27500 42.37041 0.17654 -13
-1.46659 -0.25971 73.56880 0 7.85000 44.30000 42.37041 0.18067 -13
-1.19390 0.02503 58.49696 0 -0.77500 36.12500 37.56852 0.15685 13
1.13419 -0.18876 47.33745 0 5.70000 -32.70000 31.61398 0.15347 -13
1.51914 0.12386 20.74997 0 -3.77500 -44.85000 11.46993 0.18361 13
1.56413 -0.27626 20.74997 0 8.30000 -46.17500 11.46993 0.18894 13
-0.52252 -0.09393 98.89748 0 2.82500 16.32500 87.73552 0.11401 13
-0.37331 0.12106 22.77465 0 -3.67500 9.82500 21.35508 0.10819 13
-0.38475 -0.27921 22.77465 0 8.40000 10.17500 21.35508 0.11147 13
0.62143 -0.12051 76.85223 0 3.62500 -16.90000 65.40564 0.11918 13
-0.49997 0.05554 23.16512 0 -1.70000 12.20000 20.72596 0.11273 13
0.03600 -0.01903 39.91314 0 0.57500 -0.90000 39.88732 0.10079 -13
-0.75020 0.06734 75.24687 0 -2.05000 20.72500 60.23979 0.12607 13
0.19566 0.09096 29.45305 0 -2.75000 -6.55000 28.90935 0.10303 13
-1.55076 -0.23888 82.40758 0 7.20000 45.32500 45.53670 0.18736 13
0.47578 0.11349 8.76486 0 -3.35000 -17.07500 7.92397 0.11209 -13
-1.20371 -0.10752 83.27946 0 3.22500 39.32500 53.39824 0.15796 13
0.02073 -0.03331 52.21048 0 1.02500 -2.00000 52.19928 0.10078 -13
1.33534 -0.21716 21.86013 0 6.60000 -39.85000 13.29635 0.16947 -13
-0.39958 0.14436 26.29573 0 -4.32500 13.05000 24.45378 0.10941 -13
-0.40811 -0.25459 26.29573 0 7.70000 13.30000 24.45378 0.11177 -13
-0.60328 0.11625 32.81733 0 -3.50000 16.20000 28.15001 0.11818 -13
-0.93619 -0.09403 29.93130 0 2.82500 30.40000 21.89448 0.13826 13
0.76968 0.04648 63.34556 0 -1.40000 -23.00000 50.21826 0.12717 13
-0.02066 -0.12048 29.17572 0 3.62500 0.07500 29.16958 0.10145 13
0.90023 -0.13251 5.16096 0 4.12500 -25.05000 3.85089 0.13625 -13
0.12208 0.10522 51.07658 0 -3.17500 -2.62500 50.70426 0.10200 -13
1.32343 -0.02725 92.53950 0 0.82500 -39.65000 55.80164 0.16706 -13
1.74470 -0.15837 89.19178 0 4.80000 -52.72500 44.76769 0.20315 -13
0.32538 0.12027 89.16426 0 -3.62500 -9.00000 84.84642 0.10659 -13
0.33548 -0.27999 89.16426 0 8.45000 -9.32500 84.84642 0.10990 -13
-0.09653 0.11765 80.56865 0 -3.55000 0.05000 80.20098 0.10187 13
1.15610 0.09736 16.34823 0 -2.97500 -29.20000 10.72414 0.15427 13
-0.28366 -0.04561 89.54533 0 1.37500 9.87500 86.15341 0.10478 -13
0.85115 -0.02691 41.75580 0 0.80000 -24.10000 31.80210 0.13227 13
1.73393 -0.24185 34.65841 0 7.27500 -53.02500 17.68678 0.20297 13
0.31877 0.08262 78.38455 0 -2.50000 -7.95000 74.70527 0.10603 13
0.93761 -0.12310 52.18448 0 3.70000 -28.75000 38.20228 0.13859 13
-1.23528 0.08268 23.16485 0 -2.45000 36.57500 14.60563 0.16025 -13
-0.95613 -0.20738 57.72164 0 6.27500 26.72500 42.13736 0.14089 -13
0.57971 0.05158 8.93359 0 -1.50000 -18.67500 7.73139 0.11651 -13
-0.12021 -0.13067 33.10573 0 3.95000 6.75000 32.87308 0.10228 -13
0.91449 -0.19094 66.22185 0 5.75000 -26.62500 49.26487 0.13780 13
-1.86579 0.02013 11.64930 0 -0.52500 54.75000 5.50398 0.21318 -13
-2.06270 0.05998 96.94140 0 -1.80000 59.57500 42.35091 0.23092 -13
-0.99475 0.02739 90.29863 0 -0.82500 27.57500 64.03052 0.14207 -13
0.78723 -0.11740 96.77367 0 3.52500 -23.40000 76.23704 0.12871 13
0.96286 0.14658 49.13510 0 -4.42500 -29.45000 35.57572 0.14058 13
0.98257 -0.25232 49.13510 0 7.60000 -30.05000 35.57572 0.14343 13
0.14251 -0.03887 31.26281 0 1.20000 -6.97500 30.95065 0.10180 -13
0.30237 -0.02150 3.34435 0 0.50000 -8.17500 3.20137 0.10527 13
1.41518 0.13714 72.37365 0 -4.12500 -42.45000 42.02573 0.17504 -13
1.44946 -0.26219 72.37365 0 7.92500 -43.47500 42.02573 0.17930 -13
0.45232 0.13538 14.20194 0 -4.05000 -15.97500 12.95942 0.11135 -13
0.46365 -0.26394 14.20194 0 8.00000 -16.30000 12.95942 0.11418 -13
-1.06328 0.10512 4.40474 0 -3.00000 31.85000 3.02612 0.14735 -13
0.47639 0.09886 77.60096 0 -2.97500 -16.32500 70.12058 0.11198 -13
-1.47189 -0.04756 64.03647 0 1.45000 45.80000 36.01465 0.17927 -13
-0.37691 0.09342 96.49816 0 -2.80000 12.82500 90.34581 0.10803 -13
1.34198 -0.18494 18.84811 0 5.52500 -40.77500 11.38399 0.16952 13
-1.03985 0.10091 74.89925 0 -3.02500 30.85000 52.05265 0.14563 -13
0.03506 -0.16960 17.55359 0 5.10000 -2.15000 17.54312 0.10219 13
-1.46759 0.11565 7.59410 0 -3.60000 43.67500 4.29539 0.17932 13
-1.51589 -0.28515 7.59410 0 8.47500 45.05000 4.29539 0.18494 13
-1.22591 0.14763 30.44601 0 -4.42500 32.90000 19.36905 0.15998 -13
-1.25045 -0.25115 30.44601 0 7.60000 33.65000 19.36905 0.16324 -13
-0.45245 -0.19498 32.36768 0 5.87500 11.20000 29.58197 0.11225 13
-0.37850 -0.10627 50.23385 0 3.22500 11.80000 47.01404 0.10821 -13
1.78996 0.07224 19.10466 0 -2.12500 -53.75000 9.33580 0.20659 -13
-0.81614 -0.17818 96.77085 0 5.37500 22.52500 75.43655 0.13123 -13
0.46425 -0.13347 84.85605 0 4.02500 -16.17500 77.08567 0.11183 13
1.65029 0.10756 84.64482 0 -3.25000 -51.17500 44.05247 0.19463 13
1.01754 -0.03643 15.20538 0 1.05000 -31.65000 10.66194 0.14371 13
-0.64777 -0.12416 52.04240 0 3.75000 19.97500 43.77685 0.12064 -13
-1.64509 -0.00990 14.14664 0 0.22500 49.42500 7.34841 0.19389 13
-1.25534 0.06397 16.84649 0 -1.87500 39.10000 10.50917 0.16175 -13
-1.91116 0.11450 23.15942 0 -3.50000 54.60000 10.79234 0.21755 13
-0.93708 -0.12668 72.80966 0 3.82500 27.72500 53.32529 0.13860 -13
-0.45025 -0.07966 1.28093 0 2.82500 12.00000 1.16856 0.11125 -13
-0.31361 -0.17866 65.54471 0 5.40000 12.80000 62.62793 0.10707 -13
1.09822 0.02669 54.97954 0 -0.82500 -35.12500 37.02310 0.14960 13
1.78614 -0.14084 6.34936 0 4.10000 -55.80000 3.12420 0.20657 13
0.35800 0.08634 6.34936 0 4.45000 -63.90000 3.12420 0.29135 13
-0.79998 -0.11725 74.27624 0 3.52500 25.47500 58.15394 0.12950 13
1.24143 -0.12913 50.33695 0 3.90000 -36.95000 31.73565 0.16107 -13
-0.53134 -0.08902 40.60632 0 2.67500 16.87500 35.88992 0.11438 13
0.93571 -0.24554 50.58439 0 7.42500 -28.17500 37.43635 0.14013 -13
-0.26024 -0.12266 14.00327 0 3.72500 9.32500 13.55829 0.10480 -13
-1.25495 -0.22575 8.69241 0 6.72500 37.65000 5.49895 0.16310 13
1.14120 -0.12154 17.67909 0 3.62500 -34.77500 11.69923 0.15328 13
-0.05783 0.13782 11.44869 0 -4.20000 2.42500 11.42997 0.10185 13
-0.05924 -0.26158 11.44869 0 7.85000 2.47500 11.42997 0.10423 13
-1.25802 -0.08503 95.29285 0 2.55000 37.92500 59.42672 0.16206 13
1.50370 -0.23338 22.57976 0 7.07500 -47.27500 12.73380 0.18343 -13
1.09006 -0.07793 91.05875 0 2.35000 -32.00000 61.65791 0.14917 -13
