1.84678 -0.20680 49.30691 0 6.25000 -54.02500 23.85923 0.21255 -13
-0.45815 -0.23561 43.16626 0 7.10000 15.87500 39.42389 0.11327 13
0.99722 -0.09902 64.98566 0 2.97500 -28.87500 46.12731 0.14256 13
-1.51366 -0.00406 14.23471 0 0.05000 43.40000 7.84624 0.18270 13
1.37760 0.10261 67.02327 0 -3.07500 -41.37500 39.50734 0.17173 -13
1.19818 0.02570 61.96702 0 -0.75000 -34.65000 39.71371 0.15718 -13
-0.37821 -0.20413 5.39937 0 6.25000 11.12500 5.06315 0.10970 -13
0.25102 -0.20244 20.46626 0 6.12500 -8.05000 19.87359 0.10582 -13
1.69996 0.02942 83.01470 0 -0.87500 -49.50000 42.10425 0.19864 -13
-0.90433 -0.03782 57.00070 0 1.15000 27.02500 42.29072 0.13583 -13
-1.25136 -0.04045 34.58568 0 1.25000 39.50000 21.60205 0.16136 -13
-0.31241 0.05107 16.61297 0 -1.57500 9.10000 15.85890 0.10564 13
-0.13140 -0.16814 3.67733 0 5.22500 2.40000 3.64690 0.10309 -13
0.39398 0.06088 44.39078 0 -1.82500 -13.85000 41.31108 0.10841 -13
0.14657 -0.12205 72.56872 0 3.67500 -5.07500 71.81262 0.10252 13
1.92180 0.11956 9.11533 0 -3.72500 -57.85000 4.23085 0.21863 13
1.98184 -0.28082 9.11533 0 8.35000 -59.57500 4.23085 0.22512 13
-1.96109 -0.24248 74.28083 0 7.30000 58.42500 34.51329 0.22299 13
-1.30494 0.13295 27.97825 0 -4.05000 40.37500 17.11203 0.16612 13
-1.33889 -0.26666 27.97825 0 8.00000 41.37500 17.11203 0.17036 13
-0.43387 -0.02352 87.15221 0 0.70000 12.40000 79.95491 0.10979 13
0.27059 -0.15769 48.77422 0 4.75000 -8.15000 47.12011 0.10552 13
-1.20856 0.09930 44.28652 0 -2.97500 36.77500 28.31448 0.15827 -13
-2.11960 -0.15975 80.07615 0 4.82500 62.50000 34.52061 0.23658 -13
0.26056 0.12431 63.80969 0 -3.75000 -7.27500 61.77787 0.10482 13
0.26821 -0.27571 63.80969 0 8.30000 -7.50000 61.77787 0.10789 13
-0.32694 -0.19993 56.25313 0 6.02500 10.17500 53.56751 0.10784 13
-0.26661 0.09657 71.96257 0 -2.90000 8.77500 69.55498 0.10467 -13
-1.53519 -0.14917 21.57246 0 4.55000 47.27500 11.86541 0.18515 -13
-0.64198 0.14232 79.52670 0 -4.27500 19.15000 67.11745 0.12052 -13
-0.65614 -0.25673 79.52670 0 7.75000 19.57500 67.11745 0.12320 -13
-1.43340 -0.18780 74.46580 0 5.67500 45.57500 43.10325 0.17704 -13
-0.80591 0.02008 48.54721 0 -0.60000 24.40000 37.80271 0.12936 -13
0.22792 0.05841 95.32524 0 -1.75000 -6.37500 92.94961 0.10345 -13
-0.11636 0.12590 89.54860 0 -3.80000 3.87500 88.95789 0.10218 13
-0.11971 -0.27403 89.54860 0 8.25000 3.97500 88.95789 0.10511 13
-0.21343 -0.05743 43.15347 0 1.75000 7.72500 42.20600 0.10314 -13
-1.86773 -0.11194 57.28543 0 3.40000 59.60000 27.16973 0.21366 -13
0.97784 -0.05051 22.55110 0 1.55000 -31.50000 16.13396 0.14094 -13
1.16404 0.10162 40.32650 0 -3.07500 -34.65000 26.35557 0.15489 13
0.05347 -0.14496 22.21083 0 4.40000 -3.95000 22.17979 0.10191 -13
1.54829 -0.20664 87.59203 0 6.25000 -47.05000 48.22509 0.18679 -13
0.00070 -0.22779 56.71423 0 6.85000 1.30000 56.71422 0.10328 13
1.33754 -0.11796 6.60917 0 3.42500 -37.57500 3.97543 0.16852 13
0.35257 0.08397 86.87538 0 -2.55000 -11.52500 81.96355 0.10712 13
-0.26921 -0.03386 67.43491 0 1.02500 10.82500 65.11901 0.10434 -13
0.38542 -0.21329 89.31324 0 6.45000 -9.72500 83.57320 0.11004 -13
1.23783 -0.11794 82.73033 0 3.55000 -37.77500 52.20662 0.16068 13
2.02251 -0.05200 30.59363 0 1.52500 -60.65000 13.57456 0.22725 13
-1.38036 -0.02906 87.14250 0 0.87500 43.47500 51.13869 0.17167 -13
0.73646 -0.22439 2.93971 0 6.57500 -23.67500 2.38736 0.12699 13
-0.17291 -0.22688 90.98281 0 6.85000 4.75000 89.71626 0.10472 -13
0.68864 0.11255 61.60554 0 -3.40000 -22.17500 50.84114 0.12280 13
0.02237 0.01791 55.81199 0 -0.55000 -1.12500 55.79804 0.10075 13
0.64822 0.10660 80.05680 0 -3.20000 -20.10000 67.28996 0.12049 -13
2.12750 -0.21490 42.60015 0 6.45000 -63.62500 18.45847 0.23768 13
0.38648 -0.00542 3.58526 0 0.02500 -14.85000 3.34428 0.10800 13
-0.71052 -0.03687 9.31560 0 1.05000 20.25000 7.59562 0.12359 13
-0.11328 -0.05249 20.63975 0 1.60000 5.52500 20.50898 0.10149 -13
1.32641 0.01954 84.08138 0 -0.60000 -41.20000 50.62295 0.16730 13
-0.63288 -0.16206 22.36452 0 4.92500 18.10000 18.96767 0.12030 -13
0.43357 -0.14898 58.03812 0 4.50000 -13.45000 53.34055 0.11079 -13
0.10522 -0.04372 4.95521 0 1.22500 -4.82500 4.92807 0.10136 13
0.50398 0.11727 88.95597 0 -3.52500 -15.20000 79.54688 0.11338 -13
0.64464 0.02046 6.60392 0 -0.70000 -20.67500 5.55072 0.11986 13
-0.80967 -0.08767 85.20721 0 2.62500 23.90000 66.32210 0.12987 13
0.95925 0.05172 67.28323 0 -1.57500 -29.80000 48.58614 0.13965 13
-0.38802 -0.07354 34.58002 0 2.22500 11.95000 32.24952 0.10828 -13
-1.14651 -0.20933 68.02126 0 6.30000 30.12500 45.25444 0.15463 13
1.61052 0.02607 5.57995 0 -0.95000 -48.80000 2.94369 0.19101 13
0.55107 0.10898 23.28293 0 -3.30000 -17.85000 20.41953 0.11552 13
1.31159 -0.05249 69.39193 0 1.60000 -37.62500 42.10951 0.16616 -13
1.02446 0.03729 3.06761 0 -1.35000 -30.37500 2.14357 0.14434 13
0.28573 -0.15165 5.34282 0 4.67500 -8.12500 5.14168 0.10591 -13
-0.07699 -0.15587 15.02147 0 4.67500 4.17500 14.97815 0.10220 13
-0.63845 -0.17717 82.80553 0 5.35000 16.57500 70.10342 0.12081 -13
0.44457 -0.05307 50.28843 0 1.60000 -10.72500 45.96265 0.11033 13
-1.01922 -0.23830 4.33468 0 7.37500 30.50000 3.07830 0.14602 -13
-0.49427 0.12792 82.75468 0 -3.85000 13.60000 74.30499 0.11306 -13
-0.50807 -0.27186 82.75468 0 8.20000 14.02500 74.30499 0.11623 -13
-0.86685 0.10581 88.81707 0 -3.17500 24.50000 67.27177 0.13369 -13
0.71048 0.14550 88.32382 0 -4.40000 -21.02500 72.25323 0.12440 13
0.72530 -0.25346 88.32382 0 7.65000 -21.47500 72.25323 0.12699 13
-1.30167 -0.07739 2.49087 0 2.65000 37.42500 1.51982 0.16583 -13
0.00793 0.01670 91.47110 0 -0.50000 0.47500 91.46823 0.10072 -13
-0.58649 -0.00837 9.06279 0 0.20000 18.15000 7.81728 0.11676 13
-1.23100 0.02055 32.61033 0 -0.60000 34.80000 20.56365 0.15973 -13
0.29047 -0.01645 55.27093 0 0.47500 -10.20000 53.07784 0.10488 13
-0.97610 -0.06850 33.61616 0 2.07500 26.85000 24.08325 0.14090 -13
-0.75381 -0.18611 71.67578 0 5.60000 22.47500 57.58594 0.12749 13
-0.57758 0.13356 54.38472 0 -4.05000 17.45000 47.19741 0.11707 13
-0.59241 -0.26598 54.38472 0 8.00000 17.87500 47.19741 0.12006 13
0.05741 0.05539 11.05759 0 -1.72500 -0.97500 11.03946 0.10104 13
1.78412 -0.13940 55.32789 0 4.22500 -55.92500 27.25006 0.20646 -13
-1.44271 0.12847 83.13887 0 -3.87500 46.02500 47.62421 0.17726 13
-1.48274 -0.27133 83.13887 0 8.17500 47.22500 47.62421 0.18214 13
0.79541 -0.07486 18.98118 0 2.22500 -24.12500 14.87077 0.12889 13
-1.19495 0.11156 43.42413 0 -3.37500 37.05000 27.96956 0.15732 13
0.59294 0.11506 38.10884 0 -3.47500 -18.85000 32.83518 0.11766 13
0.61212 0.00809 2.88642 0 -0.05000 -17.70000 2.46185 0.11815 -13
0.69689 0.11257 5.29683 0 -3.27500 -21.82500 4.35446 0.12325 -13
0.47570 -0.02918 57.30432 0 0.87500 -13.82500 51.75184 0.11156 13
-0.89287 0.12830 60.38655 0 -3.85000 26.50000 45.20719 0.13561 -13
-0.91764 -0.27146 60.38655 0 8.20000 27.25000 45.20719 0.13940 -13
1.59702 0.00656 19.95360 0 -0.15000 -50.45000 10.58966 0.18976 -13
-2.11394 0.06981 44.11971 0 -2.12500 63.97500 18.90303 0.23563 13
-1.28637 0.09521 55.32434 0 -2.87500 41.75000 34.05102 0.16437 13
-1.17217 -0.11372 98.30283 0 3.42500 37.50000 64.03851 0.15558 13
-1.15571 0.13468 33.61730 0 -4.07500 34.05000 22.11000 0.15452 13
-1.18485 -0.26481 33.61730 0 7.95000 34.92500 22.11000 0.15836 13
1.49531 0.12192 75.91531 0 -3.67500 -46.20000 42.41677 0.18155 -13
1.54067 -0.27828 75.91531 0 8.40000 -47.57500 42.41677 0.18709 -13
-0.40383 -0.07106 92.13606 0 2.12500 11.35000 85.46267 0.10884 13
-0.39870 -0.04125 32.68606 0 1.22500 12.55000 30.36552 0.10849 13
-0.89804 -0.10076 55.49022 0 3.05000 26.67500 41.37869 0.13574 -13
-1.18456 -0.08172 34.22152 0 2.45000 36.35000 22.11850 0.15632 13
-0.46422 -0.46075 34.22152 0 2.60000 36.22500 22.11850 0.15638 13
1.90307 -0.53875 34.22152 0 3.27500 39.42500 22.11850 0.17115 13
1.19194 -0.22534 72.77025 0 6.77500 -36.15000 47.44892 0.15830 13
0.65236 -0.16840 52.44894 0 5.10000 -19.55000 44.10997 0.12143 -13
-0.24232 -0.22470 3.67570 0 6.65000 7.77500 3.57717 0.10600 13
0.03823 -0.09946 1.99809 0 2.77500 -3.10000 1.99665 0.10134 13
-0.99883 -0.18800 48.00999 0 5.67500 28.22500 34.26111 0.14360 -13
0.49452 -0.09569 52.75440 0 2.87500 -13.17500 47.33055 0.11275 13
-1.33707 -0.24722 55.40893 0 7.45000 42.25000 33.81564 0.16996 13
-0.56572 -0.11844 15.15302 0 3.52500 18.15000 13.21111 0.11630 13
0.72335 0.04177 86.82954 0 -1.25000 -18.72500 70.37441 0.12436 -13
-0.36750 -0.04371 82.17075 0 1.32500 9.67500 77.13612 0.10738 -13
0.13755 0.01553 35.07136 0 -0.45000 -2.90000 34.74424 0.10166 -13
0.72339 0.13204 94.68251 0 -3.97500 -21.87500 76.94167 0.12500 -13
0.74238 -0.26753 94.68251 0 8.07500 -22.45000 76.94167 0.12829 -13
1.33303 -0.02743 33.02137 0 0.85000 -40.27500 19.82041 0.16784 -13
-0.31866 0.12912 20.52333 0 -3.87500 9.00000 19.56920 0.10648 -13
-0.32743 -0.27058 20.52333 0 8.20000 9.27500 19.56920 0.10944 -13
-1.65927 0.04567 41.80952 0 -1.35000 48.67500 21.59737 0.19514 -13
-0.05452 0.06981 83.11688 0 -2.10000 4.17500 82.99421 0.10110 -13
2.05435 0.10588 41.71140 0 -3.22500 -60.75000 18.33830 0.23035 13
0.95658 -0.20437 73.46055 0 6.15000 -27.27500 53.59942 0.14086 13
0.58957 0.12023 20.90670 0 -3.60000 -16.50000 18.04338 0.11750 -13
0.60785 -0.27997 20.90670 0 8.47500 -17.05000 18.04338 0.12119 -13
0.51692 -0.08647 10.60217 0 2.65000 -14.52500 9.42544 0.11372 -13
0.30468 -0.23401 94.53732 0 7.07500 -9.20000 90.63317 0.10788 -13
0.08966 -0.18209 67.07079 0 5.47500 -4.05000 66.81136 0.10275 13
0.47096 -0.21346 84.38194 0 6.45000 -12.95000 76.64347 0.11337 -13
-1.16548 -0.07135 13.96834 0 2.20000 33.80000 9.10905 0.15484 -13
-0.26910 -0.19495 26.14101 0 5.90000 9.37500 25.27419 0.10613 -13
1.88004 -0.13007 29.06522 0 3.95000 -56.22500 13.73843 0.21488 -13
-1.51477 -0.14419 91.26580 0 4.35000 45.00000 50.64280 0.18335 13
-0.37802 0.07369 63.70728 0 -2.22500 12.12500 59.61170 0.10792 13
0.69274 0.00987 47.83281 0 -0.27500 -21.65000 39.32031 0.12250 -13
0.70621 -0.19155 21.63299 0 5.80000 -23.47500 17.77558 0.12481 -13
1.25558 -0.22369 54.63460 0 6.72500 -37.72500 34.54524 0.16319 13
1.06945 -0.15571 59.87839 0 4.67500 -31.37500 41.15687 0.14827 13
-0.01061 -0.20751 25.20334 0 6.27500 0.65000 25.20198 0.10287 -13
-0.45945 -0.08175 87.86063 0 2.45000 14.87500 79.88373 0.11112 13
0.18567 0.05509 52.35581 0 -1.65000 -4.22500 51.47868 0.10257 -13
-0.65934 -0.10362 95.71819 0 3.12500 21.75000 80.04064 0.12107 13
0.50282 -0.09656 67.50340 0 2.92500 -14.55000 60.36483 0.11314 -13
-0.50126 0.01790 4.86136 0 -0.65000 14.05000 4.34605 0.11270 13
-1.00654 -0.04462 54.48422 0 1.32500 29.90000 38.41944 0.14295 13
-0.28192 -0.18051 61.94817 0 5.45000 7.27500 59.69336 0.10620 -13
0.51208 -0.10145 4.99848 0 3.17500 -18.45000 4.45364 0.11367 -13
-1.08174 -0.23574 47.68966 0 7.12500 32.80000 32.84194 0.15025 -13
0.97144 0.02345 84.26083 0 -0.70000 -31.47500 60.44609 0.14042 -13
-1.12108 -0.01343 93.60751 0 0.40000 35.27500 62.31362 0.15129 13
-1.50438 -0.15945 69.70247 0 4.82500 43.90000 38.92086 0.18263 -13
-0.75034 -0.22014 90.93145 0 6.62500 21.30000 73.34636 0.12783 13
0.71526 -0.10390 71.00414 0 3.12500 -20.45000 57.85601 0.12425 13
0.45895 -0.07732 46.57287 0 2.32500 -13.87500 42.34966 0.11107 13
0.89174 -0.13805 79.22762 0 4.15000 -29.02500 59.37757 0.13564 13
-0.55019 -0.16189 64.87159 0 4.87500 18.40000 57.00625 0.11609 13
-0.37269 -0.05706 49.27400 0 1.70000 12.57500 46.18086 0.10762 13
1.22550 -0.00605 29.70618 0 0.20000 -35.62500 18.78111 0.15928 -13
1.24839 -0.16557 31.92026 0 4.97500 -36.17500 20.12048 0.16192 13
0.61902 -0.01755 30.21153 0 0.50000 -17.25000 25.68944 0.11845 13
-0.50079 0.13120 96.66350 0 -3.97500 16.05000 86.57802 0.11340 13
-0.51411 -0.26843 96.66350 0 8.10000 16.45000 86.57802 0.11641 13
-0.83606 -0.10332 27.25411 0 3.10000 23.32500 20.95441 0.13167 13
-0.36834 -0.06320 39.46144 0 1.90000 9.10000 37.03826 0.10750 13
0.34646 -0.22563 99.29122 0 6.80000 -9.95000 94.06448 0.10898 -13
-0.06552 0.07296 71.05765 0 -2.20000 2.85000 70.90640 0.10119 13
0.39335 0.06379 12.15551 0 -1.87500 -11.40000 11.31495 0.10840 -13
-0.49142 0.05143 87.55637 0 -1.55000 18.52500 78.60059 0.11232 -13
1.05512 -0.15575 47.81583 0 4.72500 -34.90000 33.09944 0.14724 -13
0.20517 -0.00370 24.53404 0 0.12500 -5.47500 24.03342 0.10280 -13
1.15000 -0.17029 14.57957 0 5.07500 -36.32500 9.64463 0.15438 13
-0.14132 0.10011 5.21477 0 -2.92500 2.95000 5.16395 0.10219 -13
-0.76660 -0.10968 36.79276 0 3.32500 20.87500 29.26415 0.12738 -13
1.09313 -0.00075 34.27122 0 -0.00000 -33.07500 23.13210 0.14920 13
1.49474 0.07583 38.88055 0 -2.27500 -46.37500 21.66207 0.18125 -13
-0.07988 -0.02097 1.15228 0 1.07500 4.57500 1.14866 0.10151 -13
0.93107 0.13388 10.20021 0 -3.97500 -27.32500 7.49636 0.13821 -13
0.95473 -0.26551 10.20021 0 8.07500 -28.07500 7.49636 0.14186 -13
1.00190 -0.02876 62.00428 0 0.85000 -31.57500 43.81094 0.14258 13
-0.43026 0.03665 57.01950 0 -1.12500 11.62500 52.38273 0.10969 13
0.58567 0.04514 73.76143 0 -1.35000 -17.20000 63.66534 0.11679 -13
1.85860 -0.11200 79.76760 0 3.37500 -57.47500 37.97793 0.21282 13
1.36456 -0.04840 63.41517 0 1.45000 -39.30000 37.51338 0.17043 13
2.02165 -0.01511 75.17042 0 0.45000 -61.87500 33.33184 0.22713 13
1.36548 -0.09172 67.53849 0 2.77500 -41.35000 40.01327 0.17070 -13
-0.22085 -0.06903 9.43517 0 2.02500 6.32500 9.21426 0.10336 13
1.27305 -0.08053 52.29945 0 2.42500 -40.80000 32.37146 0.16322 13
2.02709 0.08682 62.65622 0 -2.62500 -60.50000 27.80337 0.22781 13
0.71774 -0.05733 27.54138 0 1.75000 -24.92500 22.38743 0.12409 -13
-1.31390 0.13314 97.58821 0 -4.00000 40.87500 59.43101 0.16681 -13
-1.34782 -0.26637 97.58821 0 8.05000 41.90000 59.43101 0.17114 -13
0.31042 0.06076 78.00908 0 -1.85000 -9.45000 74.51424 0.10562 13
0.87727 0.07391 63.52150 0 -2.22500 -27.25000 47.80730 0.13417 -13
1.08492 -0.07480 95.15559 0 2.27500 -32.72500 64.58900 0.14878 -13
-0.15900 0.06313 75.86504 0 -1.90000 4.25000 74.92752 0.10217 13
0.47165 0.12811 27.56772 0 -3.87500 -14.00000 24.97013 0.11210 13
0.48478 -0.27169 27.56772 0 8.17500 -14.37500 24.97013 0.11519 13
-0.43000 -0.24281 24.45438 0 7.35000 11.30000 22.56405 0.11233 -13
-0.80922 0.04157 14.84140 0 -1.20000 22.90000 11.54033 0.12961 -13
1.37395 0.06856 83.78954 0 -2.07500 -43.02500 49.38311 0.17127 13
-0.26257 -0.11792 22.80978 0 3.52500 7.77500 22.07183 0.10478 13
0.06349 -0.00426 47.99562 0 0.15000 -0.30000 47.89917 0.10091 -13
0.53738 -0.19532 99.16518 0 5.90000 -17.30000 87.71344 0.11600 -13
0.72828 -0.13257 85.73581 0 4.00000 -22.22500 69.51275 0.12529 13
-0.99825 -0.05733 49.00985 0 1.75000 30.97500 34.71380 0.14241 -13
0.64558 0.04226 94.54709 0 -1.27500 -19.72500 79.45341 0.11994 13
-0.08874 0.13451 35.71626 0 -4.07500 2.25000 35.57885 0.10201 13
-0.09096 -0.26497 35.71626 0 7.97500 2.32500 35.57885 0.10457 13
1.11120 -0.02565 73.72071 0 0.77500 -34.32500 49.32406 0.15057 -13
-0.71522 -0.01541 79.41401 0 0.47500 16.87500 64.59541 0.12382 -13
-0.63719 -0.15342 2.03091 0 4.32500 18.22500 1.71877 0.12037 13
-0.31609 0.02540 92.05910 0 -0.77500 9.50000 87.78100 0.10565 13
0.59804 -0.22130 57.56486 0 6.67500 -15.50000 49.71102 0.11944 -13
0.52459 -0.06538 29.45235 0 2.00000 -16.90000 26.09310 0.11392 -13
1.20922 0.03492 11.40854 0 -1.00000 -37.62500 7.27332 0.15805 -13
-0.10335 -0.19559 93.39620 0 5.90000 2.65000 92.91945 0.10313 13
0.37362 -0.10260 30.81145 0 3.07500 -9.75000 28.88126 0.10799 13
0.81423 0.05426 14.05191 0 -1.67500 -23.45000 10.90335 0.12999 13
-0.14555 0.11452 4.79096 0 -3.35000 4.40000 4.74162 0.10240 -13
-0.13301 0.10056 32.44370 0 -3.05000 4.00000 32.16334 0.10209 13
-1.19140 -0.01814 1.29248 0 1.12500 37.17500 0.83120 0.15723 -13
0.15433 -0.01013 92.50724 0 0.30000 -4.32500 91.42507 0.10190 13
-0.38053 0.02879 85.31742 0 -0.87500 13.00000 79.74353 0.10771 13
-0.38053 0.02879 85.31742 0 -0.87500 13.00000 79.74353 0.10779 13
-0.16354 -0.05896 4.28824 0 1.65000 3.62500 4.23214 0.10222 13
-1.70103 -0.13139 96.90011 0 3.95000 53.12500 49.41998 0.19914 13
-0.79981 0.02667 48.33429 0 -0.82500 24.37500 37.75132 0.12898 13
-1.22334 -0.10691 52.01740 0 3.20000 38.37500 33.03317 0.15948 13
-1.44117 -0.00359 19.57470 0 0.07500 43.95000 11.15990 0.17663 13
-1.03619 0.09790 67.54403 0 -2.97500 32.52500 47.02039 0.14535 13
0.82500 0.11243 50.78658 0 -3.37500 -27.32500 39.27496 0.13103 -13
1.93940 0.08920 46.27526 0 -2.67500 -60.12500 21.27329 0.21991 -13
-0.74008 -0.07144 8.07833 0 2.22500 21.52500 6.49945 0.12552 -13
0.15548 -0.14197 97.88184 0 4.27500 -3.82500 96.74228 0.10291 13
0.91176 0.14884 82.54782 0 -4.47500 -28.37500 61.30197 0.13709 -13
0.92956 -0.24994 82.54782 0 7.55000 -28.92500 61.30197 0.13979 -13
-0.62398 0.11596 84.17382 0 -3.50000 18.62500 71.54502 0.11927 -13
-1.85321 0.03673 85.30686 0 -1.10000 56.20000 40.53197 0.21207 -13
-0.23145 -0.09918 42.65494 0 3.00000 7.47500 41.56689 0.10385 -13
0.18311 0.07146 70.99075 0 -2.17500 -5.55000 69.83560 0.10263 13
-0.07350 0.00720 17.72190 0 -0.20000 0.92500 17.67423 0.10098 -13
-1.01717 0.01465 55.72606 0 -0.45000 27.95000 39.06984 0.14365 13
-1.63620 0.12529 7.61247 0 -3.65000 50.30000 3.99194 0.19346 -13
-1.68330 -0.27440 7.61247 0 8.42500 51.82500 3.99194 0.19939 -13
0.15843 -0.11485 97.33710 0 3.47500 -3.35000 96.15332 0.10262 -13
-1.08810 -0.18738 55.16278 0 5.65000 29.30000 37.67450 0.15000 13
0.38662 -0.02968 90.11926 0 0.90000 -13.25000 84.06062 0.10801 -13
0.64027 -0.21886 81.73413 0 6.60000 -20.42500 69.29610 0.12158 13
0.28875 -0.12290 90.67970 0 3.70000 -10.52500 87.17056 0.10554 13
-0.47493 -0.09357 59.83648 0 2.82500 12.72500 54.09366 0.11188 -13
-0.57290 0.03054 54.92191 0 -0.90000 16.55000 47.66051 0.11610 -13
-1.26712 -0.02895 82.12127 0 0.87500 38.67500 50.88762 0.16257 -13
0.63833 0.01797 64.02988 0 -0.55000 -20.30000 53.97387 0.11949 13
-1.74615 -0.08578 44.62077 0 2.57500 50.92500 22.23659 0.20280 13
-0.67293 -0.11896 96.47645 0 3.60000 20.50000 80.21575 0.12197 -13
-1.54582 -0.19601 37.62772 0 5.95000 47.92500 20.70942 0.18648 -13
1.65159 -0.01918 97.30930 0 0.57500 -50.42500 50.40692 0.19444 13
0.19535 -0.08573 26.25092 0 2.60000 -5.90000 25.76741 0.10297 -13
1.24373 -0.16233 8.83338 0 4.80000 -38.97500 5.57888 0.16134 13
1.24374 -0.16230 8.83338 0 4.80000 -39.02500 5.57888 0.16148 13
1.52176 0.03936 36.98065 0 -1.20000 -47.22500 20.31850 0.18343 13
2.13192 -0.01442 42.03235 0 0.47500 -63.32500 17.85092 0.23714 -13
-1.26691 0.10226 23.90547 0 -3.05000 39.50000 14.85830 0.16285 -13
-1.70609 -0.21074 63.64963 0 6.37500 50.92500 32.70800 0.20029 -13
-0.57544 -0.17746 82.74636 0 5.35000 16.95000 71.99322 0.11755 13
1.94386 -0.12033 49.43475 0 3.60000 -56.25000 22.74342 0.22045 13
0.60430 -0.00463 25.80306 0 0.12500 -16.20000 22.08421 0.11766 13
0.37471 0.11499 46.72597 0 -3.47500 -11.95000 43.79020 0.10817 13
-0.52516 0.12258 53.71729 0 -3.70000 13.50000 47.63414 0.11442 13
-0.54095 -0.27755 53.71729 0 8.37500 13.97500 47.63414 0.11784 13
0.36156 -0.16321 57.73052 0 4.92500 -10.92500 54.37221 0.10834 -13
-1.73859 -0.16075 11.34122 0 4.75000 52.65000 5.70869 0.20255 13
2.03508 -0.21522 92.15514 0 6.50000 -59.12500 41.38624 0.22939 -13
1.95529 0.12032 8.80782 0 -3.50000 -57.27500 4.03368 0.22139 -13
1.31835 0.13320 71.09334 0 -4.02500 -42.60000 43.20440 0.16718 13
1.35233 -0.26631 71.09334 0 8.02500 -43.62500 43.20440 0.17147 13
-1.02456 -0.09190 25.80425 0 2.80000 31.97500 18.06276 0.14448 -13
-0.92334 0.00861 60.53270 0 -0.25000 25.65000 44.47457 0.13706 -13
-0.84447 -0.15843 52.05673 0 4.80000 25.60000 39.97700 0.13278 -13
-1.08552 0.05027 22.76548 0 -1.55000 31.75000 15.43485 0.14873 13
-1.55111 0.10463 77.99031 0 -3.17500 44.40000 42.42216 0.18615 13
0.39631 0.09437 37.92628 0 -2.85000 -12.30000 35.27960 0.10874 13
0.53814 -0.06904 5.94139 0 2.17500 -15.90000 5.23483 0.11461 -13
-1.67338 -0.21151 62.22751 0 6.40000 50.97500 32.43803 0.19748 -13
-0.72504 -0.16771 24.43072 0 5.02500 23.12500 19.87234 0.12552 13
-0.76917 0.05045 64.91264 0 -1.50000 23.05000 51.47718 0.12715 -13
0.33183 -0.23138 13.55486 0 6.95000 -10.62500 12.89760 0.10861 13
-0.02445 -0.16923 62.91989 0 5.10000 1.55000 62.90163 0.10216 13
0.26548 -0.03527 77.86649 0 1.05000 -8.52500 75.26252 0.10425 13
0.20286 0.05728 87.28039 0 -1.72500 -7.92500 85.54365 0.10292 13
-2.09166 -0.14139 47.20398 0 4.25000 63.57500 20.52415 0.23388 13
-0.20208 0.05315 37.91153 0 -1.62500 4.37500 37.16258 0.10288 13
1.40101 -0.20252 83.99317 0 6.10000 -44.00000 49.44637 0.17452 13
1.57940 -0.00424 44.60036 0 0.10000 -46.70000 23.85892 0.18826 13
0.05416 -0.04228 50.87319 0 1.27500 -1.05000 50.79890 0.10094 13
0.42826 -0.17483 98.61806 0 5.27500 -12.02500 90.86339 0.11096 -13
-0.83402 -0.16741 35.38937 0 5.07500 24.00000 27.33109 0.13222 -13
-0.56015 -0.05920 81.39621 0 1.80000 17.55000 71.04359 0.11558 -13
0.36540 -0.01739 2.65446 0 0.32500 -10.90000 2.49339 0.10730 13
-0.34648 -0.22155 29.67816 0 6.67500 9.70000 28.11303 0.10888 13
-2.00338 -0.11959 11.95173 0 3.52500 58.47500 5.36850 0.22572 13
1.38574 0.05182 88.77564 0 -1.57500 -41.02500 51.99566 0.17217 13
-2.02982 -0.23814 25.64314 0 7.22500 61.27500 11.58541 0.22920 -13
-0.23881 -0.20218 20.23000 0 6.12500 5.52500 19.69751 0.10554 -13
-0.67908 -0.20155 20.71781 0 6.05000 20.77500 17.24623 0.12339 13
-0.70485 -0.19041 20.75459 0 5.72500 22.22500 17.06382 0.12466 13
-1.83919 -0.16687 65.32910 0 5.05000 54.30000 31.53774 0.21150 -13
-0.37167 -0.01185 26.67813 0 0.35000 13.12500 25.00700 0.10744 13
-0.42746 -0.09043 55.34295 0 2.72500 11.40000 50.92083 0.10989 13
2.01156 -0.22424 23.25149 0 6.82500 -59.47500 10.55502 0.22742 -13
-0.97331 -0.24877 76.15615 0 7.50000 28.77500 55.36463 0.14273 13
0.00734 0.05912 53.80702 0 -1.80000 0.60000 53.80557 0.10088 13
0.04422 -0.22654 52.05221 0 6.85000 -0.65000 52.00388 0.10336 -13
-0.01721 0.07750 74.24534 0 -2.35000 1.82500 74.23441 0.10102 13
-1.61216 0.08617 70.91270 0 -2.57500 50.10000 37.47885 0.19124 -13
-1.34857 0.13339 11.56424 0 -4.10000 42.15000 6.92709 0.16966 13
-1.38322 -0.26647 11.56424 0 7.95000 43.17500 6.92709 0.17387 13
-0.45784 0.04612 2.84867 0 -1.57500 13.42500 2.59064 0.11096 13
1.18310 -0.12035 54.58635 0 3.62500 -34.15000 35.38491 0.15646 13
-0.57524 0.02638 20.30675 0 -0.77500 18.12500 17.60367 0.11621 -13
2.06157 0.04711 78.50590 0 -1.40000 -61.40000 34.29293 0.23079 -13
0.18567 -0.08250 11.74241 0 2.52500 -4.22500 11.54635 0.10278 -13
1.56273 0.14716 10.62046 0 -4.35000 -45.92500 5.76810 0.18734 -13
1.59466 -0.25167 10.62046 0 7.67500 -46.92500 5.76810 0.19134 -13
0.37184 0.07477 30.67768 0 -2.27500 -9.07500 28.76381 0.10770 13
0.30880 0.09910 20.05159 0 -2.97500 -13.32500 19.16717 0.10586 -13
0.30521 0.09858 53.12864 0 -2.97500 -7.95000 50.83545 0.10576 13
-0.30964 0.14957 24.09380 0 -4.50000 9.00000 23.03767 0.10648 -13
-0.31561 -0.24917 24.09380 0 7.55000 9.17500 23.03767 0.10856 -13
-0.79131 0.07017 10.14874 0 -2.05000 26.07500 7.96556 0.12861 -13
1.47585 -0.20564 14.84324 0 6.27500 -43.95000 8.44470 0.18079 -13
0.16023 0.13380 42.78303 0 -4.05000 -3.72500 42.25355 0.10288 13
0.16433 -0.26571 42.78303 0 8.00000 -3.85000 42.25355 0.10549 13
1.45758 0.08133 11.26934 0 -2.52500 -44.00000 6.38987 0.17824 13
0.69146 0.03711 41.77099 0 -1.10000 -22.25000 34.36496 0.12249 -13
0.04979 0.01896 15.54836 0 -0.55000 -3.77500 15.52911 0.10084 -13
0.05229 0.11345 14.02478 0 -3.45000 -3.05000 14.00590 0.10149 13
1.76838 0.07003 35.88472 0 -2.07500 -53.30000 17.69486 0.20471 -13
0.32728 -0.14710 36.31656 0 4.42500 -7.85000 34.55039 0.10699 13
-1.25466 -0.01517 80.06073 0 0.45000 37.10000 49.90345 0.16158 13
-0.48277 -0.01648 3.27499 0 0.67500 14.67500 2.94938 0.11191 -13
-1.67726 -0.15014 95.34788 0 4.55000 51.15000 49.22977 0.19723 -13
-1.21498 -0.17537 85.16310 0 5.27500 36.52500 54.60769 0.15944 13
-0.63132 -0.15032 67.95457 0 4.52500 17.92500 57.64367 0.12005 13
2.08506 -0.12760 10.68576 0 3.75000 -63.85000 4.65083 0.23316 13
0.10615 -0.18285 10.89549 0 5.47500 -1.75000 10.83660 0.10290 13
0.20250 0.14455 41.21573 0 -4.35000 -5.15000 40.41216 0.10376 -13
0.20679 -0.25442 41.21573 0 7.67500 -5.27500 40.41216 0.10599 -13
0.57182 0.12806 59.78390 0 -3.85000 -18.52500 52.00154 0.11672 -13
0.58776 -0.27172 59.78390 0 8.20000 -19.00000 52.00154 0.11998 -13
1.82230 -0.15705 3.91238 0 5.00000 -55.30000 1.90006 0.21024 -13
-1.63909 -0.18905 57.70392 0 5.67500 49.72500 30.43733 0.19428 13
1.11997 -0.11546 46.18675 0 3.50000 -35.92500 30.87533 0.15165 -13
-0.31213 0.10622 18.51876 0 -3.22500 6.65000 17.68651 0.10605 13
1.06684 0.11993 42.08709 0 -3.60000 -33.07500 28.89175 0.14774 -13
1.10012 -0.28031 42.08709 0 8.47500 -34.07500 28.89175 0.15237 -13
0.49656 -0.05081 32.11203 0 1.52500 -15.42500 28.76868 0.11255 13
1.02289 0.13072 91.42983 0 -3.92500 -29.95000 64.19150 0.14465 -13
1.05030 -0.26892 91.42983 0 8.12500 -30.77500 64.19150 0.14854 -13
-1.00637 -0.14057 67.80663 0 4.22500 30.12500 48.02895 0.14356 13
0.06955 -0.10880 64.76075 0 3.27500 -0.67500 64.60652 0.10154 13
-0.52124 -0.12179 64.65878 0 3.67500 16.92500 57.42686 0.11422 13
-0.76104 -0.01742 25.08454 0 0.55000 23.90000 19.96285 0.12657 -13
0.16305 -0.10763 47.35069 0 3.22500 -3.72500 46.74040 0.10260 13
0.19090 -0.00533 36.74681 0 0.17500 -5.62500 36.09500 0.10253 -13
0.55069 -0.08236 92.72805 0 2.47500 -15.02500 81.28946 0.11525 13
0.39152 0.04141 21.38697 0 -1.27500 -11.60000 19.91735 0.10823 13
1.16040 -0.18915 86.88962 0 5.72500 -36.02500 57.29295 0.15543 -13
0.79224 -0.09035 47.69312 0 2.70000 -21.02500 37.44191 0.12879 13
1.05891 0.08423 6.72878 0 -2.65000 -31.00000 4.62849 0.14698 13
0.45059 0.07329 41.54761 0 -2.22500 -15.15000 37.89707 0.11071 13
1.01595 0.02329 22.73012 0 -0.67500 -29.57500 15.94663 0.14358 -13
-0.14921 -0.20665 4.62216 0 6.12500 6.92500 4.57353 0.10387 13
-0.78829 -0.16308 55.58247 0 4.92500 23.70000 43.86930 0.12928 -13
0.21726 0.12448 15.11070 0 -3.77500 -5.92500 14.77142 0.10383 13
0.22364 -0.27560 15.11070 0 8.27500 -6.12500 14.77142 0.10683 13
1.70817 0.13533 86.70691 0 -4.07500 -51.37500 44.10203 0.19978 -13
1.75075 -0.26404 86.70691 0 7.97500 -52.67500 44.10203 0.20479 -13
-0.91038 -0.19462 74.40347 0 5.85000 29.27500 55.47959 0.13757 13
-1.03175 -0.10333 2.98690 0 2.87500 30.47500 2.08483 0.14502 13
-0.82063 0.04685 17.77670 0 -1.37500 25.20000 13.74821 0.13035 -13
-1.10495 -0.18780 39.89959 0 5.65000 34.02500 27.02754 0.15125 13
-1.20626 0.12592 36.03028 0 -3.77500 34.30000 23.10282 0.15828 -13
-1.24090 -0.27396 36.03028 0 8.27500 35.35000 23.10282 0.16287 -13
-0.28470 -0.20261 73.55890 0 6.12500 9.27500 70.85233 0.10668 -13
-1.21216 0.07763 51.62364 0 -2.32500 36.72500 32.91052 0.15843 -13
0.90726 0.09285 65.23418 0 -2.80000 -25.42500 48.40705 0.13630 13
0.68548 0.01151 16.85750 0 -0.30000 -20.25000 13.90438 0.12210 -13
0.73859 0.10505 70.96133 0 -3.17500 -22.25000 57.19018 0.12565 13
0.11947 0.02512 31.04414 0 -0.75000 -2.35000 30.82511 0.10145 -13
-0.25897 -0.12911 29.43082 0 3.92500 9.22500 28.50557 0.10484 -13
-0.34574 -0.03657 83.45110 0 1.10000 9.70000 78.87590 0.10662 13
-1.44005 -0.03448 2.55376 0 1.37500 41.55000 1.45717 0.17683 -13
-0.42679 -0.10308 75.13597 0 3.10000 15.52500 69.16125 0.10998 13
-0.32221 0.09351 52.45003 0 -2.80000 10.30000 49.94276 0.10622 -13
-0.72407 0.13948 26.15669 0 -4.17500 20.15000 21.25568 0.12511 -13
-0.74089 -0.25974 26.15669 0 7.85000 20.67500 21.25568 0.12806 -13
0.81321 -0.03290 50.73955 0 1.00000 -25.62500 39.37524 0.12984 -13
-0.20307 0.01157 62.68005 0 -0.35000 7.97500 61.42639 0.10277 13
-0.46907 -0.16500 3.43294 0 4.82500 14.95000 3.11539 0.11242 13
0.17045 0.06621 37.75118 0 -1.97500 -6.05000 37.21678 0.10237 -13
-0.20527 -0.13671 55.92706 0 4.12500 5.95000 54.80500 0.10372 13
1.40961 -0.04231 52.41718 0 1.30000 -42.30000 30.34630 0.17411 -13
1.12225 0.02076 90.73131 0 -0.62500 -32.20000 60.36827 0.15139 -13
-1.14838 0.08439 81.75490 0 -2.55000 34.55000 53.79702 0.15359 13
-1.25287 -0.04988 79.93959 0 1.50000 39.45000 49.90602 0.16151 13
-1.37665 -0.08312 89.78415 0 2.52500 42.25000 52.88675 0.17155 -13
-0.98210 -0.11517 17.73855 0 3.42500 29.70000 12.69583 0.14161 13
-0.95634 0.04304 12.41085 0 -1.35000 29.52500 8.97307 0.13943 13
0.06331 0.13394 82.93635 0 -4.02500 -2.62500 82.77356 0.10180 -13
0.06492 -0.26554 82.93635 0 8.02500 -2.67500 82.77356 0.10441 -13
-0.93436 0.13648 91.84934 0 -4.12500 29.37500 67.40019 0.13851 13
-0.95724 -0.26289 91.84934 0 7.92500 30.05000 67.40019 0.14189 13
-0.23467 -0.07456 93.33368 0 2.25000 7.30000 90.87850 0.10371 -13
-0.16154 -0.13804 99.64673 0 4.17500 3.25000 98.39492 0.10296 -13
-0.09448 -0.17969 33.17351 0 5.42500 3.12500 33.03100 0.10277 -13
-0.14074 0.01385 69.63031 0 -0.42500 2.37500 68.95098 0.10171 13
-0.54592 -0.20276 11.77812 0 6.17500 16.75000 10.38512 0.11658 -13
-0.36616 -0.15822 51.02758 0 4.75000 13.77500 47.98576 0.10841 13
0.34576 0.02327 85.10563 0 -0.70000 -10.45000 80.43557 0.10658 -13
-1.15857 0.08844 97.31780 0 -2.67500 34.40000 63.72967 0.15438 13
0.29346 -0.23053 89.33407 0 6.95000 -9.60000 85.89140 0.10749 -13
1.38572 -0.00404 83.62351 0 0.10000 -41.52500 48.93511 0.17208 13
0.05272 0.06883 42.14270 0 -2.07500 1.70000 42.08450 0.10107 -13
0.80441 -0.00261 47.10926 0 0.07500 -24.57500 36.70711 0.12924 13
-0.40845 0.14646 29.35839 0 -4.42500 12.30000 27.21963 0.10978 13
-0.41683 -0.25246 29.35839 0 7.60000 12.55000 27.21963 0.11201 13
-0.48131 -0.24064 17.84224 0 7.30000 16.35000 16.16026 0.11439 -13
0.82367 0.01895 59.48933 0 -0.55000 -25.30000 45.92155 0.13048 -13
1.53776 -0.14394 40.16854 0 4.32500 -47.40000 22.05771 0.18526 13
0.06050 -0.05097 52.02709 0 1.52500 -2.10000 51.93239 0.10102 13
1.58715 -0.15744 41.21612 0 4.72500 -47.12500 22.16424 0.18955 13
0.47466 -0.09991 58.57844 0 3.00000 -16.87500 52.96765 0.11192 13
0.49228 -0.04984 30.01054 0 1.52500 -16.12500 26.93139 0.11236 -13
-0.33591 -0.04825 23.69153 0 1.47500 9.47500 22.46084 0.10635 -13
-0.82174 -0.08687 93.17454 0 2.62500 24.15000 72.09607 0.13063 13
1.30242 0.10126 10.54954 0 -2.97500 -39.57500 6.44525 0.16565 -13
0.23212 0.03008 50.07827 0 -0.92500 -7.00000 48.78252 0.10343 13
-0.25051 -0.22378 80.49487 0 6.75000 5.80000 78.19229 0.10623 -13
-0.02790 -0.22269 54.87680 0 6.72500 0.27500 54.85647 0.10322 -13
-0.65612 -0.21085 42.28470 0 6.35000 19.25000 35.58272 0.12229 13
-0.74183 0.13932 2.43963 0 -4.45000 20.35000 1.96605 0.12644 13
-0.75925 -0.26027 2.43963 0 7.57500 20.80000 1.96605 0.12896 13
-0.49329 -0.03751 24.08922 0 1.10000 14.70000 21.60674 0.11235 13
-0.10472 -0.03175 18.74160 0 0.92500 -0.07500 18.63980 0.10130 13
0.48314 -0.10278 25.73386 0 3.12500 -12.05000 23.19373 0.11233 -13
0.51799 0.03117 72.98651 0 -0.95000 -16.02500 64.81486 0.11346 13
-0.28833 -0.11838 76.02713 0 3.57500 8.47500 73.09023 0.10548 13
1.16951 -0.24250 72.16275 0 7.32500 -33.87500 47.66782 0.15688 -13
-0.55721 0.00676 23.18725 0 -0.17500 15.55000 20.25508 0.11528 -13
0.68782 0.03776 18.11580 0 -1.10000 -20.60000 14.92947 0.12228 -13
-1.12091 0.05106 25.08513 0 -1.57500 35.22500 16.71147 0.15137 13
-1.57358 -0.01910 62.12690 0 0.55000 47.92500 33.32595 0.18776 13
0.96931 0.08179 18.47846 0 -2.50000 -29.02500 13.29002 0.14050 13
0.55924 0.06237 64.93529 0 -1.90000 -18.50000 56.70067 0.11555 13
-0.11905 -0.10875 53.61745 0 3.30000 3.00000 53.24581 0.10201 -13
-0.28743 0.02696 80.83269 0 -0.80000 9.77500 77.68938 0.10482 -13
0.58487 -0.03873 7.23756 0 1.25000 -17.30000 6.24882 0.11675 -13
-0.27531 -0.18352 47.47752 0 5.55000 4.55000 45.82684 0.10608 -13
-0.18988 -0.18660 90.82923 0 5.62500 5.52500 89.28700 0.10421 -13
-1.27798 -0.05289 20.23576 0 1.55000 37.35000 12.48175 0.16348 13
-0.84333 -0.11255 67.32889 0 3.40000 24.45000 51.60448 0.13222 -13
-1.24957 0.04938 15.83649 0 -1.45000 42.15000 9.90212 0.16123 -13
-0.78205 0.03170 54.71608 0 -0.97500 22.20000 43.10919 0.12788 13
1.57682 -0.03229 8.09172 0 1.10000 -49.60000 4.33508 0.18811 -13
1.38842 -0.04453 45.53480 0 1.32500 -40.35000 26.63000 0.17236 13
1.71467 0.07905 77.51458 0 -2.40000 -51.00000 39.14135 0.20006 13
0.73138 0.10656 8.99038 0 -3.27500 -22.77500 7.27096 0.12527 13
0.27262 -0.17050 46.31907 0 5.12500 -8.20000 44.73215 0.10577 13
0.50918 -0.08481 11.26446 0 2.50000 -15.05000 10.04523 0.11332 13
-0.94436 -0.07740 68.33654 0 2.32500 29.40000 49.75345 0.13873 13
-1.32599 -0.07097 1.34158 0 1.52500 39.20000 0.80875 0.16779 13
-1.74701 -0.02310 97.24918 0 0.70000 51.62500 48.32121 0.20273 -13
-1.45260 -0.19225 14.56847 0 5.87500 44.60000 8.36199 0.17874 -13
-1.62070 0.14523 27.26656 0 -4.35000 50.40000 14.42613 0.19230 -13
-1.65481 -0.25365 27.26656 0 7.67500 51.45000 14.42613 0.19642 -13
0.52792 -0.22099 75.58833 0 6.65000 -15.57500 67.18751 0.11602 13
-0.83750 0.01677 21.88927 0 -0.47500 24.92500 16.78245 0.13136 -13
1.60754 -0.22020 88.28915 0 6.65000 -49.22500 47.43265 0.19195 -13
0.80272 -0.11338 2.33856 0 3.15000 -25.57500 1.82818 0.12965 13
0.84342 0.07441 68.15122 0 -2.25000 -22.67500 52.15602 0.13195 13
-1.26254 -0.11494 78.93125 0 3.45000 35.50000 49.20496 0.16260 13
-0.19212 -0.22860 53.00809 0 6.90000 3.10000 52.10229 0.10510 -13
-1.59212 -0.01292 63.74226 0 0.37500 46.70000 33.90505 0.18933 13
1.56473 -0.02730 96.55519 0 0.82500 -46.25000 52.00977 0.18702 13
