-0.13953 -0.18624 32.53991 0 5.62500 3.42500 32.23811 0.10340 -13
0.72978 0.03699 60.97976 0 -1.12500 -21.82500 49.26939 0.12473 13
0.00293 0.08678 79.82743 0 -2.62500 1.50000 79.82709 0.10108 13
-0.06169 -0.22638 8.11615 0 6.77500 -1.50000 8.10153 0.10340 13
-0.35271 -0.04408 50.15589 0 1.32500 12.80000 47.30496 0.10687 13
-0.15188 -0.17675 47.65644 0 5.32500 4.87500 47.13212 0.10340 13
-1.00659 0.03513 78.47479 0 -1.05000 32.22500 55.32464 0.14292 -13
-1.10496 -0.22082 30.19473 0 6.67500 33.92500 20.52553 0.15174 -13
-0.08138 -0.03975 56.84667 0 1.20000 2.90000 56.65970 0.10112 -13
0.02756 -0.22243 83.93472 0 6.70000 -0.32500 83.90434 0.10320 13
-0.90628 0.01419 48.53804 0 -0.45000 27.10000 35.96723 0.13592 13
-0.06891 -0.15296 20.57850 0 4.57500 2.65000 20.53091 0.10210 13
-0.18922 -0.03228 52.97154 0 0.97500 4.15000 52.04887 0.10254 -13
-0.12035 -0.21983 17.54690 0 6.65000 1.52500 17.42698 0.10384 -13
0.37432 0.02882 95.38406 0 -0.87500 -10.05000 89.33540 0.10757 -13
-0.16528 -0.07605 77.90131 0 2.30000 4.00000 76.86448 0.10235 13
-1.19719 -0.11674 65.53150 0 3.52500 39.10000 42.17799 0.15753 -13
0.01013 -0.16662 9.32093 0 4.97500 -1.22500 9.32047 0.10207 13
0.21304 -0.14570 60.81512 0 4.37500 -4.52500 59.50719 0.10400 13
0.55385 0.10546 71.95422 0 -3.17500 -15.60000 63.02734 0.11560 -13
-0.33114 -0.16696 70.22752 0 5.05000 11.75000 66.75703 0.10741 -13
-0.95307 -0.05337 29.45549 0 1.62500 26.52500 21.33673 0.13923 -13
0.05621 0.00416 31.17170 0 -0.15000 -0.20000 31.12258 0.10086 13
0.38077 0.09170 56.06372 0 -2.77500 -11.25000 52.42171 0.10816 13
0.58124 -0.13786 93.41273 0 4.15000 -17.02500 80.95262 0.11731 13
-0.83634 -0.06333 14.80474 0 1.87500 22.40000 11.36594 0.13142 13
-1.04641 0.10476 94.70446 0 -3.17500 30.47500 65.61658 0.14614 13
0.41824 -0.01493 76.99838 0 0.45000 -12.37500 71.03683 0.10917 -13
1.23422 -0.09883 16.36387 0 3.02500 -39.25000 10.33191 0.16030 -13
-0.61235 0.14172 13.71334 0 -4.32500 16.22500 11.72626 0.11897 13
-0.62605 -0.25747 13.71334 0 7.72500 16.62500 11.72626 0.12157 13
0.30462 -0.24375 61.71784 0 7.35000 -9.52500 59.18044 0.10810 -13
-0.80494 -0.11168 27.56672 0 3.35000 21.12500 21.52570 0.12976 13
0.36499 -0.06892 55.14840 0 2.10000 -10.62500 51.81991 0.10743 -13
-0.37700 0.02604 95.40260 0 -0.77500 11.80000 89.27327 0.10766 -13
0.88318 0.04431 10.97858 0 -1.40000 -25.25000 8.23250 0.13444 13
1.50576 0.14716 71.65887 0 -4.42500 -47.17500 39.93830 0.18263 -13
1.53618 -0.25171 71.65887 0 7.60000 -48.10000 39.93830 0.18634 -13
-0.48451 -0.06081 47.73262 0 1.82500 14.35000 42.97136 0.11207 13
0.59056 -0.19626 35.80081 0 5.92500 -17.67500 30.97593 0.11862 -13
0.23622 -0.07531 86.15367 0 2.27500 -6.85000 83.85843 0.10375 13
0.91164 -0.01284 6.84596 0 0.47500 -26.50000 5.05933 0.13630 -13
0.55730 -0.05213 49.45272 0 1.55000 -16.02500 43.21141 0.11540 13
0.31124 0.10701 44.28497 0 -3.25000 -8.05000 42.30551 0.10602 13
1.46084 0.08517 81.50870 0 -2.55000 -44.12500 46.15456 0.17848 -13
0.31509 0.05062 62.26762 0 -1.52500 -9.85000 59.39617 0.10571 13
-1.94454 -0.22374 74.04530 0 6.77500 57.97500 34.51957 0.22138 -13
2.01210 0.09806 14.40179 0 -2.87500 -58.92500 6.43447 0.22643 -13
1.60866 0.00886 30.84825 0 -0.22500 -48.07500 16.28683 0.19075 -13
-0.03749 0.09184 93.26278 0 -2.77500 1.65000 93.19787 0.10120 13
0.53497 -0.15696 65.13141 0 4.72500 -16.42500 57.58417 0.11529 13
-0.48860 0.07004 60.54907 0 -2.10000 16.17500 54.42812 0.11230 -13
0.70893 0.13394 73.78385 0 -4.02500 -21.62500 60.37097 0.12417 -13
0.72701 -0.26553 73.78385 0 8.02500 -22.17500 60.37097 0.12735 -13
-0.75915 -0.06673 44.07767 0 2.02500 22.80000 35.13543 0.12662 -13
0.20064 0.03779 59.21912 0 -1.15000 -7.50000 58.06360 0.10278 13
0.62958 0.14396 16.37156 0 -4.37500 -18.37500 13.89441 0.11991 13
0.64307 -0.25507 16.37156 0 7.65000 -18.77500 13.89441 0.12243 13
0.23570 -0.05985 28.60315 0 1.80000 -9.57500 27.84302 0.10363 13
-1.08686 -0.23342 70.85049 0 7.02500 32.42500 48.65800 0.15056 13
-0.17593 -0.12073 54.68522 0 3.65000 1.62500 53.86963 0.10298 -13
1.79412 -0.07661 72.39398 0 2.32500 -54.05000 35.32423 0.20700 -13
0.39448 -0.19008 68.01752 0 5.75000 -9.40000 63.42106 0.10994 -13
0.75895 0.03905 26.86269 0 -1.15000 -21.72500 21.40414 0.12648 -13
0.86936 -0.06989 31.44255 0 2.12500 -24.75000 23.75346 0.13363 -13
-0.79816 -0.14691 79.54148 0 4.45000 21.65000 62.42378 0.12970 -13
0.67989 0.11591 39.99218 0 -3.50000 -18.80000 33.14200 0.12234 13
0.76788 0.01227 79.92818 0 -0.37500 -23.52500 63.39624 0.12697 -13
-1.61361 0.04391 65.39362 0 -1.30000 50.05000 34.47170 0.19122 -13
0.04694 -0.06593 40.80873 0 1.97500 0.07500 40.76407 0.10103 13
-0.66332 -0.13577 71.31836 0 4.10000 19.90000 59.59702 0.12162 -13
-0.51183 -0.11366 62.29946 0 3.45000 15.87500 55.53132 0.11371 -13
-1.02366 -0.15083 6.65781 0 4.65000 31.52500 4.67863 0.14502 -13
-1.87867 0.11245 9.32482 0 -3.50000 58.15000 4.40354 0.21469 13
-1.29900 0.10031 37.09658 0 -3.00000 41.27500 22.70045 0.16538 -13
0.72108 -0.04271 16.00637 0 1.25000 -23.75000 12.98721 0.12423 13
-0.34686 -0.09420 93.63671 0 2.85000 11.00000 88.50774 0.10702 -13
1.74481 -0.10416 17.26465 0 3.07500 -52.22500 8.61940 0.20277 13
-0.98928 -0.22479 80.55039 0 6.77500 30.00000 57.95724 0.14344 13
-0.92811 0.13868 43.95554 0 -4.20000 30.60000 32.35949 0.13811 13
-0.95002 -0.26059 43.95554 0 7.85000 31.27500 32.35949 0.14134 13
-1.60497 0.12173 58.33943 0 -3.65000 48.75000 31.01405 0.19082 -13
-1.65377 -0.27841 58.33943 0 8.42500 50.25000 31.01405 0.19666 -13
-0.45436 -0.13374 54.92915 0 4.02500 12.90000 50.08447 0.11142 13
0.35827 0.08834 59.61740 0 -2.65000 -11.12500 56.14891 0.10734 -13
-2.07608 0.14593 33.33192 0 -4.42500 62.07500 14.58889 0.23256 13
-2.11890 -0.25305 33.33192 0 7.60000 63.35000 14.58889 0.23727 13
0.70494 -0.00741 55.53180 0 0.22500 -21.62500 45.38836 0.12321 13
0.67603 0.02530 21.31579 0 -0.72500 -22.17500 17.66100 0.12158 -13
-1.91070 -0.03181 48.71280 0 0.97500 58.00000 22.59675 0.21721 -13
-1.17711 -0.14862 25.19611 0 4.45000 35.12500 16.41663 0.15623 13
0.82348 -0.19070 95.25281 0 5.75000 -25.12500 74.05736 0.13185 13
0.06266 -0.09773 45.20564 0 2.95000 -3.55000 45.11800 0.10138 -13
0.25817 -0.15240 24.19858 0 4.57500 -7.57500 23.44709 0.10512 13
0.20483 -0.13992 42.01396 0 4.22500 -5.95000 41.17534 0.10376 -13
0.23180 -0.17576 53.19280 0 5.30000 -5.95000 51.85849 0.10487 13
1.21111 0.03050 91.42854 0 -0.92500 -38.70000 58.22845 0.15820 13
0.58128 -0.04043 68.61910 0 1.20000 -18.15000 59.33692 0.11655 13
0.23003 0.07615 30.42751 0 -2.27500 -5.22500 29.65733 0.10361 -13
-0.05298 0.14130 18.05736 0 -4.30000 0.60000 18.03256 0.10185 13
-0.05414 -0.25787 18.05736 0 7.75000 0.65000 18.03256 0.10411 13
0.53602 -0.04417 34.19017 0 1.32500 -15.80000 30.14043 0.11434 13
0.01690 -0.23647 43.36918 0 7.15000 -2.22500 43.36332 0.10350 -13
0.69205 -0.06802 98.48163 0 2.05000 -21.07500 81.04124 0.12266 -13
-2.12137 0.10990 17.93624 0 -3.37500 63.57500 7.68549 0.23649 13
-1.82846 -0.21820 97.09488 0 6.57500 56.12500 47.42629 0.21100 13
1.95179 -0.21418 51.61697 0 6.47500 -59.02500 23.95573 0.22194 -13
0.12787 0.00822 72.33060 0 -0.25000 -5.52500 71.74644 0.10152 -13
-0.28270 -0.00119 82.94754 0 0.05000 9.30000 79.81932 0.10465 -13
-0.24046 0.10588 66.02047 0 -3.17500 7.37500 64.21009 0.10412 -13
0.43896 0.09837 60.29594 0 -2.97500 -13.30000 55.25384 0.11043 13
0.08654 -0.16486 81.92736 0 4.97500 -3.35000 81.63030 0.10244 -13
-1.18127 -0.03319 88.85331 0 1.00000 37.20000 57.42841 0.15589 -13
0.52156 -0.12024 17.29486 0 3.60000 -14.90000 15.35816 0.11421 13
-1.40989 0.02275 61.72092 0 -0.67500 45.00000 35.71350 0.17409 -13
-0.41300 0.00523 13.32946 0 -0.12500 9.20000 12.32019 0.10896 -13
1.29140 -0.03587 91.34811 0 1.10000 -39.07500 55.94986 0.16452 -13
-0.43317 0.13997 97.80774 0 -4.22500 13.50000 89.88604 0.11065 13
-0.44317 -0.25923 97.80774 0 7.82500 13.80000 89.88604 0.11319 13
0.87357 -0.08318 1.99759 0 2.82500 -25.37500 1.50534 0.13441 -13
-0.55677 -0.00253 46.12965 0 0.10000 16.12500 40.30362 0.11526 -13
-0.14388 -0.04390 70.07246 0 1.32500 3.35000 69.35953 0.10184 13
2.10349 0.09182 14.66059 0 -2.70000 -62.52500 6.31544 0.23471 -13
-0.05927 0.01207 52.40128 0 -0.37500 1.82500 52.30951 0.10089 13
0.74672 -0.19925 40.44044 0 6.00000 -21.77500 32.62666 0.12726 13
0.35248 0.08080 36.10387 0 -2.45000 -13.12500 34.06248 0.10709 13
2.04419 -0.16294 94.00333 0 4.92500 -60.67500 41.74566 0.22977 -13
1.14538 -0.16542 85.60155 0 5.00000 -35.02500 56.72901 0.15402 -13
0.30301 -0.00030 62.47447 0 0.02500 -5.82500 59.78984 0.10522 -13
-0.57526 -0.20395 60.44231 0 6.15000 17.25000 52.65392 0.11797 13
-1.70775 0.06379 95.07762 0 -1.90000 49.55000 48.11829 0.19939 -13
0.61438 0.05421 34.87320 0 -1.65000 -17.47500 29.72520 0.11832 13
0.34361 0.05650 60.91775 0 -1.70000 -13.00000 57.62127 0.10663 -13
-1.70973 -0.08355 69.39015 0 2.52500 52.92500 35.12454 0.19964 -13
0.27114 -0.01155 90.78169 0 0.35000 -4.22500 87.61839 0.10435 -13
-0.47374 -0.12949 81.82861 0 3.90000 14.20000 74.06188 0.11220 -13
-0.68946 0.14034 16.01842 0 -4.27500 21.42500 13.22893 0.12315 13
-0.70524 -0.25878 16.01842 0 7.77500 21.90000 13.22893 0.12591 13
-0.60743 -0.05787 93.15566 0 1.75000 20.95000 79.65380 0.11797 13
-0.25994 -0.22691 63.39717 0 6.82500 6.47500 61.45341 0.10652 13
-0.01102 0.14916 48.09933 0 -4.50000 0.60000 48.09647 0.10182 -13
-0.01123 -0.24963 48.09933 0 7.55000 0.60000 48.09647 0.10381 -13
0.59581 -0.06806 61.19378 0 2.05000 -16.05000 52.60181 0.11742 13
-0.14702 -0.22558 83.30483 0 6.80000 3.82500 82.46108 0.10430 -13
-0.12254 -0.09557 92.90350 0 2.90000 3.17500 92.21996 0.10192 -13
2.03455 0.00287 96.14993 0 -0.10000 -63.62500 42.41301 0.22830 13
0.98539 -0.07151 15.95239 0 2.12500 -31.67500 11.37669 0.14156 13
0.04075 -0.24115 85.49112 0 7.27500 -2.02500 85.42413 0.10367 -13
0.80625 0.07197 3.19516 0 -1.97500 -23.62500 2.48980 0.12959 -13
2.05577 -0.20686 75.43264 0 6.22500 -61.30000 33.55742 0.23114 13
1.65076 -0.04196 12.07384 0 1.17500 -50.20000 6.25959 0.19440 13
-2.18394 0.06154 74.56562 0 -1.85000 63.90000 31.09104 0.24196 -13
1.69021 0.01664 37.00175 0 -0.47500 -52.92500 18.84343 0.19777 -13
-0.01418 0.05912 26.45003 0 -1.77500 2.92500 26.44737 0.10089 -13
0.75685 -0.19047 47.49869 0 5.72500 -20.27500 38.11744 0.12773 13
-0.39511 -0.16366 82.29271 0 4.92500 14.17500 76.67030 0.10952 13
-1.32073 -0.20522 80.36238 0 6.17500 39.85000 49.14595 0.16808 13
-0.44850 0.14712 82.19633 0 -4.45000 13.80000 75.13195 0.11136 13
-0.45757 -0.25176 82.19633 0 7.57500 14.07500 75.13195 0.11360 13
0.11399 -0.05139 84.66359 0 1.55000 -0.85000 84.12026 0.10149 -13
0.28108 -0.06063 19.95927 0 1.80000 -7.57500 19.21717 0.10478 13
-2.04199 -0.05648 17.33357 0 1.77500 59.22500 7.63379 0.22905 -13
-0.69014 -0.00215 65.62439 0 0.05000 20.12500 54.01043 0.12236 13
-0.44741 -0.04601 48.44672 0 1.40000 13.77500 44.23007 0.11042 -13
0.45471 0.08134 62.67745 0 -2.45000 -15.97500 57.08811 0.11092 -13
0.38465 0.11407 17.82739 0 -3.42500 -10.60000 16.65234 0.10850 -13
0.29959 -0.13438 40.26972 0 4.05000 -9.32500 38.60382 0.10599 13
1.34342 -0.03915 75.89473 0 1.20000 -38.77500 45.33964 0.16870 -13
-0.37662 -0.12450 45.99932 0 3.75000 9.97500 43.08848 0.10833 13
1.96287 -0.22803 29.63567 0 6.92500 -60.32500 13.72461 0.22309 -13
-1.13407 0.13023 21.61325 0 -3.97500 34.05000 14.36226 0.15285 13
-1.16477 -0.26953 21.61325 0 8.10000 34.95000 14.36226 0.15690 13
1.15495 -0.17664 56.67221 0 5.32500 -35.50000 37.42049 0.15486 13
-0.76655 0.00379 64.74184 0 -0.12500 23.85000 51.38216 0.12689 13
2.25655 0.02678 17.33261 0 -0.75000 -64.65000 7.02512 0.24852 -13
0.27724 0.10599 88.32553 0 -3.20000 -7.50000 85.14878 0.10504 -13
-0.17667 -0.00744 99.57416 0 0.22500 7.02500 98.05567 0.10226 13
1.34872 -0.22548 80.90614 0 6.80000 -38.75000 48.95696 0.17059 13
1.49091 -0.18109 66.14296 0 5.45000 -49.77500 37.25357 0.18169 13
-0.29428 -0.08797 40.69535 0 2.65000 8.52500 39.05183 0.10534 13
-0.99125 0.11532 20.45743 0 -3.50000 32.00000 14.57676 0.14229 13
0.09299 0.00869 68.70809 0 -0.25000 -1.85000 68.41297 0.10114 -13
0.50001 -0.14021 32.34606 0 4.20000 -17.52500 28.98694 0.11346 13
-0.03673 -0.18842 32.45500 0 5.70000 2.15000 32.43387 0.10255 -13
1.89646 0.11747 46.93751 0 -3.52500 -58.70000 22.01043 0.21621 -13
-0.83318 -0.22805 40.19725 0 6.85000 25.70000 31.20072 0.13305 13
1.32674 -0.07654 20.67486 0 2.35000 -42.25000 12.46704 0.16751 -13
0.06932 -0.00104 23.27117 0 -0.00000 -1.87500 23.21546 0.10095 13
0.46902 0.00179 26.33517 0 -0.07500 -13.92500 23.84295 0.11123 13
-0.10415 0.02032 89.00414 0 -0.62500 4.50000 88.52550 0.10127 13
-0.17190 0.14860 61.74563 0 -4.50000 3.97500 60.87200 0.10328 13
-0.17520 -0.25015 61.74563 0 7.55000 4.10000 60.87200 0.10529 13
1.35955 -0.04845 78.05280 0 1.45000 -36.32500 46.28257 0.17003 13
-1.28379 0.01136 92.86058 0 -0.32500 38.65000 57.06625 0.16388 -13
-0.03715 -0.18105 31.16245 0 5.45000 1.95000 31.14168 0.10240 13
-0.58387 0.11862 41.42548 0 -3.57500 16.97500 35.83741 0.11721 -13
0.43502 -0.13985 10.25111 0 4.27500 -13.02500 9.41440 0.11075 -13
-1.78229 0.12965 37.09405 0 -3.95000 54.62500 18.26582 0.20624 13
-1.83071 -0.27010 37.09405 0 8.12500 56.07500 18.26582 0.21178 13
-1.75479 -0.11837 51.86083 0 3.55000 52.72500 25.81182 0.20373 13
0.96055 -0.02443 92.93393 0 0.72500 -25.85000 67.03342 0.13966 13
0.46457 -0.14831 86.09770 0 4.47500 -13.47500 78.23278 0.11203 13
-0.23683 -0.09457 99.03162 0 2.85000 6.10000 96.38854 0.10393 -13
-0.35334 -0.20044 98.02208 0 6.05000 10.85000 92.62100 0.10869 13
1.00503 -0.17462 68.35208 0 5.27500 -32.75000 48.57369 0.14386 -13
-0.35847 -0.19685 31.68332 0 5.95000 10.80000 29.88850 0.10882 -13
0.17217 -0.17220 99.86603 0 5.20000 -4.45000 98.45875 0.10365 -13
-0.08319 -0.24214 86.47815 0 7.30000 3.40000 86.19689 0.10395 -13
0.53827 0.05721 57.53456 0 -1.72500 -16.32500 50.68053 0.11451 -13
-1.29184 0.04742 88.90516 0 -1.45000 38.32500 54.45894 0.16459 13
-1.05868 -0.07479 55.85400 0 2.25000 32.72500 38.41002 0.14685 13
-1.38725 -0.10781 4.09525 0 3.45000 40.95000 2.40393 0.17274 -13
-1.06210 -0.22301 33.57949 0 6.70000 33.57500 23.31305 0.14859 13
-0.02674 -0.02674 75.07648 0 0.80000 1.05000 75.04967 0.10078 -13
0.09361 0.08508 40.03815 0 -2.55000 -5.65000 39.86514 0.10150 -13
0.35060 -0.11840 90.96628 0 3.57500 -10.62500 85.90810 0.10738 -13
0.35528 -0.21282 10.45653 0 6.37500 -12.27500 9.87720 0.10897 13
0.57822 0.07857 46.70968 0 -2.37500 -16.65000 40.46779 0.11660 13
-0.89749 0.10045 69.61915 0 -3.02500 26.70000 51.92811 0.13569 -13
-0.22428 -0.19163 63.16943 0 5.77500 6.42500 61.69075 0.10499 13
-0.02550 -0.06453 12.18845 0 1.97500 -1.35000 12.18450 0.10096 -13
0.42347 -0.21882 42.06707 0 6.62500 -13.82500 38.87237 0.11157 -13
-0.37541 0.10080 57.17090 0 -3.02500 8.30000 53.55717 0.10804 -13
1.09144 -0.19367 6.76943 0 5.72500 -33.40000 4.61855 0.15025 13
-0.12862 -0.00451 52.53656 0 0.15000 3.50000 52.10729 0.10153 -13
0.61382 0.05861 99.60657 0 -1.77500 -16.87500 84.92971 0.11832 13
-1.80435 -0.03613 34.98716 0 1.05000 54.32500 16.96801 0.20777 13
-0.29399 -0.17388 82.66973 0 5.25000 9.95000 79.40594 0.10641 13
0.24360 0.08674 12.62244 0 -2.57500 -5.62500 12.26633 0.10401 -13
-0.93447 0.06232 15.74627 0 -1.92500 26.77500 11.51509 0.13799 13
-0.48361 -0.15135 5.52756 0 4.67500 14.90000 4.98685 0.11297 -13
-0.30849 -0.24557 16.47756 0 7.45000 9.22500 15.78466 0.10827 -13
1.53700 -0.20782 28.46815 0 6.22500 -51.15000 15.75595 0.18579 13
-0.58537 0.13992 37.44949 0 -4.22500 17.57500 32.39879 0.11754 13
-0.59887 -0.25931 37.44949 0 7.80000 17.97500 32.39879 0.12023 13
-0.57028 -0.05487 62.38174 0 1.67500 20.02500 54.20913 0.11606 -13
0.48713 -0.15484 71.87647 0 4.67500 -14.82500 64.76329 0.11309 13
-0.47241 -0.11481 50.88970 0 3.47500 16.05000 46.06860 0.11198 -13
-0.48346 -0.16445 79.04525 0 4.95000 14.17500 71.34256 0.11307 13
0.14035 0.03613 85.49799 0 -1.07500 -3.97500 84.66923 0.10175 -13
1.57061 -0.05138 53.31951 0 1.52500 -45.57500 28.66358 0.18757 13
-0.41926 -0.18811 58.73054 0 5.67500 12.25000 54.30174 0.11082 13
1.99803 -0.12318 86.05683 0 3.72500 -63.00000 38.74821 0.22536 -13
-1.01840 0.04495 51.76288 0 -1.37500 31.07500 36.28528 0.14381 13
-0.14896 0.07808 2.41157 0 -2.15000 4.02500 2.38540 0.10216 -13
0.24715 -0.09714 48.12969 0 2.92500 -5.10000 46.73628 0.10419 13
-0.76534 -0.13179 19.36110 0 4.00000 24.12500 15.42585 0.12751 -13
-0.91026 -0.16184 79.85836 0 4.87500 29.45000 59.40004 0.13715 13
0.34378 -0.20815 97.39622 0 6.27500 -14.10000 92.30832 0.10853 13
-1.40202 -0.02117 5.12036 0 0.47500 43.97500 2.97361 0.17346 13
-0.09420 0.05162 66.38192 0 -1.57500 2.05000 66.09006 0.10129 13
-2.08472 0.01626 75.04633 0 -0.50000 60.92500 32.46138 0.23285 13
0.81059 0.08099 61.34252 0 -2.45000 -23.52500 47.71477 0.12989 13
-0.49592 0.00899 7.90782 0 -0.20000 17.07500 7.08447 0.11242 -13
-0.18302 -0.20418 98.08688 0 6.17500 6.82500 96.54700 0.10442 -13
-0.06395 0.03527 21.02305 0 -1.10000 2.15000 20.98024 0.10098 13
-0.10531 -0.16601 66.63310 0 5.00000 3.92500 66.27638 0.10263 13
1.04967 -0.22864 44.40890 0 6.92500 -31.97500 31.03865 0.14782 -13
-0.13425 -0.12915 81.30558 0 3.90000 2.97500 80.59444 0.10244 -13
0.45826 -0.00809 74.02118 0 0.25000 -14.57500 67.29229 0.11078 -13
0.28969 -0.12868 98.25221 0 3.87500 -7.65000 94.43156 0.10564 13
-1.28095 0.12801 77.47523 0 -3.87500 40.35000 47.91597 0.16416 13
-1.31668 -0.27181 77.47523 0 8.20000 41.42500 47.91597 0.16872 13
-0.33803 -0.00169 37.25984 0 0.07500 10.85000 35.29795 0.10630 -13
0.08844 -0.00743 97.03305 0 0.22500 -1.40000 96.65577 0.10110 13
0.38073 0.11662 8.26153 0 -3.45000 -13.52500 7.72745 0.10838 -13
0.76768 -0.03478 57.91116 0 1.05000 -21.17500 45.94774 0.12701 -13
-0.27518 -0.03724 12.34016 0 1.07500 11.20000 11.89861 0.10451 13
1.49934 0.09435 84.35681 0 -2.82500 -46.10000 46.95007 0.18173 -13
-1.78836 -0.03883 58.83468 0 1.15000 54.20000 28.73096 0.20637 13
-0.29837 0.12747 64.49538 0 -3.85000 8.35000 61.84356 0.10587 13
-0.30676 -0.27238 64.49538 0 8.20000 8.60000 61.84356 0.10884 13
-0.34266 0.08400 7.82653 0 -2.47500 9.85000 7.40651 0.10678 -13
-0.31216 -0.15770 47.03367 0 4.75000 9.60000 44.94557 0.10668 13
0.04107 -0.19402 58.94917 0 5.85000 -1.22500 58.90132 0.10266 13
1.18352 0.02819 52.62897 0 -0.87500 -34.65000 33.97515 0.15605 13
1.59957 0.00324 57.11198 0 -0.07500 -47.87500 30.27532 0.18997 -13
0.76825 0.11971 75.82149 0 -3.62500 -23.07500 60.28462 0.12757 13
0.79227 -0.28062 75.82149 0 8.45000 -23.80000 60.28462 0.13154 13
0.56204 -0.20472 97.21336 0 6.17500 -16.60000 85.15723 0.11735 -13
-0.91105 0.11257 50.00911 0 -3.37500 28.52500 37.07336 0.13669 -13
-0.26802 0.00210 69.28250 0 -0.07500 8.07500 66.92061 0.10426 13
-0.57401 -0.22745 1.10350 0 6.30000 16.95000 0.96316 0.11842 13
0.68882 -0.02553 82.49605 0 0.77500 -18.45000 67.94538 0.12231 13
0.59157 -0.10475 39.80665 0 3.15000 -19.42500 34.30931 0.11747 13
-0.30332 -0.05443 86.66667 0 1.62500 9.75000 82.94571 0.10538 13
0.55637 -0.06098 5.01095 0 1.95000 -16.80000 4.38103 0.11545 -13
-0.28623 0.13956 83.22155 0 -4.22500 10.42500 80.06663 0.10568 13
-0.29289 -0.25966 83.22155 0 7.82500 10.62500 80.06663 0.10813 13
-0.68545 -0.07191 59.76230 0 2.17500 20.57500 49.33435 0.12230 -13
-0.55465 -0.23497 78.94448 0 7.07500 16.07500 69.46534 0.11756 13
-0.80137 0.03505 35.90728 0 -1.05000 23.95000 28.02683 0.12910 -13
-0.31245 -0.19352 80.03891 0 5.82500 9.55000 76.51956 0.10728 13
0.96783 -0.16239 80.43590 0 4.90000 -30.05000 58.16148 0.14110 -13
0.22339 -0.08303 88.62727 0 2.50000 -6.82500 86.50940 0.10353 -13
0.35818 0.08196 40.28107 0 -2.47500 -10.02500 37.93610 0.10729 13
-1.11146 0.06114 66.53452 0 -1.82500 30.92500 44.54729 0.15068 -13
-0.90336 -0.23811 42.37916 0 7.17500 29.87500 31.83379 0.13780 13
1.76992 -0.00959 67.00874 0 0.27500 -52.32500 32.96382 0.20472 13
-1.17357 0.05148 9.11779 0 -1.47500 33.60000 5.91804 0.15534 -13
0.10543 0.04910 94.24203 0 -1.47500 -1.75000 93.72388 0.10138 13
-0.27788 0.07793 27.09165 0 -2.32500 8.17500 26.10816 0.10481 -13
-0.03869 0.13836 83.56935 0 -4.17500 -0.32500 83.50805 0.10173 -13
-0.03961 -0.26089 83.56935 0 7.87500 -0.30000 83.50805 0.10415 -13
-1.74971 -0.00056 61.59445 0 -0.00000 52.45000 30.56310 0.20296 13
1.59399 -0.19787 47.31518 0 6.00000 -49.17500 25.49161 0.19057 -13
-0.89017 0.12279 64.17759 0 -3.70000 26.50000 48.09237 0.13538 -13
-0.91687 -0.27728 64.17759 0 8.37500 27.30000 48.09237 0.13946 -13
-0.85237 -0.23557 60.80568 0 7.12500 27.10000 46.79655 0.13444 -13
0.20317 -0.11100 88.57062 0 3.35000 -4.30000 86.81817 0.10337 -13
0.06530 -0.15241 80.86771 0 4.60000 -4.50000 80.69979 0.10207 13
0.95655 -0.18686 53.85433 0 5.62500 -29.57500 39.23380 0.14061 13
2.05101 -0.11500 10.90603 0 3.57500 -59.90000 4.80516 0.23017 -13
0.09031 0.10827 20.43188 0 -3.30000 -4.52500 20.35007 0.10171 13
0.12940 -0.18358 49.88979 0 5.55000 -6.12500 49.49060 0.10322 -13
0.29516 -0.20149 90.86088 0 6.07500 -9.85000 87.28090 0.10694 -13
0.52106 -0.24903 60.96723 0 7.52500 -14.72500 54.40789 0.11630 -13
0.02883 -0.11860 45.11864 0 3.57500 -0.52500 45.10016 0.10145 13
0.07967 0.04273 94.62854 0 -1.30000 -2.67500 94.33017 0.10111 13
-1.09505 0.13793 6.78987 0 -4.05000 32.82500 4.60226 0.14992 -13
-1.12124 -0.26096 6.78987 0 8.00000 33.67500 4.60226 0.15372 -13
0.17540 -0.08648 79.50779 0 2.62500 -4.55000 78.32094 0.10261 -13
1.77902 0.09528 39.82760 0 -2.90000 -52.92500 19.58217 0.20577 13
-0.46025 -0.08556 88.71384 0 2.57500 11.87500 80.63938 0.11119 13
-0.31148 0.09200 7.60426 0 -2.70000 10.37500 7.26312 0.10587 -13
1.32823 0.01751 90.38060 0 -0.52500 -41.65000 54.36728 0.16743 -13
0.07174 0.00105 10.58211 0 0.02500 -0.62500 10.55499 0.10097 -13
-1.54130 0.13357 23.07034 0 -4.07500 46.62500 12.63429 0.18555 13
-1.58072 -0.26585 23.07034 0 7.97500 47.77500 12.63429 0.19021 13
0.03294 -0.03280 57.79939 0 0.97500 0.50000 57.76809 0.10081 13
1.58955 -0.00395 88.51374 0 0.12500 -48.32500 47.13370 0.18911 -13
-1.23807 -0.24924 26.39259 0 7.47500 36.40000 16.88458 0.16219 13
0.87292 -0.20021 30.32053 0 6.02500 -27.75000 23.03486 0.13517 13
-0.48448 0.11470 90.25312 0 -3.47500 15.55000 81.32318 0.11250 13
-0.61452 -0.06795 73.82423 0 2.05000 17.75000 62.93716 0.11839 13
1.69401 -0.04170 96.00206 0 1.25000 -50.87500 48.83325 0.19815 13
0.56075 -0.08728 67.45966 0 2.62500 -18.42500 58.89347 0.11579 13
0.64404 0.10174 48.64672 0 -3.05000 -18.27500 40.96003 0.12021 -13
1.31835 -0.09758 87.05477 0 2.95000 -39.57500 52.76893 0.16693 -13
1.16171 -0.12099 97.11656 0 3.65000 -33.17500 63.62178 0.15484 13
0.23369 0.06131 66.26315 0 -1.85000 -4.95000 64.53092 0.10360 13
0.28468 -0.00375 59.97318 0 0.12500 -8.40000 57.68140 0.10471 -13
-1.09678 0.11228 58.34768 0 -3.37500 30.52500 39.44588 0.14989 -13
1.09677 0.00033 77.46889 0 -0.02500 -30.67500 52.19521 0.14947 13
0.58344 -0.06962 37.25003 0 2.07500 -18.82500 32.19385 0.11680 13
-0.96731 -0.18694 62.09662 0 5.62500 33.02500 45.00086 0.14136 13
0.78879 -0.04031 2.54711 0 0.97500 -22.00000 2.00058 0.12839 13
-1.97228 -0.20261 59.27419 0 6.12500 63.55000 27.23630 0.22364 -13
-0.11402 0.08420 27.00949 0 -2.52500 1.07500 26.83684 0.10171 -13
-0.84227 -0.01000 1.58005 0 -0.10000 22.12500 1.20867 0.13194 13
0.33593 -0.01313 60.36122 0 0.40000 -9.77500 57.21939 0.10625 -13
1.23397 -0.08139 49.40786 0 2.45000 -37.40000 31.16998 0.16015 13
0.81896 0.14082 22.40511 0 -4.22500 -25.37500 17.40196 0.13092 -13
0.83753 -0.25829 22.40511 0 7.82500 -25.95000 17.40196 0.13394 -13
-1.98061 -0.02168 39.91921 0 0.62500 60.32500 17.99505 0.22344 13
2.06135 0.07232 87.88678 0 -2.20000 -59.85000 38.44177 0.23084 13
1.12975 0.11949 53.46444 0 -3.60000 -34.80000 35.57712 0.15240 -13
1.16512 -0.28079 53.46444 0 8.47500 -35.87500 35.57712 0.15720 -13
0.39845 -0.04296 79.76323 0 1.30000 -13.87500 74.10719 0.10849 -13
-0.89354 -0.01806 7.96259 0 0.47500 29.65000 5.93774 0.13507 13
-0.27509 0.12833 74.27778 0 -3.87500 9.50000 71.65847 0.10524 13
-0.28273 -0.27146 74.27778 0 8.17500 9.75000 71.65847 0.10816 13
0.52694 -0.05552 71.85774 0 1.67500 -15.35000 63.59313 0.11397 13
0.34655 -0.00584 66.33333 0 0.17500 -10.90000 62.67641 0.10657 -13
1.83068 -0.03784 89.78549 0 1.12500 -54.65000 43.06625 0.21009 13
-0.69294 -0.19825 19.48899 0 6.00000 21.95000 16.11801 0.12417 -13
0.82783 -0.05109 15.04155 0 1.50000 -24.42500 11.59298 0.13082 13
0.70587 -0.08724 49.73891 0 2.65000 -22.30000 40.68639 0.12358 -13
-0.34464 -0.09451 18.17180 0 2.82500 13.02500 17.18807 0.10693 13
1.83922 -0.04494 14.11782 0 1.27500 -54.77500 6.74817 0.21087 13
-0.73267 -0.01475 83.01736 0 0.45000 21.97500 66.96953 0.12485 13
-0.08384 -0.15187 35.66740 0 4.60000 1.65000 35.54547 0.10222 -13
-0.64142 0.08117 75.00053 0 -2.45000 19.02500 63.19013 0.11991 -13
-1.23424 0.12244 50.80258 0 -3.70000 38.97500 32.12443 0.16039 13
-1.23424 0.12244 50.80258 0 -3.70000 39.00000 32.12443 0.16045 13
-1.27147 -0.27775 50.80258 0 8.35000 40.10000 32.12443 0.16526 13
-0.63317 -0.08196 88.37320 0 2.47500 19.15000 74.73615 0.11948 -13
-1.68625 0.00074 30.72977 0 -0.00000 49.55000 15.67461 0.19743 -13
0.36251 -0.09465 17.06633 0 2.87500 -10.80000 16.05293 0.10755 -13
-0.46659 -0.22816 87.56675 0 6.87500 15.25000 79.70694 0.11347 13
-0.68644 0.13690 17.98139 0 -4.10000 21.02500 14.86822 0.12290 -13
-0.70292 -0.26245 17.98139 0 7.95000 21.55000 14.86822 0.12595 -13
-0.02835 -0.17741 16.25672 0 5.37500 2.35000 16.25038 0.10233 -13
1.43930 0.04444 8.08846 0 -1.22500 -42.70000 4.61873 0.17651 -13
-2.05255 0.12096 24.81092 0 -3.60000 62.15000 10.93051 0.23021 -13
-2.11569 -0.27918 24.81092 0 8.47500 64.07500 10.93051 0.23742 -13
0.25122 0.03454 99.22780 0 -1.02500 -9.32500 96.24071 0.10389 -13
2.05912 -0.02606 24.47022 0 0.75000 -61.95000 10.69285 0.23053 13
0.47845 -0.11557 66.78780 0 3.47500 -9.90000 60.32086 0.11223 13
0.23352 0.10326 11.56577 0 -3.07500 -4.87500 11.26582 0.10392 -13
-1.42829 -0.20024 6.12229 0 5.90000 43.25000 3.55805 0.17658 13
0.10691 0.06625 42.61799 0 -1.97500 -3.47500 42.37753 0.10149 -13
-0.22616 0.02253 3.92597 0 -0.55000 4.07500 3.82930 0.10330 -13
0.77892 0.07640 96.75070 0 -2.30000 -21.42500 76.41172 0.12788 -13
1.37975 -0.18762 33.69347 0 5.62500 -44.57500 19.99696 0.17261 13
-1.24983 -0.08757 14.76827 0 2.60000 36.70000 9.24902 0.16139 13
-0.58855 -0.06168 9.67157 0 1.80000 17.45000 8.33929 0.11700 13
-1.11250 0.11170 55.95208 0 -3.37500 34.77500 37.53252 0.15106 13
0.14229 0.03184 10.72489 0 -0.92500 -3.37500 10.61806 0.10177 -13
-1.54539 -0.04795 79.96267 0 1.42500 47.20000 43.47611 0.18542 13
0.34619 -0.08779 50.50597 0 2.65000 -10.77500 47.74616 0.10693 13
-1.88767 -0.23020 63.38788 0 6.95000 58.60000 30.27480 0.21639 -13
-0.37296 0.10373 45.96354 0 -3.12500 10.50000 43.09392 0.10798 -13
0.76735 0.12756 38.66208 0 -3.82500 -24.15000 30.76353 0.12757 -13
0.78888 -0.27224 38.66208 0 8.22500 -24.80000 30.76353 0.13118 -13
-0.34054 -0.00279 26.58579 0 0.07500 11.45000 25.16652 0.10638 13
0.54594 -0.06720 62.20250 0 2.02500 -18.07500 54.62432 0.11493 13
0.56405 -0.13808 14.39465 0 4.12500 -17.00000 12.56611 0.11643 13
-0.44456 -0.11652 49.32661 0 3.50000 16.35000 45.12333 0.11083 13
-1.19791 -0.10713 54.70621 0 3.22500 36.65000 35.17606 0.15750 13
-1.09151 -0.24206 11.80499 0 7.25000 31.02500 8.09722 0.15099 13
0.56718 -0.06227 63.60777 0 1.87500 -16.97500 55.35403 0.11595 -13
0.45186 -0.08890 28.04368 0 2.67500 -13.65000 25.57277 0.11086 13
-0.02794 0.11805 25.85997 0 -3.57500 1.57500 25.85002 0.10145 13
-0.02883 -0.28242 25.85997 0 8.50000 1.60000 25.85002 0.10461 13
0.93175 0.13249 33.92014 0 -4.02500 -26.35000 24.91710 0.13830 13
0.95604 -0.26708 33.92014 0 8.02500 -27.07500 24.91710 0.14187 13
0.95124 -0.08535 48.64445 0 2.55000 -27.37500 35.30593 0.13925 13
-1.94792 -0.08871 98.57977 0 2.67500 62.55000 45.16073 0.22068 13
-0.40372 -0.22085 49.30768 0 6.65000 13.77500 45.87192 0.11085 13
0.54487 -0.23366 55.09864 0 7.05000 -13.82500 48.67207 0.11707 -13
0.45440 -0.01014 23.25556 0 0.32500 -12.77500 21.17232 0.11062 -13
-2.19150 -0.12603 83.50610 0 3.80000 63.97500 34.89239 0.24290 13
-1.37902 0.06045 25.87892 0 -1.80000 39.10000 15.21034 0.17165 -13
-0.34958 -0.18090 34.50982 0 5.45000 13.85000 32.63299 0.10822 13
1.07940 -0.09546 98.29369 0 2.87500 -33.57500 66.96448 0.14849 13
-1.91231 -0.05816 8.94696 0 1.62500 58.22500 4.15182 0.21734 13
0.51809 -0.01867 37.74884 0 0.57500 -15.10000 33.51864 0.11343 -13
-0.05121 -0.04521 41.50281 0 1.35000 2.92500 41.44861 0.10094 13
0.64106 -0.12507 66.66247 0 3.77500 -18.77500 56.24702 0.12028 13
-0.91767 -0.08063 22.58809 0 2.40000 28.57500 16.66779 0.13691 13
-0.45800 -0.17380 53.85887 0 5.22500 13.10000 49.09255 0.11213 13
-1.45475 -0.20873 67.99913 0 6.27500 45.27500 39.07729 0.17900 13
-0.98832 -0.03241 87.47102 0 0.97500 29.55000 62.22973 0.14162 13
0.18573 0.10799 25.34345 0 -3.27500 -9.12500 24.92215 0.10301 13
0.69014 -0.00806 39.37259 0 0.25000 -20.80000 32.40501 0.12236 -13
-0.02924 -0.11100 78.84829 0 3.35000 0.02500 78.81500 0.10137 -13
-0.17975 0.11375 37.73558 0 -3.45000 4.67500 37.14777 0.10296 13
-1.91685 0.00007 31.61561 0 -0.02500 58.35000 14.62276 0.21773 13
0.37357 -0.02836 36.97575 0 0.87500 -10.30000 34.63944 0.10754 -13
1.09674 0.07761 28.55789 0 -2.32500 -29.95000 19.27294 0.14966 -13
0.17836 -0.03497 21.30101 0 1.02500 -7.02500 20.97048 0.10235 13
1.91566 -0.13819 12.18462 0 4.25000 -58.27500 5.68069 0.21814 -13
-0.31079 0.03582 89.50274 0 -1.07500 7.42500 85.47468 0.10552 -13
-0.47519 -0.11022 32.87827 0 3.35000 16.55000 29.72901 0.11205 -13
-0.53900 -0.10085 6.20138 0 3.12500 14.35000 5.46496 0.11490 -13
0.24186 0.09212 49.37068 0 -2.80000 -7.62500 47.99816 0.10403 13
0.99123 0.00765 84.01992 0 -0.25000 -30.02500 59.67317 0.14179 13
-0.26683 -0.04547 53.13132 0 1.35000 6.42500 51.33875 0.10432 13
-2.13308 -0.10654 36.63338 0 3.17500 64.05000 15.62190 0.23746 13
0.11828 -0.02706 26.78669 0 0.80000 -6.52500 26.60140 0.10144 13
0.87205 0.06892 56.23468 0 -2.07500 -26.20000 42.42721 0.13379 -13
0.88517 -0.17595 60.74348 0 5.30000 -25.72500 45.78709 0.13564 13
-0.20670 0.11969 13.27199 0 -3.57500 6.00000 13.00097 0.10352 -13
-0.21320 -0.28049 13.27199 0 8.50000 6.17500 13.00097 0.10669 -13
0.20836 0.00098 90.71008 0 -0.02500 -6.32500 88.80291 0.10287 13
1.83852 0.01067 94.82158 0 -0.30000 -57.42500 45.30844 0.21076 -13
-0.72454 -0.22842 48.19811 0 6.90000 22.65000 39.36777 0.12647 -13
-0.29379 0.08536 62.90454 0 -2.57500 9.40000 60.37123 0.10531 13
-2.14032 -0.16037 74.38941 0 4.85000 64.02500 31.81770 0.23847 -13
-0.81848 -0.20174 70.17349 0 6.10000 25.52500 54.73346 0.13172 -13
-0.54734 0.04224 86.89879 0 -1.27500 18.32500 76.24309 0.11488 13
0.35163 0.03435 75.61239 0 -1.02500 -5.57500 71.33575 0.10680 -13
0.35146 -0.23200 3.19753 0 7.17500 -10.05000 3.02521 0.10947 -13
-0.40817 -0.23186 39.42186 0 6.97500 11.15000 36.63231 0.11123 13
-0.61875 -0.03423 62.33847 0 1.05000 20.87500 53.01987 0.11847 -13
-0.15392 -0.04151 13.69167 0 1.30000 2.87500 13.53253 0.10198 -13
-1.06392 -0.24682 62.99628 0 7.42500 30.42500 43.82008 0.14910 13
-0.27635 -0.01569 20.35742 0 0.50000 8.75000 19.62215 0.10449 -13
-1.89280 -0.24543 20.79008 0 7.35000 58.05000 9.93443 0.21691 13
2.08385 0.14145 75.05545 0 -4.25000 -62.02500 32.73399 0.23319 -13
2.13063 -0.25762 75.05545 0 7.80000 -63.45000 32.73399 0.23847 -13
0.27399 -0.14709 18.02265 0 4.47500 -8.07500 17.39471 0.10548 -13
-0.59344 0.01369 44.10398 0 -0.40000 19.62500 37.92924 0.11711 -13
-0.56715 -0.04116 89.38019 0 1.22500 17.02500 77.76268 0.11584 13
0.79896 -0.16895 55.23357 0 5.10000 -25.95000 43.38754 0.13002 -13
-0.13247 0.05519 34.56998 0 -1.67500 5.32500 34.27145 0.10174 13
0.51122 -0.06854 43.87380 0 2.05000 -16.77500 39.08402 0.11331 13
-1.08457 -0.04446 75.38470 0 1.35000 34.47500 51.12804 0.14863 -13
-0.26139 -0.01002 97.44426 0 0.30000 6.57500 94.27693 0.10409 13
-0.09904 -0.00599 26.76036 0 0.20000 4.67500 26.63018 0.10120 -13
-1.10637 0.11500 6.62471 0 -3.35000 33.37500 4.45769 0.15060 -13
0.16321 -0.10232 2.70152 0 3.25000 -5.87500 2.66662 0.10269 -13
-0.10695 -0.14400 9.92410 0 4.40000 4.00000 9.86892 0.10234 -13
-2.14730 -0.22932 23.97516 0 6.97500 64.42500 10.33690 0.23972 -13
-1.46581 0.04269 86.55325 0 -1.27500 44.02500 48.80891 0.17874 -13
-0.55830 -0.08239 38.38043 0 2.47500 16.70000 33.53843 0.11563 13
0.36007 0.00987 33.77158 0 -0.27500 -11.40000 31.77467 0.10704 -13
-0.47541 0.08208 20.12923 0 -2.45000 16.85000 18.19083 0.11180 -13
-0.52110 -0.10066 71.12675 0 3.02500 16.40000 63.14421 0.11400 13
-0.01236 -0.02293 70.92891 0 0.67500 0.35000 70.92350 0.10074 13
-0.92041 -0.22557 52.05738 0 6.82500 26.65000 38.73543 0.13875 -13
-0.50752 -0.02395 38.78210 0 0.70000 12.85000 34.58494 0.11296 13
0.65197 -0.05804 29.18824 0 1.72500 -19.85000 24.46312 0.12035 13
-0.12212 -0.03254 3.28612 0 1.12500 4.80000 3.26189 0.10158 -13
1.02839 -0.03600 43.96836 0 1.07500 -32.37500 30.66235 0.14449 13
1.66920 -0.24541 96.87495 0 7.42500 -50.32500 50.86049 0.19753 -13
1.28814 0.13292 79.15753 0 -4.02500 -42.37500 48.80596 0.16478 13
1.32156 -0.26663 79.15753 0 8.02500 -43.37500 48.80596 0.16902 13
0.40381 0.08560 2.01084 0 -2.82500 -13.82500 1.86529 0.10919 13
