1.71648 -0.11924 22.20091 0 3.55000 -53.62500 11.23429 0.20039 13
-1.45372 -0.06222 38.31351 0 1.90000 41.40000 21.74316 0.17768 -13
0.16366 -1.17524 38.31351 0 2.27500 41.50000 21.74316 0.17875 -13
1.13040 -1.78677 38.31351 0 2.65000 41.40000 21.74316 0.18490 -13
0.35776 -0.08130 38.31351 0 3.20000 41.50000 21.74316 0.20132 -13
0.23191 0.05936 13.96274 0 -1.75000 -6.00000 13.60298 0.10354 -13
-1.60427 -0.17765 68.44921 0 5.35000 48.10000 36.61459 0.19120 13
0.25638 -0.03022 52.76619 0 0.90000 -9.05000 51.11453 0.10400 13
1.84395 0.06054 87.25673 0 -1.85000 -57.80000 41.65670 0.21133 13
-1.27604 0.12586 24.10897 0 -3.77500 36.42500 14.94300 0.16374 -13
-1.31240 -0.27407 24.10897 0 8.30000 37.55000 14.94300 0.16851 -13
0.85488 -0.11082 60.14142 0 3.35000 -27.47500 45.83089 0.13297 -13
-0.53457 -0.07324 67.24597 0 2.22500 17.20000 59.33940 0.11442 -13
-1.62502 -0.17381 94.82856 0 5.25000 49.85000 50.23519 0.19296 -13
0.54970 0.01191 71.03454 0 -0.37500 -15.15000 62.25038 0.11492 13
-1.24751 -0.17762 65.75904 0 5.35000 38.00000 41.51752 0.16198 13
1.23287 -0.23676 7.67429 0 7.02500 -33.95000 4.91338 0.16152 13
0.02224 -0.12499 89.89098 0 3.77500 0.97500 89.86909 0.10151 13
-0.84067 -0.18633 27.34510 0 5.65000 23.25000 21.07855 0.13291 -13
-0.39896 -0.22759 16.99289 0 6.90000 10.50000 15.83684 0.11084 -13
-1.72640 0.05502 3.26797 0 -1.95000 51.57500 1.64018 0.20118 13
0.00220 -0.15043 82.89009 0 4.55000 -2.15000 82.88989 0.10184 -13
0.69700 -0.13860 34.83284 0 4.20000 -20.70000 28.66310 0.12356 -13
-1.07071 -0.12678 92.85313 0 3.82500 32.85000 63.64752 0.14810 -13
-1.71635 0.07880 31.27866 0 -2.35000 53.25000 15.78331 0.20017 -13
0.29800 0.11092 3.36198 0 -3.20000 -8.50000 3.22353 0.10567 -13
-1.35119 -0.17315 70.64755 0 5.22500 38.80000 42.42814 0.17019 -13
-0.07997 -0.08225 98.13533 0 2.47500 2.05000 97.82508 0.10136 13
-0.77138 -0.18988 56.24782 0 5.72500 23.42500 44.82852 0.12860 13
-0.31152 0.07092 29.05929 0 -2.12500 11.45000 27.75042 0.10572 -13
0.50328 0.11840 16.68514 0 -3.60000 -14.32500 14.92498 0.11338 13
0.51928 -0.28221 16.68514 0 8.47500 -14.80000 14.92498 0.11694 13
0.46813 -0.04858 49.76941 0 1.47500 -14.47500 45.08436 0.11130 -13
-0.03005 0.12639 85.11796 0 -3.80000 3.37500 85.08018 0.10154 -13
-0.03090 -0.27350 85.11796 0 8.25000 3.40000 85.08018 0.10445 -13
0.47561 0.13200 75.48118 0 -4.00000 -15.15000 68.27213 0.11231 13
0.48811 -0.26759 75.48118 0 8.07500 -15.52500 68.27213 0.11525 13
-0.41397 -0.14046 12.46657 0 4.27500 13.07500 11.53500 0.10993 -13
2.11093 -0.23710 68.58251 0 7.17500 -63.57500 30.02060 0.23646 -13
-0.70172 0.14579 66.17981 0 -4.40000 24.22500 54.35975 0.12389 -13
-0.71627 -0.25313 66.17981 0 7.65000 24.67500 54.35975 0.12648 -13
-1.25058 0.04927 79.43504 0 -1.50000 34.25000 49.64529 0.16133 13
-0.41254 0.08964 66.52591 0 -2.70000 13.65000 61.53393 0.10931 -13
-0.48825 0.14728 78.55928 0 -4.45000 16.67500 70.73936 0.11304 13
-0.49808 -0.25160 78.55928 0 7.57500 16.95000 70.73936 0.11531 13
0.50837 0.00297 73.28485 0 -0.10000 -16.00000 65.32791 0.11297 13
1.47731 0.12360 54.37222 0 -3.72500 -42.67500 30.63769 0.18006 -13
1.52113 -0.27644 54.37222 0 8.35000 -44.00000 30.63769 0.18544 -13
-0.40647 -0.02133 60.41334 0 0.62500 10.45000 55.96840 0.10873 13
-1.16236 -0.24731 74.76015 0 7.47500 33.90000 49.58514 0.15642 -13
-1.15247 -0.04622 57.96272 0 1.40000 34.25000 38.01051 0.15373 -13
-0.42034 -0.21077 67.15131 0 6.35000 15.35000 62.10333 0.11128 13
-2.08977 -0.20295 93.68540 0 6.12500 64.90000 41.10580 0.23421 -13
-0.44036 0.02603 65.29745 0 -0.80000 15.17500 59.76319 0.11007 13
0.05205 0.06727 27.15579 0 -2.05000 -1.20000 27.11923 0.10107 13
-0.20924 -0.15389 44.78503 0 4.62500 6.72500 43.85695 0.10404 13
0.23245 0.09632 84.38296 0 -2.90000 -7.92500 82.21114 0.10384 -13
1.80693 -0.00578 6.15420 0 0.02500 -52.22500 2.97968 0.20801 13
1.65441 -0.13326 40.72350 0 4.05000 -52.20000 21.20120 0.19516 -13
1.54849 0.09295 10.60306 0 -2.90000 -48.42500 5.76932 0.18592 13
1.46375 -0.06835 52.69631 0 2.05000 -44.90000 29.77356 0.17864 13
2.14440 0.10583 96.24242 0 -3.20000 -64.80000 40.86213 0.23852 13
0.96863 -0.19579 30.26990 0 5.87500 -28.65000 21.93919 0.14156 13
-0.47095 0.02029 40.85576 0 -0.62500 15.27500 36.96326 0.11133 13
0.17898 -0.19364 7.29727 0 5.77500 -4.92500 7.18733 0.10411 13
-0.91616 0.03252 75.24112 0 -0.97500 27.97500 55.49205 0.13661 -13
1.38133 -0.02704 72.53344 0 0.82500 -38.90000 42.54369 0.17175 -13
0.70807 -0.01866 60.10534 0 0.55000 -20.95000 49.05653 0.12341 13
-1.74676 0.00187 67.36646 0 -0.05000 50.87500 33.46921 0.20269 -13
-0.38524 -0.04757 68.06291 0 1.42500 12.37500 63.52220 0.10802 13
-1.73007 -0.18349 9.17732 0 5.42500 55.30000 4.65004 0.20196 13
-1.54519 0.02613 82.11139 0 -0.80000 47.22500 44.62271 0.18537 13
-1.76448 -0.04272 94.90628 0 1.30000 48.52500 46.82683 0.20429 -13
-0.70435 -0.19843 64.36709 0 5.97500 20.95000 52.95715 0.12478 13
0.05436 -0.24823 62.42325 0 7.50000 -2.15000 62.33653 0.10391 -13
-0.39571 -0.05846 95.09052 0 1.77500 10.22500 88.43998 0.10846 -13
0.59918 -0.07531 32.76670 0 2.25000 -19.65000 28.12866 0.11764 13
1.34858 -0.07131 57.42064 0 2.17500 -41.57500 34.25801 0.16922 -13
-1.28138 0.06853 56.82872 0 -2.05000 35.45000 35.01367 0.16383 -13
-0.82449 0.11009 52.43053 0 -3.32500 23.85000 40.55178 0.13100 13
-0.35369 0.13004 82.39562 0 -3.92500 11.67500 77.75198 0.10761 -13
-0.36327 -0.26964 82.39562 0 8.15000 11.95000 77.75198 0.11053 -13
-0.80908 -0.19951 49.25163 0 6.00000 24.47500 38.58216 0.13108 13
0.26655 -0.00941 43.09442 0 0.27500 -6.50000 41.64073 0.10422 13
0.92717 0.14251 70.07753 0 -4.30000 -29.72500 51.62564 0.13807 -13
0.94761 -0.25655 70.07753 0 7.75000 -30.35000 51.62564 0.14114 -13
-0.92820 -0.12608 25.95797 0 3.82500 25.92500 19.09532 0.13800 -13
0.03897 0.08888 68.51670 0 -2.67500 -3.60000 68.46514 0.10117 -13
-1.04031 -0.10421 67.14793 0 3.12500 31.22500 46.66420 0.14569 13
-1.03516 -0.02054 20.55278 0 0.65000 30.90000 14.28128 0.14494 -13
-2.58363 3.32081 20.55278 0 0.65000 30.92500 14.28128 0.14501 -13
2.25010 -3.36439 20.55278 0 1.00000 34.15000 14.28128 0.16740 -13
-0.70415 -5.17293 20.55278 0 0.30000 36.12500 14.28128 0.17963 -13
0.49287 -0.51288 20.55278 0 1.00000 36.00000 14.28128 0.18486 -13
-0.26817 -0.00307 20.55278 0 1.80000 35.65000 14.28128 0.19211 -13
-0.88092 -0.08283 98.63247 0 2.50000 25.65000 74.12141 0.13446 13
0.49523 0.10194 42.59015 0 -3.07500 -15.55000 38.20489 0.11285 13
-0.48890 0.11005 32.12874 0 -3.32500 15.32500 28.89754 0.11265 13
-1.57201 -0.02870 81.35101 0 0.87500 44.02500 43.67671 0.18764 -13
-0.95237 0.05370 66.49254 0 -1.62500 28.50000 48.18272 0.13917 13
0.02202 0.13820 59.71668 0 -4.15000 -1.80000 59.70248 0.10168 -13
0.02254 -0.26105 59.71668 0 7.87500 -1.82500 59.70248 0.10410 -13
-1.19667 -0.01664 79.43109 0 0.50000 35.70000 50.93795 0.15706 13
0.91030 -0.25410 3.29936 0 7.45000 -30.32500 2.47412 0.13840 13
0.31436 0.13126 59.89273 0 -3.95000 -9.07500 57.17972 0.10638 -13
0.32272 -0.26836 59.89273 0 8.10000 -9.32500 57.17972 0.10922 -13
0.94546 0.11828 33.38958 0 -3.57500 -28.35000 24.34216 0.13911 13
0.97564 -0.28213 33.38958 0 8.50000 -29.25000 24.34216 0.14350 13
-0.63005 0.04718 41.12417 0 -1.45000 19.42500 34.80488 0.11912 13
0.32199 0.10763 41.70901 0 -3.25000 -10.72500 39.72296 0.10636 13
-0.34280 -0.14884 75.33990 0 4.50000 11.30000 71.35033 0.10751 -13
1.41476 0.12093 4.43871 0 -3.85000 -41.82500 2.57438 0.17509 13
1.45851 -0.27977 4.43871 0 8.22500 -43.02500 2.57438 0.18001 13
-0.37661 -0.00094 72.24321 0 0.02500 7.82500 67.60760 0.10761 -13
-0.02261 -0.05265 75.08587 0 1.57500 0.52500 75.06674 0.10087 13
0.44429 0.09000 53.15300 0 -2.70000 -11.72500 48.60694 0.11056 -13
0.24933 -0.12661 80.98161 0 3.82500 -5.05000 78.61243 0.10456 13
0.34350 0.11029 32.95974 0 -3.30000 -7.40000 31.19177 0.10705 -13
-0.46819 -0.03851 3.37482 0 1.32500 14.40000 3.05667 0.11134 -13
-0.49948 -0.22999 31.35719 0 6.95000 14.87500 28.19439 0.11494 -13
-0.02778 -0.03150 36.53014 0 0.97500 1.17500 36.51606 0.10079 -13
-1.38289 0.06766 91.71589 0 -2.05000 42.15000 53.82381 0.17199 13
-1.89292 -0.22459 20.72541 0 6.82500 54.75000 9.86784 0.21686 -13
0.33364 0.00049 48.97450 0 -0.00000 -11.15000 46.45701 0.10616 -13
0.35589 -0.15578 72.26203 0 4.70000 -12.82500 68.16994 0.10804 -13
-0.56937 -0.09686 95.66940 0 2.92500 14.97500 83.23262 0.11630 -13
1.98590 0.02291 32.04943 0 -0.72500 -62.07500 14.41726 0.22393 13
-0.36643 -0.21155 36.36768 0 6.40000 10.12500 34.23403 0.10936 -13
0.66334 0.03936 59.14114 0 -1.20000 -19.35000 49.29578 0.12092 13
-0.84173 -0.09465 4.80606 0 3.00000 24.72500 3.68366 0.13207 -13
-0.78226 -0.00317 10.67297 0 0.02500 23.25000 8.40648 0.12786 13
-0.51876 -0.17278 60.75903 0 5.22500 15.67500 54.10021 0.11478 -13
-1.83775 -0.16182 48.15843 0 4.85000 53.30000 23.24835 0.21130 13
0.87957 -0.12662 87.96618 0 3.80000 -26.85000 66.27988 0.13471 13
1.57423 -0.21315 69.43429 0 6.42500 -48.00000 37.82053 0.18901 13
-0.56056 0.13783 97.00509 0 -4.17500 15.95000 84.80682 0.11628 13
-0.57397 -0.26147 97.00509 0 7.87500 16.35000 84.80682 0.11905 13
1.27102 -0.17375 5.50039 0 5.10000 -37.77500 3.43174 0.16372 13
0.30734 0.00108 83.46633 0 -0.02500 -6.52500 79.78327 0.10535 -13
0.18847 0.06122 64.00022 0 -1.85000 -5.50000 62.89697 0.10266 -13
-0.25689 -0.02905 8.28153 0 0.82500 6.95000 8.02138 0.10401 13
0.10802 0.04643 41.23516 0 -1.40000 -4.37500 40.99722 0.10140 13
-0.15231 -0.07699 30.06062 0 2.30000 4.82500 29.71989 0.10216 13
0.18001 -0.02241 80.68959 0 0.67500 -4.75000 79.41386 0.10234 13
-0.36532 -0.02717 18.59078 0 0.85000 12.57500 17.46268 0.10725 -13
0.12207 -0.16359 27.35805 0 4.95000 -4.37500 27.16185 0.10279 -13
-0.27934 -0.08261 91.73980 0 2.47500 8.92500 88.37890 0.10489 13
0.80133 -0.11774 30.07691 0 3.52500 -25.35000 23.53389 0.12958 13
1.78155 0.08985 2.57166 0 -2.32500 -52.87500 1.26271 0.20589 -13
1.41936 -0.22989 39.42271 0 6.95000 -41.02500 23.09688 0.17640 -13
0.14171 -0.16947 76.39284 0 5.12500 -5.15000 75.65795 0.10313 -13
-1.80883 0.08111 40.12188 0 -2.42500 58.35000 19.46047 0.20829 -13
-0.38471 -0.00398 73.34166 0 0.10000 9.62500 68.45094 0.10790 13
0.18991 -0.13511 16.25370 0 4.05000 -5.30000 15.97332 0.10339 13
-0.40664 0.01997 12.01962 0 -0.65000 13.30000 11.13462 0.10874 13
-1.61701 -0.11930 74.44974 0 3.57500 50.75000 39.35909 0.19182 13
1.71380 -0.19877 42.46884 0 5.97500 -52.22500 21.71263 0.20080 13
1.08040 -0.04412 95.59677 0 1.35000 -31.20000 64.97041 0.14832 -13
1.05026 -0.21818 38.96135 0 6.55000 -32.70000 27.19360 0.14765 13
0.01533 0.05531 22.15447 0 -1.65000 0.00000 22.15187 0.10086 -13
0.47692 0.03009 25.81096 0 -0.87500 -13.12500 23.29932 0.11161 -13
-0.06223 -0.05066 9.94717 0 1.47500 3.45000 9.92801 0.10102 13
1.82994 0.11877 42.35034 0 -3.55000 -55.42500 20.41871 0.21032 -13
-0.00179 -0.17656 40.08252 0 5.32500 1.80000 40.08246 0.10225 13
0.02103 -0.20271 32.97518 0 6.10000 0.05000 32.96817 0.10276 13
0.35856 -0.05420 22.89647 0 1.60000 -11.27500 21.55651 0.10712 13
-0.37401 -0.13213 73.39016 0 3.97500 8.70000 68.81213 0.10834 13
-0.69238 0.13879 87.33106 0 -4.20000 19.67500 72.02148 0.12328 13
-0.70869 -0.26045 87.33106 0 7.85000 20.15000 72.02148 0.12618 13
-0.63125 -0.14301 41.61395 0 4.32500 18.47500 35.29021 0.11996 -13
1.25773 -0.13044 90.78124 0 3.95000 -36.97500 56.78887 0.16235 -13
-1.15442 0.11233 66.35796 0 -3.37500 31.72500 43.60320 0.15421 -13
0.73287 0.10694 74.53816 0 -3.22500 -24.87500 60.23987 0.12531 13
-2.05727 -0.16018 67.43997 0 4.82500 61.62500 29.78610 0.23089 13
-0.29901 0.01314 90.87308 0 -0.40000 11.12500 87.06484 0.10513 13
-0.44883 0.11451 14.32486 0 -3.50000 11.77500 13.08319 0.11100 13
-1.00937 -0.15066 79.34030 0 4.55000 30.57500 56.15517 0.14389 -13
-0.70521 0.02821 50.25563 0 -0.87500 19.95000 41.07574 0.12326 13
-0.20866 0.14699 4.53888 0 -4.32500 6.45000 4.44508 0.10390 -13
-0.21286 -0.25171 4.53888 0 7.72500 6.57500 4.44508 0.10617 -13
-0.65627 -0.03304 32.18501 0 1.02500 18.20000 26.91250 0.12050 -13
0.61581 -0.23419 94.20149 0 7.05000 -15.40000 80.79203 0.12059 13
-0.84240 -0.02332 60.32925 0 0.72500 24.40000 46.14495 0.13170 -13
0.38379 -0.22472 94.58907 0 6.77500 -10.95000 88.58227 0.11022 -13
0.56568 -0.15268 3.41042 0 4.45000 -16.87500 2.97676 0.11667 13
1.88259 -0.23198 48.89758 0 7.02500 -56.50000 23.40869 0.21597 -13
-1.02114 0.05942 16.26961 0 -1.82500 31.10000 11.39400 0.14406 13
0.48110 0.12335 7.49951 0 -3.80000 -15.85000 6.76769 0.11248 13
0.49549 -0.27686 7.49951 0 8.27500 -16.27500 6.76769 0.11573 13
-0.21684 0.12345 69.52184 0 -3.72500 7.47500 67.96586 0.10379 13
-0.22328 -0.27663 69.52184 0 8.32500 7.67500 67.96586 0.10687 13
0.91742 -0.02277 79.70286 0 0.67500 -28.02500 58.73832 0.13668 13
-1.00138 -0.00514 76.93787 0 0.15000 30.42500 54.36595 0.14251 13
-0.22228 -0.08247 45.01662 0 2.47500 5.92500 43.95120 0.10349 13
-0.79976 -0.08091 14.28046 0 2.47500 24.02500 11.16651 0.12923 -13
0.57137 -0.12291 37.69531 0 3.72500 -15.60000 32.78909 0.11665 -13
-1.02962 -0.08510 71.33340 0 2.55000 27.85000 49.79076 0.14479 13
1.75547 0.06268 71.08175 0 -1.87500 -51.82500 35.23545 0.20354 -13
-0.69029 -0.17197 39.47019 0 5.17500 20.40000 32.63427 0.12358 13
1.34023 -0.09344 8.29559 0 2.92500 -41.67500 4.97483 0.16872 -13
0.46722 0.12351 83.54899 0 -3.72500 -12.35000 75.79652 0.11184 -13
0.48110 -0.27654 83.54899 0 8.35000 -12.77500 75.79652 0.11517 -13
-0.88809 0.13724 18.33823 0 -4.10000 29.75000 13.76741 0.13537 -13
-0.90950 -0.26207 18.33823 0 7.95000 30.42500 13.76741 0.13871 -13
0.53686 0.04121 96.26508 0 -1.25000 -16.92500 84.83118 0.11438 13
-0.27257 -0.14580 91.40903 0 4.40000 6.95000 88.25526 0.10541 -13
0.24028 0.01429 56.46467 0 -0.42500 -5.57500 54.90228 0.10358 -13
0.36122 -0.15690 19.26092 0 4.75000 -11.00000 18.14046 0.10825 -13
0.09665 -0.22621 32.37200 0 6.85000 -5.30000 32.22911 0.10372 -13
1.91900 0.00447 58.74617 0 -0.12500 -57.12500 27.14759 0.21792 -13
-0.62651 0.07124 10.39665 0 -2.20000 16.20000 8.81681 0.11907 13
-1.10187 0.04784 72.11836 0 -1.45000 31.92500 48.49758 0.14992 13
-0.45009 -0.12784 77.57073 0 3.87500 15.67500 70.83196 0.11118 -13
-1.51050 0.08026 90.01586 0 -2.42500 44.52500 49.80234 0.18261 13
0.41342 0.07923 70.04712 0 -2.40000 -12.15000 64.76272 0.10927 13
0.31931 -0.17573 66.12034 0 5.30000 -9.30000 63.07451 0.10718 13
2.04299 0.14078 51.78278 0 -4.27500 -59.62500 22.94578 0.22953 13
2.08945 -0.25841 51.78278 0 7.77500 -61.00000 22.94578 0.23468 13
-1.45610 -0.00658 58.37084 0 0.22500 46.17500 33.04521 0.17788 -13
0.75427 -0.10363 7.78593 0 3.20000 -22.62500 6.22792 0.12661 -13
-0.67165 0.05967 86.48175 0 -1.80000 21.62500 71.83123 0.12145 -13
0.55967 0.14032 93.85219 0 -4.25000 -16.40000 82.08718 0.11627 13
0.57253 -0.25886 93.85219 0 7.80000 -16.80000 82.08718 0.11892 13
0.37520 0.06812 27.90358 0 -2.07500 -14.10000 26.13242 0.10778 13
1.96205 0.11213 26.60509 0 -3.32500 -59.40000 12.14160 0.22201 -13
-0.46954 -0.07698 86.73249 0 2.32500 13.57500 78.55043 0.11152 13
0.01866 -0.16699 20.46230 0 5.02500 0.25000 20.45883 0.10210 13
0.46917 -0.05771 60.31119 0 1.72500 -13.52500 54.61731 0.11138 13
0.69546 0.10221 87.68879 0 -3.10000 -20.45000 72.11239 0.12310 13
0.30393 -0.00458 37.50017 0 0.12500 -10.25000 35.87972 0.10525 13
-0.18483 -0.11389 72.64868 0 3.45000 5.30000 71.45376 0.10305 -13
-0.75023 0.07901 71.85566 0 -2.37500 27.75000 57.54248 0.12614 -13
-1.74613 -0.22374 73.43078 0 6.72500 49.55000 37.16612 0.20387 13
0.74192 -0.17305 57.37499 0 5.20000 -23.17500 46.31766 0.12659 13
0.40011 -0.03618 39.79526 0 1.10000 -14.15000 36.95085 0.10852 -13
-0.02038 -0.14262 67.87593 0 4.30000 0.92500 67.86212 0.10175 -13
-1.45756 -0.03179 20.98668 0 1.00000 43.47500 11.87683 0.17804 -13
1.18810 -0.09632 8.39740 0 3.00000 -34.15000 5.42189 0.15674 -13
-0.10822 0.10532 25.00633 0 -3.20000 3.80000 24.86285 0.10185 13
0.66796 -0.17032 24.01734 0 5.17500 -19.55000 20.05927 0.12233 -13
-1.32580 0.09653 42.44718 0 -2.92500 40.45000 25.63550 0.16753 13
2.06139 0.02867 85.91243 0 -0.87500 -61.60000 37.51010 0.23074 13
-0.31670 -0.01667 27.65398 0 0.47500 6.75000 26.36369 0.10565 13
-0.41999 -0.19767 16.11185 0 5.92500 12.72500 14.89717 0.11100 13
1.79331 -0.07440 55.81138 0 2.25000 -52.85000 27.23835 0.20692 -13
2.02739 -0.12566 47.14666 0 3.82500 -59.45000 20.98732 0.22802 -13
-0.04189 -0.03911 58.21743 0 1.17500 2.47500 58.16648 0.10087 13
0.86256 -0.14600 64.16889 0 4.40000 -27.00000 48.80802 0.13380 13
-0.54830 -0.22608 78.27443 0 6.82500 14.67500 69.02361 0.11709 -13
-1.14317 0.12112 30.35763 0 -3.67500 33.95000 20.07041 0.15345 13
-1.17818 -0.27914 30.35763 0 8.40000 35.00000 20.07041 0.15811 13
-0.32663 -0.15147 14.14252 0 4.60000 7.97500 13.45820 0.10705 -13
0.84177 -0.02283 40.48797 0 0.67500 -23.82500 30.97799 0.13166 13
-0.28774 0.11680 66.77197 0 -3.52500 7.70000 64.20131 0.10544 -13
-1.26150 -0.12505 15.16721 0 3.72500 38.87500 9.46670 0.16257 13
1.16149 0.05861 5.90870 0 -1.62500 -34.25000 3.85910 0.15444 -13
0.14192 0.12501 72.95572 0 -3.77500 -2.85000 72.24294 0.10249 -13
0.14605 -0.27496 72.95572 0 8.30000 -2.97500 72.24294 0.10548 -13
0.30507 -0.19565 36.38547 0 5.90000 -8.92500 34.85677 0.10710 13
-1.07895 -0.01451 40.29500 0 0.45000 34.32500 27.39270 0.14815 -13
-1.56592 -0.20438 49.69860 0 6.17500 48.60000 27.13870 0.18826 -13
-0.65774 0.06652 68.29214 0 -2.02500 21.00000 57.09437 0.12072 13
1.78982 -0.10503 22.91725 0 3.12500 -54.90000 11.22526 0.20668 13
-0.08024 -0.00469 80.86019 0 0.15000 1.20000 80.60113 0.10102 -13
-0.62043 -0.24822 22.03797 0 7.45000 17.27500 18.87901 0.12109 13
-0.70774 -0.14887 3.92971 0 4.65000 22.05000 3.21978 0.12440 -13
1.60385 -0.17126 56.99930 0 5.17500 -48.72500 30.47150 0.19113 -13
0.82694 -0.15205 63.36787 0 4.57500 -23.45000 49.05874 0.13156 13
0.99444 -0.10425 47.46917 0 3.12500 -29.90000 33.74937 0.14240 13
0.67791 -0.03740 68.91624 0 1.12500 -18.90000 57.05668 0.12172 13
-0.17674 0.08608 59.85603 0 -2.60000 5.20000 58.94911 0.10264 13
-0.60702 -0.18150 95.59611 0 5.47500 18.22500 82.07188 0.11922 -13
1.47033 -0.09634 86.38593 0 2.90000 -43.87500 48.73511 0.17933 13
0.09810 -0.15825 52.27619 0 4.77500 -5.70000 52.03254 0.10243 13
0.16907 -0.21968 82.59466 0 6.62500 -3.12500 81.49107 0.10450 13
0.40649 -0.13822 81.23615 0 4.17500 -12.65000 75.35632 0.10960 -13
0.12272 -0.14244 81.52047 0 4.30000 -4.87500 80.92544 0.10246 13
0.21958 -0.24940 3.31523 0 7.37500 -4.52500 3.24255 0.10604 13
0.05920 -0.22715 9.63752 0 6.90000 -0.35000 9.62148 0.10349 -13
0.68836 -0.09437 48.14446 0 2.82500 -19.15000 39.71351 0.12262 13
-0.15345 0.05896 88.86244 0 -1.77500 3.25000 87.83785 0.10205 13
1.82747 -0.17706 95.85149 0 5.32500 -56.22500 46.55942 0.21052 13
-1.45234 -0.15439 98.53132 0 4.65000 42.35000 56.32440 0.17824 13
0.40765 -0.17901 70.06054 0 5.40000 -11.35000 65.02106 0.11023 13
-2.00932 0.00726 40.92829 0 -0.20000 63.17500 18.23601 0.22602 -13
-0.94666 -0.01856 40.59458 0 0.57500 29.25000 29.48262 0.13868 -13
-1.71503 -0.22791 71.97188 0 6.90000 54.70000 36.93926 0.20125 -13
-0.71468 -0.02287 49.29123 0 0.67500 20.85000 40.10588 0.12380 13
0.51547 0.04534 19.54253 0 -1.35000 -13.27500 17.37409 0.11338 -13
-0.82617 -0.04646 62.00440 0 1.40000 26.52500 47.82202 0.13071 -13
-0.74728 0.04704 77.15513 0 -1.42500 23.77500 61.82913 0.12580 -13
-0.21687 0.09006 43.81557 0 -2.70000 8.17500 42.82779 0.10344 -13
0.17588 0.11229 81.14566 0 -3.40000 -4.35000 79.93397 0.10288 13
-1.03025 0.00904 64.75737 0 -0.27500 32.42500 45.10412 0.14458 -13
-0.91160 0.03090 9.81144 0 -1.00000 28.50000 7.25229 0.13632 13
0.79478 -0.13425 70.89931 0 4.05000 -24.25000 55.69538 0.12935 -13
-0.04363 -0.05211 16.18904 0 1.60000 1.52500 16.17369 0.10094 -13
0.06445 -0.24422 73.99903 0 7.37500 1.37500 73.85439 0.10387 -13
-0.87704 -0.16218 18.73487 0 4.85000 26.60000 14.16426 0.13492 13
0.24222 -0.21252 15.29420 0 6.37500 -7.65000 14.88215 0.10578 13
1.08392 -0.02858 48.33868 0 0.85000 -32.60000 32.78457 0.14854 13
-1.56604 0.07321 76.10205 0 -2.22500 47.92500 41.03466 0.18727 13
0.36030 -0.07196 13.53526 0 2.20000 -8.87500 12.73788 0.10730 -13
0.26956 0.03749 44.81069 0 -1.12500 -9.45000 43.26838 0.10436 -13
-0.53757 -0.16517 69.47121 0 4.97500 15.75000 61.37317 0.11553 13
1.58642 -0.17977 25.04360 0 5.37500 -48.55000 13.50707 0.18967 13
0.98607 -0.11451 7.93622 0 3.55000 -28.87500 5.66963 0.14194 -13
0.21157 -0.19602 85.14344 0 5.92500 -7.62500 83.36558 0.10481 -13
2.00581 -0.12051 52.23888 0 3.65000 -59.27500 23.44234 0.22605 -13
0.04156 -0.14341 56.26963 0 4.32500 -0.35000 56.22209 0.10182 -13
-1.42380 0.14319 49.87091 0 -4.32500 43.95000 28.85859 0.17582 13
-1.45484 -0.25587 49.87091 0 7.70000 44.87500 28.85859 0.17961 13
-1.03749 0.00730 65.17437 0 -0.20000 31.37500 45.23036 0.14511 -13
0.56918 -0.17720 53.36482 0 5.35000 -18.22500 46.55220 0.11725 -13
0.87825 0.00738 27.05389 0 -0.25000 -26.80000 20.32751 0.13403 13
0.02062 0.12802 39.77153 0 -3.87500 -1.60000 39.76322 0.10156 13
0.02120 -0.27179 39.77153 0 8.20000 -1.62500 39.76322 0.10437 13
0.36850 -0.08752 20.73064 0 2.62500 -11.32500 19.46076 0.10768 13
0.30282 -0.21841 72.53686 0 6.60000 -11.15000 69.55669 0.10750 -13
-0.35083 -0.18665 4.13030 0 5.50000 12.85000 3.90456 0.10832 13
-0.35428 -0.22726 22.70038 0 6.82500 10.17500 21.45607 0.10924 13
-0.71300 0.05665 20.00979 0 -1.75000 25.27500 16.30107 0.12382 13
-0.41652 -0.20625 37.44983 0 6.20000 14.52500 34.67557 0.11104 13
2.14503 -0.09935 17.75619 0 3.05000 -63.35000 7.53273 0.23860 -13
-2.00613 -0.17310 52.96232 0 5.25000 59.65000 23.90786 0.22643 -13
1.70566 -0.06369 1.84431 0 1.37500 -51.82500 0.93450 0.19928 13
-0.15240 -0.00800 11.26084 0 0.20000 6.27500 11.13226 0.10188 13
-1.47642 -0.22052 84.58498 0 6.65000 43.57500 48.20633 0.18093 13
-1.23778 0.13416 20.95879 0 -4.07500 36.70000 13.24228 0.16084 13
-1.26932 -0.26540 20.95879 0 7.97500 37.62500 13.24228 0.16485 13
0.60406 0.00438 10.91667 0 -0.07500 -17.47500 9.34370 0.11766 -13
0.30193 0.03348 57.41913 0 -1.00000 -7.15000 54.97072 0.10525 -13
-0.47806 -0.12528 55.04247 0 3.80000 15.50000 49.73120 0.11233 -13
0.82618 -0.13982 77.17087 0 4.22500 -27.72500 59.72628 0.13139 -13
-0.02712 -0.00068 41.60654 0 -0.00000 1.52500 41.59124 0.10074 13
-1.30953 0.08345 81.21682 0 -2.50000 42.72500 49.39912 0.16613 -13
1.59827 0.01047 61.09378 0 -0.30000 -48.22500 32.40569 0.18987 -13
0.02211 0.14947 79.39983 0 -4.50000 -2.25000 79.38086 0.10171 -13
0.02252 -0.24932 79.39983 0 7.52500 -2.27500 79.38086 0.10381 -13
-1.20332 0.10436 40.33558 0 -3.17500 34.07500 25.86243 0.15792 13
1.56318 -0.04669 99.41867 0 1.42500 -47.52500 53.61696 0.18694 -13
1.57145 -0.17637 57.33369 0 5.32500 -47.40000 31.11644 0.18843 -13
-1.17125 0.10454 1.74511 0 -3.57500 35.57500 1.13630 0.15603 13
0.67369 -0.00529 35.09215 0 0.17500 -20.07500 29.10396 0.12142 -13
0.87170 0.13679 79.68194 0 -4.12500 -27.75000 60.30469 0.13431 13
0.89294 -0.26259 79.68194 0 7.90000 -28.40000 60.30469 0.13756 13
-2.01202 0.09704 3.73098 0 -3.22500 62.70000 1.66713 0.22675 13
1.20287 0.06128 32.70385 0 -1.87500 -34.40000 20.93029 0.15765 13
0.60258 -0.08754 89.09459 0 2.65000 -17.45000 76.38929 0.11791 -13
-1.10963 0.05837 87.61753 0 -1.75000 34.02500 58.71122 0.15054 -13
-1.01064 -0.21276 83.37282 0 6.40000 30.35000 59.29321 0.14476 13
-0.41635 -0.08739 40.45787 0 2.65000 11.32500 37.37100 0.10944 -13
0.89213 0.05228 34.55935 0 -1.55000 -26.37500 25.80425 0.13505 -13
-0.64645 -0.05108 85.46949 0 1.55000 18.25000 71.80534 0.12002 -13
-0.63721 -0.22588 46.87859 0 6.80000 23.60000 39.81464 0.12154 13
-1.28109 -0.08802 50.56379 0 2.65000 38.12500 31.18761 0.16389 13
-1.20197 -0.19921 50.76009 0 6.02500 36.32500 32.83685 0.15874 -13
0.89487 0.11493 14.61188 0 -3.42500 -25.90000 10.92076 0.13561 -13
-1.15655 -0.12166 66.01940 0 3.65000 33.90000 43.36121 0.15445 13
-0.00785 -0.21040 92.41335 0 6.35000 0.62500 92.41062 0.10291 13
-1.51653 0.01963 12.35188 0 -0.52500 46.72500 6.80063 0.18294 -13
-0.62860 0.06739 66.80803 0 -2.02500 19.45000 56.59727 0.11914 -13
2.00811 0.05377 36.62530 0 -1.65000 -61.22500 16.34566 0.22598 13
-0.00534 0.01266 45.04184 0 -0.40000 0.92500 45.04119 0.10071 13
-0.87008 -0.11337 63.03868 0 3.40000 25.50000 47.68752 0.13397 13
-0.10131 -0.07221 80.31129 0 2.17500 4.07500 79.90443 0.10148 -13
-2.01821 -0.04970 57.60016 0 1.47500 59.55000 25.59839 0.22688 13
-0.57745 -0.20061 94.65920 0 6.05000 16.45000 82.37350 0.11802 13
-0.15636 -0.17612 5.26325 0 5.22500 4.92500 5.20194 0.10342 13
-0.74142 0.11123 36.82307 0 -3.35000 22.70000 29.64414 0.12585 -13
0.31181 -0.20933 9.70949 0 6.37500 -12.15000 9.28667 0.10761 -13
-0.15157 -0.04713 15.74673 0 1.40000 4.50000 15.56921 0.10196 13
0.33516 -0.12381 3.12171 0 3.55000 -12.07500 2.96223 0.10692 13
0.90835 -0.24269 81.92668 0 7.32500 -26.90000 61.42067 0.13821 13
1.43032 0.10685 20.84356 0 -3.17500 -42.90000 11.98890 0.17605 -13
0.45658 0.02803 95.79778 0 -0.85000 -12.65000 87.14993 0.11074 -13
0.23180 0.03343 96.65110 0 -1.02500 -6.90000 94.15742 0.10343 13
0.97994 0.06765 60.53447 0 -2.05000 -29.70000 43.28376 0.14117 13
0.48379 -0.16951 95.64101 0 5.12500 -14.10000 86.32409 0.11317 -13
0.74834 0.10606 64.41303 0 -3.20000 -22.72500 51.67419 0.12623 -13
0.05846 -0.04150 85.01674 0 1.25000 -2.92500 84.87206 0.10096 13
0.35216 0.03402 17.80694 0 -1.00000 -10.25000 16.79712 0.10682 -13
0.33107 -0.18546 62.21075 0 5.57500 -11.40000 59.15543 0.10771 13
1.36669 0.07524 12.24836 0 -2.32500 -40.92500 7.24640 0.17074 13
-0.42668 0.04636 57.38925 0 -1.40000 17.00000 52.79380 0.10959 -13
-0.85763 -0.02279 84.68541 0 0.70000 24.87500 64.28934 0.13269 -13
-0.19972 0.04045 45.83544 0 -1.22500 3.37500 44.94913 0.10277 13
-1.75842 -0.07510 15.82401 0 2.32500 50.35000 7.83929 0.20387 -13
-0.91487 -0.13746 82.60731 0 4.15000 26.45000 61.20780 0.13718 13
-0.83744 -0.07904 15.21398 0 2.35000 25.17500 11.67886 0.13158 13
0.39176 0.05908 98.90645 0 -1.77500 -12.77500 92.11309 0.10832 -13
0.61553 -0.08264 86.01032 0 2.50000 -19.67500 73.31516 0.11855 -13
-2.05650 -0.23012 99.43090 0 6.95000 62.60000 44.39435 0.23146 -13
1.11809 -0.23503 50.63618 0 7.10000 -35.37500 34.25846 0.15291 -13
0.61930 -0.01321 75.88296 0 0.40000 -16.92500 64.51500 0.11846 13
0.19287 -0.19916 54.71885 0 6.02500 -3.42500 53.76541 0.10451 -13
1.32100 0.09428 24.68947 0 -2.80000 -41.10000 14.94335 0.16712 -13
-0.73985 0.05503 15.16819 0 -1.70000 22.67500 12.19961 0.12541 13
1.33427 -0.09704 78.38995 0 2.92500 -38.65000 47.15426 0.16819 13
1.13035 -0.03439 40.89046 0 1.02500 -31.77500 27.10286 0.15202 13
-0.47023 0.10397 94.50279 0 -3.12500 12.72500 85.60263 0.11177 -13
-1.60973 0.01243 47.10803 0 -0.40000 49.37500 24.85983 0.19084 13
-0.64603 -0.00151 71.23809 0 0.05000 17.92500 59.83820 0.11989 -13
-0.68876 -0.01121 80.44674 0 0.35000 21.45000 66.25404 0.12228 -13
-1.64694 -0.09026 78.68152 0 2.70000 48.00000 40.95732 0.19424 13
-1.00021 -0.15968 99.50960 0 4.82500 30.90000 70.79867 0.14334 -13
0.22799 -0.18000 10.08945 0 5.47500 -7.80000 9.84468 0.10490 -13
-0.37029 -0.20662 75.69295 0 6.22500 7.42500 71.15872 0.10938 13
0.03125 0.10195 19.58692 0 -3.10000 -0.05000 19.57747 0.10128 13
1.51144 -0.08925 79.95820 0 2.67500 -46.37500 44.24131 0.18272 13
-0.32092 -0.13540 75.51162 0 4.10000 9.65000 71.96042 0.10664 -13
-1.27094 0.10548 46.42387 0 -3.20000 37.40000 28.80488 0.16321 13
1.34164 -0.07066 13.89925 0 2.20000 -38.42500 8.31929 0.16870 -13
1.12410 -0.04614 25.66399 0 1.37500 -34.47500 17.06800 0.15158 13
-0.29101 -0.11540 28.52251 0 3.47500 5.77500 27.40047 0.10552 13
1.87106 0.05335 22.50275 0 -1.65000 -57.57500 10.61832 0.21373 13
0.51481 0.14422 52.09615 0 -4.35000 -12.97500 46.41778 0.11419 -13
0.52582 -0.25475 52.09615 0 7.70000 -13.30000 46.41778 0.11664 -13
0.09458 0.10899 37.97926 0 -3.27500 -1.87500 37.81240 0.10174 -13
1.25394 -0.02287 39.01545 0 0.67500 -37.47500 24.32944 0.16154 13
0.93243 0.13594 84.38603 0 -4.10000 -28.35000 61.98041 0.13836 -13
0.95544 -0.26343 84.38603 0 7.95000 -29.05000 61.98041 0.14179 -13
1.24857 0.13711 60.82291 0 -4.15000 -34.80000 38.23827 0.16169 13
1.27882 -0.26225 60.82291 0 7.90000 -35.70000 38.23827 0.16558 13
-0.80111 0.13683 44.97905 0 -4.15000 23.20000 35.23086 0.12977 13
-0.82061 -0.26252 44.97905 0 7.90000 23.80000 35.23086 0.13291 13
-0.73137 -0.14626 67.55784 0 4.40000 22.12500 54.73012 0.12562 13
1.31373 -0.13033 53.46575 0 3.92500 -39.45000 32.55607 0.16678 13
-0.22449 0.09160 76.36227 0 -2.77500 10.75000 74.52275 0.10362 13
-2.08469 0.06164 83.81138 0 -1.87500 62.87500 36.30444 0.23292 13
1.82940 -0.21601 87.61177 0 6.50000 -58.12500 42.76330 0.21106 13
1.51711 0.05774 19.20985 0 -1.70000 -46.82500 10.58391 0.18307 -13
-1.10938 -0.00410 45.00628 0 0.15000 34.65000 30.13357 0.15041 -13
2.13920 -0.08572 51.88177 0 2.57500 -61.72500 22.03685 0.23796 13
1.98938 -0.03847 13.92706 0 1.22500 -61.17500 6.25861 0.22428 -13
0.09859 0.00120 25.83396 0 -0.02500 -4.10000 25.70931 0.10119 -13
-0.17722 -0.04668 90.93574 0 1.40000 5.27500 89.54343 0.10238 13
1.16255 -0.06921 26.02560 0 2.12500 -35.00000 16.99476 0.15459 -13
-0.10944 -0.05456 90.11731 0 1.65000 1.05000 89.58401 0.10145 -13
0.18895 -0.22246 20.03106 0 6.72500 -6.15000 19.69878 0.10492 -13
-1.05366 0.04533 95.65276 0 -1.35000 31.17500 65.88238 0.14636 -13
-0.19352 -0.22847 7.51310 0 6.82500 6.55000 7.38284 0.10508 13
0.41753 -0.15202 64.56750 0 4.57500 -14.27500 59.68242 0.11020 13
0.38536 -0.07499 8.46555 0 2.32500 -11.60000 7.90205 0.10822 -13
-0.27078 -0.18360 3.61033 0 5.67500 8.85000 3.48870 0.10609 -13
-0.04360 0.08520 64.78872 0 -2.55000 2.05000 64.72768 0.10116 -13
0.96668 0.13271 52.96593 0 -4.00000 -31.05000 38.24196 0.14069 -13
0.99179 -0.26680 52.96593 0 8.07500 -31.82500 38.24196 0.14437 -13
0.25203 0.14277 81.64468 0 -4.30000 -6.92500 79.21624 0.10484 -13
0.25756 -0.25629 81.64468 0 7.72500 -7.07500 79.21624 0.10715 -13
-0.41559 0.10040 96.50092 0 -3.02500 14.00000 89.17718 0.10953 13
0.61209 -0.03787 1.44611 0 0.75000 -15.52500 1.23378 0.11839 13
1.66797 0.07311 57.38188 0 -2.20000 -51.40000 29.56361 0.19597 -13
1.55099 0.04189 7.27622 0 -1.12500 -45.87500 3.94637 0.18582 -13
-0.80131 -0.16986 4.71215 0 4.97500 23.50000 3.69770 0.13010 13
0.36821 0.03549 50.34183 0 -1.07500 -10.40000 47.24482 0.10737 13
-0.34791 0.10401 45.94284 0 -3.15000 12.42500 43.41712 0.10714 13
1.43702 -0.12618 5.09934 0 3.62500 -44.85000 2.92894 0.17663 13
0.77517 -0.14700 60.97264 0 4.45000 -22.67500 48.38197 0.12828 -13
-0.27030 -0.08740 69.12807 0 2.62500 6.37500 66.75020 0.10469 13
-0.29808 -0.14676 42.14035 0 4.45000 11.25000 40.41916 0.10612 -13
0.18698 -0.13502 98.65624 0 4.07500 -8.30000 97.00505 0.10335 -13
0.45974 -0.08040 97.74844 0 2.42500 -15.20000 88.86184 0.11113 -13
-0.26630 -0.13003 42.04829 0 3.90000 6.00000 40.65447 0.10503 13
1.33666 -0.10547 47.66357 0 3.17500 -39.80000 28.65359 0.16843 13
0.46501 0.00099 78.00984 0 -0.02500 -13.17500 70.73596 0.11106 13
-0.54472 -0.10070 60.56682 0 3.02500 14.12500 53.24912 0.11512 13
-0.13865 -0.03224 78.10439 0 0.97500 2.57500 77.36515 0.10172 -13
-0.55011 -0.10484 76.94582 0 3.15000 15.55000 67.50338 0.11541 13
0.52531 0.04157 44.05543 0 -1.27500 -15.82500 39.00914 0.11383 13
-0.19914 0.06474 49.45546 0 -1.97500 4.47500 48.50698 0.10289 13
0.11190 0.06153 58.51113 0 -1.85000 -3.17500 58.14959 0.10152 -13
-2.02298 -0.22730 11.82975 0 6.95000 63.12500 5.34968 0.22854 -13
-0.52597 0.06171 51.63007 0 -1.85000 13.35000 45.71327 0.11396 -13
-0.04380 0.04471 57.06180 0 -1.35000 2.07500 57.00725 0.10090 -13
1.13366 -0.20731 24.12811 0 6.30000 -35.25000 16.14976 0.15369 -13
-0.64073 -0.19499 89.06258 0 5.90000 20.22500 75.39319 0.12120 -13
0.76451 0.13611 50.12925 0 -4.12500 -22.80000 39.95890 0.12751 13
0.78335 -0.26328 50.12925 0 7.92500 -23.37500 39.95890 0.13063 13
-1.12393 0.01898 94.91531 0 -0.57500 35.47500 63.09787 0.15151 13
0.09681 0.03086 47.99284 0 -0.92500 -2.20000 47.76977 0.10122 -13
0.10869 0.01877 80.46757 0 -0.57500 -4.45000 79.99653 0.10131 13
0.78889 -0.00891 13.20180 0 0.22500 -24.75000 10.36481 0.12828 13
1.27166 -0.01855 70.75103 0 0.57500 -39.60000 43.73888 0.16292 -13
-0.38641 -0.16868 14.54779 0 5.12500 12.65000 13.59434 0.10931 -13
-0.13170 -0.05185 15.75842 0 1.52500 5.20000 15.62381 0.10170 13
-0.38637 0.08206 73.27318 0 -2.47500 9.87500 68.37874 0.10828 13
-2.17513 -0.14364 90.85562 0 4.32500 64.95000 38.27222 0.24144 13
0.58358 0.14734 52.99047 0 -4.45000 -17.92500 45.89100 0.11754 13
0.59533 -0.25155 52.99047 0 7.57500 -18.27500 45.89100 0.11990 13
1.55297 -0.03988 38.96352 0 1.22500 -50.02500 21.10601 0.18606 -13
-0.35938 -0.13392 77.19258 0 4.02500 11.37500 72.71723 0.10785 13
-0.58119 0.09605 74.19725 0 -2.90000 16.87500 64.22377 0.11688 -13
-0.56757 -0.20860 97.88205 0 6.27500 16.47500 85.56236 0.11768 13
-0.85788 -0.23532 50.84157 0 7.10000 26.50000 39.02413 0.13479 -13
0.03592 0.11511 98.04213 0 -3.47500 -4.37500 97.97975 0.10143 -13
-1.17168 -0.03959 61.08280 0 1.17500 33.52500 39.67192 0.15517 13
0.81502 -0.21955 34.11089 0 6.65000 -24.90000 26.68742 0.13180 -13
-0.15656 -0.22550 81.65868 0 6.80000 3.87500 80.72263 0.10442 13
-2.04938 -0.06761 42.64224 0 2.07500 62.10000 18.73474 0.22974 -13
