-1.81923 0.02185 49.51028 0 -0.67500 56.05000 23.85356 0.20907 13
-0.05897 -0.08034 38.57787 0 2.42500 1.75000 38.51145 0.10120 -13
0.95783 0.05796 32.93515 0 -1.72500 -31.37500 23.80369 0.13956 -13
-0.69209 0.01168 29.38398 0 -0.32500 21.55000 24.16241 0.12247 -13
-0.03615 -0.09127 24.52724 0 2.72500 0.40000 24.51136 0.10118 13
0.26359 0.10354 1.83668 0 -2.85000 -8.00000 1.77673 0.10474 -13
0.60549 -0.22994 75.56620 0 6.92500 -19.52500 65.08030 0.11998 13
1.26103 -0.10522 83.22060 0 3.17500 -36.42500 51.88289 0.16242 -13
-0.96520 -0.06880 56.68436 0 2.10000 29.27500 40.83161 0.14014 -13
1.37513 -0.10435 69.12401 0 3.12500 -41.12500 40.79796 0.17153 13
2.00569 -0.21131 51.24259 0 6.40000 -61.27500 23.26621 0.22672 -13
-0.38191 -0.16878 59.64300 0 5.10000 11.27500 55.81655 0.10913 -13
-0.03526 0.14791 45.08173 0 -4.47500 2.02500 45.05433 0.10187 13
-0.03596 -0.25096 45.08173 0 7.55000 2.05000 45.05433 0.10388 13
0.97525 -0.21462 68.36417 0 6.47500 -29.05000 49.47637 0.14233 -13
0.50035 -0.21256 56.47846 0 6.40000 -14.87500 50.72894 0.11461 13
0.51781 -0.02587 82.76985 0 0.77500 -16.10000 73.50584 0.11343 13
0.88058 0.06772 22.33533 0 -2.02500 -24.77500 16.77943 0.13434 -13
-0.22260 0.04991 24.01283 0 -1.47500 6.52500 23.44045 0.10329 -13
1.85027 0.07697 76.74171 0 -2.30000 -56.25000 36.57140 0.21193 -13
-0.22517 0.05471 81.14626 0 -1.65000 7.55000 79.16988 0.10337 13
0.12893 -0.08718 68.05200 0 2.62500 -4.00000 67.49753 0.10192 -13
-0.07212 0.07069 37.01857 0 -2.12500 1.40000 36.92313 0.10121 -13
-1.64317 -0.10831 63.28586 0 3.27500 52.72500 33.04022 0.19403 -13
-1.64567 -0.19914 26.67200 0 5.97500 47.10000 14.04759 0.19492 13
-1.36741 -0.06119 5.01150 0 1.67500 40.15000 2.96350 0.17059 13
0.73225 0.02877 59.38277 0 -0.87500 -18.55000 47.91797 0.12485 13
-0.08271 -0.15573 37.30906 0 4.67500 1.10000 37.18512 0.10225 13
-0.98888 0.03075 60.91893 0 -0.95000 32.10000 43.32640 0.14166 13
-0.38608 0.06198 36.78485 0 -1.87500 12.45000 34.32448 0.10813 13
-0.80502 0.01846 26.79917 0 -0.57500 23.92500 20.87706 0.12929 13
0.05192 -0.24003 75.19000 0 7.22500 -0.97500 75.09435 0.10369 13
-0.19631 0.07760 75.72095 0 -2.35000 7.70000 74.31099 0.10292 13
0.42812 -0.16930 92.62510 0 5.12500 -14.97500 85.33426 0.11087 -13
-0.65054 0.05703 34.74218 0 -1.70000 20.07500 29.13655 0.12027 -13
0.43697 -0.24552 63.45544 0 7.42500 -14.02500 58.41331 0.11265 -13
-1.00372 0.09558 69.82356 0 -2.87500 29.02500 49.39346 0.14300 -13
0.08577 0.13891 57.23438 0 -4.20000 -2.47500 57.02894 0.10204 13
0.08779 -0.26032 57.23438 0 7.85000 -2.52500 57.02894 0.10443 13
1.04166 -0.16096 20.53319 0 4.90000 -30.57500 14.31485 0.14634 -13
-0.40002 0.04259 85.11222 0 -1.27500 13.35000 79.03415 0.10854 -13
-1.14956 -0.09458 13.58998 0 2.90000 33.87500 8.94226 0.15375 -13
1.66598 0.12989 16.85283 0 -3.87500 -48.82500 8.72679 0.19607 -13
1.71112 -0.26975 16.85283 0 8.20000 -50.22500 8.72679 0.20153 -13
1.04604 -0.01792 64.38624 0 0.55000 -33.25000 44.49561 0.14574 -13
0.11739 -0.22834 53.95856 0 6.87500 -5.12500 53.60858 0.10396 13
-1.22664 -0.00885 87.28810 0 0.25000 35.57500 55.15593 0.15938 13
0.21789 -0.17842 45.83860 0 5.40000 -6.82500 44.81902 0.10463 -13
0.06993 -0.06691 16.37364 0 2.05000 -2.40000 16.33395 0.10118 -13
-0.22036 0.12927 4.36172 0 -4.02500 6.90000 4.26109 0.10402 13
-0.22634 -0.27055 4.36172 0 8.05000 7.07500 4.26109 0.10671 13
-0.08748 -0.06077 49.09612 0 1.85000 1.90000 48.91002 0.10128 -13
0.90080 0.13579 70.95705 0 -4.10000 -27.00000 52.93616 0.13622 -13
0.92309 -0.26358 70.95705 0 7.95000 -27.67500 52.93616 0.13961 -13
0.33950 0.07563 30.08970 0 -2.25000 -8.10000 28.50078 0.10662 -13
-0.31028 -0.06954 7.18490 0 2.02500 10.95000 6.86342 0.10567 13
0.34717 0.10801 63.75930 0 -3.27500 -7.07500 60.27005 0.10715 13
-0.87914 -0.10210 59.37074 0 3.07500 25.40000 44.69024 0.13448 13
1.61446 -0.10411 41.43202 0 3.15000 -48.75000 21.90202 0.19154 -13
-1.45204 -0.20720 70.18231 0 6.25000 43.87500 40.37414 0.17876 13
-1.53825 -0.06787 21.19395 0 2.10000 44.95000 11.57014 0.18491 -13
0.49077 0.02082 1.25225 0 -1.07500 -16.77500 1.12429 0.11264 13
-0.14497 -0.02527 19.71609 0 0.75000 3.35000 19.51220 0.10179 13
0.08039 0.11517 97.32181 0 -3.47500 -2.95000 97.01292 0.10169 13
-0.69286 -0.19909 61.52531 0 6.02500 20.05000 50.88768 0.12416 -13
-0.32400 -0.08058 21.03382 0 2.45000 7.47500 20.01589 0.10618 -13
0.60584 0.03187 12.28586 0 -0.92500 -18.30000 10.50936 0.11779 -13
-0.86761 0.08870 52.89154 0 -2.67500 26.30000 40.01809 0.13362 -13
0.66891 -0.13807 31.65152 0 4.15000 -18.87500 26.38455 0.12194 13
0.39209 0.12334 99.82784 0 -3.72500 -11.67500 93.03218 0.10887 -13
0.40377 -0.27672 99.82784 0 8.35000 -12.02500 93.03218 0.11212 -13
1.06537 -0.08745 63.08154 0 2.65000 -30.87500 43.25956 0.14741 -13
-1.03566 -0.24376 33.92414 0 7.32500 30.57500 23.91348 0.14702 13
1.66435 -0.10350 38.69084 0 3.15000 -48.85000 20.00522 0.19582 -13
-0.11350 -0.15711 65.77384 0 4.72500 2.92500 65.36441 0.10257 13
-0.02334 -0.20350 34.30900 0 6.15000 1.95000 34.30004 0.10280 -13
-0.73489 -0.13287 21.93224 0 3.97500 21.87500 17.72679 0.12567 13
-0.03053 -0.00681 83.19468 0 0.20000 2.02500 83.15595 0.10075 -13
1.32800 0.01162 25.14008 0 -0.32500 -38.00000 15.12314 0.16741 -13
0.65598 -0.05944 16.05558 0 1.75000 -21.62500 13.43171 0.12058 13
-0.17888 0.14938 78.85608 0 -4.50000 4.75000 77.65029 0.10331 -13
-0.18233 -0.24940 78.85608 0 7.52500 4.87500 77.65029 0.10541 -13
1.03354 -0.10807 41.90393 0 3.27500 -32.02500 29.22486 0.14524 -13
0.92931 -0.01993 84.71533 0 0.60000 -28.60000 62.06160 0.13749 13
0.29513 0.00475 24.02523 0 -0.12500 -11.17500 23.04264 0.10500 -13
0.95104 0.02028 92.13501 0 -0.60000 -30.60000 66.76968 0.13899 -13
-0.26387 0.02777 99.76284 0 -0.82500 6.97500 96.46372 0.10419 -13
-2.12179 0.14837 9.39005 0 -4.35000 61.87500 4.03817 0.23660 -13
-2.16353 -0.25020 9.39005 0 7.67500 63.22500 4.03817 0.24166 -13
-0.37619 0.00092 87.11779 0 -0.02500 10.52500 81.53904 0.10759 13
0.00337 0.13858 53.24573 0 -4.20000 0.12500 53.24543 0.10167 13
0.00344 -0.26068 53.24573 0 7.85000 0.12500 53.24543 0.10406 13
-0.11395 0.04968 61.99370 0 -1.50000 1.92500 61.59611 0.10148 -13
0.12113 -0.13658 32.94960 0 4.12500 -3.72500 32.71479 0.10238 -13
-0.86645 -0.18331 16.28151 0 5.57500 26.77500 12.39150 0.13456 -13
0.66765 -0.23456 6.10088 0 6.97500 -20.05000 5.11522 0.12330 13
-0.94639 0.08819 27.52085 0 -2.62500 31.42500 20.02577 0.13892 -13
-1.76526 0.06563 35.93710 0 -2.00000 53.62500 17.74195 0.20443 13
-0.11770 0.09552 32.17735 0 -2.90000 1.95000 31.95878 0.10178 13
-2.32743 6.77167 32.17735 0 -2.92500 1.95000 31.95878 0.10186 13
0.68240 -1.63310 32.17735 0 -3.02500 0.75000 31.95878 0.10607 13
-0.76029 -0.15103 96.76894 0 4.55000 22.77500 77.34963 0.12741 13
0.50391 -0.16939 89.73819 0 5.10000 -16.70000 80.36599 0.11405 13
1.16090 -0.06528 56.76586 0 1.95000 -33.60000 37.09302 0.15444 13
1.53501 -0.18025 81.41287 0 5.45000 -45.50000 44.93895 0.18539 -13
1.02152 0.12934 74.65738 0 -3.90000 -32.87500 52.44751 0.14454 -13
1.04946 -0.27036 74.65738 0 8.17500 -33.70000 52.44751 0.14850 -13
0.82800 0.13082 97.99425 0 -3.95000 -22.92500 75.73868 0.13140 -13
0.85016 -0.26882 97.99425 0 8.12500 -23.60000 75.73868 0.13492 -13
-0.71981 -0.22141 75.81292 0 6.67500 23.65000 62.02668 0.12608 -13
-0.53101 -0.13220 29.37554 0 3.97500 14.67500 25.99365 0.11479 13
0.36435 0.07233 29.47790 0 -2.17500 -9.65000 27.70510 0.10743 -13
0.83088 -0.08436 80.91279 0 2.52500 -24.52500 62.32440 0.13120 13
0.66925 0.04013 62.90569 0 -1.22500 -20.92500 52.29140 0.12125 13
0.16751 -0.01971 85.82536 0 0.60000 -1.35000 84.64654 0.10212 -13
-0.71718 -0.16850 10.09540 0 5.02500 20.70000 8.24251 0.12505 13
-0.55079 -0.21311 97.05770 0 6.42500 17.50000 85.44826 0.11695 13
0.37068 0.06801 72.37396 0 -2.05000 -11.92500 67.88060 0.10762 13
0.21633 -0.11749 80.13522 0 3.55000 -8.20000 78.34728 0.10371 -13
-1.98130 0.00379 16.93660 0 -0.05000 57.70000 7.63109 0.22351 -13
0.17175 0.06473 5.97892 0 -1.87500 -4.75000 5.89302 0.10239 -13
0.27483 -0.05925 91.41555 0 1.77500 -9.25000 88.15790 0.10461 13
-0.89233 -0.04810 10.75013 0 1.50000 24.77500 8.02539 0.13507 -13
-0.76382 -0.03269 39.81624 0 0.97500 23.62500 31.64828 0.12676 13
0.63303 -0.04677 45.45515 0 1.42500 -17.60000 38.41842 0.11928 -13
0.63424 -0.17806 94.11288 0 5.37500 -19.47500 79.82865 0.12059 -13
0.09028 -0.10673 36.56891 0 3.20000 -2.17500 36.42241 0.10168 13
0.65410 0.14447 52.84944 0 -4.35000 -18.25000 44.36458 0.12119 -13
0.66802 -0.25448 52.84944 0 7.70000 -18.67500 44.36458 0.12379 -13
-0.85075 0.06387 66.82104 0 -1.92500 26.15000 50.93800 0.13237 -13
-0.50811 -0.20826 50.08186 0 6.30000 15.05000 44.84017 0.11489 -13
0.01116 -0.17460 8.12160 0 5.20000 1.25000 8.12110 0.10221 13
-1.90068 0.13662 67.98130 0 -4.12500 58.20000 31.88170 0.21674 13
-1.94705 -0.26275 67.98130 0 7.90000 59.57500 31.88170 0.22199 13
-0.55538 -0.23009 56.44708 0 6.92500 14.20000 49.64205 0.11749 13
-0.20661 0.13673 62.25202 0 -4.12500 8.75000 60.98732 0.10375 13
-0.21164 -0.26262 62.25202 0 7.92500 8.90000 60.98732 0.10627 13
1.50661 -0.14891 22.69589 0 4.52500 -47.32500 12.64709 0.18274 -13
-0.06396 0.10546 23.70436 0 -3.20000 2.45000 23.65659 0.10148 13
0.39616 -0.20878 22.78542 0 6.32500 -12.25000 21.24391 0.11036 -13
0.45914 0.13626 65.50870 0 -4.10000 -16.15000 59.62835 0.11165 -13
0.47047 -0.26306 65.50870 0 7.95000 -16.50000 59.62835 0.11441 -13
-0.85742 0.14453 91.55300 0 -4.35000 22.55000 69.80572 0.13345 -13
-0.87565 -0.25443 91.55300 0 7.67500 23.10000 69.80572 0.13629 -13
-1.17124 0.14937 12.84399 0 -4.45000 36.22500 8.39275 0.15578 -13
-1.19392 -0.24923 12.84399 0 7.57500 36.92500 8.39275 0.15891 -13
-0.20439 -0.24870 51.07193 0 7.50000 5.80000 50.09603 0.10578 13
0.70366 0.10121 20.01649 0 -3.02500 -22.67500 16.39726 0.12355 -13
-0.85408 0.01631 96.35019 0 -0.47500 25.40000 73.26838 0.13244 -13
0.99273 -0.03307 8.86120 0 0.92500 -29.40000 6.29045 0.14195 13
-1.57820 -0.22348 67.43831 0 6.72500 49.55000 36.72387 0.18948 13
0.45047 -0.14240 32.90481 0 4.30000 -16.67500 30.05207 0.11138 -13
0.98940 -0.13539 92.07614 0 4.10000 -29.27500 65.74742 0.14232 -13
1.01830 -0.06262 36.10573 0 1.87500 -30.70000 25.32297 0.14386 13
-0.05862 0.01473 77.43679 0 -0.45000 4.72500 77.30412 0.10089 -13
-0.64847 -0.13250 28.49041 0 4.02500 21.30000 23.96558 0.12078 -13
1.62487 0.05944 80.37773 0 -1.80000 -47.55000 42.18241 0.19223 13
-0.12089 0.14449 69.42061 0 -4.35000 3.27500 68.92903 0.10247 -13
-0.12346 -0.25449 69.42061 0 7.67500 3.35000 68.92903 0.10466 -13
2.15070 0.01720 86.87654 0 -0.52500 -62.87500 36.63313 0.23885 13
1.92851 -0.01605 24.21193 0 0.52500 -55.87500 11.14667 0.21877 -13
0.51046 0.13070 43.80829 0 -3.92500 -13.12500 39.08644 0.11382 -13
0.52416 -0.26894 43.80829 0 8.12500 -13.52500 39.08644 0.11689 -13
0.18801 -0.19508 46.10707 0 5.87500 -5.10000 45.34148 0.10433 13
1.60844 -0.21929 86.35275 0 6.60000 -49.47500 46.36706 0.19199 13
-1.04423 -0.13636 15.94757 0 4.15000 33.42500 11.08374 0.14627 -13
1.92818 0.00395 56.85820 0 -0.10000 -57.95000 26.17683 0.21874 -13
-1.72905 0.00706 3.29474 0 -0.52500 51.52500 1.65002 0.20122 13
-1.54958 -0.04530 28.03812 0 1.32500 46.30000 15.21387 0.18577 13
-1.11098 0.09143 16.13491 0 -2.80000 31.52500 10.81917 0.15083 13
1.86104 -0.16460 34.94674 0 4.92500 -58.02500 16.71384 0.21337 13
0.65068 -0.07049 38.72267 0 2.10000 -19.15000 32.48048 0.12035 13
0.42019 0.05776 61.99744 0 -1.75000 -10.40000 57.17129 0.10939 13
-0.84664 -0.08043 92.92870 0 2.42500 25.40000 71.01974 0.13219 13
-0.53395 -0.16872 84.69537 0 5.07500 16.40000 74.94263 0.11541 13
0.63800 0.12799 75.39496 0 -3.87500 -20.37500 63.70922 0.12015 13
0.65580 -0.27183 75.39496 0 8.20000 -20.90000 63.70922 0.12349 13
-1.25030 -0.18340 68.12971 0 5.52500 36.27500 42.98296 0.16227 13
-0.06055 -0.23653 83.76111 0 7.12500 2.40000 83.61605 0.10366 13
0.08321 -0.21832 34.42160 0 6.60000 -2.95000 34.30837 0.10343 -13
-0.74990 -0.05087 51.50076 0 1.55000 22.00000 41.22160 0.12598 -13
0.55268 -0.21400 27.28848 0 6.42500 -17.72500 24.00676 0.11704 13
-0.73775 -0.18931 74.45114 0 5.70000 19.92500 60.27990 0.12658 13
1.79057 0.03261 80.70441 0 -0.97500 -53.17500 39.36644 0.20656 -13
0.24123 0.07899 65.13264 0 -2.40000 -9.92500 63.32708 0.10390 13
0.05086 -0.11162 9.96229 0 3.32500 0.70000 9.94957 0.10145 13
-0.74782 -0.19916 54.18528 0 6.02500 22.12500 43.69372 0.12735 -13
1.85323 -0.02699 31.41424 0 0.77500 -56.05000 14.92208 0.21207 13
-1.32788 -0.04433 65.74201 0 1.35000 39.05000 39.57321 0.16745 -13
0.95523 0.01167 91.55298 0 -0.35000 -29.17500 66.20452 0.13927 -13
-0.61022 -0.06383 93.72262 0 1.92500 17.72500 80.04768 0.11814 13
-0.05231 -0.12422 90.96250 0 3.75000 1.60000 90.84010 0.10161 -13
-1.07842 0.14675 63.94802 0 -4.42500 30.47500 43.73033 0.14883 -13
-1.10040 -0.25213 63.94802 0 7.62500 31.15000 43.73033 0.15188 -13
-0.27969 0.14455 46.11906 0 -4.37500 9.47500 44.44764 0.10558 13
-0.28562 -0.25446 46.11906 0 7.67500 9.65000 44.44764 0.10781 13
0.40532 0.12107 47.08834 0 -3.65000 -12.00000 43.68447 0.10934 -13
0.41777 -0.27912 47.08834 0 8.42500 -12.37500 43.68447 0.11271 -13
-1.55320 0.11439 91.19155 0 -3.45000 49.60000 49.59183 0.18639 13
-0.63700 -0.05321 22.99071 0 1.62500 20.00000 19.39846 0.11953 -13
0.47060 -0.18035 49.11827 0 5.45000 -12.60000 44.57039 0.11278 -13
-1.00729 -0.14240 56.34208 0 4.27500 31.30000 39.89542 0.14364 13
-0.13443 0.08553 80.64943 0 -2.57500 5.22500 79.93565 0.10198 13
0.84721 0.06295 67.37792 0 -1.90000 -23.47500 51.45051 0.13214 13
-0.43720 0.05075 8.83514 0 -1.60000 14.82500 8.09684 0.11004 13
-0.61830 -0.21301 70.17858 0 6.42500 18.97500 60.05188 0.12032 13
1.64814 0.14011 65.00165 0 -4.22500 -48.82500 33.95797 0.19464 -13
1.68608 -0.25907 65.00165 0 7.82500 -50.00000 33.95797 0.19915 -13
0.09405 0.12305 75.41745 0 -3.72500 -2.42500 75.09103 0.10191 13
0.09687 -0.27706 75.41745 0 8.35000 -2.50000 75.09103 0.10495 13
-0.23816 0.08637 36.69548 0 -2.62500 4.82500 35.70408 0.10389 13
-1.82878 0.02089 41.08505 0 -0.60000 52.55000 19.71476 0.20990 -13
0.40908 0.03865 65.56844 0 -1.15000 -12.45000 60.69336 0.10887 -13
-0.32502 -0.02415 71.62123 0 0.72500 7.12500 68.11565 0.10592 -13
-0.93416 -0.14433 23.65521 0 4.37500 27.07500 17.36937 0.13858 -13
-0.92629 -0.19463 77.32520 0 5.87500 27.75000 57.21186 0.13865 13
-0.11045 0.09224 90.92271 0 -2.77500 0.95000 90.37775 0.10174 -13
-0.10412 0.14286 69.01362 0 -4.30000 3.82500 68.64985 0.10226 -13
-0.10639 -0.25618 69.01362 0 7.72500 3.90000 68.64985 0.10451 -13
-0.97122 -0.13702 35.98566 0 4.12500 30.92500 25.93034 0.14104 13
0.44938 -0.01213 34.25546 0 0.37500 -14.00000 31.24604 0.11041 -13
1.51457 -0.10432 27.98246 0 3.17500 -43.45000 15.47628 0.18308 -13
0.62381 -0.07937 7.64148 0 2.47500 -20.62500 6.48929 0.11899 -13
1.33706 -0.10389 8.83989 0 3.05000 -38.10000 5.31285 0.16842 13
0.54493 0.05964 33.59457 0 -1.77500 -19.45000 29.51107 0.11484 -13
0.36165 0.12454 84.18866 0 -3.77500 -12.80000 79.24003 0.10782 13
0.37226 -0.27548 84.18866 0 8.30000 -13.12500 79.24003 0.11097 13
0.01640 0.12565 27.29302 0 -3.77500 -2.60000 27.28941 0.10151 -13
0.01687 -0.27424 27.29302 0 8.30000 -2.62500 27.28941 0.10446 -13
-1.57517 -0.22960 33.99831 0 6.95000 45.42500 18.55632 0.18935 -13
1.11160 -0.10966 11.25483 0 3.37500 -34.05000 7.55187 0.15102 -13
0.52426 -0.01646 42.90964 0 0.47500 -14.20000 38.00492 0.11372 13
-0.59836 -0.06455 97.80771 0 1.95000 16.92500 83.97658 0.11753 13
-0.01792 -0.19156 30.60908 0 5.75000 2.70000 30.60434 0.10254 13
-0.09371 0.06013 9.40270 0 -1.75000 3.80000 9.36182 0.10132 -13
0.33345 0.04803 70.83528 0 -1.45000 -8.15000 67.20524 0.10627 -13
1.46084 -0.24657 95.80893 0 7.42500 -44.50000 55.20741 0.17998 13
-0.82786 -0.20897 52.56872 0 6.30000 27.50000 40.84209 0.13240 13
-1.50870 -0.02847 72.78965 0 0.85000 45.07500 40.22655 0.18229 13
-1.84996 -0.09842 73.75966 0 2.95000 56.30000 35.20512 0.21200 13
0.56805 -0.18022 96.42359 0 5.45000 -17.95000 84.16460 0.11723 -13
-1.10965 0.09625 97.22866 0 -2.90000 30.87500 65.25541 0.15074 13
-1.88658 0.01151 62.19703 0 -0.37500 59.12500 29.13042 0.21504 13
-0.21054 -0.13038 93.21676 0 3.92500 4.15000 91.24933 0.10374 13
1.80113 -0.15889 22.46117 0 4.75000 -54.20000 11.00601 0.20805 13
-1.81596 -0.18561 9.01267 0 5.72500 52.07500 4.40377 0.20978 -13
-0.39164 -0.10813 17.88785 0 3.22500 12.82500 16.66889 0.10868 13
0.51014 -0.15948 52.10278 0 4.82500 -15.30000 46.53192 0.11419 -13
0.78461 -0.24608 76.11103 0 7.42500 -25.60000 60.54188 0.13037 13
-0.78038 0.04357 98.43618 0 -1.32500 25.65000 77.63082 0.12782 13
0.58619 -0.19496 88.77081 0 5.90000 -18.00000 76.94411 0.11837 -13
0.27940 -0.13547 90.53020 0 4.07500 -8.30000 87.24758 0.10545 13
-0.39892 0.04479 69.48522 0 -1.35000 11.47500 64.54825 0.10851 -13
1.66825 -0.06486 1.52876 0 2.57500 -50.65000 0.78803 0.19655 -13
-0.02910 -0.23390 78.11754 0 7.05000 -0.57500 78.08620 0.10346 13
0.10134 -0.14474 25.71625 0 4.35000 -3.15000 25.58789 0.10225 13
1.61930 -0.05242 36.24167 0 1.55000 -48.35000 19.06196 0.19173 13
-0.94153 -0.18017 92.19863 0 5.42500 26.62500 67.62892 0.13950 13
-2.12574 -0.06408 65.61736 0 1.95000 64.40000 27.97811 0.23668 -13
-0.46441 0.03042 68.61328 0 -0.92500 12.67500 62.23504 0.11108 13
1.47699 -0.08442 54.42747 0 2.57500 -42.82500 30.58789 0.17983 -13
-0.04288 -0.23373 58.67425 0 7.05000 1.50000 58.62316 0.10350 13
-1.07869 -0.10706 41.43857 0 3.20000 30.82500 28.25792 0.14851 13
-0.64130 0.14839 88.24994 0 -4.47500 20.00000 74.52101 0.12056 -13
-0.65394 -0.25043 88.24994 0 7.55000 20.40000 74.52101 0.12294 -13
0.17434 -0.12979 17.73217 0 3.95000 -6.85000 17.47296 0.10307 -13
-0.38112 -0.17761 59.41456 0 5.37500 10.60000 55.62698 0.10925 -13
-0.10143 -0.05995 88.03215 0 1.80000 2.12500 87.58438 0.10140 13
0.95638 0.01081 28.98258 0 -0.30000 -30.15000 20.94636 0.13935 -13
2.10101 -0.06653 61.54310 0 2.02500 -62.60000 26.49696 0.23442 -13
-0.85956 0.11742 54.22900 0 -3.55000 27.35000 41.24388 0.13332 13
1.24351 -0.20423 30.98157 0 6.17500 -37.85000 19.65592 0.16203 -13
0.17447 0.03448 19.37081 0 -1.07500 -6.60000 19.08293 0.10229 13
0.33024 -0.07608 71.95148 0 2.30000 -8.40000 68.34173 0.10633 -13
1.97111 0.02833 71.85350 0 -0.87500 -59.72500 32.51945 0.22261 13
0.49906 0.08021 19.44925 0 -2.40000 -15.40000 17.41338 0.11283 -13
0.85903 -0.11721 45.58665 0 3.55000 -23.07500 34.67957 0.13329 -13
0.02196 0.07433 24.75644 0 -2.22500 -2.70000 24.75050 0.10100 -13
-0.05336 -0.03309 87.70475 0 1.00000 1.27500 87.58032 0.10090 13
-0.88450 0.09009 53.98818 0 -2.70000 26.47500 40.51114 0.13474 -13
-1.21895 0.09583 19.63578 0 -2.92500 35.60000 12.48790 0.15910 13
-0.39162 0.04351 86.61155 0 -1.30000 12.67500 80.65796 0.10824 -13
-0.07985 -0.23392 66.93917 0 7.07500 0.65000 66.73775 0.10374 -13
1.26273 0.06090 28.49034 0 -1.87500 -40.45000 17.70717 0.16234 13
0.01589 -0.17005 60.57761 0 5.12500 -0.30000 60.57017 0.10217 -13
-0.03251 -0.22710 13.55938 0 6.90000 -0.40000 13.55255 0.10335 -13
2.15558 0.11234 65.47451 0 -3.37500 -62.85000 27.69637 0.23954 -13
-0.08663 -0.17328 30.44699 0 5.20000 1.92500 30.33668 0.10257 13
-0.77935 -0.05900 90.04945 0 1.77500 20.72500 71.07291 0.12781 13
0.41196 -0.24293 96.46041 0 7.32500 -11.35000 89.55147 0.11163 -13
1.33555 0.05368 92.28417 0 -1.62500 -39.37500 55.36275 0.16810 13
-0.59313 -0.03180 59.37865 0 0.95000 15.95000 51.07765 0.11713 13
-0.30369 0.03849 34.30748 0 -1.15000 10.37500 32.82911 0.10531 -13
-0.05708 -0.21937 64.33409 0 6.62500 0.47500 64.23431 0.10326 -13
1.41104 -0.24253 62.38303 0 7.32500 -42.22500 36.75722 0.17589 -13
-1.54461 -0.16333 23.03818 0 4.97500 48.95000 12.63652 0.18607 -13
0.82196 -0.12559 4.89597 0 3.92500 -25.82500 3.79363 0.13109 -13
0.73789 -0.05188 78.23786 0 1.57500 -20.15000 62.98382 0.12526 -13
-0.97003 0.01354 91.93926 0 -0.40000 29.22500 65.99531 0.14030 -13
-0.67841 0.13558 68.16468 0 -4.07500 21.30000 56.57023 0.12245 -13
-0.69526 -0.26380 68.16468 0 7.97500 21.80000 56.57023 0.12550 -13
0.01846 0.11664 6.31780 0 -3.60000 -2.85000 6.31673 0.10145 13
0.01910 -0.28407 6.31780 0 8.47500 -2.87500 6.31673 0.10464 13
-1.32188 0.02042 95.06601 0 -0.60000 39.00000 57.36179 0.16674 -13
-1.32188 0.02042 95.06601 0 -0.60000 39.02500 57.36179 0.16693 -13
1.56320 0.01907 69.66535 0 -0.60000 -46.12500 37.54608 0.18688 13
-0.71461 -0.05930 8.67423 0 1.85000 23.77500 7.06149 0.12395 -13
-0.47729 -0.07507 64.31555 0 2.27500 15.40000 58.07315 0.11184 -13
-0.12742 -0.23502 93.63110 0 7.07500 5.82500 92.91904 0.10423 13
-0.14165 -0.16443 13.13931 0 4.92500 3.95000 13.01276 0.10303 13
-0.08008 -0.05331 1.82178 0 1.35000 3.55000 1.81597 0.10130 13
1.10147 0.06801 24.19167 0 -2.02500 -35.40000 16.28184 0.14996 -13
-0.60820 -0.05966 6.37079 0 1.70000 18.77500 5.44562 0.11802 13
-0.60425 -0.14482 97.03328 0 4.37500 20.27500 83.27875 0.11856 -13
-1.17235 0.12316 6.20271 0 -3.60000 36.25000 4.04266 0.15562 -13
-1.20719 -0.27660 6.20271 0 8.47500 37.35000 4.04266 0.16052 -13
1.18077 0.13865 4.78529 0 -4.35000 -38.05000 3.11033 0.15657 13
1.20905 -0.26078 4.78529 0 7.70000 -38.82500 3.11033 0.15993 13
0.36638 0.02353 56.39222 0 -0.70000 -9.97500 52.95192 0.10728 -13
0.62361 -0.09012 55.08083 0 2.70000 -20.32500 46.79077 0.11902 13
0.04070 -0.15359 80.66391 0 4.62500 -2.60000 80.59869 0.10197 13
1.32326 -0.17795 51.70357 0 5.35000 -41.67500 31.48310 0.16796 13
-1.66927 0.03871 99.07221 0 -1.15000 50.27500 50.94157 0.19599 -13
0.30489 -0.13707 75.02143 0 4.15000 -12.32500 71.81675 0.10618 -13
-1.03932 0.00561 14.25704 0 -0.22500 31.37500 9.88520 0.14525 13
-2.15307 0.10218 19.98856 0 -3.15000 64.50000 8.45567 0.23935 13
-0.44606 -0.22325 9.52739 0 6.80000 13.37500 8.73549 0.11259 -13
-0.25426 -0.03795 58.39776 0 1.15000 6.87500 56.59958 0.10398 -13
-0.23411 0.01373 32.59363 0 -0.42500 7.45000 31.73569 0.10344 13
-0.09925 0.05361 69.63653 0 -1.60000 1.92500 69.29711 0.10134 -13
0.13653 0.04484 1.18504 0 -1.77500 -5.50000 1.17407 0.10222 13
0.36052 -0.06350 63.78567 0 1.90000 -11.52500 60.01888 0.10724 13
0.27049 -0.17893 14.24079 0 5.35000 -7.47500 13.76144 0.10585 13
-1.13578 0.12619 53.11236 0 -3.80000 33.10000 35.25343 0.15291 -13
-1.16830 -0.27373 53.11236 0 8.27500 34.07500 35.25343 0.15732 -13
0.32776 -0.00180 3.79497 0 0.17500 -9.47500 3.60617 0.10601 -13
-0.21140 0.05279 24.88165 0 -1.57500 6.90000 24.34506 0.10306 -13
0.08683 -0.13794 36.95982 0 4.15000 -1.27500 36.82384 0.10203 13
-0.47306 -0.24208 73.93777 0 7.30000 14.67500 67.17717 0.11405 -13
-1.81394 -0.22562 62.22796 0 6.82500 54.35000 30.61711 0.20985 -13
1.31621 0.03040 98.84274 0 -0.90000 -43.62500 59.81346 0.16649 -13
-1.39017 -0.10523 26.93942 0 3.15000 41.75000 15.78838 0.17276 13
-0.10954 0.13838 9.25877 0 -4.12500 4.22500 9.20473 0.10224 -13
-0.11221 -0.26076 9.25877 0 7.92500 4.30000 9.20473 0.10473 -13
-0.20020 0.14179 70.45155 0 -4.27500 7.22500 69.10690 0.10369 -13
-0.20467 -0.25729 70.45155 0 7.77500 7.35000 69.10690 0.10601 -13
0.53707 0.09027 10.41287 0 -2.67500 -15.45000 9.18173 0.11466 -13
-0.08467 0.10907 93.32757 0 -3.27500 5.00000 92.99868 0.10166 -13
1.17939 0.04148 74.16538 0 -1.25000 -33.62500 47.98811 0.15577 -13
-1.10687 -0.15503 41.30777 0 4.65000 32.50000 27.87318 0.15101 13
-1.29920 -0.17711 73.97300 0 5.35000 36.40000 45.55618 0.16608 -13
-1.49187 0.02023 17.28786 0 -0.57500 43.57500 9.62778 0.18086 -13
-1.15759 -0.05634 57.49354 0 1.72500 36.52500 37.61914 0.15416 -13
-0.80409 0.06076 22.27921 0 -1.80000 22.57500 17.37504 0.12936 -13
0.34602 -0.07851 26.58706 0 2.35000 -11.15000 25.13354 0.10685 13
0.26634 0.05205 8.78587 0 -1.52500 -9.25000 8.49061 0.10434 -13
1.75817 -0.21621 87.06888 0 6.52500 -51.52500 43.79138 0.20486 -13
-1.88324 -0.19246 22.31336 0 5.75000 57.47500 10.61357 0.21555 13
1.04976 -0.04238 27.95803 0 1.25000 -29.95000 19.29293 0.14606 13
-0.94789 0.00894 40.95666 0 -0.27500 30.02500 29.72545 0.13876 13
1.49033 -0.11306 92.78623 0 3.42500 -46.47500 51.92549 0.18111 -13
-2.01347 -0.21380 77.84096 0 6.47500 59.97500 35.24858 0.22743 -13
-0.91791 -0.05481 89.30330 0 1.65000 29.97500 65.83521 0.13680 13
-1.87719 0.01802 19.78553 0 -0.50000 57.62500 9.30391 0.21418 -13
-0.01732 -0.05027 21.05150 0 1.55000 2.35000 21.04835 0.10085 -13
-1.86324 -0.15998 14.69265 0 4.75000 58.42500 7.01631 0.21349 13
1.71673 0.00236 23.34886 0 -0.02500 -51.47500 11.75268 0.20007 -13
0.45569 -0.24886 82.60684 0 7.52500 -13.05000 75.54998 0.11347 -13
-1.71739 0.12602 6.72477 0 -3.65000 49.92500 3.40443 0.20040 -13
-1.76673 -0.27368 6.72477 0 8.42500 51.52500 3.40443 0.20656 -13
-0.06456 -0.03667 63.65503 0 1.12500 3.90000 63.52291 0.10098 -13
1.77557 -0.00210 59.72600 0 0.05000 -54.17500 29.30883 0.20521 13
-0.00524 -0.11691 29.26040 0 3.50000 1.50000 29.26000 0.10128 13
-1.03302 0.28904 29.26040 0 3.50000 1.52500 29.26000 0.10147 13
1.42022 -0.60997 29.26040 0 5.02500 4.65000 29.26000 0.11845 13
19.86000 -14.21546 29.26040 0 3.05000 8.17500 29.26000 0.14583 13
0.75331 1.23261 29.26040 0 1.90000 9.00000 29.26000 0.17430 13
5.99859 3.96073 29.26040 0 1.82500 9.00000 29.26000 0.17514 13
-0.60226 -0.24633 48.77389 0 7.45000 16.50000 42.10303 0.12015 -13
-1.58816 -0.19013 67.12887 0 5.72500 47.95000 36.22385 0.18995 13
-1.06917 -0.01842 90.75603 0 0.55000 29.05000 62.00009 0.14743 13
-0.45691 0.04231 12.85831 0 -1.22500 12.87500 11.69718 0.11079 -13
0.56492 0.09290 9.47949 0 -2.75000 -18.57500 8.26248 0.11603 -13
0.88729 -0.08951 14.95546 0 2.75000 -28.42500 11.20662 0.13495 -13
1.51828 -0.18360 38.84786 0 5.57500 -46.10000 21.61543 0.18404 -13
0.33346 0.00546 56.49053 0 -0.17500 -10.82500 53.58961 0.10616 13
0.90785 -0.07492 93.45962 0 2.27500 -27.57500 69.28486 0.13623 -13
0.05060 -0.11016 53.89895 0 3.32500 -1.77500 53.83092 0.10144 -13
0.71123 -0.06256 99.08907 0 1.90000 -20.35000 80.80168 0.12374 -13
-1.87698 -0.22078 1.26389 0 5.80000 54.77500 0.60638 0.21452 13
1.01211 0.14232 56.40891 0 -4.27500 -31.77500 39.84694 0.14399 -13
1.03454 -0.25674 56.40891 0 7.75000 -32.45000 39.84694 0.14720 -13
-0.08033 0.12482 96.15252 0 -3.77500 3.15000 95.84845 0.10181 13
-0.08270 -0.27519 96.15252 0 8.30000 3.22500 95.84845 0.10477 13
-0.00575 0.06547 58.87988 0 -1.97500 1.60000 58.87893 0.10092 13
1.50042 0.00570 64.50304 0 -0.15000 -43.60000 35.77323 0.18158 -13
-0.15059 -0.20533 89.61576 0 6.20000 2.25000 88.65638 0.10392 -13
-0.55791 -0.15116 64.40849 0 4.55000 14.15000 56.39641 0.11631 13
-0.67097 0.14339 76.55456 0 -4.32500 21.47500 63.77024 0.12212 -13
-0.68553 -0.25562 76.55456 0 7.72500 21.92500 63.77024 0.12479 -13
-1.51379 0.11908 54.63718 0 -3.57500 47.57500 30.26284 0.18309 -13
-1.56145 -0.28121 54.63718 0 8.50000 49.00000 30.26284 0.18874 -13
-1.15815 -0.04815 42.17256 0 1.47500 34.25000 27.57960 0.15417 -13
-0.01949 -0.15563 92.86922 0 4.70000 0.57500 92.85201 0.10193 13
0.01137 -0.15571 39.22305 0 4.70000 -0.02500 39.22057 0.10193 -13
0.56171 0.02783 90.82083 0 -0.85000 -17.50000 79.19115 0.11554 13
0.49379 -0.14809 48.56718 0 4.45000 -16.30000 43.63930 0.11329 13
1.04660 0.03056 56.65171 0 -0.90000 -27.30000 39.14575 0.14580 -13
0.44671 0.10375 14.78111 0 -3.10000 -13.90000 13.50777 0.11077 -13
0.64814 0.06341 63.98297 0 -1.90000 -19.92500 53.72404 0.12017 -13
-0.05710 -0.20956 73.17387 0 6.32500 3.47500 73.05990 0.10305 13
-1.54430 -0.16321 83.38433 0 4.92500 45.42500 45.74267 0.18601 -13
-0.95558 0.00723 35.44959 0 -0.22500 27.72500 25.62965 0.13929 13
-0.43594 -0.02559 93.76936 0 0.77500 12.00000 85.96143 0.10988 13
0.98221 -0.02936 35.36585 0 0.90000 -28.30000 25.23624 0.14119 -13
0.08038 -0.03936 94.07217 0 1.20000 -2.97500 93.77024 0.10111 -13
1.06117 0.10661 16.97543 0 -3.25000 -30.12500 11.67683 0.14725 13
-0.66342 -0.15870 23.98849 0 4.77500 22.65000 20.06499 0.12189 13
-0.63733 -0.18074 43.60059 0 5.47500 18.20000 36.93683 0.12081 -13
0.52863 -0.01931 92.27281 0 0.57500 -17.17500 81.57912 0.11392 13
-0.17926 -0.18507 97.23587 0 5.57500 3.42500 95.75958 0.10399 -13
-0.04566 0.06577 84.86045 0 -2.00000 2.02500 84.77249 0.10103 13
-0.45760 -0.10934 65.33484 0 3.30000 13.35000 59.47077 0.11129 13
0.52008 0.03825 78.93467 0 -1.15000 -14.60000 70.04061 0.11357 13
0.70206 0.05053 75.59704 0 -1.52500 -19.32500 61.89787 0.12314 -13
0.11935 -0.02297 61.20716 0 0.70000 -2.92500 60.77604 0.10145 -13
-0.66871 -0.15622 93.14256 0 4.72500 20.70000 77.71374 0.12217 -13
-1.00068 -0.11711 86.99667 0 3.55000 31.87500 61.70347 0.14296 -13
1.08111 0.03995 42.96621 0 -1.22500 -33.12500 29.18800 0.14837 13
-0.72366 0.10813 60.33940 0 -3.25000 19.55000 48.98022 0.12478 -13
1.66809 -0.10191 69.73035 0 3.05000 -53.55000 35.99053 0.19611 13
-1.95634 0.14775 1.05835 0 -3.42500 59.95000 0.48616 0.22177 -13
1.30096 0.13675 73.84772 0 -4.12500 -37.70000 45.26792 0.16582 13
1.33269 -0.26262 73.84772 0 7.90000 -38.65000 45.26792 0.16983 13
-0.00195 -0.06471 21.93061 0 1.92500 -0.40000 21.93057 0.10091 13
1.54630 -0.21739 12.18747 0 6.65000 -47.85000 6.72587 0.18687 -13
-1.06579 -0.08983 90.87362 0 2.70000 32.85000 62.31198 0.14744 13
-1.89987 -0.14259 53.60478 0 4.27500 57.82500 25.16361 0.21667 13
-0.11426 0.06961 1.40475 0 -1.75000 3.40000 1.39568 0.10182 -13
1.04790 0.09624 18.94930 0 -2.87500 -30.62500 13.11446 0.14616 -13
0.19843 0.02156 20.65826 0 -0.67500 -6.05000 20.26341 0.10269 13
-0.69863 -0.06212 18.29200 0 1.85000 21.77500 15.00475 0.12300 13
0.64831 -0.10683 35.59663 0 3.20000 -21.27500 29.91883 0.12049 13
2.06667 -0.16508 30.64386 0 5.02500 -60.25000 13.49302 0.23185 -13
0.49649 0.10971 99.48764 0 -3.32500 -16.00000 89.21401 0.11298 13
-0.49110 0.09910 90.36305 0 -3.00000 13.90000 81.18684 0.11264 13
-1.76209 0.13585 31.76367 0 -4.07500 53.92500 15.78571 0.20447 -13
-1.80572 -0.26352 31.76367 0 7.97500 55.25000 15.78571 0.20961 -13
-0.91012 0.08570 65.94600 0 -2.57500 26.85000 48.85202 0.13643 -13
0.67078 -0.11538 48.39782 0 3.50000 -19.72500 40.27616 0.12182 -13
0.30644 -0.08739 9.47151 0 2.70000 -11.17500 9.05921 0.10571 -13
-0.02366 -0.06643 25.19462 0 2.02500 1.02500 25.18760 0.10096 -13
0.72877 -0.00126 3.70971 0 -0.12500 -22.40000 2.99804 0.12466 13
0.67094 -0.08215 11.11105 0 2.52500 -20.05000 9.23602 0.12158 -13
-1.46577 -0.16301 87.42141 0 4.92500 42.05000 49.70904 0.17945 -13
-0.62505 -0.20536 94.50419 0 6.20000 17.60000 80.59750 0.12055 -13
0.12091 -0.22147 12.49306 0 6.65000 -3.22500 12.40685 0.10383 13
0.56939 -0.07213 44.21021 0 2.17500 -17.07500 38.44332 0.11611 13
-0.60548 -0.14908 13.76610 0 4.55000 18.65000 11.81041 0.11870 -13
-1.36315 0.04864 15.67445 0 -1.42500 40.32500 9.27875 0.17031 -13
0.37764 -0.02295 25.38932 0 0.67500 -11.60000 23.75299 0.10767 13
1.48868 -0.08163 65.81097 0 2.47500 -43.55000 36.78010 0.18079 -13
0.46177 -0.08449 78.82502 0 2.55000 -13.77500 71.60788 0.11125 -13
1.02128 -0.18638 95.61962 0 5.62500 -29.95000 67.47805 0.14516 -13
0.33545 -0.04452 11.67941 0 1.30000 -11.45000 11.07419 0.10631 13
-0.37625 0.08871 16.63339 0 -2.65000 11.75000 15.57541 0.10796 -13
-0.44676 -0.12638 68.45869 0 3.82500 13.27500 62.58605 0.11103 -13
0.56975 0.12666 69.61986 0 -3.82500 -18.22500 60.60791 0.11661 13
0.58596 -0.27324 69.61986 0 8.22500 -18.72500 60.60791 0.11991 13
-0.64464 0.14713 40.13021 0 -4.45000 20.47500 33.83510 0.12073 13
-0.65769 -0.25178 40.13021 0 7.57500 20.87500 33.83510 0.12315 13
-0.98235 -0.05924 66.75917 0 1.80000 28.12500 47.66522 0.14129 -13
-1.66158 -0.14414 49.48341 0 4.37500 47.22500 25.70944 0.19585 -13
1.18765 0.01622 21.51102 0 -0.45000 -36.20000 13.85603 0.15636 -13
0.60029 -0.07623 59.59905 0 2.30000 -17.62500 51.13821 0.11770 13
-0.43904 0.10485 16.85188 0 -3.12500 14.77500 15.44398 0.11047 -13
-1.47052 0.08769 84.54836 0 -2.65000 43.70000 47.66825 0.17931 13
-0.39285 -0.18259 68.37223 0 5.50000 10.35000 63.77542 0.10974 13
-1.02700 0.12987 99.12226 0 -3.92500 31.32500 69.44566 0.14495 13
-1.05488 -0.26983 99.12226 0 8.12500 32.17500 69.44566 0.14887 13
-0.30763 -0.26200 1.45959 0 7.52500 10.35000 1.39887 0.10857 13
2.10152 -0.19100 67.60478 0 5.77500 -63.52500 29.47415 0.23518 -13
0.82382 -0.17027 83.03703 0 5.12500 -23.72500 64.45824 0.13159 13
-1.79540 0.13558 80.72979 0 -4.10000 52.97500 39.55591 0.20741 13
-1.84000 -0.26387 80.72979 0 7.95000 54.30000 39.55591 0.21254 13
-0.29781 0.08854 82.11730 0 -2.67500 8.85000 78.72657 0.10545 -13
-0.58371 -0.23440 68.76838 0 7.05000 17.12500 59.78796 0.11895 13
-0.09131 0.06755 42.96104 0 -2.05000 3.10000 42.78386 0.10135 13
0.00475 -0.01475 86.33183 0 0.45000 -0.55000 86.33085 0.10071 -13
1.51952 -0.06365 58.22887 0 1.90000 -47.07500 32.05596 0.18329 13
0.40755 -0.13092 14.72239 0 3.92500 -11.65000 13.64995 0.10953 13
-1.19650 -0.18302 54.28439 0 5.52500 35.87500 35.15060 0.15812 -13
0.29219 0.02200 19.58563 0 -0.70000 -9.05000 18.79983 0.10495 13
-0.33489 0.07725 13.10041 0 -2.30000 9.95000 12.42589 0.10648 -13
1.39687 0.11026 47.30737 0 -3.35000 -41.52500 27.64781 0.17337 13
1.46553 -0.22145 92.99037 0 6.70000 -43.90000 53.26926 0.18006 -13
-0.23791 -0.10795 32.98468 0 3.25000 6.95000 32.09906 0.10408 13
-1.82909 0.14176 15.72924 0 -4.35000 55.07500 7.60386 0.21046 13
-1.86994 -0.25724 15.72924 0 7.70000 56.25000 7.60386 0.21499 13
-0.70787 -1.92801 15.72924 0 7.90000 56.22500 7.60386 0.21531 13
