0.77033 -0.04845 9.04796 0 1.40000 -23.67500 7.17092 0.12721 13
-1.66538 0.12492 1.88558 0 -4.27500 53.30000 0.97637 0.19674 13
-1.71174 -0.27503 1.88558 0 7.77500 54.42500 0.97637 0.20116 13
0.71402 0.11264 68.01701 0 -3.40000 -20.65000 55.47169 0.12426 -13
-0.21101 0.06510 62.20695 0 -1.95000 6.90000 60.87220 0.10313 -13
-0.75580 0.05165 98.31134 0 -1.57500 22.35000 78.46803 0.12634 13
-0.08286 0.01995 54.98918 0 -0.60000 3.90000 54.80145 0.10107 13
-0.63883 0.14432 36.22624 0 -4.37500 22.47500 30.61892 0.12039 13
-0.65248 -0.25469 36.22624 0 7.67500 22.90000 30.61892 0.12293 13
1.66453 -0.17258 91.11622 0 5.20000 -45.67500 47.42997 0.19631 13
-0.39399 -0.14649 11.58759 0 4.47500 9.92500 10.79641 0.10926 -13
0.10886 0.14027 40.40061 0 -4.22500 -3.07500 40.16780 0.10227 -13
0.11135 -0.25888 40.40061 0 7.82500 -3.15000 40.16780 0.10464 -13
0.84300 -0.06197 34.30083 0 1.87500 -25.20000 26.24623 0.13186 -13
0.27232 -0.20493 95.27554 0 6.17500 -9.50000 92.05616 0.10639 -13
-0.43384 -0.03926 87.29435 0 1.20000 14.17500 80.09226 0.10984 -13
0.83842 0.06687 49.43791 0 -2.00000 -23.52500 37.91918 0.13158 -13
-1.12897 0.03357 22.40082 0 -1.05000 34.42500 14.85763 0.15192 13
0.77262 -0.01490 31.40877 0 0.47500 -25.47500 24.85552 0.12727 -13
-0.20248 -0.10023 10.82800 0 3.07500 6.30000 10.61465 0.10326 -13
-0.62517 -0.17085 22.47022 0 5.12500 19.07500 19.12989 0.11998 13
-1.10842 -0.10324 4.99588 0 2.97500 32.65000 3.35497 0.15072 13
-0.78334 0.01331 58.93178 0 -0.40000 21.90000 46.39433 0.12793 13
-0.26599 -0.01171 98.23774 0 0.35000 8.02500 94.93692 0.10421 13
-0.90939 -0.18134 14.98387 0 5.52500 27.02500 11.16626 0.13738 -13
-0.27359 0.09205 61.98164 0 -2.77500 6.72500 59.80206 0.10482 13
0.27053 -0.20905 18.03558 0 6.32500 -7.72500 17.43446 0.10645 -13
-0.98381 -0.18578 50.21885 0 5.60000 30.35000 36.09662 0.14248 13
0.09986 -0.23096 88.87871 0 6.97500 -0.40000 88.46103 0.10385 -13
0.53187 -0.05788 68.72042 0 1.75000 -14.72500 60.69495 0.11421 13
0.37038 0.00126 68.78028 0 -0.05000 -11.60000 64.49828 0.10739 13
-0.69274 -0.13485 46.33546 0 4.05000 20.80000 38.20006 0.12324 13
-0.18369 -0.21172 14.67845 0 6.42500 3.65000 14.44706 0.10461 -13
0.44529 -0.06648 19.99162 0 2.02500 -14.37500 18.26933 0.11045 -13
0.71316 0.11616 99.29153 0 -3.50000 -21.85000 81.02176 0.12425 13
0.51442 -0.01841 45.77369 0 0.55000 -13.75000 40.70527 0.11326 13
-1.19170 0.10979 48.39637 0 -3.32500 36.82500 31.21844 0.15706 13
-0.48115 0.01538 91.27902 0 -0.45000 15.12500 82.25479 0.11176 -13
0.29210 -0.20653 60.29797 0 6.22500 -9.50000 57.97246 0.10695 13
0.32125 -0.04925 24.13212 0 1.50000 -8.77500 22.97837 0.10590 -13
0.42928 -0.01589 92.98091 0 0.47500 -13.75000 85.44292 0.10960 -13
1.99562 -0.23589 98.63404 0 7.10000 -59.42500 45.14971 0.22601 13
-0.94749 0.11991 44.19677 0 -3.60000 28.12500 32.19041 0.13924 -13
-0.97702 -0.28033 44.19677 0 8.47500 29.02500 32.19041 0.14361 -13
-1.55214 0.01242 19.47166 0 -0.32500 46.72500 10.54669 0.18594 -13
0.40627 -0.15739 72.75158 0 4.75000 -13.80000 67.51721 0.10984 13
0.95833 0.12254 98.35688 0 -3.70000 -30.50000 71.26556 0.14003 13
0.98717 -0.27760 98.35688 0 8.37500 -31.37500 71.26556 0.14423 13
0.15004 -0.03090 19.52767 0 0.95000 -1.90000 19.31175 0.10188 -13
-1.69519 0.08444 16.51425 0 -2.50000 49.95000 8.41210 0.19837 -13
-0.09569 -0.07775 64.66057 0 2.35000 1.85000 64.36827 0.10147 -13
-1.45548 -0.08482 21.24069 0 2.60000 45.97500 12.05795 0.17805 -13
-0.08829 0.04870 80.29851 0 -1.47500 2.52500 79.98811 0.10121 -13
-0.85541 -0.01630 85.78361 0 0.47500 25.10000 65.19141 0.13253 13
1.31001 -0.09783 70.71905 0 2.97500 -40.32500 43.04000 0.16627 -13
0.39596 -0.18783 29.34115 0 5.65000 -11.80000 27.34376 0.10994 13
-1.31670 0.10810 95.87753 0 -3.27500 39.07500 58.20178 0.16686 13
-0.64168 -0.00443 62.78696 0 0.12500 20.52500 52.84350 0.11965 13
-0.04018 -0.05669 57.25051 0 1.70000 1.22500 57.20450 0.10094 13
-0.40885 -0.16710 35.31766 0 5.02500 11.40000 32.75462 0.11008 13
-0.82547 -0.01156 20.96801 0 0.32500 24.92500 16.17046 0.13059 13
1.18956 -0.02616 99.76400 0 0.77500 -36.37500 64.20952 0.15652 13
-2.10805 -0.23117 38.85019 0 6.95000 60.77500 17.00641 0.23606 13
-1.25411 -0.09908 89.67524 0 2.97500 38.07500 56.07443 0.16183 13
0.08005 0.00816 76.62511 0 -0.25000 -3.95000 76.38082 0.10103 -13
-0.58273 -0.03604 47.28526 0 1.07500 17.52500 40.86143 0.11660 13
0.00624 -0.12880 11.29651 0 3.92500 -0.92500 11.29629 0.10156 -13
-0.36774 -0.10480 82.23648 0 3.17500 9.95000 77.23292 0.10782 -13
0.43661 -0.06966 73.20359 0 2.10000 -15.25000 67.11377 0.11011 -13
1.13238 -0.03285 58.14150 0 0.97500 -34.15000 38.49756 0.15217 13
1.03752 0.07107 72.38872 0 -2.15000 -30.27500 50.30043 0.14529 13
1.42074 0.04979 83.42393 0 -1.50000 -44.40000 48.05664 0.17503 -13
-0.00713 0.11427 25.91869 0 -3.47500 1.52500 25.91804 0.10137 13
0.11705 0.11920 87.93359 0 -3.60000 -2.75000 87.34559 0.10210 13
0.12073 -0.28115 87.93359 0 8.47500 -2.87500 87.34559 0.10531 13
0.37041 0.05340 24.90150 0 -1.60000 -8.00000 23.35504 0.10752 -13
-1.25392 -0.06738 49.33555 0 2.02500 35.45000 30.80378 0.16165 13
-1.44820 0.10763 86.06787 0 -3.25000 42.92500 49.09556 0.17757 13
-0.18361 -0.22296 29.39009 0 6.75000 3.95000 28.92916 0.10483 -13
0.17709 0.12572 35.87061 0 -3.77500 -4.10000 35.32926 0.10305 -13
0.18217 -0.27417 35.87061 0 8.27500 -4.25000 35.32926 0.10604 -13
-0.10388 0.14362 62.67017 0 -4.32500 3.40000 62.34143 0.10223 -13
-0.10611 -0.25538 62.67017 0 7.72500 3.47500 62.34143 0.10449 -13
0.88198 -0.24369 32.14818 0 7.32500 -26.87500 24.41174 0.13648 13
-0.53886 -0.07665 49.41131 0 2.30000 12.95000 43.52624 0.11465 13
-0.54820 0.13275 99.16587 0 -4.00000 15.40000 87.13107 0.11562 13
-0.56246 -0.26680 99.16587 0 8.05000 15.82500 87.13107 0.11861 13
-0.63664 0.07868 15.05132 0 -2.32500 19.35000 12.70834 0.11963 -13
0.45898 0.00691 80.55338 0 -0.22500 -13.35000 73.21056 0.11081 13
0.49390 -0.03934 12.28945 0 1.22500 -15.77500 11.02038 0.11240 -13
0.29125 -0.06731 74.44545 0 2.02500 -7.77500 71.48828 0.10511 13
1.03718 -0.17326 17.32992 0 5.17500 -30.62500 12.12000 0.14611 13
0.33347 -0.18250 76.79343 0 5.50000 -10.40000 72.96740 0.10773 13
-1.22110 0.00467 64.05172 0 -0.15000 37.90000 40.58248 0.15894 13
0.37395 0.09544 38.90079 0 -2.90000 -11.02500 36.45662 0.10795 13
0.67015 -0.22611 57.74202 0 6.82500 -17.85000 48.33256 0.12335 -13
0.93401 0.03026 14.46082 0 -0.87500 -29.50000 10.57022 0.13783 -13
0.29429 0.01385 76.41978 0 -0.42500 -8.55000 73.31140 0.10498 13
-0.94368 0.03218 45.99254 0 -0.97500 28.40000 33.45807 0.13850 13
-0.09776 0.13775 99.84429 0 -4.15000 4.75000 99.37932 0.10213 13
-0.10010 -0.26155 99.84429 0 7.87500 4.82500 99.37932 0.10457 13
0.93742 -0.10874 30.58035 0 3.30000 -27.90000 22.37080 0.13848 -13
-1.79980 -0.21504 71.57218 0 6.47500 53.72500 35.36361 0.20846 13
-0.79424 0.04385 5.35125 0 -1.20000 22.67500 4.19199 0.12868 -13
-0.04902 -0.00332 13.18999 0 0.12500 0.07500 13.17418 0.10083 -13
1.80359 0.06860 29.42405 0 -2.02500 -55.02500 14.29352 0.20778 -13
-1.32349 0.12256 35.06889 0 -3.67500 40.55000 21.24144 0.16749 -13
-1.36331 -0.27756 35.06889 0 8.40000 41.75000 21.24144 0.17258 -13
1.06527 0.07627 1.51286 0 -2.77500 -32.67500 1.03705 0.14789 13
-1.51896 0.03285 97.70541 0 -1.00000 47.10000 53.74616 0.18317 13
0.30303 0.14790 34.54128 0 -4.45000 -7.80000 33.08736 0.10626 -13
0.30907 -0.25092 34.54128 0 7.57500 -7.97500 33.08736 0.10839 -13
1.03502 -0.04266 99.80693 0 1.27500 -28.75000 69.38228 0.14499 13
0.63045 -0.14208 72.36819 0 4.27500 -22.50000 61.39096 0.11989 13
-1.79268 0.01019 10.61025 0 -0.22500 54.90000 5.16905 0.20672 -13
0.38437 0.08062 20.55137 0 -2.45000 -12.47500 19.19104 0.10820 13
-0.31727 -0.14048 24.22685 0 4.22500 8.07500 23.11276 0.10658 13
-0.07907 -0.12023 82.16905 0 3.62500 0.20000 81.91706 0.10174 13
-0.45392 -0.19582 19.94348 0 5.87500 15.37500 18.21806 0.11232 13
-1.76464 0.10826 79.60519 0 -3.27500 51.95000 39.42014 0.20456 13
-0.87398 -0.21980 78.05497 0 6.65000 27.62500 59.36716 0.13557 -13
-0.08012 -0.10613 1.39511 0 3.55000 2.57500 1.39073 0.10201 -13
1.89543 0.05915 22.31528 0 -1.75000 -58.92500 10.42725 0.21587 -13
0.06702 0.05079 78.50014 0 -1.52500 0.40000 78.32489 0.10106 -13
1.02735 0.01791 31.31952 0 -0.52500 -33.35000 21.84716 0.14439 -13
0.34856 -0.01139 10.69984 0 0.40000 -11.05000 10.10370 0.10666 -13
-0.02626 0.13119 69.08535 0 -3.95000 0.70000 69.06194 0.10161 13
-0.02694 -0.26845 69.08535 0 8.10000 0.72500 69.06194 0.10430 13
-0.12198 0.11392 74.53427 0 -3.45000 3.00000 73.99281 0.10210 13
0.60711 -0.16333 13.29708 0 4.87500 -21.42500 11.40614 0.11893 13
-0.57965 -0.11035 11.60777 0 3.37500 16.97500 10.05765 0.11696 -13
0.62793 -0.19093 24.03323 0 5.72500 -18.52500 20.45500 0.12044 13
0.02470 -0.11994 24.19411 0 3.65000 0.07500 24.18684 0.10146 -13
-0.95065 -0.02332 14.26785 0 0.65000 29.77500 10.34243 0.13896 13
0.50143 0.12390 41.46558 0 -3.72500 -15.15000 37.12315 0.11334 -13
0.51624 -0.27610 41.46558 0 8.35000 -15.60000 37.12315 0.11671 -13
1.13722 -0.24479 32.70454 0 7.40000 -34.97500 21.94928 0.15451 -13
0.92613 -0.15669 84.63114 0 4.72500 -26.72500 62.43909 0.13817 -13
0.65698 0.14323 94.29530 0 -4.30000 -21.07500 79.04848 0.12135 -13
0.67129 -0.25580 94.29530 0 7.72500 -21.50000 79.04848 0.12400 -13
-0.78293 -0.24104 64.16865 0 7.27500 24.97500 51.06060 0.13017 13
0.85500 -0.24580 40.34027 0 7.42500 -25.22500 31.03653 0.13480 -13
-0.51362 -0.01585 20.08573 0 0.50000 13.17500 17.86729 0.11322 -13
0.24183 -0.03882 40.78300 0 1.15000 -6.90000 39.64184 0.10368 13
-0.45606 -0.04768 22.07708 0 1.42500 15.45000 20.09058 0.11078 13
-0.77101 -0.07512 10.59456 0 2.20000 22.42500 8.39872 0.12738 13
-1.07592 -0.07050 97.57764 0 2.12500 32.27500 66.51826 0.14809 13
0.41436 0.06116 71.26144 0 -1.85000 -15.07500 65.85178 0.10918 -13
-0.69327 -0.24141 69.11650 0 7.27500 20.27500 57.31613 0.12492 13
1.40994 -0.22876 92.76208 0 6.90000 -45.22500 54.57457 0.17557 13
0.59100 -0.05976 34.55426 0 1.77500 -17.55000 29.76097 0.11713 13
-0.19195 -0.04357 90.34423 0 1.32500 6.57500 88.72737 0.10264 -13
-0.06423 0.10427 36.57373 0 -3.12500 3.15000 36.49935 0.10145 -13
-1.02702 0.04020 91.79145 0 -1.22500 27.92500 64.06179 0.14441 13
-1.53596 0.05151 2.97530 0 -1.25000 46.02500 1.62489 0.18467 -13
-1.88171 -0.03292 52.63530 0 1.02500 55.45000 24.71084 0.21462 -13
-1.98309 -0.11375 28.95029 0 3.47500 60.65000 13.10255 0.22397 -13
0.64119 -0.12129 71.91034 0 3.65000 -17.12500 60.66357 0.12024 13
0.16886 -0.23084 7.79467 0 6.90000 -6.65000 7.69118 0.10470 13
-0.04926 0.05089 49.96243 0 -1.52500 1.30000 49.90208 0.10095 -13
-1.04564 0.00120 85.32002 0 -0.05000 29.77500 58.96973 0.14570 13
0.76430 -0.03342 3.27272 0 0.82500 -21.97500 2.60091 0.12683 13
0.38275 -0.00908 52.02042 0 0.27500 -10.52500 48.58360 0.10783 -13
0.56505 0.06510 60.15873 0 -1.97500 -17.07500 52.40267 0.11585 13
1.19860 -0.23713 51.24761 0 7.15000 -36.60000 33.35843 0.15898 13
-0.70433 -0.20202 76.86503 0 6.10000 21.30000 63.25499 0.12485 -13
-1.07505 0.04854 56.46399 0 -1.45000 35.25000 38.48155 0.14793 -13
0.31259 -0.21257 12.03498 0 6.45000 -9.07500 11.50913 0.10769 -13
1.32125 -0.19729 43.30842 0 5.92500 -39.77500 26.45312 0.16802 13
2.01768 0.00962 22.27248 0 -0.35000 -60.25000 9.89136 0.22678 13
-0.92238 -0.05842 46.13493 0 1.77500 27.65000 33.93840 0.13713 -13
1.94110 0.12623 4.13583 0 -4.07500 -58.50000 1.90551 0.22063 13
1.99688 -0.27431 4.13583 0 7.97500 -59.97500 1.90551 0.22617 13
-1.03228 -0.23190 41.06784 0 6.97500 31.35000 28.95881 0.14658 13
0.85024 -0.03459 59.85155 0 1.02500 -25.67500 45.60919 0.13223 13
1.40100 -0.15451 9.12333 0 4.75000 -41.65000 5.34189 0.17413 -13
1.48796 -0.12900 49.00056 0 3.90000 -46.45000 27.48769 0.18102 -13
0.42593 -0.16319 45.14099 0 4.90000 -13.77500 41.61372 0.11068 13
-0.20225 0.02706 45.28567 0 -0.82500 8.57500 44.38750 0.10278 13
0.75741 -0.22177 83.79469 0 6.67500 -26.15000 67.37571 0.12828 13
-0.36226 -0.07330 60.97627 0 2.20000 11.47500 57.34846 0.10735 13
-0.04708 -0.24900 25.09723 0 7.50000 0.30000 25.07105 0.10387 13
-0.14072 -0.07707 49.33073 0 2.32500 2.87500 48.85216 0.10199 13
1.93331 0.14036 62.61871 0 -4.22500 -59.12500 28.99064 0.21963 -13
1.97761 -0.25880 62.61871 0 7.82500 -60.47500 28.99064 0.22471 -13
2.01284 -0.16397 40.44605 0 4.97500 -60.12500 18.18710 0.22697 -13
-0.42847 0.06605 92.94680 0 -2.00000 10.35000 85.46372 0.10976 13
0.27572 -0.08225 53.44294 0 2.47500 -5.30000 51.53270 0.10478 13
1.49163 0.10323 58.69825 0 -3.10000 -43.50000 32.80530 0.18114 -13
0.27322 -0.01525 91.31690 0 0.47500 -10.07500 88.08889 0.10441 -13
-0.41308 -0.01001 22.01751 0 0.27500 15.35000 20.34987 0.10896 13
0.73422 0.04673 52.57932 0 -1.42500 -22.82500 42.39858 0.12502 13
1.86690 -0.09673 33.88728 0 2.87500 -56.02500 16.05870 0.21348 13
0.82514 -0.22177 70.06222 0 6.70000 -24.92500 54.56145 0.13246 -13
-0.15215 -0.23293 33.39310 0 7.05000 8.02500 33.03229 0.10454 -13
0.54898 -0.15551 65.35534 0 4.67500 -13.82500 57.44734 0.11594 13
-1.24468 0.14726 52.86284 0 -4.45000 40.50000 33.32533 0.16147 13
-1.26979 -0.25163 52.86284 0 7.57500 41.25000 33.32533 0.16470 13
1.42884 0.05971 25.64603 0 -1.77500 -42.87500 14.72230 0.17573 -13
0.08868 -0.18534 56.59791 0 5.57500 -4.27500 56.38399 0.10280 13
0.51574 -0.22733 93.14523 0 6.87500 -15.40000 83.21459 0.11560 -13
-0.27553 0.05707 42.85615 0 -1.70000 9.47500 41.32113 0.10461 -13
0.93736 0.03476 52.36982 0 -1.05000 -26.70000 38.21915 0.13808 13
0.93724 -0.23052 24.25681 0 6.97500 -29.75000 17.91056 0.14000 -13
-0.96212 -0.12249 51.82493 0 3.67500 29.47500 37.47943 0.14028 13
-0.56927 0.10507 36.25443 0 -3.17500 17.42500 31.55311 0.11635 13
0.48161 -0.00955 74.87425 0 0.30000 -11.55000 67.45906 0.11178 -13
-0.91535 -0.02709 55.21119 0 0.82500 26.32500 40.73283 0.13654 -13
-1.40405 -0.10072 56.91729 0 3.05000 43.80000 33.13031 0.17389 -13
1.19404 -0.21734 89.39845 0 6.55000 -35.75000 58.17613 0.15835 13
0.22263 0.07911 39.55904 0 -2.40000 -6.70000 38.61936 0.10348 13
1.56205 -0.13067 14.08349 0 4.00000 -47.62500 7.63874 0.18730 -13
-1.96563 0.11893 25.62476 0 -3.55000 59.57500 11.68436 0.22237 -13
-1.49253 -0.10238 26.47934 0 3.12500 49.02500 14.79188 0.18123 -13
0.38506 0.09526 57.47577 0 -2.87500 -10.85000 53.66826 0.10833 -13
0.61546 0.11774 2.74982 0 -3.35000 -20.22500 2.34613 0.11884 -13
-0.17324 -0.14824 55.11681 0 4.47500 6.67500 54.32479 0.10329 -13
0.05776 0.08411 39.05931 0 -2.55000 -2.15000 38.99478 0.10123 13
0.10034 0.02724 20.83367 0 -0.80000 -1.27500 20.72966 0.10124 -13
-0.65071 0.05468 41.63371 0 -1.65000 20.80000 34.91149 0.12027 13
1.83306 -0.03058 69.40782 0 0.90000 -53.67500 33.25144 0.21030 13
-0.69147 -0.03900 91.93878 0 1.17500 21.62500 75.63917 0.12249 13
-0.36047 0.09608 54.36761 0 -2.90000 11.12500 51.17321 0.10749 13
1.39715 0.08842 97.28835 0 -2.65000 -41.25000 56.77040 0.17325 -13
-0.72672 -0.13793 97.28835 0 -2.57500 -41.30000 56.77040 0.17393 -13
0.43544 -0.12507 97.28835 0 -1.47500 -40.17500 56.77040 0.18315 -13
5.20346 -3.08483 97.28835 0 -1.50000 -40.10000 56.77040 0.18476 -13
0.15732 -0.13470 91.64023 0 4.05000 -6.85000 90.54642 0.10284 13
0.05658 0.04223 47.16817 0 -1.27500 -2.95000 47.09299 0.10095 -13
0.02226 -0.08814 43.71889 0 2.65000 2.45000 43.70815 0.10111 13
-0.21009 -0.02573 39.56341 0 0.80000 5.15000 38.71866 0.10293 -13
-1.25697 0.10427 42.97508 0 -3.17500 37.07500 26.84313 0.16211 13
-2.09832 0.12574 33.40904 0 -3.82500 62.40000 14.46486 0.23445 13
-2.15889 -0.27432 33.40904 0 8.22500 64.20000 14.46486 0.24109 13
-0.48135 0.03578 15.66608 0 -1.05000 12.20000 14.11764 0.11182 -13
-1.05740 0.05741 83.90994 0 -1.72500 31.47500 57.70595 0.14667 -13
0.25454 -0.08966 58.97976 0 2.72500 -5.77500 57.17099 0.10431 -13
-1.13661 -0.14692 15.90446 0 4.37500 34.52500 10.56860 0.15314 13
0.13401 0.09088 29.09937 0 -2.72500 0.47500 28.84366 0.10201 -13
-0.75025 -0.13387 62.02728 0 4.02500 23.90000 49.77400 0.12661 13
1.89553 -0.05352 25.29491 0 1.65000 -56.40000 11.81574 0.21591 -13
-1.63538 -0.03251 18.54475 0 1.02500 50.45000 9.67833 0.19307 -13
-1.36032 -0.23402 15.60766 0 7.00000 40.05000 9.40410 0.17158 13
0.19124 0.06073 20.99023 0 -1.80000 -5.55000 20.61783 0.10271 -13
0.54745 -0.15506 91.93517 0 4.67500 -18.42500 80.86123 0.11587 -13
0.71984 -0.23685 30.69875 0 7.12500 -22.30000 25.14387 0.12633 13
-0.53239 -0.16047 46.09123 0 4.82500 15.40000 40.79790 0.11522 13
1.03194 -0.08321 73.79670 0 2.52500 -31.45000 51.44666 0.14496 -13
-0.25559 -0.22943 60.09131 0 6.92500 9.07500 58.30915 0.10647 13
-0.86773 -0.19221 94.80405 0 5.80000 28.22500 72.15876 0.13473 -13
-0.15018 0.03411 39.40061 0 -1.05000 2.52500 38.96417 0.10189 13
-0.91829 0.14416 10.73345 0 -4.27500 29.85000 7.94221 0.13747 -13
-0.93780 -0.25471 10.73345 0 7.75000 30.47500 7.94221 0.14052 -13
1.80444 0.13930 26.84724 0 -4.17500 -53.72500 13.10962 0.20819 -13
1.84665 -0.25995 26.84724 0 7.87500 -55.02500 13.10962 0.21315 -13
1.45813 -0.23236 32.77470 0 7.02500 -47.47500 18.86879 0.17962 -13
-1.29498 0.07742 63.64515 0 -2.32500 42.20000 38.97198 0.16495 -13
0.29237 -0.02730 55.44886 0 0.82500 -7.97500 53.22250 0.10496 -13
-1.24637 -0.10038 74.81370 0 3.05000 33.27500 46.96163 0.16124 -13
0.50344 0.00768 66.06647 0 -0.22500 -17.92500 59.01059 0.11275 -13
-1.89890 -0.11121 69.98157 0 3.37500 58.95000 32.76528 0.21643 -13
0.64803 -0.16383 17.22524 0 4.97500 -20.37500 14.51158 0.12115 -13
-0.25991 -0.08309 69.52616 0 2.50000 5.10000 67.30519 0.10438 13
0.00882 -0.20627 61.22790 0 6.22500 -1.25000 61.22561 0.10283 -13
-0.88305 -0.04600 1.11871 0 1.97500 26.62500 0.83947 0.13509 -13
0.88440 -0.02461 44.46890 0 0.72500 -26.17500 33.31489 0.13446 13
-1.04976 -0.08447 58.21248 0 2.55000 30.05000 40.22587 0.14626 -13
-0.50792 -0.06139 83.61249 0 1.85000 16.17500 74.57635 0.11312 -13
-0.28880 0.13720 64.91206 0 -4.15000 9.42500 62.40777 0.10573 13
-0.29579 -0.26213 64.91206 0 7.90000 9.62500 62.40777 0.10827 13
0.15406 -0.21558 91.95202 0 6.50000 -3.12500 90.92667 0.10418 -13
-0.33377 0.14615 82.50195 0 -4.42500 8.32500 78.34017 0.10718 13
-0.34065 -0.25277 82.50195 0 7.62500 8.52500 78.34017 0.10938 13
-0.25308 0.04316 70.94899 0 -1.30000 6.32500 68.78432 0.10397 -13
-0.42230 0.11698 32.56851 0 -3.52500 13.45000 30.03381 0.10994 -13
0.23486 -0.15443 10.87719 0 4.60000 -9.12500 10.59550 0.10458 13
0.64781 0.03680 55.45425 0 -1.12500 -16.47500 46.55133 0.12004 13
-0.29884 0.04117 67.83029 0 -1.25000 10.42500 64.99482 0.10519 13
0.24854 -0.02614 6.54131 0 0.87500 -7.22500 6.34832 0.10382 -13
-1.26673 0.12164 31.61713 0 -3.70000 38.02500 19.67984 0.16299 13
-1.30530 -0.27862 31.61713 0 8.37500 39.17500 19.67984 0.16791 13
0.54240 0.09502 44.86243 0 -2.85000 -18.32500 39.47510 0.11496 -13
-0.49607 0.04076 36.50559 0 -1.22500 13.92500 32.70826 0.11249 -13
0.95316 0.04166 8.36533 0 -1.35000 -30.42500 6.05769 0.13921 13
-0.34001 0.08761 85.28020 0 -2.62500 7.02500 80.77258 0.10673 -13
-0.96794 0.01675 38.89019 0 -0.47500 28.55000 27.94547 0.14016 -13
-0.12076 0.08151 22.19007 0 -2.47500 5.77500 22.03101 0.10177 13
1.62865 0.11174 61.40390 0 -3.35000 -51.00000 32.27310 0.19278 -13
0.35611 -0.10246 48.14366 0 3.07500 -8.82500 45.38033 0.10739 13
-0.63279 0.12430 31.27008 0 -3.77500 20.20000 26.48150 0.11984 13
-0.65147 -0.27583 31.27008 0 8.30000 20.75000 26.48150 0.12333 13
1.35302 0.03372 25.41455 0 -0.97500 -38.35000 15.11135 0.16946 -13
0.82504 -0.24835 42.45574 0 7.50000 -24.20000 33.14073 0.13294 -13
-0.64256 -0.23166 25.65481 0 7.00000 20.17500 21.74539 0.12197 -13
-1.37111 -0.24462 42.07008 0 7.40000 41.22500 25.26071 0.17268 -13
0.36952 -0.01686 4.30203 0 0.37500 -11.35000 4.03548 0.10739 13
-1.54947 -0.11718 6.67914 0 3.40000 48.40000 3.64001 0.18597 13
-0.26650 0.07634 59.25882 0 -2.30000 8.55000 57.27150 0.10450 -13
-0.86990 0.02542 72.52417 0 -0.77500 25.85000 54.72583 0.13350 13
1.93624 -0.12895 72.47336 0 3.87500 -57.75000 33.47346 0.21983 13
0.19788 -0.12619 48.26488 0 3.82500 -5.07500 47.36089 0.10344 -13
0.26029 -0.14522 63.96776 0 4.37500 -6.97500 61.94577 0.10508 -13
-1.53794 0.12453 49.71886 0 -3.77500 44.10000 27.24929 0.18518 13
-1.58300 -0.27548 49.71886 0 8.30000 45.45000 27.24929 0.19056 13
0.85174 0.03316 99.93815 0 -1.00000 -24.90000 76.09865 0.13232 13
1.43344 0.83420 99.93815 0 -1.07500 -25.00000 76.09865 0.13261 13
-0.51356 -0.49435 99.93815 0 -1.45000 -28.90000 76.09865 0.15535 13
1.66851 0.69265 99.93815 0 -2.57500 -29.50000 76.09865 0.17049 13
-1.53213 -0.13682 13.45831 0 4.20000 49.15000 7.40328 0.18484 -13
-0.45292 -0.24253 91.04453 0 7.32500 13.87500 83.32952 0.11322 -13
-0.11305 0.14489 26.99187 0 -4.35000 2.32500 26.82459 0.10238 -13
-0.11545 -0.25407 26.99187 0 7.67500 2.40000 26.82459 0.10457 -13
-0.48978 -0.03954 67.61356 0 1.20000 15.00000 60.73069 0.11220 -13
-1.15819 -0.13178 74.81136 0 3.97500 36.27500 49.13194 0.15466 13
-2.12659 -0.21533 63.73437 0 6.47500 64.85000 27.62752 0.23761 13
0.28409 -0.02223 89.81531 0 0.67500 -8.90000 86.39803 0.10471 -13
-0.90133 0.05291 90.56684 0 -1.60000 30.32500 67.31523 0.13567 -13
-1.11609 -0.24073 89.37520 0 7.27500 30.92500 60.56816 0.15285 -13
0.01779 0.08797 70.37006 0 -2.65000 1.02500 70.35902 0.10111 -13
-0.82010 0.09605 22.65267 0 -2.92500 26.60000 17.54779 0.13061 13
0.23692 -0.02461 68.39879 0 0.72500 -6.35000 66.55745 0.10352 13
-0.15134 0.01365 96.11328 0 -0.40000 4.32500 95.03135 0.10186 -13
1.38806 -0.03304 18.99633 0 1.05000 -41.45000 11.10803 0.17233 -13
-1.62521 -0.02619 97.14352 0 0.80000 52.12500 50.92096 0.19218 -13
1.21536 -0.07595 20.61802 0 2.25000 -37.92500 13.12201 0.15868 13
0.62986 0.14488 24.46884 0 -4.40000 -16.82500 20.76492 0.11991 13
0.64315 -0.25411 24.46884 0 7.65000 -17.20000 20.76492 0.12241 13
-2.48704 -5.33520 24.46884 0 -4.20000 -16.67500 20.76492 0.12041 13
0.41206 1.13371 24.46884 0 -3.95000 -15.90000 20.76492 0.14201 13
-0.40134 0.87203 24.46884 0 -4.30000 -16.20000 20.76492 0.21950 13
0.15273 -0.19734 4.12868 0 5.82500 -2.95000 4.08312 0.10374 13
-1.27265 0.10281 22.98072 0 -3.12500 40.05000 14.24514 0.16334 13
-1.12829 -0.15735 87.78253 0 4.75000 33.45000 58.62211 0.15266 -13
1.00559 0.11364 28.69502 0 -3.40000 -28.42500 20.29873 0.14326 -13
-1.00195 0.12943 30.74343 0 -3.92500 28.02500 21.80739 0.14317 13
-1.02929 -0.27034 30.74343 0 8.12500 28.85000 21.80739 0.14704 13
-0.97901 -0.15812 25.84785 0 4.75000 28.15000 18.58185 0.14180 13
0.40048 0.04532 83.54027 0 -1.35000 -13.30000 77.56333 0.10857 -13
0.19843 -0.23279 53.36145 0 7.02500 -4.70000 52.39199 0.10532 -13
0.04574 0.12462 63.48337 0 -3.77500 -2.10000 63.41811 0.10159 13
0.04707 -0.27540 63.48337 0 8.30000 -2.12500 63.41811 0.10455 13
-0.27035 -0.13990 74.34566 0 4.20000 7.75000 71.81612 0.10526 13
0.33389 -0.17830 34.93765 0 5.37500 -11.80000 33.19038 0.10767 13
0.03582 0.09832 13.31325 0 -3.00000 -0.27500 13.30476 0.10127 13
-1.63590 -0.02850 22.28041 0 0.90000 46.70000 11.62323 0.19313 -13
-0.26538 -0.01610 73.89312 0 0.47500 8.12500 71.42168 0.10420 13
0.53810 0.04746 40.46508 0 -1.42500 -16.55000 35.64250 0.11446 -13
-1.07103 -0.12649 94.48707 0 3.80000 30.25000 64.75636 0.14810 13
1.69381 0.06940 22.88968 0 -2.12500 -51.17500 11.65799 0.19822 13
0.08581 0.04210 44.95879 0 -1.25000 1.05000 44.79447 0.10116 -13
-0.28598 0.14378 65.36724 0 -4.32500 8.97500 62.89596 0.10573 -13
-0.29214 -0.25521 65.36724 0 7.70000 9.17500 62.89596 0.10802 -13
0.52519 -0.05051 6.05451 0 1.42500 -17.87500 5.36174 0.11386 13
0.05756 -0.09973 15.21628 0 2.97500 -3.32500 15.19137 0.10136 13
-0.34979 -0.23377 93.58164 0 7.05000 8.90000 88.58403 0.10925 13
0.74431 -0.08292 39.86335 0 2.52500 -22.47500 32.01658 0.12582 -13
-0.21043 -0.21450 66.39377 0 6.47500 8.52500 65.03148 0.10516 -13
0.08104 -0.11625 98.78594 0 3.50000 -4.22500 98.46746 0.10171 13
-1.18922 -0.09783 22.85399 0 2.97500 35.37500 14.74981 0.15680 -13
-1.28782 0.13991 30.34605 0 -4.25000 40.25000 18.72422 0.16482 13
-1.31759 -0.25939 30.34605 0 7.80000 41.12500 18.72422 0.16857 13
0.33736 -0.12937 53.94230 0 3.90000 -10.30000 51.15507 0.10707 13
0.67117 -0.20691 38.27480 0 6.22500 -17.50000 31.98462 0.12305 13
0.86725 0.10435 54.96001 0 -3.12500 -25.95000 41.61730 0.13371 -13
0.40222 -0.03572 67.32146 0 1.07500 -13.75000 62.46419 0.10861 -13
-0.95486 0.01880 34.68863 0 -0.55000 28.15000 25.09057 0.13925 -13
-0.79293 -0.04155 51.04966 0 1.25000 22.87500 40.01414 0.12859 13
-1.06642 0.05091 5.88206 0 -1.65000 34.15000 4.02576 0.14739 13
-1.65795 0.03230 27.53744 0 -1.00000 49.27500 14.22804 0.19501 13
-0.89873 -0.19882 67.72237 0 6.00000 25.57500 50.80300 0.13688 -13
-0.42183 -0.09492 88.50133 0 2.87500 12.75000 81.59823 0.10971 -13
-1.32799 -0.03212 54.27572 0 0.97500 38.70000 32.65971 0.16744 -13
0.58339 -0.16870 44.39386 0 5.10000 -20.25000 38.48113 0.11783 -13
0.44589 -0.05917 40.79948 0 1.77500 -11.50000 37.27371 0.11042 13
0.30657 -0.16644 22.58819 0 5.00000 -9.00000 21.62107 0.10664 13
0.14203 -0.13320 12.96466 0 4.05000 -5.02500 12.83800 0.10261 -13
0.47498 -0.00131 33.14886 0 0.02500 -17.10000 29.94303 0.11149 13
-1.90549 -0.17798 68.70839 0 5.37500 55.57500 32.31896 0.21747 -13
-0.92762 0.04017 9.97806 0 -1.15000 28.30000 7.31805 0.13741 -13
0.03550 -0.15366 13.87369 0 4.60000 0.12500 13.86517 0.10193 13
0.36199 0.01741 16.17454 0 -0.50000 -10.15000 15.20890 0.10712 -13
0.00564 -0.17170 95.09028 0 5.17500 -3.15000 95.08881 0.10217 13
-9.05032 31.84880 95.09028 0 5.52500 -2.87500 95.08881 0.10663 13
-0.67223 0.28322 95.09028 0 5.02500 -1.27500 95.08881 0.12664 13
-0.31043 -0.54748 95.09028 0 5.67500 -0.75000 95.08881 0.14515 13
0.00277 -0.12774 33.19438 0 3.87500 -1.15000 33.19426 0.10153 -13
-1.08151 0.11985 67.55904 0 -3.62500 31.95000 46.04144 0.14883 13
-1.11525 -0.28045 67.55904 0 8.45000 32.97500 46.04144 0.15345 13
-0.25148 -0.06173 2.67793 0 1.67500 7.65000 2.59729 0.10407 13
-1.87011 -0.06828 90.34342 0 2.05000 58.82500 42.67721 0.21367 13
-0.94472 -0.05288 33.77562 0 1.57500 26.80000 24.56843 0.13863 13
2.15905 0.08482 21.56903 0 -2.62500 -64.10000 9.09159 0.23980 13
1.89832 -0.21870 22.20890 0 6.55000 -56.47500 10.54088 0.21711 13
0.12726 -0.12173 36.60848 0 3.67500 -1.37500 36.31970 0.10226 -13
-0.25353 -0.06421 92.18553 0 1.95000 9.80000 89.36936 0.10409 -13
-0.24703 0.09331 25.74897 0 -2.80000 7.20000 25.00391 0.10415 -13
-0.51813 0.09505 38.25409 0 -2.87500 16.22500 33.99761 0.11383 13
-2.08300 -0.08910 7.03701 0 2.52500 61.75000 3.05506 0.23280 13
-0.54118 -0.14671 49.60984 0 4.42500 14.10000 43.73470 0.11545 13
-0.34827 -0.08239 39.67565 0 2.50000 11.45000 37.48193 0.10696 -13
-0.52214 -0.15943 50.42452 0 4.80000 13.95000 44.81777 0.11473 13
0.26436 0.14299 62.44066 0 -4.32500 -7.12500 60.40641 0.10516 13
0.27014 -0.25606 62.44066 0 7.72500 -7.30000 60.40641 0.10744 13
0.07531 -0.10914 50.00920 0 3.27500 -1.65000 49.86965 0.10158 13
-1.83607 0.05772 95.25070 0 -1.75000 52.72500 45.61622 0.21063 13
-0.24156 -0.20820 51.10256 0 6.27500 8.17500 49.73085 0.10569 13
0.38508 -0.22013 40.65821 0 6.62500 -10.37500 38.05616 0.11015 13
-0.85022 -0.24548 30.53824 0 7.37500 27.55000 23.54828 0.13445 13
1.16324 -0.08039 80.11614 0 2.42500 -36.10000 52.32377 0.15469 13
1.27706 -0.10964 18.73346 0 3.27500 -37.27500 11.59243 0.16369 13
-1.18292 -0.21709 32.41036 0 6.52500 35.57500 21.20388 0.15748 13
1.82610 -0.21982 93.09407 0 6.62500 -55.35000 45.52894 0.21081 13
0.26588 -0.09102 9.93921 0 2.70000 -6.30000 9.60814 0.10459 13
-1.69147 -0.22539 63.17697 0 6.77500 50.72500 32.74346 0.19915 13
-0.21184 0.00023 67.39754 0 -0.02500 7.92500 65.93442 0.10294 13
0.68026 -0.09990 27.75145 0 3.02500 -20.47500 22.98193 0.12222 -13
0.60347 -0.00842 22.64230 0 0.22500 -16.65000 19.38592 0.11762 13
0.26870 0.08881 51.67350 0 -2.70000 -9.07500 49.91652 0.10466 13
-1.28971 0.14911 87.06800 0 -4.50000 41.00000 53.71858 0.16502 -13
-1.31477 -0.24968 87.06800 0 7.55000 41.77500 53.71858 0.16824 -13
2.02079 0.01586 44.80022 0 -0.45000 -59.10000 19.87196 0.22706 -13
-1.69241 -0.08576 20.45238 0 2.55000 52.50000 10.43268 0.19813 13
0.13020 0.01225 25.63722 0 -0.35000 -4.77500 25.42272 0.10156 -13
-0.95166 0.10234 36.94051 0 -3.10000 29.82500 26.82553 0.13941 13
-0.15020 -0.12993 97.19769 0 3.92500 2.57500 96.13717 0.10267 13
-1.28976 -0.12952 64.50177 0 3.92500 37.85000 39.72791 0.16487 -13
0.17869 0.04177 44.57650 0 -1.25000 -5.75000 43.88275 0.10238 -13
1.81412 0.03638 69.60454 0 -1.07500 -54.45000 33.61872 0.20863 -13
-1.86010 0.11224 48.62087 0 -3.40000 56.42500 23.14347 0.21291 13
2.09745 0.06276 12.89051 0 -1.80000 -63.47500 5.55683 0.23403 -13
0.50240 -0.19527 40.87756 0 5.90000 -13.52500 36.66323 0.11441 -13
1.26833 0.08585 49.48327 0 -2.60000 -37.67500 30.70655 0.16289 13
1.32267 0.02059 22.58710 0 -0.57500 -39.00000 13.62389 0.16675 -13
1.32264 0.02059 22.58710 0 -0.57500 -39.02500 13.62389 0.16699 -13
-0.21180 -0.14107 36.88978 0 4.27500 7.07500 36.10432 0.10392 -13
-1.05569 0.09331 80.69712 0 -2.82500 31.42500 55.62210 0.14674 13
0.12585 -0.00615 18.39816 0 0.20000 -5.00000 18.25417 0.10150 -13
0.07286 -0.00676 57.73683 0 0.20000 0.00000 57.58418 0.10097 -13
1.07784 0.12010 15.07972 0 -3.57500 -32.65000 10.29557 0.14854 -13
1.11139 -0.28020 15.07972 0 8.50000 -33.67500 10.29557 0.15312 -13
0.32747 -0.03340 53.81789 0 1.00000 -12.40000 51.14821 0.10602 13
0.18842 0.09850 89.95239 0 -2.97500 -5.27500 88.41138 0.10296 13
-1.76293 -0.02536 26.97581 0 0.80000 50.02500 13.31231 0.20413 -13
-1.25107 -0.00509 60.12251 0 0.17500 37.45000 37.53876 0.16129 -13
0.05838 -0.08379 86.90146 0 2.52500 -3.90000 86.75476 0.10123 -13
0.18185 -0.23247 27.52926 0 7.02500 -7.60000 27.10736 0.10501 -13
1.24108 -0.07189 63.63794 0 2.15000 -39.92500 39.98949 0.16067 13
-0.78382 -0.02352 83.07534 0 0.70000 24.92500 65.39077 0.12797 13
-0.15216 -0.04849 86.03114 0 1.45000 5.57500 85.05465 0.10198 13
0.42951 0.09976 67.60965 0 -3.00000 -12.12500 62.16974 0.11006 -13
-0.12969 -0.08913 24.17355 0 2.67500 5.15000 23.97431 0.10194 13
0.81981 -0.19797 25.56090 0 6.00000 -25.45000 19.91889 0.13176 -13
1.09133 0.12241 13.21104 0 -3.62500 -33.37500 8.96253 0.14951 -13
1.12415 -0.27761 13.21104 0 8.45000 -34.40000 8.96253 0.15414 -13
-0.08797 0.04286 19.09121 0 -1.27500 1.72500 19.01791 0.10118 -13
-1.95911 0.10530 41.25331 0 -3.15000 57.32500 18.83739 0.22173 -13
0.02193 0.14402 58.17985 0 -4.35000 -1.72500 58.16615 0.10177 13
0.02242 -0.25499 58.17985 0 7.67500 -1.75000 58.16615 0.10394 13
-0.46233 0.04240 66.17662 0 -1.27500 16.75000 60.07700 0.11103 13
0.76088 0.10413 48.22388 0 -3.12500 -21.20000 38.45352 0.12697 -13
-0.08109 -0.17393 95.93695 0 5.25000 0.37500 95.63227 0.10254 -13
-0.72534 -0.12677 89.56286 0 3.82500 20.85000 72.69826 0.12505 13
0.13037 -0.07491 66.76043 0 2.27500 -0.90000 66.20333 0.10183 -13
-0.42328 -0.17413 96.73535 0 5.25000 12.55000 89.28316 0.11075 13
0.51906 0.03606 29.56183 0 -1.10000 -17.15000 26.24149 0.11352 13
0.69193 0.08264 94.85606 0 -2.50000 -22.87500 78.08933 0.12274 13
0.49874 0.01935 24.27795 0 -0.55000 -14.97500 21.72666 0.11255 -13
-0.98204 0.12726 80.71458 0 -3.82500 29.42500 57.81552 0.14172 -13
-1.00974 -0.27259 80.71458 0 8.22500 30.25000 57.81552 0.14573 -13
-8.76248 -0.53335 80.71458 0 8.20000 30.37500 57.81552 0.14604 -13
-2.99237 -1.05770 80.71458 0 8.30000 30.67500 57.81552 0.14748 -13
0.39643 -0.90530 80.71458 0 -3.20000 34.95000 57.81552 0.17797 -13
1.27526 -0.24539 15.41052 0 7.35000 -37.82500 9.68128 0.16499 13
1.37709 -0.02224 28.70222 0 0.65000 -42.20000 16.86810 0.17140 13
1.48844 0.03117 85.03254 0 -0.95000 -46.47500 47.43580 0.18061 13
1.10052 -0.15207 75.64580 0 4.60000 -32.55000 51.19021 0.15053 -13
0.03368 0.01130 1.50649 0 -0.02500 -2.25000 1.50563 0.10101 -13
0.13701 -0.00855 75.15633 0 0.27500 -2.77500 74.46070 0.10165 -13
0.69381 -0.17327 73.57747 0 5.22500 -21.82500 60.74074 0.12380 -13
0.85494 -0.22860 52.69166 0 6.87500 -26.25000 40.47690 0.13446 13
-0.17101 0.01639 33.84829 0 -0.47500 5.72500 33.36408 0.10218 -13
0.62224 -0.02466 24.87033 0 0.72500 -20.92500 21.11771 0.11864 13
-1.48022 -0.19803 23.25816 0 5.92500 48.77500 13.19208 0.18094 13
-1.03444 -0.10170 88.89064 0 3.07500 32.35000 61.94646 0.14525 -13
-0.70699 -0.21630 44.26673 0 6.55000 22.40000 36.41804 0.12525 -13
-0.18605 -0.21523 9.47159 0 6.55000 8.57500 9.31864 0.10474 -13
0.36303 -0.11821 40.95978 0 3.55000 -9.97500 38.53200 0.10779 13
1.14972 0.14324 59.42977 0 -4.30000 -33.92500 39.22712 0.15412 -13
1.17474 -0.25578 59.42977 0 7.72500 -34.67500 39.22712 0.15750 -13
-1.11547 -0.05733 28.80288 0 1.75000 31.57500 19.24380 0.15098 -13
-0.84272 -0.15456 80.70393 0 4.65000 25.27500 62.01339 0.13261 13
0.64071 -0.03977 37.51008 0 1.22500 -20.45000 31.59084 0.11967 -13
0.05933 0.14305 91.23699 0 -4.32500 -2.15000 91.08004 0.10190 13
0.06063 -0.25601 91.23699 0 7.72500 -2.17500 91.08004 0.10412 13
-0.75373 -0.01713 47.94028 0 0.52500 22.32500 38.28501 0.12611 -13
-1.04680 0.14246 3.95986 0 -4.10000 29.75000 2.74999 0.14641 -13
-1.06988 -0.25639 3.95986 0 7.92500 30.52500 2.74999 0.14999 -13
0.45859 -0.02342 30.89949 0 0.72500 -16.37500 28.08813 0.11081 -13
0.26319 -0.06694 27.82884 0 2.00000 -6.42500 26.91617 0.10435 13
-0.44305 -0.14539 11.14972 0 4.42500 12.75000 10.21114 0.11115 -13
