1.87356 0.14911 94.22062 0 -4.47500 -56.60000 44.74619 0.21438 -13
1.90974 -0.24970 94.22062 0 7.55000 -57.70000 44.74619 0.21858 -13
0.15058 -0.01473 28.79669 0 0.45000 -4.60000 28.47570 0.10185 -13
0.52336 -0.14664 70.48129 0 4.42500 -15.80000 62.58788 0.11462 -13
0.18544 -0.17477 36.92029 0 5.25000 -7.35000 36.31950 0.10391 13
-1.06897 -0.22762 88.41446 0 6.87500 32.52500 61.20976 0.14919 -13
-0.51998 -0.17101 61.66615 0 5.17500 14.35000 54.87780 0.11481 -13
-0.87967 -0.15074 66.96611 0 4.55000 29.92500 50.52586 0.13498 -13
0.81426 -0.07183 68.55625 0 2.17500 -23.32500 53.21569 0.13007 -13
0.06981 -0.19446 51.63952 0 5.87500 -2.30000 51.51870 0.10284 -13
-0.31667 0.00596 30.62791 0 -0.20000 7.20000 29.19887 0.10564 13
1.49465 -0.18688 94.35596 0 5.65000 -45.07500 53.09149 0.18208 -13
-0.54441 -0.13263 51.15413 0 4.02500 15.42500 45.01634 0.11545 -13
-1.38217 0.01827 1.61505 0 -0.02500 44.37500 0.94701 0.17211 -13
0.79897 -0.14349 69.63232 0 4.32500 -22.32500 54.61626 0.12970 13
-1.82606 0.02009 38.43655 0 -0.57500 55.27500 18.46462 0.20966 -13
0.51168 1.12357 38.43655 0 -0.55000 55.32500 18.46462 0.21001 -13
-1.20335 -0.23799 15.53640 0 7.22500 35.45000 10.09146 0.15944 -13
1.18352 -0.01459 3.79732 0 0.25000 -38.32500 2.45092 0.15609 13
1.81972 0.01473 52.26040 0 -0.42500 -54.35000 25.17096 0.20910 -13
0.89302 0.09585 33.77493 0 -2.90000 -25.30000 25.24233 0.13537 13
-0.20086 0.01322 73.52597 0 -0.40000 6.00000 72.08644 0.10272 -13
0.55875 0.07143 34.42766 0 -2.17500 -16.12500 30.07252 0.11559 13
-0.14777 -0.15531 51.18854 0 4.70000 4.90000 50.65143 0.10300 -13
-1.22277 -0.04343 16.79412 0 1.27500 34.32500 10.63785 0.15913 13
-1.00201 0.13450 50.08901 0 -4.05000 26.02500 35.54089 0.14320 -13
-1.02731 -0.26491 50.08901 0 8.00000 26.80000 35.54089 0.14684 -13
0.10181 -0.16622 99.53018 0 5.00000 -2.47500 99.03194 0.10260 13
1.54037 -0.18292 36.90990 0 5.55000 -46.72500 20.33042 0.18589 -13
-0.11784 -0.02969 45.30639 0 0.87500 2.27500 44.99530 0.10144 13
0.01477 0.00079 24.11178 0 -0.00000 1.50000 24.10915 0.10072 -13
0.93434 0.14669 98.98280 0 -4.42500 -28.15000 72.68336 0.13861 13
0.95340 -0.25222 98.98280 0 7.60000 -28.72500 72.68336 0.14143 13
-1.79101 -0.21323 10.59329 0 6.32500 56.40000 5.25230 0.20755 13
0.26216 0.10776 69.15795 0 -3.25000 -5.67500 66.92206 0.10467 13
1.32514 0.00822 46.61500 0 -0.27500 -41.45000 28.07986 0.16719 13
0.01594 -0.24337 71.60322 0 7.35000 1.70000 71.59463 0.10366 -13
1.84719 0.09261 69.11646 0 -2.77500 -56.60000 33.01368 0.21173 -13
0.37898 0.05303 4.70552 0 -1.50000 -11.67500 4.40104 0.10783 -13
-0.49111 -0.23556 60.99453 0 7.12500 15.92500 55.03046 0.11468 -13
1.15005 -0.03490 90.37108 0 1.05000 -34.52500 59.31871 0.15351 13
-1.16359 -0.16879 54.22609 0 5.10000 37.67500 35.62870 0.15545 -13
-2.09445 -0.23830 26.59245 0 7.22500 64.60000 11.71641 0.23504 -13
0.47822 -0.08905 27.98951 0 2.67500 -15.72500 25.26905 0.11198 13
0.23278 -0.22635 91.88850 0 6.82500 -8.02500 89.60803 0.10588 -13
-1.47327 -0.02533 81.98759 0 0.75000 43.90000 46.05476 0.17933 13
1.41532 -0.13350 82.46073 0 4.05000 -42.07500 47.86489 0.17504 -13
0.08721 -0.05025 91.76451 0 1.52500 -1.37500 91.41835 0.10121 -13
-0.16437 0.07347 77.13416 0 -2.20000 4.47500 76.11828 0.10232 -13
-0.82320 -0.22952 19.18138 0 6.87500 26.45000 14.96079 0.13244 13
-0.63322 -0.06887 80.49524 0 2.07500 15.60000 68.05363 0.11940 -13
0.45095 -0.20387 40.44674 0 6.12500 -13.45000 36.99599 0.11235 13
0.94077 0.01434 25.95684 0 -0.40000 -29.57500 18.90782 0.13826 -13
0.02012 0.11053 96.40482 0 -3.32500 -1.37500 96.38557 0.10134 -13
1.56122 -0.12341 49.70710 0 3.70000 -49.27500 26.95427 0.18711 13
1.29901 0.07908 67.71230 0 -2.37500 -39.97500 41.38465 0.16528 -13
-0.31208 0.12377 80.15258 0 -3.75000 10.05000 76.56435 0.10623 13
-0.32132 -0.27629 80.15258 0 8.32500 10.32500 76.56435 0.10937 13
1.73289 0.08376 24.14003 0 -2.47500 -53.65000 12.09690 0.20164 -13
-0.60727 0.13235 97.07688 0 -4.00000 19.20000 83.16871 0.11857 -13
-0.62314 -0.26720 97.07688 0 8.07500 19.67500 83.16871 0.12167 -13
0.80015 -0.20394 88.64618 0 6.15000 -23.35000 69.76267 0.13060 -13
-0.51833 0.14873 37.52527 0 -4.50000 16.95000 33.39277 0.11432 13
-0.52848 -0.25011 37.52527 0 7.52500 17.25000 33.39277 0.11664 13
-0.10277 0.05041 7.66685 0 -1.45000 3.40000 7.62678 0.10136 -13
0.27877 -0.00643 36.97245 0 0.20000 -5.35000 35.61449 0.10454 -13
-0.52809 -0.11987 65.35015 0 3.60000 17.90000 57.87670 0.11452 13
0.47959 -0.00660 36.22733 0 0.22500 -14.85000 32.66511 0.11169 -13
0.59015 0.11815 77.12081 0 -3.57500 -18.40000 66.53531 0.11754 13
1.97239 -0.17385 94.05781 0 5.25000 -61.12500 43.03798 0.22340 -13
0.51053 -0.19126 24.68084 0 5.80000 -16.30000 22.06266 0.11471 -13
0.34265 -0.19177 87.01219 0 5.77500 -9.07500 82.46791 0.10818 13
0.24252 -0.18353 37.23180 0 5.52500 -11.02500 36.21563 0.10525 13
-1.52083 -0.23002 75.59888 0 6.95000 45.65000 42.28259 0.18477 -13
0.32728 -0.09936 90.27437 0 3.00000 -10.25000 85.83713 0.10643 13
0.75379 0.08456 40.93233 0 -2.57500 -22.62500 32.72905 0.12640 13
0.27008 -0.08708 90.93376 0 2.62500 -8.17500 87.81063 0.10468 13
-1.57228 0.03348 18.83160 0 -0.95000 48.75000 10.11044 0.18765 -13
0.69443 -0.01198 72.61669 0 0.35000 -20.72500 59.64704 0.12261 13
-0.58682 0.01340 2.29842 0 -0.65000 14.75000 1.98181 0.11694 13
1.32865 0.08259 18.41548 0 -2.45000 -40.60000 11.09802 0.16766 -13
0.26675 -0.19393 16.87774 0 5.87500 -6.70000 16.32738 0.10606 -13
0.40054 0.00951 29.31571 0 -0.27500 -10.20000 27.21407 0.10849 -13
-0.04388 0.05662 56.45423 0 -1.72500 2.47500 56.40015 0.10097 13
1.07056 -0.24591 68.05766 0 7.42500 -33.32500 47.18065 0.14960 -13
1.73449 0.02891 37.33350 0 -0.90000 -50.55000 18.65285 0.20165 13
0.79400 0.12832 31.67952 0 -3.85000 -24.80000 24.88823 0.12922 -13
0.81607 -0.27145 31.67952 0 8.20000 -25.47500 24.88823 0.13284 -13
-0.24722 -0.16888 47.88225 0 5.07500 6.17500 46.52002 0.10511 13
1.98377 0.03591 94.46612 0 -1.07500 -61.07500 42.54404 0.22375 -13
-0.33235 0.14843 76.57733 0 -4.47500 11.37500 72.74697 0.10717 -13
-0.33891 -0.25037 76.57733 0 7.55000 11.57500 72.74697 0.10929 -13
0.27392 -0.18471 71.64172 0 5.57500 -9.57500 69.17610 0.10606 -13
-2.14960 0.10909 73.82617 0 -3.30000 64.12500 31.29006 0.23902 13
0.74831 -0.20537 98.63251 0 6.20000 -20.80000 79.55041 0.12747 -13
1.56269 -0.21636 63.65720 0 6.50000 -42.65000 34.86808 0.18809 13
-1.05695 -0.05672 34.22727 0 1.72500 32.72500 23.54272 0.14665 -13
-0.89243 -0.20499 94.04090 0 6.17500 27.02500 70.79952 0.13653 13
-0.14850 -0.21768 99.05449 0 6.55000 6.10000 98.02797 0.10414 13
-0.23566 0.01115 86.48396 0 -0.32500 6.60000 84.17838 0.10347 -13
-0.25393 -0.21551 76.17151 0 6.50000 6.50000 73.92795 0.10614 -13
-0.01141 -0.10319 67.83644 0 3.10000 -1.45000 67.83206 0.10124 13
0.61866 -0.19771 96.03906 0 5.95000 -19.82500 82.10142 0.12008 13
0.73379 -0.23658 50.41050 0 7.12500 -20.22500 41.02468 0.12715 13
-0.38170 0.12743 7.24030 0 -3.92500 9.55000 6.77139 0.10859 13
-0.39245 -0.27242 7.24030 0 8.15000 9.85000 6.77139 0.11154 13
0.34335 -0.21704 48.81487 0 6.55000 -6.85000 46.27882 0.10869 13
-0.93304 0.14476 60.93910 0 -4.37500 27.20000 44.77019 0.13851 13
-0.95279 -0.25424 60.93910 0 7.65000 27.77500 44.77019 0.14142 13
1.53558 -0.07906 27.28725 0 2.42500 -45.37500 14.92216 0.18474 -13
0.01241 -0.21847 89.05898 0 6.57500 -0.70000 89.05243 0.10308 13
0.16019 -0.04176 48.60004 0 1.27500 -5.30000 47.98929 0.10207 -13
1.74145 0.12421 66.88676 0 -3.72500 -52.37500 33.50017 0.20259 -13
1.79275 -0.27581 66.88676 0 8.32500 -53.95000 33.50017 0.20860 -13
0.29074 -0.15783 32.04698 0 4.75000 -7.75000 30.80190 0.10607 13
-0.01197 -0.05735 31.89850 0 1.75000 -0.72500 31.89622 0.10088 -13
-0.35930 0.04717 28.72002 0 -1.40000 9.77500 27.03176 0.10711 -13
0.20620 0.09876 93.42101 0 -2.97500 -4.37500 91.51430 0.10330 -13
-0.34404 -0.02649 46.50818 0 0.80000 10.67500 43.98026 0.10653 13
-0.70624 -0.15635 55.05988 0 4.70000 22.25000 45.15397 0.12428 13
-0.99808 0.14447 16.85209 0 -4.32500 29.90000 11.98965 0.14299 -13
-1.01938 -0.25453 16.85209 0 7.72500 30.55000 11.98965 0.14611 -13
-0.17077 -0.05341 38.26501 0 1.60000 6.42500 37.72046 0.10230 13
-1.07508 -0.09380 56.46964 0 2.82500 31.20000 38.55053 0.14816 13
-0.04775 -0.02710 17.32204 0 0.80000 2.80000 17.30235 0.10086 13
0.09414 -0.02978 6.86556 0 0.97500 -0.97500 6.83535 0.10121 -13
-0.41083 -0.22703 82.13426 0 6.85000 13.32500 76.24301 0.11125 -13
0.18592 0.05151 95.09918 0 -1.55000 -5.85000 93.50105 0.10256 13
1.86547 0.06489 8.97014 0 -1.82500 -57.37500 4.24467 0.21322 -13
-0.15430 0.01619 1.24500 0 -0.10000 3.75000 1.23047 0.10226 -13
-1.03691 -0.00147 74.15657 0 0.02500 29.92500 51.47750 0.14507 13
-0.99346 -0.06744 14.07915 0 1.97500 30.97500 9.99936 0.14210 13
0.52987 0.08163 16.33886 0 -2.42500 -15.97500 14.44784 0.11426 -13
0.23431 0.06845 3.42870 0 -2.20000 -6.37500 3.33871 0.10374 13
2.19948 0.06253 26.09826 0 -1.92500 -64.35000 10.81871 0.24343 13
-1.02416 0.07582 52.05417 0 -2.27500 31.65000 36.41918 0.14434 -13
-0.51319 0.07025 37.35886 0 -2.12500 15.32500 33.25452 0.11341 13
-1.93983 0.10717 38.89664 0 -3.25000 59.37500 17.90297 0.22008 13
0.25259 -0.09585 36.60831 0 2.87500 -5.02500 35.50331 0.10431 13
-1.68043 -0.02747 42.47942 0 0.85000 51.15000 21.72943 0.19695 -13
0.27859 -0.22668 8.99653 0 6.90000 -7.65000 8.68188 0.10706 -13
-0.20715 0.07429 44.62401 0 -2.22500 5.02500 43.70126 0.10311 -13
0.67294 -0.06763 93.94969 0 2.02500 -21.65000 78.00005 0.12157 13
-0.53468 -0.08913 92.81356 0 2.67500 16.57500 81.92031 0.11455 13
-1.23369 0.02686 84.90883 0 -0.82500 36.87500 53.47820 0.15995 13
-0.77083 0.09536 60.65463 0 -2.87500 23.72500 48.12031 0.12751 13
-0.43815 -0.13477 50.59973 0 4.07500 13.10000 46.41294 0.11079 -13
0.26197 -0.13463 90.68306 0 4.05000 -6.80000 87.77296 0.10498 13
-1.36975 -0.14589 56.09515 0 4.42500 40.57500 33.30334 0.17143 -13
-0.94438 0.06363 96.96320 0 -1.92500 32.22500 70.56299 0.13866 13
-1.06622 -0.06036 36.56381 0 1.85000 31.17500 25.03704 0.14734 -13
-1.22252 0.09982 50.15610 0 -3.00000 34.80000 31.85006 0.15938 -13
0.72095 0.08237 1.46320 0 -2.10000 -21.97500 1.18813 0.12464 -13
-0.29675 0.05681 8.57014 0 -1.65000 9.60000 8.21709 0.10520 -13
-0.63826 -0.14798 37.81305 0 4.47500 17.77500 31.97283 0.12041 -13
-0.01429 -0.80839 37.81305 0 3.15000 17.22500 31.97283 0.12982 -13
-0.05071 0.46264 37.81305 0 3.82500 17.12500 31.97283 0.13378 -13
-0.83265 -0.06519 11.22287 0 2.02500 23.85000 8.63112 0.13124 -13
-0.76804 0.00986 6.75406 0 -0.20000 23.82500 5.35657 0.12699 -13
-0.16124 0.11436 60.79331 0 -3.45000 4.75000 60.02801 0.10265 13
0.83268 -0.21896 17.55600 0 6.65000 -24.17500 13.61954 0.13292 -13
-0.28955 -0.12386 46.72860 0 3.72500 8.80000 44.91092 0.10557 13
0.76278 -0.09000 63.27289 0 2.72500 -23.10000 50.38251 0.12698 -13
0.27441 -0.17533 68.06800 0 5.30000 -6.65000 65.70993 0.10591 -13
-0.20186 -0.24431 7.56793 0 7.45000 6.97500 7.42635 0.10571 -13
-0.21982 0.05375 74.59794 0 -1.62500 6.70000 72.86324 0.10325 -13
-1.30533 0.08626 87.70242 0 -2.60000 38.10000 53.46020 0.16582 -13
0.01521 -0.10753 30.64074 0 3.22500 -1.77500 30.63723 0.10129 13
-1.30778 0.01047 59.05458 0 -0.30000 39.30000 35.87269 0.16578 -13
2.00117 -0.03695 88.14397 0 1.10000 -58.57500 39.42209 0.22531 13
1.19001 0.11183 53.69453 0 -3.35000 -35.95000 34.67014 0.15692 -13
2.15883 -0.21761 37.24144 0 6.60000 -64.20000 15.95245 0.24065 -13
-0.02699 -0.19609 50.99339 0 5.90000 -0.17500 50.97552 0.10265 13
-0.10864 -0.02494 71.10004 0 0.75000 3.27500 70.68434 0.10133 -13
-1.03311 0.00928 49.15001 0 -0.30000 32.45000 34.18444 0.14480 13
0.56997 -0.15708 92.99883 0 4.72500 -18.07500 81.03579 0.11699 13
0.00608 -0.18149 45.60994 0 5.47500 1.05000 45.60912 0.10236 -13
0.47650 -0.15902 12.89451 0 4.85000 -15.77500 11.66701 0.11273 -13
1.59855 -0.11548 68.35522 0 3.47500 -48.15000 36.42460 0.19023 13
1.79330 -0.08788 29.66229 0 2.62500 -54.57500 14.48839 0.20695 13
-0.37255 -0.05970 42.82545 0 1.80000 10.37500 40.13951 0.10763 13
-0.44602 -0.15224 19.18589 0 4.57500 13.75000 17.55526 0.11131 13
0.52656 -0.19279 94.62800 0 5.82500 -16.62500 84.05684 0.11546 -13
0.56859 0.11934 5.27954 0 -3.72500 -15.90000 4.59734 0.11654 13
0.58655 -0.28113 5.27954 0 8.35000 -16.40000 4.59734 0.12003 13
-1.78119 -0.07121 87.19643 0 2.12500 53.60000 42.76937 0.20582 13
-0.68788 0.10089 65.95061 0 -3.02500 21.75000 54.42436 0.12264 -13
-0.13250 0.13774 45.76306 0 -4.17500 4.75000 45.37388 0.10253 13
-0.13567 -0.26158 45.76306 0 7.87500 4.85000 45.37388 0.10497 13
-1.05096 0.02013 47.01201 0 -0.60000 31.55000 32.40988 0.14611 -13
-0.65605 -0.21932 86.76641 0 6.62500 20.02500 73.05314 0.12246 -13
-0.20945 -0.03777 70.59480 0 1.15000 8.80000 69.09759 0.10296 -13
-0.17924 0.14563 46.91414 0 -4.37500 5.80000 46.19313 0.10335 -13
-0.18297 -0.25329 46.91414 0 7.65000 5.92500 46.19313 0.10552 -13
0.54567 -0.09323 83.68336 0 2.82500 -17.40000 73.53138 0.11511 -13
0.07128 -0.09483 50.28109 0 2.85000 0.97500 50.15494 0.10141 13
-0.75122 -0.13418 31.67782 0 4.07500 23.47500 25.40852 0.12668 -13
0.99951 -0.17056 79.53219 0 5.15000 -30.30000 56.65306 0.14342 -13
-0.39838 0.04466 81.57267 0 -1.35000 10.00000 75.79094 0.10849 -13
0.25825 -0.05656 62.02634 0 1.72500 -6.87500 60.06202 0.10417 -13
0.84597 -0.04466 14.85786 0 1.40000 -26.02500 11.34792 0.13199 -13
1.33628 -0.17133 4.67757 0 5.35000 -42.22500 2.82817 0.16920 -13
-0.88164 0.11684 71.50629 0 -3.52500 26.72500 53.79590 0.13476 -13
-1.31396 0.08759 22.77165 0 -2.60000 39.30000 13.82442 0.16650 -13
1.63009 0.06044 24.44028 0 -1.77500 -51.60000 12.79692 0.19268 -13
-0.78450 -0.05062 77.62076 0 1.52500 23.57500 61.10023 0.12809 13
-0.69151 0.01091 73.82211 0 -0.32500 23.57500 60.72005 0.12244 13
0.33962 -0.18335 29.10778 0 5.50000 -8.30000 27.60833 0.10793 13
-0.37986 -0.08600 65.16915 0 2.60000 11.72500 60.95022 0.10807 -13
-0.94652 0.02120 67.51305 0 -0.65000 29.95000 49.03703 0.13868 13
-0.81197 -0.10203 86.22474 0 3.07500 23.60000 67.07499 0.13013 -13
0.26037 -0.08015 34.84208 0 2.42500 -8.65000 33.72459 0.10438 -13
1.11707 0.01106 55.32797 0 -0.35000 -34.32500 36.90440 0.15099 13
-0.58339 0.08984 1.85339 0 -2.42500 19.12500 1.60365 0.11695 -13
-0.48851 -0.22731 21.77071 0 6.82500 14.65000 19.65445 0.11437 13
-0.11661 0.07861 28.69271 0 -2.40000 1.82500 28.50071 0.10170 13
-0.94755 -0.06209 36.36051 0 1.90000 30.37500 26.41743 0.13888 -13
-1.48402 0.01418 78.21471 0 -0.45000 42.05000 43.71081 0.18021 13
-0.05434 -0.08215 69.30631 0 2.47500 1.82500 69.20488 0.10119 13
0.51661 0.08634 68.81756 0 -2.60000 -14.70000 61.18873 0.11368 13
-0.40468 -0.23895 6.86823 0 7.12500 13.20000 6.39110 0.11121 13
0.57228 -0.07471 77.50381 0 2.25000 -17.77500 67.31394 0.11627 13
-0.59972 0.13566 67.98591 0 -4.07500 19.75000 58.44478 0.11820 -13
-0.61459 -0.26371 67.98591 0 7.97500 20.20000 58.44478 0.12115 -13
-1.65590 -0.07399 39.90152 0 2.25000 49.42500 20.66756 0.19497 -13
-1.82567 0.08124 73.41702 0 -2.42500 54.52500 35.35806 0.20977 -13
-1.00898 0.04498 26.45072 0 -1.32500 33.12500 18.62839 0.14313 -13
0.57314 0.11930 7.50830 0 -3.52500 -15.07500 6.52551 0.11667 -13
0.24135 0.01185 5.63478 0 -0.45000 -6.90000 5.47753 0.10362 13
0.36432 -0.22722 54.03693 0 6.85000 -9.77500 50.91904 0.10959 13
0.31809 -0.14084 19.29231 0 4.22500 -7.35000 18.40115 0.10661 13
0.97163 -0.09978 63.97308 0 3.02500 -31.60000 45.99262 0.14077 -13
0.09895 -0.00622 29.81141 0 0.17500 -1.72500 29.66657 0.10120 13
-1.57302 0.06756 2.78260 0 -1.70000 46.45000 1.49471 0.18792 -13
1.80876 0.10399 95.83731 0 -3.15000 -57.17500 46.56067 0.20841 13
0.60370 -0.04571 99.82323 0 1.37500 -16.90000 85.48176 0.11772 -13
-0.55288 -0.16139 63.74629 0 4.85000 16.17500 55.95392 0.11620 13
-0.00955 -0.02171 71.63522 0 0.65000 -2.32500 71.63196 0.10073 13
0.16061 -0.16162 54.21185 0 4.87500 -4.40000 53.54293 0.10329 -13
0.40280 0.10464 51.13475 0 -3.17500 -11.05000 47.46749 0.10908 13
0.65960 -0.00156 62.90354 0 0.05000 -19.67500 52.50958 0.12064 -13
-0.98554 0.08942 53.82754 0 -2.67500 31.55000 38.41282 0.14167 -13
1.89774 -0.06444 11.50034 0 1.85000 -57.52500 5.37052 0.21606 13
0.09567 -0.06607 19.43883 0 2.02500 -1.90000 19.35082 0.10139 -13
-0.23484 0.00842 47.70627 0 -0.27500 7.10000 46.44294 0.10345 13
-0.17601 -0.01094 75.84603 0 0.32500 3.92500 74.69788 0.10226 -13
1.15313 -0.16603 85.95093 0 5.00000 -34.82500 56.74826 0.15461 13
-0.45338 -0.03619 70.76894 0 1.07500 13.50000 64.46121 0.11063 13
0.48189 -0.21288 69.76861 0 6.42500 -15.00000 63.11018 0.11382 13
1.35286 -0.13382 28.19992 0 4.07500 -42.50000 16.85851 0.16997 -13
-1.46552 -0.10491 83.45382 0 3.17500 44.25000 47.21340 0.17898 -13
0.83671 0.03252 58.29762 0 -0.97500 -25.30000 44.72089 0.13134 -13
-0.91927 -0.19854 15.92003 0 5.95000 29.92500 11.82353 0.13820 13
0.40839 -0.20027 33.08704 0 6.02500 -14.95000 30.71591 0.11062 13
2.01045 -0.17517 11.58002 0 5.37500 -62.47500 5.22007 0.22695 -13
-0.66012 0.07940 2.73668 0 -2.17500 17.20000 2.28601 0.12096 -13
1.02510 -0.22813 4.02705 0 6.70000 -27.70000 2.84816 0.14592 13
0.59426 0.10093 67.69897 0 -3.05000 -18.95000 58.27513 0.11759 13
-0.77667 -0.11672 65.14594 0 3.50000 24.65000 51.58108 0.12805 13
-0.40183 0.09040 70.97016 0 -2.72500 12.70000 65.89020 0.10891 -13
-1.70667 -0.05128 25.53225 0 1.50000 51.02500 12.92089 0.19924 13
0.85371 0.03296 37.41692 0 -1.00000 -24.35000 28.46344 0.13246 13
0.31016 0.14346 16.76734 0 -4.30000 -9.97500 16.02895 0.10641 -13
0.31687 -0.25553 16.76734 0 7.75000 -10.17500 16.02895 0.10875 -13
-0.05914 0.10492 47.56370 0 -3.17500 2.75000 47.48167 0.10144 13
0.56920 0.13343 12.69301 0 -4.07500 -17.87500 11.05480 0.11668 13
0.58383 -0.26613 12.69301 0 7.97500 -18.32500 11.05480 0.11961 13
0.15371 0.07371 6.97665 0 -2.30000 -5.57500 6.89610 0.10218 13
-0.43391 0.05809 87.54551 0 -1.75000 13.60000 80.33250 0.10993 -13
1.73032 0.07818 46.48619 0 -2.37500 -51.60000 23.31350 0.20143 13
-1.52949 0.14186 32.96081 0 -4.30000 46.40000 18.16292 0.18461 13
-1.56354 -0.25732 32.96081 0 7.72500 47.40000 18.16292 0.18867 13
0.44179 0.05904 7.84651 0 -1.85000 -13.02500 7.17935 0.11027 13
0.57804 0.13240 47.78919 0 -3.97500 -17.95000 41.46409 0.11707 -13
0.59312 -0.26713 47.78919 0 8.07500 -18.40000 41.46409 0.12015 -13
0.05093 -0.10007 65.74950 0 3.02500 -1.32500 65.66522 0.10134 -13
0.11729 -0.00046 19.01544 0 0.05000 -2.15000 18.88598 0.10140 -13
0.21134 0.10959 59.99236 0 -3.32500 -4.82500 58.71073 0.10352 13
0.15168 -0.02476 99.33991 0 0.75000 -5.02500 98.21719 0.10188 13
-1.64866 -0.15297 89.51146 0 4.60000 48.90000 46.81400 0.19478 13
1.18078 -0.01374 82.86178 0 0.40000 -35.90000 53.55504 0.15583 13
-1.17579 -0.12551 36.74696 0 3.80000 37.20000 23.91491 0.15596 -13
-0.18075 0.00461 40.87769 0 -0.12500 7.45000 40.22587 0.10234 -13
-0.42627 -0.01868 94.99473 0 0.55000 14.95000 87.38865 0.10949 13
1.31411 -0.23395 9.89349 0 6.97500 -38.50000 6.09141 0.16788 13
-1.18976 -0.24732 25.31364 0 7.42500 35.72500 16.56945 0.15845 13
1.67631 -0.01556 18.71296 0 0.52500 -50.87500 9.58782 0.19658 -13
0.81867 0.05173 83.22074 0 -1.57500 -21.42500 64.42833 0.13026 13
-0.24460 -0.19223 25.13872 0 5.77500 4.75000 24.44344 0.10545 13
-0.48083 -0.10669 67.44971 0 3.20000 14.57500 60.85202 0.11225 13
-0.97414 -0.08460 55.89530 0 2.55000 27.75000 40.10785 0.14083 13
-2.08701 0.03574 44.89594 0 -1.10000 62.95000 19.40969 0.23309 13
-0.27605 0.02935 78.15435 0 -0.90000 8.37500 75.33901 0.10451 13
0.28891 -0.01396 4.28960 0 0.55000 -9.65000 4.12082 0.10488 -13
-1.02701 0.12921 18.37301 0 -3.85000 31.45000 12.87134 0.14492 -13
-1.05510 -0.27047 18.37301 0 8.20000 32.32500 12.87134 0.14896 -13
0.35993 0.02004 23.64652 0 -0.62500 -9.50000 22.24966 0.10705 13
1.73846 -0.24919 22.04392 0 7.47500 -52.62500 11.24142 0.20345 13
-0.86441 -0.07811 51.31288 0 2.37500 26.60000 38.87053 0.13335 -13
0.01174 0.09595 59.19923 0 -2.87500 -1.97500 59.19519 0.10117 -13
-0.06534 0.03111 34.42375 0 -0.95000 4.25000 34.35058 0.10097 13
0.34581 -0.09979 20.63326 0 3.02500 -9.57500 19.51058 0.10704 -13
2.02076 -0.06929 43.43486 0 2.12500 -60.10000 19.30093 0.22718 -13
-0.60409 -0.01922 16.36466 0 0.62500 18.22500 14.00813 0.11767 -13
1.63266 0.10340 4.59601 0 -2.92500 -50.10000 2.41021 0.19298 -13
1.61430 -0.24529 59.50918 0 7.37500 -48.95000 32.00114 0.19280 13
0.97498 -0.09792 71.33159 0 2.97500 -27.90000 51.19258 0.14099 -13
-1.44730 -0.06857 93.04826 0 2.07500 46.12500 52.97734 0.17728 -13
-0.70483 -0.11273 31.77228 0 3.42500 21.82500 26.02440 0.12374 -13
0.00197 -0.22403 14.48704 0 6.80000 1.17500 14.48701 0.10323 -13
-0.91322 -0.20401 71.28458 0 6.15000 27.90000 53.12288 0.13790 13
-0.94350 0.13742 5.32564 0 -4.27500 26.77500 3.89070 0.13925 13
-0.96631 -0.26209 5.32564 0 7.77500 27.42500 3.89070 0.14237 13
1.29704 0.00779 8.36327 0 -0.32500 -39.10000 5.10651 0.16495 13
0.13239 -0.10343 4.19003 0 3.00000 -3.40000 4.15418 0.10210 13
-1.07530 -0.11288 87.26979 0 3.40000 32.62500 59.63210 0.14832 13
1.56442 0.04510 45.15524 0 -1.37500 -48.70000 24.33761 0.18704 13
1.59807 -0.05620 30.77494 0 1.72500 -46.47500 16.34341 0.18993 -13
-0.34196 -0.06685 2.22353 0 1.77500 11.22500 2.10451 0.10670 13
0.89987 0.09093 86.39285 0 -2.75000 -27.17500 64.33636 0.13578 13
-0.84150 -0.11479 31.05369 0 3.45000 28.82500 23.82463 0.13211 13
-0.11405 -0.24717 64.45732 0 7.45000 1.00000 64.06589 0.10436 13
0.33388 -0.15595 95.46412 0 4.70000 -11.62500 90.65836 0.10732 13
-0.69113 -0.23344 68.97725 0 7.05000 21.87500 57.22363 0.12465 -13
-0.93512 -0.14530 12.76285 0 4.42500 29.17500 9.36753 0.13868 -13
-0.64301 -0.09444 27.97689 0 2.87500 20.20000 23.56236 0.12011 -13
1.47959 0.00203 67.93233 0 -0.05000 -44.60000 38.03945 0.17985 -13
-1.14216 -0.04911 4.71012 0 1.32500 35.50000 3.10394 0.15300 13
-0.07622 0.01906 29.88280 0 -0.55000 0.75000 29.79638 0.10102 -13
0.05922 0.13684 40.06669 0 -4.15000 -2.40000 39.99786 0.10182 13
0.06065 -0.26251 40.06669 0 7.90000 -2.42500 39.99786 0.10428 13
0.10979 0.12758 91.87797 0 -3.85000 -5.87500 91.33796 0.10212 13
0.11286 -0.27227 91.87797 0 8.20000 -5.95000 91.33796 0.10498 13
-0.00983 -0.09697 18.34038 0 2.95000 1.15000 18.33950 0.10119 -13
0.68014 0.04379 35.11717 0 -1.30000 -22.07500 29.04593 0.12187 -13
1.19489 0.12129 97.10501 0 -3.67500 -37.37500 62.58921 0.15739 13
1.23146 -0.27892 97.10501 0 8.40000 -38.47500 62.58921 0.16220 13
0.66598 -0.22417 72.95196 0 6.77500 -20.65000 61.17019 0.12309 -13
-0.27340 -0.40149 72.95196 0 6.72500 -18.07500 61.17019 0.13940 -13
0.42681 0.26377 72.95196 0 7.65000 -17.27500 61.17019 0.14699 -13
0.14871 -0.15480 84.68980 0 4.67500 -2.22500 83.78970 0.10299 13
-0.70669 -0.06975 64.82328 0 2.12500 22.85000 52.98148 0.12351 -13
-1.01106 -0.17687 69.89240 0 5.32500 28.65000 49.52992 0.14430 13
-1.19540 0.14332 11.05425 0 -4.40000 36.75000 7.13585 0.15766 13
-1.22143 -0.25579 11.05425 0 7.65000 37.50000 7.13585 0.16094 13
1.06274 0.11226 53.88722 0 -3.40000 -29.97500 37.05072 0.14739 13
0.82626 0.01660 27.29110 0 -0.47500 -26.32500 21.03985 0.13064 -13
-0.30020 -0.20745 74.37177 0 6.27500 12.00000 71.35301 0.10721 -13
-0.37138 0.01102 72.64953 0 -0.35000 11.07500 68.10504 0.10743 13
-1.26929 -0.14715 38.01119 0 4.45000 38.47500 23.67902 0.16341 -13
0.37028 -0.21342 88.22455 0 6.45000 -11.12500 82.95288 0.10952 -13
0.33645 -0.11865 73.93713 0 3.57500 -10.37500 70.12657 0.10692 -13
-0.15502 -0.09448 97.25496 0 2.85000 5.12500 96.11698 0.10235 -13
0.95708 0.00904 78.06155 0 -0.27500 -29.15000 56.39577 0.13940 -13
0.48640 -0.09910 52.82521 0 2.97500 -17.00000 47.54796 0.11242 13
-1.20654 -0.18636 35.85020 0 5.65000 35.07500 23.10758 0.15895 -13
-1.44324 -0.20756 56.44286 0 6.27500 45.15000 32.60427 0.17807 -13
-0.50528 0.09819 60.87386 0 -2.97500 15.12500 54.38485 0.11327 13
0.49583 0.09610 19.64541 0 -2.92500 -15.87500 17.61633 0.11283 13
-0.62277 0.00585 75.44299 0 -0.17500 17.50000 64.04019 0.11864 -13
-1.64763 0.00566 49.75458 0 -0.20000 49.17500 25.81538 0.19409 13
-0.11923 0.00832 56.85452 0 -0.25000 4.87500 56.45473 0.10142 -13
0.01922 -0.10479 85.88759 0 3.17500 -2.90000 85.87187 0.10127 -13
-1.09145 0.11356 78.44720 0 -3.42500 32.15000 53.17890 0.14950 -13
0.49251 0.02842 22.46281 0 -0.87500 -14.70000 20.15285 0.11229 13
-0.24717 -0.19231 50.21605 0 5.80000 5.65000 48.79906 0.10553 -13
-0.41695 0.03137 64.01231 0 -0.95000 15.10000 59.08681 0.10915 -13
1.70210 0.09963 44.55696 0 -2.97500 -48.55000 22.65353 0.19902 -13
1.39121 -0.15410 26.80591 0 4.67500 -43.17500 15.76746 0.17325 -13
-1.09192 -0.00779 7.97551 0 0.15000 35.05000 5.38675 0.14911 13
-0.66847 -0.07860 89.21707 0 2.37500 18.72500 74.24152 0.12139 13
-0.96095 -0.06145 41.56383 0 1.87500 28.27500 29.99670 0.13981 -13
-2.06681 0.05107 8.10345 0 -1.67500 62.05000 3.53485 0.23123 13
-0.40785 -0.15299 44.16097 0 4.62500 11.05000 40.95749 0.10985 -13
-1.25601 -0.03405 78.60657 0 1.02500 37.40000 48.97870 0.16172 -13
-1.20255 -0.20557 57.20114 0 6.22500 35.65000 37.01944 0.15875 -13
1.02165 0.11943 4.37833 0 -3.77500 -33.07500 3.07391 0.14459 13
1.05345 -0.28114 4.37833 0 8.30000 -33.97500 3.07391 0.14882 13
-0.62122 -0.02585 3.78763 0 0.92500 16.85000 3.21772 0.11863 -13
0.37687 -0.24161 98.46931 0 7.30000 -10.52500 92.46076 0.11034 -13
1.18823 -0.12421 51.15452 0 3.75000 -38.40000 33.08603 0.15690 -13
-0.26244 -0.18955 59.97867 0 5.70000 8.47500 58.07899 0.10584 13
-0.36377 0.05148 37.65776 0 -1.57500 10.92500 35.39441 0.10729 13
-0.48063 0.04657 4.82670 0 -1.30000 15.42500 4.35186 0.11182 -13
1.10321 -0.08936 30.87280 0 2.72500 -34.00000 20.77880 0.15023 -13
0.90834 -0.09017 93.01237 0 2.70000 -26.80000 68.97491 0.13634 13
2.10488 -0.00001 34.65295 0 0.02500 -63.15000 14.86891 0.23469 -13
0.33772 0.13725 53.41717 0 -4.15000 -11.00000 50.65664 0.10719 13
0.34589 -0.26208 53.41717 0 7.90000 -11.25000 50.65664 0.10977 13
1.88976 -0.20105 53.89208 0 6.05000 -55.72500 25.59687 0.21624 13
-1.36205 -0.16026 20.31929 0 4.80000 42.80000 12.12453 0.17088 13
0.55008 0.13369 84.87789 0 -4.05000 -17.47500 74.52099 0.11572 13
0.56416 -0.26581 84.87789 0 8.00000 -17.90000 74.52099 0.11867 13
1.75300 -0.08928 38.00321 0 2.67500 -54.52500 18.88733 0.20342 13
1.00350 -0.12420 8.08313 0 3.67500 -30.52500 5.72732 0.14318 13
1.98941 -0.10016 47.85337 0 3.00000 -59.05000 21.57768 0.22443 13
-0.32898 0.12360 17.49322 0 -3.75000 10.95000 16.62928 0.10675 13
-0.33872 -0.27650 17.49322 0 8.30000 11.25000 16.62928 0.10988 13
0.80013 -0.22991 93.33394 0 6.92500 -23.62500 73.60171 0.13103 13
1.41020 -0.24211 93.80605 0 7.30000 -40.92500 55.28941 0.17579 13
0.24851 -0.08457 40.09872 0 2.55000 -10.05000 38.92288 0.10411 13
0.41711 0.12914 65.06345 0 -3.90000 -14.30000 60.12208 0.10989 13
0.42854 -0.27062 65.06345 0 8.15000 -14.62500 60.12208 0.11289 13
-0.71975 0.02503 5.54545 0 -0.65000 24.25000 4.50169 0.12411 -13
0.17755 -0.12820 96.34372 0 3.87500 -5.02500 94.88350 0.10309 -13
1.62950 0.01212 10.70052 0 -0.45000 -52.57500 5.59722 0.19255 13
0.37566 -0.24821 13.98310 0 7.45000 -10.65000 13.13718 0.11041 13
-1.68161 0.10081 44.31869 0 -3.02500 51.30000 22.73709 0.19726 -13
0.16304 0.11638 66.70217 0 -3.50000 -6.12500 65.84437 0.10270 -13
0.63005 0.12493 68.57969 0 -3.77500 -18.22500 58.15047 0.11969 13
0.64840 -0.27507 68.57969 0 8.30000 -18.77500 58.15047 0.12317 13
0.75356 0.12265 57.97479 0 -3.70000 -26.02500 46.42574 0.12670 13
0.77624 -0.27752 57.97479 0 8.35000 -26.70000 46.42574 0.13049 13
-0.56790 -0.01336 6.85968 0 0.47500 17.67500 5.96527 0.11583 -13
-0.69355 -0.07575 91.56708 0 2.27500 20.32500 75.31189 0.12279 13
-0.35762 -0.06964 89.50835 0 2.10000 8.97500 84.30435 0.10718 -13
1.06007 0.13957 34.26580 0 -4.22500 -33.30000 23.63296 0.14744 13
1.08472 -0.25965 34.26580 0 7.82500 -34.05000 23.63296 0.15083 13
0.39783 -0.10084 95.93331 0 3.05000 -10.47500 89.20009 0.10886 -13
1.88126 -0.19942 6.40806 0 6.20000 -56.90000 3.05378 0.21576 -13
-0.27157 -0.10065 14.40165 0 3.07500 8.10000 13.90311 0.10485 -13
-0.30367 -0.00853 88.43362 0 0.27500 8.57500 84.61838 0.10525 -13
-0.09756 0.01223 33.26070 0 -0.37500 1.90000 33.10355 0.10119 13
1.56718 0.06148 30.41359 0 -1.82500 -46.40000 16.38155 0.18731 -13
-0.22054 0.11344 31.77749 0 -3.45000 7.67500 31.04088 0.10376 13
0.34325 -0.18229 64.86919 0 5.50000 -10.35000 61.45956 0.10805 -13
-0.76342 -0.14250 74.47689 0 4.30000 22.87500 59.41636 0.12750 13
1.47520 -0.18685 85.43534 0 5.62500 -43.95000 48.50164 0.18045 13
0.58397 -0.01979 71.76455 0 0.60000 -16.80000 61.97445 0.11663 13
0.19066 -0.14869 65.80915 0 4.50000 -5.50000 64.66912 0.10361 -13
0.86147 -0.04549 54.84211 0 1.37500 -26.32500 41.56858 0.13300 -13
0.17280 0.06338 87.18547 0 -1.92500 -6.70000 85.91717 0.10240 13
0.06664 -0.00252 59.78290 0 0.07500 -3.32500 59.65057 0.10093 -13
0.99373 -0.16348 25.36095 0 4.90000 -31.70000 18.10639 0.14291 13
-1.26610 0.01128 63.97725 0 -0.35000 37.67500 39.65497 0.16248 13
-1.15657 0.02016 47.86466 0 -0.62500 34.00000 31.30779 0.15399 13
-0.39494 -0.08184 80.58316 0 2.45000 11.77500 74.98328 0.10858 13
0.26975 -0.19674 44.77236 0 5.95000 -6.92500 43.28197 0.10618 -13
-0.15784 0.13004 57.23168 0 -3.92500 4.20000 56.54315 0.10279 13
-0.16212 -0.26966 57.23168 0 8.12500 4.32500 56.54315 0.10556 13
0.53895 -0.19966 49.50202 0 6.02500 -16.25000 43.76541 0.11616 -13
-1.82336 -0.20550 77.23297 0 6.17500 54.35000 37.73116 0.21042 13
-0.31275 -0.17840 8.84380 0 5.32500 10.57500 8.45232 0.10700 13
1.25989 -0.09956 20.76111 0 2.97500 -38.57500 12.94588 0.16228 13
-0.59903 -0.04134 66.38824 0 1.25000 17.95000 56.96463 0.11746 13
-0.91366 -0.01129 63.89495 0 0.32500 28.40000 47.17216 0.13641 13
-0.95061 -0.20732 45.34481 0 6.25000 28.52500 33.19123 0.14049 13
-0.20772 -0.21616 60.40035 0 6.50000 5.70000 59.19261 0.10513 13
0.48930 -0.03444 26.21242 0 1.05000 -16.40000 23.54754 0.11217 -13
1.57806 -0.17518 7.68083 0 5.40000 -47.30000 4.15594 0.18910 -13
-0.49518 -0.24548 45.02214 0 7.40000 14.17500 40.57416 0.11505 13
-1.58467 -0.07460 23.31652 0 2.27500 47.62500 12.46830 0.18886 -13
-0.25129 0.02592 80.92996 0 -0.77500 8.90000 78.49136 0.10387 -13
0.84592 -0.18082 94.26720 0 5.45000 -25.87500 72.45083 0.13316 -13
0.99287 -0.16897 30.81937 0 5.07500 -30.82500 22.02240 0.14291 13
-0.13335 -0.01932 80.39680 0 0.57500 3.07500 79.69167 0.10161 13
0.62917 -0.23018 46.89448 0 6.95000 -19.85000 39.97833 0.12122 -13
0.08049 0.08069 87.45600 0 -2.42500 -2.90000 87.17586 0.10135 -13
0.47581 0.06001 80.31927 0 -1.82500 -15.47500 72.55205 0.11169 13
0.42735 -0.14979 58.15760 0 4.50000 -11.50000 53.56957 0.11054 13
1.28173 0.07838 5.65083 0 -2.50000 -39.20000 3.48252 0.16399 13
-0.81518 0.06112 28.97561 0 -1.82500 24.37500 22.47490 0.13007 -13
1.17461 -0.08185 54.52073 0 2.45000 -35.85000 35.41140 0.15556 13
-0.31079 -0.17608 56.40105 0 5.30000 8.90000 53.93123 0.10693 13
-1.07277 0.10907 42.30235 0 -3.27500 33.12500 28.93524 0.14809 -13
0.19941 -0.15419 80.64936 0 4.65000 -6.00000 79.12736 0.10386 -13
0.18857 -0.03578 98.05220 0 1.07500 -6.22500 96.35613 0.10254 13
0.73725 0.00421 60.70819 0 -0.12500 -20.97500 48.86439 0.12511 -13
1.51072 -0.07246 1.06311 0 1.32500 -46.50000 0.58778 0.18324 13
-0.68844 -0.09187 38.40989 0 2.75000 22.92500 31.68048 0.12260 13
0.55289 -0.18951 35.22569 0 5.72500 -17.37500 30.95370 0.11665 -13
-1.83495 0.11072 9.55648 0 -3.22500 53.82500 4.59398 0.21070 -13
-0.46393 -0.01863 80.99129 0 0.57500 13.47500 73.47169 0.11094 -13
-0.37875 -0.02216 31.03047 0 0.65000 12.60000 29.01960 0.10771 13
2.04604 -0.03829 55.76767 0 1.17500 -60.02500 24.50294 0.22937 -13
-0.51948 0.10933 88.26906 0 -3.30000 14.92500 78.42884 0.11400 -13
0.24233 0.02593 47.91720 0 -0.77500 -4.62500 46.57020 0.10365 -13
0.94834 -0.06363 97.07115 0 1.92500 -27.90000 70.50189 0.13894 -13
0.90195 0.06750 93.51834 0 -2.05000 -25.47500 69.51517 0.13579 13
-0.66363 -0.19436 56.01160 0 5.87500 20.52500 46.93178 0.12244 -13
-0.76313 -0.11089 91.87547 0 3.35000 23.02500 73.20133 0.12717 -13
-0.49050 -0.09764 55.87480 0 2.95000 17.05000 50.21119 0.11260 -13
-0.31466 -0.21451 67.27317 0 6.47500 10.97500 64.29889 0.10775 13
0.84890 -0.05776 69.85714 0 1.72500 -24.25000 53.29246 0.13222 13
-0.57778 -0.15971 30.27625 0 4.80000 18.30000 26.29716 0.11740 13
-1.13118 -0.09463 77.73281 0 2.85000 35.50000 51.61330 0.15234 13
-0.56204 0.00666 79.74267 0 -0.20000 14.52500 69.51595 0.11552 -13
0.36363 -0.16014 59.37897 0 4.82500 -12.65000 55.88583 0.10836 13
1.44355 -0.10168 34.00563 0 3.10000 -45.22500 19.43167 0.17716 -13
1.46681 -0.14632 49.65524 0 4.40000 -45.05000 28.17278 0.17937 13
1.87753 -0.18286 26.72863 0 5.47500 -57.95000 12.72658 0.21496 13
1.44583 -0.10823 96.61594 0 3.25000 -43.92500 55.17551 0.17737 13
-1.40952 -0.08663 79.33467 0 2.60000 41.05000 46.02012 0.17425 13
-1.17552 -0.11782 93.21294 0 3.55000 35.22500 60.63866 0.15587 13
-0.91912 0.08183 14.23578 0 -2.52500 30.65000 10.49740 0.13704 13
-0.56884 -0.09727 19.47720 0 2.90000 17.30000 16.94906 0.11626 13
1.95735 -0.13791 96.59720 0 4.17500 -61.30000 44.27694 0.22179 -13
-0.48203 0.10941 71.05127 0 -3.30000 13.67500 64.07514 0.11233 -13
-0.49031 -0.21736 74.77936 0 6.57500 14.40000 67.43827 0.11428 -13
1.03020 0.04626 37.12416 0 -1.42500 -28.82500 25.87198 0.14467 13
