0.05980 -0.07809 41.86618 0 2.37500 -1.30000 41.79198 0.10119 -13
1.81302 -0.15953 90.77002 0 4.80000 -53.45000 44.26264 0.20912 13
0.60809 0.08994 64.42065 0 -2.72500 -19.50000 55.10265 0.11821 13
0.42448 -0.10173 28.42120 0 3.07500 -12.62500 26.18228 0.10989 -13
1.06296 -0.18476 14.66893 0 5.52500 -30.80000 10.13995 0.14811 13
0.33867 -0.05237 17.36275 0 1.60000 -8.75000 16.44756 0.10646 -13
-1.45534 -0.12235 94.14721 0 3.67500 44.57500 53.58618 0.17824 13
1.18027 -0.00555 68.53359 0 0.15000 -35.20000 44.30308 0.15578 13
0.18201 0.00229 16.07849 0 -0.10000 -5.02500 15.81849 0.10236 13
-0.66402 -0.17628 69.37134 0 5.30000 19.75000 58.05918 0.12217 13
0.54593 -0.14876 83.08263 0 4.50000 -18.22500 73.10495 0.11571 -13
0.57746 0.02296 75.03206 0 -0.70000 -17.17500 64.98082 0.11631 13
0.03729 -0.01564 95.11814 0 0.47500 -0.37500 95.05211 0.10079 13
-0.98776 0.02679 57.46223 0 -0.80000 28.35000 40.88862 0.14157 -13
-1.39561 -0.18747 59.16172 0 5.67500 41.42500 34.85144 0.17394 -13
-0.42526 -0.23973 9.66750 0 7.17500 13.92500 8.93362 0.11202 13
0.79313 0.02413 99.11119 0 -0.72500 -23.85000 77.66102 0.12856 13
-0.84940 -0.06474 46.90926 0 1.97500 26.32500 35.78388 0.13229 -13
0.42478 -0.00318 13.63930 0 0.05000 -12.30000 12.55362 0.10942 13
-0.52809 -0.05118 35.54339 0 1.52500 17.47500 31.43910 0.11399 13
0.89545 -0.22713 26.60246 0 6.82500 -27.65000 20.03813 0.13707 13
0.44006 -0.18532 67.69104 0 5.60000 -15.30000 62.12491 0.11160 -13
0.05737 0.12292 96.85525 0 -3.70000 2.07500 96.69863 0.10162 -13
0.05909 -0.27717 96.85525 0 8.37500 2.02500 96.69863 0.10467 -13
1.30903 -0.20020 92.18539 0 6.02500 -40.05000 56.65509 0.16709 13
-1.95230 -0.07690 91.17122 0 2.32500 58.20000 41.66045 0.22104 -13
-0.01811 -0.09583 24.85236 0 2.90000 2.77500 24.84833 0.10119 -13
-0.48778 -0.10290 43.79753 0 3.10000 16.02500 39.40395 0.11252 13
0.21203 0.02907 38.55979 0 -0.87500 -6.02500 37.72186 0.10298 -13
1.30758 -0.15218 54.06590 0 4.60000 -36.52500 33.08345 0.16648 -13
1.67763 -0.12805 36.98225 0 3.82500 -53.10000 19.04927 0.19708 13
-1.88248 0.14137 1.01711 0 -3.20000 55.67500 0.48065 0.21549 -13
-0.87067 -0.14747 18.32594 0 4.42500 27.12500 13.88498 0.13433 13
0.12355 -0.24231 25.35055 0 7.32500 -4.12500 25.16980 0.10437 -13
1.06765 -0.03868 47.74684 0 1.17500 -28.90000 32.65294 0.14737 -13
0.33687 -0.11763 39.55005 0 3.52500 -11.07500 37.50671 0.10692 13
-0.60038 -0.22142 32.68884 0 6.70000 17.95000 28.20088 0.11957 -13
-1.07602 -0.12404 53.05096 0 3.72500 32.60000 36.26478 0.14844 13
-0.22255 -0.16889 26.81389 0 5.07500 3.02500 26.19075 0.10455 13
-0.92627 -0.15180 91.71301 0 4.57500 27.40000 67.63630 0.13811 13
-0.44914 0.14566 27.27726 0 -4.37500 13.22500 24.92584 0.11136 -13
-0.45844 -0.25322 27.27726 0 7.65000 13.52500 24.92584 0.11370 -13
1.01435 -0.13636 76.58606 0 4.10000 -30.55000 54.01798 0.14410 13
-0.68502 -0.01024 91.20787 0 0.32500 20.60000 75.24740 0.12207 -13
1.60792 -0.09294 9.74948 0 2.90000 -46.57500 5.16374 0.19102 -13
0.54199 -0.16039 65.47687 0 4.85000 -14.20000 57.73006 0.11568 -13
0.58041 -0.16031 19.62665 0 4.87500 -17.80000 17.02830 0.11757 -13
1.09115 -0.05676 72.51498 0 1.70000 -33.20000 49.03725 0.14915 13
1.05236 -0.00507 8.44034 0 0.22500 -30.37500 5.81422 0.14620 -13
-1.99892 -0.06204 49.53601 0 1.90000 59.55000 22.19637 0.22518 -13
-0.22205 -0.15300 31.71586 0 4.60000 9.55000 30.97816 0.10429 13
0.00684 -0.07496 60.72559 0 2.27500 -2.35000 60.72418 0.10099 -13
-0.53745 0.02894 61.78333 0 -0.87500 16.50000 54.42643 0.11436 -13
1.79438 0.00040 96.02376 0 -0.00000 -54.30000 46.74511 0.20687 -13
-1.62387 -0.21342 80.75921 0 6.42500 50.52500 43.03191 0.19323 13
1.06669 0.02405 34.54246 0 -0.70000 -33.02500 23.62875 0.14726 -13
0.34223 -0.02675 91.66367 0 0.80000 -10.70000 86.72874 0.10647 -13
-1.61130 -0.05138 47.51370 0 1.57500 50.85000 25.07807 0.19105 -13
-0.21815 -0.09558 9.44130 0 2.92500 4.75000 9.22618 0.10354 -13
0.55359 -0.03318 84.04639 0 1.00000 -17.12500 73.54057 0.11515 13
-0.46831 -0.08772 63.55989 0 2.65000 14.22500 57.60022 0.11155 -13
1.33010 -0.13080 34.00302 0 3.97500 -42.45000 20.54424 0.16812 -13
-0.20729 0.01635 59.40737 0 -0.50000 4.02500 58.17104 0.10286 13
-1.93295 0.10069 68.92654 0 -3.02500 56.97500 31.79776 0.21939 -13
0.86433 -0.16031 64.75816 0 4.82500 -24.85000 49.25793 0.13407 13
-0.34110 -0.01218 92.54987 0 0.37500 10.67500 87.59492 0.10641 -13
1.14560 -0.01236 40.19525 0 0.40000 -34.30000 26.43380 0.15314 -13
-1.36066 -0.11469 23.14413 0 3.50000 41.60000 13.76390 0.17047 -13
-0.02532 -0.02888 7.90158 0 0.92500 -3.05000 7.89905 0.10079 -13
-0.28813 -0.07152 18.06466 0 2.17500 8.90000 17.36186 0.10505 -13
-1.03268 -0.18285 38.38219 0 5.50000 31.57500 26.92620 0.14591 13
-0.43058 -0.18342 64.18193 0 5.52500 12.95000 59.10011 0.11118 13
0.64153 -0.19660 92.62425 0 5.92500 -19.55000 78.38724 0.12127 13
-0.97669 -0.05194 90.55581 0 1.57500 30.60000 64.82573 0.14086 -13
0.04687 0.14943 23.77057 0 -4.50000 1.17500 23.74506 0.10192 -13
0.04781 -0.24933 23.77057 0 7.55000 1.15000 23.74506 0.10392 -13
1.62546 -0.01611 83.00309 0 0.47500 -47.52500 43.49679 0.19219 13
0.21727 -0.14578 14.49681 0 4.42500 -5.40000 14.17311 0.10411 -13
0.30551 -0.17993 39.37234 0 5.42500 -9.12500 37.70482 0.10684 13
1.47212 -0.02819 68.13963 0 0.82500 -43.67500 38.29839 0.17924 13
0.06739 -0.11557 13.97275 0 3.45000 -1.95000 13.94155 0.10159 13
-0.12720 0.09591 41.30155 0 -2.90000 6.67500 40.97433 0.10198 13
-0.83857 -0.24153 41.85831 0 7.30000 27.77500 32.44482 0.13368 -13
-0.60606 0.11885 56.20718 0 -3.57500 18.55000 48.15845 0.11836 -13
-0.62526 -0.28150 56.20718 0 8.50000 19.12500 48.15845 0.12200 -13
-0.03191 -0.20053 61.29328 0 6.05000 0.20000 61.26329 0.10276 -13
-0.05211 -0.00402 11.25850 0 0.17500 0.77500 11.24324 0.10085 -13
-0.40419 0.09726 2.93251 0 -3.10000 10.75000 2.72062 0.10919 13
-0.22081 -0.22917 75.18640 0 6.92500 5.12500 73.50340 0.10568 -13
-1.90235 -0.14810 87.18643 0 4.45000 56.77500 40.91320 0.21694 13
0.26859 0.10869 81.69925 0 -3.27500 -8.55000 78.93373 0.10485 13
0.10297 -0.12261 59.03645 0 3.70000 -3.32500 58.73044 0.10198 13
-0.11578 -0.12284 68.16900 0 3.70000 4.15000 67.72335 0.10212 13
-0.89695 0.03461 26.61786 0 -1.02500 27.77500 19.82029 0.13532 -13
-0.23596 0.02551 3.34500 0 -0.92500 6.22500 3.25562 0.10357 13
-0.01234 0.02963 75.83174 0 -0.90000 -1.90000 75.82597 0.10076 13
0.75549 -0.15976 24.62273 0 4.85000 -27.87500 19.73550 0.12725 -13
-0.91155 0.12409 28.99976 0 -3.72500 27.57500 21.50564 0.13683 -13
-0.93838 -0.27589 28.99976 0 8.35000 28.40000 21.50564 0.14090 -13
-0.40709 0.06466 54.58380 0 -1.95000 13.32500 50.57035 0.10892 -13
1.15150 -0.22525 62.01885 0 6.80000 -34.30000 41.23715 0.15526 -13
-0.78174 -0.15009 45.48092 0 4.55000 26.17500 35.98198 0.12872 -13
0.21719 -0.13401 51.39515 0 4.02500 -5.72500 50.24428 0.10393 13
1.22006 0.13286 35.61136 0 -3.97500 -36.47500 22.69235 0.15941 -13
1.25167 -0.26659 35.61136 0 8.07500 -37.45000 22.69235 0.16358 -13
0.09143 -0.19605 23.85757 0 5.92500 -2.77500 23.76211 0.10305 -13
-1.64504 -0.17077 45.95695 0 5.17500 51.22500 24.12245 0.19466 -13
0.04770 0.09705 85.40068 0 -2.92500 0.32500 85.30458 0.10129 -13
0.78287 -0.10416 29.82982 0 3.17500 -23.47500 23.53669 0.12833 -13
-0.68664 -0.12532 43.00679 0 3.80000 22.75000 35.54291 0.12281 -13
-0.33793 -0.16928 73.83367 0 5.12500 9.97500 70.04775 0.10766 -13
0.44047 -0.05221 69.26308 0 1.57500 -14.17500 63.40056 0.11017 -13
1.39572 -0.17644 4.15022 0 5.52500 -42.10000 2.44138 0.17410 -13
-0.61806 -0.14153 29.92452 0 4.25000 19.35000 25.52444 0.11923 13
0.75761 -0.06512 67.04367 0 1.97500 -20.05000 53.48026 0.12651 -13
-0.33845 0.12916 64.68084 0 -3.90000 9.97500 61.31887 0.10711 13
-0.34774 -0.27061 64.68084 0 8.15000 10.25000 61.31887 0.11004 13
1.19630 -0.22566 65.34445 0 6.80000 -34.92500 42.51910 0.15864 13
0.78333 0.03894 58.64148 0 -1.17500 -25.35000 46.17770 0.12798 -13
1.89244 -0.17997 24.44484 0 5.47500 -56.65000 11.56291 0.21637 -13
1.38644 -0.22133 22.86507 0 6.72500 -40.62500 13.58606 0.17363 -13
0.36780 0.14448 78.10134 0 -4.37500 -11.95000 73.39019 0.10828 13
0.37562 -0.25452 78.10134 0 7.67500 -12.17500 73.39019 0.11058 13
-0.94582 -0.02867 64.16658 0 0.87500 26.57500 46.62685 0.13865 -13
0.65256 -0.18242 85.63661 0 5.50000 -19.82500 72.06505 0.12165 -13
-0.63389 0.05437 73.71841 0 -1.62500 19.25000 62.28900 0.11936 -13
1.38133 -0.07762 36.57578 0 2.32500 -46.75000 21.49073 0.17190 13
-1.41461 0.01958 72.57405 0 -0.57500 43.82500 41.89787 0.17446 -13
-0.33038 -0.08375 92.53948 0 2.52500 11.62500 87.89858 0.10639 -13
0.81202 -0.08007 69.35075 0 2.42500 -25.32500 53.90566 0.12998 -13
0.78415 0.12965 5.59772 0 -3.80000 -25.02500 4.41897 0.12860 -13
0.80525 -0.26974 5.59772 0 8.25000 -25.70000 4.41897 0.13229 -13
2.04547 0.12127 22.22804 0 -3.70000 -60.67500 9.82059 0.22965 13
2.10817 -0.27903 22.22804 0 8.37500 -62.52500 9.82059 0.23653 13
-0.58229 -0.21464 82.77192 0 6.47500 17.75000 71.93184 0.11851 13
-1.23943 0.11453 79.59421 0 -3.47500 39.45000 50.17643 0.16080 13
0.50836 -0.17416 19.05027 0 5.22500 -16.30000 17.03345 0.11430 13
0.44920 -0.03660 1.28849 0 0.70000 -17.72500 1.17570 0.11077 13
-0.13117 -0.02101 98.07861 0 0.62500 3.95000 97.24597 0.10159 13
0.21486 -0.21060 76.79624 0 6.35000 -6.02500 75.15315 0.10516 13
-0.97898 -0.17675 91.20332 0 5.35000 29.30000 65.66052 0.14205 -13
-1.36658 -0.06973 72.05859 0 2.12500 42.17500 42.62084 0.17067 -13
0.65616 0.12225 48.93341 0 -3.70000 -19.52500 41.00321 0.12108 13
0.67600 -0.27790 48.93341 0 8.37500 -20.12500 41.00321 0.12472 13
-0.33794 -0.05521 34.72251 0 1.67500 11.97500 32.89999 0.10645 -13
-0.00755 0.03559 49.19910 0 -1.07500 3.82500 49.19771 0.10077 -13
-0.36373 -0.04123 6.00819 0 1.32500 12.07500 5.64683 0.10727 -13
1.25647 0.02924 59.26687 0 -0.90000 -33.87500 36.91695 0.16174 13
-0.34054 0.12439 87.25982 0 -3.75000 11.40000 82.66717 0.10711 -13
-0.35056 -0.27561 87.25982 0 8.32500 11.70000 82.66717 0.11026 -13
0.92864 -0.12210 52.11385 0 3.67500 -27.85000 38.31801 0.13797 13
-0.28066 -0.17425 15.88755 0 5.22500 7.42500 15.31311 0.10604 13
-0.41959 0.00020 22.15588 0 -0.02500 12.65000 20.43035 0.10921 13
-0.60218 -0.19531 92.10358 0 5.90000 18.45000 79.29083 0.11919 -13
1.98510 0.01642 13.48683 0 -0.57500 -59.52500 6.06832 0.22386 13
0.03258 -0.02034 96.48950 0 0.62500 -1.47500 96.43834 0.10078 -13
2.11276 -0.12256 57.68291 0 3.72500 -63.67500 24.82692 0.23575 -13
0.15676 -0.18993 26.74314 0 5.75000 -3.50000 26.43156 0.10372 -13
-1.48259 -0.20323 11.88032 0 6.05000 42.80000 6.73559 0.18117 13
-1.14156 -0.20813 83.90654 0 6.27500 34.80000 55.94905 0.15425 13
-0.69146 0.13945 87.70937 0 -4.20000 20.42500 72.36617 0.12324 13
-0.70757 -0.25978 87.70937 0 7.82500 20.92500 72.36617 0.12610 13
-0.45409 -0.06319 99.74364 0 1.90000 16.57500 90.84962 0.11078 13
-1.25879 -0.09854 74.57878 0 2.97500 37.45000 46.52751 0.16219 13
0.63598 -0.20738 50.31103 0 6.27500 -19.40000 42.70733 0.12117 -13
0.25331 -0.15375 64.80950 0 4.62500 -7.67500 62.86896 0.10503 13
-0.89066 -0.04933 56.65975 0 1.50000 27.40000 42.33352 0.13495 -13
-1.78278 -0.12599 33.48229 0 3.82500 52.65000 16.47980 0.20625 -13
-1.10366 0.05106 22.09341 0 -1.57500 31.50000 14.84515 0.15008 13
-1.32638 -0.12752 4.07496 0 3.62500 41.27500 2.46600 0.16766 13
0.95778 0.02195 64.93686 0 -0.65000 -29.65000 46.90253 0.13945 -13
-0.56503 0.07411 32.18586 0 -2.22500 17.05000 28.04067 0.11590 -13
1.23414 0.08332 16.91264 0 -2.47500 -36.22500 10.66926 0.16017 -13
-1.33454 -0.24494 70.63936 0 7.40000 39.17500 43.14826 0.16975 -13
-0.01672 -0.22554 84.18765 0 6.80000 1.37500 84.17645 0.10325 -13
-0.04656 -0.05746 79.20286 0 1.75000 -0.45000 79.11743 0.10098 -13
0.84336 -0.06094 55.47228 0 1.85000 -27.12500 42.43777 0.13188 -13
1.97743 -0.12714 94.63320 0 3.85000 -59.27500 42.98115 0.22351 -13
0.68270 0.08630 13.97855 0 -2.65000 -23.07500 11.55798 0.12226 13
0.30602 -0.02507 81.73707 0 0.75000 -10.27500 78.16128 0.10534 13
0.07951 -0.11891 90.34218 0 3.60000 -2.75000 90.06184 0.10173 -13
1.30982 0.08195 20.66265 0 -2.50000 -39.50000 12.56531 0.16618 13
-1.32115 -0.05208 70.51609 0 1.57500 40.77500 42.59454 0.16694 -13
-0.12168 0.10026 15.28377 0 -3.05000 6.45000 15.17308 0.10196 13
-0.50563 -0.06063 60.57389 0 1.82500 12.60000 54.07691 0.11301 -13
-0.08386 0.02225 38.71180 0 -0.65000 2.77500 38.57651 0.10108 -13
1.32353 0.06571 25.95883 0 -2.02500 -38.65000 15.67030 0.16719 13
-0.34756 -0.15067 92.12286 0 4.55000 9.45000 87.12118 0.10768 13
-0.04996 -0.15810 77.16188 0 4.77500 1.12500 77.06813 0.10208 -13
0.86372 0.14358 83.27036 0 -4.35000 -26.67500 63.29148 0.13385 13
0.88243 -0.25546 83.27036 0 7.70000 -27.22500 63.29148 0.13674 13
0.33945 0.01729 50.67829 0 -0.52500 -8.70000 47.98956 0.10636 13
0.98852 0.01093 21.32887 0 -0.30000 -30.57500 15.16905 0.14161 -13
-0.75203 0.02745 17.67021 0 -0.80000 22.42500 14.12461 0.12603 -13
-0.35272 -0.04185 22.78023 0 1.27500 10.87500 21.48504 0.10687 -13
2.01114 -0.15531 58.68641 0 4.70000 -61.82500 26.37957 0.22674 -13
-0.85531 -0.02156 34.87898 0 0.67500 26.97500 26.50851 0.13254 -13
-0.82299 -0.17648 53.14872 0 5.30000 23.92500 41.29028 0.13162 13
-1.85719 -0.01530 77.94389 0 0.47500 55.25000 36.95549 0.21242 -13
-1.16019 0.01942 46.54575 0 -0.60000 33.65000 30.39220 0.15426 13
-0.86567 -0.12517 63.12179 0 3.77500 25.65000 47.88261 0.13378 13
-0.70334 0.12740 11.32244 0 -3.90000 21.15000 9.28596 0.12381 13
-0.72304 -0.27250 11.32244 0 8.17500 21.72500 9.28596 0.12721 13
0.90113 0.02633 79.97646 0 -0.77500 -28.82500 59.42190 0.13559 -13
0.43265 0.09371 87.88105 0 -2.82500 -12.62500 80.71114 0.11013 -13
0.06998 -0.00233 74.93767 0 0.07500 -0.35000 74.75492 0.10095 -13
0.55263 -0.12952 12.65404 0 3.95000 -16.02500 11.09677 0.11582 -13
1.00064 -0.18795 91.30855 0 5.67500 -30.00000 65.10240 0.14372 -13
-0.82446 -0.09322 63.25199 0 2.80000 25.70000 48.88914 0.13085 13
0.03303 0.10147 52.47885 0 -3.07500 -0.40000 52.45055 0.10128 13
-1.38907 -0.04899 33.56357 0 1.45000 41.60000 19.62558 0.17242 13
1.70628 -0.22045 52.62159 0 6.62500 -52.80000 27.07757 0.20038 13
-0.12599 -0.08579 97.84098 0 2.57500 4.92500 97.07906 0.10186 13
0.58658 0.03997 77.24299 0 -1.20000 -19.62500 66.64000 0.11682 13
-1.31965 0.03134 27.79725 0 -0.97500 38.70000 16.79309 0.16678 13
-0.76884 -0.17595 78.78520 0 5.32500 24.77500 62.81043 0.12826 -13
0.30213 -0.03171 33.43712 0 0.95000 -9.30000 32.00931 0.10525 13
-1.11443 -0.04117 94.10256 0 1.22500 35.62500 62.87677 0.15084 13
0.60274 0.04112 92.60664 0 -1.22500 -17.67500 79.33169 0.11765 -13
-0.40077 -0.10433 43.73863 0 3.12500 10.85000 40.62980 0.10899 13
-0.67703 -0.10292 61.87614 0 3.10000 20.20000 51.32242 0.12205 13
-0.55683 0.02778 35.98742 0 -0.82500 17.45000 31.44432 0.11530 -13
-1.91809 -0.13501 41.16431 0 4.05000 54.92500 19.16680 0.21821 13
-0.20409 -0.10219 41.16431 0 4.05000 54.80000 19.16680 0.21783 13
-0.28603 0.00245 41.16431 0 5.72500 54.62500 19.16680 0.22798 13
1.06614 -1.03185 41.16431 0 5.62500 54.40000 19.16680 0.22929 13
-33.81377 3.40951 41.16431 0 6.45000 53.52500 19.16680 0.23473 13
-72.89541 22.04506 41.16431 0 7.20000 51.90000 19.16680 0.24604 13
1.55081 5.10638 41.16431 0 8.00000 51.87500 19.16680 0.25042 13
1.91821 0.04166 58.30552 0 -1.27500 -55.60000 26.97117 0.21789 13
0.45329 0.11557 46.96119 0 -3.50000 -15.30000 42.82011 0.11118 13
-0.00663 -0.05750 94.72336 0 1.75000 3.40000 94.72128 0.10087 -13
2.04199 -0.07661 64.62505 0 2.30000 -62.72500 28.49050 0.22908 13
-0.50463 -0.18424 20.48401 0 5.57500 15.92500 18.34861 0.11433 -13
-1.42624 0.04483 13.28681 0 -1.42500 42.90000 7.63311 0.17549 13
-1.26069 0.00903 4.83502 0 -0.10000 41.67500 3.00496 0.16207 -13
-0.56414 -0.13473 13.43749 0 4.10000 17.60000 11.72886 0.11644 -13
0.06746 -0.14861 48.89341 0 4.50000 -2.72500 48.78496 0.10204 -13
-0.78902 0.10133 9.31889 0 -2.97500 25.55000 7.33033 0.12865 -13
0.93617 0.05763 66.15189 0 -1.75000 -31.15000 48.32976 0.13807 13
-1.02217 -0.12507 15.98177 0 3.72500 28.50000 11.22060 0.14453 13
-1.14219 -0.18121 96.95648 0 5.47500 33.10000 64.45206 0.15397 -13
-0.22214 -0.08035 86.22044 0 2.42500 7.97500 84.18139 0.10348 -13
-0.59608 -0.04004 38.89359 0 1.20000 15.77500 33.41556 0.11730 13
-1.47178 -0.14434 4.67722 0 4.17500 45.77500 2.64725 0.17967 13
0.41252 0.07722 10.47975 0 -2.27500 -10.55000 9.69184 0.10921 -13
0.30241 -0.07384 1.92602 0 1.95000 -7.87500 1.84397 0.10557 13
-1.26361 -0.08785 33.27576 0 2.67500 36.25000 20.69935 0.16252 -13
0.11579 -0.03471 39.59557 0 1.05000 -3.30000 39.33307 0.10144 -13
-1.57564 -0.02856 9.14189 0 0.77500 46.82500 4.89983 0.18796 13
0.92156 -0.17201 96.23216 0 5.20000 -28.50000 71.23696 0.13804 -13
-0.54083 0.03112 83.84031 0 -0.92500 18.57500 73.75380 0.11453 -13
-0.76125 -0.13646 6.13223 0 4.00000 22.47500 4.89572 0.12727 13
1.15411 -0.16902 35.48631 0 5.12500 -33.92500 23.42446 0.15473 -13
0.73802 -0.11949 50.43419 0 3.62500 -20.10000 40.68100 0.12574 -13
0.11983 -0.09186 77.21669 0 2.77500 -1.32500 76.67264 0.10184 13
-0.28696 0.03526 5.52573 0 -0.97500 9.00000 5.31162 0.10484 -13
-0.20013 0.03134 10.31879 0 -0.90000 7.80000 10.11823 0.10275 -13
0.04917 0.08766 88.85831 0 -2.65000 -1.37500 88.75187 0.10121 13
0.08985 -0.09633 6.39647 0 2.82500 -1.05000 6.37097 0.10156 13
0.26705 0.02041 24.58521 0 -0.60000 -6.90000 23.75322 0.10425 -13
-0.05450 0.13122 64.10022 0 -3.95000 2.42500 64.00681 0.10171 -13
-0.05596 -0.26838 64.10022 0 8.10000 2.47500 64.00681 0.10443 -13
-1.34742 -0.04612 90.77646 0 1.37500 39.72500 54.13628 0.16904 13
-0.94937 -0.01487 24.91294 0 0.42500 27.27500 18.06840 0.13887 13
-1.26500 -0.12771 74.27214 0 3.85000 39.55000 46.28932 0.16290 -13
1.70810 -0.11006 82.28289 0 3.32500 -54.12500 41.75861 0.19964 -13
0.54605 -0.10041 6.58837 0 3.10000 -18.00000 5.78891 0.11523 -13
1.09081 0.03190 3.71890 0 -1.15000 -34.50000 2.51398 0.14914 13
1.21998 -0.11055 81.40517 0 3.32500 -35.70000 51.79278 0.15923 13
1.83625 0.04699 42.26779 0 -1.45000 -54.12500 20.23270 0.21061 13
-0.37504 -0.06785 7.04252 0 2.12500 10.62500 6.59561 0.10781 -13
1.85597 0.10802 98.45089 0 -3.27500 -53.75000 46.90792 0.21260 13
-1.11709 -0.10880 35.48485 0 3.30000 33.67500 23.74417 0.15140 -13
-1.04552 -0.10414 95.21550 0 3.12500 32.35000 65.99819 0.14607 13
1.86695 0.08249 69.25160 0 -2.47500 -58.30000 32.78350 0.21344 -13
-1.65499 -0.17981 6.83623 0 5.57500 49.45000 3.57789 0.19569 -13
1.82235 0.02241 98.69790 0 -0.67500 -55.40000 47.48944 0.20935 -13
-0.91788 0.04461 53.54402 0 -1.32500 26.55000 39.46417 0.13676 -13
-2.02369 0.10125 52.70826 0 -3.07500 61.07500 23.44674 0.22755 13
1.65679 0.09848 85.06790 0 -2.97500 -50.67500 44.11393 0.19514 13
0.87365 0.00301 55.95555 0 -0.07500 -28.72500 42.13301 0.13374 -13
-0.83194 -0.12939 91.94388 0 3.90000 25.57500 70.92116 0.13164 -13
-0.20482 -0.24436 81.59169 0 7.37500 7.50000 80.02312 0.10569 13
-0.14179 0.14205 26.70307 0 -4.27500 5.00000 26.44365 0.10271 -13
-0.14492 -0.25702 26.70307 0 7.77500 5.07500 26.44365 0.10502 -13
0.66503 0.08291 14.27807 0 -2.55000 -21.40000 11.90135 0.12125 13
0.15433 -0.01727 81.76218 0 0.52500 -2.12500 80.80588 0.10191 -13
0.83103 0.12073 41.50922 0 -3.65000 -24.22500 32.01856 0.13151 13
0.85665 -0.27954 41.50922 0 8.42500 -25.00000 32.01856 0.13554 13
0.70871 -0.08106 72.42330 0 2.45000 -23.10000 59.15315 0.12370 -13
-1.10515 0.14842 89.72352 0 -4.47500 32.95000 60.56032 0.15083 -13
-1.12693 -0.25040 89.72352 0 7.55000 33.60000 60.56032 0.15381 -13
1.54501 -0.01833 31.53228 0 0.52500 -45.52500 17.13543 0.18534 13
-0.30265 -0.05895 81.60166 0 1.77500 9.12500 78.11433 0.10538 13
-0.03375 -0.01660 29.70605 0 0.47500 -2.32500 29.68915 0.10077 13
-1.46046 -0.16267 85.07044 0 4.90000 47.05000 48.48929 0.17898 13
0.21995 0.08641 97.47451 0 -2.60000 -5.20000 95.21519 0.10348 -13
-0.87677 -0.19900 89.85243 0 6.00000 26.95000 68.12777 0.13542 -13
0.99379 -0.03858 26.67330 0 1.20000 -30.25000 18.92737 0.14203 -13
0.72493 0.06949 70.92767 0 -2.10000 -22.77500 57.47324 0.12458 13
0.84561 -0.14780 95.81280 0 4.45000 -24.75000 73.48985 0.13272 13
-1.39418 -0.07283 79.32061 0 2.20000 43.35000 46.31192 0.17294 -13
0.34395 0.10025 88.78359 0 -3.02500 -9.80000 83.99990 0.10697 13
-1.51873 0.01634 2.31080 0 -0.87500 46.90000 1.27093 0.18337 13
1.44567 0.06189 23.75908 0 -1.82500 -43.62500 13.53407 0.17711 -13
-2.03768 -0.15635 94.07027 0 4.70000 62.70000 41.84820 0.22912 13
-0.67346 -0.11256 37.40239 0 3.40000 21.00000 31.08356 0.12195 -13
0.41727 0.04400 10.99239 0 -1.37500 -12.42500 10.14625 0.10922 13
0.60565 0.10815 55.78790 0 -3.25000 -17.32500 47.79255 0.11823 -13
-0.52226 -0.03843 21.20253 0 1.17500 13.92500 18.79680 0.11368 -13
1.56016 -0.07283 3.77185 0 2.42500 -50.85000 2.04006 0.18688 -13
0.29372 -0.02374 49.63536 0 0.70000 -10.32500 47.62466 0.10499 13
0.78391 0.01431 70.97221 0 -0.45000 -23.15000 55.85793 0.12796 13
-1.53215 -0.20838 16.29441 0 6.35000 47.42500 9.03843 0.18552 -13
0.11308 -0.01285 66.03689 0 0.40000 -2.57500 65.61878 0.10135 -13
0.07112 0.04231 3.75879 0 -1.15000 0.07500 3.74933 0.10107 -13
0.08564 -0.05246 66.25725 0 1.57500 -2.55000 66.01620 0.10121 13
0.45212 -0.04999 40.47771 0 1.50000 -13.97500 36.89078 0.11063 13
0.93539 0.06749 84.94620 0 -2.05000 -30.17500 62.10237 0.13806 13
1.95501 0.08100 28.20131 0 -2.47500 -57.95000 12.87597 0.22131 13
0.55806 0.03445 90.05305 0 -1.02500 -16.72500 78.64773 0.11538 -13
0.53978 -0.17364 31.38136 0 5.22500 -14.10000 27.70686 0.11576 13
1.50193 0.15071 11.12158 0 -4.47500 -47.25000 6.21201 0.18227 -13
1.52996 -0.24814 11.12158 0 7.57500 -48.15000 6.21201 0.18588 -13
-1.05052 -0.13868 58.94133 0 4.20000 32.27500 40.84140 0.14673 -13
0.25272 -0.14824 99.91844 0 4.47500 -8.50000 96.93561 0.10494 -13
-0.02623 -0.13330 80.00287 0 4.02500 0.62500 79.97583 0.10163 -13
-0.85608 -0.09865 70.18423 0 2.97500 27.62500 53.42460 0.13294 -13
-0.23554 -0.05298 39.91483 0 1.57500 6.27500 38.85445 0.10360 13
1.97308 0.04110 54.55265 0 -1.22500 -61.42500 24.67765 0.22280 -13
-0.50978 -0.08557 69.23404 0 2.57500 15.42500 61.72808 0.11336 13
-1.45041 0.00492 57.57490 0 -0.12500 43.60000 32.68146 0.17742 -13
-1.74127 0.02410 2.89686 0 -1.07500 51.87500 1.44295 0.20244 13
-1.58026 0.13220 11.31092 0 -4.07500 47.50000 6.08610 0.18887 13
-1.62198 -0.26781 11.31092 0 7.97500 48.70000 6.08610 0.19361 13
1.06263 0.01771 9.69945 0 -0.45000 -31.12500 6.64778 0.14696 -13
0.49961 -0.23760 70.76737 0 7.15000 -16.75000 63.64690 0.11508 13
-0.51795 -0.00341 89.56007 0 0.10000 12.72500 79.52591 0.11341 13
1.91433 -0.19007 84.46086 0 5.75000 -58.42500 39.65303 0.21835 -13
0.10308 0.09891 97.48832 0 -2.97500 -6.52500 96.97933 0.10173 -13
-0.68426 -0.11810 59.97363 0 3.55000 21.62500 49.60457 0.12260 13
1.34357 0.01733 88.53021 0 -0.52500 -39.10000 52.86343 0.16867 -13
1.40437 -0.11456 3.92546 0 3.70000 -41.50000 2.28715 0.17419 -13
-0.73439 -0.15351 43.38508 0 4.65000 24.45000 35.11014 0.12590 -13
-0.74321 0.04944 20.35180 0 -1.45000 23.90000 16.34150 0.12556 -13
-0.02205 -0.06169 39.13535 0 1.87500 -1.65000 39.12587 0.10092 -13
-1.02196 0.11566 80.40721 0 -3.47500 30.87500 56.42620 0.14445 -13
-1.33411 -0.17311 58.59301 0 5.20000 38.20000 35.47425 0.16879 13
-0.82275 0.12473 81.43463 0 -3.77500 24.05000 63.08127 0.13101 13
-0.84680 -0.27527 81.43463 0 8.30000 24.77500 63.08127 0.13483 13
-0.77183 0.12746 50.50498 0 -3.82500 23.97500 40.10119 0.12785 -13
-0.79350 -0.27233 50.50498 0 8.22500 24.62500 40.10119 0.13146 -13
1.35605 0.01148 42.00191 0 -0.32500 -41.57500 24.92941 0.16968 -13
-0.25523 -0.15038 49.29662 0 4.55000 9.47500 47.79787 0.10503 -13
0.69771 -0.16362 19.68305 0 4.97500 -20.97500 16.21207 0.12391 -13
-0.43102 -0.02573 6.87974 0 0.70000 15.77500 6.31808 0.10970 13
0.50738 0.11084 90.85083 0 -3.35000 -17.40000 81.11963 0.11348 13
-0.37750 0.03228 21.42398 0 -0.95000 12.55000 20.04465 0.10769 -13
-0.92352 0.12931 17.22851 0 -3.95000 26.62500 12.70478 0.13772 13
-0.94879 -0.27047 17.22851 0 8.12500 27.37500 12.70478 0.14142 13
-0.28905 0.11012 38.28010 0 -3.32500 8.75000 36.79170 0.10542 13
0.26657 -0.22039 32.43125 0 6.62500 -11.57500 31.38528 0.10654 13
-0.21762 -0.11199 66.93072 0 3.37500 7.80000 65.41840 0.10367 13
-0.62157 -0.04941 30.63238 0 1.47500 19.35000 26.02513 0.11867 13
0.06981 -0.09647 65.38053 0 2.90000 -1.45000 65.22323 0.10141 13
-0.11035 -0.15290 63.29670 0 4.60000 2.37500 62.92347 0.10248 13
-0.31234 0.01413 72.81553 0 -0.42500 10.70000 69.50487 0.10551 13
-0.93314 -0.10014 59.75398 0 3.00000 27.05000 43.78960 0.13810 13
-1.21308 -0.08179 26.16268 0 2.45000 37.95000 16.67431 0.15852 13
-0.31390 0.05398 35.49400 0 -1.65000 9.55000 33.86916 0.10569 13
1.12413 -0.11399 62.66028 0 3.42500 -36.92500 41.79708 0.15194 13
-0.03808 0.02641 78.68323 0 -0.80000 1.05000 78.62631 0.10081 -13
-0.22427 -0.20198 53.84439 0 6.07500 8.82500 52.58869 0.10518 13
0.89161 0.10514 88.81814 0 -3.17500 -23.80000 66.45504 0.13534 13
-0.05352 -0.16048 56.11394 0 4.82500 3.52500 56.03574 0.10213 13
-1.44741 -0.00011 88.75955 0 -0.00000 43.65000 50.45240 0.17716 -13
-0.50554 -0.14390 35.61887 0 4.35000 16.25000 31.85331 0.11378 -13
-0.16646 -0.04154 22.26847 0 1.22500 5.92500 21.96678 0.10217 13
0.69052 -0.15015 11.08003 0 4.47500 -18.62500 9.15057 0.12327 13
-1.02380 0.14330 84.36114 0 -4.32500 29.42500 59.25238 0.14485 13
-1.04610 -0.25576 84.36114 0 7.70000 30.10000 59.25238 0.14798 13
0.98012 -1.60594 84.36114 0 7.77500 29.90000 59.25238 0.14803 13
-0.29270 -0.33560 84.36114 0 -2.67500 28.72500 59.25238 0.15938 13
0.11821 -0.15643 84.36114 0 -4.25000 26.85000 59.25238 0.17609 13
-0.33048 0.00236 52.39221 0 -0.05000 11.52500 49.74626 0.10606 -13
0.14325 -0.24298 41.05953 0 7.32500 -3.92500 40.66743 0.10463 13
2.01801 -0.15905 98.72695 0 4.77500 -60.87500 44.27729 0.22735 13
-0.08330 -0.14663 74.93889 0 4.42500 2.65000 74.68570 0.10212 13
-0.04991 0.14158 19.40493 0 -4.25000 1.37500 19.38131 0.10182 -13
-0.05104 -0.25751 19.40493 0 7.80000 1.42500 19.38131 0.10414 -13
1.94584 0.07287 61.21086 0 -2.22500 -59.35000 28.03767 0.22044 13
-0.15759 -0.10040 89.34269 0 3.02500 4.00000 88.26408 0.10245 13
0.14309 -0.01750 30.52541 0 0.55000 -5.00000 30.21766 0.10175 -13
1.08737 -0.21582 54.37450 0 6.52500 -30.80000 37.25937 0.15036 -13
-0.44942 0.07005 27.75894 0 -2.12500 13.27500 25.32978 0.11063 13
1.19736 -0.09279 17.62397 0 2.75000 -36.27500 11.32608 0.15736 13
-0.73401 0.08981 18.32845 0 -2.67500 20.92500 14.79599 0.12524 -13
1.02310 0.03097 3.73913 0 -1.12500 -28.62500 2.61422 0.14420 13
-0.30635 0.07577 79.42883 0 -2.27500 10.22500 75.96350 0.10560 -13
-0.99453 -0.00052 97.81074 0 0.02500 31.52500 69.35193 0.14203 -13
0.90382 0.09517 9.55405 0 -2.80000 -29.25000 7.10201 0.13606 -13
0.46167 0.00504 27.72652 0 -0.17500 -13.22500 25.17323 0.11092 13
-0.26555 0.06036 88.15227 0 -1.82500 8.47500 85.20950 0.10438 13
-0.54061 0.07159 19.00151 0 -2.12500 15.82500 16.72483 0.11470 -13
0.66480 -0.20865 55.45642 0 6.27500 -20.62500 46.48076 0.12273 13
-0.09281 -0.19060 70.12052 0 5.75000 2.40000 69.83088 0.10294 13
1.26896 -0.08055 44.71455 0 2.42500 -37.80000 27.73118 0.16290 13
-1.73574 -0.04206 57.64664 0 1.27500 53.30000 28.79670 0.20178 -13
-1.22806 0.02999 33.17029 0 -0.87500 37.25000 20.95011 0.15951 -13
1.17768 0.11584 98.07851 0 -3.47500 -32.85000 63.72602 0.15602 -13
-0.92242 0.13059 46.55676 0 -3.92500 28.20000 34.35434 0.13762 -13
-0.94719 -0.26902 46.55676 0 8.12500 28.95000 34.35434 0.14134 -13
-0.65325 -0.07801 11.17941 0 2.40000 19.32500 9.36775 0.12056 -13
0.56168 0.08970 88.03263 0 -2.70000 -14.85000 76.82770 0.11585 13
-0.00037 -0.18251 61.47627 0 5.52500 1.62500 61.47627 0.10237 -13
1.71848 -0.04136 3.43084 0 0.95000 -52.02500 1.72623 0.20035 13
-0.06215 0.03810 8.46058 0 -1.10000 4.50000 8.44430 0.10097 -13
1.00303 0.05954 63.35302 0 -1.80000 -29.22500 44.76961 0.14276 13
-0.86037 -0.12080 51.91749 0 3.65000 24.60000 39.47673 0.13341 -13
0.77443 -0.00435 6.87928 0 0.05000 -22.55000 5.43902 0.12739 13
-0.12909 -0.05456 14.36554 0 1.60000 4.55000 14.24764 0.10168 13
-0.72306 -0.12835 71.64844 0 3.87500 23.70000 58.22283 0.12494 13
-1.25598 0.03809 34.62815 0 -1.12500 40.00000 21.57831 0.16172 -13
-1.37813 -0.24012 37.19312 0 7.27500 42.95000 22.24438 0.17319 -13
0.10534 0.01860 49.91368 0 -0.57500 -2.97500 49.63913 0.10128 13
1.35294 0.03723 23.36759 0 -1.15000 -41.60000 13.89581 0.16947 13
-0.22990 -0.07517 42.14521 0 2.27500 8.25000 41.07944 0.10361 -13
-1.21260 -0.19499 36.09494 0 5.90000 38.22500 23.21946 0.15951 -13
-0.01385 0.08946 79.58394 0 -2.70000 -0.65000 79.57637 0.10112 13
-0.96927 -0.18015 90.06945 0 5.42500 29.47500 65.17323 0.14141 13
0.04530 -0.21142 60.12891 0 6.37500 1.75000 60.06996 0.10304 -13
-1.91464 0.05041 48.05768 0 -1.50000 56.55000 22.27025 0.21758 -13
0.57102 -0.12299 89.54131 0 3.72500 -17.32500 77.89997 0.11663 -13
0.56405 0.09677 82.26645 0 -2.92500 -17.02500 71.73416 0.11603 13
-1.73650 -0.08376 16.33523 0 2.47500 52.77500 8.17365 0.20194 13
0.31747 0.04780 64.82093 0 -1.42500 -11.47500 61.78856 0.10576 -13
0.93292 -0.03962 4.03993 0 1.02500 -29.72500 2.95487 0.13781 13
-0.57738 -0.08199 25.35515 0 2.50000 17.87500 21.97623 0.11659 -13
-0.16799 -0.06866 22.56866 0 2.10000 6.72500 22.25830 0.10236 -13
0.24086 -0.19795 33.59699 0 5.95000 -6.35000 32.69672 0.10547 13
-0.80163 -0.08625 93.93770 0 2.60000 24.80000 73.40065 0.12935 -13
-0.65374 0.02364 73.38715 0 -0.70000 21.70000 61.43083 0.12034 -13
1.16722 0.04454 29.72823 0 -1.32500 -33.10000 19.35280 0.15485 -13
-0.10359 -0.01737 6.62195 0 0.60000 3.30000 6.58678 0.10127 -13
-1.56691 -0.23885 2.81728 0 7.50000 50.80000 1.54565 0.18926 -13
1.05964 0.03940 28.55499 0 -1.22500 -31.82500 19.60647 0.14678 13
0.43683 -0.22642 92.06646 0 6.82500 -10.40000 84.69987 0.11223 13
0.63887 0.07405 92.36544 0 -2.25000 -19.45000 77.89804 0.11973 13
1.19327 -0.09275 19.73488 0 2.75000 -36.92500 12.70766 0.15705 13
-0.27401 0.04270 2.09570 0 -1.05000 9.22500 2.02122 0.10461 -13
1.05433 -0.17766 63.70922 0 5.35000 -30.25000 44.20012 0.14741 13
-0.15545 0.11218 78.94376 0 -3.40000 4.65000 78.01825 0.10254 13
1.61918 -0.05765 85.64253 0 1.72500 -47.00000 45.05582 0.19173 13
-1.40130 -0.18747 51.28258 0 5.67500 42.82500 30.12960 0.17441 -13
1.95980 0.03281 32.02222 0 -0.95000 -60.47500 14.56008 0.22159 -13
0.81335 -0.21520 74.29654 0 6.50000 -21.97500 58.15359 0.13161 -13
-1.97423 -0.17332 17.77352 0 5.27500 56.75000 8.12409 0.22366 -13
0.63492 -0.02960 20.68169 0 0.92500 -17.80000 17.46206 0.11933 -13
-0.02482 -0.21829 38.35087 0 6.60000 -1.27500 38.33960 0.10311 -13
1.70724 -0.00709 87.69754 0 0.22500 -52.87500 44.32459 0.19925 -13
-1.93022 -0.05370 81.46635 0 1.62500 59.12500 37.51820 0.21900 -13
0.22279 0.08640 26.48410 0 -2.62500 -5.85000 25.85492 0.10354 13
-0.89028 0.02524 6.46580 0 -0.65000 30.87500 4.82998 0.13486 -13
0.84515 0.04337 94.66233 0 -1.30000 -25.05000 72.32785 0.13192 -13
-1.54556 0.09701 35.68860 0 -2.90000 47.40000 19.45072 0.18562 -13
2.03025 -0.20418 9.35729 0 6.27500 -61.55000 4.20391 0.22899 -13
1.54683 0.04235 46.64090 0 -1.25000 -48.60000 25.33778 0.18554 -13
0.37504 -0.04362 74.11437 0 1.32500 -11.72500 69.40270 0.10764 -13
0.83387 -0.09752 34.64021 0 2.92500 -26.60000 26.65454 0.13149 13
-0.07580 -0.06293 91.60327 0 1.90000 2.15000 91.34232 0.10119 13
0.48481 -0.17302 40.97736 0 5.22500 -14.07500 36.97479 0.11327 -13
-0.18724 -0.02824 47.55218 0 0.85000 5.27500 46.74060 0.10249 13
0.26064 0.06323 68.98314 0 -1.90000 -7.87500 66.76157 0.10426 -13
0.71561 -0.17874 28.46076 0 5.37500 -22.37500 23.26700 0.12512 13
0.63975 -0.03169 58.65479 0 0.97500 -19.00000 49.41621 0.11960 -13
-0.00177 0.10089 67.53279 0 -3.02500 0.95000 67.53269 0.10121 -13
-2.04013 0.07336 54.32456 0 -2.20000 60.30000 23.96191 0.22891 -13
1.12322 0.14836 29.64522 0 -4.50000 -32.67500 19.83173 0.15208 13
1.14541 -0.25051 29.64522 0 7.52500 -33.32500 19.83173 0.15516 13
0.11696 0.13290 27.71207 0 -4.00000 -6.75000 27.52775 0.10226 -13
0.11996 -0.26661 27.71207 0 8.05000 -6.85000 27.52775 0.10494 -13
0.10072 -0.14626 50.18318 0 4.40000 -2.57500 49.93580 0.10227 13
-0.89851 -0.00461 94.92999 0 0.15000 27.75000 70.61355 0.13539 -13
0.45724 0.00696 52.02182 0 -0.22500 -15.45000 47.31121 0.11073 13
0.38475 0.14757 3.55685 0 -4.30000 -12.20000 3.32430 0.10889 -13
0.39256 -0.25106 3.55685 0 7.72500 -12.45000 3.32430 0.11128 -13
0.74753 -0.09779 57.46084 0 2.95000 -21.82500 46.10132 0.12612 -13
0.22017 -0.24867 22.71798 0 7.52500 -6.72500 22.21650 0.10613 -13
0.16150 0.04897 90.88339 0 -1.47500 -7.45000 89.72363 0.10213 -13
0.99406 -0.17917 44.86470 0 5.42500 -30.32500 32.06702 0.14315 -13
-0.70309 -0.24262 12.12846 0 7.37500 21.90000 10.01391 0.12556 -13
-0.19552 -0.14185 14.91464 0 4.25000 5.95000 14.64276 0.10359 13
0.92787 0.08111 56.49910 0 -2.42500 -29.72500 41.47957 0.13761 -13
-0.17379 -0.02435 71.07504 0 0.75000 4.10000 70.02606 0.10224 -13
-1.40097 -0.22999 60.85652 0 6.95000 42.60000 35.95908 0.17489 -13
1.51838 0.11298 11.45004 0 -3.47500 -46.45000 6.32525 0.18350 13
0.71431 0.11646 18.32549 0 -3.55000 -19.25000 14.94590 0.12433 13
-1.31651 -0.02931 36.18207 0 0.85000 40.35000 21.89163 0.16651 13
-0.81671 -0.13215 92.00086 0 4.00000 23.57500 71.50155 0.13070 -13
