-0.13268 -0.01360 61.33499 0 0.40000 4.92500 60.80228 0.10159 13
-1.11105 -0.02147 64.92371 0 0.65000 32.85000 43.43899 0.15055 -13
0.22878 -0.22604 75.00544 0 6.82500 -9.77500 73.20512 0.10579 -13
-0.57860 0.62596 75.00544 0 6.77500 -9.72500 73.20512 0.10587 -13
0.37215 -0.64872 75.00544 0 7.85000 -7.70000 73.20512 0.11959 -13
-0.69305 0.59293 75.00544 0 6.67500 -7.20000 73.20512 0.12562 -13
0.32764 -0.21373 75.00544 0 7.57500 -6.70000 73.20512 0.13447 -13
-0.40361 0.02983 91.35260 0 -0.90000 8.75000 84.71836 0.10864 13
0.34590 -0.17411 97.49210 0 5.25000 -10.70000 92.28104 0.10800 -13
1.49222 0.07921 67.01807 0 -2.37500 -46.47500 37.38967 0.18107 -13
1.57381 -0.22829 1.63402 0 7.47500 -46.27500 0.89251 0.19036 -13
-0.08776 -0.15116 93.34730 0 4.55000 2.32500 92.99780 0.10223 13
0.46964 -0.13450 40.42093 0 4.05000 -14.20000 36.64573 0.11207 13
-0.87519 -0.14230 12.29172 0 4.22500 30.27500 9.28999 0.13455 13
-0.24339 0.06172 24.39374 0 -1.87500 6.85000 23.70435 0.10384 13
-0.09041 0.03077 13.35774 0 -0.90000 0.37500 13.30353 0.10116 -13
-0.73383 0.11350 73.40852 0 -3.42500 22.82500 59.31545 0.12543 13
0.37567 -0.21473 20.50273 0 6.45000 -10.85000 19.24572 0.10971 13
0.55813 0.10934 5.20117 0 -3.40000 -15.90000 4.54814 0.11592 13
1.25077 0.01133 24.30584 0 -0.30000 -36.12500 15.17907 0.16126 -13
-0.32971 0.06351 82.78035 0 -1.90000 8.80000 78.63277 0.10623 -13
-0.03161 0.04409 3.79371 0 -1.45000 0.12500 3.79182 0.10091 13
0.21258 -0.13214 23.06359 0 3.97500 -4.45000 22.56784 0.10380 13
1.32634 -0.09486 48.33219 0 2.85000 -40.50000 29.18032 0.16754 13
0.85035 -0.01374 74.10189 0 0.42500 -24.12500 56.45342 0.13220 -13
-0.38594 -0.02692 9.28486 0 0.75000 12.37500 8.66253 0.10798 13
-0.13504 0.09189 79.85490 0 -2.77500 3.75000 79.14254 0.10204 13
0.05143 -0.12332 74.85269 0 3.72500 -1.72500 74.75535 0.10160 -13
0.17491 0.13128 12.23108 0 -4.00000 -6.67500 12.05119 0.10310 13
0.17943 -0.26843 12.23108 0 8.05000 -6.80000 12.05119 0.10579 13
-0.65669 -0.07348 20.92994 0 2.25000 18.90000 17.50943 0.12071 -13
1.22773 -0.21919 39.54018 0 6.60000 -36.12500 25.32245 0.16096 13
0.33856 -0.09327 34.60898 0 2.82500 -7.32500 32.79594 0.10674 -13
-1.12194 -0.14126 8.63227 0 4.35000 32.35000 5.77469 0.15211 -13
-2.13121 -0.04018 72.14713 0 1.20000 64.65000 30.66640 0.23711 13
-0.56948 -0.04487 89.57689 0 1.35000 19.07500 77.85943 0.11597 13
-1.75487 0.08367 48.96065 0 -2.50000 57.32500 24.30410 0.20356 -13
0.50869 0.10527 9.25237 0 -3.22500 -16.55000 8.25611 0.11351 13
0.58859 -0.01662 92.45179 0 0.50000 -18.20000 79.67746 0.11686 13
1.51414 -0.12546 48.54421 0 3.80000 -46.22500 26.89795 0.18318 -13
0.05502 -0.06134 96.26186 0 1.85000 -1.27500 96.11703 0.10105 -13
0.08284 0.10118 31.32897 0 -3.05000 -3.62500 31.22308 0.10155 -13
0.69425 0.03978 85.26795 0 -1.20000 -24.05000 70.06092 0.12266 -13
-0.19112 -0.08462 86.31311 0 2.55000 8.05000 84.78933 0.10288 13
-0.33786 -0.15432 50.92894 0 4.65000 10.22500 48.30703 0.10742 13
0.68709 0.10471 59.74123 0 -3.17500 -20.72500 49.32488 0.12264 13
-0.45277 0.00941 19.51940 0 -0.25000 8.62500 17.78180 0.11055 -13
-2.08264 0.12776 47.53082 0 -3.82500 63.25000 20.71059 0.23298 -13
-2.14091 -0.27195 47.53082 0 8.22500 64.97500 20.71059 0.23928 -13
1.18967 0.08678 55.16077 0 -2.60000 -36.40000 35.57140 0.15674 -13
-0.73122 -0.23987 28.30655 0 7.22500 22.40000 23.06930 0.12705 13
0.06031 -0.00167 64.87638 0 0.05000 -2.12500 64.75871 0.10089 -13
-0.37232 -0.20491 77.64115 0 6.17500 10.55000 72.94040 0.10941 13
-0.57436 0.11479 82.69158 0 -3.47500 18.97500 71.82171 0.11671 13
-0.60374 0.05252 47.77224 0 -1.60000 19.22500 40.91155 0.11775 13
0.79641 0.02756 20.08252 0 -0.80000 -23.25000 15.71195 0.12876 -13
-0.61295 -0.01062 84.23078 0 0.32500 18.52500 71.81464 0.11812 -13
-0.19344 -0.15135 28.55695 0 4.55000 5.65000 28.04856 0.10369 13
0.02125 -0.11009 42.25878 0 3.32500 0.65000 42.24934 0.10134 -13
-0.80889 -0.15288 17.24251 0 4.65000 25.75000 13.46651 0.13046 -13
-0.54098 -0.22552 30.63247 0 6.77500 16.37500 27.09174 0.11671 13
0.14848 -0.24840 96.00094 0 7.50000 -3.15000 95.01946 0.10484 -13
1.45472 -0.16112 87.91204 0 4.85000 -45.97500 50.23452 0.17849 13
-0.24296 -0.20011 41.34224 0 6.05000 11.60000 40.21680 0.10558 -13
-0.37457 0.00307 55.33396 0 -0.07500 8.30000 51.81822 0.10754 -13
-1.93983 -0.05244 98.23643 0 1.57500 57.62500 45.06154 0.21985 13
-0.44801 -0.15263 37.13110 0 4.62500 12.47500 33.95058 0.11143 -13
-0.16291 0.04894 50.29677 0 -1.47500 4.67500 49.64392 0.10215 -13
0.31555 -0.24634 37.63519 0 7.42500 -10.35000 35.98413 0.10846 13
-0.85515 0.11664 95.33700 0 -3.50000 26.30000 72.66310 0.13302 -13
-0.67555 -0.22741 26.45645 0 6.87500 22.50000 22.09373 0.12369 -13
1.10162 0.00337 42.25436 0 -0.12500 -32.90000 28.40064 0.14983 13
-0.43340 -0.01919 49.64097 0 0.60000 11.37500 45.54841 0.10977 -13
0.78737 -0.09835 68.77474 0 2.97500 -25.05000 54.13473 0.12856 -13
0.39257 0.13245 46.82314 0 -4.00000 -13.20000 43.63515 0.10901 13
0.40280 -0.26713 46.82314 0 8.05000 -13.50000 43.63515 0.11184 13
1.02841 -0.04969 4.96974 0 1.37500 -32.30000 3.46686 0.14454 13
-0.37521 -0.03257 94.89330 0 0.97500 12.05000 88.85081 0.10761 13
0.18160 -0.03976 56.14948 0 1.20000 -4.17500 55.24721 0.10242 -13
1.69082 0.13759 31.49971 0 -4.17500 -51.15000 16.14682 0.19832 13
1.73154 -0.26173 31.49971 0 7.87500 -52.35000 16.14682 0.20302 13
2.02041 0.01337 69.43314 0 -0.42500 -60.90000 30.80241 0.22703 13
0.50783 -0.02964 57.14574 0 0.90000 -13.15000 50.95679 0.11298 -13
0.82244 -0.21563 46.78867 0 6.52500 -27.17500 36.46509 0.13219 -13
1.63351 -0.04596 8.67963 0 1.27500 -50.90000 4.53495 0.19293 13
0.11853 0.08009 71.68083 0 -2.40000 -2.90000 71.18565 0.10172 -13
-0.68765 -0.15669 18.80647 0 4.75000 19.90000 15.55653 0.12325 -13
-0.68070 0.08561 27.54859 0 -2.60000 20.52500 22.79933 0.12214 13
1.64428 -0.08174 71.71034 0 2.47500 -48.15000 37.35280 0.19398 -13
-0.23256 -0.23010 48.93546 0 6.95000 9.70000 47.72527 0.10596 -13
0.75993 -0.07800 7.12828 0 2.45000 -23.02500 5.68172 0.12677 -13
-1.23604 -0.20669 19.73996 0 6.27500 34.47500 12.57200 0.16151 -13
-0.16583 -0.09307 46.45153 0 2.82500 6.32500 45.83111 0.10251 -13
0.98205 -0.05244 4.67158 0 1.42500 -29.90000 3.33558 0.14123 13
-1.10631 -0.15386 17.69097 0 4.67500 34.30000 11.93912 0.15101 -13
-1.60383 0.14732 88.64758 0 -4.45000 48.02500 47.26476 0.19092 13
-1.63612 -0.25155 88.64758 0 7.57500 49.00000 47.26476 0.19474 13
0.77646 0.10685 82.63793 0 -3.22500 -23.75000 65.41072 0.12795 -13
0.81827 0.12712 55.70702 0 -3.82500 -26.12500 43.25128 0.13075 -13
0.84140 -0.27272 55.70702 0 8.25000 -26.82500 43.25128 0.13446 -13
0.03385 -0.06326 15.93950 0 1.87500 -0.87500 15.93041 0.10096 13
-1.81275 0.08622 44.31823 0 -2.62500 52.72500 21.46776 0.20868 13
-0.30819 -0.00035 42.94593 0 -0.00000 8.75000 41.04115 0.10538 13
0.21182 -0.21488 57.61444 0 6.50000 -5.62500 56.41746 0.10519 -13
0.87043 -0.04605 82.58851 0 1.37500 -25.67500 62.32338 0.13358 13
-0.46763 -0.19482 74.87839 0 5.87500 12.70000 68.05240 0.11288 13
-1.79134 0.06101 7.11941 0 -1.70000 53.12500 3.47489 0.20667 -13
-1.55867 -0.23297 32.97066 0 7.05000 47.37500 18.13783 0.18799 -13
0.72318 0.10900 10.44461 0 -3.22500 -20.00000 8.48083 0.12474 -13
-0.49642 -0.10933 78.70995 0 3.30000 14.70000 70.58341 0.11296 13
-0.06850 0.14244 4.79887 0 -4.20000 3.70000 4.78787 0.10193 -13
-0.07010 -0.25661 4.79887 0 7.85000 3.75000 4.78787 0.10432 -13
-0.19904 -0.12291 82.36951 0 3.70000 5.07500 80.80767 0.10342 13
0.21478 -0.06857 72.25378 0 2.07500 -4.85000 70.64991 0.10323 -13
0.00715 -0.15298 87.68142 0 4.60000 0.70000 87.67923 0.10187 13
-0.30442 0.12783 78.97609 0 -3.85000 8.30000 75.60428 0.10605 13
-0.31293 -0.27199 78.97609 0 8.20000 8.55000 75.60428 0.10901 13
0.03026 -0.17739 43.95763 0 5.35000 -0.12500 43.93813 0.10231 13
1.22805 0.13453 21.58459 0 -4.10000 -36.47500 13.70247 0.16009 13
1.25912 -0.26501 21.58459 0 7.95000 -37.40000 13.70247 0.16406 13
-0.52137 -0.02032 38.07894 0 0.62500 17.42500 33.76678 0.11359 -13
-0.05845 -0.05114 65.10593 0 1.55000 2.80000 64.99530 0.10101 -13
0.70866 0.02079 69.80107 0 -0.62500 -23.17500 56.95451 0.12345 13
-1.08939 0.10115 94.31190 0 -3.05000 32.70000 63.95276 0.14927 13
0.63554 -0.11740 23.27544 0 3.52500 -16.92500 19.68277 0.11989 13
0.15062 0.10870 67.57084 0 -3.27500 -2.97500 66.82580 0.10242 -13
-0.18406 0.01335 8.48125 0 -0.35000 7.17500 8.34114 0.10241 -13
0.90887 -0.01519 72.85579 0 0.45000 -27.32500 53.91772 0.13609 13
-0.30282 -0.24043 13.10452 0 7.30000 10.87500 12.57097 0.10801 -13
0.72169 0.09160 24.01696 0 -2.75000 -22.80000 19.50278 0.12453 -13
-1.14620 -0.04515 37.44231 0 1.37500 37.22500 24.62916 0.15326 -13
-0.32972 -0.17318 2.74671 0 5.42500 8.47500 2.61242 0.10765 -13
0.21632 0.12940 89.58384 0 -3.90000 -7.37500 87.59088 0.10386 13
0.22222 -0.27033 89.58384 0 8.15000 -7.55000 87.59088 0.10668 13
-1.45896 -0.20711 82.80757 0 6.25000 47.80000 47.48584 0.17935 -13
-0.54224 -0.08606 97.56060 0 2.60000 19.60000 85.83529 0.11489 -13
-1.50524 -0.07495 3.10949 0 2.55000 43.70000 1.72473 0.18231 -13
-1.86995 -0.12791 19.65377 0 3.80000 57.15000 9.32686 0.21388 13
0.56717 0.00150 27.83722 0 -0.07500 -18.62500 24.21411 0.11578 13
-0.67350 0.14957 40.52468 0 -4.50000 21.57500 33.72717 0.12233 -13
-0.68646 -0.24919 40.52468 0 7.52500 21.97500 33.72717 0.12471 -13
-2.10477 -0.05120 8.32096 0 1.40000 62.92500 3.57511 0.23466 13
1.06218 -0.22261 75.28577 0 6.72500 -29.67500 52.26484 0.14863 -13
-1.41174 0.13618 75.38444 0 -4.12500 41.60000 43.84011 0.17477 13
-1.44646 -0.26322 75.38444 0 7.92500 42.62500 43.84011 0.17904 13
-1.17857 -0.17243 75.35283 0 5.20000 34.80000 49.16563 0.15663 -13
0.75790 0.05868 69.28481 0 -1.75000 -21.37500 55.25270 0.12650 -13
-1.66408 0.05705 51.79924 0 -1.70000 48.47500 26.71337 0.19559 -13
0.59754 0.13371 6.25930 0 -4.12500 -17.02500 5.38522 0.11816 13
0.61298 -0.26590 6.25930 0 7.92500 -17.45000 5.38522 0.12104 13
0.74443 -0.07834 39.67203 0 2.37500 -18.90000 31.85732 0.12579 -13
1.50900 -0.01105 58.47005 0 0.32500 -43.62500 32.30050 0.18230 13
1.77960 -0.20285 5.23074 0 6.30000 -56.57500 2.60248 0.20683 -13
0.21131 -0.23363 93.64583 0 7.05000 -6.97500 91.72418 0.10558 13
0.62298 -0.00027 98.43218 0 0.02500 -19.00000 83.54609 0.11865 -13
-0.47125 -0.04231 3.50162 0 1.12500 15.05000 3.16816 0.11143 13
-0.71651 0.12632 70.61818 0 -3.80000 24.35000 57.55735 0.12454 -13
-0.73698 -0.27356 70.61818 0 8.25000 24.97500 57.55735 0.12811 -13
0.89380 0.12689 35.98614 0 -3.85000 -25.80000 26.92596 0.13568 13
0.91915 -0.27305 35.98614 0 8.22500 -26.55000 26.92596 0.13949 13
1.35621 0.06360 97.35157 0 -1.90000 -40.60000 57.84996 0.16981 -13
-0.01609 -0.17469 78.81407 0 5.27500 0.75000 78.80418 0.10224 13
-1.34431 0.00916 37.47643 0 -0.25000 41.35000 22.36851 0.16872 -13
-0.88111 -0.19246 41.37955 0 5.82500 26.40000 31.29238 0.13562 -13
-0.88545 -0.24816 8.15626 0 7.40000 26.12500 6.18550 0.13674 13
-0.92705 -0.20585 71.05285 0 6.20000 29.15000 52.60310 0.13887 13
-0.23242 0.12252 26.70255 0 -3.72500 9.92500 26.01920 0.10413 13
-0.23941 -0.27765 26.70255 0 8.35000 10.15000 26.01920 0.10724 13
1.63821 -0.03785 53.12502 0 1.12500 -49.87500 27.69343 0.19332 13
-1.79592 0.08099 36.37613 0 -2.42500 54.67500 17.74121 0.20714 -13
0.13813 -0.06775 99.57868 0 2.05000 -6.17500 98.64631 0.10189 -13
-0.04442 -0.09141 39.99590 0 2.77500 2.27500 39.95684 0.10123 -13
0.72852 0.12034 91.87140 0 -3.62500 -22.35000 74.43988 0.12518 -13
0.75109 -0.27990 91.87140 0 8.45000 -23.05000 74.43988 0.12907 -13
-0.54240 -0.15436 3.33035 0 4.47500 17.90000 2.93537 0.11557 13
0.44977 -0.07602 10.19166 0 2.25000 -14.80000 9.29960 0.11067 13
0.82013 0.05973 68.34389 0 -1.80000 -25.00000 52.88239 0.13037 -13
0.69534 -0.14576 24.91493 0 4.37500 -23.20000 20.52514 0.12352 13
0.54578 -0.13926 9.37993 0 4.25000 -16.00000 8.25116 0.11561 -13
-0.59269 0.04916 60.24971 0 -1.50000 19.07500 51.84626 0.11717 13
0.39121 -0.19350 64.92827 0 5.85000 -12.32500 60.61132 0.10988 -13
0.68303 0.03553 6.12196 0 -0.97500 -18.67500 5.05647 0.12201 -13
-0.00033 -0.09871 35.46876 0 2.97500 -0.95000 35.46875 0.10118 13
0.49800 -0.17637 48.82067 0 5.30000 -15.82500 43.83305 0.11389 13
1.82724 0.13890 13.67785 0 -4.27500 -54.80000 6.61296 0.21037 13
1.87050 -0.26046 13.67785 0 7.77500 -56.02500 6.61296 0.21508 13
-1.01378 0.02987 5.93130 0 -1.02500 32.65000 4.16652 0.14346 13
-1.61782 0.04232 36.94263 0 -1.30000 49.27500 19.43666 0.19157 13
-0.17723 0.04090 21.99230 0 -1.20000 7.10000 21.65534 0.10235 -13
1.55698 -0.16891 95.66776 0 5.10000 -48.67500 52.21421 0.18713 -13
-0.52019 -0.00836 88.73469 0 0.25000 15.37500 78.72124 0.11352 13
-0.61250 -0.05043 16.11408 0 1.55000 19.00000 13.74634 0.11821 -13
1.83516 -0.28167 1.12383 0 7.52500 -54.65000 0.55374 0.21160 13
0.37245 -0.20748 56.64232 0 6.25000 -12.27500 53.21419 0.10947 13
1.03616 -0.07611 75.71422 0 2.27500 -32.12500 52.65717 0.14521 13
-1.08678 0.05410 75.12025 0 -1.62500 35.02500 50.90542 0.14882 -13
-1.68926 -0.15333 84.82823 0 4.62500 51.52500 43.58381 0.19830 -13
0.26254 -0.15751 83.77287 0 4.75000 -8.95000 81.09031 0.10531 -13
0.31693 0.07102 49.50831 0 -2.12500 -7.10000 47.20576 0.10588 -13
0.56807 -0.00241 43.36378 0 0.07500 -17.57500 37.70480 0.11582 -13
-1.10359 -0.02793 40.14620 0 0.87500 35.87500 26.96281 0.15000 -13
1.35239 0.03641 34.96974 0 -1.12500 -43.97500 20.79951 0.16942 13
-1.76065 -0.24772 28.48952 0 7.50000 52.42500 14.38782 0.20549 -13
0.69322 -0.13659 70.50466 0 4.10000 -18.70000 58.11655 0.12330 13
-0.93764 0.14031 29.02020 0 -4.25000 24.57500 21.26620 0.13878 13
-0.95903 -0.25893 29.02020 0 7.77500 25.20000 21.26620 0.14192 13
2.04901 -0.06080 86.72212 0 1.85000 -61.35000 38.09251 0.22970 -13
1.28601 -0.06462 32.97273 0 1.92500 -41.70000 20.26716 0.16417 13
-0.12850 0.10316 57.97993 0 -3.12500 4.22500 57.51189 0.10207 13
1.72803 -0.21266 71.66354 0 6.40000 -52.30000 36.49180 0.20216 13
0.90685 -0.19952 82.68309 0 6.02500 -26.20000 61.78500 0.13743 -13
0.04577 -0.24845 5.59268 0 7.40000 -1.67500 5.58719 0.10381 13
1.22235 -0.20552 81.09653 0 6.20000 -36.85000 51.98530 0.16037 13
-1.73734 0.10434 60.20300 0 -3.17500 54.52500 30.15576 0.20215 13
-1.53437 -0.08287 20.96336 0 2.45000 46.00000 11.47283 0.18462 13
-1.63651 -0.10079 87.81282 0 3.02500 49.85000 45.95490 0.19340 13
-1.02673 0.03418 24.21454 0 -1.05000 29.82500 16.90002 0.14438 13
0.34161 0.02622 66.93895 0 -0.77500 -11.35000 63.34697 0.10645 -13
0.28676 -0.05237 3.00319 0 1.40000 -6.45000 2.88705 0.10494 13
2.15497 0.10815 65.99211 0 -3.25000 -64.57500 27.91229 0.23946 -13
-1.72895 0.03411 37.54295 0 -1.05000 50.32500 18.80540 0.20117 13
0.88989 0.01022 2.88469 0 -0.52500 -25.50000 2.15494 0.13492 13
-0.01946 -0.18920 86.10934 0 5.72500 0.67500 86.09361 0.10252 -13
0.30191 -0.18767 67.65874 0 5.67500 -8.97500 64.86325 0.10688 -13
-1.75689 -0.04855 61.13227 0 1.47500 53.55000 30.26757 0.20364 -13
-2.11046 0.10353 16.18304 0 -3.05000 63.90000 6.95945 0.23537 -13
0.13921 0.12208 78.86473 0 -3.67500 -4.95000 78.12238 0.10241 -13
0.14344 -0.27807 78.86473 0 8.40000 -5.07500 78.12238 0.10552 -13
0.08176 -0.02358 28.55326 0 0.72500 -4.87500 28.45831 0.10107 -13
0.24785 0.02580 92.73288 0 -0.77500 -7.02500 90.01112 0.10378 -13
0.44897 0.14964 7.79520 0 -4.45000 -13.37500 7.12444 0.11138 -13
0.45762 -0.24911 7.79520 0 7.57500 -13.65000 7.12444 0.11363 -13
-0.94771 -0.01073 52.92109 0 0.32500 27.97500 38.41247 0.13875 -13
1.37208 0.01815 79.87312 0 -0.55000 -41.05000 47.04945 0.17098 13
-0.97734 0.01188 57.49394 0 -0.37500 30.05000 41.11894 0.14082 13
-0.24632 -0.08380 51.08223 0 2.52500 9.95000 49.60962 0.10405 13
-0.20672 -0.00679 67.51281 0 0.20000 7.65000 66.11504 0.10283 -13
1.81151 -0.03874 74.91238 0 1.17500 -56.80000 36.22491 0.20842 -13
1.24773 -0.12490 45.43414 0 3.77500 -36.37500 28.54737 0.16153 -13
-0.04769 -0.18792 60.82254 0 5.65000 -1.27500 60.75584 0.10258 13
-1.99435 -0.23877 70.87538 0 7.17500 61.97500 32.47592 0.22593 13
0.95822 -0.13793 88.65097 0 4.15000 -29.40000 64.29691 0.14016 13
0.54512 -0.20714 4.39855 0 6.12500 -17.20000 3.88032 0.11651 13
-0.61995 -0.16124 13.18093 0 4.90000 17.87500 11.24247 0.11963 -13
-1.16714 -0.00430 30.05368 0 0.15000 35.40000 19.55422 0.15477 -13
0.42695 -0.14424 11.57071 0 4.30000 -11.47500 10.65811 0.11044 13
1.82310 -0.21884 41.06708 0 6.57500 -54.72500 20.10549 0.21052 13
0.29553 -0.15986 14.50444 0 4.85000 -8.72500 13.92369 0.10625 -13
1.71758 -0.05904 6.63798 0 1.62500 -55.82500 3.34472 0.20018 13
0.07343 -0.03757 8.23144 0 1.20000 -3.50000 8.20940 0.10106 -13
-0.69928 -0.05889 20.47453 0 1.75000 21.27500 16.78874 0.12302 13
1.24070 0.08177 43.82708 0 -2.45000 -34.30000 27.55794 0.16068 -13
-0.00333 0.11562 92.25457 0 -3.50000 -0.17500 92.25406 0.10138 13
0.80992 0.05789 33.85045 0 -1.72500 -24.67500 26.32236 0.12972 -13
0.02610 -0.11971 12.72715 0 3.57500 -1.12500 12.72283 0.10144 13
0.33259 0.08244 95.02638 0 -2.47500 -11.27500 90.20016 0.10645 -13
0.45767 -0.09981 2.59475 0 2.80000 -13.40000 2.36140 0.11123 13
0.81218 0.03247 95.59442 0 -0.97500 -23.67500 74.21908 0.12977 13
-0.83633 -0.07072 25.08185 0 2.15000 26.87500 19.25967 0.13148 -13
0.47790 0.09215 51.35132 0 -2.80000 -15.70000 46.36854 0.11200 13
-0.75468 0.13827 82.36611 0 -4.17500 23.80000 65.97015 0.12692 -13
-0.77259 -0.26098 82.36611 0 7.87500 24.35000 65.97015 0.12995 -13
-1.98383 0.03474 64.51815 0 -1.02500 60.55000 29.05440 0.22375 -13
-0.11093 0.07982 84.88825 0 -2.42500 4.20000 84.37395 0.10164 13
0.41427 0.06183 94.33548 0 -1.87500 -13.60000 87.17705 0.10918 13
1.20839 0.08841 67.37597 0 -2.67500 -35.50000 43.05457 0.15821 13
0.41714 -0.18302 94.26822 0 5.52500 -12.12500 87.21169 0.11067 -13
-0.54855 -0.14735 6.46895 0 4.52500 15.12500 5.68569 0.11588 -13
-0.87619 0.09237 73.62859 0 -2.80000 27.00000 55.48050 0.13422 13
0.53358 0.03632 42.35876 0 -1.07500 -14.12500 37.37695 0.11420 -13
-0.59585 -0.12618 64.83518 0 3.80000 17.55000 55.81237 0.11790 13
0.16416 -0.15465 15.48055 0 4.70000 -8.00000 15.28076 0.10325 -13
0.26886 0.10039 68.34331 0 -3.02500 -10.57500 66.02144 0.10477 13
1.17679 -0.06999 20.99031 0 2.07500 -34.85000 13.61110 0.15567 13
0.04513 0.07426 94.04759 0 -2.22500 -2.87500 93.95247 0.10108 -13
-1.59164 -0.02837 98.55210 0 0.85000 47.70000 52.44439 0.18931 13
0.00211 0.03570 69.31243 0 -1.07500 -0.02500 69.31227 0.10077 13
1.80813 -0.22977 32.68537 0 6.97500 -53.95000 16.13217 0.20940 -13
1.30277 0.11137 76.83967 0 -3.35000 -40.77500 46.96784 0.16576 -13
-1.20875 -0.06181 65.39657 0 1.87500 37.97500 41.73385 0.15811 -13
-0.86959 -0.14553 53.28232 0 4.40000 25.17500 40.38729 0.13426 -13
-0.19189 -0.10661 15.24657 0 3.17500 6.32500 14.97639 0.10309 13
0.54756 -0.03276 6.17535 0 1.07500 -16.95000 5.41685 0.11489 -13
-0.15937 -0.02058 64.52262 0 0.62500 5.20000 63.71882 0.10200 13
-0.06138 -0.07561 47.59211 0 2.27500 1.05000 47.50322 0.10118 13
1.12791 -0.14707 16.84153 0 4.40000 -33.47500 11.23913 0.15249 13
0.17397 -0.13872 80.46835 0 4.20000 -3.65000 79.29969 0.10317 -13
-0.78532 -0.05691 36.78697 0 1.72500 24.22500 28.94998 0.12818 -13
0.18208 -0.25124 1.11026 0 7.07500 -4.45000 1.09341 0.10551 13
0.22140 -0.06479 10.21570 0 1.90000 -10.52500 9.97514 0.10335 13
-0.04693 0.06119 68.66173 0 -1.85000 2.27500 68.58652 0.10100 13
-1.61442 -0.07799 29.67888 0 2.32500 51.10000 15.66220 0.19139 13
-0.37068 -0.22124 58.10893 0 6.67500 11.85000 54.64008 0.10969 -13
-0.46448 0.10033 5.15861 0 -2.92500 14.87500 4.68281 0.11148 -13
0.89335 -0.08934 50.50305 0 2.70000 -28.22500 37.72950 0.13534 -13
0.28800 0.04413 96.18044 0 -1.32500 -9.95000 92.43066 0.10489 13
1.16686 -0.16229 51.74741 0 4.90000 -35.70000 33.92567 0.15563 -13
1.28462 -0.08175 56.29575 0 2.47500 -36.50000 34.65281 0.16415 -13
0.46245 -0.17990 42.80983 0 5.42500 -13.00000 38.96375 0.11231 -13
0.46246 -0.17991 42.80983 0 5.45000 -13.00000 38.96375 0.11243 -13
-1.68774 -0.15607 37.73142 0 4.72500 48.67500 19.40544 0.19820 -13
-0.07443 -0.05089 81.61955 0 1.52500 2.72500 81.39501 0.10111 13
0.88958 -0.17335 1.32555 0 4.72500 -25.52500 0.99663 0.13601 13
-0.30395 -0.17555 28.98233 0 5.27500 13.80000 27.76485 0.10672 13
-0.04415 0.04763 25.08903 0 -1.45000 2.67500 25.06465 0.10092 13
-1.75966 -0.26236 2.18671 0 7.45000 53.15000 1.10734 0.20507 13
-0.67260 -0.02733 34.15074 0 0.85000 20.30000 28.34063 0.12139 -13
0.06603 0.04506 41.62155 0 -1.35000 -0.75000 41.53130 0.10103 -13
1.20254 -0.23285 25.78963 0 7.00000 -36.65000 16.74574 0.15920 13
0.84910 -0.20459 63.06645 0 6.15000 -25.75000 48.48333 0.13370 13
-0.41889 -0.14374 93.36900 0 4.32500 13.42500 86.24878 0.11013 13
-0.26059 -0.17042 16.40929 0 5.10000 11.10000 15.89319 0.10546 13
0.04011 -0.20116 3.01857 0 5.90000 -1.40000 3.01621 0.10275 13
1.14749 -0.22030 80.18623 0 6.65000 -35.37500 53.38887 0.15489 -13
0.83319 -0.24130 4.84548 0 7.12500 -26.67500 3.76528 0.13320 13
-1.97618 0.01298 75.27197 0 -0.37500 61.02500 33.98862 0.22302 -13
0.50262 -0.11262 37.00383 0 3.40000 -14.82500 33.10496 0.11328 -13
-0.35463 0.06566 8.20719 0 -1.92500 10.65000 7.73705 0.10705 -13
0.08359 0.15011 19.58802 0 -4.50000 0.15000 19.52141 0.10202 -13
0.08518 -0.24861 19.58802 0 7.52500 0.10000 19.52141 0.10414 -13
0.45341 0.13335 34.78249 0 -4.00000 -13.65000 31.72554 0.11138 -13
0.46510 -0.26612 34.78249 0 8.05000 -14.00000 31.72554 0.11427 -13
1.35394 -0.20183 59.37903 0 6.10000 -41.42500 35.73274 0.17074 -13
0.47493 -0.11707 93.82404 0 3.52500 -14.27500 84.85702 0.11210 13
-1.77038 0.14270 45.48606 0 -4.32500 53.80000 22.54181 0.20528 13
-1.80928 -0.25639 45.48606 0 7.70000 54.97500 22.54181 0.20973 13
-1.26636 0.12096 31.46866 0 -3.67500 39.42500 19.58899 0.16298 13
-1.30536 -0.27927 31.46866 0 8.40000 40.57500 19.58899 0.16794 13
0.04667 0.00362 50.71139 0 -0.10000 -0.35000 50.65625 0.10082 -13
0.75746 -0.08243 25.53113 0 2.50000 -21.40000 20.37686 0.12661 -13
-0.17672 -0.22551 69.88439 0 6.80000 4.82500 68.86852 0.10475 13
-0.36811 0.13365 9.46273 0 -3.97500 10.62500 8.88932 0.10813 -13
-0.37755 -0.26565 9.46273 0 8.07500 10.90000 8.88932 0.11098 -13
1.39563 -0.22124 97.45635 0 6.67500 -42.80000 57.65874 0.17427 13
-2.38779 0.74234 97.45635 0 6.67500 -42.85000 57.65874 0.17448 13
1.43050 -0.24051 3.24644 0 7.00000 -42.72500 1.89477 0.17721 13
1.17633 -0.02290 21.71542 0 0.65000 -37.17500 14.06709 0.15550 13
1.34801 0.12060 64.45448 0 -3.62500 -41.85000 38.58066 0.16945 -13
1.38970 -0.27959 64.45448 0 8.45000 -43.10000 38.58066 0.17471 -13
-0.95287 0.03169 61.36171 0 -0.97500 29.32500 44.43429 0.13914 13
0.91043 0.00768 59.94683 0 -0.22500 -29.67500 44.32846 0.13619 -13
1.32541 0.00723 53.36025 0 -0.22500 -40.80000 32.13856 0.16720 13
-0.37262 -0.08503 8.59746 0 2.62500 10.82500 8.06010 0.10783 -13
-1.17862 0.11518 47.48421 0 -3.45000 35.50000 30.83760 0.15608 -13
-1.03226 -0.06275 77.20444 0 1.87500 31.65000 53.77269 0.14487 13
-0.93972 -0.22327 1.04851 0 6.05000 30.97500 0.77280 0.14006 13
-0.08201 0.12355 32.24885 0 -3.70000 2.62500 32.14258 0.10180 -13
-0.08444 -0.27649 32.24885 0 8.35000 2.70000 32.14258 0.10485 -13
0.18303 -0.11894 8.22835 0 3.52500 -4.85000 8.09561 0.10306 13
0.93270 -0.13954 96.97568 0 4.22500 -29.32500 71.23463 0.13843 -13
-0.14946 -0.07273 64.23586 0 2.17500 4.30000 63.53385 0.10208 13
0.20742 -0.23054 27.12550 0 6.97500 -5.87500 26.58780 0.10545 -13
0.14540 -0.22550 91.44454 0 6.80000 -5.40000 90.53824 0.10427 -13
-0.22410 0.14547 95.68913 0 -4.40000 6.97500 93.41942 0.10424 13
-0.22879 -0.25348 95.68913 0 7.65000 7.12500 93.41942 0.10641 13
-1.67860 -0.22454 89.60124 0 6.77500 47.47500 46.69169 0.19808 -13
-0.81861 -0.19787 7.70379 0 6.05000 24.07500 6.00686 0.13174 -13
1.10801 -0.23688 90.35156 0 7.15000 -36.10000 61.44109 0.15218 13
-1.09921 -0.03288 23.46729 0 1.02500 37.67500 15.79650 0.14969 -13
-0.29143 -0.08502 99.57116 0 2.55000 8.27500 95.62124 0.10524 13
0.06900 0.05290 95.78201 0 -1.60000 -1.17500 95.55549 0.10108 13
0.13873 0.08057 80.82388 0 -2.42500 -3.95000 80.06215 0.10199 13
1.14140 -0.13891 59.30535 0 4.20000 -35.07500 39.29230 0.15347 -13
-0.21544 0.11192 28.99416 0 -3.35000 4.52500 28.35163 0.10362 -13
0.00850 0.11504 3.78323 0 -3.60000 1.82500 3.78309 0.10146 13
0.00880 -0.28569 3.78323 0 8.47500 1.82500 3.78309 0.10465 13
0.56005 -0.12545 48.08582 0 3.77500 -17.10000 42.03201 0.11610 13
0.14821 -0.13511 46.92728 0 4.07500 -3.90000 46.42917 0.10271 -13
-1.13100 -0.23461 76.29296 0 7.10000 33.60000 51.29174 0.15387 -13
-0.16490 0.14228 47.03741 0 -4.30000 1.57500 46.42286 0.10307 13
-0.16854 -0.25681 47.03741 0 7.72500 1.67500 46.42286 0.10534 13
1.65267 -0.01066 50.26903 0 0.30000 -48.90000 26.02509 0.19452 13
-1.56892 0.11126 74.14458 0 -3.35000 45.10000 40.02592 0.18768 -13
-0.10671 0.10956 63.69041 0 -3.32500 3.40000 63.33505 0.10188 13
1.31838 -0.02497 25.34706 0 0.72500 -40.20000 15.32087 0.16666 13
-0.40654 -0.24030 54.38449 0 7.25000 10.65000 50.57649 0.11138 -13
-0.32591 -0.04753 87.36687 0 1.45000 9.62500 83.07572 0.10603 -13
0.34285 0.00866 17.77089 0 -0.22500 -13.00000 16.81038 0.10638 -13
0.34285 0.00867 17.77089 0 -0.22500 -13.00000 16.81038 0.10646 -13
1.71446 -0.00775 38.86958 0 0.25000 -48.07500 19.58463 0.19987 -13
0.56873 -0.04016 19.15871 0 1.17500 -18.22500 16.65708 0.11592 13
0.84550 -0.23376 6.05864 0 7.17500 -27.22500 4.67762 0.13409 -13
-0.21271 -0.15278 19.37687 0 4.57500 4.90000 18.96218 0.10409 13
-1.27193 -0.13830 38.76994 0 4.15000 36.75000 24.10228 0.16351 13
0.21189 0.03840 63.04135 0 -1.17500 -3.80000 61.67410 0.10301 13
0.06810 -0.06311 72.28192 0 1.90000 -3.10000 72.11559 0.10113 13
0.39583 -0.22714 31.80829 0 6.87500 -13.07500 29.67476 0.11071 -13
-1.28202 -0.08879 44.56088 0 2.65000 38.57500 27.47391 0.16397 13
-0.38880 0.10571 57.41608 0 -3.17500 11.30000 53.55243 0.10857 -13
-0.24634 -0.03684 24.37920 0 1.12500 7.85000 23.67246 0.10378 -13
0.59507 -0.04905 91.07496 0 1.47500 -17.30000 78.29018 0.11729 -13
-2.12997 -0.19066 91.52479 0 5.75000 63.92500 39.46800 0.23771 13
-2.05755 -0.03579 32.89846 0 1.05000 61.50000 14.38751 0.23041 13
-0.32205 0.13016 59.55635 0 -3.92500 10.95000 56.73336 0.10660 -13
-0.33076 -0.26951 59.55635 0 8.15000 11.22500 56.73336 0.10949 -13
-0.77679 -0.12070 33.60442 0 3.62500 21.90000 26.61011 0.12809 13
-0.90336 -0.19148 73.09455 0 5.77500 27.82500 54.67583 0.13707 13
0.17732 0.13024 51.67919 0 -3.95000 -6.27500 50.89839 0.10311 13
0.18210 -0.26946 51.67919 0 8.12500 -6.42500 50.89839 0.10588 13
1.35797 0.06864 60.71097 0 -2.07500 -41.02500 36.05425 0.16997 13
-0.70760 -0.06223 3.72543 0 2.02500 22.72500 3.04268 0.12363 -13
-0.17343 -0.23282 7.32081 0 7.10000 4.95000 7.21859 0.10493 -13
-1.37119 0.07514 16.37113 0 -2.32500 38.67500 9.66391 0.17110 13
-0.02411 -0.12116 85.86762 0 3.65000 2.22500 85.84303 0.10147 -13
0.39575 0.09335 51.41993 0 -2.82500 -13.52500 47.83992 0.10871 13
-0.81064 0.08657 72.53778 0 -2.62500 23.50000 56.43177 0.12993 13
1.90696 0.08795 23.85085 0 -2.60000 -56.62500 11.11327 0.21693 -13
-1.25550 -0.13024 36.07359 0 3.95000 36.15000 22.58990 0.16219 -13
0.38775 -0.21904 65.23562 0 6.62500 -10.25000 61.00669 0.11024 -13
1.73998 0.13065 22.50054 0 -3.90000 -53.25000 11.28370 0.20248 -13
1.78632 -0.26876 22.50054 0 8.15000 -54.67500 11.28370 0.20802 -13
0.32902 -0.21691 52.55318 0 6.52500 -9.27500 50.03038 0.10823 13
0.84438 0.07415 22.71709 0 -2.27500 -25.75000 17.37692 0.13202 13
1.02413 -0.01912 84.64149 0 0.57500 -32.50000 59.13837 0.14417 -13
0.69918 -0.05308 15.89439 0 1.62500 -23.40000 13.03224 0.12300 -13
-1.46143 -0.23915 41.75931 0 7.22500 45.57500 24.02979 0.17997 -13
-0.08874 -0.08223 56.19688 0 2.50000 0.77500 55.97841 0.10145 -13
-0.21728 -0.06931 84.18127 0 2.10000 7.22500 82.27089 0.10329 -13
0.31407 -0.02700 15.44134 0 0.85000 -8.50000 14.73224 0.10559 -13
0.71657 -0.01292 7.84866 0 0.30000 -22.12500 6.38003 0.12390 13
-0.95910 0.09862 10.07607 0 -2.90000 25.72500 7.28914 0.13986 -13
0.82864 0.07269 24.43325 0 -2.17500 -23.10000 18.83335 0.13099 -13
-0.32007 -0.17297 23.60797 0 5.20000 8.87500 22.51467 0.10715 13
0.47252 0.13421 62.67453 0 -4.05000 -15.12500 56.75874 0.11220 -13
0.48452 -0.26524 62.67453 0 8.00000 -15.47500 56.75874 0.11506 -13
1.73409 0.14271 66.00025 0 -4.30000 -55.25000 33.22117 0.20207 -13
1.77224 -0.25636 66.00025 0 7.75000 -56.42500 33.22117 0.20656 -13
0.65074 -0.05488 76.96555 0 1.65000 -23.67500 64.53820 0.12027 -13
0.12907 -0.02736 62.09645 0 0.82500 -2.12500 61.58606 0.10158 13
-0.03446 0.01278 80.58637 0 -0.37500 0.97500 80.53859 0.10077 -13
1.02925 -0.09755 7.97761 0 2.85000 -29.70000 5.57285 0.14482 13
0.18500 -0.14937 79.30680 0 4.50000 -4.32500 78.01175 0.10351 13
-2.02550 0.02479 74.75593 0 -0.72500 60.10000 33.10244 0.22749 -13
-1.26039 -0.11649 47.76138 0 3.52500 37.15000 29.80825 0.16246 -13
-1.30176 -0.04156 95.23383 0 1.25000 39.30000 58.04705 0.16537 13
-0.74933 -0.05381 9.89733 0 1.67500 22.20000 7.92458 0.12598 -13
0.65607 0.10716 19.21988 0 -3.20000 -17.95000 16.09749 0.12091 -13
0.54642 0.06240 51.23153 0 -1.87500 -16.82500 44.97765 0.11493 -13
0.26996 0.07218 14.42770 0 -2.15000 -7.12500 13.93148 0.10455 -13
-0.67560 -0.16725 54.11999 0 5.05000 20.37500 45.03681 0.12270 -13
-1.06248 0.14727 54.11999 0 5.00000 20.60000 45.03681 0.12320 -13
0.37591 -0.14207 54.11999 0 6.32500 21.52500 45.03681 0.13531 -13
31.15341 -68.21393 54.11999 0 4.25000 19.90000 45.03681 0.15267 -13
1.10042 -0.03127 58.83841 0 0.95000 -33.62500 39.58133 0.14977 -13
-0.71175 -0.17730 67.80003 0 5.35000 23.77500 55.52293 0.12489 -13
1.57517 -0.14707 79.14795 0 4.42500 -47.30000 42.74491 0.18847 13
0.02799 -0.02808 1.25035 0 1.25000 -0.05000 1.24985 0.10119 -13
0.49547 -0.23930 60.89576 0 7.20000 -13.75000 54.85891 0.11494 13
-0.96986 0.02973 42.33580 0 -0.87500 30.40000 30.39705 0.14032 -13
0.46006 -0.13944 77.66996 0 4.22500 -16.27500 70.67867 0.11174 -13
0.86503 -0.10832 14.13923 0 3.22500 -25.92500 10.71995 0.13359 13
1.39199 0.03342 39.32653 0 -1.00000 -43.10000 22.95299 0.17263 -13
-0.09441 -0.13891 63.41540 0 4.17500 3.42500 63.13991 0.10211 13
1.82056 -0.13198 4.46258 0 3.75000 -54.20000 2.16307 0.20942 13
0.82140 0.08805 80.64184 0 -2.65000 -23.75000 62.41205 0.13062 -13
-0.24815 -0.24740 78.64209 0 7.47500 6.87500 76.45518 0.10671 -13
-0.71571 -0.02365 65.37980 0 0.72500 21.55000 53.17094 0.12386 -13
0.44747 -0.13643 43.84727 0 4.10000 -11.30000 40.08421 0.11117 13
-0.37902 -0.21022 38.57071 0 6.32500 11.75000 36.16323 0.10975 13
-0.28262 0.01844 56.97472 0 -0.57500 12.60000 54.82776 0.10466 13
-2.22832 -0.07455 18.49990 0 2.17500 64.30000 7.59155 0.24606 13
1.84037 -0.10601 89.49365 0 3.20000 -54.72500 42.91195 0.21120 -13
-1.03018 0.04673 99.22442 0 -1.40000 28.87500 69.15048 0.14466 -13
0.01146 -0.01332 70.22531 0 0.40000 -0.17500 70.22070 0.10072 13
0.75133 -0.04699 54.64166 0 1.40000 -22.67500 43.70286 0.12605 13
-0.24779 0.07218 13.52021 0 -2.15000 6.97500 13.12544 0.10399 -13
0.46336 -0.07295 78.31228 0 2.20000 -13.95000 71.08861 0.11123 13
-0.25739 -0.19494 35.60006 0 5.90000 7.92500 34.51556 0.10583 -13
1.51749 -0.14827 68.72503 0 4.45000 -45.60000 38.10338 0.18360 13
-0.85824 0.12010 33.33131 0 -3.65000 24.30000 25.37003 0.13327 13
-0.88491 -0.28023 33.33131 0 8.42500 25.10000 25.37003 0.13737 13
-0.22860 -0.16654 86.18388 0 5.02500 3.40000 84.07306 0.10466 -13
0.94913 -0.09448 69.39723 0 2.85000 -28.07500 50.44057 0.13917 -13
1.47862 -0.08478 90.85802 0 2.57500 -45.42500 51.02592 0.17997 -13
1.80502 -0.13774 88.30785 0 4.15000 -54.80000 43.10260 0.20826 13
1.32841 0.02202 67.38113 0 -0.67500 -39.35000 40.53040 0.16746 13
-0.77146 -0.06537 94.75492 0 1.97500 26.40000 75.08379 0.12736 -13
-0.31562 -0.22333 34.95377 0 6.72500 6.95000 33.40502 0.10796 13
0.03104 -0.14591 22.58316 0 4.42500 1.97500 22.57251 0.10183 -13
-0.42761 -0.15506 37.86524 0 4.70000 13.57500 34.87919 0.11064 -13
-0.09243 0.07173 95.06820 0 -2.15000 3.62500 94.66667 0.10139 -13
0.66959 -0.14610 71.26423 0 4.40000 -21.40000 59.40799 0.12208 13
-0.26313 -0.14097 56.22016 0 4.25000 6.92500 54.40393 0.10510 -13
-0.92522 0.03071 43.48838 0 -0.95000 26.97500 31.92825 0.13723 13
0.06245 -0.12163 6.65977 0 3.75000 -2.20000 6.64706 0.10168 -13
-1.48524 0.08678 5.21212 0 -2.80000 47.00000 2.91880 0.18063 13
-0.96692 0.01018 88.95438 0 -0.30000 29.52500 63.95041 0.14009 -13
-0.03222 -0.16226 25.33940 0 4.87500 2.77500 25.32659 0.10206 13
-0.73702 -0.10695 51.37273 0 3.22500 23.85000 41.43648 0.12557 -13
-1.24304 -0.09295 59.29821 0 2.80000 39.02500 37.26633 0.16092 13
-0.55266 -0.13955 36.04591 0 4.20000 19.25000 31.61935 0.11590 13
0.04928 -0.09299 11.19337 0 2.85000 -1.12500 11.17992 0.10128 -13
0.11377 0.14609 87.20742 0 -4.40000 -2.05000 86.65999 0.10241 -13
0.11612 -0.25282 87.20742 0 7.62500 -2.12500 86.65999 0.10453 -13
1.47870 0.01030 99.66097 0 -0.32500 -44.25000 55.83174 0.17976 13
-0.48397 -0.20466 3.31695 0 6.35000 13.12500 2.99720 0.11394 -13
-0.96194 0.06199 47.52671 0 -1.87500 27.02500 34.28419 0.13987 13
0.81329 0.04573 57.30356 0 -1.37500 -25.57500 44.47520 0.12988 -13
-0.41084 0.04291 41.50153 0 -1.27500 12.32500 38.39331 0.10895 -13
1.42121 -0.02175 36.23151 0 0.67500 -42.60000 20.85240 0.17502 -13
