-0.06496 -0.09604 65.90591 0 2.90000 2.87500 65.76852 0.10137 13
-0.77921 -0.18682 90.34258 0 5.62500 23.65000 71.72085 0.12904 13
-0.44238 -0.22269 52.20732 0 6.72500 14.85000 47.92962 0.11239 -13
-1.06821 0.09973 23.41170 0 -2.97500 31.15000 16.04163 0.14769 -13
-0.99442 0.09128 5.62212 0 -2.87500 29.05000 3.99541 0.14237 13
0.10273 0.04126 90.54757 0 -1.25000 -2.75000 90.07430 0.10132 13
1.58333 -0.19471 29.21225 0 5.90000 -45.47500 15.80693 0.18965 -13
-0.35552 -0.15709 2.17888 0 5.00000 10.10000 2.05585 0.10831 -13
1.64413 -0.22227 23.40887 0 6.75000 -49.10000 12.37908 0.19514 -13
0.82268 0.10471 98.47403 0 -3.17500 -22.02500 76.21366 0.13083 13
-0.12883 0.13945 94.07184 0 -4.20000 5.35000 93.31524 0.10250 -13
-0.13182 -0.25974 94.07184 0 7.85000 5.45000 93.31524 0.10489 -13
-0.31317 -0.16463 79.86589 0 4.95000 11.97500 76.30578 0.10682 13
-0.06312 0.02697 71.56706 0 -0.80000 2.90000 71.42503 0.10094 -13
-1.44656 -0.04466 40.00762 0 1.32500 44.35000 22.76511 0.17715 13
1.87937 -0.09125 48.04278 0 2.77500 -55.30000 22.64099 0.21459 -13
-0.74295 0.04244 37.11593 0 -1.27500 23.30000 29.80318 0.12553 -13
0.39813 0.13823 8.25767 0 -4.10000 -11.45000 7.68180 0.10926 -13
0.40756 -0.26082 8.25767 0 7.95000 -11.75000 7.68180 0.11195 -13
-0.82769 -0.03191 46.68562 0 0.95000 25.10000 35.97171 0.13076 13
-0.33612 0.02638 92.52281 0 -0.80000 9.70000 87.70432 0.10627 -13
0.41687 -0.13454 94.68600 0 4.05000 -11.25000 87.51120 0.10993 13
0.36320 -0.14505 6.98889 0 4.45000 -9.20000 6.57682 0.10818 -13
1.63375 -0.06809 49.86420 0 2.02500 -48.60000 26.07560 0.19301 13
-0.09657 0.12227 60.05746 0 -3.70000 3.50000 59.78337 0.10192 13
-0.09949 -0.27788 60.05746 0 8.37500 3.57500 59.78337 0.10499 13
0.17730 -0.22636 18.07819 0 6.85000 -4.87500 17.81378 0.10481 -13
1.66504 -0.24124 17.39527 0 7.22500 -50.75000 9.14262 0.19702 13
0.05448 -0.22670 26.64786 0 6.82500 -0.57500 26.61034 0.10339 13
1.67020 0.07204 76.93627 0 -2.15000 -50.85000 39.59732 0.19616 -13
1.57229 -0.16655 66.04632 0 5.00000 -46.35000 35.79016 0.18838 13
0.33375 -0.19025 26.42287 0 5.72500 -8.62500 25.10782 0.10786 13
-0.26672 0.06693 93.15401 0 -2.02500 9.15000 90.02076 0.10444 13
-0.65967 0.00243 52.03084 0 -0.07500 20.05000 43.43190 0.12064 13
1.12439 -0.03483 10.97816 0 0.97500 -34.05000 7.29790 0.15158 13
-0.32938 -0.10261 89.33019 0 3.10000 8.82500 84.88882 0.10653 -13
1.32104 -0.20160 54.64022 0 6.07500 -42.95000 33.39580 0.16806 13
0.66850 -0.21675 88.93786 0 6.52500 -17.67500 74.45620 0.12308 13
1.71803 -0.11351 84.62623 0 3.42500 -49.87500 42.77506 0.20052 -13
-0.25025 -0.15319 16.88765 0 4.65000 8.35000 16.39364 0.10497 -13
-1.51188 0.12585 65.60281 0 -3.77500 45.32500 36.38888 0.18297 -13
-1.55530 -0.27404 65.60281 0 8.27500 46.65000 36.38888 0.18827 -13
2.02808 -0.02668 79.63577 0 0.80000 -61.32500 35.22866 0.22772 13
-0.29787 -0.05248 46.09421 0 1.60000 9.40000 44.18099 0.10521 -13
-0.06577 0.07676 35.32097 0 -2.30000 5.22500 35.24524 0.10121 -13
1.32094 -0.09202 55.07643 0 2.80000 -40.62500 33.33295 0.16711 -13
0.44115 0.12697 81.43254 0 -3.85000 -16.00000 74.60100 0.11081 13
0.45364 -0.27290 81.43254 0 8.22500 -16.37500 74.60100 0.11394 13
-0.26858 -0.16903 96.40861 0 5.10000 9.80000 93.19591 0.10565 13
-0.26709 -0.08979 1.37107 0 3.07500 6.05000 1.32496 0.10506 -13
-0.92731 0.14284 10.40122 0 -4.25000 30.82500 7.66240 0.13805 -13
-0.94772 -0.25605 10.40122 0 7.80000 31.47500 7.66240 0.14120 -13
-0.14994 -0.17236 34.35606 0 5.17500 5.82500 33.98710 0.10329 13
0.59825 -0.21084 86.16103 0 6.37500 -17.60000 74.35799 0.11926 -13
-1.64527 -0.03365 71.15497 0 1.02500 49.35000 36.97294 0.19392 -13
-1.58177 0.07171 70.03631 0 -2.15000 46.87500 37.49380 0.18858 -13
0.14581 0.00113 69.28856 0 -0.05000 -3.92500 68.56347 0.10177 13
-1.22042 -0.07408 82.75080 0 2.25000 39.85000 52.53294 0.15906 -13
1.36713 0.11016 33.95506 0 -3.30000 -41.87500 20.12444 0.17093 -13
-1.27535 0.13768 82.28134 0 -4.17500 37.70000 51.06414 0.16381 13
-1.30597 -0.26163 82.28134 0 7.87500 38.62500 51.06414 0.16772 13
0.25468 0.11951 67.38580 0 -3.60000 -6.10000 65.32934 0.10461 13
0.26265 -0.28081 67.38580 0 8.47500 -6.35000 65.32934 0.10788 13
-1.29562 -0.01297 89.78123 0 0.37500 39.40000 54.85931 0.16482 13
-1.33087 0.05194 5.55958 0 -1.72500 39.50000 3.34201 0.16782 13
0.16048 -0.17911 25.77584 0 5.42500 -4.95000 25.46013 0.10359 -13
1.46676 0.08534 61.16592 0 -2.55000 -44.72500 34.54059 0.17897 -13
0.74677 -0.03510 61.29740 0 1.05000 -21.82500 49.12454 0.12573 13
-0.30549 -0.10157 80.33234 0 3.05000 8.85000 76.86094 0.10579 13
-0.94346 0.13289 16.44459 0 -3.97500 28.42500 12.01039 0.13907 -13
-0.96793 -0.26666 16.44459 0 8.07500 29.17500 12.01039 0.14275 -13
0.51496 -0.12824 58.73909 0 3.87500 -14.42500 52.31051 0.11401 -13
-1.92079 0.11704 65.61548 0 -3.55000 55.92500 30.46289 0.21839 13
2.18775 -0.05203 72.41658 0 1.55000 -63.95000 30.13838 0.24229 13
-0.32067 -0.07659 74.48090 0 2.32500 12.27500 70.94291 0.10604 -13
1.52158 -0.04713 87.02720 0 1.40000 -45.77500 47.83383 0.18342 13
0.04128 -0.06885 62.45379 0 2.07500 0.27500 62.40089 0.10103 13
0.44879 -0.22998 21.93227 0 6.97500 -13.82500 20.09453 0.11280 -13
0.38385 -0.10221 37.58662 0 3.10000 -9.40000 35.11362 0.10836 -13
-0.14109 0.03184 89.25230 0 -0.97500 6.17500 88.37784 0.10175 13
0.00734 -0.04614 11.87561 0 1.35000 -0.95000 11.87529 0.10082 13
0.41339 0.10220 99.78049 0 -3.07500 -13.12500 92.28161 0.10946 13
-0.36315 -0.15381 98.93186 0 4.62500 11.55000 93.11518 0.10825 13
-0.91487 0.12438 67.49290 0 -3.75000 25.75000 49.97157 0.13706 13
-0.94174 -0.27565 67.49290 0 8.30000 26.55000 49.97157 0.14107 13
0.19777 -0.02943 84.61889 0 0.90000 -7.55000 83.01251 0.10270 -13
0.16583 0.10832 36.82680 0 -3.27500 -7.50000 36.33630 0.10267 13
0.41000 -0.02735 68.88827 0 0.82500 -14.15000 63.74175 0.10887 13
0.76148 -0.11396 73.09806 0 3.42500 -26.50000 58.29378 0.12709 13
0.57285 -0.11809 34.30640 0 3.55000 -17.12500 29.81884 0.11666 13
0.30151 -0.11283 35.55551 0 3.40000 -4.62500 34.05974 0.10579 13
-0.52740 0.03558 91.07089 0 -1.07500 17.95000 80.56562 0.11390 -13
-1.30077 -0.17151 34.71371 0 5.15000 38.40000 21.35001 0.16611 13
0.12408 -0.10807 39.47449 0 3.27500 -3.47500 39.17753 0.10206 -13
-0.28601 -0.21404 56.22333 0 6.47500 6.62500 54.14555 0.10694 -13
0.36337 -0.18872 8.08923 0 5.62500 -11.10000 7.61806 0.10879 13
1.20621 -0.15592 21.08651 0 4.75000 -33.67500 13.55375 0.15860 -13
-0.72047 0.02056 13.95179 0 -0.67500 21.57500 11.32069 0.12414 13
1.83650 -0.14244 68.16471 0 4.27500 -55.85000 32.85059 0.21105 13
1.40694 -0.22080 54.48082 0 6.65000 -39.15000 32.06191 0.17522 13
-1.28306 -0.22590 99.87066 0 6.80000 37.57500 62.34247 0.16538 13
-0.16367 -0.08675 96.76177 0 2.62500 4.00000 95.50061 0.10242 -13
-0.07435 0.00886 13.91998 0 -0.30000 1.40000 13.88164 0.10099 13
-1.73106 -0.10307 81.02740 0 3.10000 53.10000 40.69154 0.20158 13
0.02874 -0.06543 97.51967 0 1.97500 -1.75000 97.47959 0.10096 13
0.15085 -0.03044 3.16534 0 0.75000 -1.22500 3.12993 0.10193 13
0.25310 -0.16048 25.23982 0 4.85000 -5.55000 24.48675 0.10513 -13
0.15268 0.11006 69.93257 0 -3.32500 -0.35000 69.14085 0.10247 13
0.50528 -0.10081 32.13506 0 3.02500 -16.30000 28.71124 0.11327 13
0.10895 0.08896 46.74007 0 -2.70000 -2.57500 46.46723 0.10170 13
0.43579 0.12528 74.59804 0 -3.77500 -14.32500 68.47095 0.11058 13
0.44843 -0.27470 74.59804 0 8.27500 -14.70000 68.47095 0.11377 13
0.49723 -0.21207 35.99725 0 6.42500 -14.40000 32.37114 0.11448 -13
0.09789 0.09312 64.29613 0 -2.82500 -3.92500 63.99285 0.10162 13
-0.45089 -0.22279 98.66413 0 6.72500 12.90000 90.30568 0.11272 13
-0.88338 -0.12312 39.45727 0 3.72500 27.47500 29.66867 0.13495 -13
-0.79948 -0.24369 91.33410 0 7.35000 22.47500 72.13096 0.13124 13
1.02101 0.07197 6.75033 0 -2.27500 -30.42500 4.72903 0.14417 13
0.89416 -0.09201 71.04958 0 2.77500 -28.67500 53.06333 0.13540 13
0.17018 0.06196 52.65056 0 -1.87500 -6.45000 51.90706 0.10234 13
1.36985 -0.20386 68.75752 0 6.17500 -42.10000 41.07838 0.17204 -13
-1.93597 0.07170 18.69374 0 -2.22500 58.07500 8.59560 0.21960 13
0.53519 0.05386 31.12524 0 -1.65000 -16.55000 27.45143 0.11435 13
1.39421 -0.09330 21.39320 0 2.77500 -41.02500 12.50446 0.17302 13
0.26902 -0.18589 21.04785 0 5.62500 -8.00000 20.34792 0.10597 -13
1.34285 -0.07338 20.39777 0 2.17500 -40.02500 12.20365 0.16876 13
-1.06214 0.05054 53.01518 0 -1.50000 33.05000 36.36580 0.14699 -13
1.42764 -0.11169 50.85922 0 3.35000 -42.77500 29.29985 0.17588 13
-0.08280 -0.04007 80.77614 0 1.20000 3.70000 80.50113 0.10113 13
-1.80189 -0.10206 78.64123 0 3.07500 56.72500 38.31126 0.20778 13
-0.23357 -0.22681 33.67441 0 6.85000 6.55000 32.83346 0.10592 -13
-0.63722 -0.04811 37.35881 0 1.42500 20.27500 31.51671 0.11950 13
0.47662 -0.15292 34.85372 0 4.62500 -15.17500 31.52920 0.11262 -13
1.60567 -0.17186 71.98398 0 5.17500 -47.22500 38.45463 0.19126 13
-0.05304 -0.18089 43.39221 0 5.47500 2.42500 43.33323 0.10248 -13
0.77662 -0.22698 46.93051 0 6.85000 -22.27500 37.41171 0.12955 -13
-1.83131 -0.20815 59.38311 0 6.30000 56.52500 28.92654 0.21119 -13
-0.96401 0.01148 20.78572 0 -0.32500 30.07500 14.96540 0.13988 -13
-0.88982 -0.06485 87.36877 0 1.95000 24.50000 65.33057 0.13495 13
-2.12832 0.03701 42.51606 0 -1.10000 62.30000 18.09082 0.23682 -13
0.36707 0.02926 26.25362 0 -0.90000 -12.77500 24.64691 0.10732 13
-0.42365 0.05919 61.68593 0 -1.77500 13.05000 56.81419 0.10953 -13
-0.39436 -0.06265 96.94262 0 1.87500 10.20000 90.20705 0.10843 13
-0.31794 0.00125 83.66304 0 -0.05000 9.10000 79.73020 0.10567 13
0.36109 0.07140 94.63782 0 -2.15000 -12.22500 89.03854 0.10730 -13
0.75519 -0.17751 97.44980 0 5.35000 -25.37500 78.20108 0.12746 -13
-2.07512 0.02706 37.43754 0 -0.77500 63.90000 16.25750 0.23198 -13
0.02417 0.10802 10.49244 0 -3.30000 -1.57500 10.48942 0.10134 13
1.81123 0.14793 89.40864 0 -4.47500 -52.60000 43.57794 0.20888 13
1.84731 -0.25093 89.40864 0 7.55000 -53.67500 43.57794 0.21299 13
-0.20651 -0.19067 92.26546 0 5.75000 4.50000 90.42368 0.10461 -13
0.30676 -0.07046 75.71496 0 2.12500 -9.20000 72.40112 0.10557 -13
0.64124 0.02657 82.10328 0 -0.80000 -21.57500 69.12161 0.11966 13
0.98774 -0.20360 10.87926 0 6.20000 -29.97500 7.81719 0.14309 -13
-1.46283 -0.01532 75.35996 0 0.45000 44.95000 42.53255 0.17845 13
-2.03273 0.03093 97.31477 0 -0.92500 63.10000 42.97352 0.22815 -13
-0.91709 0.10010 46.29984 0 -3.02500 27.85000 34.20048 0.13702 13
1.92899 -0.16302 39.11978 0 4.95000 -56.77500 18.19072 0.21946 -13
-0.09282 0.06739 85.04448 0 -2.02500 4.27500 84.68205 0.10136 -13
-0.78225 -0.17343 63.00897 0 5.25000 25.35000 49.90572 0.12905 -13
-0.67819 0.10155 12.14450 0 -3.02500 19.12500 10.06727 0.12209 -13
0.96721 0.10094 75.45715 0 -3.05000 -28.42500 54.37145 0.14047 13
1.54334 -0.28461 75.45715 0 -2.97500 -28.30000 54.37145 0.14465 13
-0.28538 0.00586 80.05617 0 -0.17500 9.10000 76.98280 0.10472 -13
-0.34319 0.08675 42.27583 0 -2.62500 11.60000 40.00218 0.10683 13
-0.22501 -0.11860 19.76247 0 3.55000 3.57500 19.28693 0.10390 13
0.35796 -0.12229 69.11539 0 3.70000 -13.70000 65.12680 0.10767 -13
-0.08434 -0.15842 3.20884 0 4.62500 5.40000 3.19776 0.10229 13
0.03397 0.04133 25.71196 0 -1.27500 -3.45000 25.69714 0.10085 13
0.77744 0.06557 11.80089 0 -1.92500 -21.97500 9.32431 0.12771 -13
1.26022 0.10284 2.42574 0 -2.77500 -38.00000 1.51235 0.16236 -13
1.01567 0.14064 16.64008 0 -4.27500 -32.62500 11.73259 0.14426 13
1.03893 -0.25860 16.64008 0 7.75000 -33.30000 11.73259 0.14747 13
-1.11765 0.13465 68.74257 0 -4.07500 32.82500 46.06504 0.15164 13
-1.14585 -0.26482 68.74257 0 7.97500 33.67500 46.06504 0.15544 13
0.25916 0.10853 29.91738 0 -3.30000 -5.72500 28.97118 0.10461 13
-0.85487 0.10259 86.01500 0 -3.10000 24.95000 65.52485 0.13289 13
0.46548 0.01316 63.81137 0 -0.40000 -14.30000 57.85190 0.11109 13
0.52253 -0.13956 46.57961 0 4.22500 -15.92500 41.36817 0.11449 -13
-1.71737 -0.11422 88.66574 0 3.45000 50.30000 44.83170 0.20048 -13
-1.07753 -0.16449 86.72964 0 4.95000 32.77500 59.41900 0.14896 13
0.06278 0.02842 77.57141 0 -0.85000 0.95000 77.41912 0.10094 -13
1.42293 -0.22414 92.87560 0 6.77500 -43.12500 54.27798 0.17660 -13
-0.21323 -0.22425 98.55284 0 6.75000 7.27500 96.48652 0.10541 13
-0.37165 0.12379 75.71122 0 -3.75000 9.80000 71.03376 0.10816 13
-0.38264 -0.27626 75.71122 0 8.32500 10.15000 71.03376 0.11135 13
0.76801 -0.02401 54.45804 0 0.72500 -25.02500 43.19464 0.12700 -13
-1.45156 -0.21708 91.40975 0 6.55000 42.32500 52.66984 0.17883 13
0.45516 -0.17315 25.77955 0 5.25000 -13.72500 23.52224 0.11203 -13
-0.17467 -0.03802 62.38548 0 1.15000 4.60000 61.45634 0.10230 13
1.72409 -0.19907 47.63179 0 6.02500 -51.65000 24.24687 0.20174 -13
-0.12352 0.11044 71.69468 0 -3.35000 3.25000 71.16042 0.10208 13
-0.45830 -0.05536 30.48263 0 1.65000 15.02500 27.71850 0.11092 13
0.46646 -0.13572 50.49300 0 4.07500 -14.12500 45.83382 0.11195 13
-1.05622 0.00699 89.03595 0 -0.20000 30.15000 61.21416 0.14648 -13
0.19425 0.01871 95.65241 0 -0.55000 -6.97500 93.89793 0.10260 -13
0.02963 -0.06149 54.51357 0 1.87500 -1.62500 54.48973 0.10094 -13
-0.89955 0.10735 35.71739 0 -3.25000 24.67500 26.62220 0.13589 13
-1.09309 -0.19651 46.72622 0 5.95000 36.02500 31.86306 0.15051 -13
-1.68616 0.07993 43.42956 0 -2.37500 51.12500 22.20563 0.19757 -13
0.30725 -0.18414 59.08393 0 5.55000 -9.57500 56.55827 0.10696 13
-0.36351 -0.12804 44.87965 0 3.85000 11.65000 42.21916 0.10792 13
-1.97199 -0.04307 84.77118 0 1.30000 59.90000 38.36747 0.22271 -13
-1.18119 -0.12043 31.29885 0 3.65000 35.60000 20.30832 0.15635 -13
-1.63761 0.06622 1.14060 0 -2.82500 48.27500 0.59671 0.19418 13
1.19371 -0.02871 40.42567 0 0.87500 -34.00000 25.96673 0.15685 -13
1.14716 0.09462 12.63075 0 -2.92500 -33.85000 8.32062 0.15359 13
0.35660 0.09746 19.34941 0 -2.92500 -9.65000 18.23472 0.10736 -13
0.11727 -0.01669 67.57061 0 0.50000 -4.50000 67.11084 0.10141 13
-0.77983 -0.15215 35.94393 0 4.57500 22.17500 28.46629 0.12861 13
0.59299 -0.12556 11.95915 0 3.85000 -18.40000 10.30690 0.11779 -13
-0.40279 -0.01095 33.76905 0 0.32500 9.97500 31.32379 0.10857 13
-0.34383 0.05808 5.12342 0 -1.65000 10.50000 4.84592 0.10665 -13
-0.13147 -0.19060 54.15951 0 5.75000 2.57500 53.71347 0.10336 13
0.03597 0.09340 31.08464 0 -2.80000 -2.37500 31.06470 0.10120 -13
1.20934 -0.22979 3.44584 0 7.15000 -35.35000 2.22995 0.16002 -13
-0.50105 -0.20894 6.26627 0 6.40000 15.92500 5.62600 0.11467 -13
1.05759 0.05520 14.27799 0 -1.62500 -33.97500 9.81755 0.14667 -13
0.50773 -0.03474 1.65735 0 1.37500 -15.75000 1.47800 0.11327 -13
0.00567 -0.23028 67.13525 0 6.95000 0.60000 67.13422 0.10334 -13
-0.67493 -0.12430 99.55359 0 3.75000 19.25000 82.71453 0.12213 13
-1.09027 -0.06272 17.10207 0 1.92500 35.07500 11.57266 0.14913 -13
2.19058 -0.20590 91.16220 0 6.20000 -63.37500 38.51077 0.24336 13
1.14715 0.09063 3.37014 0 -2.95000 -31.75000 2.21973 0.15370 13
2.17681 0.12101 25.64333 0 -3.60000 -64.75000 10.77026 0.24147 -13
1.47956 0.09146 23.58660 0 -2.80000 -45.22500 13.24573 0.18009 13
1.93157 -0.18804 71.07512 0 5.67500 -59.85000 33.12584 0.21988 -13
0.19507 0.09829 56.38815 0 -2.97500 -6.35000 55.35481 0.10308 13
0.51143 -0.00127 94.05077 0 0.05000 -11.60000 83.73508 0.11311 -13
-0.93770 -0.00314 55.33060 0 0.07500 26.47500 40.36193 0.13805 13
-0.29613 0.01004 70.08836 0 -0.30000 10.65000 67.20413 0.10503 -13
0.47780 -0.08481 49.93999 0 2.55000 -17.62500 45.08996 0.11193 13
-0.13860 -0.03519 19.78344 0 1.02500 0.87500 19.59631 0.10173 13
-0.27853 -0.06612 36.75155 0 2.00000 10.75000 35.40923 0.10475 -13
-0.72272 -0.16198 64.66876 0 4.87500 20.85000 52.64456 0.12531 13
-0.49089 -0.21856 23.46430 0 6.57500 12.87500 21.15689 0.11431 13
0.84299 -0.12070 62.99137 0 3.65000 -26.40000 48.30609 0.13228 -13
0.16655 -0.12478 47.20561 0 3.75000 -6.12500 46.57379 0.10286 13
1.13066 0.03575 87.88047 0 -1.07500 -34.32500 58.24109 0.15205 -13
-0.09654 -0.11857 52.36278 0 3.57500 2.60000 52.12379 0.10188 -13
-0.94650 0.03334 7.42563 0 -1.10000 27.27500 5.39436 0.13873 13
-0.35963 0.09291 35.77073 0 -2.82500 8.80000 33.67692 0.10743 13
-1.38164 -0.08767 55.92698 0 2.65000 38.87500 32.87248 0.17199 -13
-1.02543 -0.14573 67.32600 0 4.37500 32.40000 47.25789 0.14498 13
-1.74471 -0.05896 5.59901 0 1.95000 50.42500 2.78732 0.20274 -13
1.13638 -0.21433 38.49569 0 6.47500 -34.52500 25.75220 0.15397 -13
-0.50769 -0.23768 24.33609 0 7.20000 13.75000 21.81997 0.11546 -13
-0.23370 0.08150 45.54554 0 -2.47500 7.10000 44.35800 0.10375 13
-0.56956 -0.01550 49.34118 0 0.45000 19.92500 42.87588 0.11590 13
1.19111 0.02538 38.19800 0 -0.77500 -38.12500 24.56575 0.15664 13
0.81312 -0.18668 78.26338 0 5.62500 -22.50000 61.13360 0.13114 13
-0.97449 -0.19574 36.37377 0 5.87500 27.45000 26.28814 0.14197 13
-0.91507 -0.09749 83.10842 0 2.92500 27.95000 61.44403 0.13685 13
0.66516 0.11625 8.41877 0 -3.42500 -19.15000 7.02431 0.12149 -13
-0.93794 -0.13675 80.60299 0 4.12500 29.75000 59.04470 0.13876 -13
-0.44859 0.14037 77.07447 0 -4.22500 13.25000 70.43705 0.11127 -13
-0.45887 -0.25879 77.07447 0 7.82500 13.57500 70.43705 0.11383 -13
-0.79617 -0.07934 43.65764 0 2.37500 24.70000 34.19600 0.12897 13
0.02269 0.12715 22.55111 0 -3.85000 0.87500 22.54540 0.10155 13
0.02331 -0.27273 22.55111 0 8.20000 0.85000 22.54540 0.10439 13
-0.06211 -0.22926 99.34952 0 6.90000 -1.55000 99.16793 0.10350 13
0.11600 0.01342 26.32413 0 -0.37500 0.90000 26.14880 0.10138 -13
1.95331 -0.16240 34.38694 0 4.87500 -58.97500 15.83215 0.22156 13
0.75324 0.14747 72.03943 0 -4.45000 -22.82500 57.76461 0.12695 -13
0.76837 -0.25138 72.03943 0 7.60000 -23.27500 57.76461 0.12951 -13
-0.08631 -0.24100 82.32367 0 7.27500 0.02500 82.03542 0.10396 -13
-0.42559 0.00194 97.06721 0 -0.05000 12.20000 89.31499 0.10944 -13
-0.02955 0.05202 37.19223 0 -1.55000 2.82500 37.17603 0.10088 -13
0.45468 -0.05163 72.62000 0 1.57500 -16.42500 66.12249 0.11075 -13
0.55481 -0.11168 86.89698 0 3.35000 -17.17500 76.09552 0.11571 13
-0.70231 0.02648 81.87848 0 -0.80000 20.77500 67.01254 0.12309 -13
0.29548 -0.24850 44.02582 0 7.50000 -7.50000 42.32022 0.10796 -13
-0.53803 -0.12622 74.44922 0 3.82500 14.87500 65.67816 0.11506 -13
0.90520 -0.05053 31.81310 0 1.55000 -26.62500 23.59889 0.13593 -13
-1.62108 -0.20864 96.48444 0 6.30000 47.05000 51.43834 0.19297 -13
0.55585 -0.16544 92.93889 0 4.97500 -15.60000 81.48957 0.11641 13
1.45834 -0.01033 90.23120 0 0.30000 -43.95000 51.02960 0.17808 13
0.57102 0.03087 59.15695 0 -0.92500 -17.97500 51.37743 0.11601 -13
-0.49311 -0.13937 8.51814 0 4.15000 15.27500 7.65377 0.11314 13
-0.15661 0.10763 52.22059 0 -3.22500 3.97500 51.59884 0.10250 -13
1.44744 0.08534 21.85638 0 -2.62500 -43.07500 12.45405 0.17739 13
2.08639 0.11330 42.24540 0 -3.45000 -63.72500 18.35343 0.23330 13
0.48907 -0.16012 20.53492 0 4.85000 -14.45000 18.49155 0.11327 -13
-0.50745 -0.01072 34.77470 0 0.30000 14.12500 31.01078 0.11293 13
0.05056 -0.22415 89.68386 0 6.75000 -1.72500 89.57495 0.10332 13
1.33821 -0.24183 7.10776 0 7.15000 -41.05000 4.33391 0.16976 13
-0.01170 0.14531 28.47056 0 -4.40000 0.12500 28.46865 0.10178 13
-0.01194 -0.25367 28.47056 0 7.62500 0.12500 28.46865 0.10388 13
0.60227 -0.02685 65.47376 0 0.82500 -18.42500 56.09275 0.11759 -13
0.44116 -0.07424 81.02298 0 2.22500 -11.75000 74.16289 0.11032 13
0.53318 -0.12260 2.68866 0 3.50000 -15.67500 2.37670 0.11477 13
-0.06757 -0.03114 18.38022 0 0.92500 0.32500 18.33848 0.10098 13
-1.97911 -0.16209 34.33291 0 4.85000 60.52500 15.64431 0.22384 13
1.42182 -0.12251 69.01444 0 3.70000 -39.25000 39.90065 0.17549 -13
-0.13197 -0.09515 92.05394 0 2.87500 3.60000 91.26969 0.10203 -13
-1.98935 -0.14466 61.84527 0 4.35000 60.02500 28.00651 0.22468 13
1.23208 -0.19195 62.12755 0 5.80000 -36.02500 39.57864 0.16097 -13
0.11056 -0.11325 16.49110 0 3.37500 -4.55000 16.39253 0.10195 13
-0.05122 0.00729 12.61868 0 -0.17500 0.70000 12.60218 0.10084 -13
-0.45812 -0.09664 8.14002 0 2.97500 13.67500 7.40667 0.11122 -13
-0.05702 -0.03440 33.49430 0 1.05000 -0.90000 33.44002 0.10093 -13
-0.03584 0.00565 29.22612 0 -0.15000 1.05000 29.20736 0.10076 -13
0.11686 0.13714 85.60248 0 -4.12500 -2.32500 85.03440 0.10232 -13
0.11969 -0.26217 85.60248 0 7.92500 -2.40000 85.03440 0.10481 -13
-1.00161 0.06161 40.21826 0 -1.87500 30.90000 28.44498 0.14266 13
-0.80374 0.01050 7.01855 0 -0.22500 24.02500 5.47079 0.12922 -13
0.09339 -0.08549 23.20692 0 2.60000 -3.07500 23.10702 0.10151 -13
0.59172 -0.16167 58.39878 0 4.87500 -17.12500 50.42593 0.11815 -13
-1.67822 -0.12378 30.62819 0 3.70000 50.30000 15.76581 0.19711 13
-0.28489 -0.18866 68.31344 0 5.70000 8.37500 65.78385 0.10643 -13
1.21486 0.03902 71.78774 0 -1.17500 -37.47500 45.64352 0.15850 -13
-0.52457 -0.11930 7.84869 0 3.52500 13.80000 6.96062 0.11434 13
0.56160 -0.15302 2.38252 0 4.85000 -18.20000 2.08336 0.11676 -13
-1.11534 -0.05870 68.61200 0 1.75000 32.32500 45.84636 0.15097 13
1.50346 -0.16725 71.79684 0 5.02500 -43.67500 40.14242 0.18260 13
0.20781 -0.08514 68.13711 0 2.57500 -5.90000 66.72192 0.10321 -13
-0.53742 0.13429 6.12638 0 -3.95000 15.25000 5.40739 0.11509 -13
-0.55101 -0.26500 6.12638 0 8.10000 15.67500 5.40739 0.11814 -13
1.71265 -0.09724 37.88925 0 2.90000 -55.52500 19.17179 0.19994 13
0.54440 0.03196 57.04671 0 -0.95000 -16.10000 50.10908 0.11470 -13
-0.16692 -0.01767 23.52302 0 0.50000 5.50000 23.20214 0.10211 13
-0.48326 -0.23297 9.99542 0 6.97500 12.12500 9.04398 0.11423 13
0.05540 0.00594 94.63525 0 -0.17500 -1.40000 94.49037 0.10086 -13
0.64240 0.07479 29.72611 0 -2.25000 -17.47500 25.03069 0.11992 -13
0.72598 -0.08187 95.47411 0 2.47500 -21.57500 77.34990 0.12471 13
-0.03030 -0.19430 71.21826 0 5.85000 1.90000 71.18679 0.10263 13
-0.40289 0.13078 74.24442 0 -3.95000 13.22500 68.94670 0.10936 -13
-0.41368 -0.26885 74.24442 0 8.12500 13.55000 68.94670 0.11230 -13
0.24414 0.64516 74.24442 0 -3.95000 13.17500 68.94670 0.10938 -13
8.90862 -0.20501 74.24442 0 8.27500 12.75000 68.94670 0.11348 -13
1.12224 -0.19880 74.24442 0 8.42500 12.52500 68.94670 0.11534 -13
-20.59085 -12.43245 74.24442 0 8.47500 1.77500 68.94670 0.20172 -13
-0.74663 -0.01232 36.07948 0 0.40000 22.15000 28.91100 0.12568 -13
-0.96856 -0.20965 40.74181 0 6.35000 27.55000 29.56786 0.14180 -13
-1.41972 0.02458 2.08212 0 -1.17500 45.57500 1.19917 0.17521 13
-0.82835 -0.08686 70.98958 0 2.62500 26.25000 54.75338 0.13106 -13
-1.65880 -0.01950 20.70642 0 0.55000 49.50000 10.69180 0.19506 13
0.31964 -0.18145 24.57266 0 5.45000 -9.82500 23.44068 0.10728 13
1.35270 -0.06803 24.04692 0 2.02500 -41.50000 14.31605 0.16953 13
1.26873 -0.22905 37.74843 0 6.92500 -40.25000 23.73423 0.16434 -13
-0.30876 0.11380 76.42172 0 -3.45000 10.07500 73.06052 0.10602 13
0.26582 0.11081 70.67117 0 -3.32500 -6.50000 68.32673 0.10479 -13
0.13936 -0.16905 18.07365 0 5.07500 -6.87500 17.90534 0.10308 13
1.29050 0.03591 42.16854 0 -1.10000 -38.97500 25.84007 0.16444 13
1.29049 0.03591 42.16854 0 -1.10000 -39.00000 25.84007 0.16445 13
-2.10788 -0.15837 58.30405 0 4.80000 62.37500 25.24466 0.23550 -13
-1.04856 -0.00522 41.79769 0 0.15000 30.95000 28.84702 0.14592 13
-0.01473 -0.05559 34.49235 0 1.70000 2.32500 34.48862 0.10087 -13
-1.22126 0.02491 21.67083 0 -0.72500 37.52500 13.73176 0.15897 -13
0.92650 -0.24564 41.04560 0 7.40000 -26.25000 30.51647 0.13946 13
0.07446 -0.13796 28.12335 0 4.15000 -4.42500 28.04713 0.10193 13
0.35220 -0.23341 59.87709 0 7.02500 -12.37500 56.63822 0.10931 13
-1.51620 -0.09199 47.01453 0 2.75000 47.15000 25.96131 0.18312 13
0.69546 -0.13139 49.33457 0 3.97500 -18.30000 40.61593 0.12338 -13
-1.26312 -0.21532 29.88111 0 6.52500 37.25000 18.80524 0.16371 -13
0.31871 0.13949 51.32433 0 -4.20000 -11.60000 48.94399 0.10662 -13
0.32614 -0.25969 51.32433 0 7.85000 -11.82500 48.94399 0.10911 -13
1.31556 0.10024 24.35992 0 -3.05000 -39.27500 14.78738 0.16675 13
-0.14229 -0.10347 13.68354 0 3.15000 1.85000 13.54844 0.10227 -13
0.57011 -0.01127 56.30816 0 0.35000 -16.02500 48.91761 0.11592 -13
0.09251 -0.04356 71.84642 0 1.30000 -3.10000 71.54150 0.10123 13
1.67604 -0.07390 24.92875 0 2.20000 -50.77500 12.79835 0.19668 13
-0.26586 -0.07211 83.06212 0 2.17500 8.77500 80.28732 0.10445 13
0.13353 0.00573 45.50115 0 -0.17500 -5.90000 45.10084 0.10160 13
-0.57085 0.03059 59.01596 0 -0.92500 16.57500 51.25902 0.11600 -13
-0.33587 -0.19135 37.03861 0 5.77500 8.05000 35.17407 0.10798 -13
0.19038 -0.06107 45.55022 0 1.82500 -6.50000 44.74952 0.10269 13
-0.05420 -0.10597 34.49069 0 3.17500 0.02500 34.44069 0.10141 13
1.05703 -0.15818 83.96085 0 4.77500 -32.20000 58.07669 0.14739 13
1.51250 -0.11692 38.65243 0 3.55000 -46.77500 21.41835 0.18300 -13
-0.03097 -0.23884 36.84001 0 7.22500 2.22500 36.82331 0.10359 -13
0.32799 0.08701 77.00415 0 -2.62500 -10.20000 73.19573 0.10634 -13
0.51428 0.13244 93.55972 0 -4.00000 -19.25000 83.35182 0.11402 -13
0.52771 -0.26711 93.55972 0 8.05000 -19.65000 83.35182 0.11700 -13
-1.96257 -0.16460 4.84847 0 5.17500 59.02500 2.22497 0.22271 -13
0.31846 0.10111 10.02686 0 -3.00000 -10.62500 9.55864 0.10616 -13
-1.17409 0.03859 2.37302 0 -1.47500 35.97500 1.53886 0.15564 13
0.79835 -0.07001 9.03775 0 2.17500 -23.07500 7.06994 0.12908 -13
-0.57451 -0.06320 27.58059 0 1.92500 20.90000 23.92669 0.11632 -13
-0.28402 -0.23514 73.89000 0 7.07500 8.77500 71.21835 0.10733 13
-0.00377 -0.22758 31.19108 0 6.85000 0.82500 31.19087 0.10327 13
0.02673 -0.22880 31.01176 0 6.92500 -0.62500 31.00125 0.10335 -13
-0.24144 -0.20162 71.45086 0 6.07500 8.15000 69.52999 0.10556 13
-0.74991 -0.02075 85.85950 0 0.62500 22.52500 68.69590 0.12589 13
-0.99813 0.11711 96.10127 0 -3.52500 28.00000 68.24798 0.14277 -13
-0.73712 -0.15861 87.08616 0 4.77500 19.77500 70.40475 0.12612 13
-1.93380 0.11208 82.30082 0 -3.37500 58.92500 37.99021 0.21952 -13
2.00282 -0.00319 88.10820 0 0.10000 -64.55000 39.35918 0.22543 -13
-0.54125 -0.04848 52.13695 0 1.45000 15.40000 45.86379 0.11461 13
0.45018 0.09645 32.96122 0 -2.92500 -15.05000 30.07974 0.11087 13
1.86539 -0.07782 88.12759 0 2.32500 -56.57500 41.73540 0.21328 13
-1.21541 0.10527 25.38712 0 -3.15000 38.95000 16.18262 0.15884 -13
0.70099 0.03998 31.30566 0 -1.17500 -23.95000 25.64128 0.12305 -13
1.79738 -0.08628 93.93325 0 2.62500 -53.15000 45.79800 0.20732 -13
0.80765 -0.12323 67.98709 0 3.72500 -26.57500 53.04776 0.13005 -13
-1.82634 -0.10561 15.47745 0 3.25000 55.30000 7.46519 0.21000 -13
-1.87182 -0.04117 43.66598 0 1.27500 58.10000 20.58940 0.21376 -13
0.98862 0.01511 53.56473 0 -0.45000 -29.75000 38.09406 0.14162 -13
0.22292 -0.23657 42.82878 0 7.12500 -3.72500 41.85531 0.10588 13
1.16027 0.13501 83.41529 0 -4.07500 -32.65000 54.73964 0.15485 13
1.18938 -0.26440 83.41529 0 7.97500 -33.52500 54.73964 0.15872 13
0.06517 -0.19102 54.35219 0 5.77500 -5.10000 54.24114 0.10274 -13
1.27058 -0.01651 38.50191 0 0.52500 -38.82500 23.81454 0.16284 -13
0.31527 -0.08144 80.54174 0 2.45000 -8.67500 76.83748 0.10590 13
1.13761 -0.16591 34.70482 0 5.02500 -35.50000 23.08737 0.15346 -13
-0.62522 -0.00411 44.14683 0 0.10000 17.95000 37.43293 0.11876 13
0.22560 0.03287 70.27702 0 -1.00000 -4.75000 68.55504 0.10329 13
0.68158 -0.24219 11.38054 0 7.25000 -22.90000 9.48778 0.12424 13
-0.41145 0.08505 55.00789 0 -2.57500 11.62500 50.89650 0.10923 13
-0.29031 0.06224 36.78521 0 -1.87500 9.67500 35.33200 0.10505 -13
0.11662 -0.13872 81.46279 0 4.17500 -2.97500 80.92458 0.10234 13
0.53977 0.01102 54.32395 0 -0.32500 -16.45000 47.80511 0.11444 -13
1.08527 -0.20410 9.62666 0 6.22500 -32.12500 6.59444 0.15013 -13
-0.11537 -0.19547 64.31991 0 5.90000 3.35000 63.91151 0.10327 -13
0.00848 0.04214 33.19354 0 -1.25000 -0.62500 33.19235 0.10079 -13
-1.46129 -0.08677 59.99649 0 2.60000 43.67500 33.96907 0.17852 13
0.70938 0.03634 42.71594 0 -1.10000 -23.02500 34.84778 0.12352 13
-0.66550 -0.17166 77.24625 0 5.17500 18.80000 64.59206 0.12220 -13
-1.38550 -0.10528 75.93471 0 3.17500 44.10000 44.60167 0.17240 -13
0.09091 -0.00307 93.44726 0 0.10000 -1.80000 93.06349 0.10112 13
1.44462 -0.14207 8.73674 0 4.37500 -45.17500 5.00625 0.17760 -13
-0.17527 -0.14544 85.95675 0 4.37500 5.72500 84.69205 0.10328 13
-1.20967 0.06284 12.51958 0 -1.95000 35.50000 7.98578 0.15822 13
0.99139 -0.13733 44.63592 0 4.15000 -32.72500 31.84552 0.14248 -13
0.91319 -0.08043 27.87730 0 2.40000 -29.40000 20.61526 0.13661 13
0.75119 0.11347 69.03459 0 -3.42500 -22.12500 55.32348 0.12646 -13
1.98640 -0.22150 75.07578 0 6.70000 -63.52500 34.40716 0.22508 -13
-0.32122 -0.08704 15.96486 0 2.65000 9.50000 15.20525 0.10614 -13
1.79804 -0.23650 41.43010 0 7.15000 -52.07500 20.55652 0.20859 -13
0.17532 -0.07244 49.89897 0 2.17500 -6.25000 49.15321 0.10250 13
-0.85193 -0.10822 72.42236 0 3.27500 23.50000 55.26357 0.13274 -13
0.78361 0.11472 83.31820 0 -3.45000 -25.37500 65.74475 0.12845 -13
-2.02529 -0.17830 69.47939 0 5.37500 62.05000 31.14877 0.22815 13
0.09593 0.02890 60.96156 0 -0.87500 -3.07500 60.68327 0.10121 13
0.01558 0.08748 44.32979 0 -2.62500 -0.30000 44.32445 0.10110 -13
-0.97674 0.07737 39.98780 0 -2.32500 30.40000 28.64780 0.14098 -13
-0.76456 -0.24234 89.51177 0 7.30000 23.87500 71.84825 0.12909 13
-0.66609 -0.15154 86.39690 0 4.57500 23.30000 72.15514 0.12196 -13
0.43816 0.04795 45.38978 0 -1.42500 -14.97500 41.58153 0.11005 -13
-2.00400 -0.02484 74.20655 0 0.77500 61.47500 33.14056 0.22557 -13
0.13732 -0.09420 1.95092 0 2.60000 -4.25000 1.93297 0.10216 13
-0.81145 -0.18074 18.43811 0 5.47500 22.50000 14.40812 0.13099 -13
1.67409 -0.14726 6.21374 0 4.60000 -53.67500 3.21122 0.19713 -13
-1.47925 -0.24012 85.05306 0 7.22500 45.77500 48.55039 0.18142 13
0.02113 -0.07989 28.42889 0 2.40000 -0.10000 28.42259 0.10104 13
1.69313 -0.12851 41.21693 0 3.85000 -53.05000 21.08831 0.19842 13
0.55057 0.05277 83.79957 0 -1.57500 -15.27500 73.43272 0.11508 -13
-0.35745 -0.09674 99.19506 0 2.92500 10.35000 93.45614 0.10738 13
-0.03142 0.09484 50.37718 0 -2.87500 0.30000 50.35253 0.10121 13
-0.56051 -0.17132 25.00168 0 5.20000 16.12500 21.88428 0.11674 -13
-0.98346 0.01457 74.64860 0 -0.42500 29.77500 53.22581 0.14125 -13
-0.50779 -0.19430 44.91186 0 5.87500 17.57500 40.19501 0.11464 -13
0.35430 -0.20684 83.41414 0 6.22500 -12.67500 78.80577 0.10885 13
-0.38692 -0.17186 26.72072 0 5.20000 14.42500 24.96706 0.10937 -13
-1.20320 0.12200 97.93321 0 -3.67500 37.27500 62.86923 0.15802 -13
-1.23970 -0.27816 97.93321 0 8.40000 38.37500 62.86923 0.16283 -13
-0.12885 -0.16951 21.57301 0 5.12500 3.82500 21.40097 0.10298 -13
-0.63855 -0.11684 78.77627 0 3.52500 18.55000 66.52448 0.12006 -13
-0.44681 -0.02638 46.28289 0 0.77500 13.37500 42.25900 0.11033 13
0.94473 -0.23924 75.48640 0 7.22500 -27.25000 55.58601 0.14062 -13
-0.62341 -0.16339 72.79892 0 4.92500 19.07500 62.00328 0.11981 -13
0.74738 -0.21305 69.37039 0 6.42500 -21.42500 56.00405 0.12754 -13
-0.54405 -0.05528 37.44810 0 1.67500 19.20000 32.90636 0.11478 -13
-1.11965 0.00037 73.02941 0 -0.00000 33.52500 48.64699 0.15117 -13
0.49647 0.10810 7.59289 0 -3.32500 -16.67500 6.80873 0.11300 13
0.01537 0.09885 60.01627 0 -2.97500 1.45000 60.00925 0.10120 -13
1.36577 -0.04696 35.88740 0 1.40000 -40.00000 21.21658 0.17051 13
-1.56919 0.02969 82.15430 0 -0.90000 47.27500 44.16533 0.18741 13
0.15331 -0.12517 69.45705 0 3.77500 -6.25000 68.66710 0.10266 -13
1.66975 0.05394 57.83996 0 -1.65000 -52.47500 29.74938 0.19608 13
-0.34251 -0.04855 79.67824 0 1.47500 10.60000 75.38852 0.10656 -13
1.26920 0.00402 21.80077 0 -0.15000 -36.25000 13.49273 0.16271 13
0.26371 -0.04022 19.41276 0 1.25000 -6.90000 18.77198 0.10423 -13
1.67095 0.02023 6.34389 0 -0.75000 -47.35000 3.25822 0.19616 13
-0.44003 -0.09107 57.65666 0 2.72500 13.30000 52.80847 0.11040 13
0.19921 0.01001 85.21355 0 -0.30000 -7.00000 83.57166 0.10269 13
-2.01087 0.11500 84.15515 0 -3.47500 59.42500 37.67003 0.22646 13
-1.38114 -0.12834 8.30870 0 3.97500 42.37500 4.89883 0.17229 -13
-0.18138 -0.17222 79.53222 0 5.20000 4.35000 78.29132 0.10380 13
1.61291 -0.12513 64.99197 0 3.80000 -47.77500 34.43934 0.19153 -13
-0.14140 -0.12404 39.00786 0 3.72500 2.52500 38.62938 0.10246 13
1.29596 -0.24429 93.50756 0 7.37500 -40.25000 58.15992 0.16668 -13
0.07929 -0.24912 83.07523 0 7.50000 -3.35000 82.83038 0.10408 13
-0.47920 0.14040 91.09748 0 -4.25000 16.15000 82.30072 0.11257 13
-0.49018 -0.25878 91.09748 0 7.80000 16.47500 82.30072 0.11513 13
-0.93426 -0.16705 20.37897 0 5.00000 27.07500 14.98631 0.13881 13
1.20037 -0.12473 86.63622 0 3.75000 -35.92500 55.70622 0.15782 13
-0.73382 0.07092 16.58895 0 -2.17500 24.05000 13.38628 0.12513 13
-1.85907 -0.13658 10.38109 0 4.22500 56.82500 4.95253 0.21315 -13
-1.76100 -0.16533 39.34306 0 4.97500 53.90000 19.62587 0.20460 13
0.47977 0.04201 93.91315 0 -1.27500 -16.70000 84.68621 0.11177 -13
-0.82538 -0.07095 53.73026 0 2.15000 24.15000 41.48064 0.13078 -13
0.91457 -0.19043 85.67723 0 5.75000 -26.80000 63.73341 0.13782 -13
0.33574 0.14205 12.95305 0 -4.25000 -12.17500 12.29161 0.10717 -13
0.34319 -0.25708 12.95305 0 7.80000 -12.40000 12.29161 0.10961 -13
-0.45259 -0.18049 94.75614 0 5.45000 10.87500 86.55883 0.11201 -13
-1.15604 -0.02413 58.74213 0 0.75000 35.07500 38.43668 0.15395 -13
-0.19050 0.12062 14.45199 0 -3.67500 5.77500 14.20031 0.10325 13
-0.19635 -0.27969 14.45199 0 8.40000 5.95000 14.20031 0.10639 13
0.96234 -0.06040 70.87960 0 1.80000 -26.70000 51.11648 0.13989 13
