0.62914 0.06519 15.68646 0 -1.92500 -20.00000 13.28523 0.11915 -13
-2.11660 0.07812 94.73082 0 -2.35000 63.57500 40.56835 0.23585 -13
-1.56106 -0.13547 30.22344 0 4.12500 45.60000 16.40745 0.18722 -13
-0.63529 -0.08856 70.77919 0 2.67500 19.12500 59.80929 0.11964 13
0.76581 -0.06353 76.21281 0 1.92500 -22.47500 60.55323 0.12700 -13
2.20411 0.00312 42.29485 0 -0.07500 -64.85000 17.47432 0.24373 -13
0.12718 -0.14814 47.82517 0 4.47500 -4.85000 47.45119 0.10261 -13
-1.25555 -0.04675 4.69601 0 1.57500 36.07500 2.92808 0.16176 -13
0.43997 -0.21332 97.66751 0 6.42500 -12.60000 89.71496 0.11209 13
1.52941 0.13884 27.37587 0 -4.15000 -45.72500 15.08157 0.18452 -13
1.56529 -0.26039 27.37587 0 7.87500 -46.82500 15.08157 0.18894 -13
-1.43367 -0.07715 23.21815 0 2.27500 43.45000 13.30947 0.17618 13
0.30258 -0.17675 70.95094 0 5.32500 -9.77500 67.99669 0.10670 13
-1.10353 -0.24661 22.21533 0 7.40000 30.25000 15.15765 0.15198 13
0.75610 -0.18369 27.50131 0 5.57500 -20.90000 22.06834 0.12761 -13
1.94799 0.06041 57.61202 0 -1.80000 -57.22500 26.34912 0.22057 -13
0.14689 -0.01291 48.67152 0 0.37500 -4.47500 48.15492 0.10179 13
1.12028 -0.14072 73.51209 0 4.22500 -34.57500 49.22111 0.15188 13
-1.70730 -0.06237 76.12201 0 1.90000 50.32500 38.52686 0.19936 -13
0.26401 -0.21782 28.12756 0 6.55000 -9.92500 27.23593 0.10642 13
0.39076 -0.22324 20.98825 0 6.75000 -11.50000 19.61075 0.11045 -13
0.86707 -0.05547 26.19995 0 1.70000 -26.77500 19.80784 0.13341 -13
0.05947 0.03862 30.77081 0 -1.17500 -1.05000 30.71662 0.10096 13
-1.91065 -0.15978 69.74724 0 4.82500 58.75000 32.66299 0.21778 -13
-2.01413 -0.18957 29.12409 0 5.75000 62.65000 13.13580 0.22731 -13
1.53681 -0.11987 74.39232 0 3.62500 -48.75000 40.77711 0.18504 -13
-1.78789 -0.18498 78.08141 0 5.60000 55.22500 38.60525 0.20715 -13
0.21153 0.01447 64.74811 0 -0.42500 -7.37500 63.34667 0.10294 -13
0.24176 -0.15078 24.56037 0 4.57500 -8.02500 23.88728 0.10472 -13
0.50432 -0.01931 28.73207 0 0.60000 -15.35000 25.65525 0.11280 -13
-0.03401 0.05050 39.90488 0 -1.50000 0.22500 39.88188 0.10089 -13
-1.20353 0.04443 36.50817 0 -1.35000 35.35000 23.34477 0.15765 13
0.71249 0.02297 12.83415 0 -0.65000 -24.07500 10.45300 0.12368 -13
-0.14723 -0.12861 46.41949 0 3.90000 1.70000 45.93228 0.10261 -13
-0.81413 -0.01019 80.31877 0 0.30000 25.10000 62.28791 0.12986 13
-0.10037 -0.19983 36.83574 0 6.05000 2.72500 36.65867 0.10320 -13
-1.03927 0.05797 42.98835 0 -1.72500 31.67500 29.83246 0.14536 -13
0.74553 -0.02670 88.63013 0 0.80000 -19.75000 71.06539 0.12564 -13
-0.16242 0.01480 59.70771 0 -0.45000 3.90000 58.93560 0.10203 -13
-1.23603 0.11528 75.68781 0 -3.47500 37.70000 47.79545 0.16052 -13
-1.11355 -0.15415 10.84465 0 4.57500 33.50000 7.29255 0.15148 13
-0.34131 -0.04345 24.79434 0 1.30000 12.40000 23.46759 0.10650 13
-0.27167 -0.16455 51.28273 0 4.95000 8.60000 49.53386 0.10565 13
-0.56950 0.03819 53.52924 0 -1.15000 18.60000 46.52362 0.11595 -13
-0.55545 -0.22905 93.86357 0 6.92500 18.32500 82.54174 0.11749 -13
-0.29299 -0.10194 41.06121 0 3.10000 9.02500 39.42076 0.10544 -13
-0.24637 0.10443 2.70691 0 -2.97500 8.37500 2.62912 0.10426 -13
0.67332 0.03115 27.82313 0 -0.92500 -19.80000 23.08281 0.12144 -13
0.18818 -0.24469 46.16086 0 7.37500 -5.45000 45.40855 0.10538 13
-0.44114 -0.07036 78.03800 0 2.12500 14.25000 71.42801 0.11029 13
-1.89672 -0.15273 87.84322 0 4.62500 57.35000 41.33724 0.21649 -13
-0.39252 -0.17017 91.80209 0 5.15000 13.97500 85.61543 0.10954 -13
-0.13452 -0.18067 82.91657 0 5.45000 2.22500 82.19949 0.10322 13
-1.81801 -0.11332 2.02727 0 3.92500 57.20000 0.98205 0.20993 -13
0.81332 0.09172 11.17271 0 -2.82500 -25.45000 8.68160 0.13017 13
0.26499 0.05549 10.25146 0 -1.72500 -9.62500 9.91047 0.10434 13
0.02877 -0.12603 1.51665 0 3.47500 -0.90000 1.51603 0.10166 13
0.16170 0.09923 51.62000 0 -2.97500 -2.40000 50.96445 0.10250 -13
-0.69713 -0.05961 89.50833 0 1.80000 20.65000 73.46914 0.12290 -13
-0.80500 0.01688 22.45250 0 -0.47500 23.72500 17.49096 0.12928 -13
-0.17021 0.14309 22.63475 0 -4.35000 6.20000 22.32008 0.10317 13
-0.17392 -0.25597 22.63475 0 7.70000 6.32500 22.32008 0.10540 13
1.20586 -0.15485 78.05050 0 4.67500 -34.05000 50.17197 0.15852 13
-1.68400 0.06621 7.96504 0 -1.87500 51.52500 4.07408 0.19728 -13
-0.03211 -0.20025 44.96060 0 6.05000 0.87500 44.93832 0.10276 -13
-0.21329 -0.03530 66.21306 0 1.05000 5.80000 64.75831 0.10303 13
-1.00703 -0.18245 88.33262 0 5.50000 30.35000 62.75200 0.14409 13
0.30391 -0.07544 75.48023 0 2.27500 -7.70000 72.23608 0.10553 -13
-0.15418 -0.01026 78.50065 0 0.30000 3.95000 77.58408 0.10190 13
-1.14560 0.04899 9.09388 0 -1.55000 33.97500 5.98461 0.15324 13
1.53576 -0.04404 12.54150 0 1.40000 -42.90000 6.84823 0.18462 -13
-1.35106 -0.14697 37.39691 0 4.40000 41.45000 22.40154 0.16990 13
0.04906 -0.24235 81.00476 0 7.32500 -1.27500 80.91280 0.10374 -13
0.31197 -0.03727 65.07298 0 1.12500 -10.12500 62.12420 0.10556 -13
-0.59160 0.01143 34.18202 0 -0.35000 18.00000 29.41985 0.11702 13
-1.91256 -0.10807 33.61692 0 3.22500 58.05000 15.64795 0.21757 13
-0.64441 -0.07896 89.13403 0 2.40000 20.52500 74.99286 0.12007 -13
1.27195 0.04755 90.73689 0 -1.45000 -39.52500 56.11954 0.16300 13
-1.31311 -0.15161 41.51829 0 4.55000 39.55000 25.33480 0.16690 13
-1.04219 0.02316 2.44291 0 -0.40000 34.75000 1.69170 0.14557 -13
-1.02775 -0.06621 68.98073 0 2.00000 33.60000 48.15916 0.14456 -13
-0.10873 0.09475 89.20428 0 -2.85000 2.22500 88.68626 0.10174 -13
-0.00649 -0.09641 35.73879 0 2.90000 -2.00000 35.73804 0.10117 13
-2.15578 -0.08760 97.18516 0 2.62500 62.55000 41.02478 0.23947 13
-0.03188 -0.24008 33.78536 0 7.22500 -0.62500 33.76916 0.10360 13
-1.32101 0.08505 88.18101 0 -2.55000 40.10000 53.34470 0.16706 -13
-0.81994 0.13726 3.47695 0 -3.97500 22.25000 2.69878 0.13092 -13
-0.83980 -0.26171 3.47695 0 8.07500 22.90000 2.69878 0.13438 -13
0.13549 0.13384 80.85340 0 -4.05000 -6.65000 80.13394 0.10252 13
0.13895 -0.26567 80.85340 0 8.00000 -6.75000 80.13394 0.10513 13
1.20272 0.02914 83.75836 0 -0.90000 -36.07500 53.56285 0.15754 13
-0.06823 -0.03968 22.22616 0 1.22500 3.45000 22.17470 0.10102 -13
-1.06783 0.01740 53.15006 0 -0.55000 34.97500 36.33376 0.14734 13
-0.28419 -0.15431 71.98163 0 4.65000 7.27500 69.30024 0.10584 13
-0.39928 0.14109 76.05492 0 -4.25000 8.85000 70.72779 0.10936 -13
-0.40832 -0.25803 76.05492 0 7.80000 9.12500 70.72779 0.11184 -13
-0.95154 0.00716 17.68978 0 -0.17500 30.52500 12.81551 0.13901 -13
0.62059 0.11677 69.50016 0 -3.52500 -19.60000 59.16370 0.11911 13
-0.27704 -0.00243 39.59932 0 0.05000 8.32500 38.16177 0.10450 13
1.15376 -0.04834 41.50003 0 1.45000 -31.90000 27.19870 0.15384 13
0.30673 0.10145 4.71808 0 -3.17500 -7.67500 4.51264 0.10589 13
-0.97009 0.06079 50.44129 0 -1.85000 30.87500 36.23703 0.14044 13
0.18978 -0.24149 42.17844 0 7.30000 -5.20000 41.47846 0.10536 -13
-1.61490 -0.00919 54.21209 0 0.30000 48.52500 28.54178 0.19128 -13
-1.20962 0.09824 59.68929 0 -2.95000 35.47500 38.14067 0.15835 -13
-0.26783 -0.08101 24.92051 0 2.42500 7.97500 24.07749 0.10457 13
-0.14799 -0.16275 6.14578 0 5.00000 4.17500 6.08124 0.10317 -13
-0.09107 0.01524 21.56709 0 -0.45000 3.27500 21.47821 0.10113 -13
0.23566 -0.01301 6.70253 0 0.32500 -6.25000 6.52388 0.10348 13
0.01939 0.14562 45.10084 0 -4.40000 0.07500 45.09255 0.10179 13
0.01978 -0.25334 45.10084 0 7.62500 0.05000 45.09255 0.10389 13
-0.19512 0.02708 89.37280 0 -0.82500 4.12500 87.71963 0.10264 -13
-0.77533 0.09229 20.02843 0 -2.75000 22.92500 15.85359 0.12775 -13
0.47492 -0.04040 9.79627 0 1.27500 -14.05000 8.85027 0.11157 -13
0.34446 -0.22976 82.65007 0 6.92500 -10.62500 78.35270 0.10899 13
-0.68446 -0.02950 92.97511 0 0.90000 19.87500 76.73468 0.12207 -13
1.83664 -0.23252 32.72572 0 7.05000 -53.95000 15.96727 0.21195 -13
1.37050 0.11428 49.86756 0 -3.42500 -40.65000 29.51864 0.17122 -13
-0.95024 0.03297 19.19177 0 -1.02500 28.22500 13.91598 0.13896 13
0.46534 0.11837 9.70855 0 -3.52500 -14.12500 8.81299 0.11169 -13
-0.01939 -0.19369 84.83399 0 5.85000 -2.25000 84.81862 0.10259 -13
-0.20764 -0.06242 76.21213 0 1.90000 5.07500 74.62648 0.10304 -13
0.59253 0.07930 51.72518 0 -2.37500 -16.45000 44.53628 0.11732 -13
-1.61519 -0.22272 30.79462 0 6.67500 49.25000 16.49397 0.19258 13
0.73743 0.06847 10.11732 0 -2.00000 -24.05000 8.14953 0.12530 -13
0.10342 0.05725 49.99556 0 -1.72500 -4.92500 49.73115 0.10140 -13
0.56110 -0.17277 16.70119 0 5.17500 -15.72500 14.61605 0.11675 13
1.76097 -0.07814 27.54692 0 2.40000 -52.62500 13.63411 0.20411 -13
0.20395 0.06184 10.74627 0 -1.90000 -8.12500 10.53038 0.10298 13
0.02395 -0.03197 57.35926 0 0.97500 0.87500 57.34284 0.10079 -13
-0.08652 -0.17329 97.93650 0 5.22500 1.22500 97.58259 0.10257 13
1.37785 0.01371 74.50915 0 -0.40000 -41.32500 43.76735 0.17146 -13
-2.18467 -0.09164 12.67397 0 2.67500 64.12500 5.29412 0.24203 13
0.16796 0.14300 85.82390 0 -4.30000 -7.27500 84.66161 0.10312 -13
0.17165 -0.25606 85.82390 0 7.72500 -7.37500 84.66161 0.10539 -13
0.26504 -0.05328 32.50352 0 1.62500 -8.37500 31.42169 0.10432 -13
-0.48295 -0.20992 42.32906 0 6.32500 13.47500 38.26988 0.11380 13
1.41554 -0.05761 22.86470 0 1.70000 -44.55000 13.20722 0.17462 13
0.91701 0.13196 55.64116 0 -4.00000 -27.82500 41.16898 0.13729 13
0.94110 -0.26767 55.64116 0 8.05000 -28.55000 41.16898 0.14087 13
-0.20430 -0.03696 52.74549 0 1.12500 9.50000 51.67939 0.10285 -13
-1.61778 0.03483 18.18700 0 -1.00000 46.25000 9.56682 0.19155 -13
-1.89438 -0.10143 42.41116 0 3.02500 59.30000 19.87830 0.21594 13
-1.67618 0.13422 59.07755 0 -4.02500 50.62500 30.46947 0.19699 -13
-1.71862 -0.26512 59.07755 0 8.02500 51.92500 30.46947 0.20204 -13
1.21306 -0.09133 66.61589 0 2.77500 -33.35000 42.47778 0.15859 -13
-0.74674 0.11973 1.30279 0 -3.15000 22.12500 1.04633 0.12649 -13
0.90982 0.14772 16.04288 0 -4.50000 -26.70000 11.92441 0.13698 13
0.92795 -0.25118 16.04288 0 7.52500 -27.22500 11.92441 0.13965 13
-1.65773 -0.16142 78.64511 0 4.85000 51.95000 41.00576 0.19563 13
-0.69980 0.05744 80.72989 0 -1.75000 19.92500 66.17864 0.12305 13
0.25370 -0.01133 26.80349 0 0.35000 -9.20000 25.98051 0.10390 -13
-0.25317 -0.18364 33.80017 0 5.52500 7.72500 32.79874 0.10550 13
1.24520 -0.12531 79.71923 0 3.80000 -38.95000 50.15114 0.16133 -13
-1.24700 -0.14662 75.79814 0 4.40000 37.35000 47.72651 0.16163 13
0.18653 0.12922 10.08551 0 -3.85000 -5.62500 9.91728 0.10325 -13
0.19172 -0.27041 10.08551 0 8.20000 -5.77500 9.91728 0.10614 -13
-0.91334 0.13544 96.51314 0 -4.10000 25.50000 71.55673 0.13708 13
-0.93609 -0.26397 96.51314 0 7.95000 26.17500 71.55673 0.14048 13
-0.94468 0.09747 82.77186 0 -2.92500 30.42500 60.30292 0.13887 -13
-0.05650 -0.01847 4.30721 0 0.45000 0.52500 4.30036 0.10090 13
-1.40051 0.08658 62.34429 0 -2.60000 42.57500 36.31766 0.17351 -13
-1.19124 0.11752 49.44811 0 -3.55000 41.02500 31.92045 0.15709 13
-1.78972 -0.10837 6.90803 0 3.40000 52.62500 3.38513 0.20685 -13
1.78989 -0.14284 50.46811 0 4.27500 -54.52500 24.80517 0.20695 13
-0.54829 -0.16037 96.29239 0 4.85000 17.95000 84.68010 0.11598 -13
0.36342 -0.14978 87.73028 0 4.52500 -10.70000 82.55984 0.10821 -13
-2.12713 0.06948 95.19398 0 -2.10000 64.97500 40.58028 0.23652 13
-0.51155 -0.24303 5.12184 0 7.22500 15.45000 4.58664 0.11565 13
0.51576 0.07676 45.61252 0 -2.30000 -16.45000 40.56300 0.11357 -13
-0.42442 -0.18779 46.57359 0 5.67500 15.17500 42.98388 0.11103 -13
-0.31601 -0.23547 96.54588 0 7.10000 11.67500 92.27898 0.10824 -13
1.00954 0.05111 81.43660 0 -1.52500 -33.10000 57.34825 0.14318 -13
0.08049 0.06601 5.76639 0 -2.07500 -1.07500 5.74783 0.10129 13
1.31692 -0.14293 3.75431 0 4.07500 -42.27500 2.28477 0.16706 13
1.25425 -0.00117 58.09284 0 0.05000 -36.70000 36.21519 0.16154 -13
-0.38652 0.14078 91.90644 0 -4.25000 12.25000 85.83443 0.10890 13
-0.39531 -0.25837 91.90644 0 7.80000 12.50000 85.83443 0.11137 13
-0.39698 -0.04673 77.85575 0 1.42500 11.87500 72.37320 0.10846 -13
1.54912 0.10803 40.92518 0 -3.22500 -46.30000 22.28683 0.18598 -13
-2.05256 -0.09237 20.72998 0 2.82500 64.30000 9.11135 0.23013 -13
0.93262 -0.10336 29.14911 0 3.10000 -29.82500 21.37006 0.13808 13
-0.71729 -0.13738 30.66380 0 4.12500 23.40000 24.99525 0.12469 13
-1.21392 0.07774 39.71344 0 -2.37500 39.42500 25.29682 0.15858 13
1.64961 -0.00223 82.25160 0 0.07500 -49.62500 42.63897 0.19426 -13
-0.39477 0.00889 73.09970 0 -0.25000 12.32500 67.99340 0.10827 -13
-0.20289 -0.09636 22.89981 0 2.87500 3.85000 22.44670 0.10321 13
0.00927 0.04511 60.00055 0 -1.37500 1.17500 59.99798 0.10081 13
-1.93432 -0.10690 19.16047 0 3.17500 56.52500 8.83844 0.21951 13
-0.25604 -0.21973 4.83532 0 6.72500 5.07500 4.69145 0.10637 -13
-0.24746 -0.10864 74.60230 0 3.27500 5.42500 72.44249 0.10432 13
0.07899 -0.02918 50.07225 0 0.90000 -3.02500 49.91690 0.10106 -13
0.38576 -0.08982 95.84101 0 2.72500 -10.52500 89.46481 0.10831 -13
2.13323 0.02625 72.60596 0 -0.80000 -64.95000 30.82607 0.23728 13
0.21078 -0.16606 56.49526 0 5.02500 -7.25000 55.31215 0.10427 -13
0.39263 -0.12766 41.43650 0 3.87500 -13.25000 38.61125 0.10895 -13
-1.19057 0.14836 38.89869 0 -4.50000 33.30000 25.17703 0.15730 13
-1.21404 -0.25051 38.89869 0 7.52500 34.00000 25.17703 0.16037 13
-1.40214 -0.20719 77.14864 0 6.25000 43.20000 45.42061 0.17466 13
0.73781 -0.08942 92.67446 0 2.70000 -23.07500 74.67782 0.12547 -13
-1.05363 0.13501 56.53118 0 -4.07500 31.85000 39.10151 0.14692 13
-1.08005 -0.26445 56.53118 0 7.97500 32.65000 39.10151 0.15058 13
0.99788 -0.06446 76.11837 0 1.95000 -29.25000 53.93650 0.14242 -13
1.86468 -0.05750 53.71922 0 1.75000 -55.82500 25.42049 0.21317 -13
-0.17394 -0.19708 50.71915 0 5.92500 7.77500 49.99640 0.10412 13
-0.15754 0.05909 99.94500 0 -1.77500 4.45000 98.73142 0.10212 13
0.71477 0.01838 64.97492 0 -0.55000 -22.57500 52.86355 0.12379 13
-1.79523 0.05554 57.03851 0 -1.70000 55.42500 27.78910 0.20703 13
1.97679 -0.01285 42.41306 0 0.35000 -62.30000 19.14685 0.22309 13
0.03920 -0.22560 80.26652 0 6.80000 -1.12500 80.20791 0.10331 -13
1.35962 -0.08800 34.95625 0 2.62500 -40.27500 20.76319 0.17018 13
-1.20953 0.06177 95.68294 0 -1.87500 35.80000 61.03742 0.15816 13
0.83026 -0.11417 22.16280 0 3.47500 -27.05000 17.09652 0.13141 -13
0.63298 -0.13838 63.07635 0 4.17500 -17.70000 53.44087 0.11999 13
-1.84474 0.12857 2.14798 0 -3.42500 56.67500 1.02947 0.21173 -13
1.12424 0.12540 15.78565 0 -3.72500 -36.07500 10.53669 0.15203 -13
1.15679 -0.27447 15.78565 0 8.32500 -37.07500 10.53669 0.15652 -13
-0.27989 0.12862 90.90505 0 -3.87500 8.87500 87.59268 0.10537 13
-0.28762 -0.27116 90.90505 0 8.17500 9.10000 87.59268 0.10828 13
0.99478 -0.19099 10.56146 0 5.70000 -30.15000 7.55418 0.14329 13
0.59616 0.13968 67.67405 0 -4.22500 -16.75000 58.27420 0.11809 13
0.60999 -0.25952 67.67405 0 7.82500 -17.17500 58.27420 0.12082 13
-0.12681 0.06041 73.39277 0 -1.82500 3.15000 72.81178 0.10169 -13
0.13085 0.05622 81.96995 0 -1.70000 -4.67500 81.27929 0.10172 13
-0.16590 -0.06295 71.82076 0 1.90000 4.60000 70.85615 0.10228 -13
-0.50867 -0.10519 3.85128 0 3.02500 12.80000 3.43627 0.11348 13
-0.41086 -0.18726 26.07129 0 5.67500 12.62500 24.17466 0.11051 -13
-0.39504 0.06345 60.87352 0 -1.92500 13.02500 56.63138 0.10847 13
-0.43647 0.14460 12.51236 0 -4.32500 12.90000 11.48634 0.11082 -13
-0.44570 -0.25433 12.51236 0 7.72500 13.20000 11.48634 0.11324 -13
0.05718 0.09360 64.77170 0 -2.82500 -3.05000 64.66697 0.10131 13
1.24529 0.03610 29.60972 0 -1.07500 -39.70000 18.54731 0.16087 -13
-0.04564 0.04772 21.34359 0 -1.42500 -0.52500 21.32143 0.10092 -13
0.27568 -0.13873 31.83587 0 4.17500 -8.25000 30.71164 0.10538 13
-0.28965 -0.12357 99.30232 0 3.72500 7.70000 95.43701 0.10559 13
0.64759 -0.13540 27.75845 0 4.07500 -22.72500 23.36175 0.12074 13
0.89221 0.00893 43.03199 0 -0.25000 -24.15000 32.11001 0.13496 -13
-1.02790 -0.19071 2.52574 0 5.45000 28.15000 1.77710 0.14558 13
-0.23656 -0.24083 38.01723 0 7.27500 8.32500 37.05005 0.10629 -13
0.56711 -0.14152 44.94929 0 4.27500 -17.72500 39.19314 0.11665 -13
0.50546 0.14370 52.98515 0 -4.35000 -15.67500 47.38544 0.11376 13
0.51635 -0.25533 52.98515 0 7.70000 -16.00000 47.38544 0.11620 13
-0.21988 -0.13280 64.39621 0 4.00000 4.82500 62.91872 0.10397 13
-1.89962 -0.15520 79.53623 0 4.70000 56.57500 37.39570 0.21676 -13
-0.18476 -0.18545 21.17281 0 5.62500 5.80000 20.83183 0.10412 -13
-1.20402 -0.11664 90.11888 0 3.50000 35.87500 57.80813 0.15805 13
2.04525 -0.06828 9.24866 0 1.95000 -63.02500 4.07044 0.22930 13
-2.03633 0.09052 3.00712 0 -3.12500 60.85000 1.32984 0.22908 13
-0.12043 0.07844 89.24222 0 -2.35000 1.32500 88.60582 0.10174 -13
-1.18812 -0.06888 55.32500 0 2.07500 35.57500 35.67537 0.15653 13
0.48872 -0.01617 49.38459 0 0.50000 -13.65000 44.37043 0.11210 -13
0.84344 -0.06467 16.57753 0 2.00000 -23.67500 12.68293 0.13191 -13
0.43537 -0.03534 86.98859 0 1.07500 -12.07500 79.76545 0.10989 -13
-0.03159 -0.24938 18.05127 0 7.50000 0.52500 18.04280 0.10382 13
0.70477 -0.13622 31.48842 0 4.12500 -19.60000 25.81637 0.12397 -13
0.30259 -0.07943 86.49348 0 2.40000 -9.07500 82.80816 0.10552 -13
0.36725 0.11448 63.72108 0 -3.45000 -10.47500 59.86100 0.10790 13
0.16038 -0.18753 83.36028 0 5.67500 -5.57500 82.34343 0.10373 -13
1.34534 -0.08200 70.82054 0 2.47500 -40.40000 42.33956 0.16901 -13
-0.21284 -0.09815 5.28774 0 3.05000 6.80000 5.17285 0.10348 -13
1.46819 0.13111 69.40736 0 -3.95000 -40.50000 39.29930 0.17937 -13
1.50733 -0.26850 69.40736 0 8.12500 -41.70000 39.29930 0.18418 -13
-0.45427 0.09081 67.02696 0 -2.72500 12.97500 61.06802 0.11098 -13
1.64572 0.00329 32.60033 0 -0.07500 -48.37500 16.92896 0.19392 -13
-0.68194 -0.11769 1.32867 0 4.02500 19.02500 1.10033 0.12307 -13
-0.07115 0.14139 12.99228 0 -4.22500 3.95000 12.96013 0.10194 -13
-0.07272 -0.25766 12.99228 0 7.82500 4.00000 12.96013 0.10429 -13
-0.40632 0.10896 3.63710 0 -3.42500 12.30000 3.37244 0.10935 13
0.03432 -0.08433 88.01723 0 2.55000 -1.27500 87.96577 0.10112 -13
-0.42773 -0.06402 92.55794 0 1.92500 13.15000 85.12706 0.10972 13
0.40469 -0.05640 81.70387 0 1.70000 -11.17500 75.75402 0.10879 13
0.69082 0.08703 68.95213 0 -2.62500 -21.77500 56.80040 0.12271 -13
0.26891 -0.07616 72.32889 0 2.30000 -10.25000 69.86105 0.10456 -13
0.32646 -0.00336 58.78394 0 0.10000 -11.37500 55.88158 0.10593 13
0.11723 -0.02761 28.04256 0 0.82500 -1.72500 27.85195 0.10143 13
-1.48906 0.10396 18.23832 0 -3.10000 44.27500 10.20557 0.18091 -13
-0.35608 0.14146 24.18045 0 -4.25000 10.72500 22.80461 0.10783 -13
-0.36411 -0.25762 24.18045 0 7.80000 10.97500 22.80461 0.11029 -13
-0.18662 -0.02900 40.68014 0 0.87500 8.15000 39.99035 0.10248 -13
0.58278 -0.11454 65.50341 0 3.47500 -17.95000 56.68744 0.11714 -13
-0.63077 -0.00002 43.78636 0 -0.00000 18.67500 37.03426 0.11907 13
0.14494 -0.08465 42.67342 0 2.55000 -2.05000 42.23519 0.10211 13
0.01619 -0.08550 61.27246 0 2.57500 0.35000 61.26449 0.10108 -13
0.89909 -0.15216 21.39422 0 4.55000 -26.32500 15.98991 0.13627 13
-1.77908 0.14743 12.22970 0 -4.37500 52.90000 6.04177 0.20597 -13
-1.81467 -0.25133 12.22970 0 7.67500 54.02500 6.04177 0.21033 -13
1.19742 -0.06855 8.82665 0 2.15000 -36.22500 5.66578 0.15729 -13
0.90692 -0.01676 10.15885 0 0.57500 -28.85000 7.52557 0.13597 -13
-0.09141 -0.18372 37.28463 0 5.52500 1.25000 37.13486 0.10279 13
-0.83741 -0.03886 19.11999 0 1.15000 26.05000 14.66347 0.13140 13
-0.49944 -0.23440 9.14170 0 7.12500 16.02500 8.22106 0.11508 -13
-0.54412 0.13950 30.04821 0 -4.20000 14.95000 26.45161 0.11550 -13
-0.55678 -0.25965 30.04821 0 7.85000 15.35000 26.45161 0.11821 -13
-0.02533 -0.09893 51.00847 0 2.97500 0.27500 50.99229 0.10123 13
-0.34550 0.09893 88.22784 0 -3.00000 8.92500 83.43403 0.10701 13
-1.49452 -0.19998 4.56689 0 6.25000 45.65000 2.57427 0.18248 -13
0.68771 -0.06978 2.91400 0 1.90000 -20.40000 2.40307 0.12244 13
0.50827 -0.16128 30.80474 0 4.87500 -17.12500 27.53385 0.11413 -13
-0.74630 -0.10338 74.00363 0 3.10000 24.05000 59.42141 0.12608 13
0.15824 -0.05358 47.60982 0 1.62500 -5.50000 47.02646 0.10210 -13
0.63909 0.06463 91.39071 0 -1.95000 -18.50000 77.05447 0.11969 -13
-0.61258 -0.13862 55.51109 0 4.20000 19.30000 47.45806 0.11892 -13
-0.79008 0.14229 91.77681 0 -4.27500 24.50000 72.28888 0.12914 -13
-0.80758 -0.25679 91.77681 0 7.75000 25.02500 72.28888 0.13201 -13
0.48739 0.14197 85.20074 0 -4.30000 -14.40000 76.73404 0.11294 13
0.49826 -0.25713 85.20074 0 7.75000 -14.72500 76.73404 0.11545 13
-0.55823 -0.18802 64.19802 0 5.67500 19.92500 56.28423 0.11688 -13
0.01630 -0.13463 66.85733 0 4.05000 -1.40000 66.84861 0.10162 13
1.38897 -0.24961 52.04216 0 7.50000 -41.52500 31.01245 0.17415 13
0.47842 0.03502 4.45484 0 -0.92500 -14.72500 4.01907 0.11170 -13
0.81835 0.00913 74.48244 0 -0.27500 -28.80000 57.64235 0.13013 13
-0.68339 -0.12578 77.85928 0 3.77500 19.92500 64.44259 0.12262 13
-0.79319 0.01939 42.75327 0 -0.57500 25.47500 33.49776 0.12855 -13
0.49582 0.04846 6.85615 0 -1.37500 -14.42500 6.14393 0.11251 -13
-0.00919 -0.23839 26.03798 0 7.20000 -0.70000 26.03694 0.10354 -13
1.08179 -0.19985 46.48898 0 6.05000 -31.92500 31.88897 0.14973 -13
-0.24661 -0.17934 33.94314 0 5.42500 4.42500 32.98502 0.10529 -13
-0.23465 0.04968 10.14116 0 -1.55000 7.60000 9.87366 0.10357 13
-1.42213 -0.08264 68.74401 0 2.47500 43.70000 39.63161 0.17527 13
0.53057 0.09519 82.73947 0 -2.87500 -15.02500 73.16143 0.11440 13
1.57723 -0.11020 11.83506 0 3.40000 -47.97500 6.36461 0.18846 -13
-0.92978 -0.20433 6.68004 0 6.25000 27.82500 4.93829 0.13914 -13
-0.14784 0.07356 26.11430 0 -2.22500 4.95000 25.83494 0.10208 13
0.22669 0.10842 50.86573 0 -3.25000 -7.45000 49.62116 0.10383 -13
1.31437 -0.25131 15.17157 0 7.52500 -40.45000 9.36359 0.16816 13
0.73078 0.00751 26.99836 0 -0.25000 -23.75000 21.79812 0.12473 13
-1.34195 0.01325 51.89342 0 -0.42500 42.37500 31.00918 0.16854 13
-0.70592 -0.08142 64.18533 0 2.47500 20.30000 52.49415 0.12354 -13
0.05526 -0.23911 35.34190 0 7.22500 -3.95000 35.29096 0.10370 -13
0.25153 -0.04547 78.69349 0 1.37500 -7.72500 76.32105 0.10394 -13
-0.33013 -0.24240 23.45157 0 7.30000 9.75000 22.33068 0.10880 13
1.26922 0.05611 58.13063 0 -1.70000 -38.72500 36.01073 0.16281 13
-1.23705 0.00108 13.35230 0 -0.10000 39.27500 8.39393 0.16020 13
0.68124 -0.17724 50.20784 0 5.35000 -22.55000 41.69557 0.12316 -13
-0.47166 0.09702 88.92612 0 -2.92500 15.32500 80.49729 0.11177 13
-0.37728 -0.01254 57.89741 0 0.37500 13.42500 54.17088 0.10764 13
0.37394 0.09318 84.72286 0 -2.82500 -11.15000 79.39797 0.10793 13
0.03490 0.07656 33.56968 0 -2.32500 -0.40000 33.54936 0.10106 13
-0.03630 -0.13441 54.93337 0 4.05000 -1.82500 54.89781 0.10167 13
2.06604 -0.20277 5.24940 0 5.87500 -63.50000 2.32438 0.23177 13
0.49672 -0.12246 55.18705 0 3.67500 -14.27500 49.49824 0.11311 13
-1.35654 -0.11482 85.64341 0 3.45000 40.37500 51.03359 0.17011 13
0.64582 -0.02886 12.12934 0 0.92500 -18.97500 10.19045 0.11993 -13
1.50554 -0.18646 58.09473 0 5.65000 -45.52500 32.52451 0.18299 -13
2.03569 -0.00500 83.47987 0 0.12500 -60.22500 36.80701 0.22840 13
-0.33325 0.14424 41.26461 0 -4.35000 9.87500 39.18775 0.10713 -13
-0.34037 -0.25474 41.26461 0 7.70000 10.10000 39.18775 0.10944 -13
1.89736 0.10838 25.99580 0 -3.22500 -58.65000 12.17630 0.21623 -13
-0.91490 -0.15886 55.61582 0 4.77500 29.17500 41.26634 0.13741 13
-0.08978 -0.24627 1.90311 0 7.17500 1.47500 1.89594 0.10406 13
-0.55622 0.07744 52.68788 0 -2.35000 18.55000 46.07682 0.11550 13
0.69117 -0.15730 55.66059 0 4.75000 -19.52500 45.96852 0.12345 -13
0.89755 -0.16500 71.65581 0 4.97500 -26.60000 53.64426 0.13634 -13
-0.10124 -0.23748 33.09016 0 7.17500 1.67500 32.93084 0.10402 -13
-0.35890 0.12903 26.83086 0 -3.87500 11.77500 25.27706 0.10777 -13
-0.36876 -0.27069 26.83086 0 8.17500 12.07500 25.27706 0.11076 -13
-1.30005 0.04804 45.11938 0 -1.42500 43.52500 27.52866 0.16523 -13
-0.11057 -0.20739 45.73923 0 6.27500 3.07500 45.47347 0.10345 -13
-0.87654 -0.03643 52.33492 0 1.10000 26.72500 39.36712 0.13396 13
0.33073 -0.13997 39.93121 0 4.20000 -14.00000 37.94749 0.10700 13
0.56324 0.04416 10.77742 0 -1.27500 -15.05000 9.39269 0.11565 -13
-1.08734 -0.24926 62.25268 0 7.50000 34.22500 42.82449 0.15085 13
-0.09481 0.01461 42.17817 0 -0.42500 2.07500 41.98987 0.10117 -13
0.88935 -0.09093 90.80682 0 2.75000 -27.40000 67.97745 0.13508 -13
0.54868 0.03199 27.09458 0 -0.95000 -15.47500 23.75683 0.11491 -13
-1.06896 0.10467 29.48076 0 -3.17500 29.35000 20.20071 0.14779 13
0.06949 -0.08448 59.12570 0 2.55000 -3.35000 58.98453 0.10130 13
0.97075 -0.01750 12.47505 0 0.57500 -27.75000 8.95179 0.14037 -13
-0.19737 0.12837 53.94412 0 -3.87500 3.77500 52.93925 0.10346 13
-0.20283 -0.27138 53.94412 0 8.17500 3.95000 52.93925 0.10632 13
-1.28658 -0.01524 77.72159 0 0.45000 40.25000 47.70015 0.16410 13
-0.63007 0.08194 90.55060 0 -2.47500 21.27500 76.68422 0.11931 -13
-1.04719 0.13177 9.27369 0 -4.05000 35.07500 6.43343 0.14647 13
-1.07476 -0.26798 9.27369 0 8.00000 35.87500 6.43343 0.15019 13
0.95612 -0.23272 42.19656 0 7.00000 -30.22500 30.88030 0.14127 13
-0.79529 -0.17759 99.71477 0 5.37500 25.30000 78.50918 0.12991 -13
-2.03115 -0.23420 3.25164 0 6.72500 62.30000 1.46720 0.22878 13
-1.30789 -0.15094 7.55120 0 4.67500 39.90000 4.61881 0.16661 -13
-0.25849 -0.63947 7.55120 0 4.30000 40.45000 4.61881 0.16985 -13
-1.63640 -0.08843 63.91489 0 2.67500 49.65000 33.42091 0.19335 -13
0.27408 -0.03798 5.82761 0 1.22500 -10.35000 5.62047 0.10452 -13
-0.23142 -0.11129 64.63754 0 3.35000 7.47500 62.99255 0.10397 13
-1.09229 -0.22247 2.98401 0 6.45000 29.77500 2.04174 0.15061 13
0.71598 -0.23621 49.50075 0 7.15000 -21.20000 40.61314 0.12613 -13
-1.26014 -0.03833 70.92790 0 1.15000 36.90000 44.10940 0.16205 13
1.75089 0.14131 38.71442 0 -4.25000 -52.90000 19.34296 0.20353 -13
1.79030 -0.25775 38.71442 0 7.80000 -54.10000 19.34296 0.20818 -13
0.21347 -0.03361 76.71392 0 1.00000 -6.15000 75.02542 0.10303 13
0.34201 -0.20535 6.30081 0 6.10000 -9.52500 5.97463 0.10837 13
-0.96259 -0.05079 46.13722 0 1.55000 28.42500 33.25989 0.13988 -13
1.12732 -0.13369 7.41883 0 3.92500 -36.02500 4.94731 0.15231 13
-0.97846 0.11999 93.57652 0 -3.62500 30.22500 67.11864 0.14140 -13
-1.00891 -0.28027 93.57652 0 8.45000 31.15000 67.11864 0.14581 -13
-0.03200 -0.22034 26.62113 0 6.62500 -0.85000 26.60815 0.10316 13
-0.25219 -0.19542 89.47607 0 5.90000 7.02500 86.85525 0.10570 13
-1.36951 -0.00022 16.46426 0 0.05000 41.67500 9.70903 0.17077 -13
-0.42373 0.12148 10.48260 0 -3.72500 13.20000 9.66258 0.11008 13
-0.43674 -0.27880 10.48260 0 8.35000 13.60000 9.66258 0.11337 13
-0.19891 -0.00921 70.35594 0 0.27500 6.55000 69.00409 0.10268 -13
-0.02413 -0.19478 77.25547 0 5.87500 1.07500 77.23381 0.10263 -13
0.20372 -0.17272 53.03652 0 5.22500 -7.40000 51.99915 0.10424 -13
-0.79898 -0.21010 7.79509 0 6.25000 23.27500 6.14036 0.13057 13
-0.12519 -0.17353 42.64053 0 5.25000 6.67500 42.31987 0.10299 -13
0.47887 0.11198 72.98779 0 -3.37500 -14.47500 65.90567 0.11222 -13
0.22320 -0.24709 26.78459 0 7.42500 -7.30000 26.17713 0.10612 13
-1.14564 0.01841 56.00715 0 -0.57500 34.45000 36.83324 0.15316 13
1.12243 0.10886 98.64363 0 -3.27500 -34.62500 65.83389 0.15178 -13
-0.25277 0.09595 89.61540 0 -2.90000 6.37500 86.90673 0.10432 -13
1.47889 -0.05936 83.08971 0 1.80000 -44.05000 46.59878 0.17988 -13
0.85911 -0.07423 13.76358 0 2.20000 -26.37500 10.45223 0.13295 13
-0.29021 0.10495 21.35040 0 -3.15000 8.77500 20.51312 0.10538 -13
0.31385 -0.11928 96.47625 0 3.60000 -7.77500 92.10719 0.10623 -13
1.04723 -0.09129 70.11950 0 2.75000 -29.50000 48.53014 0.14610 13
-0.37967 -0.18367 39.97554 0 5.52500 10.87500 37.44976 0.10929 13
1.74071 0.13684 21.67768 0 -4.07500 -50.87500 10.87441 0.20258 -13
1.78308 -0.26232 21.67768 0 7.97500 -52.17500 10.87441 0.20763 -13
-0.23000 0.13072 60.38264 0 -3.92500 5.75000 58.87098 0.10417 -13
-0.23615 -0.26892 60.38264 0 8.12500 5.92500 58.87098 0.10697 -13
-0.03526 -0.03200 28.23611 0 0.97500 1.32500 28.21860 0.10082 -13
0.30905 0.00706 48.20487 0 -0.22500 -10.87500 46.05570 0.10541 13
-0.83972 -0.11348 89.96745 0 3.42500 26.52500 69.08004 0.13199 13
-1.09579 0.04634 16.67480 0 -1.45000 33.52500 11.24683 0.14948 13
-1.39948 0.00384 64.74022 0 -0.12500 41.65000 37.63906 0.17321 13
0.14974 0.02686 95.39539 0 -0.82500 -3.75000 94.34429 0.10186 13
1.31098 -0.01952 51.29617 0 0.60000 -41.00000 31.11426 0.16606 -13
0.36677 -0.12940 48.85039 0 3.92500 -13.95000 45.90777 0.10806 -13
0.25634 -0.08863 65.61443 0 2.67500 -8.40000 63.57463 0.10434 13
1.14098 0.01611 35.91294 0 -0.50000 -33.22500 23.67250 0.15280 13
-1.34262 0.00607 69.12912 0 -0.17500 38.47500 41.29377 0.16859 -13
0.80877 -0.00173 56.61331 0 0.07500 -27.87500 44.01884 0.12952 -13
-0.21056 -0.02808 77.01776 0 0.85000 6.32500 75.36645 0.10295 -13
-0.24424 0.06539 28.21157 0 -2.00000 3.82500 27.40928 0.10388 13
0.84203 -0.13723 64.93880 0 4.15000 -22.47500 49.86608 0.13238 -13
1.50247 0.12777 62.94202 0 -3.85000 -47.72500 35.07023 0.18219 -13
1.54447 -0.27200 62.94202 0 8.22500 -49.00000 35.07023 0.18732 -13
-1.09399 -0.08367 74.03918 0 2.52500 33.15000 50.04830 0.14949 13
0.08446 0.14237 97.97149 0 -4.30000 -0.82500 97.63075 0.10207 -13
0.08632 -0.25670 97.97149 0 7.75000 -0.87500 97.63075 0.10433 -13
-0.39068 -0.01076 67.30638 0 0.32500 13.02500 62.69234 0.10813 -13
-1.54111 0.00695 25.78264 0 -0.25000 45.05000 14.03439 0.18501 13
0.67904 -0.17219 81.13134 0 5.20000 -21.62500 67.42655 0.12295 13
1.03545 -0.20978 9.15962 0 6.25000 -32.90000 6.43358 0.14643 13
1.53700 0.13774 12.50751 0 -4.22500 -48.12500 6.86698 0.18522 13
1.57371 -0.26174 12.50751 0 7.82500 -49.17500 6.86698 0.18949 13
-1.52341 -0.04120 17.49146 0 1.20000 45.60000 9.60423 0.18355 13
-0.39048 0.00018 40.97311 0 -0.00000 9.47500 38.16670 0.10811 -13
1.46272 -0.08042 53.79732 0 2.40000 -45.12500 30.42884 0.17852 13
-0.86424 -0.18656 17.39397 0 5.67500 28.42500 13.25616 0.13445 -13
0.82669 -0.16119 96.05414 0 4.87500 -26.60000 74.41554 0.13167 -13
2.10187 0.12622 91.50657 0 -3.80000 -61.25000 39.56625 0.23474 -13
2.16200 -0.27366 91.50657 0 8.27500 -63.07500 39.56625 0.24150 -13
0.19474 0.02455 78.42817 0 -0.75000 -6.62500 76.98277 0.10262 13
-0.28669 -0.09405 24.25413 0 2.82500 8.55000 23.32265 0.10519 13
1.34315 0.08343 20.23458 0 -2.55000 -40.27500 12.11058 0.16887 13
0.51618 -0.03147 4.00463 0 0.80000 -18.62500 3.55879 0.11340 13
-1.50374 0.03953 98.78075 0 -1.20000 45.42500 54.72913 0.18191 13
-2.12709 -0.18555 92.11995 0 5.60000 62.05000 39.73873 0.23744 -13
-0.07747 -0.07430 10.05357 0 2.20000 4.37500 10.02369 0.10128 13
-0.22291 -0.21715 2.22340 0 6.32500 5.02500 2.17258 0.10541 13
-0.70341 0.11564 72.56189 0 -3.47500 21.77500 59.47991 0.12368 -13
0.05004 0.11283 16.43249 0 -3.42500 -1.67500 16.41220 0.10148 13
1.83666 0.14559 61.63835 0 -4.40000 -56.77500 29.71334 0.21112 13
1.87484 -0.25334 61.63835 0 7.62500 -57.92500 29.71334 0.21548 13
-0.99304 0.12586 23.47474 0 -3.77500 31.07500 16.72122 0.14249 -13
-1.02167 -0.27398 23.47474 0 8.30000 31.92500 16.72122 0.14663 -13
-0.19272 0.08049 35.43159 0 -2.42500 6.10000 34.79531 0.10287 -13
-0.07157 0.09743 46.25670 0 -2.95000 0.55000 46.13976 0.10144 13
-0.44197 0.02965 47.23378 0 -0.90000 12.57500 43.20546 0.11014 13
-0.36280 -0.22009 53.21816 0 6.62500 13.25000 50.16262 0.10938 13
-0.64429 -0.17655 24.79423 0 5.35000 19.22500 20.93516 0.12113 -13
-0.23804 -0.11828 37.14917 0 3.57500 6.95000 36.15270 0.10420 -13
0.47518 0.01240 93.55990 0 -0.37500 -13.30000 84.50575 0.11150 -13
1.02138 -0.06463 42.38654 0 1.97500 -31.67500 29.68504 0.14410 -13
-0.57329 0.09190 99.64274 0 -2.77500 17.40000 86.53382 0.11645 13
0.77420 -0.00947 33.39681 0 0.27500 -22.20000 26.40807 0.12736 13
0.00088 -0.12850 33.87030 0 3.85000 0.82500 33.87029 0.10153 13
1.35266 -0.23398 83.18484 0 7.05000 -38.42500 50.30157 0.17102 13
0.15170 -0.02070 10.40398 0 0.57500 -4.67500 10.28628 0.10188 13
0.92801 -0.08350 54.86072 0 2.52500 -28.15000 40.27699 0.13765 -13
-2.02027 -0.14192 7.80319 0 4.12500 60.22500 3.48925 0.22733 13
0.53517 0.05804 58.75054 0 -1.75000 -16.75000 51.81876 0.11438 13
0.19508 0.08199 58.50557 0 -2.47500 -7.17500 57.43014 0.10294 13
-0.53897 -0.14935 88.29940 0 4.50000 17.20000 77.92031 0.11538 -13
-0.89379 -0.14034 47.94433 0 4.22500 27.00000 35.90142 0.13579 13
-0.23640 -0.05949 99.11922 0 1.80000 6.25000 96.46941 0.10365 -13
-1.35405 -0.08069 91.46021 0 2.45000 39.52500 54.44831 0.16971 -13
-0.00627 0.13963 54.49979 0 -4.20000 0.12500 54.49874 0.10168 -13
-0.00642 -0.25957 54.49979 0 7.82500 0.12500 54.49874 0.10405 -13
-0.20897 0.10395 83.69325 0 -3.12500 5.22500 81.94193 0.10341 -13
-1.01359 0.08740 66.64903 0 -2.62500 31.75000 46.89922 0.14365 -13
0.43431 -0.07799 38.95801 0 2.35000 -12.77500 35.75060 0.11007 13
0.19196 -0.03973 83.29779 0 1.20000 -4.90000 81.80661 0.10262 13
-0.83493 0.05021 23.33641 0 -1.47500 23.95000 17.92248 0.13128 -13
0.22163 -0.08189 2.42539 0 2.25000 -6.65000 2.36814 0.10353 13
-1.29751 -0.19548 87.30334 0 5.90000 39.27500 53.92090 0.16614 -13
0.30986 -0.02273 35.88619 0 0.70000 -10.02500 34.27902 0.10545 -13
-0.26441 0.01931 39.46766 0 -0.60000 4.87500 38.15681 0.10418 13
-0.36150 0.10837 70.39067 0 -3.27500 9.32500 66.24219 0.10763 13
1.33598 0.05228 39.77940 0 -1.55000 -36.77500 23.85849 0.16813 -13
0.73321 -0.09624 79.62359 0 2.90000 -21.67500 64.31514 0.12524 -13
