-1.99360 -0.08514 39.51468 0 2.60000 60.72500 17.76735 0.22479 -13
1.78879 -0.20424 29.89253 0 6.20000 -54.90000 14.81418 0.20745 -13
1.37588 -0.03407 31.92810 0 1.05000 -37.70000 18.77857 0.17133 -13
0.33324 0.05620 36.45008 0 -1.67500 -9.57500 34.58585 0.10629 -13
1.67985 0.09189 7.68856 0 -2.90000 -49.10000 3.94522 0.19717 13
-0.44687 0.01666 7.69407 0 -0.57500 11.62500 7.02481 0.11033 13
-1.01894 -0.05043 43.41078 0 1.55000 31.05000 30.42666 0.14386 -13
0.98587 0.03966 50.69735 0 -1.17500 -31.60000 36.11633 0.14147 -13
0.87726 -0.03631 91.37768 0 1.10000 -25.85000 68.71138 0.13401 -13
-1.79380 0.09276 7.65445 0 -2.67500 52.97500 3.73964 0.20695 -13
0.93218 -0.24736 55.09125 0 7.45000 -26.97500 40.84920 0.13989 13
-0.34816 -0.10940 23.22743 0 3.27500 10.35000 21.95014 0.10719 13
-0.44591 -0.08226 14.40038 0 2.45000 11.82500 13.15953 0.11056 13
0.34984 0.12477 65.56401 0 -3.77500 -10.97500 61.93802 0.10743 13
0.36004 -0.27522 65.56401 0 8.30000 -11.30000 61.93802 0.11055 13
1.06663 -0.18877 82.84880 0 5.70000 -32.47500 57.19077 0.14847 -13
0.01830 -0.08443 80.44855 0 2.55000 -2.87500 80.43517 0.10107 13
-0.32937 0.10347 50.33449 0 -3.12500 13.45000 47.83289 0.10654 13
1.43947 -0.04204 26.64679 0 1.30000 -43.77500 15.21207 0.17656 -13
0.46776 0.09950 27.95177 0 -2.97500 -15.45000 25.34133 0.11162 -13
0.13881 0.01593 12.91725 0 -0.45000 -4.67500 12.79461 0.10168 -13
-0.72025 0.08014 44.15762 0 -2.40000 21.62500 35.86998 0.12436 -13
-2.02216 -0.23930 58.36452 0 7.20000 62.45000 26.45439 0.22842 13
-1.02898 0.03650 63.39414 0 -1.10000 31.50000 44.19681 0.14454 13
-0.27555 0.02760 49.25885 0 -0.82500 6.85000 47.49019 0.10450 -13
-0.24893 -0.13828 68.50900 0 4.17500 6.87500 66.51663 0.10470 13
1.19768 -0.19444 36.42136 0 5.85000 -36.12500 23.59785 0.15831 13
-1.09749 -0.08582 11.67779 0 2.52500 33.55000 7.88081 0.14975 13
-1.29580 -0.18984 25.08361 0 5.75000 36.12500 15.49494 0.16597 -13
0.68617 -0.17127 62.49802 0 5.15000 -19.10000 51.76985 0.12334 13
-0.30085 0.09720 35.41753 0 -2.95000 10.97500 33.92886 0.10562 13
0.99816 -0.19488 97.05108 0 5.87500 -30.42500 69.32441 0.14362 13
-1.61970 -0.12529 81.76161 0 3.77500 47.72500 43.19443 0.19210 13
-1.69449 -0.09972 85.01727 0 3.02500 53.02500 43.36730 0.19840 -13
-0.44771 0.01985 9.79906 0 -0.65000 15.50000 8.94386 0.11037 13
-1.16790 0.03786 33.91990 0 -1.15000 34.77500 22.07016 0.15489 13
-1.90402 0.02198 45.50928 0 -0.67500 57.47500 21.16437 0.21660 13
-2.04243 0.08440 61.23182 0 -2.52500 63.30000 27.00326 0.22915 -13
-0.30273 -0.24140 59.74006 0 7.30000 10.35000 57.31004 0.10799 -13
1.36946 -0.20128 20.82315 0 6.10000 -39.62500 12.43966 0.17200 -13
-0.01400 -0.13495 11.63364 0 4.02500 1.52500 11.63251 0.10161 13
-0.23559 0.12213 67.23216 0 -3.67500 7.40000 65.46600 0.10419 -13
-0.24272 -0.27800 67.23216 0 8.40000 7.62500 65.46600 0.10735 -13
-0.70922 0.11586 2.73659 0 -3.70000 25.12500 2.23731 0.12420 13
-0.73251 -0.28520 2.73659 0 8.37500 25.77500 2.23731 0.12793 13
-0.72724 0.05461 58.48362 0 -1.62500 18.77500 47.32330 0.12456 -13
-0.69714 -0.02048 97.32571 0 0.62500 22.35000 79.84497 0.12277 -13
-0.51162 -0.14699 87.24693 0 4.42500 16.00000 77.84181 0.11408 13
-1.85645 0.10516 68.26423 0 -3.17500 52.12500 32.51160 0.21262 13
-0.59578 0.08573 67.78029 0 -2.57500 19.02500 58.28461 0.11754 -13
1.54517 0.08407 83.61106 0 -2.52500 -47.65000 45.54166 0.18553 -13
-1.16782 0.00177 44.95417 0 -0.07500 36.32500 29.23932 0.15483 13
-1.35184 -0.21969 55.14439 0 6.65000 39.72500 33.29413 0.17079 -13
-0.64334 -0.16924 7.22079 0 5.02500 17.37500 6.09750 0.12091 13
1.07228 -0.13209 32.40496 0 4.00000 -31.25000 22.20297 0.14827 -13
-0.03760 -0.07771 28.19882 0 2.32500 -0.60000 28.17903 0.10107 13
-0.25627 -0.12361 57.01934 0 3.72500 6.50000 55.26006 0.10470 -13
0.26068 -0.10548 4.26592 0 3.07500 -7.92500 4.12946 0.10460 13
-0.09136 -0.23060 74.21708 0 6.97500 1.62500 73.92484 0.10376 -13
-1.28525 -0.17442 86.34675 0 5.27500 37.85000 53.51836 0.16494 -13
1.69237 0.06532 10.73194 0 -1.87500 -53.32500 5.46879 0.19802 -13
1.01280 -0.22258 20.94775 0 6.75000 -31.05000 14.89703 0.14511 -13
-0.51850 0.02951 11.12775 0 -0.95000 14.85000 9.87959 0.11349 13
0.24011 -0.01643 36.09145 0 0.47500 -6.62500 35.09417 0.10358 13
1.21740 -0.01159 96.06117 0 0.35000 -34.65000 60.97602 0.15865 13
-0.30390 -0.15615 33.15958 0 4.70000 9.85000 31.75880 0.10641 13
1.10233 0.13864 22.84260 0 -4.15000 -33.12500 15.42836 0.15050 -13
1.12832 -0.26051 22.84260 0 7.90000 -33.92500 15.42836 0.15412 -13
0.67391 0.12866 84.19692 0 -3.87500 -19.05000 70.00015 0.12212 -13
0.69253 -0.27109 84.19692 0 8.17500 -19.62500 70.00015 0.12551 -13
0.92688 0.06823 84.99792 0 -2.05000 -29.67500 62.40557 0.13748 -13
-0.11890 0.24519 84.99792 0 -2.10000 -29.52500 62.40557 0.13735 -13
0.10757 -0.33464 84.99792 0 0.32500 -29.25000 62.40557 0.15408 -13
-0.24442 0.55200 84.99792 0 -1.77500 -29.22500 62.40557 0.16342 -13
0.31364 -2.91477 84.99792 0 -0.92500 -28.85000 62.40557 0.18167 -13
4.72252 -29.51729 84.99792 0 -0.92500 -27.77500 62.40557 0.24486 -13
0.11452 -0.71620 84.99792 0 0.45000 -26.70000 62.40557 0.26226 -13
-0.56458 -0.20034 58.34463 0 6.02500 15.82500 51.04514 0.11739 13
-1.10122 0.02482 50.17038 0 -0.75000 34.05000 33.73358 0.14982 13
0.28843 0.11916 77.91432 0 -3.60000 -6.12500 74.90277 0.10549 13
0.29752 -0.28118 77.91432 0 8.47500 -6.40000 74.90277 0.10881 13
-0.18365 -0.11483 54.75862 0 3.45000 5.95000 53.86939 0.10304 13
-0.21586 -0.04078 21.56130 0 1.20000 6.35000 21.07657 0.10310 13
-0.43455 -0.14406 99.99094 0 4.35000 10.87500 91.85509 0.11075 13
-0.16606 0.08603 89.05056 0 -2.60000 6.85000 87.85605 0.10245 13
1.01561 0.08493 99.61047 0 -2.55000 -29.72500 70.01501 0.14379 -13
0.49969 -0.07382 90.82320 0 2.22500 -14.95000 81.28889 0.11282 -13
0.96852 0.07894 76.49169 0 -2.40000 -29.12500 55.02802 0.14042 13
2.15646 -0.10169 50.59012 0 3.05000 -63.92500 21.37368 0.23957 13
-0.36189 -0.24923 30.34508 0 7.50000 11.55000 28.63148 0.10998 13
1.27520 0.09231 50.03356 0 -2.77500 -37.02500 30.95566 0.16345 -13
0.33905 -0.13963 11.30870 0 4.25000 -9.42500 10.72057 0.10729 -13
-1.80512 0.01106 81.55371 0 -0.32500 56.05000 39.52214 0.20781 -13
0.52446 0.13393 34.23762 0 -4.05000 -16.97500 30.37843 0.11452 13
0.53784 -0.26556 34.23762 0 8.00000 -17.37500 30.37843 0.11741 13
-0.23576 -0.00728 3.67573 0 0.35000 7.95000 3.57768 0.10351 -13
-0.61828 -0.12166 99.42507 0 3.67500 20.05000 84.73768 0.11903 13
0.70471 0.06250 42.17062 0 -1.87500 -21.27500 34.49332 0.12336 -13
0.18418 -0.21607 71.33745 0 6.50000 -5.25000 70.20891 0.10469 13
-0.17897 0.06900 38.49702 0 -2.10000 5.55000 37.89772 0.10254 13
0.32479 -0.09821 79.12006 0 2.97500 -9.75000 75.28498 0.10634 -13
0.20721 0.13139 71.73464 0 -3.97500 -4.22500 70.26716 0.10369 13
0.21270 -0.26823 71.73464 0 8.07500 -4.37500 70.26716 0.10644 13
-1.90362 0.09767 2.06676 0 -3.45000 58.65000 0.96453 0.21749 13
-0.10328 -0.15442 51.37579 0 4.67500 4.42500 51.11026 0.10244 -13
-1.03057 -0.17201 84.47861 0 5.20000 32.45000 59.26961 0.14565 -13
0.43821 -0.19288 22.06472 0 5.85000 -12.02500 20.26812 0.11167 -13
0.31716 0.11436 89.01232 0 -3.45000 -11.00000 84.89720 0.10628 13
-1.26249 -0.09791 13.68856 0 2.90000 38.50000 8.52385 0.16247 13
0.73181 0.06995 32.07108 0 -2.12500 -25.10000 25.90337 0.12499 13
-0.89015 -0.06690 70.40542 0 2.00000 26.17500 52.64067 0.13499 13
0.47873 -0.09644 54.04263 0 2.90000 -13.92500 48.78670 0.11207 13
0.45387 -0.15111 74.00341 0 4.55000 -11.50000 67.51604 0.11163 13
-0.44128 -0.16987 80.53534 0 5.12500 14.77500 73.84957 0.11139 13
0.46575 -0.17457 23.86054 0 5.30000 -16.92500 21.68711 0.11248 -13
-0.26244 0.07279 45.05703 0 -2.17500 7.57500 43.58860 0.10436 -13
-0.06100 -0.18505 7.38582 0 5.52500 0.12500 7.37256 0.10256 13
-0.32754 -0.13503 81.82453 0 4.07500 12.40000 77.82722 0.10684 -13
-1.15890 0.12481 57.81258 0 -3.75000 34.90000 37.93568 0.15464 -13
-1.19268 -0.27514 57.81258 0 8.32500 35.92500 37.93568 0.15919 -13
-0.48090 0.04811 96.25587 0 -1.45000 16.92500 86.76514 0.11185 13
-0.15793 0.12817 11.68391 0 -3.90000 1.67500 11.54319 0.10279 13
-0.16227 -0.27172 11.68391 0 8.15000 1.80000 11.54319 0.10559 13
-1.01291 0.08217 33.18445 0 -2.45000 29.65000 23.35406 0.14357 -13
0.61046 0.02462 27.58864 0 -0.72500 -19.30000 23.54894 0.11801 -13
0.83170 0.06132 44.60992 0 -1.82500 -26.65000 34.32398 0.13112 -13
-1.37539 0.07753 19.81153 0 -2.37500 41.97500 11.67389 0.17143 13
-0.51748 -0.65056 19.81153 0 -2.35000 41.87500 11.67389 0.17128 13
0.40965 0.49554 19.81153 0 -0.95000 42.87500 11.67389 0.17845 13
-0.27570 -1.47433 19.81153 0 -2.57500 43.92500 11.67389 0.19048 13
-0.20360 -52.25524 19.81153 0 -2.52500 43.95000 11.67389 0.19070 13
-0.34014 3.50530 19.81153 0 -2.32500 43.92500 11.67389 0.19144 13
1.39391 1.43736 19.81153 0 -2.02500 43.77500 11.67389 0.19320 13
0.70181 0.75144 19.81153 0 -2.07500 43.70000 11.67389 0.19397 13
-0.15666 -0.02490 4.62092 0 0.87500 5.05000 4.56524 0.10200 -13
0.03558 -0.18890 21.06100 0 5.72500 0.00000 21.04816 0.10256 -13
0.26500 0.03021 4.54051 0 -0.80000 -7.52500 4.38918 0.10424 -13
-0.36882 -0.12228 13.39787 0 3.65000 11.02500 12.58098 0.10803 13
1.26068 -0.17271 8.57195 0 5.10000 -40.35000 5.37482 0.16291 13
0.68364 0.05018 61.77927 0 -1.50000 -19.17500 51.02101 0.12209 -13
-0.05778 0.13275 55.71651 0 -4.00000 1.17500 55.62535 0.10175 -13
-0.05928 -0.26677 55.71651 0 8.05000 1.22500 55.62535 0.10440 -13
0.39891 0.12036 36.28640 0 -3.62500 -10.75000 33.73677 0.10909 -13
0.41125 -0.27987 36.28640 0 8.45000 -11.12500 33.73677 0.11249 -13
-0.76881 -0.04232 79.05002 0 1.27500 23.85000 62.69039 0.12709 13
-1.43207 -0.20448 43.47149 0 6.20000 44.80000 25.23151 0.17712 -13
0.00249 -0.15946 91.61272 0 4.80000 -2.32500 91.61244 0.10197 13
-0.40330 0.04531 19.43378 0 -1.40000 11.00000 18.02577 0.10868 13
0.44081 0.10374 20.84062 0 -3.10000 -14.62500 19.08629 0.11054 -13
0.54547 0.07800 83.51147 0 -2.35000 -18.30000 73.36462 0.11498 -13
0.92033 0.00429 37.03238 0 -0.15000 -27.40000 27.24916 0.13686 13
0.91554 0.12974 73.16254 0 -3.90000 -27.10000 54.16651 0.13715 -13
0.94043 -0.26994 73.16254 0 8.15000 -27.87500 54.16651 0.14089 -13
1.25574 -0.10172 53.91949 0 3.07500 -36.60000 33.69507 0.16199 -13
-1.03333 -0.07297 34.38128 0 2.17500 31.00000 23.94252 0.14499 13
0.48838 -0.04944 57.04037 0 1.47500 -15.92500 51.26658 0.11218 13
2.12218 0.05278 87.79880 0 -1.60000 -64.22500 37.46777 0.23631 13
0.63912 -0.02222 25.08928 0 0.65000 -18.97500 21.14191 0.11953 13
-1.34434 -0.09920 68.72134 0 3.00000 41.40000 41.14597 0.16902 -13
-0.31673 -0.13937 61.17096 0 4.20000 8.07500 58.36634 0.10656 13
0.45920 0.07921 15.89167 0 -2.42500 -16.90000 14.44979 0.11111 13
0.49587 -0.08608 62.84558 0 2.60000 -16.02500 56.34460 0.11274 -13
0.66807 -0.13937 6.44678 0 4.30000 -19.95000 5.37613 0.12199 -13
0.04847 -0.15994 4.87815 0 4.72500 -2.62500 4.87256 0.10207 13
1.75350 -0.12371 86.90312 0 3.72500 -51.82500 43.29742 0.20365 13
0.47272 -0.05737 6.85297 0 1.80000 -14.32500 6.19721 0.11157 -13
0.39296 0.06685 19.09887 0 -2.00000 -12.57500 17.78094 0.10840 -13
1.36035 0.05290 10.34992 0 -1.67500 -43.05000 6.13774 0.17009 13
-0.98717 -0.24081 58.61061 0 7.27500 28.47500 42.28651 0.14359 -13
0.34132 -0.05240 13.03284 0 1.55000 -9.90000 12.33586 0.10653 13
0.05927 -0.22342 21.97159 0 6.77500 -4.15000 21.93493 0.10338 -13
-0.47386 -0.05592 73.12816 0 1.67500 12.62500 66.10301 0.11158 13
0.66802 -0.09030 26.06440 0 2.70000 -22.65000 21.70015 0.12144 13
-0.84973 -0.00162 71.90919 0 0.05000 26.92500 54.79753 0.13215 -13
1.83109 -0.10029 63.91038 0 3.05000 -55.90000 30.75024 0.21036 -13
-0.75680 -0.00344 61.38349 0 0.12500 26.62500 48.94730 0.12629 -13
-0.62541 0.09902 65.69768 0 -3.00000 18.97500 55.77753 0.11920 13
-0.26803 -0.10985 51.73907 0 3.30000 7.42500 49.99502 0.10484 13
-1.02850 0.10285 34.16338 0 -3.12500 31.20000 23.87827 0.14485 13
-0.10941 -0.17280 36.71639 0 5.20000 4.17500 36.50478 0.10278 13
0.32553 -0.09612 11.21248 0 2.95000 -14.30000 10.66640 0.10637 -13
-0.78012 -0.19038 77.74653 0 5.72500 25.22500 61.70950 0.12915 13
0.95123 -0.17427 7.05435 0 5.15000 -25.45000 5.14757 0.14002 13
1.01746 0.11585 63.71002 0 -3.47500 -30.67500 44.80933 0.14412 -13
0.91729 0.02281 50.12698 0 -0.67500 -26.55000 36.94453 0.13667 -13
-1.79013 -0.06492 43.90594 0 1.97500 53.80000 21.44665 0.20660 -13
0.07027 -0.18614 6.82502 0 5.70000 -3.67500 6.80875 0.10273 -13
-0.40581 -0.09577 82.18027 0 2.90000 15.10000 76.19790 0.10911 -13
0.56883 0.03827 75.78757 0 -1.15000 -15.15000 65.88753 0.11591 -13
0.58199 -0.11914 98.56906 0 3.60000 -17.25000 85.34308 0.11713 13
1.95384 0.09656 6.74659 0 -3.07500 -59.25000 3.08537 0.22137 13
-0.12343 -0.07938 32.31594 0 2.40000 2.30000 32.07406 0.10179 -13
-0.83582 -0.11858 33.67190 0 3.55000 25.90000 25.90973 0.13178 13
1.69002 -0.23325 93.23041 0 7.02500 -51.55000 48.40917 0.19914 13
-0.05697 -0.19060 58.82107 0 5.75000 1.80000 58.72917 0.10267 13
-1.72433 0.12659 76.13940 0 -3.82500 50.17500 38.42524 0.20115 13
-1.77340 -0.27333 76.13940 0 8.22500 51.65000 38.42524 0.20684 13
-0.38213 0.06450 45.86025 0 -1.95000 10.92500 42.85031 0.10800 13
-0.59194 -0.19621 71.73539 0 5.90000 16.90000 62.02984 0.11868 13
0.95508 -0.00807 88.81830 0 0.25000 -28.10000 64.23060 0.13926 -13
-0.11572 -0.16122 77.79452 0 4.85000 4.22500 77.29172 0.10266 13
-1.22815 -0.08319 64.53252 0 2.52500 39.10000 40.83041 0.15972 -13
0.82204 0.06008 8.84938 0 -1.87500 -28.70000 6.84110 0.13053 13
-0.22494 0.11449 96.61432 0 -3.45000 6.25000 94.28844 0.10386 13
0.43319 0.01896 61.96233 0 -0.55000 -13.70000 56.85848 0.10976 -13
1.20846 0.12290 28.40360 0 -3.72500 -36.95000 18.18827 0.15846 13
1.24473 -0.27730 28.40360 0 8.32500 -38.05000 18.18827 0.16316 13
-0.02484 -0.06112 49.47820 0 1.85000 3.10000 49.46300 0.10092 -13
-0.07252 -0.21146 52.19369 0 6.37500 2.10000 52.06284 0.10318 13
-0.60070 -0.02029 60.18879 0 0.60000 17.02500 51.59845 0.11749 13
0.87494 -0.15806 27.54073 0 4.80000 -26.70000 20.83703 0.13477 -13
0.65551 0.05451 66.49497 0 -1.65000 -18.05000 55.63653 0.12054 13
1.72700 0.09968 17.35092 0 -3.05000 -53.22500 8.72674 0.20125 13
1.82609 0.10355 15.76807 0 -3.05000 -54.45000 7.60477 0.20988 -13
-0.17341 -0.17962 39.23959 0 5.42500 4.27500 38.68036 0.10380 -13
1.14267 0.04674 47.03351 0 -1.40000 -36.90000 30.99411 0.15298 -13
1.99515 -0.11513 42.21287 0 3.45000 -60.17500 19.01493 0.22501 13
-1.46258 -0.10976 2.99230 0 3.60000 43.70000 1.69520 0.17913 -13
-0.12860 -0.18037 88.08441 0 5.45000 3.70000 87.38730 0.10315 -13
-0.41974 -0.22240 16.75802 0 6.75000 13.52500 15.50682 0.11152 -13
-0.32224 0.08809 60.72431 0 -2.67500 9.80000 57.81839 0.10618 13
1.14102 -0.13350 97.46384 0 4.02500 -32.80000 64.55926 0.15339 -13
-1.03066 -0.15721 24.92701 0 4.72500 33.17500 17.46655 0.14547 13
2.00868 -0.05785 39.22574 0 1.72500 -60.65000 17.50492 0.22602 13
-1.19529 -0.15607 4.79297 0 4.85000 36.52500 3.09720 0.15789 -13
-0.28409 0.06689 60.00200 0 -2.00000 7.07500 57.72783 0.10491 -13
1.56663 -0.23890 61.18921 0 7.22500 -44.80000 33.57224 0.18873 -13
1.48036 -0.15418 77.67647 0 4.65000 -45.17500 43.83179 0.18057 13
-1.19419 0.04978 43.05773 0 -1.52500 35.80000 27.66357 0.15694 13
0.35536 0.01103 68.93308 0 -0.32500 -7.02500 64.95417 0.10688 -13
-0.26131 -0.11425 92.04425 0 3.45000 7.50000 89.09047 0.10472 13
-0.44769 -0.21993 67.55816 0 6.62500 12.77500 61.89998 0.11253 13
-0.22000 0.01667 42.51229 0 -0.50000 6.25000 41.51965 0.10313 -13
-0.56408 -0.10246 8.00437 0 3.17500 13.52500 6.98004 0.11612 -13
-0.05148 -0.19422 61.95894 0 5.87500 3.60000 61.87993 0.10272 -13
0.15551 -0.23578 56.06846 0 7.10000 -1.62500 55.43705 0.10464 13
-0.91792 -0.21864 25.43401 0 6.62500 27.42500 18.93614 0.13848 -13
0.49258 -0.02428 37.19713 0 0.72500 -11.20000 33.37064 0.11228 13
0.48356 -0.13458 5.35480 0 3.95000 -16.62500 4.82913 0.11265 13
1.24566 -0.04338 11.00941 0 1.37500 -36.30000 6.89559 0.16095 -13
0.45342 -0.07909 71.70175 0 2.40000 -11.00000 65.33710 0.11086 -13
1.24652 -0.06429 79.08516 0 1.95000 -39.67500 49.54951 0.16107 -13
-0.62209 0.05232 19.06523 0 -1.55000 15.37500 16.19452 0.11871 -13
-0.98330 -0.17620 19.51116 0 5.35000 29.97500 14.01547 0.14238 -13
-1.67724 0.04082 51.78659 0 -1.25000 48.87500 26.53712 0.19668 13
0.34557 -0.17213 52.41240 0 5.20000 -10.52500 49.61452 0.10796 -13
-0.73533 0.12387 18.64157 0 -3.70000 20.55000 15.05826 0.12561 -13
-0.75714 -0.27619 18.64157 0 8.37500 21.20000 15.05826 0.12938 -13
1.63087 0.03137 35.44725 0 -0.92500 -51.42500 18.53559 0.19268 -13
1.97462 -0.02650 54.93386 0 0.77500 -58.05000 24.82545 0.22291 13
-1.20297 -0.10332 20.58856 0 3.07500 37.50000 13.20214 0.15787 13
-0.40222 -0.08759 95.26607 0 2.65000 13.72500 88.43157 0.10890 -13
1.79912 0.09300 7.97128 0 -2.70000 -52.62500 3.88508 0.20746 -13
1.30671 0.02606 18.28477 0 -0.82500 -41.70000 11.11461 0.16573 13
-1.80508 -0.07936 28.83399 0 2.35000 53.55000 14.00660 0.20794 13
-0.06719 -0.06546 34.53753 0 1.95000 1.07500 34.46017 0.10114 13
-1.69007 -0.04751 22.34680 0 1.47500 50.45000 11.38862 0.19784 -13
-0.53837 0.06495 7.80530 0 -1.87500 19.15000 6.87582 0.11455 -13
0.54310 -0.07265 1.80540 0 2.50000 -15.50000 1.58745 0.11512 -13
0.68043 -0.02755 45.10577 0 0.85000 -21.07500 37.29598 0.12184 -13
0.14532 0.09037 13.43217 0 -2.75000 -3.62500 13.29367 0.10218 13
-1.24320 0.06247 51.28140 0 -1.90000 38.15000 32.17967 0.16080 13
0.70491 -0.19778 25.23564 0 6.00000 -22.37500 20.75627 0.12483 -13
0.64200 -0.11495 19.43789 0 3.45000 -19.92500 16.38856 0.12021 13
-0.62241 -0.12748 29.85109 0 3.82500 19.40000 25.39962 0.11930 13
1.05259 0.14126 1.01658 0 -3.55000 -30.25000 0.70388 0.14724 -13
-0.89755 -0.04716 70.17621 0 1.42500 28.32500 52.25134 0.13540 13
0.19381 -0.14953 51.14422 0 4.52500 -6.07500 50.22977 0.10368 -13
0.31989 0.05403 7.91549 0 -1.57500 -5.85000 7.54014 0.10587 -13
-1.37945 0.01871 25.73638 0 -0.60000 43.30000 15.10736 0.17158 13
-0.02102 -0.08146 42.95611 0 2.45000 0.90000 42.94668 0.10105 13
1.31602 0.01005 72.85315 0 -0.30000 -41.25000 44.07904 0.16645 -13
-0.52852 -0.15966 42.13844 0 4.80000 12.80000 37.35632 0.11503 13
-0.30950 0.53590 42.13844 0 3.97500 24.07500 37.35632 0.17549 13
0.55392 -0.85542 42.13844 0 5.25000 25.37500 37.35632 0.18752 13
0.29903 -0.33991 42.13844 0 4.90000 25.47500 37.35632 0.19028 13
-0.34529 -0.09984 91.96841 0 3.02500 11.47500 86.97780 0.10701 -13
-1.08060 -0.13448 88.70310 0 4.07500 31.40000 60.53801 0.14888 -13
0.07262 0.05307 2.98519 0 -1.42500 -2.47500 2.97738 0.10114 -13
1.15182 -0.23745 72.36426 0 7.17500 -31.75000 48.17968 0.15547 -13
-0.84310 0.14690 31.52247 0 -4.45000 24.90000 24.20662 0.13256 13
-0.86022 -0.25198 31.52247 0 7.57500 25.40000 24.20662 0.13522 13
-1.71346 0.03771 75.47857 0 -1.15000 50.27500 38.06558 0.19983 13
0.05561 0.14349 19.00315 0 -4.35000 -2.07500 18.97443 0.10190 13
0.05685 -0.25560 19.00315 0 7.67500 -2.10000 18.97443 0.10408 13
1.18118 -0.01793 19.37571 0 0.50000 -37.40000 12.52054 0.15586 13
-1.05485 0.01097 13.97150 0 -0.37500 31.22500 9.61248 0.14638 13
-0.74932 -0.02585 68.39677 0 0.77500 21.22500 54.74148 0.12586 13
-1.13931 -0.14048 44.36785 0 4.22500 35.95000 29.42907 0.15330 13
1.23685 -0.13559 95.91230 0 4.07500 -35.42500 60.63405 0.16074 13
-0.59481 -3.91228 95.91230 0 4.25000 -35.32500 60.63405 0.16083 13
-0.13854 -0.19653 52.97491 0 5.92500 5.52500 52.49200 0.10357 13
-0.12636 -0.20373 10.75207 0 6.20000 4.12500 10.67054 0.10359 -13
-0.70435 -0.04291 74.39788 0 1.30000 23.40000 60.84314 0.12325 -13
0.25580 -0.08530 23.67045 0 2.55000 -6.40000 22.93710 0.10429 13
-0.83679 -0.12367 34.86362 0 3.72500 25.82500 26.82098 0.13189 13
0.84707 -0.02399 1.25258 0 1.25000 -25.32500 0.95583 0.13256 -13
-0.65760 -0.05917 75.97575 0 1.80000 21.80000 63.51372 0.12067 -13
-0.69493 0.03890 11.42748 0 -1.22500 20.67500 9.38657 0.12270 13
0.36306 -0.06740 89.94751 0 2.05000 -10.47500 84.57004 0.10735 -13
-0.54528 -0.24163 73.98992 0 7.27500 18.77500 65.37515 0.11724 13
-0.25981 -0.03866 71.27495 0 1.15000 8.25000 68.98782 0.10412 13
-0.84164 -0.24587 87.52126 0 7.42500 23.67500 67.76706 0.13394 -13
0.04003 -0.10677 35.34861 0 3.20000 -0.47500 35.32063 0.10136 13
0.90467 0.06964 14.87375 0 -2.05000 -25.12500 11.04136 0.13597 -13
-0.58275 0.03738 11.82172 0 -1.17500 15.15000 10.21565 0.11663 13
-0.98178 -0.22865 55.83154 0 6.87500 31.17500 40.33500 0.14298 13
-0.03566 0.02681 6.07418 0 -0.72500 0.50000 6.07030 0.10081 -13
-0.94285 -0.02071 62.04907 0 0.62500 32.05000 45.15098 0.13842 13
-0.40954 0.14246 15.33556 0 -4.32500 10.40000 14.21181 0.10979 13
-0.41854 -0.25660 15.33556 0 7.70000 10.65000 14.21181 0.11216 13
0.16537 -0.15629 30.46023 0 4.70000 -6.02500 30.06162 0.10327 13
0.93830 -0.17772 39.63589 0 5.35000 -27.82500 29.11360 0.13923 13
-1.65048 -0.14690 38.57618 0 4.40000 50.17500 20.14621 0.19487 13
1.43234 0.08771 7.52390 0 -2.75000 -44.60000 4.31751 0.17625 13
0.45406 -0.22000 35.94823 0 6.65000 -14.20000 32.86175 0.11280 -13
1.57404 -0.05159 68.71660 0 1.57500 -45.75000 36.88347 0.18787 -13
0.12927 -0.22862 8.11377 0 6.82500 -1.80000 8.05013 0.10408 13
-0.76768 -0.21590 15.63399 0 6.55000 22.02500 12.50474 0.12884 -13
-0.43605 0.01784 77.03815 0 -0.52500 15.07500 70.61851 0.10988 -13
0.20847 -0.09968 39.36639 0 3.02500 -4.85000 38.54603 0.10336 -13
0.88182 0.04901 77.46624 0 -1.47500 -26.40000 58.13244 0.13436 13
-1.83902 -0.02875 64.86990 0 0.87500 56.80000 30.99842 0.21083 -13
1.18139 0.03947 84.03333 0 -1.17500 -34.92500 54.31662 0.15591 -13
-1.07782 -0.11338 85.37033 0 3.42500 33.27500 58.26296 0.14851 -13
-1.41378 -0.18714 95.44424 0 5.65000 44.75000 55.74819 0.17541 -13
-0.33794 -0.17559 28.28720 0 5.32500 6.97500 26.83944 0.10777 -13
-1.11738 -0.18278 42.03529 0 5.52500 33.92500 28.28736 0.15214 -13
0.03483 0.01535 82.41295 0 -0.47500 -2.75000 82.36303 0.10078 13
-0.04610 -0.11348 39.58446 0 3.42500 1.52500 39.54298 0.10146 -13
-0.11747 -0.08499 62.29131 0 2.55000 5.55000 61.86912 0.10175 13
-0.18703 0.15472 62.29131 0 2.50000 5.55000 61.86912 0.10185 13
0.11147 -0.05119 62.29131 0 4.60000 6.27500 61.86912 0.11442 13
-0.48605 0.35086 62.29131 0 3.02500 7.27500 61.86912 0.12340 13
0.40846 0.40359 62.29131 0 4.45000 8.10000 61.86912 0.13378 13
1.01525 0.14398 10.32755 0 -4.40000 -30.77500 7.28491 0.14429 13
1.03712 -0.25511 10.32755 0 7.62500 -31.40000 7.28491 0.14726 13
-0.49655 -0.13908 72.69984 0 4.20000 14.97500 65.23692 0.11331 -13
0.31291 0.01817 71.88140 0 -0.55000 -10.10000 68.60246 0.10553 -13
0.48493 0.14824 93.98594 0 -4.47500 -16.50000 84.74098 0.11291 13
0.49450 -0.25060 93.98594 0 7.55000 -16.77500 84.74098 0.11514 13
-0.10304 -0.15906 86.33611 0 4.80000 4.97500 85.89255 0.10250 -13
0.04328 0.10826 31.77271 0 -3.25000 -1.55000 31.74331 0.10138 -13
1.31115 0.19741 31.77271 0 -3.25000 -1.57500 31.74331 0.10141 -13
-1.13704 -0.21095 31.77271 0 -2.25000 -3.80000 31.74331 0.11360 -13
-0.00132 -0.08648 82.31065 0 2.62500 2.60000 82.31058 0.10108 -13
1.65889 -0.07803 42.90753 0 2.37500 -48.55000 22.20106 0.19523 -13
-0.82884 -0.10210 70.61441 0 3.10000 26.17500 54.48213 0.13120 -13
-0.46831 -0.05570 83.39259 0 1.67500 15.57500 75.54215 0.11134 -13
0.03136 -0.13664 45.09640 0 4.12500 -0.87500 45.07466 0.10169 -13
-0.41496 -0.05578 28.07195 0 1.70000 10.70000 25.93400 0.10918 -13
1.48535 0.05146 15.85946 0 -1.50000 -45.05000 8.86535 0.18038 -13
-1.66182 0.11377 10.22348 0 -3.52500 49.57500 5.29655 0.19571 13
0.10531 -0.12483 47.88870 0 3.77500 -3.50000 47.62936 0.10204 -13
0.59220 -0.03650 96.93146 0 1.10000 -19.65000 83.41820 0.11709 -13
-1.45652 0.10492 13.53105 0 -3.10000 44.00000 7.68679 0.17821 -13
0.72978 0.02132 90.79064 0 -0.62500 -22.27500 73.34380 0.12468 -13
0.16231 -0.05898 87.37793 0 1.77500 -2.82500 86.25301 0.10219 -13
-0.72028 0.00579 54.16981 0 -0.17500 19.72500 43.95505 0.12411 13
0.03158 -0.02397 81.47911 0 0.72500 -0.30000 81.43855 0.10078 13
-1.18388 0.00923 70.87743 0 -0.30000 35.32500 45.73745 0.15606 13
0.30784 0.07658 52.52550 0 -2.32500 -9.45000 50.21352 0.10565 13
0.29926 0.06123 44.76364 0 -1.85000 -8.82500 42.89117 0.10529 -13
0.12708 0.01265 33.10919 0 -0.37500 -3.95000 32.84506 0.10153 -13
0.91214 -0.11942 71.20431 0 3.60000 -27.00000 52.77602 0.13684 -13
-0.56949 0.11956 28.69894 0 -3.57500 16.60000 24.98171 0.11651 -13
-0.58736 -0.28071 28.69894 0 8.50000 17.15000 24.98171 0.12019 -13
0.12786 -0.22938 38.25954 0 6.90000 -2.85000 37.96575 0.10410 13
-1.67935 -0.16763 43.36050 0 5.02500 52.52500 22.41245 0.19752 13
-0.23455 0.03510 49.54625 0 -1.07500 7.52500 48.23864 0.10350 13
1.00219 -0.23654 33.91523 0 7.12500 -32.15000 24.28016 0.14452 13
-0.55440 -0.18559 94.59089 0 5.60000 17.97500 83.05355 0.11666 -13
0.09046 -0.06259 14.07369 0 1.92500 -3.70000 14.01663 0.10132 -13
-0.01770 0.14750 28.33812 0 -4.42500 -0.97500 28.33377 0.10180 -13
-0.01805 -0.25135 28.33812 0 7.60000 -0.95000 28.33377 0.10387 -13
-0.79948 0.03202 63.72293 0 -0.97500 25.80000 49.78184 0.12897 13
-0.09791 -0.16466 68.49488 0 4.97500 3.27500 68.17747 0.10254 -13
-0.43969 -0.06386 83.14963 0 1.92500 15.05000 76.14171 0.11020 -13
-1.84497 -0.10796 58.37664 0 3.27500 56.87500 27.94270 0.21162 -13
-0.77403 0.04024 50.23864 0 -1.22500 23.82500 39.73989 0.12742 13
-0.70063 -0.00628 67.96835 0 0.17500 20.35000 55.66538 0.12296 13
-1.26768 -0.08491 32.99483 0 2.57500 38.50000 20.48006 0.16283 -13
-0.30103 -0.04968 74.59416 0 1.50000 12.10000 71.43522 0.10529 -13
-0.49777 -0.09543 89.80395 0 2.87500 15.52500 80.46685 0.11290 -13
-1.74919 -0.21230 1.20454 0 5.55000 50.12500 0.60784 0.20371 13
-1.13878 0.09123 74.93605 0 -2.77500 35.87500 49.56066 0.15290 13
-1.61679 0.05702 32.24920 0 -1.70000 51.10000 16.98439 0.19150 -13
-0.39138 0.14796 64.26791 0 -4.47500 12.15000 59.93286 0.10917 13
-0.39917 -0.25088 64.26791 0 7.55000 12.37500 59.93286 0.11133 13
1.96388 0.02802 99.84877 0 -0.85000 -60.32500 45.32159 0.22195 13
0.07132 -0.18120 54.37141 0 5.45000 -2.82500 54.23799 0.10259 13
-0.44083 -0.14865 90.54044 0 4.50000 16.80000 82.99376 0.11107 -13
-1.12711 -0.12071 57.54119 0 3.65000 32.62500 38.34311 0.15223 -13
-0.03718 -0.06734 91.23392 0 2.02500 -1.17500 91.17123 0.10100 13
1.01626 -0.03970 35.54350 0 1.17500 -32.77500 24.93952 0.14363 13
-0.60361 0.09335 14.98272 0 -2.77500 14.72500 12.84195 0.11799 -13
-0.26065 0.14041 47.85569 0 -4.25000 8.40000 46.33697 0.10503 13
-0.26661 -0.25877 47.85569 0 7.80000 8.57500 46.33697 0.10742 13
-1.70017 -0.10860 25.89143 0 3.25000 48.82500 13.18324 0.19892 13
0.34978 -0.00450 3.40423 0 0.27500 -10.02500 3.21326 0.10674 -13
0.02766 -0.20136 92.82318 0 6.07500 1.40000 92.78908 0.10276 13
-0.68901 0.07281 41.89217 0 -2.17500 21.97500 34.52596 0.12251 -13
0.66817 -0.09336 69.69109 0 2.82500 -22.40000 58.02360 0.12148 -13
-1.50817 -0.23255 81.61313 0 7.00000 44.95000 45.92651 0.18372 13
-0.14267 -0.13494 79.81017 0 4.07500 4.52500 79.02418 0.10263 -13
0.21737 0.06952 16.27386 0 -2.12500 -5.40000 15.90435 0.10330 13
-0.98942 0.12885 95.72551 0 -3.90000 29.60000 68.32402 0.14226 13
-1.01668 -0.27091 95.72551 0 8.17500 30.42500 68.32402 0.14616 13
-1.27453 0.08990 64.63467 0 -2.70000 39.67500 39.99758 0.16338 -13
-1.80717 0.01221 90.13543 0 -0.35000 54.40000 43.64282 0.20800 -13
0.50269 0.04060 36.22881 0 -1.25000 -12.62500 32.37467 0.11279 13
-1.88248 -0.22067 85.87365 0 6.65000 57.05000 41.03586 0.21579 13
0.67360 0.01716 95.23415 0 -0.50000 -20.70000 78.98965 0.12143 -13
0.99090 0.05311 6.20961 0 -1.72500 -27.67500 4.41387 0.14193 13
-1.92500 -0.06908 23.20581 0 2.02500 58.62500 10.71794 0.21853 13
-0.56435 -0.03297 56.32301 0 0.97500 18.22500 49.05742 0.11568 13
-0.87223 -0.15521 10.80345 0 4.62500 27.42500 8.18345 0.13450 13
0.90205 -0.24092 33.55258 0 7.30000 -29.02500 25.22633 0.13780 -13
2.15254 -0.02170 14.47576 0 0.72500 -63.42500 6.10014 0.23905 -13
-0.86291 -0.09509 38.45587 0 2.85000 24.62500 29.17089 0.13335 13
0.58247 -0.11773 50.43711 0 3.55000 -17.42500 43.65801 0.11714 13
0.97419 -0.00303 21.95111 0 0.05000 -29.45000 15.72351 0.14059 13
0.91843 -0.16376 11.28360 0 4.87500 -27.30000 8.36109 0.13768 13
-0.76305 0.10019 20.90059 0 -3.05000 23.62500 16.64640 0.12709 13
-0.00570 -0.18456 12.68281 0 5.60000 -0.67500 12.68261 0.10243 -13
2.06506 -0.18611 17.03744 0 5.55000 -62.75000 7.52741 0.23174 13
1.05551 -0.09523 60.52346 0 2.87500 -33.55000 41.72463 0.14674 -13
0.49727 -0.16606 28.05337 0 5.00000 -16.75000 25.18632 0.11369 13
0.73034 0.06523 26.88577 0 -2.00000 -25.20000 21.72793 0.12488 13
-1.35551 -0.05040 42.66460 0 1.50000 41.30000 25.34859 0.16971 13
0.30754 0.00835 77.16860 0 -0.25000 -8.07500 73.75957 0.10536 -13
1.64140 0.01589 39.05405 0 -0.45000 -50.92500 20.32201 0.19355 -13
-1.25395 -0.18229 55.94149 0 5.47500 36.80000 35.22700 0.16255 13
-0.17975 0.10612 32.79514 0 -3.17500 6.55000 32.28353 0.10287 -13
0.03127 -0.15912 45.84706 0 4.80000 -1.40000 45.82525 0.10202 -13
0.62757 -0.18781 9.73997 0 5.60000 -19.90000 8.29046 0.12029 13
-0.34062 -0.67497 9.73997 0 5.62500 -19.90000 8.29046 0.12035 13
0.32955 0.90618 9.73997 0 7.17500 -19.40000 8.29046 0.12730 13
-0.49346 -0.47592 9.73997 0 5.50000 -20.02500 8.29046 0.14070 13
0.42100 0.40612 9.73997 0 6.97500 -19.42500 8.29046 0.14833 13
-0.29178 -0.14947 9.73997 0 4.65000 -17.12500 8.29046 0.16759 13
-1.36050 0.03549 78.11721 0 -1.07500 43.10000 46.28359 0.17008 13
0.30002 -0.11719 35.76081 0 3.52500 -8.87500 34.27169 0.10579 13
-0.81818 0.09043 70.89428 0 -2.75000 28.52500 54.95836 0.13044 13
-0.72189 -0.16141 6.81033 0 4.77500 23.40000 5.54640 0.12521 13
-0.19824 0.13628 88.91347 0 -4.10000 5.42500 87.24621 0.10358 -13
-0.20310 -0.26307 88.91347 0 7.95000 5.57500 87.24621 0.10613 -13
0.09200 -0.02470 91.77399 0 0.75000 -3.57500 91.38826 0.10116 13
-0.46186 0.02459 38.29248 0 -0.72500 11.07500 34.76556 0.11095 -13
0.75860 0.14248 5.87594 0 -4.20000 -24.50000 4.69837 0.12717 -13
0.77539 -0.25645 5.87594 0 7.85000 -25.02500 4.69837 0.13016 -13
-0.22548 -0.16803 56.15640 0 5.05000 10.70000 54.81753 0.10460 13
-0.28443 -0.23539 22.52139 0 7.12500 8.97500 21.70490 0.10736 -13
0.49394 0.13293 10.26914 0 -3.95000 -16.67500 9.22268 0.11309 -13
0.50670 -0.26644 10.26914 0 8.10000 -17.07500 9.22268 0.11610 -13
0.39250 0.05770 15.66300 0 -1.77500 -15.27500 14.58325 0.10834 13
1.18505 -0.24779 1.05557 0 6.70000 -35.15000 0.69270 0.15799 13
0.27953 0.12603 56.77453 0 -3.80000 -10.00000 54.70910 0.10533 -13
0.28754 -0.27388 56.77453 0 8.27500 -10.25000 54.70910 0.10836 -13
-0.15869 0.07337 4.48272 0 -2.32500 5.52500 4.42760 0.10229 13
-0.18123 -0.00621 29.40293 0 0.20000 7.25000 28.93166 0.10234 -13
-1.10624 -0.11060 83.73461 0 3.32500 34.62500 56.33878 0.15058 13
-0.62758 -0.08528 31.41185 0 2.60000 19.95000 26.63340 0.11921 -13
-0.12389 -0.04318 99.37337 0 1.30000 2.25000 98.62079 0.10157 -13
-1.75197 0.05204 49.21515 0 -1.55000 53.70000 24.42184 0.20321 -13
0.68719 -0.11399 19.30174 0 3.47500 -20.17500 15.94074 0.12274 -13
0.81576 -0.15471 13.83674 0 4.72500 -23.85000 10.77229 0.13092 -13
-0.39769 0.11637 6.58891 0 -3.60000 9.22500 6.12799 0.10906 13
-0.41051 -0.28433 6.58891 0 8.50000 9.60000 6.12799 0.11250 13
0.61615 -0.10067 74.60175 0 3.02500 -21.77500 63.60138 0.11872 13
1.00715 -0.00534 43.32642 0 0.15000 -30.80000 30.52756 0.14293 13
1.13260 -0.19359 59.76187 0 5.82500 -33.67500 39.96148 0.15338 13
-1.81153 0.07090 17.26594 0 -2.07500 52.82500 8.36071 0.20846 -13
0.96243 -0.03769 68.19107 0 1.12500 -30.80000 49.14943 0.13982 13
-0.87783 0.00457 45.58952 0 -0.12500 27.85000 34.26193 0.13400 -13
-0.34689 0.03390 15.32810 0 -1.00000 9.62500 14.48262 0.10664 -13
-0.24410 0.03344 36.00836 0 -1.00000 7.55000 34.98223 0.10371 -13
-1.43129 0.13071 9.79730 0 -3.85000 43.75000 5.64353 0.17625 -13
-1.46949 -0.26893 9.79730 0 8.20000 44.95000 5.64353 0.18119 -13
1.57546 0.02790 44.17442 0 -0.87500 -45.60000 23.67963 0.18794 13
0.48272 -0.20073 10.91537 0 6.10000 -13.97500 9.86612 0.11368 -13
-0.02172 -0.13932 19.25433 0 4.22500 -0.62500 19.24989 0.10171 -13
0.28983 0.06326 54.18721 0 -1.90000 -9.70000 52.05339 0.10504 -13
0.38024 0.13022 27.99816 0 -3.95000 -11.90000 26.19793 0.10854 13
0.39053 -0.26948 27.99816 0 8.10000 -12.22500 26.19793 0.11144 13
1.37093 0.13797 94.88821 0 -4.15000 -40.35000 56.26276 0.17144 -13
1.40366 -0.26130 94.88821 0 7.90000 -41.35000 56.26276 0.17555 -13
0.13307 -0.15539 60.71475 0 4.70000 -4.10000 60.19656 0.10279 -13
1.89911 0.07235 6.49218 0 -2.35000 -58.60000 3.03057 0.21642 13
-0.92601 0.11011 40.18310 0 -3.32500 25.80000 29.56537 0.13770 13
-0.47826 0.07886 49.42321 0 -2.40000 15.37500 44.61208 0.11191 13
0.41689 -0.10581 41.37070 0 3.20000 -11.35000 38.21659 0.10963 -13
0.87085 -0.23871 23.60060 0 7.22500 -23.92500 18.00849 0.13571 -13
-0.43041 0.13904 95.97711 0 -4.20000 13.82500 88.28876 0.11053 13
-0.44051 -0.26020 95.97711 0 7.85000 14.12500 88.28876 0.11311 13
-0.74749 0.07570 83.11380 0 -2.27500 22.10000 66.63956 0.12595 -13
-1.84844 -0.15888 83.29212 0 4.80000 57.15000 40.01465 0.21226 -13
-1.85381 -0.13647 30.00723 0 4.15000 58.32500 14.34754 0.21260 -13
0.22212 0.07616 67.75687 0 -2.30000 -7.87500 66.15380 0.10344 -13
0.02390 0.05252 13.29376 0 -1.55000 0.70000 13.28998 0.10087 -13
