-0.06410 0.00132 75.04701 0 -0.02500 1.35000 74.89330 0.10091 -13
0.01015 -0.14130 9.70068 0 4.22500 0.55000 9.70019 0.10169 13
-0.14002 -0.19974 5.34014 0 5.92500 3.02500 5.29048 0.10361 13
0.40581 -0.13637 1.67283 0 4.40000 -12.22500 1.55211 0.10990 -13
0.26918 -0.23619 9.09614 0 7.17500 -6.52500 8.79943 0.10702 -13
0.63688 -0.03533 28.50297 0 1.05000 -16.60000 24.04565 0.11944 13
-1.26023 -0.04808 73.69813 0 1.45000 39.80000 45.84245 0.16208 -13
1.98150 -0.08489 14.43419 0 2.47500 -59.10000 6.52176 0.22363 13
-1.16540 -0.08605 97.37116 0 2.60000 35.22500 63.54250 0.15490 -13
0.51457 -0.18918 50.16184 0 5.70000 -13.70000 44.76539 0.11484 13
0.31864 -0.22311 21.12221 0 6.70000 -9.65000 20.16937 0.10803 13
0.16624 0.00313 47.07823 0 -0.07500 -3.45000 46.44092 0.10209 -13
-0.18523 0.04487 90.57827 0 -1.35000 3.70000 89.06623 0.10252 13
0.99294 0.05181 35.72494 0 -1.57500 -29.37500 25.36731 0.14202 13
-1.36026 -0.16527 66.79841 0 5.00000 42.85000 39.91159 0.17083 -13
1.72108 0.12004 49.44765 0 -3.65000 -51.85000 24.97461 0.20083 13
1.77466 -0.28025 49.44765 0 8.42500 -53.45000 24.97461 0.20703 13
-0.93503 -0.11564 67.69513 0 3.50000 31.62500 49.60014 0.13836 -13
0.80356 -0.04957 55.30644 0 1.47500 -22.82500 43.13280 0.12928 13
0.40284 -0.16188 38.74090 0 4.87500 -11.47500 35.99882 0.10978 13
1.42520 -0.22448 91.13425 0 6.75000 -42.07500 53.20676 0.17677 13
-0.97336 -0.24796 51.47734 0 7.47500 30.52500 37.41875 0.14272 13
0.41177 0.03217 2.88208 0 -0.80000 -10.35000 2.66507 0.10902 -13
-0.15205 -0.13112 63.19464 0 3.95000 4.20000 62.48842 0.10271 13
-1.27455 0.00185 65.45055 0 -0.07500 39.87500 40.40076 0.16313 13
0.26220 0.06648 46.24843 0 -2.02500 -7.67500 44.74257 0.10433 13
0.98709 -0.19581 36.94566 0 5.92500 -28.55000 26.53681 0.14289 -13
-0.88069 0.11197 18.36073 0 -3.35000 27.20000 13.81660 0.13464 -13
0.03719 0.05806 82.56248 0 -1.75000 1.52500 82.50565 0.10094 -13
-0.44192 -0.15209 14.12500 0 4.62500 13.62500 12.94355 0.11118 -13
0.33211 -0.14449 54.52475 0 4.37500 -8.67500 51.79838 0.10711 -13
-1.98595 -0.23489 57.13242 0 7.07500 58.30000 26.24710 0.22513 13
-1.28003 0.07031 62.86918 0 -2.10000 41.40000 38.76433 0.16372 -13
0.08658 -0.04543 70.87229 0 1.37500 -1.75000 70.60868 0.10118 -13
0.32771 0.14427 1.33308 0 -3.95000 -8.97500 1.26811 0.10710 -13
0.33451 -0.25426 1.33308 0 8.10000 -9.22500 1.26811 0.10996 -13
-1.60325 -0.18845 53.87028 0 5.70000 49.30000 28.86799 0.19125 -13
0.83279 0.11006 43.66482 0 -3.32500 -23.97500 33.63554 0.13153 13
1.40190 0.01317 52.70411 0 -0.42500 -42.47500 30.60787 0.17342 13
-0.45413 -0.03180 61.57151 0 0.95000 13.65000 56.06624 0.11065 13
1.08513 -0.24360 57.36429 0 7.35000 -33.95000 39.47596 0.15063 -13
0.71981 0.09155 53.96856 0 -2.75000 -24.07500 43.86346 0.12442 -13
-0.04581 -0.10426 22.79452 0 3.12500 2.15000 22.77089 0.10135 13
-0.47330 0.00594 52.18053 0 -0.17500 14.15000 47.16470 0.11141 -13
-0.31614 -0.21449 24.68735 0 6.45000 9.82500 23.58622 0.10779 13
0.89524 0.04862 48.01431 0 -1.45000 -28.15000 35.79241 0.13525 -13
0.25280 -0.18350 41.36589 0 5.55000 -9.87500 40.14356 0.10551 -13
-0.29642 -0.00053 29.98134 0 -0.00000 10.90000 28.74502 0.10503 13
-0.60844 -0.19969 86.62562 0 6.02500 16.70000 74.39014 0.11958 13
-1.42565 0.12010 45.26156 0 -3.60000 44.30000 26.11569 0.17577 -13
-1.46997 -0.28011 45.26156 0 8.47500 45.65000 26.11569 0.18128 -13
1.44097 -0.24376 45.65539 0 7.37500 -41.95000 26.53724 0.17835 -13
-0.13424 -0.24923 88.90060 0 7.52500 4.85000 88.15584 0.10466 -13
-0.97436 -0.10122 18.27328 0 3.10000 30.65000 13.11985 0.14099 -13
-0.28587 0.13517 7.60892 0 -4.00000 7.87500 7.32068 0.10560 -13
-0.29304 -0.26416 7.60892 0 8.05000 8.10000 7.32068 0.10834 -13
-0.82730 0.09994 5.94681 0 -3.12500 22.40000 4.59123 0.13115 13
0.18467 -0.18369 99.04040 0 5.52500 -9.22500 97.44600 0.10406 13
1.05197 -0.21524 7.58012 0 6.40000 -32.97500 5.28457 0.14767 13
-1.91426 0.04922 37.06076 0 -1.45000 57.15000 17.17638 0.21754 -13
1.31727 -0.04657 64.47285 0 1.42500 -36.60000 39.00988 0.16662 -13
1.43266 -0.14846 20.38845 0 4.52500 -44.40000 11.75513 0.17661 -13
-0.68080 -0.17702 97.59586 0 5.35000 20.10000 81.06541 0.12313 -13
-0.51910 0.13963 32.45827 0 -4.22500 17.37500 28.86716 0.11434 13
-0.53112 -0.25960 32.45827 0 7.82500 17.75000 28.86716 0.11697 13
-0.00887 -0.11749 23.50941 0 3.57500 0.87500 23.50850 0.10141 -13
0.03123 0.03681 36.90500 0 -1.10000 -1.07500 36.88704 0.10082 -13
-0.52314 -0.07665 55.77953 0 2.30000 14.32500 49.45616 0.11391 13
0.24511 0.08650 27.82424 0 -2.60000 -9.97500 27.02998 0.10404 -13
-0.26314 -0.05154 79.92623 0 1.55000 7.57500 77.30169 0.10426 13
-0.02574 -0.16530 18.90643 0 5.02500 2.50000 18.90035 0.10212 -13
-1.14174 -0.05514 92.01202 0 1.65000 35.75000 60.67681 0.15294 13
-0.20147 0.08347 13.69011 0 -2.55000 7.85000 13.42228 0.10308 13
-0.57184 -0.15804 29.01296 0 4.75000 16.80000 25.26198 0.11708 13
1.52821 -0.11811 65.69011 0 3.57500 -45.72500 36.14298 0.18431 -13
-1.15928 -0.16625 14.15843 0 5.07500 33.45000 9.32064 0.15512 -13
0.12154 -0.18338 4.31419 0 5.65000 -2.25000 4.28374 0.10321 -13
0.19917 0.01988 23.05606 0 -0.62500 -4.97500 22.61203 0.10270 13
0.10868 0.14914 93.86444 0 -4.50000 -0.90000 93.32684 0.10240 -13
0.11079 -0.24963 93.86444 0 7.52500 -0.95000 93.32684 0.10440 -13
-0.32661 0.02827 96.88267 0 -0.85000 9.00000 92.09842 0.10598 -13
-0.06339 -0.15620 79.41983 0 4.70000 2.25000 79.26455 0.10212 13
-1.71564 0.02598 99.90244 0 -0.77500 49.30000 50.32094 0.19999 -13
-2.04055 -0.08546 49.32862 0 2.60000 64.35000 21.77113 0.22902 -13
-0.46380 0.03785 26.06281 0 -1.12500 12.00000 23.64662 0.11107 -13
0.97979 -0.23873 97.98329 0 7.20000 -28.62500 70.93385 0.14300 13
-0.26691 -0.19409 91.42160 0 5.85000 7.35000 88.43616 0.10604 13
-0.99788 0.11949 13.14546 0 -3.65000 31.07500 9.33805 0.14280 13
-1.02913 -0.28091 13.14546 0 8.42500 32.00000 9.33805 0.14718 13
0.46926 -0.00669 38.70162 0 0.22500 -14.55000 35.03611 0.11124 -13
1.41547 0.06040 83.73789 0 -1.82500 -44.37500 48.37550 0.17464 13
0.88753 -0.15616 63.63906 0 4.72500 -29.05000 47.84786 0.13557 -13
0.08329 -0.11050 48.37068 0 3.32500 -4.12500 48.20579 0.10166 13
-1.66895 -0.14870 52.43394 0 4.47500 48.97500 27.16699 0.19648 13
-0.38029 0.07252 54.84798 0 -2.17500 12.15000 51.28315 0.10798 -13
-0.91794 0.04138 8.31095 0 -1.17500 29.62500 6.12494 0.13675 -13
0.89083 -0.14589 11.61270 0 4.45000 -27.42500 8.71154 0.13571 -13
-0.81141 -0.05194 28.67714 0 1.60000 28.05000 22.28028 0.12980 -13
0.82124 -0.20821 61.91483 0 6.27500 -23.77500 48.25313 0.13198 13
0.83004 0.07507 19.30309 0 -2.22500 -25.62500 14.87025 0.13108 -13
0.28291 0.14519 16.24366 0 -4.35000 -9.55000 15.64219 0.10566 -13
0.28879 -0.25373 16.24366 0 7.67500 -9.72500 15.64219 0.10792 -13
-1.87080 -0.02244 41.43388 0 0.65000 55.50000 19.53635 0.21362 13
0.35237 0.03968 27.83083 0 -1.22500 -11.50000 26.25149 0.10685 13
-0.48500 -0.21491 4.88962 0 6.60000 12.05000 4.41812 0.11411 -13
1.07028 -0.05649 97.47846 0 1.70000 -30.22500 66.60609 0.14761 13
1.09415 -0.23453 52.88887 0 7.05000 -30.07500 36.19832 0.15111 13
-1.84451 0.14742 84.76133 0 -4.42500 52.15000 40.73439 0.21180 -13
-1.88149 -0.25143 84.76133 0 7.60000 53.27500 40.73439 0.21609 -13
-0.76279 0.00941 27.68013 0 -0.27500 22.55000 22.00883 0.12666 -13
0.03425 0.01394 6.42398 0 -0.50000 1.22500 6.42022 0.10079 13
-0.66698 0.09412 63.17799 0 -2.85000 19.95000 52.63074 0.12142 13
0.58415 -0.04979 84.80655 0 1.50000 -18.80000 73.25090 0.11673 13
1.48061 -0.13192 43.95012 0 4.00000 -47.02500 24.74442 0.18043 -13
-1.45958 0.05366 92.05557 0 -1.62500 47.37500 52.08007 0.17826 13
0.75052 -0.04648 72.21799 0 1.40000 -24.60000 57.78222 0.12600 13
1.44838 0.07691 26.50132 0 -2.27500 -43.30000 15.08774 0.17738 -13
0.07757 0.08416 15.67906 0 -2.50000 -4.10000 15.63242 0.10135 -13
1.10425 -0.07167 26.40396 0 2.12500 -32.67500 17.74911 0.15018 13
-0.61293 -0.10409 46.02967 0 3.15000 18.72500 39.30216 0.11859 -13
-1.80017 0.08039 51.73755 0 -2.45000 58.10000 25.18633 0.20754 13
0.99694 -0.08212 49.98225 0 2.47500 -30.40000 35.45653 0.14243 13
1.41583 -0.12998 4.07521 0 4.15000 -40.52500 2.36420 0.17527 -13
0.39593 0.09388 86.49745 0 -2.82500 -10.70000 80.47049 0.10872 -13
-0.13354 -0.20359 78.99285 0 6.12500 3.15000 78.32516 0.10364 13
-0.12985 -0.08082 56.45328 0 2.45000 4.27500 55.98631 0.10187 -13
0.00392 0.10147 12.85345 0 -3.02500 -0.25000 12.85335 0.10121 -13
0.19940 0.10525 26.72218 0 -3.15000 -7.15000 26.21181 0.10323 -13
-0.12111 -0.16213 40.52192 0 4.90000 4.87500 40.23536 0.10275 -13
0.75602 0.13435 26.13492 0 -4.02500 -25.75000 20.91471 0.12696 -13
0.77508 -0.26512 26.13492 0 8.02500 -26.35000 20.91471 0.13021 -13
-1.55075 0.01002 29.99105 0 -0.27500 46.30000 16.25368 0.18583 -13
-1.80829 -0.18467 3.21537 0 5.25000 54.40000 1.57616 0.20865 13
-1.18192 -0.24070 6.38496 0 7.12500 36.30000 4.19201 0.15764 13
0.96427 0.09127 19.91808 0 -2.72500 -28.95000 14.36633 0.14019 -13
0.74095 0.05848 27.19027 0 -1.77500 -21.70000 21.86008 0.12548 13
-0.49933 0.08536 1.99816 0 -2.85000 15.50000 1.78894 0.11314 13
0.47542 -0.20624 8.39708 0 6.15000 -14.37500 7.61246 0.11338 13
-0.49058 -0.17318 37.14128 0 5.20000 12.65000 33.43954 0.11350 13
-0.20870 -0.04822 57.42612 0 1.45000 7.02500 56.21756 0.10299 -13
1.16703 -0.08297 80.62054 0 2.50000 -34.42500 52.56112 0.15499 13
0.16019 0.12849 54.16633 0 -3.87500 -4.30000 53.49537 0.10281 13
0.16462 -0.27129 54.16633 0 8.17500 -4.42500 53.49537 0.10564 13
-0.65232 -0.22725 17.62987 0 6.82500 17.67500 14.87541 0.12237 13
0.39640 -0.08749 91.78061 0 2.65000 -10.97500 85.36569 0.10869 -13
-0.75694 0.12880 77.02869 0 -3.87500 22.32500 61.60088 0.12696 -13
-0.77781 -0.27095 77.02869 0 8.17500 22.95000 61.60088 0.13047 -13
0.23798 0.13884 67.51224 0 -4.17500 -7.65000 65.71138 0.10445 -13
0.24358 -0.26040 67.51224 0 7.87500 -7.80000 65.71138 0.10692 -13
0.75797 -0.18963 99.17802 0 5.72500 -24.27500 79.54414 0.12779 13
-1.29486 -0.22390 22.62492 0 6.72500 37.85000 14.04013 0.16625 13
0.33278 -0.14937 96.77856 0 4.50000 -10.97500 91.92761 0.10720 -13
0.30258 -0.00261 44.32327 0 0.10000 -5.30000 42.42389 0.10521 -13
0.44930 0.11941 14.26328 0 -3.57500 -13.87500 13.02571 0.11104 -13
0.25838 0.00066 50.62361 0 -0.00000 -5.57500 49.01388 0.10401 -13
0.86668 -0.13143 93.60826 0 3.95000 -27.70000 70.99731 0.13391 13
-1.04619 -0.15387 53.17533 0 4.62500 31.27500 36.96650 0.14656 13
-0.69357 -0.24072 48.52930 0 7.25000 22.10000 40.23665 0.12492 13
0.77660 -0.03780 35.03419 0 1.12500 -23.55000 27.67693 0.12756 13
1.99336 -0.20957 96.93924 0 6.30000 -59.57500 44.21846 0.22555 13
0.16497 -0.40237 96.93924 0 6.70000 -60.60000 44.21846 0.33006 13
-1.30021 -0.24680 77.84606 0 7.42500 40.07500 48.33839 0.16702 13
-1.27787 -0.10192 12.26196 0 3.00000 40.20000 7.58031 0.16371 13
-2.09690 -0.23356 9.95471 0 6.92500 63.12500 4.37774 0.23497 13
1.76529 0.05444 24.87392 0 -1.67500 -52.42500 12.27346 0.20441 13
-0.04703 -0.21407 72.23906 0 6.47500 4.60000 72.16280 0.10310 -13
-0.02003 -0.09954 81.60559 0 3.00000 2.55000 81.58940 0.10122 13
-0.34667 -0.11061 59.21131 0 3.35000 8.35000 55.98124 0.10717 -13
-0.35525 -0.09645 8.67760 0 2.97500 9.02500 8.18112 0.10734 -13
0.20270 -0.22341 57.28127 0 6.72500 -7.32500 56.19229 0.10518 13
0.69171 0.01844 10.73351 0 -0.62500 -16.82500 8.82793 0.12247 13
0.75977 -0.00999 38.64359 0 0.32500 -23.72500 30.77056 0.12648 -13
0.10711 0.07742 51.81450 0 -2.35000 -5.15000 51.52146 0.10158 13
0.79272 -0.14338 53.30447 0 4.32500 -22.05000 41.93457 0.12932 -13
1.17439 -0.20403 28.50065 0 6.12500 -34.32500 18.69540 0.15666 13
-0.46180 0.03058 69.80298 0 -0.92500 12.02500 63.37708 0.11096 -13
-0.48728 -0.04204 93.50878 0 1.27500 15.67500 84.07460 0.11210 -13
0.40604 0.08832 89.29447 0 -2.65000 -11.35000 82.77949 0.10905 -13
0.86108 -0.18198 1.06089 0 6.12500 -27.62500 0.80997 0.13528 -13
0.28439 -0.12747 23.75888 0 3.87500 -9.40000 22.86640 0.10549 -13
1.14753 0.03536 44.43549 0 -1.05000 -34.35000 29.20357 0.15332 -13
1.30839 -0.07531 14.87046 0 2.32500 -39.05000 9.04651 0.16603 -13
-0.04239 0.04465 20.21405 0 -1.37500 2.07500 20.19595 0.10090 13
-0.45381 -0.15152 84.41360 0 4.57500 13.87500 77.01646 0.11164 -13
0.90116 0.09075 92.25795 0 -2.75000 -26.10000 68.66104 0.13587 13
-0.02806 0.03084 16.56450 0 -0.90000 1.17500 16.55798 0.10079 -13
-0.39702 -0.02428 33.97216 0 0.75000 12.70000 31.57598 0.10838 -13
-0.45301 -0.01254 27.72245 0 0.35000 12.47500 25.25245 0.11056 13
0.97798 -0.10193 70.82488 0 3.07500 -27.22500 50.76287 0.14123 -13
-0.32270 0.09987 42.27248 0 -3.02500 7.80000 40.24833 0.10630 13
1.30133 -0.09143 92.20927 0 2.75000 -38.92500 56.33174 0.16552 13
-0.93759 -0.16882 14.53427 0 5.05000 26.82500 10.67220 0.13905 13
1.12957 0.02806 73.86630 0 -0.85000 -31.55000 48.97356 0.15195 13
0.14393 0.00889 43.54174 0 -0.25000 -2.47500 43.09764 0.10174 -13
0.03859 -0.21671 77.59723 0 6.52500 -2.57500 77.54210 0.10311 13
-0.31859 0.07867 39.06079 0 -2.35000 8.37500 37.22814 0.10598 -13
-0.63795 -0.24607 78.26181 0 7.42500 19.92500 66.53092 0.12198 13
-0.66562 0.01543 7.06368 0 -0.55000 20.85000 5.88066 0.12099 13
-0.25263 0.07045 88.02660 0 -2.12500 8.37500 85.35800 0.10411 13
0.72595 0.08050 21.82066 0 -2.45000 -24.60000 17.67782 0.12472 13
-0.44341 0.06362 23.05750 0 -1.90000 11.57500 21.08549 0.11034 -13
-1.29272 0.06430 72.61825 0 -1.92500 40.30000 44.48933 0.16471 -13
1.83717 -0.09577 50.66997 0 2.90000 -55.22500 24.31015 0.21087 -13
0.48297 -0.11283 89.47610 0 3.40000 -13.32500 80.66724 0.11241 13
-0.07543 -0.06788 67.94662 0 2.05000 2.37500 67.75504 0.10122 -13
1.13061 0.07300 6.54370 0 -2.10000 -32.60000 4.34226 0.15215 -13
1.43264 0.04672 20.39700 0 -1.45000 -44.15000 11.68239 0.17603 13
1.22952 -0.09225 19.28886 0 2.82500 -37.82500 12.20152 0.15990 -13
1.43531 0.07450 41.00657 0 -2.27500 -41.82500 23.48488 0.17633 13
0.11919 0.12916 84.15714 0 -3.90000 -5.12500 83.57520 0.10225 13
0.12246 -0.27059 84.15714 0 8.15000 -5.22500 83.57520 0.10505 13
0.31688 -0.18762 30.11867 0 5.65000 -10.30000 28.75805 0.10730 13
-0.10973 0.12142 29.45116 0 -3.65000 -0.45000 29.27798 0.10204 -13
-0.11306 -0.27874 29.45116 0 8.42500 -0.35000 29.27798 0.10518 -13
0.29357 -0.16643 66.31121 0 5.00000 -12.62500 63.69419 0.10628 13
-1.23980 -0.18373 8.45446 0 5.45000 37.82500 5.36189 0.16136 13
1.00826 0.13247 57.61381 0 -4.00000 -30.95000 40.74881 0.14364 13
1.03457 -0.26712 57.61381 0 8.05000 -31.75000 40.74881 0.14737 13
-1.48021 -0.08010 21.75468 0 2.45000 46.87500 12.20498 0.18009 -13
0.42741 -0.12335 92.37675 0 3.72500 -13.37500 85.04194 0.11022 13
0.26364 -0.23488 80.10325 0 7.10000 -10.10000 77.58823 0.10680 -13
-0.41116 -0.22489 33.86407 0 6.77500 12.72500 31.42961 0.11120 13
0.50392 -0.15642 2.65193 0 4.92500 -13.32500 2.37368 0.11409 -13
-1.41668 -0.16649 99.27515 0 5.02500 42.07500 57.77157 0.17542 13
0.36861 -0.11957 61.64907 0 3.62500 -8.00000 57.89319 0.10800 -13
-0.36851 -0.02881 14.71847 0 0.82500 11.10000 13.81123 0.10736 13
-0.95382 -0.13416 8.22672 0 4.12500 28.20000 5.97875 0.13987 -13
1.00811 -0.17595 47.30955 0 5.32500 -29.10000 33.57220 0.14410 -13
-0.41731 -0.14659 60.05999 0 4.42500 15.15000 55.51392 0.11012 -13
-1.89322 -0.05561 36.41014 0 1.70000 57.97500 17.02605 0.21569 -13
-1.34891 -0.13815 43.97062 0 4.17500 43.55000 26.34528 0.16968 -13
1.98489 -0.07373 75.55362 0 2.22500 -60.90000 34.06772 0.22394 -13
0.44872 -0.20473 61.85606 0 6.17500 -10.97500 56.62601 0.11230 -13
-0.24825 -0.03557 81.58595 0 1.07500 6.12500 79.18531 0.10382 -13
0.93958 0.00956 63.37807 0 -0.30000 -27.12500 46.18954 0.13819 13
-0.28532 0.01901 89.23153 0 -0.57500 7.17500 85.80825 0.10474 13
-0.25793 0.06953 55.87818 0 -2.10000 8.95000 54.11542 0.10423 -13
-1.19481 0.06497 42.21507 0 -1.95000 36.22500 27.12826 0.15703 -13
0.06185 -0.03496 19.71589 0 1.07500 -1.32500 19.67832 0.10096 -13
-0.73936 -0.04149 62.42920 0 1.25000 20.42500 50.21383 0.12531 -13
2.06007 0.08823 66.86418 0 -2.65000 -60.00000 29.29049 0.23077 -13
-0.68212 -0.17966 86.42349 0 5.40000 22.00000 71.75237 0.12323 13
-0.34772 -0.20979 85.38474 0 6.32500 10.27500 80.83222 0.10870 -13
1.08474 0.07472 62.94229 0 -2.25000 -31.12500 42.72684 0.14876 -13
-0.03167 -0.15777 63.45021 0 4.75000 0.85000 63.41919 0.10200 13
-0.01866 -0.07852 24.12755 0 2.40000 -0.27500 24.12338 0.10104 -13
-0.55621 -0.19349 17.48188 0 5.87500 16.15000 15.34275 0.11689 -13
0.08891 0.14396 12.53850 0 -4.30000 -2.75000 12.49020 0.10212 -13
0.09083 -0.25495 12.53850 0 7.72500 -2.82500 12.49020 0.10437 -13
0.21270 0.07750 31.85094 0 -2.35000 -7.75000 31.15797 0.10326 13
-0.15563 -0.12772 22.39583 0 3.82500 6.80000 22.13360 0.10272 13
1.79699 -0.11795 94.22350 0 3.55000 -53.25000 46.05922 0.20742 13
-0.56920 -0.00530 80.32019 0 0.15000 16.55000 69.80445 0.11587 13
0.89127 -0.17777 18.64171 0 5.32500 -27.65000 14.01172 0.13605 13
-0.09555 0.14450 37.23646 0 -4.35000 3.15000 37.07112 0.10220 -13
-0.09757 -0.25447 37.23646 0 7.70000 3.20000 37.07112 0.10439 -13
-0.60480 -0.08729 96.86036 0 2.62500 17.52500 82.96460 0.11801 13
-1.96470 2.11781 96.86036 0 2.55000 17.55000 82.96460 0.11816 13
-13.51853 7.36919 96.86036 0 3.07500 28.47500 82.96460 0.17930 13
1.46660 -0.62025 96.86036 0 3.92500 31.12500 82.96460 0.19147 13
0.13621 0.10614 96.86036 0 3.65000 31.27500 82.96460 0.19365 13
0.07625 0.01142 96.86036 0 4.50000 31.52500 82.96460 0.20033 13
1.14150 0.02039 8.30095 0 -0.70000 -35.15000 5.47030 0.15287 13
0.70877 0.13258 50.56380 0 -4.00000 -21.42500 41.37312 0.12416 13
0.72726 -0.26700 50.56380 0 8.05000 -22.00000 41.37312 0.12738 13
0.52399 -1.01627 50.56380 0 -3.90000 -21.40000 41.37312 0.12425 13
-0.28113 1.23775 50.56380 0 -2.55000 -21.67500 41.37312 0.12975 13
-1.46246 0.18275 50.56380 0 -2.37500 -21.22500 41.37312 0.13203 13
1.11300 0.16037 50.56380 0 -1.12500 -18.70000 41.37312 0.14402 13
0.55414 -0.07520 84.32460 0 2.27500 -16.37500 73.80647 0.11538 -13
0.60336 0.09857 32.66670 0 -2.95000 -19.67500 28.00574 0.11802 -13
0.75567 -0.20840 42.73771 0 6.30000 -22.50000 34.35809 0.12797 -13
-0.46378 0.05301 38.80753 0 -1.62500 16.95000 35.21445 0.11114 13
-0.01166 -0.20864 58.16250 0 6.30000 0.17500 58.15872 0.10288 -13
0.25529 0.12153 83.95092 0 -3.65000 -5.77500 81.37837 0.10465 -13
0.26308 -0.27864 83.95092 0 8.40000 -6.02500 81.37837 0.10785 -13
0.17113 -0.23389 67.33429 0 7.05000 -7.17500 66.41853 0.10485 -13
1.61247 0.02892 1.69045 0 -0.32500 -48.85000 0.89063 0.19153 -13
0.62206 -0.22063 88.47366 0 6.65000 -19.27500 75.61590 0.12067 -13
-1.85864 -0.04869 54.57862 0 1.45000 55.77500 25.88334 0.21259 13
-1.52641 -0.22534 40.27025 0 6.77500 45.40000 22.45067 0.18513 13
1.48505 0.00476 18.57543 0 -0.20000 -43.85000 10.37541 0.18030 13
-0.50552 -0.20206 73.49314 0 6.10000 16.60000 65.85243 0.11465 13
-0.00231 -0.18405 14.48607 0 5.52500 -2.40000 14.48604 0.10238 13
-0.72180 0.00370 77.59913 0 -0.10000 19.70000 62.92072 0.12420 -13
-0.37778 -0.06792 86.35801 0 2.05000 11.05000 80.80880 0.10786 13
0.41702 -0.21944 7.95444 0 6.55000 -11.42500 7.36653 0.11128 13
0.94305 0.13861 45.64145 0 -4.20000 -31.17500 33.35386 0.13913 13
0.96534 -0.26068 45.64145 0 7.85000 -31.85000 33.35386 0.14239 13
-1.64394 -0.19515 1.10774 0 5.02500 47.22500 0.58325 0.19480 13
-0.10647 -0.03687 60.27821 0 1.12500 4.85000 59.93989 0.10134 -13
-0.95971 -0.02238 96.77251 0 0.67500 28.50000 69.82895 0.13959 -13
-1.69893 0.11924 63.89976 0 -3.60000 49.72500 32.58309 0.19891 13
-1.75244 -0.28111 63.89976 0 8.47500 51.32500 32.58309 0.20513 13
0.63062 0.11878 18.52729 0 -3.55000 -21.07500 15.70273 0.11964 -13
1.05763 -0.04118 72.85859 0 1.25000 -30.50000 50.07861 0.14663 -13
0.41080 0.10565 81.02323 0 -3.17500 -12.47500 75.00542 0.10939 -13
1.55278 0.14208 17.94005 0 -4.22500 -45.55000 9.78246 0.18649 -13
1.58719 -0.25683 17.94005 0 7.80000 -46.62500 9.78246 0.19076 -13
1.66409 0.08442 83.52100 0 -2.55000 -52.67500 43.13226 0.19570 13
0.61770 0.00885 68.91903 0 -0.25000 -17.62500 58.63565 0.11837 -13
-0.16116 0.09168 53.23818 0 -2.75000 5.32500 52.56552 0.10242 -13
-1.02104 -0.23657 41.91868 0 7.12500 31.87500 29.73585 0.14586 13
0.08783 0.11625 55.88602 0 -3.50000 -3.10000 55.67454 0.10176 -13
-0.66055 -0.10696 35.52263 0 3.25000 22.55000 29.69101 0.12118 -13
0.78721 0.12355 50.32807 0 -3.72500 -22.50000 39.65881 0.12876 -13
0.81059 -0.27650 50.32807 0 8.35000 -23.20000 39.65881 0.13260 -13
-1.04331 -0.19963 17.24637 0 6.07500 29.85000 12.05455 0.14696 -13
0.99131 -0.09796 49.73159 0 2.97500 -31.40000 35.40256 0.14215 -13
0.11200 0.14694 28.06417 0 -4.42500 -4.67500 27.89343 0.10240 -13
0.11426 -0.25193 28.06417 0 7.62500 -4.75000 27.89343 0.10450 -13
-1.33128 -0.23550 69.16706 0 7.12500 40.32500 42.25679 0.16936 -13
-0.28186 -0.00908 24.95545 0 0.25000 8.20000 24.01964 0.10463 13
-0.26123 -0.10315 7.00272 0 3.05000 6.52500 6.77762 0.10458 13
-0.07433 -0.05847 6.99054 0 1.70000 2.90000 6.97137 0.10115 13
-0.52141 0.04441 7.11175 0 -1.27500 16.15000 6.30716 0.11366 -13
-0.55448 -0.18494 46.75359 0 5.57500 18.15000 41.04894 0.11664 13
1.13826 0.02591 8.26107 0 -0.87500 -35.20000 5.45367 0.15262 13
-0.47955 0.13173 45.93007 0 -3.95000 16.22500 41.48054 0.11246 -13
-0.49222 -0.26784 45.93007 0 8.10000 16.62500 41.48054 0.11545 -13
1.69149 0.05007 99.38177 0 -1.52500 -49.95000 50.62367 0.19795 13
-0.53330 -0.00676 16.73680 0 0.22500 14.90000 14.76799 0.11413 -13
-0.39352 -0.00267 41.71070 0 0.07500 11.65000 38.81358 0.10822 13
-0.74045 0.00772 74.00696 0 -0.25000 23.67500 59.47769 0.12531 13
-0.04620 -0.15840 77.42322 0 4.77500 1.65000 77.34274 0.10206 13
-0.27701 -0.19381 77.52081 0 5.85000 9.07500 74.80410 0.10631 -13
0.55034 -0.09948 21.83016 0 2.97500 -14.77500 19.14708 0.11537 13
0.26268 -0.15235 25.74636 0 4.57500 -6.25000 24.92022 0.10523 13
-0.40146 0.14635 3.54118 0 -4.27500 13.37500 3.29138 0.10947 -13
-0.40974 -0.25220 3.54118 0 7.77500 13.65000 3.29138 0.11193 -13
-0.40943 -0.20379 37.14451 0 6.12500 12.97500 34.47381 0.11072 13
-0.18653 -0.19639 16.08552 0 5.95000 3.70000 15.82262 0.10435 -13
-0.56665 -0.11572 93.10507 0 3.50000 16.77500 81.13445 0.11633 -13
0.14504 -0.17876 76.41696 0 5.40000 -4.95000 75.64989 0.10334 -13
0.35299 0.03907 52.98462 0 -1.17500 -10.35000 49.96761 0.10686 -13
0.60695 -0.09479 19.32434 0 2.82500 -18.32500 16.53915 0.11818 13
1.34390 -0.07585 74.78082 0 2.30000 -40.62500 44.72367 0.16887 -13
0.79758 -0.15529 40.86764 0 4.67500 -23.65000 32.09670 0.12975 13
-1.76517 0.03246 49.69298 0 -0.95000 52.65000 24.50386 0.20433 -13
1.67207 0.07606 73.34543 0 -2.30000 -49.22500 37.72554 0.19636 13
-1.57146 -0.14143 99.06013 0 4.25000 45.45000 53.55746 0.18811 13
-0.21186 -0.11758 88.53681 0 3.55000 5.62500 86.63955 0.10362 -13
-0.38733 -0.08984 30.95188 0 2.72500 12.45000 28.87781 0.10838 -13
0.17133 0.01244 97.04960 0 -0.37500 -8.37500 95.65607 0.10218 -13
-0.31539 0.12393 8.11202 0 -3.80000 8.80000 7.74145 0.10636 13
-0.32476 -0.27629 8.11202 0 8.27500 9.07500 7.74145 0.10942 13
1.28754 -0.01534 74.49353 0 0.45000 -37.82500 45.69754 0.16418 13
-0.13912 -0.23164 78.30718 0 6.97500 6.05000 77.59770 0.10431 13
-0.13029 -0.03000 96.56530 0 0.90000 4.45000 95.75666 0.10160 13
-0.90410 -0.16252 54.90512 0 4.90000 26.85000 40.96511 0.13673 13
0.57873 0.10523 80.21468 0 -3.17500 -13.80000 69.52202 0.11684 13
-0.11094 -0.19470 31.46757 0 5.85000 -0.07500 31.28263 0.10319 13
0.13024 0.07217 54.35752 0 -2.17500 -4.42500 53.90458 0.10181 -13
0.93776 0.03846 99.81518 0 -1.17500 -29.17500 72.83495 0.13811 13
-0.18242 -0.11359 97.35030 0 3.42500 6.52500 95.78938 0.10300 13
0.22654 0.00881 2.14873 0 -0.02500 -8.15000 2.09562 0.10338 -13
0.05568 -0.20282 1.64724 0 5.80000 -0.27500 1.64484 0.10291 13
-0.75992 0.10254 2.64878 0 -3.32500 22.25000 2.11302 0.12710 13
0.91370 -0.14006 17.76546 0 4.27500 -28.47500 13.17337 0.13716 -13
-0.67638 -0.00725 11.50554 0 0.27500 18.80000 9.53050 0.12158 -13
-1.06790 -0.10924 83.34598 0 3.30000 29.80000 57.14787 0.14775 -13
-0.27410 -0.04150 47.76734 0 1.25000 8.95000 46.07082 0.10450 13
0.67943 -0.10550 22.58040 0 3.15000 -19.62500 18.70988 0.12220 13
-0.46055 0.05890 86.27083 0 -1.77500 11.67500 78.38349 0.11103 -13
1.62109 0.13218 93.83214 0 -3.97500 -47.45000 49.57270 0.19226 -13
1.66356 -0.26741 93.83214 0 8.07500 -48.72500 49.57270 0.19733 -13
1.74347 0.01559 1.20614 0 -1.27500 -51.55000 0.59965 0.20353 13
-0.27248 0.03353 10.43818 0 -1.05000 6.60000 10.07148 0.10444 13
1.08665 0.11652 55.78754 0 -3.52500 -32.87500 37.91455 0.14918 13
-1.86919 -0.03899 3.28793 0 0.87500 55.77500 1.55209 0.21353 13
-1.30560 0.14066 35.06237 0 -4.22500 42.00000 21.45204 0.16620 -13
-1.33532 -0.25846 35.06237 0 7.82500 42.92500 21.45204 0.17003 -13
0.10631 -0.09462 26.26826 0 2.87500 -1.67500 26.12241 0.10172 -13
-0.61277 -0.12214 35.01729 0 3.70000 20.75000 29.91758 0.11875 -13
1.36545 -0.00100 67.04146 0 0.02500 -40.60000 39.61139 0.17043 13
-0.24075 -0.16872 64.47260 0 5.07500 8.75000 62.72932 0.10496 13
-0.43727 0.14054 37.62201 0 -4.25000 13.32500 34.52453 0.11082 13
-0.44726 -0.25865 37.62201 0 7.77500 13.62500 34.52453 0.11334 13
-0.77188 -0.15340 1.87492 0 4.30000 26.42500 1.49031 0.12817 13
0.57995 -0.16591 92.37303 0 5.00000 -14.75000 80.17789 0.11761 -13
1.00929 -0.17336 60.07478 0 5.22500 -31.25000 42.59724 0.14414 13
0.54278 -0.12582 11.75780 0 3.85000 -16.37500 10.35176 0.11531 -13
0.98997 -0.20082 78.86981 0 6.07500 -31.87500 56.59554 0.14315 -13
-0.67707 0.14582 99.65778 0 -4.40000 20.22500 82.79336 0.12249 -13
-0.69112 -0.25308 99.65778 0 7.65000 20.65000 82.79336 0.12504 -13
-1.35493 -0.09148 21.78456 0 2.72500 40.95000 12.97407 0.16978 13
1.93175 0.00864 37.69168 0 -0.22500 -62.07500 17.32796 0.21906 -13
0.47067 -0.14075 1.60951 0 3.90000 -16.97500 1.45877 0.11228 13
-0.07597 -0.12561 32.43942 0 3.80000 3.80000 32.34761 0.10179 -13
-0.34857 0.12476 51.31890 0 -3.75000 10.02500 48.49945 0.10738 -13
-0.35875 -0.27523 51.31890 0 8.32500 10.35000 48.49945 0.11053 -13
-0.83509 0.06661 87.65833 0 -2.00000 24.67500 67.34453 0.13137 -13
-0.49517 0.05285 57.11421 0 -1.60000 11.40000 51.19709 0.11250 13
-1.01412 -0.09121 11.61158 0 2.80000 32.25000 8.16979 0.14375 -13
-0.23267 -0.12323 32.45552 0 3.72500 7.20000 31.62327 0.10414 -13
-1.97257 0.03531 95.33782 0 -1.07500 59.70000 43.13023 0.22275 13
-1.23455 -0.21946 94.83940 0 6.60000 37.12500 60.54030 0.16149 13
0.47591 -0.24551 25.18273 0 7.37500 -16.22500 22.85918 0.11422 13
0.02061 -0.16786 79.74950 0 5.05000 -0.95000 79.73303 0.10213 13
0.84926 -0.20932 76.92537 0 6.32500 -23.90000 59.15656 0.13379 -13
-1.63960 0.13537 32.23843 0 -4.05000 47.07500 16.89758 0.19386 -13
-1.68060 -0.26398 32.23843 0 8.00000 48.32500 16.89758 0.19876 -13
0.31850 -0.07543 33.71112 0 2.25000 -11.42500 32.12949 0.10596 13
0.30698 -0.02481 67.04996 0 0.75000 -10.55000 64.09946 0.10536 -13
1.03644 0.03248 78.93928 0 -0.97500 -32.67500 54.82582 0.14507 -13
0.66757 -0.01013 24.89383 0 0.32500 -18.50000 20.70450 0.12109 -13
0.39769 -0.13391 65.47269 0 4.02500 -11.25000 60.91146 0.10921 13
-0.40162 0.07993 49.22416 0 -2.40000 12.65000 45.69818 0.10882 -13
-1.18728 -0.16920 30.02944 0 5.07500 36.50000 19.50422 0.15723 13
1.32378 0.04877 12.48728 0 -1.40000 -40.82500 7.53298 0.16712 -13
-0.26739 -0.23161 71.23981 0 6.97500 6.52500 68.93918 0.10681 13
-1.45569 -0.14430 29.96224 0 4.37500 46.02500 17.08390 0.17847 -13
1.01205 -0.03435 43.27969 0 1.05000 -32.27500 30.42861 0.14332 -13
0.20943 0.14369 53.92271 0 -4.32500 -6.55000 52.80008 0.10389 -13
0.21396 -0.25531 53.92271 0 7.70000 -6.67500 52.80008 0.10615 -13
-0.38320 0.06541 34.34722 0 -1.95000 12.07500 32.08160 0.10804 -13
0.71565 -0.22968 83.99306 0 6.92500 -25.97500 68.89054 0.12597 13
0.15626 -0.00454 79.23495 0 0.12500 -5.32500 78.28498 0.10192 13
0.13740 -0.22942 86.68148 0 6.92500 -3.87500 85.91448 0.10424 13
0.52626 -0.18816 18.06515 0 5.65000 -15.77500 16.04601 0.11535 13
-0.33654 0.02906 24.87340 0 -0.90000 11.57500 23.57533 0.10630 13
1.04137 -0.02179 40.19766 0 0.67500 -28.55000 27.84582 0.14541 -13
1.69243 -0.02717 33.35500 0 0.80000 -49.67500 16.97211 0.19798 13
0.45697 -0.22749 10.15312 0 6.92500 -15.65000 9.27401 0.11311 -13
1.52261 0.02802 34.70997 0 -0.87500 -45.40000 19.05940 0.18348 13
-0.34796 -0.16076 78.49516 0 4.85000 11.57500 74.23604 0.10784 13
0.23853 -0.14118 77.55070 0 4.25000 -4.30000 75.47406 0.10450 13
0.74971 -0.24041 15.17471 0 7.30000 -22.10000 12.26267 0.12821 -13
1.38906 -0.05376 59.09626 0 1.60000 -41.15000 34.56056 0.17244 13
0.81320 -0.15484 94.14793 0 4.67500 -23.10000 73.38740 0.13073 -13
-0.45167 -0.09352 99.04927 0 2.82500 12.60000 90.33499 0.11090 -13
-0.01207 0.02362 11.21410 0 -0.67500 -1.35000 11.21329 0.10074 -13
0.12244 0.01609 85.95678 0 -0.47500 -2.55000 85.31968 0.10146 -13
-0.38734 0.08628 29.93591 0 -2.57500 13.12500 27.92819 0.10834 -13
0.32085 -0.14745 3.67618 0 4.30000 -8.35000 3.50402 0.10677 13
0.60370 -0.23765 63.08599 0 7.17500 -16.47500 54.39721 0.12005 -13
-0.43046 -0.09625 97.07071 0 2.90000 11.52500 89.22523 0.11007 -13
-0.69855 -0.22066 85.68331 0 6.65000 19.47500 70.78320 0.12483 13
0.40985 -0.14154 87.37780 0 4.27500 -13.90000 80.96520 0.10976 13
0.56123 0.00663 66.89183 0 -0.20000 -21.97500 58.33327 0.11548 13
-0.08540 0.11967 69.79046 0 -3.62500 4.97500 69.54092 0.10179 13
-0.08807 -0.28065 69.79046 0 8.45000 5.05000 69.54092 0.10496 13
0.46387 0.08828 77.00663 0 -2.65000 -11.87500 69.90460 0.11136 -13
-1.53755 -0.01415 7.96296 0 0.32500 44.80000 4.34212 0.18471 13
0.18856 -0.18607 22.79023 0 5.60000 -4.65000 22.40843 0.10416 13
-1.62468 0.08731 71.91329 0 -2.65000 47.20000 37.79914 0.19232 13
0.84086 -0.00662 27.65537 0 0.22500 -27.55000 21.16702 0.13158 -13
1.39697 -0.06873 86.55488 0 2.07500 -40.52500 50.45965 0.17315 -13
0.27166 -0.11213 29.83744 0 3.40000 -10.60000 28.80619 0.10497 -13
0.40397 -0.17080 88.46261 0 5.15000 -11.27500 82.18560 0.10996 13
-1.53424 -0.21386 20.45484 0 6.50000 47.97500 11.34412 0.18575 -13
1.09282 -0.04447 5.46819 0 1.20000 -32.57500 3.69354 0.14924 13
-0.61929 -0.20856 42.64505 0 6.27500 19.95000 36.46745 0.12029 13
-0.57129 -0.23155 33.97123 0 7.00000 15.95000 29.68319 0.11831 -13
0.08231 -0.06339 64.74046 0 1.92500 -6.60000 64.52316 0.10125 -13
-0.60215 -0.00876 13.42991 0 0.22500 18.37500 11.50527 0.11756 13
-0.08083 -0.16375 79.60868 0 4.95000 0.32500 79.35665 0.10237 -13
-1.39233 0.14662 43.88697 0 -4.45000 40.32500 25.78083 0.17327 13
-1.42083 -0.25226 43.88697 0 7.60000 41.17500 25.78083 0.17677 13
0.18625 -0.03649 23.77975 0 1.07500 -4.92500 23.37815 0.10250 13
0.23255 0.14311 12.43831 0 -4.35000 -7.80000 12.12114 0.10441 13
0.23765 -0.25601 12.43831 0 7.67500 -7.95000 12.12114 0.10663 13
-0.46115 0.06927 28.27127 0 -2.10000 13.95000 25.68338 0.11112 13
-0.42842 0.00394 46.47512 0 -0.12500 13.05000 42.71977 0.10956 13
-0.55786 0.10324 15.85186 0 -3.15000 16.87500 13.86058 0.11580 13
-1.83295 -0.02102 88.51525 0 0.65000 54.22500 42.39978 0.21029 -13
-1.18591 0.10326 37.67889 0 -3.12500 36.25000 24.36496 0.15656 13
-0.95211 -0.12167 5.32773 0 3.80000 26.95000 3.87189 0.13969 -13
-0.81965 -0.21070 11.60277 0 6.30000 26.32500 9.05158 0.13188 13
0.75750 -0.17949 87.56211 0 5.40000 -25.40000 70.19837 0.12762 13
1.37312 -0.05564 24.62450 0 1.65000 -39.67500 14.51168 0.17113 13
0.74255 -0.04552 44.11844 0 1.35000 -20.95000 35.43427 0.12550 13
0.40910 -0.18165 37.75706 0 5.50000 -12.95000 35.02636 0.11035 -13
0.00399 -0.07038 65.09155 0 2.12500 -0.20000 65.09103 0.10095 -13
0.13984 -0.01068 15.11221 0 0.30000 -5.77500 14.96663 0.10169 13
-1.55767 0.12397 48.10845 0 -3.72500 45.82500 26.13121 0.18680 -13
-1.60372 -0.27610 48.10845 0 8.35000 47.20000 26.13121 0.19237 -13
-0.40977 -0.16930 77.95535 0 5.10000 11.30000 72.27933 0.11015 13
-0.43553 0.00168 33.14297 0 -0.02500 10.75000 30.38597 0.10984 -13
0.79394 -0.05779 50.94854 0 1.72500 -24.02500 39.92779 0.12871 13
-1.78660 0.11897 3.20217 0 -3.25000 52.80000 1.57211 0.20643 -13
0.14446 -0.05711 52.12985 0 1.72500 -2.87500 51.59597 0.10191 13
-0.40542 -0.05666 51.42234 0 1.70000 10.42500 47.66588 0.10881 13
-1.67334 0.13639 43.97889 0 -4.10000 50.95000 22.71302 0.19677 -13
-1.71442 -0.26294 43.97889 0 7.95000 52.20000 22.71302 0.20165 -13
-0.06111 -0.13994 18.05216 0 4.25000 2.00000 18.01920 0.10188 -13
-0.66412 0.11658 9.23724 0 -3.57500 20.10000 7.71058 0.12149 13
-0.68548 -0.28392 9.23724 0 8.50000 20.72500 7.71058 0.12525 13
0.05230 0.03888 66.56943 0 -1.17500 -2.50000 66.47880 0.10092 13
0.46934 -0.00364 57.64573 0 0.12500 -11.25000 52.18404 0.11125 -13
-0.47533 0.09520 7.95653 0 -2.95000 17.20000 7.19215 0.11194 13
1.83268 0.05247 32.52621 0 -1.55000 -56.35000 15.59607 0.21030 -13
-0.74279 0.01474 18.00077 0 -0.47500 21.12500 14.45108 0.12546 13
-1.09329 0.09942 51.53415 0 -2.97500 30.65000 34.87451 0.14953 -13
-0.85959 -0.01786 52.48876 0 0.55000 24.10000 39.80695 0.13281 -13
-0.21396 -0.00766 46.57087 0 0.25000 5.85000 45.54025 0.10299 -13
-2.00422 0.06841 30.90450 0 -2.02500 63.00000 13.82294 0.22565 -13
-0.66211 -0.06022 53.67097 0 1.82500 20.10000 44.77544 0.12093 -13
0.19605 0.05412 28.60439 0 -1.62500 -5.95000 28.07154 0.10276 -13
0.28927 0.05383 87.58637 0 -1.62500 -10.12500 84.14617 0.10497 13
