0.63518 -0.15439 22.71890 0 4.62500 -19.87500 19.24216 0.12029 13
0.66817 -0.23131 49.27149 0 7.00000 -16.17500 41.29289 0.12335 -13
-0.61869 -0.06638 56.47294 0 2.02500 20.45000 48.05362 0.11861 -13
-0.75212 -0.23251 40.59173 0 7.00000 19.05000 32.74506 0.12815 13
0.02783 0.12101 33.75860 0 -3.67500 -2.55000 33.74573 0.10148 13
0.02869 -0.27924 33.75860 0 8.40000 -2.57500 33.74573 0.10458 13
0.36096 0.01399 81.18670 0 -0.42500 -9.37500 76.36503 0.10707 -13
0.58784 0.12299 28.09027 0 -3.72500 -20.40000 24.26278 0.11748 13
0.60544 -0.27716 28.09027 0 8.32500 -20.92500 24.26278 0.12096 13
-0.05832 0.06715 2.14431 0 -1.80000 3.17500 2.14065 0.10118 -13
-0.74909 -0.09085 66.81565 0 2.72500 22.35000 53.55538 0.12615 13
-2.08744 -0.08155 68.91780 0 2.47500 61.92500 29.85529 0.23324 -13
-0.40505 -0.07507 84.50825 0 2.27500 14.97500 78.35778 0.10892 -13
-0.30852 0.11035 32.45192 0 -3.35000 10.60000 31.02641 0.10597 13
-1.83849 -0.05560 70.92250 0 1.65000 56.15000 33.92772 0.21083 13
-0.11179 -0.18153 90.69040 0 5.47500 4.20000 90.14666 0.10297 -13
0.84122 0.11482 62.42147 0 -3.47500 -25.65000 47.89651 0.13212 13
-0.06288 -0.01120 51.39306 0 0.32500 4.12500 51.29179 0.10090 13
-0.48173 -0.11247 36.98759 0 3.40000 13.27500 33.36197 0.11236 -13
-1.11313 -0.21572 18.35114 0 6.55000 31.77500 12.41763 0.15229 -13
1.15563 0.03908 96.52556 0 -1.17500 -34.92500 63.18882 0.15395 13
1.01531 -0.19878 38.29819 0 6.02500 -28.85000 27.13709 0.14492 -13
-0.50134 0.01401 5.85221 0 -0.52500 15.25000 5.23182 0.11268 13
-1.54156 -0.13452 82.74177 0 4.07500 45.62500 45.31384 0.18553 -13
-1.28922 -0.09105 13.28691 0 2.80000 39.65000 8.16421 0.16460 -13
0.16470 -0.17774 71.43980 0 5.37500 -5.97500 70.51863 0.10362 -13
-1.42602 0.02917 59.56703 0 -0.87500 43.00000 34.21003 0.17542 -13
0.27506 -0.14666 32.05837 0 4.40000 -6.92500 30.93322 0.10548 13
1.45936 -0.24046 35.96013 0 7.27500 -42.42500 20.71544 0.17983 -13
-0.30115 0.03638 88.34254 0 -1.10000 9.40000 84.59477 0.10524 -13
0.60005 -0.05378 79.52851 0 1.62500 -18.07500 68.21958 0.11757 -13
0.86031 -0.01982 48.85985 0 0.57500 -26.07500 37.04235 0.13286 13
-1.23672 -0.13101 3.90942 0 3.75000 39.57500 2.47051 0.16064 13
-1.22987 -0.22043 54.67718 0 6.62500 38.00000 34.98523 0.16114 13
-1.36874 -0.00104 79.66375 0 0.02500 42.02500 46.99560 0.17071 13
-1.10328 -0.19816 73.73039 0 6.00000 30.97500 50.03730 0.15128 -13
1.12173 -0.01232 86.96704 0 0.37500 -32.67500 57.87465 0.15134 -13
1.05101 0.00770 74.11953 0 -0.22500 -34.75000 51.09182 0.14610 -13
1.56315 -0.12286 69.29446 0 3.72500 -46.62500 37.54086 0.18729 -13
-1.83786 -0.02861 28.16641 0 0.82500 56.80000 13.46604 0.21072 13
0.81852 0.04756 93.74184 0 -1.45000 -26.07500 72.57305 0.13022 13
-1.07584 -0.03571 39.97288 0 1.10000 31.80000 27.22453 0.14796 -13
0.90374 -0.03947 61.15110 0 1.17500 -30.40000 45.38475 0.13579 13
-0.73005 0.13323 72.24011 0 -4.02500 24.17500 58.52362 0.12540 13
-0.74888 -0.26630 72.24011 0 8.02500 24.75000 58.52362 0.12863 13
1.03400 -0.09519 91.40605 0 2.87500 -30.52500 63.69342 0.14517 -13
0.92804 -0.10650 80.83011 0 3.20000 -29.72500 59.40199 0.13780 13
0.43471 0.05911 32.05174 0 -1.77500 -12.80000 29.40263 0.10996 -13
0.32113 -0.01914 91.77832 0 0.57500 -9.60000 87.38460 0.10579 13
-0.35775 -0.18874 88.74039 0 5.70000 10.27500 83.71814 0.10863 -13
0.60751 -0.03919 28.28164 0 1.15000 -16.42500 24.17579 0.11790 13
-0.76025 -0.22087 1.10402 0 6.10000 21.80000 0.88642 0.12856 13
0.55868 -0.09824 10.43216 0 3.02500 -17.27500 9.11753 0.11580 -13
0.77249 0.04209 95.31173 0 -1.27500 -23.72500 75.45221 0.12732 -13
0.51136 -0.12306 9.50866 0 3.65000 -15.02500 8.47955 0.11375 13
-0.69175 0.07023 52.31327 0 -2.12500 21.75000 43.05686 0.12266 13
1.08780 0.03219 99.23931 0 -0.97500 -32.65000 67.18096 0.14884 13
-0.32834 -0.23745 80.94544 0 7.17500 7.30000 77.10645 0.10866 -13
-0.30819 -0.16323 51.66942 0 4.92500 7.05000 49.43338 0.10666 -13
2.08524 0.00790 77.55238 0 -0.25000 -61.60000 33.53510 0.23289 13
-1.48695 -0.13050 13.32631 0 4.00000 43.97500 7.48100 0.18097 -13
-1.00493 -0.05979 52.11606 0 1.82500 33.07500 36.79432 0.14289 -13
-0.11361 -0.07196 19.19649 0 2.15000 6.62500 19.07450 0.10161 13
1.66996 0.04762 8.90311 0 -1.55000 -50.15000 4.57854 0.19609 13
1.72745 -0.12569 99.90619 0 3.77500 -53.10000 50.34715 0.20139 13
0.87015 -0.09109 94.73091 0 2.75000 -25.97500 71.59101 0.13380 13
0.04307 0.14802 32.67176 0 -4.45000 -0.35000 32.64213 0.10189 -13
0.04392 -0.25079 32.67176 0 7.57500 -0.37500 32.64213 0.10393 -13
0.94013 0.04814 80.12899 0 -1.45000 -29.57500 58.41222 0.13830 13
-1.17893 -0.17533 99.15244 0 5.30000 35.57500 64.70182 0.15668 -13
0.44793 -0.18173 93.95825 0 5.47500 -13.92500 85.97919 0.11185 -13
-0.10089 -0.14954 87.33285 0 4.50000 2.20000 86.90142 0.10233 13
-0.19157 0.08866 81.85442 0 -2.67500 6.50000 80.40377 0.10292 -13
0.35158 0.04798 39.17497 0 -1.42500 -9.85000 36.96200 0.10685 -13
-0.27038 -0.09898 95.34743 0 2.97500 9.30000 92.07270 0.10479 13
-0.22416 0.05372 53.57292 0 -1.60000 7.70000 52.27921 0.10334 -13
0.45015 -0.14065 28.57075 0 4.25000 -12.97500 26.09540 0.11135 -13
-1.42993 -0.05926 35.67563 0 1.77500 41.90000 20.46983 0.17580 13
-0.23515 0.09159 77.25488 0 -2.75000 6.45000 75.22019 0.10386 -13
-0.54785 -0.12905 43.87445 0 3.90000 17.57500 38.55127 0.11556 -13
-0.08115 -0.17626 58.48131 0 5.32500 1.37500 58.29541 0.10259 -13
1.20831 -0.07099 93.23798 0 2.12500 -35.67500 59.53459 0.15811 13
0.43853 0.12295 65.54427 0 -3.70000 -12.97500 60.09829 0.11065 -13
0.45164 -0.27712 65.54427 0 8.37500 -13.37500 60.09829 0.11398 -13
-1.93404 -0.09998 10.96976 0 2.92500 59.52500 5.05830 0.21941 13
0.83290 -0.09788 42.41253 0 2.92500 -26.25000 32.65290 0.13142 13
1.24306 0.13690 83.70230 0 -4.12500 -38.45000 52.76151 0.16124 -13
1.27330 -0.26243 83.70230 0 7.92500 -39.35000 52.76151 0.16518 -13
-0.95079 -0.24786 52.89251 0 7.50000 27.92500 38.86975 0.14119 -13
0.53162 -0.11472 18.95394 0 3.47500 -16.50000 16.75927 0.11465 -13
0.58058 -0.12793 18.27524 0 3.90000 -19.30000 15.83700 0.11717 -13
0.25430 0.00945 78.26558 0 -0.30000 -7.67500 75.85149 0.10391 13
-0.14896 0.02736 56.16875 0 -0.82500 3.77500 55.55624 0.10185 13
-1.30770 0.09950 98.29372 0 -3.00000 39.05000 59.89324 0.16608 -13
-0.28731 -0.14514 99.68809 0 4.37500 8.85000 95.88776 0.10579 -13
0.45170 -0.01634 97.04138 0 0.50000 -12.75000 88.43979 0.11051 -13
0.94917 0.04834 27.10286 0 -1.42500 -29.47500 19.66845 0.13893 -13
-0.34704 -0.16392 32.61851 0 4.95000 10.65000 30.85911 0.10787 -13
-0.62126 0.14741 12.78591 0 -4.40000 16.20000 10.89304 0.11945 -13
-0.63379 -0.25136 12.78591 0 7.62500 16.60000 10.89304 0.12193 -13
0.01015 -0.19391 12.05760 0 5.80000 -0.75000 12.05700 0.10256 13
0.27353 -0.04546 68.64057 0 1.37500 -9.72500 66.21320 0.10450 -13
-0.65491 -0.12149 89.70328 0 3.65000 20.85000 75.20734 0.12099 13
0.96887 -0.15298 51.37108 0 4.62500 -27.72500 37.10080 0.14107 -13
1.28280 0.09005 27.12865 0 -2.67500 -38.82500 16.72056 0.16403 -13
-0.30730 -0.24913 4.90773 0 7.40000 6.57500 4.70313 0.10823 13
-1.63624 0.09093 75.17374 0 -2.72500 51.60000 39.31847 0.19332 -13
-1.63218 0.00382 68.34698 0 -0.12500 51.72500 35.70600 0.19276 13
1.33934 0.00434 11.93124 0 -0.07500 -39.77500 7.13806 0.16833 -13
-0.25050 0.10745 7.26014 0 -3.17500 6.25000 7.04480 0.10436 -13
0.01218 0.02525 55.06551 0 -0.75000 -0.40000 55.06143 0.10074 -13
0.80877 -0.08732 92.54758 0 2.65000 -23.80000 72.06628 0.12982 -13
-0.24454 0.04224 40.47033 0 -1.25000 5.65000 39.31396 0.10376 -13
-0.16733 -0.23956 80.95521 0 7.22500 5.92500 79.90414 0.10492 -13
0.19105 0.06119 10.57142 0 -1.90000 -4.15000 10.38426 0.10273 13
0.05404 0.02333 59.51475 0 -0.72500 -2.70000 59.42812 0.10088 13
-0.30072 -0.21980 27.86752 0 6.60000 7.35000 26.73806 0.10745 13
0.91644 -0.21883 54.74327 0 6.60000 -26.97500 40.78617 0.13835 13
0.24019 0.02638 74.50803 0 -0.80000 -6.25000 72.44892 0.10360 13
0.10552 -0.08191 61.10876 0 2.47500 -3.22500 60.77364 0.10159 13
-0.71215 -0.05815 5.41858 0 1.87500 20.97500 4.41618 0.12382 -13
1.02564 0.02359 7.74128 0 -0.62500 -32.92500 5.40488 0.14427 -13
1.23650 -0.20512 35.71528 0 6.17500 -38.97500 22.73799 0.16145 13
0.18435 -0.08136 75.49153 0 2.45000 -6.17500 74.24867 0.10273 13
-0.32005 -0.02878 37.02575 0 0.85000 9.62500 35.26501 0.10578 13
-1.13827 -0.15612 78.44183 0 4.72500 34.65000 52.12269 0.15340 -13
-0.84530 -0.09646 67.59094 0 2.90000 26.17500 51.71911 0.13222 13
1.15528 -0.09004 44.33283 0 2.70000 -34.37500 29.08185 0.15413 13
0.18546 0.10185 11.60521 0 -3.02500 -6.92500 11.41261 0.10292 -13
0.18812 -0.13891 63.69778 0 4.20000 -5.45000 62.62015 0.10342 -13
-1.42958 -0.23470 22.04717 0 7.05000 41.95000 12.86539 0.17719 13
1.69949 -0.24489 12.33045 0 7.47500 -51.65000 6.38927 0.20022 -13
-0.45417 -0.16938 90.27344 0 5.12500 14.55000 82.39058 0.11191 -13
-0.32088 -0.10670 26.66660 0 3.22500 7.85000 25.40490 0.10632 -13
0.36360 -0.17680 10.02397 0 5.37500 -10.40000 9.43716 0.10866 -13
-0.89470 0.03052 40.94887 0 -0.92500 28.05000 30.52390 0.13516 13
-0.74122 0.10368 90.92160 0 -3.12500 22.32500 73.18281 0.12578 -13
-0.46051 0.07795 87.45867 0 -2.35000 14.20000 79.48200 0.11115 13
-0.14494 0.09197 60.40467 0 -2.77500 2.75000 59.78517 0.10218 13
-0.05934 0.08426 19.64319 0 -2.52500 2.72500 19.60890 0.10123 -13
1.56983 -0.15172 2.28674 0 4.15000 -48.35000 1.23926 0.18778 13
-1.10023 -0.09934 6.67868 0 3.10000 31.82500 4.50423 0.15012 -13
1.44527 0.13725 67.77698 0 -4.12500 -44.50000 38.80693 0.17752 -13
1.48023 -0.26204 67.77698 0 7.92500 -45.55000 38.80693 0.18184 -13
0.62469 0.15048 15.68159 0 -4.50000 -17.67500 13.34147 0.11952 -13
0.63645 -0.24820 15.68159 0 7.52500 -18.05000 13.34147 0.12200 -13
-0.83947 -0.13495 39.72171 0 4.05000 28.50000 30.53651 0.13217 13
0.57446 0.08856 56.14183 0 -2.67500 -18.97500 48.72841 0.11647 -13
0.87175 0.02179 68.43632 0 -0.65000 -28.15000 51.59192 0.13361 -13
-0.49644 -0.06842 14.47643 0 2.02500 16.45000 12.97252 0.11263 13
-1.77444 -0.22632 76.03396 0 6.85000 50.75000 38.03989 0.20640 -13
0.06027 -0.13071 69.27211 0 3.92500 -2.72500 69.14870 0.10174 13
-0.58627 -0.20851 2.64796 0 6.52500 19.12500 2.29682 0.11887 -13
0.75915 -0.20312 81.26799 0 6.12500 -21.27500 65.20341 0.12807 13
1.02823 -0.16562 74.28370 0 4.97500 -29.67500 52.14902 0.14539 13
1.14350 -0.20087 28.74898 0 6.07500 -34.37500 19.13715 0.15433 -13
-0.04502 0.05541 62.10981 0 -1.67500 0.25000 62.04719 0.10096 13
-0.40461 -0.03073 63.77546 0 0.92500 12.37500 59.12340 0.10868 -13
0.10751 -0.17910 48.60032 0 5.42500 -2.10000 48.33040 0.10288 -13
-1.78776 -0.04261 43.78273 0 1.25000 53.30000 21.38872 0.20632 13
0.40042 -0.16185 10.42902 0 4.92500 -11.25000 9.69874 0.10973 -13
1.19518 -0.22637 83.25715 0 6.82500 -36.32500 54.20972 0.15859 -13
0.20896 0.13365 41.97138 0 -4.02500 -5.75000 41.09913 0.10375 -13
0.21431 -0.26582 41.97138 0 8.02500 -5.90000 41.09913 0.10642 -13
0.58469 -0.01276 88.62082 0 0.37500 -20.35000 76.50540 0.11666 13
0.99546 -0.06410 10.31883 0 1.87500 -27.90000 7.32039 0.14223 13
-0.55231 -0.00249 85.64945 0 0.07500 16.42500 74.97413 0.11504 -13
0.35528 -0.22252 87.66499 0 6.70000 -8.85000 82.82562 0.10919 13
-0.20056 -0.12552 86.32369 0 3.77500 5.65000 84.66347 0.10348 13
-0.06503 -0.06388 39.62275 0 1.95000 0.85000 39.53961 0.10112 -13
1.44309 0.07468 15.11188 0 -2.20000 -40.02500 8.62387 0.17693 -13
0.52318 -0.01668 85.55696 0 0.50000 -13.47500 75.81083 0.11366 13
1.93056 0.11765 38.52726 0 -3.57500 -57.85000 17.81635 0.21930 13
1.99244 -0.28289 38.52726 0 8.50000 -59.67500 17.81635 0.22598 13
0.32856 -0.06047 5.42334 0 1.72500 -12.97500 5.15322 0.10617 13
1.48266 -0.14407 67.70329 0 4.35000 -45.30000 38.12440 0.18070 -13
-0.45453 -0.04235 11.02009 0 1.22500 12.92500 10.03396 0.11070 13
0.03482 -0.11992 77.27410 0 3.62500 0.65000 77.22795 0.10149 -13
-0.69699 -0.22033 83.23895 0 6.65000 22.27500 68.81169 0.12474 -13
0.06765 -0.18219 6.29924 0 5.42500 -2.85000 6.28532 0.10256 13
1.40010 -0.16812 33.76967 0 5.10000 -41.02500 19.80802 0.17412 -13
1.45047 -0.23859 35.27220 0 7.22500 -42.87500 20.39700 0.17906 -13
1.59975 -0.01372 61.91125 0 0.40000 -49.20000 32.81894 0.18999 13
1.15801 0.13794 73.39763 0 -4.15000 -36.37500 48.23001 0.15470 -13
1.18569 -0.26132 73.39763 0 7.90000 -37.20000 48.23001 0.15841 -13
0.25681 0.09913 86.72823 0 -3.00000 -9.90000 84.02767 0.10445 13
-1.86984 -0.15033 96.12678 0 4.55000 56.62500 45.72816 0.21408 -13
0.24659 0.08225 75.99068 0 -2.47500 -7.70000 73.79480 0.10405 -13
-0.61938 -0.00356 84.20725 0 0.10000 18.60000 71.58789 0.11845 13
0.08233 -0.19899 38.70762 0 6.00000 -0.72500 38.58204 0.10300 13
0.14857 0.11320 87.82397 0 -3.42500 -1.37500 86.88226 0.10245 13
0.44267 -0.20344 21.33745 0 6.17500 -13.97500 19.57506 0.11204 -13
1.65443 0.06665 88.77766 0 -2.00000 -48.47500 45.99806 0.19479 -13
-0.24592 -0.01767 57.59279 0 0.55000 7.00000 55.92699 0.10372 -13
0.07317 -0.14065 37.02484 0 4.25000 1.10000 36.92805 0.10196 -13
-0.38221 0.11593 12.08069 0 -3.55000 9.75000 11.29432 0.10846 13
-1.58477 0.08138 54.78789 0 -2.47500 45.60000 29.30561 0.18890 13
-0.38453 -0.02508 39.90318 0 0.75000 14.12500 37.24605 0.10792 13
-0.82510 0.07160 61.33825 0 -2.17500 26.37500 47.36134 0.13076 13
0.15389 0.05012 97.04138 0 -1.50000 -5.60000 95.91517 0.10201 -13
0.01672 -0.20381 61.03636 0 6.15000 2.00000 61.02817 0.10279 -13
1.25660 -0.12958 6.13862 0 3.77500 -38.00000 3.84115 0.16222 13
-0.63224 0.08849 8.44790 0 -2.60000 21.42500 7.14849 0.11945 -13
0.74811 -0.04716 99.25447 0 1.42500 -24.85000 79.50716 0.12586 -13
1.38216 -0.11231 96.92155 0 3.37500 -40.37500 57.04725 0.17216 13
-0.80788 -0.10409 74.13772 0 3.15000 22.97500 57.79198 0.12989 -13
0.09129 -0.10713 47.40404 0 3.25000 -2.82500 47.20989 0.10170 -13
-0.32411 0.06804 63.73502 0 -2.05000 9.25000 60.64327 0.10608 -13
0.53587 0.13962 69.41789 0 -4.22500 -16.22500 61.31787 0.11512 13
0.54831 -0.25959 69.41789 0 7.82500 -16.60000 61.31787 0.11778 13
0.04891 0.11227 67.65847 0 -3.40000 -1.42500 67.57870 0.10146 13
-0.45155 -0.23174 99.68140 0 7.00000 12.62500 91.24341 0.11294 -13
-0.48195 -0.03978 84.17481 0 1.20000 13.85000 75.83917 0.11186 13
-0.32062 0.08863 33.39866 0 -2.65000 7.30000 31.81542 0.10612 -13
0.85020 -0.22780 57.63329 0 6.85000 -26.17500 44.37030 0.13414 13
0.52726 -0.05171 79.32971 0 1.55000 -13.30000 70.19332 0.11396 13
0.15986 -0.16849 58.43276 0 5.07500 -2.95000 57.72009 0.10338 13
-1.14146 0.11195 38.10311 0 -3.40000 33.52500 25.19669 0.15325 13
-0.96861 -0.17752 61.37218 0 5.35000 31.75000 44.41238 0.14133 13
0.09588 -0.23900 16.32368 0 7.17500 -3.80000 16.25333 0.10396 13
0.56792 0.13494 18.37836 0 -4.05000 -16.45000 16.01597 0.11659 -13
0.58220 -0.26446 18.37836 0 8.00000 -16.87500 16.01597 0.11956 -13
-0.82463 0.07966 79.86751 0 -2.40000 24.12500 61.69764 0.13078 13
-1.26056 -0.17303 50.52081 0 5.20000 34.70000 31.68224 0.16295 13
1.71210 0.11344 73.77866 0 -3.40000 -51.85000 37.38684 0.19999 -13
1.70048 -0.11749 95.23732 0 3.52500 -50.30000 48.52400 0.19901 13
-0.04007 -0.00602 95.79703 0 0.17500 1.55000 95.72021 0.10078 -13
1.37038 -0.07176 39.30037 0 2.15000 -40.30000 23.20483 0.17098 13
1.21206 -0.03520 8.57024 0 0.97500 -34.60000 5.45585 0.15828 13
0.12749 0.13203 56.67833 0 -4.00000 -4.32500 56.23096 0.10239 13
0.13084 -0.26756 56.67833 0 8.07500 -4.42500 56.23096 0.10507 13
-0.09368 -0.01109 91.73493 0 0.32500 3.02500 91.33505 0.10115 13
1.80914 0.03937 17.30175 0 -1.12500 -57.05000 8.37500 0.20820 -13
0.44672 0.04100 4.04306 0 -1.10000 -13.42500 3.69197 0.11039 -13
1.01086 -0.03454 17.66931 0 1.00000 -29.87500 12.42988 0.14323 13
-0.59280 0.03733 74.47597 0 -1.12500 18.17500 64.07680 0.11713 13
-0.27583 0.06811 47.01080 0 -2.07500 10.10000 45.32571 0.10469 13
-0.08913 0.05533 68.42803 0 -1.65000 1.92500 68.15869 0.10125 -13
-0.68059 -0.19388 44.67168 0 5.87500 24.15000 37.14374 0.12338 -13
0.17224 -0.14990 90.66109 0 4.52500 -4.60000 89.37371 0.10330 -13
1.92392 -0.00729 13.28524 0 0.30000 -58.90000 6.12716 0.21837 -13
0.54476 0.04400 60.18667 0 -1.32500 -16.97500 52.86468 0.11476 -13
0.52562 0.10123 52.39351 0 -3.07500 -17.40000 46.42808 0.11423 13
-0.16884 0.00522 19.52984 0 -0.17500 3.02500 19.25733 0.10213 13
0.06775 0.09628 19.27614 0 -2.87500 -3.47500 19.23248 0.10139 -13
0.77191 -0.10091 82.19096 0 3.05000 -25.70000 65.18494 0.12762 -13
0.92642 -0.03404 44.67091 0 1.00000 -27.82500 32.77820 0.13732 13
1.70894 -0.16369 68.72937 0 4.95000 -50.70000 35.05433 0.20009 -13
-0.84619 -0.16312 28.95174 0 4.95000 26.05000 22.22175 0.13295 -13
-0.52318 -0.08099 89.07348 0 2.45000 16.82500 78.98005 0.11395 -13
-0.08882 -0.22380 12.74159 0 6.70000 4.57500 12.69395 0.10356 13
0.19532 -0.00677 75.99231 0 0.20000 -4.50000 74.58293 0.10261 -13
0.34184 -0.11194 7.30404 0 3.30000 -11.60000 6.91581 0.10701 13
-1.86224 -0.15075 82.47904 0 4.55000 58.40000 39.36127 0.21341 -13
-1.32899 -0.20999 31.93401 0 6.30000 42.62500 19.46399 0.16879 13
0.42766 -0.06099 90.99429 0 1.85000 -14.72500 83.68867 0.10970 -13
0.51218 0.03570 63.06276 0 -1.07500 -15.40000 56.13621 0.11320 -13
-1.98409 0.13275 47.16167 0 -3.97500 63.20000 21.37446 0.22413 -13
-2.03568 -0.26676 47.16167 0 8.07500 64.77500 21.37446 0.23002 -13
-0.69482 -0.17724 75.90752 0 5.32500 20.95000 62.64839 0.12390 13
1.76317 -0.17104 71.92621 0 5.17500 -54.25000 35.87111 0.20487 -13
2.02125 0.04555 83.99096 0 -1.40000 -60.15000 37.27734 0.22714 13
-0.64418 -0.21166 98.71235 0 6.37500 18.75000 83.51168 0.12166 13
-0.21689 0.01826 60.07578 0 -0.55000 7.47500 58.71116 0.10306 13
0.12903 -0.05123 77.99826 0 1.55000 -4.35000 77.35861 0.10167 -13
-0.78041 -0.07244 1.13726 0 1.60000 25.05000 0.89663 0.12846 13
-1.00952 -0.18670 8.45278 0 5.72500 30.05000 5.99938 0.14442 -13
1.03022 -0.03198 26.80738 0 1.00000 -29.92500 18.67620 0.14462 -13
-0.46303 0.08853 56.17947 0 -2.67500 10.55000 51.01483 0.11133 13
-1.48777 0.07937 23.69944 0 -2.35000 43.60000 13.24960 0.18068 -13
-0.61752 -0.12303 15.07027 0 3.67500 17.87500 12.84848 0.11899 13
2.11853 -0.06038 37.28299 0 1.80000 -62.22500 15.93742 0.23599 13
-0.16780 -0.00577 25.44239 0 0.20000 6.02500 25.09165 0.10211 -13
1.61640 0.12236 75.54499 0 -3.70000 -49.42500 39.95911 0.19181 13
1.66519 -0.27781 75.54499 0 8.37500 -50.87500 39.95911 0.19757 13
1.29667 -0.15467 57.46668 0 4.65000 -37.87500 35.35426 0.16562 13
-0.66673 -0.18381 65.32527 0 5.55000 22.40000 54.62744 0.12245 -13
0.03369 0.13515 23.37440 0 -4.10000 1.47500 23.36137 0.10169 13
0.03453 -0.26428 23.37440 0 7.95000 1.45000 23.36137 0.10420 13
-1.93238 -0.17112 39.40633 0 5.12500 57.50000 18.31708 0.21976 13
0.16863 0.13655 15.06478 0 -4.15000 -3.17500 14.85881 0.10306 13
0.17272 -0.26286 15.06478 0 7.90000 -3.30000 14.85881 0.10554 13
-0.25694 -0.18206 55.53957 0 5.47500 7.35000 53.84573 0.10558 13
1.63909 -0.01574 12.80927 0 0.55000 -46.47500 6.67254 0.19336 -13
1.68743 0.12631 60.69806 0 -3.82500 -51.50000 31.12700 0.19795 13
1.73565 -0.27362 60.69806 0 8.22500 -52.95000 31.12700 0.20356 13
1.64608 -0.23407 15.92894 0 7.12500 -50.62500 8.43215 0.19546 -13
-0.19758 -0.11445 35.71200 0 3.47500 4.60000 35.04315 0.10330 -13
0.36292 0.03127 47.05720 0 -0.92500 -10.42500 44.23666 0.10718 -13
-1.71011 0.00446 82.65192 0 -0.12500 53.47500 41.72177 0.19949 -13
1.37227 -0.07992 19.50992 0 2.37500 -41.25000 11.51327 0.17117 13
-0.45331 0.07510 83.40963 0 -2.27500 11.05000 76.00471 0.11082 13
1.34646 -0.19342 79.77361 0 5.85000 -40.42500 48.12747 0.17002 -13
1.97875 -0.03528 80.02549 0 1.05000 -58.75000 36.11291 0.22329 13
-1.23197 0.13594 43.54426 0 -4.12500 38.22500 27.59415 0.16038 13
-1.26244 -0.26346 43.54426 0 7.92500 39.12500 27.59415 0.16431 13
-1.39494 -0.17217 2.17087 0 4.77500 40.75000 1.27708 0.17352 13
0.46334 -0.10965 69.41146 0 3.32500 -15.97500 63.04578 0.11153 -13
0.80947 -0.15288 74.28809 0 4.62500 -24.87500 58.00467 0.13048 -13
0.38366 -0.23571 97.36520 0 7.12500 -9.15000 91.21299 0.11045 -13
-0.70629 0.04998 17.20779 0 -1.47500 20.95000 14.06122 0.12339 -13
0.50701 -0.18728 14.68104 0 5.70000 -17.30000 13.13954 0.11450 -13
0.06340 -0.11780 85.71215 0 3.55000 0.85000 85.54276 0.10160 -13
1.73274 -0.23548 32.48316 0 7.12500 -51.55000 16.56607 0.20291 -13
0.20542 0.00216 43.64409 0 -0.07500 -6.25000 42.75125 0.10281 13
1.05095 -0.03181 49.18472 0 0.97500 -30.40000 33.91274 0.14613 -13
0.31408 0.07025 35.59673 0 -2.10000 -10.85000 33.96851 0.10579 -13
-0.40961 -0.05891 96.13995 0 1.77500 9.82500 88.98768 0.10899 -13
0.17506 -0.08278 71.43302 0 2.50000 -5.47500 70.37014 0.10257 -13
0.22870 0.02713 60.21808 0 -0.80000 -7.17500 58.70354 0.10334 -13
0.06636 -0.23708 63.53315 0 7.15000 -4.12500 63.40107 0.10372 -13
0.20330 0.14274 55.53448 0 -4.30000 -5.55000 54.44283 0.10376 -13
0.20776 -0.25630 55.53448 0 7.75000 -5.67500 54.44283 0.10605 -13
0.03555 -0.18058 37.93782 0 5.45000 -4.02500 37.91464 0.10240 -13
-0.05629 -0.13106 17.97234 0 3.92500 2.35000 17.94440 0.10171 13
0.52687 -0.17441 95.59531 0 5.25000 -17.10000 84.84710 0.11517 13
-0.77188 -0.10013 57.55187 0 3.02500 23.92500 45.64310 0.12762 -13
0.43059 -0.10257 32.86867 0 3.07500 -13.22500 30.21364 0.11012 13
-0.92101 -0.02302 73.79433 0 0.67500 31.12500 54.28803 0.13693 13
0.56558 -0.16481 32.50034 0 4.95000 -14.57500 28.38027 0.11687 13
-0.89113 -0.06358 84.58947 0 1.90000 28.52500 63.20866 0.13503 13
-0.02527 -0.09873 41.32100 0 2.97500 -0.62500 41.30792 0.10122 13
0.16757 -0.00491 54.07875 0 0.15000 -5.92500 53.33513 0.10211 13
-1.24659 -0.10858 82.69152 0 3.27500 37.72500 51.92706 0.16132 -13
-0.63312 0.00790 33.81940 0 -0.22500 18.47500 28.57433 0.11919 -13
0.59485 0.02039 65.53487 0 -0.62500 -17.82500 56.32633 0.11719 13
-0.68686 -0.21773 93.36608 0 6.57500 21.95000 77.52441 0.12411 13
0.30373 0.08068 63.87175 0 -2.45000 -6.40000 61.13142 0.10556 13
1.39117 -0.04381 32.34584 0 1.30000 -40.55000 18.89115 0.17259 13
0.02115 0.07231 77.71916 0 -2.17500 -2.45000 77.70188 0.10099 13
1.32084 -0.04554 48.97695 0 1.35000 -41.70000 29.58227 0.16690 13
0.52246 -0.14646 11.43832 0 4.37500 -14.92500 10.16087 0.11455 13
0.71277 -0.07665 88.53316 0 2.32500 -23.37500 72.16491 0.12391 -13
-1.24103 -0.09540 97.21618 0 2.87500 37.42500 61.16467 0.16079 -13
-1.66469 -0.14645 15.43494 0 4.35000 48.25000 8.00927 0.19608 13
0.73271 -0.07729 63.44952 0 2.35000 -20.40000 51.23405 0.12509 -13
1.13215 -0.14814 26.81046 0 4.45000 -36.10000 17.85634 0.15283 13
-1.20086 -0.23681 48.29867 0 7.15000 37.50000 31.40332 0.15919 -13
-0.54021 0.12881 64.64744 0 -3.90000 16.05000 56.98388 0.11519 13
-0.55510 -0.27096 64.64744 0 8.17500 16.50000 56.98388 0.11836 13
0.71509 -0.03161 95.47010 0 0.95000 -21.87500 77.67083 0.12383 -13
-0.21644 -0.24460 89.44445 0 7.37500 7.45000 87.53091 0.10593 13
-0.27633 -0.03144 51.75849 0 0.92500 10.05000 49.89050 0.10453 13
1.18061 -0.06804 88.56514 0 2.05000 -36.15000 57.31838 0.15596 13
-0.33733 -0.15544 37.68671 0 4.70000 10.40000 35.75284 0.10743 -13
0.58016 -0.14648 9.07833 0 4.47500 -17.25000 7.87332 0.11740 -13
-0.28069 -0.05744 28.69828 0 1.72500 8.20000 27.63371 0.10475 13
0.94304 -0.03007 73.79996 0 0.92500 -28.37500 53.70258 0.13845 -13
-0.40088 -0.20086 20.37515 0 6.07500 13.87500 18.96309 0.11038 -13
-0.72688 -0.07886 60.83231 0 2.40000 22.65000 49.25952 0.12476 -13
0.24448 0.13225 42.65807 0 -3.97500 -7.60000 41.45800 0.10452 -13
0.25088 -0.26732 42.65807 0 8.07500 -7.80000 41.45800 0.10727 -13
0.53874 -0.20953 14.26744 0 6.27500 -15.05000 12.62063 0.11629 13
0.56651 0.00516 2.88987 0 -0.35000 -16.25000 2.51445 0.11583 13
-0.51271 -0.02618 47.93599 0 0.80000 17.15000 42.65940 0.11319 -13
1.54733 -0.20414 41.24677 0 6.17500 -43.67500 22.71141 0.18669 -13
-1.38465 0.14956 19.49263 0 -4.47500 42.05000 11.49620 0.17261 -13
-1.41127 -0.24911 19.49263 0 7.57500 42.87500 11.49620 0.17604 -13
-1.77609 -0.05782 51.39392 0 1.72500 53.30000 25.24641 0.20534 13
-0.36729 -0.18191 31.10958 0 5.47500 9.52500 29.25790 0.10882 13
0.40538 -0.06712 29.03493 0 2.05000 -8.47500 26.91671 0.10888 -13
-0.28054 -0.20183 73.67230 0 6.10000 7.85000 71.03540 0.10655 -13
-0.02005 -0.23033 9.79685 0 6.90000 -1.40000 9.79497 0.10332 13
0.56890 0.10417 8.30470 0 -3.07500 -19.87500 7.22752 0.11633 -13
-1.23865 -0.07666 12.74940 0 2.37500 38.82500 8.02351 0.16052 -13
0.18934 -0.01618 27.28864 0 0.50000 -5.50000 26.81241 0.10251 -13
-0.18819 0.02463 53.98499 0 -0.72500 3.47500 53.05432 0.10250 -13
0.74313 -0.13669 30.91954 0 4.15000 -23.52500 24.89854 0.12623 -13
-0.36450 -0.07726 82.89881 0 2.32500 10.52500 77.91312 0.10747 13
-0.19831 -0.19739 20.64913 0 5.97500 8.82500 20.26917 0.10459 -13
-0.35619 -0.05860 48.25816 0 1.75000 10.80000 45.46902 0.10707 13
0.75300 0.05738 24.36157 0 -1.70000 -22.82500 19.47283 0.12618 -13
0.58213 0.11801 24.30716 0 -3.52500 -16.35000 21.04375 0.11712 -13
-0.72399 -0.19978 13.77187 0 6.07500 21.72500 11.22994 0.12598 -13
0.68013 -0.19749 55.02724 0 5.95000 -18.10000 45.77231 0.12339 13
-0.06877 -0.07036 62.26841 0 2.12500 0.80000 62.12238 0.10118 13
0.23550 -0.07184 73.27331 0 2.15000 -8.20000 71.33193 0.10371 13
-0.91269 -0.09717 20.63382 0 2.90000 23.30000 15.27270 0.13668 13
-0.95996 0.03921 92.24630 0 -1.20000 30.67500 66.57154 0.13965 13
-1.67999 0.09684 4.42175 0 -2.70000 50.37500 2.26982 0.19702 -13
-1.72268 -0.16495 85.97573 0 4.97500 51.10000 43.59639 0.20126 13
0.96718 0.15076 12.94341 0 -4.50000 -26.42500 9.35296 0.14090 -13
0.98518 -0.24791 12.94341 0 7.52500 -27.00000 9.35296 0.14365 -13
0.60450 0.00534 60.33750 0 -0.17500 -19.77500 51.63627 0.11767 13
0.89837 -0.18525 53.21294 0 5.60000 -28.77500 39.88175 0.13666 -13
-1.11931 -0.15259 44.35481 0 4.62500 35.52500 29.74064 0.15194 -13
-1.12816 -0.13139 59.96269 0 3.97500 32.47500 39.96491 0.15239 -13
-1.10144 0.03623 80.68475 0 -1.07500 31.62500 54.25510 0.14986 -13
0.18981 0.14939 25.35623 0 -4.50000 -5.40000 24.92076 0.10359 -13
0.19344 -0.24938 25.35623 0 7.55000 -5.52500 24.92076 0.10561 -13
0.19424 0.03883 94.83800 0 -1.17500 -7.00000 93.10059 0.10266 -13
-1.53943 -0.22416 13.96316 0 6.82500 46.30000 7.73815 0.18632 -13
-0.48275 0.01027 94.71766 0 -0.30000 16.47500 85.29911 0.11183 -13
1.06991 0.02432 81.77132 0 -0.75000 -33.85000 55.84523 0.14750 13
0.12861 -0.04850 70.07936 0 1.47500 -2.75000 69.50817 0.10165 -13
-0.25663 0.08289 34.74592 0 -2.47500 6.75000 33.66237 0.10430 -13
0.51951 -0.10365 46.74893 0 3.12500 -19.35000 41.53158 0.11396 13
2.11493 0.03489 36.86133 0 -1.07500 -64.70000 15.76429 0.23562 13
0.88408 0.02958 21.54929 0 -0.92500 -25.52500 16.14772 0.13446 13
-0.20318 0.00025 94.36820 0 -0.00000 6.25000 92.47858 0.10276 13
-0.09529 -0.12952 17.88850 0 3.92500 5.07500 17.80914 0.10201 -13
0.10138 -0.06863 32.22605 0 2.05000 -1.12500 32.06245 0.10145 13
1.52993 -0.00914 56.89206 0 0.25000 -45.82500 31.12779 0.18406 13
0.62571 -0.17748 11.26925 0 5.40000 -18.60000 9.59436 0.12018 -13
0.14593 -0.08472 74.50344 0 2.55000 -6.65000 73.72806 0.10213 -13
-0.87978 -0.16375 33.96050 0 4.95000 26.00000 25.64393 0.13515 -13
-0.01772 -0.12928 68.64155 0 3.90000 0.60000 68.63096 0.10155 13
1.29235 0.01316 98.70895 0 -0.40000 -40.77500 60.41028 0.16456 -13
-0.47035 -0.24489 71.98411 0 7.40000 12.67500 65.47493 0.11399 -13
-0.44101 -0.24386 58.64255 0 7.37500 11.55000 53.90300 0.11277 -13
-0.76223 -0.17603 48.90638 0 5.30000 25.27500 39.11230 0.12785 13
0.16197 -0.14396 45.31942 0 4.35000 -4.17500 44.74796 0.10305 -13
-1.41326 0.05443 42.88530 0 -1.65000 44.77500 24.79496 0.17445 13
0.90853 0.10834 60.58590 0 -3.27500 -27.27500 44.96054 0.13650 13
1.54537 -0.24677 93.95084 0 7.42500 -47.70000 52.10656 0.18700 13
0.01774 -0.20240 96.07942 0 6.10000 1.27500 96.06491 0.10276 13
-0.03386 -0.04568 7.58593 0 1.32500 1.25000 7.58160 0.10086 13
-1.09179 -0.16242 9.10402 0 4.97500 31.32500 6.19281 0.15000 -13
-7.64521 3.94648 9.10402 0 4.97500 31.35000 6.19281 0.15020 -13
0.68399 -0.05743 91.45480 0 1.72500 -19.52500 75.52576 0.12214 13
0.95667 -0.23197 53.25374 0 7.00000 -29.95000 38.95875 0.14132 -13
-0.47445 -0.12855 69.94699 0 3.87500 15.20000 63.28940 0.11222 -13
-1.36546 -0.02436 12.99813 0 0.80000 41.97500 7.68162 0.17047 -13
-1.64916 -0.22664 94.78672 0 6.82500 47.20000 50.04763 0.19555 13
-0.22812 -0.04171 23.11262 0 1.27500 6.25000 22.53472 0.10338 -13
-0.30657 -0.08547 73.41858 0 2.57500 11.00000 70.21597 0.10568 -13
-0.11558 -0.05592 58.22954 0 1.67500 4.37500 57.84563 0.10153 13
1.15959 0.14264 97.35353 0 -4.30000 -35.27500 63.94563 0.15486 -13
1.18513 -0.25642 97.35353 0 7.75000 -36.05000 63.94563 0.15829 -13
-0.33655 -0.03822 72.19935 0 1.15000 9.92500 68.43290 0.10632 13
0.60857 -0.23553 26.48435 0 7.12500 -18.67500 22.78701 0.12027 -13
-0.01924 -0.13683 56.21927 0 4.12500 2.22500 56.20905 0.10167 -13
-0.14179 -0.16886 5.26122 0 5.00000 2.77500 5.21050 0.10309 13
-1.52013 0.09740 36.84015 0 -2.92500 45.45000 20.31383 0.18348 -13
-0.65637 -0.02674 26.14414 0 0.82500 19.10000 21.85886 0.12049 -13
-0.30802 0.06386 37.91512 0 -1.95000 9.62500 36.24151 0.10557 13
-1.61071 -0.07689 54.91268 0 2.32500 49.92500 29.02588 0.19109 -13
0.20193 -0.08223 2.70273 0 2.30000 -2.75000 2.64968 0.10310 13
0.34104 -0.07430 63.58554 0 2.22500 -9.15000 60.19932 0.10666 13
-0.64485 -0.19165 30.94474 0 5.80000 17.22500 26.14290 0.12139 -13
-0.05251 -0.07761 55.64920 0 2.35000 1.85000 55.57310 0.10115 -13
0.36646 0.02314 86.39125 0 -0.70000 -13.22500 81.11864 0.10728 -13
0.13702 -0.11551 97.69162 0 3.47500 -3.62500 96.79913 0.10230 13
-0.35487 -0.14160 46.34076 0 4.27500 11.65000 43.72067 0.10781 -13
0.88986 0.06659 70.91676 0 -2.00000 -26.72500 53.03056 0.13497 -13
-1.09102 -0.02344 47.05863 0 0.70000 35.75000 31.80177 0.14905 13
-0.52226 -0.15138 72.72338 0 4.55000 16.15000 64.61689 0.11462 13
-0.14098 0.01621 83.35994 0 -0.50000 7.70000 82.54388 0.10171 13
-0.79167 -0.03418 29.75907 0 1.00000 26.05000 23.33785 0.12848 13
-0.68833 0.05292 72.31310 0 -1.60000 19.20000 59.59233 0.12238 -13
0.10415 -0.07375 98.14826 0 2.22500 -3.95000 97.62300 0.10152 -13
0.13049 0.06787 50.73642 0 -2.05000 -2.25000 50.31180 0.10178 -13
-0.14111 -0.05643 23.37638 0 1.72500 2.80000 23.14777 0.10187 -13
-0.12874 -0.12221 13.38974 0 3.72500 2.87500 13.28168 0.10229 -13
0.62176 -0.24815 54.12452 0 7.50000 -17.15000 46.34075 0.12120 -13
0.84033 -0.02645 35.88564 0 0.82500 -26.65000 27.47743 0.13157 -13
-0.20866 -0.14076 59.44410 0 4.25000 5.30000 58.21443 0.10385 -13
-1.73941 -0.22890 32.29944 0 6.87500 50.10000 16.40900 0.20331 13
-1.10333 -0.16354 25.80896 0 4.95000 30.65000 17.45728 0.15088 -13
-0.85272 -0.19151 80.00253 0 5.77500 26.45000 61.33377 0.13375 -13
-1.41897 0.06634 5.81283 0 -1.85000 41.60000 3.35318 0.17493 -13
0.25638 0.02955 50.92789 0 -0.90000 -6.07500 49.33374 0.10400 13
-1.43724 -0.13145 24.45304 0 3.92500 45.25000 14.04589 0.17680 13
0.32403 -0.09034 92.30426 0 2.72500 -10.47500 87.84254 0.10626 13
-0.50095 0.06997 61.76824 0 -2.12500 17.05000 55.25305 0.11286 13
0.77323 -0.14644 39.40394 0 4.40000 -25.02500 31.29543 0.12814 13
-0.49353 0.04180 61.44031 0 -1.25000 15.90000 55.10510 0.11238 -13
0.76602 -0.09189 43.43348 0 2.75000 -21.77500 34.53359 0.12719 13
0.18900 -0.11755 84.73207 0 3.55000 -5.82500 83.27782 0.10317 13
0.36164 -0.14149 87.53236 0 4.27500 -10.15000 82.40880 0.10803 -13
-0.99149 -0.05930 70.29971 0 1.80000 28.97500 49.96501 0.14194 -13
0.19692 -0.02375 27.76636 0 0.70000 -8.07500 27.24347 0.10266 13
0.69266 -0.18385 38.68210 0 5.55000 -22.32500 31.96866 0.12390 -13
0.41909 -0.16808 70.98085 0 5.07500 -16.22500 65.59917 0.11050 -13
-0.93528 -0.14990 32.60224 0 4.50000 28.87500 23.93449 0.13869 13
1.61938 -0.19998 6.36737 0 6.17500 -49.00000 3.39329 0.19292 -13
-1.10043 -0.11622 97.29611 0 3.50000 34.02500 65.67453 0.15019 13
-0.30563 0.11785 37.57123 0 -3.55000 7.85000 35.95179 0.10597 -13
-1.72944 -0.18273 4.16642 0 5.75000 51.12500 2.11179 0.20234 -13
-1.59939 -0.18065 28.19871 0 5.42500 48.45000 15.12164 0.19080 13
0.80115 -0.20305 45.24626 0 6.15000 -22.52500 35.58765 0.13066 -13
-0.94124 -0.13684 97.81392 0 4.12500 29.67500 71.53479 0.13897 13
0.16580 -0.16049 58.35199 0 4.85000 -4.77500 57.58549 0.10335 -13
-0.16717 -0.19283 46.16090 0 5.82500 5.37500 45.55123 0.10394 -13
0.69247 -0.19852 61.75503 0 6.00000 -18.95000 51.08599 0.12412 -13
-0.46749 0.00468 56.69664 0 -0.15000 13.85000 51.36154 0.11116 13
-1.28794 -0.06664 61.22921 0 2.02500 37.52500 37.60221 0.16435 -13
-1.89398 -0.15795 97.07453 0 4.77500 59.02500 45.76087 0.21628 -13
-0.46749 0.13371 41.43483 0 -4.05000 16.37500 37.59485 0.11198 13
-0.47947 -0.26581 41.43483 0 8.00000 16.75000 37.59485 0.11483 13
1.39675 0.04637 38.66402 0 -1.42500 -40.82500 22.52318 0.17306 13
-0.41066 -0.03466 3.63140 0 1.20000 14.52500 3.35939 0.10899 -13
-0.10682 -0.19301 90.10323 0 5.82500 2.80000 89.61157 0.10312 13
1.14947 -0.05047 43.66612 0 1.50000 -34.95000 28.68144 0.15350 13
0.32225 0.09093 36.64329 0 -2.75000 -9.02500 34.89057 0.10620 13
-1.11451 -0.06285 26.47023 0 1.92500 32.95000 17.69614 0.15094 -13
0.23825 -0.10997 93.17247 0 3.32500 -5.95000 90.66477 0.10411 -13
0.11561 -0.05565 4.01274 0 1.55000 -5.45000 3.98627 0.10155 13
-0.17599 0.07366 58.52204 0 -2.22500 3.85000 57.64092 0.10251 -13
0.07929 0.02801 32.74691 0 -0.85000 0.17500 32.64452 0.10106 13
