-1.11988 0.12797 94.34353 0 -3.87500 32.97500 63.12154 0.15175 13
-1.15119 -0.27184 94.34353 0 8.20000 33.90000 63.12154 0.15597 13
0.22282 -0.11618 56.50577 0 3.52500 -5.77500 55.17052 0.10384 -13
-0.94890 0.04566 61.91680 0 -1.37500 28.40000 44.93654 0.13890 -13
0.95865 -0.19975 24.41707 0 6.05000 -29.57500 17.79024 0.14097 -13
-0.03311 -0.05793 98.66718 0 1.75000 1.85000 98.61331 0.10093 13
-0.21787 -0.24137 3.46662 0 7.45000 9.50000 3.39139 0.10607 -13
-1.04041 -0.14732 47.68896 0 4.42500 30.50000 33.23104 0.14607 13
-0.34080 -0.01319 53.90181 0 0.37500 10.97500 51.02068 0.10640 13
-1.52648 -0.04426 7.03908 0 1.20000 45.12500 3.86014 0.18380 13
0.49815 -0.01912 20.47188 0 0.60000 -15.30000 18.32464 0.11253 -13
0.59761 -0.07705 66.07728 0 2.32500 -19.12500 56.76455 0.11758 -13
-0.24772 -0.23573 27.52667 0 7.10000 8.20000 26.75962 0.10641 13
-0.32555 -0.17315 67.55598 0 5.22500 9.82500 64.32739 0.10733 13
-0.36311 -0.01194 59.51171 0 0.35000 14.57500 55.93866 0.10714 13
1.86094 -0.14609 85.71718 0 4.40000 -56.80000 40.90768 0.21324 13
1.59569 -0.18630 15.03032 0 5.67500 -46.82500 8.07909 0.19065 -13
-0.32536 -0.11829 97.05676 0 3.55000 10.02500 92.35573 0.10656 13
0.76306 0.10005 79.77131 0 -3.02500 -19.95000 63.53305 0.12708 13
-0.47439 -0.00099 64.29479 0 0.02500 13.80000 58.08984 0.11146 13
-1.31722 -0.00194 38.64514 0 0.05000 39.07500 23.36687 0.16656 13
1.46429 0.00336 10.22882 0 -0.02500 -44.22500 5.76878 0.17857 -13
-0.13613 -0.15326 15.79513 0 4.65000 0.47500 15.65409 0.10281 -13
0.16479 -0.14713 20.53088 0 4.42500 -5.42500 20.26341 0.10312 13
-0.99568 -0.10138 96.21624 0 3.05000 30.70000 68.35539 0.14247 13
-0.21616 -0.04951 54.80356 0 1.47500 7.07500 53.56935 0.10315 13
2.10252 -0.16055 67.32791 0 4.82500 -62.02500 29.21875 0.23499 13
-1.07235 -0.03052 35.10954 0 0.95000 31.42500 23.95087 0.14769 -13
0.45722 0.11393 82.43078 0 -3.45000 -15.27500 75.04989 0.11133 13
-0.93662 -0.21079 46.49272 0 6.37500 30.65000 34.27501 0.13961 -13
1.05647 0.09065 29.91238 0 -2.70000 -33.22500 20.60760 0.14676 -13
0.47227 0.07789 19.50591 0 -2.32500 -11.40000 17.64767 0.11164 -13
-1.57361 -0.16042 9.61057 0 4.75000 51.10000 5.20163 0.18836 13
0.90566 0.10875 22.54110 0 -3.30000 -27.75000 16.75149 0.13632 13
-0.13470 0.14038 4.00378 0 -4.10000 4.37500 3.96855 0.10257 -13
-0.13801 -0.25906 4.00378 0 7.92500 4.47500 3.96855 0.10509 -13
-0.13785 0.10777 35.50712 0 -3.27500 3.00000 35.17830 0.10224 13
-0.13680 0.06052 45.93167 0 -1.82500 4.00000 45.50942 0.10183 13
-0.38981 -0.01687 49.33115 0 0.50000 11.82500 45.96324 0.10810 13
0.90411 0.12521 74.67797 0 -3.77500 -28.52500 55.58770 0.13635 13
0.93034 -0.27477 74.67797 0 8.27500 -29.30000 55.58770 0.14029 13
-0.92740 -0.02362 89.11008 0 0.72500 27.97500 65.34594 0.13737 -13
-0.24819 -0.07542 19.58642 0 2.30000 4.07500 19.01279 0.10404 -13
0.15558 -0.23689 69.00820 0 7.15000 -5.27500 68.23073 0.10466 13
1.17539 -0.02106 32.40309 0 0.60000 -31.47500 20.99918 0.15543 13
1.16838 0.06394 4.16595 0 -1.75000 -35.12500 2.71240 0.15498 -13
-0.36069 -0.13337 21.93693 0 4.05000 9.02500 20.65673 0.10790 -13
0.45008 -0.07856 91.58337 0 2.37500 -16.40000 83.55721 0.11071 13
0.24382 0.11561 86.07048 0 -3.50000 -7.25000 83.65168 0.10431 13
1.03973 0.11906 31.26166 0 -3.57500 -31.52500 21.74959 0.14575 -13
-1.73683 -0.17918 73.57609 0 5.42500 51.32500 37.14832 0.20265 -13
-0.18026 0.14575 59.46613 0 -4.40000 3.42500 58.54215 0.10338 13
-0.18401 -0.25318 59.46613 0 7.62500 3.52500 58.54215 0.10551 13
-0.44371 -0.23716 62.97591 0 7.15000 14.17500 57.81771 0.11274 -13
-2.08706 -0.00104 34.92097 0 -0.00000 64.57500 15.08961 0.23305 13
-0.06015 -0.19668 91.01744 0 5.95000 2.07500 90.85935 0.10281 -13
0.67347 -0.22441 43.34906 0 6.77500 -22.95000 36.22762 0.12351 -13
0.19835 0.14239 93.84266 0 -4.30000 -7.12500 92.08420 0.10366 13
0.20274 -0.25670 93.84266 0 7.72500 -7.25000 92.08420 0.10594 13
1.23449 0.07190 19.87816 0 -2.20000 -37.97500 12.53152 0.16018 13
0.38691 -0.15570 19.26680 0 4.72500 -13.72500 17.99645 0.10913 -13
-0.32552 -0.02278 32.40017 0 0.67500 11.10000 30.80963 0.10593 13
1.22723 -0.11621 69.85366 0 3.52500 -33.10000 44.30372 0.15985 -13
0.28575 0.00096 51.44638 0 -0.05000 -8.80000 49.46655 0.10474 13
1.12630 -0.18291 74.15346 0 5.50000 -32.32500 49.68400 0.15278 13
-0.59565 -0.10884 57.94927 0 3.30000 16.25000 49.86297 0.11773 -13
-0.19956 -0.14258 73.18115 0 4.30000 3.12500 71.79343 0.10369 13
-0.96510 0.00623 80.38928 0 -0.17500 31.30000 57.84504 0.13995 -13
1.16036 -0.09677 19.70867 0 2.95000 -35.77500 12.90122 0.15458 -13
0.81505 0.10732 18.02732 0 -3.27500 -26.15000 14.00579 0.13038 13
1.67705 0.07781 84.29403 0 -2.35000 -50.85000 43.26731 0.19679 13
-0.19880 0.03034 42.22644 0 -0.92500 3.55000 41.41661 0.10272 13
0.05121 0.10981 1.22521 0 -2.90000 -0.17500 1.22367 0.10168 -13
0.85941 -0.07240 41.34720 0 2.20000 -25.52500 31.39288 0.13299 -13
-0.35628 -0.00491 25.91122 0 0.12500 12.45000 24.40833 0.10691 13
-1.00927 -0.00996 93.17237 0 0.30000 28.00000 65.58044 0.14308 -13
0.61965 0.08575 27.94099 0 -2.60000 -20.15000 23.77534 0.11879 13
-0.71293 0.00610 55.94420 0 -0.17500 19.52500 45.55312 0.12368 -13
-1.13091 -0.24250 4.70009 0 7.15000 34.37500 3.16252 0.15384 13
-1.01467 0.01196 58.30435 0 -0.35000 30.80000 40.92799 0.14347 -13
1.23887 0.07775 93.57075 0 -2.35000 -38.57500 58.87897 0.16052 -13
0.39569 -0.20168 34.59420 0 6.07500 -11.17500 32.25308 0.11018 13
-0.86285 -0.05818 10.49323 0 1.70000 24.60000 7.95024 0.13313 13
0.56135 -0.15202 98.16489 0 4.60000 -15.35000 85.83287 0.11650 -13
-0.55257 -0.03161 62.86647 0 0.95000 17.05000 55.03100 0.11510 13
-0.65582 0.11497 24.49667 0 -3.50000 16.87500 20.52715 0.12099 13
-0.59215 -0.12794 15.86151 0 3.90000 15.90000 13.67663 0.11776 -13
0.14603 -0.14607 94.48316 0 4.40000 -5.47500 93.51203 0.10282 13
-0.52607 0.08098 94.29457 0 -2.45000 14.37500 83.51051 0.11408 13
0.08036 0.12343 7.62125 0 -3.65000 -2.95000 7.59715 0.10178 -13
0.08270 -0.27649 7.62125 0 8.40000 -3.02500 7.59715 0.10488 -13
0.10102 -0.07901 97.68030 0 2.40000 -2.45000 97.18871 0.10153 -13
-1.37117 -0.07412 72.24365 0 2.22500 42.60000 42.64573 0.17106 13
1.15509 -0.10667 25.35589 0 3.20000 -35.95000 16.64967 0.15422 13
0.45756 0.09690 3.70035 0 -2.77500 -14.50000 3.36772 0.11116 -13
-0.69491 0.07646 7.06626 0 -2.40000 21.92500 5.80825 0.12291 13
0.60685 0.00759 95.71789 0 -0.22500 -17.05000 81.82989 0.11780 -13
-0.02442 0.11915 94.93133 0 -3.60000 -0.90000 94.90344 0.10144 -13
-0.02519 -0.28117 94.93133 0 8.47500 -0.87500 94.90344 0.10464 -13
-0.31213 -0.11169 44.83919 0 3.35000 8.82500 42.82572 0.10609 13
0.18682 -0.23583 87.38734 0 7.12500 -4.22500 85.97748 0.10516 -13
-0.58935 -0.20683 28.36348 0 6.22500 19.20000 24.56572 0.11872 13
-0.35055 -0.23843 54.59183 0 7.20000 10.75000 51.67046 0.10939 -13
0.78391 -0.18012 45.41799 0 5.45000 -22.22500 35.96021 0.12925 -13
0.03502 -0.15821 85.70483 0 4.77500 -2.75000 85.65360 0.10202 -13
0.25417 0.09911 14.53903 0 -2.95000 -7.82500 14.09511 0.10438 -13
-0.08323 0.14938 5.44023 0 -4.42500 3.82500 5.42190 0.10214 -13
-0.08488 -0.24944 5.44023 0 7.62500 3.87500 5.42190 0.10424 -13
-0.71345 0.05579 86.82717 0 -1.67500 18.75000 70.71937 0.12383 -13
0.23682 -0.04436 89.25501 0 1.35000 -7.85000 86.85721 0.10359 -13
-0.57471 0.06237 18.62485 0 -1.85000 19.42500 16.15582 0.11631 -13
-1.78446 -0.00529 82.28914 0 0.15000 53.25000 40.22883 0.20599 13
-0.63433 -0.19381 17.65071 0 5.87500 19.27500 14.98303 0.12087 -13
1.15668 0.11197 13.45386 0 -3.42500 -36.42500 8.83075 0.15442 13
1.14375 -0.23117 90.93336 0 6.97500 -34.37500 60.73306 0.15475 13
-0.17442 -0.18041 74.58640 0 5.42500 3.20000 73.51144 0.10382 13
0.41161 -0.07377 69.17143 0 2.22500 -15.17500 63.98992 0.10916 -13
0.59372 0.08680 95.01034 0 -2.62500 -17.25000 81.77569 0.11744 13
-0.94591 0.02075 21.23559 0 -0.65000 31.42500 15.42900 0.13864 13
-1.52539 -0.22653 38.96623 0 6.85000 45.90000 21.73887 0.18511 -13
0.47071 -0.08726 84.79259 0 2.62500 -13.72500 76.77083 0.11164 13
-0.01942 0.10623 96.50224 0 -3.20000 0.50000 96.48425 0.10129 13
0.24681 -0.08199 43.77064 0 2.45000 -7.15000 42.50371 0.10404 13
-1.01514 0.02586 1.49512 0 -0.32500 29.72500 1.04960 0.14382 -13
-0.33910 0.08739 93.35393 0 -2.65000 8.87500 88.44359 0.10670 13
0.17620 0.02710 68.68280 0 -0.82500 -1.92500 67.64154 0.10229 13
0.26541 -0.08950 14.92638 0 2.67500 -7.90000 14.43076 0.10457 13
0.17641 -0.14303 3.34327 0 4.47500 -6.15000 3.29336 0.10340 -13
-0.22161 0.08388 34.08703 0 -2.55000 5.97500 33.28504 0.10350 13
1.04090 -0.06479 81.81344 0 1.95000 -31.37500 56.74166 0.14550 13
-0.09207 -0.07453 57.94898 0 2.25000 2.90000 57.70615 0.10141 -13
0.77995 -0.07104 25.65711 0 2.12500 -24.10000 20.25026 0.12791 13
1.38279 -0.00507 4.31905 0 -0.05000 -41.55000 2.53094 0.17190 13
-0.81545 -0.18022 27.76944 0 5.40000 26.07500 21.65700 0.13119 13
-0.27107 -0.14025 39.31122 0 4.25000 6.52500 37.96660 0.10530 -13
0.54692 -0.24404 83.61572 0 7.35000 -16.07500 73.84008 0.11737 13
-0.44320 -0.03924 10.63630 0 1.12500 13.70000 9.72505 0.11022 13
-0.47806 0.05219 12.94958 0 -1.62500 15.25000 11.68614 0.11175 13
-0.17607 -0.03887 43.92934 0 1.17500 5.02500 43.26486 0.10233 -13
-0.06548 -0.11483 87.57012 0 3.47500 2.25000 87.38544 0.10158 -13
1.95088 -0.18553 54.59036 0 5.57500 -56.70000 25.23607 0.22154 13
-0.25621 0.10438 72.43548 0 -3.15000 7.15000 70.19229 0.10449 13
-0.14292 0.03173 49.41133 0 -0.95000 5.07500 48.91483 0.10178 -13
-0.37150 -0.18052 34.29195 0 5.42500 11.82500 32.20715 0.10894 13
-0.24623 0.12744 67.69299 0 -3.82500 6.27500 65.75976 0.10450 -13
-0.25314 -0.27237 67.69299 0 8.22500 6.47500 65.75976 0.10745 -13
0.28094 -0.19133 72.59234 0 5.77500 -7.95000 69.97703 0.10636 13
0.80693 -0.18348 70.23175 0 5.52500 -22.07500 55.01115 0.13071 13
-0.44715 -0.13702 16.95462 0 4.10000 12.47500 15.50148 0.11116 13
0.76435 -0.11321 19.75547 0 3.45000 -22.67500 15.73185 0.12728 -13
0.13257 -0.18074 15.50676 0 5.42500 -4.40000 15.37646 0.10318 13
0.47550 -0.05208 5.82361 0 1.47500 -13.47500 5.26065 0.11163 13
-0.25521 -0.21231 92.33134 0 6.40000 8.85000 89.58186 0.10610 13
-1.41771 -0.12905 55.86989 0 3.87500 44.27500 32.38134 0.17519 13
0.51074 -0.08997 80.54550 0 2.70000 -15.92500 71.79080 0.11344 13
0.84124 -0.09344 89.84076 0 2.82500 -25.77500 68.87313 0.13194 -13
0.08233 -0.16360 27.12303 0 4.95000 -2.05000 27.03394 0.10239 -13
-0.18438 -0.24074 50.30107 0 7.27500 4.10000 49.51190 0.10524 -13
-2.11402 -0.16628 31.65936 0 5.05000 62.80000 13.68984 0.23613 -13
-0.41543 -0.05896 79.37176 0 1.77500 11.37500 73.31735 0.10921 -13
0.57632 0.11868 21.83008 0 -3.55000 -17.30000 18.94678 0.11683 -13
-0.01781 -0.11265 66.37531 0 3.40000 1.65000 66.36493 0.10135 13
0.28837 0.11077 88.16137 0 -3.35000 -8.75000 84.74903 0.10540 13
0.06088 0.10558 9.59632 0 -3.12500 -2.07500 9.57879 0.10144 -13
0.70711 -0.00100 25.58434 0 0.05000 -22.35000 20.88951 0.12334 -13
0.53532 0.04244 32.57324 0 -1.30000 -13.82500 28.72298 0.11431 13
-1.80990 -0.13118 13.87573 0 4.02500 54.65000 6.75470 0.20871 -13
0.94664 -0.00319 41.59063 0 0.07500 -28.87500 30.20397 0.13867 13
0.58189 -0.02337 36.65477 0 0.72500 -14.25000 31.68342 0.11654 -13
-0.68748 -0.08857 73.43757 0 2.67500 19.55000 60.59216 0.12253 13
-0.01902 0.12583 77.03714 0 -3.80000 0.77500 77.02344 0.10152 13
-0.01956 -0.27411 77.03714 0 8.27500 0.77500 77.02344 0.10443 13
0.06917 -0.00845 72.37171 0 0.25000 -1.87500 72.19922 0.10095 13
0.26696 -0.09287 47.98775 0 2.80000 -9.80000 46.37738 0.10465 13
0.17136 0.02868 5.58526 0 -0.77500 -2.87500 5.50510 0.10223 -13
-1.93645 -0.03648 12.05800 0 1.02500 59.95000 5.53526 0.21951 13
-0.05148 -0.02644 56.15901 0 0.80000 4.80000 56.08480 0.10087 13
0.41259 0.10007 53.49168 0 -3.02500 -10.47500 49.48403 0.10941 13
0.32168 -0.21199 83.40863 0 6.40000 -7.80000 79.56239 0.10792 -13
1.83088 -0.20003 70.44673 0 6.02500 -56.10000 34.28057 0.21103 13
1.31312 -0.02456 75.56825 0 0.75000 -38.57500 45.79244 0.16624 -13
-0.16553 -0.14237 40.42037 0 4.27500 5.50000 39.88825 0.10307 13
-0.73057 -0.24327 53.22609 0 7.32500 22.80000 43.40281 0.12709 13
-1.61479 -0.19685 4.58379 0 6.15000 52.30000 2.44642 0.19263 -13
-0.21653 0.05604 30.46077 0 -1.67500 8.02500 29.77280 0.10319 -13
-0.43299 -0.21238 31.97050 0 6.40000 11.47500 29.43899 0.11179 13
0.09337 0.13882 15.49493 0 -4.15000 -2.82500 15.42910 0.10209 -13
0.09560 -0.26038 15.49493 0 7.90000 -2.87500 15.42910 0.10453 -13
1.68072 -0.23363 36.90343 0 7.02500 -49.12500 19.24122 0.19831 13
-0.06029 -0.06474 67.08025 0 1.95000 2.47500 66.95913 0.10110 13
1.49935 -0.19961 15.78294 0 5.97500 -45.80000 8.87619 0.18254 13
-0.29685 -0.24960 58.15755 0 7.52500 7.82500 55.88597 0.10800 13
-1.28400 -0.14602 26.47825 0 4.37500 38.70000 16.37631 0.16453 13
1.15385 0.11618 63.89133 0 -3.50000 -33.07500 42.00356 0.15420 -13
0.43753 -0.15566 50.41646 0 4.70000 -14.62500 46.27656 0.11104 -13
-1.71900 -0.09343 32.24077 0 2.85000 49.97500 16.26428 0.20051 -13
-1.00140 -0.20255 77.51374 0 6.10000 29.37500 55.32089 0.14396 13
-0.81560 -0.17167 78.87179 0 5.17500 26.50000 61.47331 0.13110 -13
-0.24587 0.05396 32.27969 0 -1.65000 7.80000 31.34867 0.10385 13
0.83829 -0.15820 40.52510 0 4.80000 -24.42500 31.21421 0.13238 -13
0.03078 -0.07454 75.67060 0 2.25000 -0.15000 75.63498 0.10103 -13
-2.08931 -0.14432 86.99154 0 4.35000 62.15000 37.87146 0.23370 13
0.05266 0.09944 62.89060 0 -3.00000 0.60000 62.80442 0.10134 -13
-0.53358 -0.24791 68.81475 0 7.47500 16.22500 61.10636 0.11683 13
0.27867 0.04082 35.21875 0 -1.22500 -5.77500 33.92812 0.10462 -13
-1.70466 -0.18721 72.63542 0 5.65000 56.37500 37.22447 0.19994 -13
0.43772 -0.03818 92.71069 0 1.15000 -11.35000 84.94050 0.10999 13
0.79842 -0.21017 26.77588 0 6.37500 -21.52500 21.09881 0.13061 -13
-0.85915 -0.12659 41.06308 0 3.82500 27.12500 31.25125 0.13339 -13
1.01963 -0.20407 30.00416 0 6.17500 -32.15000 21.22613 0.14531 -13
-1.80976 -0.05398 24.03081 0 1.57500 53.95000 11.63548 0.20827 13
-0.04271 -0.15223 42.05566 0 4.60000 2.05000 42.01824 0.10196 -13
-1.64669 -0.03178 67.60878 0 0.97500 50.95000 35.10623 0.19404 -13
0.62655 -0.15481 87.84812 0 4.67500 -15.80000 74.69006 0.11985 13
2.03239 -0.17489 41.54535 0 5.25000 -60.30000 18.56455 0.22875 13
-0.64851 -0.07151 42.27723 0 2.17500 18.15000 35.49825 0.12024 -13
0.55832 0.11423 18.60607 0 -3.47500 -16.22500 16.27067 0.11592 13
-1.56087 0.06932 22.91770 0 -2.12500 47.02500 12.38407 0.18683 13
-0.56466 -0.19385 5.85070 0 5.95000 18.22500 5.11684 0.11739 -13
0.01434 0.06663 51.15047 0 -2.00000 -2.02500 51.14523 0.10094 -13
-0.30720 -0.14963 17.40774 0 4.55000 11.70000 16.65587 0.10644 -13
0.83606 -0.11511 16.88385 0 3.42500 -23.35000 12.98791 0.13176 13
0.18669 0.12179 59.97469 0 -3.67500 -3.17500 58.97077 0.10317 13
0.19236 -0.27840 59.97469 0 8.40000 -3.35000 58.97077 0.10630 13
-0.53915 -0.21511 28.55945 0 6.50000 17.37500 25.26480 0.11646 -13
1.76868 0.11124 46.35587 0 -3.32500 -55.65000 22.92140 0.20490 -13
0.93746 -0.22954 12.28761 0 6.87500 -26.15000 9.07188 0.13989 13
-0.42473 0.08895 58.06653 0 -2.70000 12.67500 53.47773 0.10978 13
-0.21669 -0.17704 18.22038 0 5.37500 7.25000 17.81921 0.10459 -13
-0.42095 -0.22087 32.27626 0 6.65000 11.47500 29.85263 0.11149 13
0.44827 -0.24733 74.30662 0 7.47500 -13.30000 68.13501 0.11314 -13
0.02895 0.14244 69.66078 0 -4.30000 -1.72500 69.63217 0.10176 13
0.02960 -0.25665 69.66078 0 7.72500 -1.72500 69.63217 0.10400 13
0.31114 -0.12280 91.49149 0 3.70000 -10.22500 87.41757 0.10618 -13
0.11320 -0.23965 98.84461 0 7.22500 -3.65000 98.25097 0.10419 -13
-0.76141 -0.15900 13.07601 0 4.75000 24.30000 10.45066 0.12756 13
0.31225 0.13260 6.29687 0 -3.92500 -10.97500 6.01523 0.10632 -13
0.32030 -0.26681 6.29687 0 8.15000 -11.22500 6.01523 0.10920 -13
0.25279 0.00010 13.98673 0 -0.05000 -8.35000 13.56024 0.10388 13
0.66574 -0.16512 32.14580 0 4.95000 -21.05000 26.86783 0.12211 13
0.30860 0.14206 61.82518 0 -4.27500 -9.45000 59.12690 0.10635 -13
0.31543 -0.25701 61.82518 0 7.75000 -9.65000 59.12690 0.10873 -13
-0.43659 -0.19325 99.99268 0 5.82500 12.62500 91.90475 0.11159 13
0.38299 0.09212 79.09223 0 -2.77500 -9.57500 73.90015 0.10823 -13
-1.06154 0.11168 49.54635 0 -3.35000 30.85000 34.08563 0.14728 -13
-1.14460 0.12564 7.12157 0 -3.70000 35.45000 4.70646 0.15353 -13
-1.17766 -0.27400 7.12157 0 8.37500 36.50000 4.70646 0.15816 -13
-0.55298 -0.12256 45.88068 0 3.70000 15.07500 40.22012 0.11574 -13
-1.10141 -0.18451 29.08082 0 5.55000 36.27500 19.72740 0.15094 13
0.18622 0.12024 74.59806 0 -3.62500 -4.92500 73.35484 0.10315 -13
0.19199 -0.28002 74.59806 0 8.45000 -5.10000 73.35484 0.10636 -13
1.51223 0.01473 17.41891 0 -0.40000 -45.70000 9.60862 0.18257 -13
-0.02987 -0.19259 21.22499 0 5.77500 2.55000 21.21588 0.10259 13
-1.55079 0.08888 92.51169 0 -2.67500 46.70000 50.27392 0.18604 -13
-1.91831 -0.04633 55.72229 0 1.42500 55.62500 25.77952 0.21791 -13
-0.10185 -0.06353 82.85077 0 1.92500 2.72500 82.42616 0.10143 -13
0.53345 -0.18269 18.99836 0 5.55000 -17.20000 16.82291 0.11563 -13
-1.64161 0.10101 43.80118 0 -3.07500 47.30000 22.87171 0.19385 13
-0.60927 -0.18279 55.64827 0 5.52500 17.97500 47.73305 0.11936 -13
0.14712 -0.07937 54.27574 0 2.40000 -4.50000 53.70124 0.10210 -13
-1.88088 0.13541 66.64486 0 -4.10000 57.42500 31.50769 0.21496 13
-1.92767 -0.26400 66.64486 0 7.95000 58.82500 31.50769 0.22027 13
0.79906 -0.00303 74.07851 0 0.10000 -25.50000 57.87215 0.12891 -13
-0.60998 -0.00039 16.96573 0 -0.02500 17.62500 14.48380 0.11796 13
0.12028 -0.22121 2.16101 0 6.92500 -4.50000 2.14623 0.10415 -13
-1.94791 0.11418 65.10668 0 -3.42500 59.45000 29.88636 0.22080 -13
1.96113 -0.17608 95.77871 0 5.32500 -58.10000 44.03798 0.22241 -13
0.47801 -0.11920 31.68481 0 3.62500 -15.10000 28.62408 0.11227 -13
0.07752 0.09980 86.82278 0 -3.02500 1.35000 86.56563 0.10151 13
-1.76926 -0.05389 95.25895 0 1.62500 56.20000 46.92386 0.20474 -13
-0.09016 -0.22407 60.30550 0 6.77500 3.22500 60.07342 0.10360 -13
-1.08114 -0.19610 18.48506 0 5.95000 31.22500 12.67871 0.14966 -13
1.76698 -0.10136 81.80429 0 3.05000 -52.97500 40.44679 0.20472 13
-1.72909 -0.07104 4.39709 0 2.35000 51.40000 2.20537 0.20145 -13
0.45337 0.13021 19.79906 0 -3.90000 -12.62500 18.05816 0.11133 -13
0.46561 -0.26943 19.79906 0 8.15000 -13.00000 18.05816 0.11432 -13
0.46562 -0.26943 19.79906 0 8.15000 -13.00000 18.05816 0.11438 -13
0.51300 0.00999 29.46401 0 -0.32500 -13.35000 26.21574 0.11319 13
0.91001 0.00690 20.89259 0 -0.25000 -29.72500 15.45225 0.13617 13
-0.40839 -0.05096 60.55625 0 1.52500 11.45000 56.07184 0.10890 13
1.67615 -0.19781 10.21922 0 5.87500 -49.07500 5.31001 0.19745 13
0.03396 -0.10365 85.18676 0 3.12500 -0.42500 85.13821 0.10130 13
0.70310 0.04831 39.28796 0 -1.45000 -20.80000 32.15152 0.12319 -13
0.53934 0.09100 16.71501 0 -2.77500 -18.02500 14.72526 0.11480 13
0.64440 -0.16772 41.11355 0 5.05000 -17.95000 34.69914 0.12098 13
0.95864 -0.09369 68.22047 0 2.82500 -29.17500 49.34991 0.13983 -13
1.07611 0.08643 91.55297 0 -2.62500 -35.40000 62.44680 0.14819 13
-0.81316 0.05692 87.79518 0 -1.72500 24.42500 68.16115 0.12992 13
-0.22346 -0.04028 86.81902 0 1.22500 6.67500 84.73260 0.10327 -13
-0.35538 -0.22000 80.04012 0 6.65000 8.42500 75.61528 0.10915 -13
-0.24473 -0.13308 71.79096 0 4.00000 7.10000 69.76754 0.10453 13
0.49904 -0.04159 88.17739 0 1.25000 -17.00000 78.91217 0.11262 13
-1.59633 0.04562 88.27730 0 -1.37500 45.95000 46.89969 0.18975 -13
-1.44034 -0.12305 44.75423 0 3.72500 41.12500 25.65276 0.17702 -13
-1.07255 -0.07321 93.81481 0 2.22500 34.52500 64.06693 0.14786 -13
0.11030 0.10066 67.56850 0 -3.05000 -5.95000 67.16516 0.10182 13
-1.03398 0.08785 47.56901 0 -2.62500 29.20000 33.13565 0.14512 -13
-0.09220 -0.10003 96.96285 0 3.00000 2.92500 96.55730 0.10163 13
-0.70430 0.11585 33.31838 0 -3.50000 23.47500 27.29995 0.12373 13
1.81814 -0.19331 91.87529 0 5.85000 -53.65000 44.90241 0.20988 -13
0.82904 -0.16151 40.04445 0 4.90000 -23.25000 30.98882 0.13183 -13
0.32714 -0.03269 64.94943 0 0.97500 -9.50000 61.73330 0.10601 13
-0.95785 0.05608 47.37606 0 -1.67500 28.20000 34.23908 0.13956 -13
-0.69004 0.01939 28.44123 0 -0.60000 21.42500 23.41040 0.12237 13
0.61651 -0.08494 19.23209 0 2.60000 -17.80000 16.38733 0.11862 -13
-0.21768 -0.02507 42.69853 0 0.77500 6.55000 41.72205 0.10310 -13
-1.00764 -0.17493 10.81828 0 5.20000 30.25000 7.67691 0.14401 13
-0.94550 -0.00726 16.81389 0 0.25000 28.17500 12.21768 0.13859 -13
-1.73785 -0.23176 75.10964 0 6.97500 51.92500 38.19903 0.20324 13
0.23929 0.07212 48.49630 0 -2.17500 -8.35000 47.17139 0.10380 13
0.84626 -0.04524 82.92069 0 1.35000 -25.30000 63.32387 0.13200 13
0.64255 0.03759 81.47647 0 -1.15000 -20.92500 68.56022 0.11976 13
0.91331 0.14422 95.51153 0 -4.35000 -29.15000 70.85334 0.13715 -13
0.93284 -0.25476 95.51153 0 7.70000 -29.72500 70.85334 0.14009 -13
0.77434 0.13681 99.92871 0 -4.12500 -23.75000 79.28416 0.12810 -13
0.79319 -0.26253 99.92871 0 7.92500 -24.30000 79.28416 0.13123 -13
1.51760 0.09727 39.22424 0 -2.90000 -46.82500 21.65266 0.18327 -13
-1.47438 -0.10689 16.27936 0 3.27500 46.87500 9.17294 0.17978 -13
0.17109 -0.16240 12.50056 0 4.95000 -4.72500 12.32605 0.10349 -13
0.19545 -0.00506 39.60434 0 0.17500 -5.32500 38.86899 0.10261 -13
0.29105 -0.13603 47.17660 0 4.12500 -6.95000 45.32927 0.10578 -13
0.16037 0.06186 29.14295 0 -1.85000 -5.45000 28.77658 0.10217 -13
-0.19599 -0.21583 28.30004 0 6.52500 9.42500 27.79456 0.10491 -13
1.04671 -0.22294 21.86638 0 6.75000 -32.62500 15.29573 0.14753 -13
-0.74577 0.08613 15.42794 0 -2.65000 21.77500 12.38370 0.12594 13
0.65896 -0.17536 36.23752 0 5.30000 -20.67500 30.39608 0.12190 -13
0.58246 -0.15566 28.70037 0 4.72500 -19.57500 24.87466 0.11760 -13
1.34039 0.01278 85.00450 0 -0.37500 -42.10000 50.83283 0.16841 -13
-1.20226 -0.14759 97.09099 0 4.45000 36.90000 62.48213 0.15817 13
0.46722 0.03536 41.96547 0 -1.05000 -15.97500 38.02461 0.11121 -13
0.01819 0.06330 28.71019 0 -1.92500 1.20000 28.70546 0.10092 13
-0.77442 -0.07407 13.33680 0 2.27500 22.20000 10.55541 0.12761 -13
0.11547 -0.20117 57.14694 0 6.05000 -6.60000 56.78427 0.10337 13
0.25979 -0.13593 37.47664 0 4.10000 -4.67500 36.29332 0.10494 13
1.20732 0.07136 79.63776 0 -2.15000 -39.57500 50.87684 0.15803 13
1.56439 -0.22123 41.91934 0 6.65000 -48.87500 22.96137 0.18825 13
-1.35515 -0.20956 77.24567 0 6.30000 40.00000 46.50407 0.17090 13
1.04561 -0.24692 2.40967 0 7.12500 -32.02500 1.69137 0.14758 13
0.07290 -0.03326 57.94319 0 1.00000 0.90000 57.79002 0.10103 -13
-0.49523 0.10298 85.38990 0 -3.10000 14.42500 76.59949 0.11285 -13
-1.86891 0.10245 30.49282 0 -3.05000 60.22500 14.44429 0.21369 -13
-0.83180 0.12806 7.36813 0 -3.77500 24.15000 5.68342 0.13158 -13
-0.85502 -0.27147 7.36813 0 8.27500 24.87500 5.68342 0.13540 -13
0.20405 -0.22634 49.70379 0 6.82500 -5.52500 48.74781 0.10528 -13
-0.22991 -0.21552 55.12386 0 6.50000 6.22500 53.78228 0.10558 13
-1.64270 0.06688 93.69935 0 -2.00000 48.70000 48.80163 0.19378 -13
0.12214 0.06774 54.99248 0 -2.02500 -3.82500 54.58866 0.10167 -13
-0.76794 -0.20074 16.68251 0 6.02500 21.47500 13.32763 0.12854 13
1.08236 -0.08119 39.26877 0 2.47500 -33.90000 26.69441 0.14863 -13
0.88140 -0.21327 22.47345 0 6.40000 -27.70000 17.02180 0.13592 13
-0.05308 0.11486 61.19217 0 -3.45000 -0.02500 61.10726 0.10150 -13
-1.01458 -0.24524 49.01917 0 7.40000 30.10000 34.91678 0.14558 -13
0.28028 -0.05644 95.60963 0 1.70000 -8.07500 92.07265 0.10474 13
0.68250 -0.23812 54.29613 0 7.17500 -20.00000 45.23432 0.12425 13
1.38597 0.10609 4.54180 0 -3.37500 -42.72500 2.66781 0.17256 13
-0.69945 0.14073 46.87124 0 -4.22500 19.95000 38.53139 0.12370 -13
-0.71539 -0.25839 46.87124 0 7.80000 20.45000 38.53139 0.12654 -13
-1.75935 -0.11914 50.76019 0 3.57500 54.50000 25.21634 0.20414 13
0.59805 -0.16083 80.35825 0 4.85000 -17.20000 69.19610 0.11845 -13
-1.51894 -0.23263 81.78492 0 7.02500 42.42500 45.79958 0.18464 -13
0.45941 0.03717 91.13820 0 -1.12500 -11.05000 82.82691 0.11088 13
-0.81506 -0.06860 70.47628 0 2.05000 24.70000 54.68007 0.13010 13
0.93596 -0.02935 95.86621 0 0.90000 -28.32500 70.00599 0.13796 -13
0.71308 0.03429 32.69534 0 -1.02500 -23.55000 26.62575 0.12373 -13
0.52806 -0.21040 55.94257 0 6.32500 -15.52500 49.69934 0.11583 13
-0.28601 -0.19196 48.98782 0 5.77500 11.22500 47.16253 0.10650 13
1.84392 -0.19512 41.45827 0 5.90000 -53.47500 20.05040 0.21219 -13
0.06840 0.00302 39.50538 0 -0.10000 -2.40000 39.41330 0.10094 13
-1.12052 0.07166 3.06461 0 -2.40000 34.57500 2.04344 0.15160 13
0.00556 -0.15672 58.53169 0 4.72500 1.30000 58.53080 0.10194 -13
0.38741 -0.15182 21.59676 0 4.55000 -10.35000 20.16809 0.10906 13
-0.69467 -0.13574 60.16992 0 4.07500 23.85000 49.56257 0.12337 13
1.55283 0.01992 55.71944 0 -0.57500 -46.62500 30.17257 0.18600 -13
1.36632 -0.22739 61.44036 0 6.87500 -40.80000 36.88254 0.17205 -13
-0.19550 -0.01993 5.27917 0 0.70000 5.75000 5.18112 0.10265 -13
-0.91869 -0.11613 81.59556 0 3.50000 28.50000 60.27167 0.13724 13
-0.40039 -0.15384 94.58474 0 4.62500 9.22500 87.94853 0.10957 13
0.30102 -0.00746 21.18136 0 0.25000 -7.85000 20.28228 0.10517 -13
0.60942 0.13935 20.22620 0 -4.17500 -21.15000 17.31613 0.11875 -13
0.62366 -0.25982 20.22620 0 7.87500 -21.57500 17.31613 0.12156 -13
-1.00551 -0.21562 51.03639 0 6.52500 31.00000 36.39769 0.14447 -13
0.15289 -0.19685 25.51015 0 5.95000 -3.87500 25.22786 0.10379 -13
0.71561 -0.07203 86.78166 0 2.17500 -20.25000 70.63470 0.12405 -13
0.90922 0.03785 25.79439 0 -1.12500 -26.85000 19.09117 0.13615 -13
0.26503 0.10693 82.71311 0 -3.22500 -8.60000 79.98252 0.10473 -13
-1.01582 -0.20859 94.95975 0 6.27500 29.85000 67.33414 0.14508 13
1.52897 0.06179 65.47818 0 -1.85000 -45.55000 35.88772 0.18408 -13
1.37021 -0.17091 7.84907 0 5.05000 -42.62500 4.66978 0.17163 13
-0.69684 0.05029 29.31922 0 -1.50000 21.82500 24.06484 0.12284 -13
0.47855 -0.00946 66.08576 0 0.27500 -13.17500 59.61194 0.11164 13
-1.83827 -0.23140 10.15546 0 7.07500 56.02500 4.95031 0.21223 -13
1.66914 -0.15996 14.81497 0 4.90000 -51.87500 7.68461 0.19668 -13
-0.23112 -0.09520 29.03726 0 2.85000 7.25000 28.29801 0.10380 13
1.95516 -0.24519 89.06766 0 7.37500 -58.90000 41.50165 0.22251 13
0.73253 -0.22177 11.28609 0 6.62500 -19.92500 9.17989 0.12677 13
0.48525 -0.04417 51.96589 0 1.35000 -15.87500 46.76110 0.11202 -13
-0.43603 0.13865 78.36070 0 -4.17500 15.75000 71.93797 0.11074 -13
-0.44632 -0.26058 78.36070 0 7.87500 16.05000 71.93797 0.11336 -13
0.18157 -0.24846 57.61286 0 7.50000 -6.82500 56.73874 0.10537 -13
-0.50352 -0.19578 46.60358 0 5.90000 13.82500 41.78087 0.11445 13
2.02617 -0.13236 1.45498 0 4.77500 -63.37500 0.64943 0.22905 -13
-0.50111 0.12263 1.83488 0 -3.40000 14.55000 1.64314 0.11336 -13
-0.23670 -0.20429 44.71622 0 6.17500 9.10000 43.56023 0.10552 -13
0.65282 0.01038 8.61431 0 -0.37500 -20.67500 7.21347 0.12028 13
-1.99652 -0.03834 75.87264 0 1.17500 60.05000 33.99860 0.22492 -13
-1.33880 -0.17256 75.73348 0 5.20000 41.40000 45.74756 0.16917 13
-1.31828 -0.05119 17.56358 0 1.60000 36.52500 10.62312 0.16673 -13
-0.03342 -0.18904 71.26691 0 5.70000 1.12500 71.22851 0.10254 13
0.04984 -0.18803 30.18345 0 5.65000 -1.00000 30.14733 0.10258 13
-0.20462 -0.23695 19.55592 0 7.12500 8.65000 19.17939 0.10550 13
0.04260 -0.09872 8.76189 0 3.02500 0.25000 8.75402 0.10131 -13
0.19973 0.06245 25.77109 0 -1.90000 -6.07500 25.27375 0.10289 13
-1.29316 -0.11544 33.40519 0 3.50000 39.32500 20.52067 0.16504 -13
1.25970 0.12090 89.71267 0 -3.65000 -38.45000 56.02729 0.16243 13
1.29847 -0.27933 89.71267 0 8.42500 -39.60000 56.02729 0.16741 13
-1.22933 0.02642 68.85637 0 -0.80000 37.20000 43.46000 0.15961 13
1.12928 -0.10578 33.41147 0 3.17500 -34.32500 22.21947 0.15226 13
0.36786 -0.14796 86.39529 0 4.45000 -11.55000 81.18706 0.10833 13
-1.03061 0.06424 47.91969 0 -1.95000 32.97500 33.40434 0.14477 13
-0.57964 -0.05550 14.50728 0 1.62500 18.52500 12.55592 0.11653 13
0.85827 0.03658 36.53007 0 -1.12500 -25.07500 27.72843 0.13276 13
-0.17987 -0.07660 14.63400 0 2.27500 6.67500 14.40424 0.10261 13
-0.19675 -0.16368 58.73599 0 4.95000 7.17500 57.65919 0.10396 -13
-0.36603 -0.10129 88.14047 0 3.05000 12.47500 82.81977 0.10772 13
1.56285 0.10665 59.63374 0 -3.22500 -48.15000 32.27028 0.18715 13
-1.14593 -0.17040 89.17769 0 5.15000 33.52500 59.10938 0.15412 -13
-0.55746 0.00635 34.62068 0 -0.17500 18.15000 30.23962 0.11530 -13
-0.94088 0.10617 92.83422 0 -3.20000 29.60000 67.78935 0.13868 13
0.24720 0.07789 52.99486 0 -2.35000 -7.32500 51.45530 0.10403 13
2.09726 0.13202 38.48870 0 -4.00000 -64.40000 16.68168 0.23440 13
-0.29778 -0.19328 82.54700 0 5.82500 8.90000 79.23027 0.10685 13
0.34468 0.09618 38.70861 0 -2.92500 -11.92500 36.61370 0.10696 13
0.19012 0.01505 42.87251 0 -0.45000 -5.45000 42.11823 0.10252 -13
-0.86819 -0.11088 84.10010 0 3.32500 24.92500 63.67289 0.13382 13
-0.23182 -0.24893 28.48743 0 7.52500 6.50000 27.79285 0.10639 -13
-0.49403 -0.23303 38.33118 0 7.00000 14.45000 34.54118 0.11474 13
-0.69942 -0.15109 47.02693 0 4.55000 20.35000 38.67844 0.12382 13
1.50937 -0.14055 67.13480 0 4.22500 -44.87500 37.33195 0.18287 13
0.02259 -0.07713 82.41517 0 2.32500 0.67500 82.39428 0.10103 -13
-1.39078 0.05691 5.74143 0 -1.57500 42.00000 3.35576 0.17256 -13
1.60256 -0.16116 27.29266 0 4.82500 -50.00000 14.58179 0.19089 13
-1.82996 -0.21119 99.53163 0 6.35000 56.52500 48.53253 0.21106 13
0.25505 0.14601 13.79017 0 -4.45000 -6.02500 13.37096 0.10498 13
0.26027 -0.25295 13.79017 0 7.60000 -6.17500 13.37096 0.10710 13
0.47872 0.07258 32.47748 0 -2.20000 -16.15000 29.30837 0.11190 13
1.50069 -0.23737 17.61687 0 7.22500 -46.65000 9.95431 0.18325 -13
-0.63707 -0.18910 19.94904 0 5.72500 21.02500 16.90888 0.12094 -13
0.87183 0.12861 78.37593 0 -3.87500 -28.15000 59.28574 0.13422 -13
0.89593 -0.27113 78.37593 0 8.20000 -28.90000 59.28574 0.13795 -13
-0.27233 -0.07968 43.34387 0 2.40000 9.07500 41.82982 0.10468 13
0.08484 -0.09408 41.03419 0 2.82500 -0.02500 40.88858 0.10151 13
0.35012 0.09527 69.35666 0 -2.87500 -8.25000 65.49264 0.10712 -13
-0.46907 -0.04162 14.18725 0 1.22500 12.42500 12.84645 0.11131 13
0.99929 -0.06719 91.14929 0 2.02500 -28.90000 64.54731 0.14253 -13
-0.34351 -0.20655 89.19215 0 6.22500 11.20000 84.53701 0.10848 13
-0.77938 -0.00460 71.93118 0 0.15000 22.25000 56.73505 0.12768 -13
1.89907 0.09647 79.70888 0 -2.90000 -58.22500 37.27381 0.21634 -13
0.81079 0.04681 27.02916 0 -1.40000 -24.72500 21.00412 0.12972 -13
0.92109 0.05110 3.95682 0 -1.72500 -27.30000 2.91200 0.13710 13
-1.98176 -0.12992 12.03435 0 3.82500 59.32500 5.45817 0.22382 13
-0.55181 -0.16115 30.25474 0 4.87500 15.82500 26.56786 0.11617 -13
0.65991 0.02357 29.07597 0 -0.70000 -19.92500 24.26997 0.12068 -13
0.20591 -0.20047 95.79519 0 6.05000 -5.45000 93.90050 0.10477 13
0.31570 0.00352 12.86365 0 -0.07500 -7.87500 12.26676 0.10561 -13
-0.29562 0.13941 53.66325 0 -4.22500 9.02500 51.50116 0.10595 13
-0.30250 -0.25981 53.66325 0 7.82500 9.25000 51.50116 0.10841 13
0.85759 -0.14468 7.18393 0 4.27500 -25.95000 5.47669 0.13343 13
-1.59055 -0.23509 15.58613 0 7.15000 50.25000 8.45609 0.19077 -13
-1.77642 -0.23655 27.64775 0 7.10000 52.65000 13.84340 0.20662 13
-0.50794 0.02435 36.73702 0 -0.75000 17.80000 32.75585 0.11298 13
0.17444 0.02700 30.11764 0 -0.82500 -6.50000 29.66991 0.10226 13
-0.40561 -0.09110 42.37573 0 2.75000 10.25000 39.29145 0.10906 -13
-0.61156 -0.10127 95.02923 0 3.05000 18.97500 81.18302 0.11848 13
-1.52016 -0.07107 56.91656 0 2.15000 46.12500 31.33456 0.18339 -13
-1.31211 -0.15242 41.25728 0 4.57500 42.55000 25.18923 0.16683 13
0.33113 0.00520 24.87327 0 -0.17500 -11.20000 23.61237 0.10608 13
2.15055 -0.01135 45.46702 0 0.37500 -64.97500 19.17166 0.23858 -13
1.46015 -0.23141 5.42080 0 7.15000 -43.35000 3.11784 0.17997 -13
-0.85333 0.01369 15.29079 0 -0.37500 25.30000 11.63223 0.13239 -13
-1.19172 -0.08486 76.86784 0 2.57500 36.17500 49.51572 0.15689 -13
0.02320 0.04347 41.52159 0 -1.30000 -0.17500 41.51045 0.10082 -13
0.43428 -0.12977 56.09259 0 3.90000 -13.47500 51.51793 0.11056 13
-0.01563 0.12759 23.29346 0 -3.82500 -1.42500 23.29066 0.10152 -13
-0.01609 -0.27215 23.29346 0 8.22500 -1.40000 23.29066 0.10440 -13
-0.51834 0.11413 8.46303 0 -3.37500 19.05000 7.52401 0.11399 -13
-0.72924 -0.09170 5.44190 0 2.87500 20.82500 4.40322 0.12505 -13
-0.50537 0.07805 13.65837 0 -2.32500 15.57500 12.19773 0.11310 -13
-0.27236 -0.18229 5.64402 0 5.40000 6.52500 5.45176 0.10594 13
0.17287 -0.04689 26.05131 0 1.40000 -4.12500 25.67136 0.10230 13
-0.72049 0.13454 94.22180 0 -4.05000 19.82500 76.67957 0.12486 -13
-0.73868 -0.26489 94.22180 0 8.00000 20.37500 76.67957 0.12802 -13
-0.59127 -0.24468 72.62928 0 7.37500 18.47500 62.98145 0.11954 13
1.09595 -0.08955 21.05756 0 2.72500 -33.95000 14.22396 0.14969 -13
-0.39887 -0.06492 92.95935 0 1.95000 13.32500 86.36911 0.10862 13
-0.39371 -0.08261 78.97381 0 2.47500 15.95000 73.51700 0.10854 13
-0.73234 0.14346 23.04474 0 -4.35000 20.17500 18.65771 0.12567 13
-0.74824 -0.25557 23.04474 0 7.67500 20.65000 18.65771 0.12835 13
1.23261 -0.08743 36.03626 0 2.65000 -37.65000 22.75559 0.16010 -13
0.29003 -0.14971 37.22232 0 4.50000 -9.92500 35.77936 0.10593 13
0.70549 -0.06220 91.63447 0 1.87500 -20.17500 74.92444 0.12340 13
