-0.21064 -0.13820 98.73512 0 4.17500 5.50000 96.65313 0.10386 -13
1.17523 0.00860 48.10748 0 -0.27500 -34.50000 31.17657 0.15540 13
1.14169 0.09144 68.56230 0 -2.75000 -34.77500 45.28129 0.15311 -13
-0.13834 -0.07004 76.87783 0 2.12500 3.17500 76.15605 0.10191 -13
0.16993 -0.23927 65.07821 0 7.20000 -5.22500 64.20729 0.10494 13
-0.18766 -0.05362 17.58171 0 1.60000 5.92500 17.28093 0.10260 13
-0.76212 -0.15013 68.56892 0 4.52500 21.60000 54.75862 0.12751 13
-0.15572 0.00713 15.37371 0 -0.25000 4.52500 15.19064 0.10192 13
-0.94662 0.03534 62.81113 0 -1.05000 29.00000 45.62837 0.13871 -13
0.18435 -0.02713 99.78774 0 0.82500 -6.20000 98.13532 0.10244 -13
-1.19726 -0.23728 89.04111 0 7.15000 35.50000 57.99921 0.15888 13
1.83215 -0.25002 44.44817 0 7.52500 -54.77500 21.79370 0.21167 13
0.32522 0.02357 68.39440 0 -0.70000 -10.30000 65.04304 0.10592 -13
-1.08307 0.13666 4.88717 0 -3.97500 32.25000 3.33237 0.14899 -13
-1.10935 -0.26227 4.88717 0 8.07500 33.12500 3.33237 0.15293 -13
1.13345 -0.02058 16.93438 0 0.67500 -34.30000 11.20507 0.15224 -13
1.53517 -0.20920 88.96473 0 6.32500 -46.45000 49.28847 0.18571 -13
-0.32545 -0.21620 18.92837 0 6.50000 9.47500 18.03724 0.10810 13
0.46922 0.02497 2.11033 0 -0.50000 -14.55000 1.91066 0.11138 -13
1.28487 -0.21951 69.98895 0 6.62500 -39.25000 43.61559 0.16546 -13
0.27836 -0.16351 95.83266 0 4.92500 -11.72500 92.40917 0.10582 13
-1.09074 0.06869 57.33245 0 -2.07500 34.67500 38.79376 0.14919 13
0.49159 -0.05740 4.10105 0 1.60000 -17.30000 3.68172 0.11237 13
-1.04126 0.14345 93.14357 0 -4.32500 30.72500 64.85880 0.14609 -13
-1.06382 -0.25556 93.14357 0 7.72500 31.40000 64.85880 0.14927 -13
0.47722 0.07801 16.44283 0 -2.37500 -14.30000 14.84787 0.11187 13
2.01712 -0.15431 75.26819 0 4.65000 -59.57500 33.74755 0.22724 13
1.79934 0.10473 70.69815 0 -3.17500 -54.27500 34.48820 0.20757 13
0.81454 0.12850 25.06096 0 -3.90000 -25.40000 19.49333 0.13055 13
0.83711 -0.27132 25.06096 0 8.15000 -26.07500 19.49333 0.13412 13
-1.58628 -0.23396 52.77412 0 7.05000 49.10000 28.68147 0.19028 13
-0.11876 -0.01042 74.24111 0 0.32500 4.10000 73.72310 0.10142 -13
-1.82501 -0.01867 54.08423 0 0.57500 55.02500 25.99251 0.20958 -13
-0.18930 0.06333 78.00917 0 -1.90000 5.20000 76.65323 0.10269 -13
0.83871 -0.18128 60.17088 0 5.45000 -22.37500 46.40947 0.13269 13
-0.66779 0.13234 33.06476 0 -3.97500 20.50000 27.57070 0.12181 -13
-0.68515 -0.26713 33.06476 0 8.07500 21.02500 27.57070 0.12502 -13
0.23370 -0.02702 60.24774 0 0.80000 -7.85000 58.66811 0.10345 13
-0.18012 0.01695 31.29976 0 -0.52500 5.02500 30.80421 0.10234 13
1.63150 0.12098 88.15589 0 -3.65000 -48.45000 46.31213 0.19310 13
1.68164 -0.27925 88.15589 0 8.40000 -49.95000 46.31213 0.19901 13
-1.31112 0.08342 20.47201 0 -2.47500 40.60000 12.44259 0.16625 -13
-0.13765 0.11142 3.21287 0 -3.52500 3.22500 3.18332 0.10238 13
-1.57672 0.12887 85.42434 0 -3.90000 44.95000 46.02134 0.18848 13
-1.62016 -0.27090 85.42434 0 8.15000 46.27500 46.02134 0.19364 13
0.54655 -0.23049 92.17430 0 6.95000 -17.77500 81.35520 0.11709 -13
0.78907 -0.17952 3.06756 0 5.20000 -23.37500 2.42266 0.12947 13
-0.87480 -0.05041 51.70833 0 1.52500 27.37500 38.93967 0.13390 -13
0.12389 -0.19784 4.96108 0 5.87500 -2.87500 4.92489 0.10337 13
-0.64759 0.07112 33.85684 0 -2.15000 17.95000 28.43948 0.12019 13
-1.01181 0.09027 98.72583 0 -2.72500 29.25000 69.54119 0.14355 13
1.65687 -0.14340 2.64729 0 3.97500 -49.35000 1.37812 0.19527 13
0.49135 -0.22733 99.93044 0 6.87500 -16.02500 90.12051 0.11452 -13
1.79095 0.14221 57.68377 0 -4.30000 -54.97500 28.33612 0.20708 13
1.83067 -0.25687 57.68377 0 7.72500 -56.17500 28.33612 0.21163 13
1.91301 -0.01392 71.03293 0 0.42500 -57.10000 32.90948 0.21738 -13
-0.73554 0.04456 38.22524 0 -1.32500 18.82500 30.80386 0.12509 -13
1.03751 0.00272 70.82884 0 -0.07500 -31.12500 49.15327 0.14511 -13
0.44223 -0.20192 23.15558 0 6.07500 -16.40000 21.24568 0.11195 13
-1.13764 0.10499 89.54425 0 -3.17500 32.32500 59.30092 0.15290 13
0.16134 -0.09569 81.40388 0 2.90000 -3.62500 80.37380 0.10246 -13
-0.37960 -0.16850 24.21294 0 5.07500 11.92500 22.67625 0.10904 13
-0.58452 -0.11636 7.12751 0 3.60000 14.00000 6.16336 0.11728 -13
0.02340 0.09919 75.77314 0 -3.00000 -1.85000 75.75260 0.10123 13
-0.65162 0.10535 76.31152 0 -3.17500 20.85000 64.04012 0.12066 -13
0.99103 0.03976 80.56804 0 -1.20000 -28.67500 57.24886 0.14183 -13
1.45619 0.09394 19.01400 0 -2.87500 -41.90000 10.79562 0.17817 13
0.97057 -0.20316 24.38235 0 6.10000 -28.42500 17.66660 0.14180 13
1.69450 -0.23022 10.54711 0 7.05000 -50.77500 5.46263 0.19967 -13
-0.79633 0.02789 20.83001 0 -0.87500 25.87500 16.29704 0.12877 13
0.45248 -0.05992 77.15945 0 1.82500 -13.60000 70.31945 0.11070 -13
0.21825 -0.23844 76.24756 0 7.17500 -8.22500 74.58503 0.10583 13
0.79045 -0.23959 8.30227 0 7.30000 -20.65000 6.58228 0.13070 -13
-1.41325 -0.07314 56.22540 0 2.20000 41.27500 32.53437 0.17449 13
0.13543 0.00109 60.26474 0 -0.05000 -3.50000 59.71958 0.10162 13
-0.64178 -0.01355 13.02404 0 0.37500 14.92500 10.96129 0.11967 13
0.44208 -0.18698 15.73806 0 5.67500 -12.32500 14.43391 0.11173 -13
-0.42769 -0.18342 96.04375 0 5.55000 9.50000 88.52942 0.11108 -13
-0.45028 0.03796 41.04473 0 -1.15000 14.62500 37.43020 0.11051 13
0.08066 -0.08956 69.48427 0 2.70000 -3.27500 69.26104 0.10143 -13
0.76816 -0.14254 90.01335 0 4.30000 -20.77500 71.64915 0.12780 -13
0.60803 0.09387 13.52189 0 -2.87500 -20.10000 11.56778 0.11825 13
-1.04336 -0.11390 10.08465 0 3.37500 31.72500 7.00174 0.14596 13
-1.33011 -0.06143 89.90496 0 1.85000 42.05000 54.09142 0.16769 13
1.63817 -0.17652 82.04412 0 5.32500 -49.72500 43.22567 0.19411 -13
-0.29145 -0.08263 78.32891 0 2.47500 9.87500 75.22013 0.10522 13
1.66123 0.14848 33.72023 0 -4.45000 -49.65000 17.53293 0.19577 -13
1.69389 -0.25028 33.72023 0 7.57500 -50.67500 17.53293 0.19971 -13
0.41740 0.04260 1.97445 0 -1.02500 -12.65000 1.82240 0.10932 -13
-1.20283 0.14480 54.66994 0 -4.37500 38.97500 35.16427 0.15813 13
-1.20283 0.14479 54.66994 0 -4.37500 39.00000 35.16427 0.15821 13
-1.22831 -0.25419 54.66994 0 7.65000 39.75000 35.16427 0.16152 13
0.04670 0.06085 17.83991 0 -1.80000 -4.30000 17.82057 0.10100 -13
0.11579 0.03289 19.92013 0 -1.02500 -3.72500 19.78803 0.10143 13
0.53077 0.06819 2.41471 0 -1.82500 -17.35000 2.13414 0.11426 -13
-0.17553 -0.09528 14.09917 0 2.85000 4.52500 13.88875 0.10268 13
1.69265 -0.08370 31.55517 0 2.55000 -51.05000 16.09164 0.19818 -13
1.39437 -0.09490 41.92895 0 2.85000 -42.05000 24.50793 0.17305 13
1.44522 0.14858 64.26526 0 -4.47500 -44.62500 36.83796 0.17760 -13
1.47359 -0.25019 64.26526 0 7.55000 -45.47500 36.83796 0.18112 -13
0.49936 -0.00175 99.51222 0 0.05000 -17.50000 89.02923 0.11256 -13
-0.51962 -0.08790 9.94722 0 2.70000 11.82500 8.83383 0.11386 -13
1.31586 -0.21062 40.88352 0 6.32500 -40.62500 25.07706 0.16775 13
0.11173 0.05546 89.74045 0 -1.67500 -4.42500 89.18713 0.10148 13
-0.07119 -0.17356 13.36649 0 5.27500 0.70000 13.33378 0.10248 -13
-0.80975 -0.04929 71.79405 0 1.50000 25.00000 55.82250 0.12967 -13
1.51859 0.06566 40.83227 0 -1.95000 -46.65000 22.49136 0.18321 -13
0.08963 -0.20920 95.44710 0 6.30000 -4.55000 95.08192 0.10327 13
0.32380 0.07788 83.23365 0 -2.35000 -7.50000 79.20853 0.10614 -13
-1.87189 -0.19888 47.23803 0 5.97500 54.67500 22.59465 0.21463 13
1.32341 -0.09667 71.75043 0 2.90000 -42.55000 43.38432 0.16732 13
-1.56852 -0.11439 99.09232 0 3.45000 47.50000 53.51693 0.18767 13
0.08835 0.11225 12.00843 0 -3.35000 -4.15000 11.96230 0.10171 -13
0.37574 0.05405 39.51443 0 -1.62500 -10.32500 36.99613 0.10771 -13
0.01765 -0.23210 4.73262 0 7.12500 -2.32500 4.73192 0.10351 -13
-1.41598 -0.14892 97.22545 0 4.47500 43.45000 56.49733 0.17520 13
1.39954 0.11257 39.39864 0 -3.42500 -42.37500 23.00077 0.17360 13
-1.42575 -0.25658 1.88683 0 7.27500 47.55000 1.10649 0.17694 13
0.71379 -0.15095 83.58068 0 4.55000 -22.72500 68.28578 0.12466 13
-0.47280 -0.11729 93.79748 0 3.55000 14.32500 84.90260 0.11202 -13
-0.25739 -0.00786 29.77064 0 0.22500 8.67500 28.83102 0.10399 13
0.48757 -0.17160 86.11300 0 5.17500 -14.55000 77.61645 0.11336 13
-0.29472 -0.02432 70.76771 0 0.72500 7.77500 67.88259 0.10502 13
-0.14331 0.06574 73.21320 0 -2.00000 5.45000 72.47580 0.10194 13
-1.82712 -0.03716 76.46322 0 1.12500 55.62500 36.72939 0.20979 -13
0.03860 -0.12869 69.98192 0 3.87500 -1.77500 69.93067 0.10161 13
-1.50283 -0.08213 43.67052 0 2.50000 45.65000 24.24903 0.18197 -13
0.28169 0.04725 9.79928 0 -1.37500 -10.50000 9.43299 0.10473 -13
1.01835 0.10962 19.25165 0 -3.35000 -29.50000 13.53014 0.14417 13
0.60262 -0.23845 6.27337 0 7.30000 -17.95000 5.41170 0.12012 -13
0.57756 -0.05506 2.47666 0 1.90000 -19.27500 2.14542 0.11659 -13
0.21480 -0.16361 97.04886 0 4.92500 -6.47500 94.93909 0.10431 13
0.32641 -0.10628 30.09965 0 3.22500 -11.10000 28.62945 0.10648 -13
1.33165 -0.13424 72.93987 0 4.05000 -38.15000 44.04960 0.16826 -13
-0.29658 -0.07803 1.96291 0 2.60000 8.47500 1.88232 0.10556 -13
-0.16372 0.11157 95.78250 0 -3.37500 5.82500 94.53927 0.10266 13
0.24284 0.08119 33.59047 0 -2.42500 -9.37500 32.64759 0.10395 -13
0.45860 -0.00448 51.71520 0 0.15000 -15.55000 47.00781 0.11079 -13
0.01331 0.10878 59.48749 0 -3.27500 -1.37500 59.48229 0.10130 -13
-0.25711 -0.12508 61.92492 0 3.77500 4.30000 60.00298 0.10473 13
0.70392 0.07198 68.49158 0 -2.17500 -21.52500 56.05484 0.12337 13
-0.08161 -0.09514 39.65548 0 2.85000 3.05000 39.52525 0.10149 13
0.19062 0.03372 56.02031 0 -1.00000 -8.45000 55.03055 0.10257 -13
-0.50932 -0.10014 97.47332 0 3.02500 15.57500 86.94554 0.11337 13
-0.07804 -1.50501 97.47332 0 3.05000 15.57500 86.94554 0.11352 13
0.59700 1.97128 97.47332 0 3.97500 15.70000 86.94554 0.11717 13
0.06216 -3.03031 97.47332 0 1.97500 15.00000 86.94554 0.14736 13
4.27657 -10.91673 97.47332 0 2.05000 14.97500 86.94554 0.14768 13
1.65036 -0.11796 76.47828 0 3.57500 -52.57500 39.83407 0.19469 -13
1.26362 -0.10829 54.78831 0 3.27500 -37.02500 34.12149 0.16265 -13
0.63040 0.13931 13.48139 0 -4.25000 -17.57500 11.43550 0.11990 13
0.64512 -0.26001 13.48139 0 7.80000 -18.00000 11.43550 0.12262 13
-0.74538 -0.01908 23.93796 0 0.55000 23.07500 19.19420 0.12561 13
0.24787 -0.08364 56.28908 0 2.52500 -4.57500 54.64655 0.10409 13
-1.19298 0.02593 93.30482 0 -0.80000 34.12500 59.95093 0.15678 13
1.68970 0.01307 14.66584 0 -0.32500 -51.35000 7.46965 0.19774 -13
0.60401 0.13636 55.06912 0 -4.10000 -15.85000 47.25340 0.11844 -13
0.61882 -0.26298 55.06912 0 7.95000 -16.30000 47.25340 0.12136 -13
0.51899 -0.10439 71.96171 0 3.15000 -13.45000 63.94564 0.11395 -13
-1.59595 -0.09100 35.07101 0 2.77500 50.72500 18.67655 0.18990 -13
-1.25570 -0.09017 4.53579 0 2.87500 37.75000 2.83250 0.16204 -13
-0.17639 -0.22509 30.33870 0 6.80000 7.22500 29.89946 0.10476 -13
-2.10924 -0.21439 79.95292 0 6.47500 64.37500 34.88443 0.23608 -13
0.14272 -0.12098 94.36330 0 3.65000 -2.75000 93.43010 0.10245 -13
0.12207 -0.04084 38.27723 0 1.25000 -4.90000 37.99562 0.10154 -13
-0.74020 0.01487 30.51553 0 -0.42500 21.67500 24.52843 0.12529 -13
0.54907 -0.16054 65.42020 0 4.85000 -15.97500 57.51232 0.11602 -13
0.22187 0.10830 70.08952 0 -3.27500 -7.05000 68.44421 0.10373 13
1.25964 0.08992 54.13021 0 -2.70000 -37.07500 33.73967 0.16221 -13
-0.05100 -0.08002 33.19724 0 2.40000 3.82500 33.15445 0.10115 13
1.05701 -0.03395 27.65351 0 1.05000 -34.85000 19.01039 0.14658 -13
-0.88786 0.14282 56.17914 0 -4.32500 26.05000 42.19698 0.13544 13
-0.90731 -0.25626 56.17914 0 7.72500 26.65000 42.19698 0.13839 13
0.02073 -0.17590 21.08209 0 5.32500 -1.20000 21.07772 0.10229 -13
0.43064 0.00277 4.77530 0 0.02500 -14.07500 4.38597 0.10967 -13
1.06244 -0.18331 34.05628 0 5.55000 -34.32500 23.54510 0.14811 -13
-0.07485 -0.07400 90.76831 0 2.25000 -1.02500 90.51646 0.10126 -13
-1.29555 -0.10296 9.86694 0 3.17500 39.75000 6.04833 0.16520 -13
-0.14164 0.09571 15.98632 0 -2.85000 5.10000 15.82972 0.10216 -13
0.03774 -0.09210 51.16914 0 2.77500 0.55000 51.13303 0.10120 13
-0.51959 0.14637 60.89598 0 -4.42500 16.57500 54.15759 0.11444 13
-0.53026 -0.25256 60.89598 0 7.60000 16.90000 54.15759 0.11678 13
-0.07564 -0.16124 45.21032 0 4.85000 0.35000 45.08479 0.10228 13
0.31999 0.11783 80.26604 0 -3.55000 -7.60000 76.49632 0.10639 -13
0.51473 0.12350 23.28935 0 -3.70000 -16.95000 20.73967 0.11393 -13
0.53002 -0.27650 23.28935 0 8.37500 -17.40000 20.73967 0.11735 -13
1.30257 -0.08613 27.55077 0 2.57500 -39.82500 16.81688 0.16559 13
0.38297 0.14616 33.02691 0 -4.42500 -11.85000 30.88394 0.10884 13
0.39087 -0.25277 33.02691 0 7.60000 -12.10000 30.88394 0.11107 13
0.99655 -0.00824 8.59296 0 0.17500 -33.60000 6.08616 0.14220 13
2.16256 0.03349 75.08235 0 -1.00000 -63.87500 31.52683 0.23997 -13
-1.30247 -0.15651 73.98498 0 4.72500 40.00000 45.39755 0.16612 -13
-0.51586 -0.14770 62.47135 0 4.45000 17.35000 55.64436 0.11427 13
-1.18216 -0.11192 77.42823 0 3.37500 35.15000 50.18654 0.15633 -13
2.10084 0.00193 53.34019 0 -0.07500 -62.92500 22.92507 0.23431 13
1.68607 0.05462 68.63493 0 -1.65000 -49.90000 35.05078 0.19750 13
1.47605 0.05756 85.36412 0 -1.75000 -45.27500 47.93393 0.17964 13
1.16155 -0.18028 12.64220 0 5.37500 -34.10000 8.32330 0.15537 13
-0.37705 -0.24855 75.37645 0 7.50000 12.00000 70.78648 0.11050 -13
-1.13001 0.13508 3.57163 0 -3.85000 33.62500 2.37901 0.15248 -13
-1.15778 -0.26399 3.57163 0 8.20000 34.55000 2.37901 0.15673 -13
-0.44733 -0.13643 77.23997 0 4.12500 12.52500 70.61464 0.11117 -13
0.88364 -0.16796 12.76391 0 5.02500 -27.75000 9.62304 0.13541 13
-0.62394 0.11588 91.57900 0 -3.50000 18.57500 77.83999 0.11927 -13
0.25418 -0.18751 38.67399 0 5.67500 -6.75000 37.52067 0.10562 -13
0.07381 0.09262 23.35679 0 -2.77500 -2.72500 23.29401 0.10140 -13
-0.49827 -0.10913 97.02748 0 3.30000 15.57500 86.94567 0.11305 -13
-0.79118 -0.86649 97.02748 0 3.62500 16.12500 86.94567 0.11535 -13
0.65407 0.80076 97.02748 0 4.42500 16.70000 86.94567 0.11945 -13
-0.29186 -0.06800 15.87032 0 2.07500 8.32500 15.23753 0.10513 -13
1.34927 0.09362 89.89388 0 -2.82500 -42.22500 53.67708 0.16938 -13
-0.02787 -0.19762 87.52897 0 5.97500 1.85000 87.49627 0.10269 -13
-0.00824 -0.17879 97.70694 0 5.40000 0.07500 97.70373 0.10231 -13
0.79469 0.06062 14.20457 0 -1.77500 -24.57500 11.12831 0.12877 -13
-1.03265 0.07944 92.48457 0 -2.40000 28.82500 64.44192 0.14498 -13
0.70620 -0.19086 74.40286 0 5.75000 -19.87500 61.13430 0.12477 13
0.46912 -0.22668 36.83494 0 6.85000 -14.02500 33.49568 0.11357 -13
0.78939 -0.00399 58.43473 0 0.12500 -23.15000 45.86659 0.12830 -13
0.05815 -0.11683 53.98634 0 3.52500 -1.85000 53.89641 0.10155 13
0.38703 0.11552 49.33030 0 -3.47500 -10.95000 46.04443 0.10861 -13
-1.03653 0.04890 92.25795 0 -1.47500 31.37500 64.09520 0.14513 13
-1.26088 0.05010 6.34765 0 -1.40000 36.85000 3.94781 0.16212 -13
0.07147 0.11834 22.42218 0 -3.55000 -3.22500 22.36588 0.10166 -13
-0.71531 -0.12008 5.66238 0 3.72500 20.62500 4.61695 0.12446 -13
-0.77180 0.09790 7.93707 0 -3.02500 25.40000 6.29459 0.12763 13
-0.23530 -0.25079 3.97128 0 7.42500 8.22500 3.87171 0.10642 13
-1.44649 -0.18215 30.12313 0 5.52500 42.17500 17.31841 0.17807 -13
-1.54003 0.10979 89.57476 0 -3.32500 47.25000 48.98766 0.18525 13
0.83688 -0.09867 31.85442 0 3.00000 -22.20000 24.47713 0.13171 -13
-0.29572 0.09395 31.20285 0 -2.82500 6.57500 29.93246 0.10544 -13
1.70241 -0.19773 13.23528 0 6.02500 -51.62500 6.79863 0.19994 -13
0.68011 -0.15293 27.69360 0 4.60000 -21.90000 22.98255 0.12274 13
-0.56568 -0.22601 73.03729 0 6.82500 18.55000 63.94877 0.11792 -13
-0.06051 0.13487 26.80375 0 -4.05000 4.62500 26.75566 0.10179 -13
-0.06202 -0.26454 26.80375 0 8.00000 4.67500 26.75566 0.10437 -13
0.69111 -0.03405 24.64921 0 1.05000 -22.25000 20.28146 0.12246 -13
-0.59817 -0.10312 77.25720 0 3.10000 17.37500 66.39303 0.11780 13
0.86907 -0.06928 9.97942 0 2.15000 -26.12500 7.53950 0.13364 -13
-1.11115 -0.18571 57.83791 0 5.60000 35.75000 39.05249 0.15169 13
-0.91020 0.03871 39.16912 0 -1.17500 25.25000 28.97653 0.13623 13
1.61251 0.13085 66.78394 0 -3.95000 -49.72500 35.41300 0.19154 13
1.65571 -0.26885 66.78394 0 8.10000 -51.00000 35.41300 0.19663 13
1.29419 0.11647 53.90855 0 -3.50000 -39.20000 33.09953 0.16512 -13
0.99202 -0.06426 76.50399 0 1.95000 -32.15000 54.36802 0.14200 -13
1.09960 -0.08195 89.25297 0 2.47500 -29.65000 60.15962 0.14989 13
-1.42233 -0.03622 96.24913 0 1.07500 42.42500 55.38231 0.17513 13
-1.63676 0.14445 1.09022 0 -3.47500 50.92500 0.57277 0.19387 -13
1.56675 -0.24349 87.66574 0 7.35000 -49.47500 48.13203 0.18879 -13
0.71184 -0.10356 15.09468 0 3.17500 -22.22500 12.31923 0.12407 -13
0.52572 0.06558 26.72351 0 -2.00000 -14.80000 23.66490 0.11397 13
-0.34379 0.04219 29.83515 0 -1.25000 10.60000 28.21680 0.10657 -13
1.54135 -0.02804 42.70764 0 0.87500 -47.42500 23.25134 0.18504 -13
-0.48124 -0.08688 41.58968 0 2.60000 14.92500 37.50404 0.11209 13
-0.41839 0.08722 91.37572 0 -2.62500 10.85000 84.34250 0.10952 13
-0.30338 -0.04367 34.09646 0 1.32500 6.82500 32.63052 0.10533 -13
-0.05550 -0.01906 14.44203 0 0.60000 0.37500 14.41986 0.10088 -13
0.17956 -0.13454 77.45627 0 4.07500 -5.15000 76.25816 0.10321 -13
-0.64687 -0.12768 15.66751 0 3.82500 18.85000 13.18627 0.12061 13
-0.19828 0.02435 53.70892 0 -0.72500 7.77500 52.68388 0.10269 -13
-0.39590 -0.20711 5.42203 0 6.35000 12.62500 5.05554 0.11039 -13
-0.41712 0.06950 45.26242 0 -2.10000 11.05000 41.78885 0.10934 13
1.61236 0.05007 90.76383 0 -1.52500 -46.80000 47.88223 0.19113 13
-0.69676 0.05001 13.67942 0 -1.47500 23.30000 11.22840 0.12283 -13
0.89633 0.09903 1.27445 0 -2.52500 -25.25000 0.95093 0.13591 -13
-0.82193 -0.13720 66.05402 0 4.15000 23.82500 51.21995 0.13109 -13
0.69089 0.00102 96.67969 0 -0.02500 -18.65000 79.54193 0.12240 -13
-1.29572 0.00107 34.16182 0 -0.00000 41.90000 20.87200 0.16482 -13
-0.80440 -0.15824 87.79687 0 4.77500 25.90000 68.74102 0.13022 13
-0.28734 -0.23986 78.99529 0 7.22500 6.97500 76.08127 0.10752 13
0.50786 -0.11415 45.07910 0 3.45000 -15.77500 40.24600 0.11353 -13
2.11283 0.07041 90.77464 0 -2.12500 -64.20000 38.91208 0.23551 13
0.17323 0.05883 97.88658 0 -1.77500 -4.60000 96.45499 0.10238 13
0.47609 -0.18800 18.42376 0 5.65000 -14.85000 16.68742 0.11311 13
0.66460 0.11075 51.67800 0 -3.35000 -19.22500 43.11975 0.12143 13
-0.86146 -0.06442 63.52631 0 1.95000 25.07500 48.17270 0.13307 -13
0.39093 -0.07462 16.01975 0 2.22500 -13.02500 14.92591 0.10837 13
-0.17434 -0.24428 51.13627 0 7.37500 5.70000 50.41825 0.10515 -13
1.84263 0.13132 99.20375 0 -3.95000 -56.60000 47.63200 0.21153 -13
1.89153 -0.26829 99.20375 0 8.10000 -58.07500 47.63200 0.21717 -13
1.73564 0.09569 35.61321 0 -2.92500 -51.40000 17.84018 0.20195 13
-0.57097 -0.08162 50.60308 0 2.45000 16.50000 43.98026 0.11625 13
-0.51718 0.12794 45.47861 0 -3.85000 14.50000 40.46461 0.11409 -13
-0.53163 -0.27186 45.47861 0 8.22500 14.92500 40.46461 0.11730 -13
1.88225 0.03573 55.60079 0 -1.10000 -56.77500 26.09905 0.21468 13
0.98098 0.11285 70.91545 0 -3.40000 -31.07500 50.78056 0.14152 -13
1.46720 -0.03883 74.79719 0 1.15000 -42.27500 42.14719 0.17885 13
0.83461 -0.21146 45.15940 0 6.40000 -26.25000 34.97989 0.13290 -13
-0.83166 -0.15503 35.71040 0 4.70000 24.27500 27.58909 0.13191 -13
0.27532 -0.23992 83.89570 0 7.22500 -9.67500 81.04153 0.10721 13
-0.87467 -0.00556 49.20866 0 0.15000 25.75000 37.03987 0.13378 13
-0.50478 0.10511 84.61577 0 -3.17500 15.27500 75.62213 0.11329 -13
-0.72047 0.14266 82.43469 0 -4.30000 23.72500 67.11285 0.12494 -13
-0.73631 -0.25638 82.43469 0 7.75000 24.20000 67.11285 0.12770 -13
0.29779 -0.24546 51.02001 0 7.40000 -11.40000 49.01150 0.10793 13
0.55753 0.12238 38.56799 0 -3.70000 -18.67500 33.74541 0.11596 13
0.57434 -0.27778 38.56799 0 8.37500 -19.17500 33.74541 0.11944 13
0.48007 0.11573 17.64837 0 -3.45000 -12.72500 15.92951 0.11230 -13
1.41801 0.13195 23.98458 0 -4.02500 -44.15000 13.90255 0.17527 13
1.45541 -0.26778 23.98458 0 8.05000 -45.25000 13.90255 0.17980 13
1.18075 0.14336 37.97245 0 -4.30000 -35.35000 24.68621 0.15647 -13
1.20641 -0.25568 37.97245 0 7.72500 -36.12500 24.68621 0.15991 -13
-1.24619 -0.15302 53.42924 0 4.62500 36.70000 33.67404 0.16166 -13
-2.15493 0.09327 90.60689 0 -2.80000 63.92500 38.27586 0.23942 -13
-1.10691 0.03148 44.14419 0 -0.92500 31.75000 29.60082 0.15026 -13
-2.06017 0.00155 38.88172 0 -0.07500 59.15000 16.97829 0.23062 13
0.76186 -0.03387 92.03700 0 1.02500 -22.15000 73.22623 0.12665 13
-1.31751 -0.06206 75.71665 0 1.85000 40.15000 45.83187 0.16668 13
-0.08710 -0.22716 85.61654 0 6.85000 2.17500 85.30938 0.10364 13
-1.29181 -0.06498 59.76376 0 1.97500 39.47500 36.63107 0.16464 -13
-0.34421 0.10426 32.09815 0 -3.12500 10.65000 30.36792 0.10702 -13
-0.01338 -0.20700 60.91632 0 6.22500 -0.77500 60.91109 0.10284 13
0.37438 -0.24217 36.68285 0 7.32500 -12.90000 34.47173 0.11027 -13
-0.90700 0.10573 90.88970 0 -3.17500 27.15000 67.49146 0.13637 -13
0.96868 -0.12782 19.50290 0 3.82500 -26.42500 14.06300 0.14077 13
-0.95774 -0.23410 78.11398 0 7.05000 27.87500 57.12865 0.14141 13
0.48125 0.07804 84.57391 0 -2.35000 -16.47500 76.25176 0.11203 13
-0.57841 -0.06133 40.28847 0 1.87500 17.67500 34.89098 0.11651 -13
0.87366 0.13126 91.17950 0 -3.95000 -25.95000 68.91852 0.13436 -13
0.89688 -0.26835 91.17950 0 8.10000 -26.65000 68.91852 0.13795 -13
-0.74115 -0.19220 4.81450 0 5.67500 20.15000 3.89247 0.12677 13
-0.03130 0.01298 21.00652 0 -0.42500 -0.22500 20.99623 0.10076 13
-0.15458 -0.10435 99.59428 0 3.15000 4.30000 98.43759 0.10243 13
0.77401 -0.14576 99.99986 0 4.40000 -21.17500 79.38894 0.12819 -13
-0.21796 -0.17755 19.38651 0 5.37500 7.55000 18.95453 0.10463 -13
0.85960 -0.21096 72.59491 0 6.35000 -26.10000 55.55658 0.13448 13
-0.72587 -0.24876 58.87077 0 7.52500 20.40000 48.12890 0.12694 -13
-0.70342 -0.01344 49.71995 0 0.40000 19.15000 40.66772 0.12313 13
-0.62295 -0.21872 58.15225 0 6.57500 20.52500 49.67705 0.12066 13
-1.18287 0.09405 7.53056 0 -2.72500 38.60000 4.87390 0.15625 -13
-0.73360 0.03248 28.39197 0 -1.00000 24.27500 22.89659 0.12494 13
0.08212 -0.13760 92.06605 0 4.15000 -0.80000 91.76282 0.10199 13
5.59036 11.64542 92.06605 0 3.72500 -44.25000 91.76282 0.32670 13
-0.05085 -1.73163 92.06605 0 3.90000 -44.17500 91.76282 0.32775 13
-0.67810 0.08642 82.50455 0 -2.60000 19.57500 68.36527 0.12198 -13
-2.07027 -0.12458 80.46161 0 3.75000 63.67500 35.21496 0.23186 13
-1.16207 0.08596 63.87938 0 -2.60000 34.57500 41.75464 0.15463 13
-0.78202 -0.11761 64.21906 0 3.55000 23.17500 50.71821 0.12840 -13
1.97205 -0.21736 27.43529 0 6.52500 -61.85000 12.63623 0.22368 13
0.39143 -0.19868 98.17634 0 5.97500 -12.42500 91.65366 0.10997 13
0.07566 -0.12556 64.98028 0 3.77500 -2.35000 64.79794 0.10178 13
0.23839 -0.11252 76.88138 0 3.40000 -5.77500 74.81073 0.10414 -13
1.83171 -0.15808 22.73230 0 4.72500 -59.75000 10.99631 0.21072 13
-0.30699 -0.18875 25.68393 0 5.72500 10.27500 24.58968 0.10706 -13
-1.43239 -0.24254 40.02563 0 7.32500 42.65000 23.35235 0.17763 -13
0.59793 0.03888 21.38504 0 -1.20000 -19.00000 18.35797 0.11740 13
0.88465 -0.00205 44.08040 0 0.05000 -29.65000 33.01565 0.13445 13
0.67271 0.09167 70.58932 0 -2.75000 -19.90000 58.64623 0.12171 -13
0.33351 -0.21692 68.19932 0 6.55000 -12.45000 64.84211 0.10839 -13
-1.59941 0.00253 13.92540 0 -0.15000 49.67500 7.38265 0.18996 13
-0.64460 -0.04042 46.88669 0 1.20000 19.15000 39.41823 0.11988 13
0.28483 0.05507 72.02112 0 -1.67500 -8.95000 69.27402 0.10485 13
-0.35912 0.03595 48.92648 0 -1.10000 10.50000 46.05067 0.10706 13
0.99080 0.03585 97.03602 0 -1.10000 -31.80000 68.95336 0.14181 13
-0.47966 0.12164 58.59635 0 -3.67500 13.22500 52.90494 0.11236 13
-0.49431 -0.27859 58.59635 0 8.40000 13.67500 52.90494 0.11577 13
-0.21061 0.09226 94.32338 0 -2.77500 7.35000 92.31503 0.10333 -13
-0.97061 -0.03266 52.48941 0 1.00000 28.25000 37.67483 0.14038 -13
0.80254 0.08773 93.84822 0 -2.65000 -24.82500 73.30131 0.12943 -13
0.92629 0.12845 50.90600 0 -3.87500 -30.10000 37.48665 0.13788 13
0.95199 -0.27135 50.90600 0 8.17500 -30.87500 37.48665 0.14168 13
2.00833 -0.19595 66.99401 0 5.92500 -61.25000 30.31450 0.22681 -13
-0.28428 0.13199 96.18232 0 -3.97500 8.07500 92.57578 0.10553 -13
-0.29175 -0.26759 96.18232 0 8.07500 8.30000 92.57578 0.10831 -13
0.43249 0.13330 9.35798 0 -4.07500 -14.65000 8.60083 0.11057 13
0.44376 -0.26625 9.35798 0 7.97500 -14.97500 8.60083 0.11334 13
0.03417 -0.04504 24.78255 0 1.37500 0.00000 24.76813 0.10087 -13
1.68863 -0.11267 74.45741 0 3.37500 -53.05000 38.11707 0.19795 13
-0.17732 0.11231 80.95765 0 -3.40000 6.27500 79.72930 0.10290 13
0.36656 -0.21066 75.63991 0 6.35000 -11.77500 71.19868 0.10933 13
-0.63084 -0.06926 6.30203 0 2.17500 20.57500 5.33418 0.11930 -13
0.79752 -0.16359 51.62922 0 4.92500 -23.75000 40.57102 0.12985 13
-2.10816 0.08122 63.73587 0 -2.45000 64.55000 27.38920 0.23512 13
-0.32835 -0.13211 19.70454 0 4.00000 10.30000 18.73673 0.10684 -13
-1.21042 0.00324 87.33712 0 -0.10000 35.52500 55.62666 0.15811 -13
-1.64246 -0.05225 37.28602 0 1.60000 48.67500 19.40947 0.19373 -13
-1.29294 -0.21503 81.39754 0 6.50000 41.57500 50.50235 0.16603 -13
0.40319 -0.00616 12.17934 0 0.15000 -13.67500 11.29597 0.10858 13
-1.37924 -0.06905 30.14050 0 2.05000 43.47500 17.71993 0.17169 13
0.83068 -0.04304 32.48001 0 1.32500 -24.00000 24.99378 0.13099 -13
0.13041 -0.18613 9.54627 0 5.55000 -4.70000 9.46883 0.10325 13
-0.07728 0.13991 1.39229 0 -3.85000 1.32500 1.38825 0.10212 -13
-0.07901 -0.25866 1.39229 0 8.20000 1.40000 1.38825 0.10495 -13
0.26348 -0.14079 88.94789 0 4.25000 -9.12500 86.06659 0.10510 13
-0.23066 -0.09389 94.41628 0 2.82500 7.25000 92.02063 0.10378 -13
-1.78187 -0.08079 29.60809 0 2.40000 54.67500 14.52634 0.20591 13
-1.08750 -0.16567 25.77400 0 5.02500 32.85000 17.57300 0.14974 -13
-1.30683 -0.08944 9.30502 0 2.77500 39.15000 5.66879 0.16601 -13
0.22346 -0.00892 17.58002 0 0.30000 -6.77500 17.15692 0.10320 -13
-1.44382 0.11165 36.41032 0 -3.40000 44.55000 20.81729 0.17725 13
0.21499 -0.14757 5.55701 0 4.37500 -7.87500 5.43543 0.10405 13
-1.03116 0.12138 98.22360 0 -3.67500 31.22500 68.63780 0.14517 13
-1.06271 -0.27884 98.22360 0 8.40000 32.17500 68.63780 0.14960 13
-1.40509 -0.07270 38.83426 0 2.17500 44.32500 22.55631 0.17382 13
1.73294 -0.23824 87.70842 0 7.17500 -51.32500 44.74815 0.20289 13
0.32094 -0.02173 11.46400 0 0.60000 -8.97500 10.91582 0.10579 13
0.07754 0.04556 11.29566 0 -1.32500 -2.70000 11.26194 0.10111 -13
-1.69142 0.03931 14.73556 0 -1.12500 50.90000 7.50400 0.19789 -13
-1.05926 -0.21134 96.80809 0 6.37500 32.67500 67.22003 0.14824 -13
-0.10443 -0.01928 55.22972 0 0.60000 5.22500 54.93112 0.10127 -13
-0.59826 -0.06591 23.13103 0 2.00000 16.37500 19.86126 0.11754 -13
2.03001 -0.05702 86.37572 0 1.72500 -62.37500 38.21958 0.22797 -13
0.05988 -0.23346 75.92917 0 7.05000 -0.67500 75.80049 0.10359 -13
1.23751 -0.22173 75.04603 0 6.70000 -36.35000 47.85034 0.16178 -13
-1.21263 -0.23025 47.35054 0 6.95000 34.22500 30.58712 0.15999 -13
0.26164 -0.19666 61.87869 0 5.95000 -7.95000 59.93508 0.10597 -13
0.55142 -0.20135 12.22175 0 6.12500 -15.95000 10.75136 0.11681 -13
-1.19882 -0.23982 38.37485 0 7.25000 36.37500 24.98594 0.15907 -13
-1.21522 -0.09809 80.61067 0 2.97500 37.00000 51.36600 0.15880 -13
0.45281 -0.20621 40.83275 0 6.20000 -15.17500 37.32686 0.11247 13
-0.16458 0.00412 88.77508 0 -0.12500 4.25000 87.59659 0.10206 -13
0.09456 0.12042 46.95026 0 -3.62500 -0.37500 46.74472 0.10187 -13
0.09749 -0.27982 46.95026 0 8.45000 -0.45000 46.74472 0.10504 -13
-0.94935 -0.14454 32.09956 0 4.37500 27.95000 23.39355 0.13963 -13
-0.50901 -0.02268 49.39854 0 0.67500 16.05000 44.02607 0.11302 13
0.05009 -0.07002 18.66592 0 2.15000 -5.02500 18.64267 0.10109 -13
-0.34553 0.10244 65.90276 0 -3.07500 8.50000 62.32379 0.10704 -13
-0.25514 0.00261 17.33493 0 -0.05000 8.77500 16.79687 0.10393 -13
0.58047 -0.05661 80.75178 0 1.72500 -16.97500 69.86649 0.11658 -13
0.80900 0.10218 10.82172 0 -3.02500 -23.35000 8.43082 0.12992 -13
-0.65420 -0.09965 89.36577 0 3.00000 19.32500 74.89437 0.12075 13
1.86575 0.00410 9.38983 0 -0.00000 -55.55000 4.43581 0.21318 -13
-2.05850 0.08881 79.08056 0 -2.70000 60.97500 34.66393 0.23065 13
0.10320 -0.03940 17.11955 0 1.15000 -2.62500 17.02924 0.10131 13
-0.03704 -0.02808 73.16303 0 0.85000 4.65000 73.11292 0.10081 13
-1.47628 -0.22383 64.01086 0 6.77500 44.27500 36.50143 0.18098 -13
-1.43200 -0.17778 26.59636 0 5.32500 45.50000 15.38738 0.17676 13
-0.48519 0.10283 81.84686 0 -3.10000 15.52500 73.71083 0.11241 -13
-1.88611 0.12302 69.98459 0 -3.72500 56.35000 32.97506 0.21535 13
-1.94251 -0.27711 69.98459 0 8.35000 58.02500 32.97506 0.22175 13
-0.11642 -0.08147 66.62014 0 2.45000 2.72500 66.17610 0.10171 13
-0.22986 -0.00435 19.75153 0 0.15000 4.67500 19.24959 0.10333 -13
-0.21193 -0.18202 72.86222 0 5.47500 4.00000 71.32836 0.10456 13
0.44188 -0.01376 8.21251 0 0.35000 -11.87500 7.51203 0.11011 13
-0.04513 -0.05047 87.85160 0 1.52500 1.65000 87.76249 0.10093 13
0.07569 -0.16896 11.02666 0 5.15000 -2.42500 10.99605 0.10244 -13
-0.49653 -0.23261 19.05858 0 6.97500 14.32500 17.15762 0.11483 13
-0.94360 -0.15845 96.55399 0 4.77500 28.72500 70.63448 0.13937 13
-0.03308 -0.00432 82.14593 0 0.12500 -0.02500 82.10102 0.10076 -13
0.16381 0.08926 22.98700 0 -2.67500 -4.15000 22.68704 0.10244 -13
0.48691 -0.12411 72.17140 0 3.75000 -13.77500 64.98293 0.11270 -13
-0.98055 -0.07704 97.17118 0 2.32500 29.67500 69.48223 0.14125 -13
-0.20134 0.00590 77.52982 0 -0.17500 6.97500 76.00463 0.10272 -13
0.18158 0.01911 91.46529 0 -0.57500 -4.45000 89.99423 0.10237 -13
0.38717 -0.01280 97.48812 0 0.40000 -11.32500 90.91344 0.10799 -13
-0.84008 0.04321 12.16084 0 -1.35000 24.32500 9.31474 0.13161 13
0.42741 -0.08345 73.19382 0 2.50000 -13.22500 67.34018 0.10983 13
0.94910 -0.18181 35.15049 0 5.50000 -27.82500 25.69103 0.14006 -13
-0.11302 -0.21477 24.03883 0 6.45000 4.42500 23.89345 0.10361 13
0.77689 -0.15123 17.12879 0 4.52500 -21.50000 13.58367 0.12841 13
-0.88828 -0.12264 4.21783 0 3.87500 27.20000 3.16381 0.13540 -13
-0.65505 0.12457 57.70790 0 -3.75000 16.77500 48.38428 0.12103 -13
-0.67423 -0.27540 57.70790 0 8.32500 17.37500 48.38428 0.12459 -13
0.17087 -0.18582 13.58617 0 5.57500 -6.27500 13.39843 0.10384 13
-0.54834 -0.02709 74.53229 0 0.82500 15.77500 65.35803 0.11488 -13
-0.56127 -0.06863 28.58787 0 2.10000 15.12500 24.94345 0.11570 -13
1.13944 0.14885 60.72217 0 -4.50000 -34.07500 40.30168 0.15324 13
1.16170 -0.24995 60.72217 0 7.52500 -34.75000 40.30168 0.15638 13
1.65346 0.06757 96.45581 0 -2.05000 -51.07500 50.00023 0.19472 13
-0.51575 -0.20173 90.56006 0 6.10000 16.22500 80.81850 0.11512 -13
0.39181 0.10555 17.56288 0 -3.15000 -12.07500 16.36426 0.10867 -13
-2.11917 0.07201 1.57477 0 -2.95000 63.35000 0.67352 0.23714 13
0.91600 0.01764 41.38229 0 -0.52500 -30.65000 30.51739 0.13658 -13
-0.58550 0.00315 91.10606 0 -0.10000 18.95000 78.62128 0.11670 13
-1.10973 -0.18222 20.20095 0 5.45000 33.42500 13.64401 0.15152 13
-0.29189 -0.19362 65.80241 0 5.85000 7.15000 63.25604 0.10670 -13
0.38455 0.10378 85.03194 0 -3.12500 -11.62500 79.42052 0.10839 -13
0.71641 0.06614 73.57128 0 -2.00000 -21.15000 59.85157 0.12406 13
-0.72075 -0.00786 12.74240 0 0.20000 22.17500 10.33739 0.12414 13
-1.92657 0.12932 45.22748 0 -3.87500 56.22500 20.97237 0.21896 -13
-1.97941 -0.27035 45.22748 0 8.17500 57.85000 20.97237 0.22502 -13
-1.19233 -0.14371 49.41742 0 4.32500 35.90000 31.94607 0.15736 13
0.43220 -0.04908 41.12246 0 1.50000 -14.40000 37.75499 0.10982 -13
-1.48219 -0.01500 91.08869 0 0.45000 44.67500 50.94855 0.18006 -13
1.50524 0.10039 74.68273 0 -3.02500 -44.45000 41.47005 0.18227 -13
-0.24513 -0.24501 12.68468 0 7.42500 8.75000 12.33966 0.10662 -13
0.23079 0.05803 92.03048 0 -1.75000 -8.40000 89.68073 0.10351 -13
0.08605 -0.17259 28.33044 0 5.22500 -0.70000 28.22913 0.10257 -13
-0.36711 -0.01862 33.71422 0 0.55000 11.65000 31.64956 0.10729 13
-0.83580 -0.18299 13.47162 0 5.57500 23.90000 10.40615 0.13258 -13
-0.37024 -0.23392 10.57296 0 7.00000 11.02500 9.94639 0.10990 13
-1.30017 0.05541 54.40273 0 -1.67500 40.10000 33.19914 0.16528 13
0.60630 0.07446 60.36245 0 -2.22500 -17.47500 51.65467 0.11800 -13
-0.05745 0.13863 13.57611 0 -4.15000 0.55000 13.55418 0.10182 -13
-0.05878 -0.26053 13.57611 0 7.90000 0.60000 13.55418 0.10427 -13
1.28141 -0.15423 94.28487 0 4.65000 -38.42500 58.42944 0.16441 13
-1.23252 -0.14775 98.95178 0 4.45000 38.10000 62.75141 0.16052 13
-0.23013 0.14376 94.61070 0 -4.32500 6.40000 92.24777 0.10434 -13
-0.23509 -0.25525 94.61070 0 7.70000 6.55000 92.24777 0.10660 -13
-0.11539 -0.24632 31.87643 0 7.42500 3.27500 31.67827 0.10435 13
-0.76421 -0.00320 46.75119 0 0.10000 19.62500 37.14604 0.12675 -13
0.20860 -0.10469 38.48803 0 3.15000 -6.90000 37.68544 0.10341 13
0.16935 -0.16379 72.81377 0 4.92500 -3.30000 71.81779 0.10346 13
-0.78473 -0.24079 5.16533 0 7.12500 20.90000 4.10667 0.13018 13
-0.23721 0.08618 78.12853 0 -2.60000 5.90000 76.03385 0.10386 13
0.58740 0.02272 77.71460 0 -0.67500 -17.60000 67.01362 0.11681 -13
-0.55931 -0.11436 33.78059 0 3.47500 17.60000 29.52780 0.11597 -13
-1.86464 -0.15372 11.43902 0 4.72500 57.10000 5.45604 0.21372 -13
0.71185 0.08251 97.05355 0 -2.50000 -19.72500 79.15686 0.12389 13
0.65123 0.03004 58.91110 0 -0.90000 -20.55000 49.37274 0.12021 -13
1.77176 0.07515 58.51827 0 -2.25000 -54.30000 28.82449 0.20501 -13
