0.81104 -0.18991 46.03056 0 5.72500 -22.70000 35.99966 0.13106 13
2.07238 -0.02864 39.30620 0 0.90000 -63.32500 17.08792 0.23174 -13
1.56470 -0.12805 89.29022 0 3.87500 -46.65000 48.36157 0.18746 -13
0.46789 -0.01335 63.31818 0 0.40000 -14.50000 57.35197 0.11119 -13
0.03789 0.08079 73.26528 0 -2.42500 -0.65000 73.21310 0.10110 -13
1.71070 -0.03572 61.51151 0 1.10000 -52.57500 31.05778 0.19958 -13
0.04686 -0.07187 91.59300 0 2.17500 -1.70000 91.49313 0.10107 -13
1.88424 -0.24628 90.38780 0 7.42500 -56.22500 43.35086 0.21622 13
-1.79166 -0.03246 71.95336 0 1.00000 53.50000 35.08131 0.20666 -13
-0.15037 -0.21697 21.65037 0 6.52500 1.42500 21.42038 0.10414 13
0.73387 0.01208 62.70099 0 -0.37500 -22.10000 50.55060 0.12492 13
-0.45119 -0.11190 93.05062 0 3.37500 10.62500 84.90605 0.11105 -13
0.74033 -0.05338 33.47265 0 1.60000 -24.12500 26.91607 0.12541 13
1.15719 -0.08578 30.35355 0 2.57500 -38.62500 19.88770 0.15425 13
2.14071 -0.14791 4.31260 0 4.75000 -63.30000 1.84044 0.23896 -13
0.05057 -0.16850 11.94178 0 5.12500 -0.55000 11.92695 0.10228 -13
0.65153 0.10421 69.24000 0 -3.15000 -20.35000 58.10622 0.12065 13
-0.95556 0.04847 28.38703 0 -1.47500 31.67500 20.53508 0.13938 13
-0.21642 0.13245 78.09893 0 -4.00000 5.32500 76.36120 0.10390 13
-0.22208 -0.26712 78.09893 0 8.05000 5.50000 76.36120 0.10660 13
0.30260 0.06460 38.18719 0 -1.95000 -10.92500 36.55668 0.10542 13
0.33472 -0.23296 21.45453 0 7.05000 -10.12500 20.39814 0.10877 -13
0.23735 0.04930 74.62101 0 -1.50000 -8.97500 72.60874 0.10362 13
2.02147 -0.17862 58.38627 0 5.40000 -61.02500 26.21666 0.22784 -13
-2.05908 0.11979 15.90904 0 -3.67500 61.55000 6.99020 0.23089 13
-2.12350 -0.28063 15.90904 0 8.40000 63.42500 6.99020 0.23791 13
0.26569 -0.22700 19.99670 0 6.82500 -8.02500 19.35757 0.10665 13
1.56352 -0.22350 14.83406 0 6.67500 -44.47500 8.13133 0.18817 13
-0.41327 -0.13354 28.75314 0 4.05000 9.87500 26.60729 0.10980 -13
-0.42008 -0.00882 84.11439 0 0.27500 14.97500 77.55021 0.10923 -13
-0.23970 -0.13612 60.14681 0 4.10000 8.30000 58.51907 0.10445 13
-1.79341 -0.00346 20.99266 0 0.15000 57.80000 10.22383 0.20670 -13
2.55883 -0.16818 20.99266 0 0.15000 57.90000 10.22383 0.20700 -13
-8.63816 2.67133 20.99266 0 -1.05000 59.67500 10.22383 0.21589 -13
-0.10425 -0.18111 20.99266 0 -2.57500 60.55000 10.22383 0.22880 -13
0.01947 -0.22027 20.99266 0 -1.30000 60.72500 10.22383 0.23933 -13
-0.15007 0.06434 20.99266 0 -2.02500 60.80000 10.22383 0.25045 -13
0.35379 0.00204 68.79791 0 -0.07500 -11.10000 64.85860 0.10682 13
0.31529 -0.02107 88.39883 0 0.62500 -8.27500 84.30946 0.10561 13
0.00762 -0.09853 7.65906 0 3.02500 0.67500 7.65884 0.10122 -13
-0.83902 0.03384 70.39469 0 -1.02500 26.20000 53.94056 0.13150 13
-0.40322 -0.15449 48.01701 0 4.67500 11.80000 44.60569 0.10970 -13
-0.08763 -0.10747 82.96686 0 3.25000 2.65000 82.65377 0.10167 -13
-0.68171 -0.00202 35.07853 0 0.07500 17.85000 28.98436 0.12188 -13
1.05070 0.00116 31.23756 0 -0.05000 -31.30000 21.53559 0.14607 13
-1.60151 -0.12932 33.20384 0 3.87500 49.37500 17.69143 0.19056 13
-0.17784 0.02542 38.37154 0 -0.77500 5.37500 37.77914 0.10231 13
-0.08559 0.11869 58.63503 0 -3.57500 1.02500 58.42434 0.10177 -13
-0.10661 0.12679 31.26173 0 -3.80000 4.82500 31.08827 0.10207 -13
-0.10967 -0.27312 31.26173 0 8.25000 4.92500 31.08827 0.10499 -13
-0.62783 -0.15690 48.74472 0 4.72500 18.45000 41.42431 0.11994 13
-0.57951 0.03731 66.23441 0 -1.12500 15.25000 57.31701 0.11645 13
1.47217 0.10283 16.72283 0 -3.05000 -42.87500 9.43086 0.17948 -13
-0.27677 0.11956 50.81229 0 -3.62500 9.62500 48.99570 0.10518 13
-0.28541 -0.28080 50.81229 0 8.45000 9.90000 48.99570 0.10847 13
0.85704 -0.22389 82.22940 0 6.75000 -24.80000 63.07715 0.13454 -13
-0.27324 -0.12326 83.05706 0 3.70000 6.70000 80.16154 0.10513 13
-0.65796 -0.03162 30.88151 0 0.92500 17.50000 25.80226 0.12059 13
0.30111 -0.13624 99.91128 0 4.10000 -8.30000 95.74074 0.10606 13
-1.44816 -0.01477 93.36946 0 0.45000 44.00000 53.05794 0.17723 -13
-0.26577 -0.08039 37.25381 0 2.45000 9.52500 36.01144 0.10452 -13
0.11758 -0.18644 47.30194 0 5.60000 -2.05000 46.98905 0.10311 13
-1.24942 -0.08249 55.01907 0 2.50000 37.37500 34.45061 0.16138 -13
-1.23562 -0.07764 99.61779 0 2.32500 37.90000 62.78294 0.16026 13
-0.50193 0.02628 90.60986 0 -0.80000 17.90000 80.98688 0.11271 13
0.57150 0.08994 72.06165 0 -2.70000 -18.80000 62.62711 0.11634 -13
-1.54893 0.09524 52.87458 0 -2.85000 43.57500 28.76973 0.18592 -13
-0.86481 -0.01627 70.31381 0 0.50000 26.85000 53.18707 0.13315 -13
0.74869 -0.13792 89.52677 0 4.15000 -21.17500 71.90751 0.12656 13
-0.53735 -0.07399 51.68014 0 2.25000 13.25000 45.55189 0.11457 -13
0.68734 -0.14139 33.69243 0 4.25000 -20.07500 27.85361 0.12301 13
-0.14462 -0.09272 88.47964 0 2.80000 6.50000 87.57637 0.10218 -13
-0.52557 -1.23495 88.47964 0 2.90000 6.45000 87.57637 0.10234 -13
-3.77596 2.41359 88.47964 0 3.55000 6.55000 87.57637 0.10524 -13
-0.97920 -1.51565 88.47964 0 3.52500 6.57500 87.57637 0.10571 -13
-0.40745 -2.03278 88.47964 0 3.55000 6.57500 87.57637 0.10687 -13
22.55623 9.81927 88.47964 0 3.57500 6.60000 87.57637 0.10712 -13
1.85336 -0.01802 60.94711 0 0.52500 -56.95000 28.94389 0.21209 13
0.25526 0.14229 28.93682 0 -4.30000 -7.30000 28.05483 0.10493 13
0.26091 -0.25681 28.93682 0 7.72500 -7.47500 28.05483 0.10723 13
-0.56531 -0.11957 18.50466 0 3.65000 16.57500 16.13663 0.11632 -13
-0.73533 -0.13174 45.67343 0 3.95000 23.97500 36.90705 0.12570 13
-0.13310 -0.05492 28.57323 0 1.65000 4.42500 28.32420 0.10174 13
-0.64236 -0.00499 59.78766 0 0.15000 22.15000 50.30352 0.11969 -13
-0.28466 -0.10490 44.90928 0 3.17500 6.82500 43.21082 0.10524 -13
0.07792 -0.22498 24.52402 0 6.80000 -4.30000 24.45350 0.10353 -13
-1.19814 -0.11358 47.60179 0 3.40000 35.77500 30.61742 0.15756 13
-0.80884 0.02252 41.62163 0 -0.67500 22.42500 32.36416 0.12954 -13
-0.52297 -0.07487 17.59947 0 2.22500 13.92500 15.60487 0.11389 13
-0.40404 0.10771 90.84544 0 -3.25000 12.45000 84.29796 0.10915 -13
-0.42830 -0.07606 85.39943 0 2.30000 11.67500 78.53719 0.10982 -13
0.44868 -0.07285 41.11251 0 2.17500 -13.00000 37.52642 0.11060 13
0.44867 -0.07285 41.11251 0 2.17500 -13.00000 37.52642 0.11061 13
-0.26555 -0.22102 59.76873 0 6.65000 8.17500 57.85550 0.10654 13
-0.20206 -0.13767 40.54325 0 4.15000 7.77500 39.75465 0.10367 13
-0.51563 0.10953 17.65805 0 -3.27500 14.10000 15.71384 0.11383 -13
-1.46931 -0.10177 51.97913 0 3.10000 42.60000 29.34909 0.17928 -13
1.66714 -0.10209 58.37920 0 3.07500 -53.85000 30.14428 0.19603 13
-0.96561 -0.20946 16.74486 0 6.27500 26.20000 12.16977 0.14153 13
0.29257 -0.09840 73.96317 0 2.95000 -8.02500 71.01417 0.10539 13
-0.89848 -0.11695 23.17301 0 3.55000 26.90000 17.28974 0.13592 -13
0.03105 -0.18073 45.71260 0 5.45000 -0.92500 45.69129 0.10237 13
0.93645 -0.18303 77.98314 0 5.52500 -26.65000 57.35715 0.13920 -13
-1.05156 0.05296 41.60399 0 -1.62500 30.57500 28.69140 0.14623 13
-0.11188 -0.02540 94.80723 0 0.77500 6.45000 94.21979 0.10136 -13
-1.19797 -0.14463 17.35113 0 4.32500 35.67500 11.18729 0.15778 13
0.73756 -0.12476 82.04950 0 3.77500 -24.10000 66.21088 0.12577 -13
1.15919 -0.19261 25.30327 0 5.85000 -34.30000 16.69850 0.15543 -13
-0.85488 0.10064 95.86795 0 -3.02500 24.27500 73.02445 0.13287 -13
-1.86839 -0.17182 12.10067 0 5.27500 57.97500 5.77591 0.21418 -13
1.20632 -0.20737 20.94708 0 6.30000 -35.90000 13.53403 0.15922 -13
-0.25494 0.03758 55.29095 0 -1.15000 8.27500 53.57950 0.10400 13
-1.24144 -0.03823 68.39104 0 1.15000 40.92500 42.92111 0.16058 13
-1.01518 -0.05684 55.08467 0 1.72500 32.72500 38.68820 0.14362 -13
-0.10465 0.00521 36.88271 0 -0.17500 3.32500 36.68236 0.10125 13
-0.54146 0.10739 67.63967 0 -3.22500 14.97500 59.55727 0.11502 -13
0.89235 -0.16672 16.69915 0 5.00000 -24.15000 12.53507 0.13598 13
-0.29381 -0.10055 56.34297 0 3.05000 8.67500 54.07917 0.10545 -13
0.86716 0.10661 82.75919 0 -3.20000 -27.35000 62.67655 0.13372 -13
-1.73929 0.02328 13.07134 0 -0.77500 54.92500 6.51691 0.20197 13
0.05569 0.05391 55.08554 0 -1.62500 -3.42500 55.00055 0.10101 13
-0.75298 -0.00873 84.52094 0 0.27500 22.55000 67.52098 0.12606 -13
0.59904 0.00750 76.25020 0 -0.22500 -17.25000 65.41206 0.11739 -13
0.15280 0.09559 37.48072 0 -2.90000 -3.85000 37.05452 0.10233 13
0.88936 0.09201 7.94339 0 -2.85000 -26.97500 5.94674 0.13513 13
-0.56220 -0.21899 96.73677 0 6.60000 13.92500 84.79176 0.11761 -13
-0.88334 -0.16213 47.79187 0 4.90000 23.70000 36.02155 0.13536 -13
1.85844 -0.08163 94.02239 0 2.47500 -53.12500 44.66593 0.21269 -13
0.33388 -0.19124 40.15304 0 5.75000 -9.20000 38.15378 0.10789 13
-0.05937 0.12805 3.65584 0 -4.00000 1.25000 3.64950 0.10180 13
-0.06108 -0.27208 3.65584 0 8.05000 1.30000 3.64950 0.10446 13
-0.05034 -0.19423 2.66290 0 5.67500 2.07500 2.65962 0.10268 13
-0.01299 -0.19324 88.22891 0 5.82500 -0.75000 88.22172 0.10257 13
-0.09128 0.10813 90.96098 0 -3.25000 -0.12500 90.58872 0.10170 -13
-0.05558 -0.05916 96.82780 0 1.80000 1.70000 96.67909 0.10104 -13
-1.38755 -0.22538 12.08634 0 6.72500 42.47500 7.18191 0.17365 13
-0.71892 -0.08296 15.45566 0 2.55000 19.75000 12.56326 0.12433 -13
-0.22576 -0.04416 61.77607 0 1.32500 6.40000 60.26229 0.10333 13
-0.00445 0.13107 92.62827 0 -3.95000 0.02500 92.62737 0.10156 -13
-0.00457 -0.26856 92.62827 0 8.10000 0.02500 92.62737 0.10427 -13
1.83855 0.09751 59.95856 0 -2.92500 -54.17500 28.75374 0.21098 -13
0.46564 -0.00602 61.88690 0 0.20000 -13.77500 56.10311 0.11109 -13
-0.40841 -0.16218 93.74261 0 4.90000 11.27500 86.94325 0.11000 -13
0.37499 -0.21542 21.38056 0 6.52500 -9.02500 20.07418 0.10974 -13
-0.12088 -0.12787 42.93553 0 3.87500 5.25000 42.63021 0.10226 -13
-0.57024 -0.05394 46.23390 0 1.62500 17.55000 40.17715 0.11605 13
-0.22146 0.12141 3.36753 0 -3.52500 7.22500 3.28889 0.10386 -13
1.10996 0.14540 53.85008 0 -4.40000 -33.75000 36.25189 0.15118 13
1.13318 -0.25358 53.85008 0 7.62500 -34.42500 36.25189 0.15431 13
0.92760 0.12966 58.04083 0 -3.92500 -24.95000 42.71617 0.13798 13
0.95286 -0.27007 58.04083 0 8.12500 -25.70000 42.71617 0.14172 13
-0.80353 0.11252 33.21785 0 -3.42500 26.22500 25.95819 0.12969 13
-0.28911 -0.21940 50.75447 0 6.62500 7.27500 48.84439 0.10714 -13
-0.84833 0.04309 26.90147 0 -1.27500 27.65000 20.52203 0.13213 -13
-1.63090 -0.10990 23.30152 0 3.35000 48.92500 12.23440 0.19298 -13
0.41758 -0.14563 33.24564 0 4.37500 -12.07500 30.72585 0.11010 13
1.31248 -0.06985 37.83576 0 2.07500 -39.45000 22.96578 0.16630 13
0.45794 -0.10772 31.40875 0 3.22500 -13.80000 28.58530 0.11129 13
-0.33692 0.01990 52.28242 0 -0.60000 9.77500 49.54686 0.10629 -13
-0.02166 -0.23635 23.58099 0 7.15000 2.97500 23.57575 0.10351 -13
0.23825 0.01569 75.47547 0 -0.47500 -7.90000 73.42083 0.10354 -13
0.86459 0.12629 72.20781 0 -3.80000 -27.05000 54.80742 0.13373 -13
0.88933 -0.27358 72.20781 0 8.25000 -27.77500 54.80742 0.13757 -13
-1.82130 0.02028 35.67310 0 -0.65000 56.27500 17.17151 0.20926 13
-0.44565 -0.01250 65.09047 0 0.37500 14.97500 59.45448 0.11026 -13
-0.46838 0.12013 55.36813 0 -3.62500 16.77500 50.20476 0.11186 13
-0.48293 -0.28017 55.36813 0 8.45000 17.20000 50.20476 0.11533 13
0.36010 0.03844 39.70385 0 -1.17500 -14.12500 37.35873 0.10711 13
-0.17119 -0.04059 72.39204 0 1.22500 5.60000 71.35574 0.10225 13
-0.87204 -0.19843 77.23588 0 6.00000 24.55000 58.69425 0.13511 -13
-0.82886 0.07116 22.01877 0 -2.12500 25.62500 16.96990 0.13099 -13
-0.40722 -0.13551 6.91592 0 4.00000 14.90000 6.41338 0.10955 13
0.91393 -0.08459 92.44960 0 2.55000 -28.47500 68.35348 0.13669 -13
1.04574 -0.23924 37.25027 0 7.22500 -30.25000 26.11742 0.14771 -13
-0.49862 -0.09861 55.35847 0 2.97500 15.92500 49.58899 0.11297 -13
-0.32331 -0.08647 43.53402 0 2.60000 10.50000 41.43767 0.10619 13
0.04853 -0.03398 31.42243 0 1.05000 -3.20000 31.38552 0.10088 -13
0.16776 -0.09876 88.66716 0 2.97500 -4.52500 87.45674 0.10259 13
1.55994 -0.23078 21.39093 0 6.92500 -45.67500 11.75757 0.18797 13
0.09451 0.03765 27.09437 0 -1.12500 -1.80000 26.97430 0.10122 -13
0.27413 0.06938 25.41480 0 -2.07500 -6.10000 24.51471 0.10465 -13
1.04467 -0.06370 9.58107 0 1.85000 -31.77500 6.63222 0.14576 13
-1.33951 0.04131 27.71958 0 -1.22500 42.75000 16.59118 0.16839 -13
0.35916 -0.12792 5.58264 0 3.95000 -11.95000 5.25889 0.10783 -13
-0.44672 -0.05995 85.77691 0 1.80000 12.02500 78.34105 0.11046 13
-0.74525 -0.01861 93.75095 0 0.55000 20.40000 75.17670 0.12560 13
-1.32797 -0.07043 71.86355 0 2.12500 38.72500 43.29753 0.16755 -13
-0.11917 0.13811 23.49708 0 -4.17500 5.25000 23.33500 0.10237 13
-0.12202 -0.26118 23.49708 0 7.85000 5.32500 23.33500 0.10479 13
0.38775 0.07652 50.12097 0 -2.30000 -11.55000 46.74885 0.10828 -13
-0.22446 -0.08627 52.19903 0 2.60000 8.62500 50.94079 0.10358 -13
1.93876 -0.08577 33.08998 0 2.62500 -58.97500 15.21175 0.21988 -13
0.98157 -0.09472 71.37586 0 2.85000 -30.97500 51.04884 0.14143 13
-0.14346 -0.12346 68.79638 0 3.72500 1.65000 68.10938 0.10249 -13
0.89131 -0.05718 32.27576 0 1.75000 -26.32500 24.11187 0.13503 -13
1.54667 -0.11598 53.43408 0 3.52500 -44.17500 29.14776 0.18586 -13
0.50148 -0.20897 9.33273 0 6.37500 -16.60000 8.37777 0.11466 -13
0.58921 -0.01963 5.33733 0 0.47500 -16.67500 4.59887 0.11691 13
0.12796 0.00536 23.10195 0 -0.17500 -6.05000 22.91513 0.10153 13
-0.68845 0.02113 38.61171 0 -0.65000 21.75000 31.80591 0.12228 13
-0.95123 0.08994 95.01433 0 -2.70000 28.12500 68.97443 0.13928 -13
0.16713 -0.12029 40.48887 0 3.62500 -4.07500 39.94260 0.10281 13
0.60991 0.13736 71.93902 0 -4.12500 -19.75000 61.57238 0.11876 -13
0.62461 -0.26195 71.93902 0 7.90000 -20.17500 61.57238 0.12164 -13
0.15012 -0.20283 92.03733 0 6.12500 -3.52500 91.05723 0.10387 -13
1.91213 0.06019 70.19684 0 -1.82500 -56.57500 32.57692 0.21739 13
-0.09236 -0.23495 33.77116 0 7.10000 1.95000 33.63549 0.10387 -13
2.10809 0.06240 4.57345 0 -1.62500 -63.37500 1.96447 0.23485 -13
-0.93520 -0.10829 51.20701 0 3.25000 29.32500 37.50205 0.13830 13
1.99336 -0.23241 32.85303 0 6.97500 -56.67500 15.04210 0.22575 13
0.41759 -0.22030 67.04083 0 6.62500 -14.70000 62.07688 0.11136 13
0.19624 -0.20447 22.61360 0 6.20000 -5.37500 22.20674 0.10469 -13
-0.55171 -0.00343 49.26375 0 0.10000 16.15000 43.13437 0.11501 13
0.56128 -0.14109 39.30992 0 4.27500 -17.42500 34.36006 0.11636 -13
0.45073 0.12868 20.81680 0 -3.85000 -12.47500 19.00442 0.11120 -13
0.46317 -0.27105 20.81680 0 8.20000 -12.87500 19.00442 0.11425 -13
1.39158 0.70073 20.81680 0 8.20000 -12.87500 19.00442 0.11437 -13
-0.30070 -0.00128 20.81680 0 8.17500 -17.45000 19.00442 0.13699 -13
-0.14414 -0.27435 20.81680 0 8.17500 -15.77500 19.00442 0.15744 -13
-1.49087 -0.40018 20.81680 0 8.17500 -15.42500 19.00442 0.17645 -13
-3.84852 1.75232 20.81680 0 8.05000 -7.00000 19.00442 0.21192 -13
0.43923 -0.23634 20.81680 0 8.50000 -3.10000 19.00442 0.23828 -13
-0.61440 -0.15662 39.64015 0 4.75000 17.15000 33.88624 0.11925 -13
0.58398 -0.18316 26.03594 0 5.55000 -18.05000 22.57615 0.11809 -13
0.66839 -0.22051 76.82220 0 6.65000 -18.45000 64.33171 0.12314 13
1.61708 -0.17655 15.22636 0 5.37500 -49.75000 8.09756 0.19235 -13
-0.32291 0.04013 96.19827 0 -1.20000 8.87500 91.55085 0.10590 -13
0.09896 -0.03209 53.92985 0 0.95000 -1.50000 53.66798 0.10125 13
-0.72486 0.08926 19.78865 0 -2.72500 23.65000 16.04451 0.12471 13
-1.58017 0.06832 76.02345 0 -2.07500 47.52500 40.72133 0.18845 13
-1.30698 -0.06468 9.02462 0 2.02500 38.20000 5.49096 0.16590 -13
-1.33721 0.13840 90.96362 0 -4.17500 39.12500 54.80823 0.16872 -13
-1.36891 -0.26085 90.96362 0 7.87500 40.10000 54.80823 0.17275 -13
-2.13108 0.09761 97.20729 0 -2.95000 64.60000 41.45455 0.23727 13
1.30115 -0.03039 88.17055 0 0.92500 -38.42500 53.74428 0.16530 -13
-0.43872 -0.20005 53.01588 0 6.05000 12.85000 48.70048 0.11181 -13
1.04178 -0.17899 17.22889 0 5.45000 -28.95000 12.02805 0.14658 -13
-1.56087 -0.19016 60.14239 0 5.75000 45.67500 32.85313 0.18768 -13
-1.84540 0.11902 2.82382 0 -3.97500 56.07500 1.35294 0.21216 13
-1.90594 -0.28233 2.82382 0 8.10000 57.55000 1.35294 0.21778 13
-0.58066 -0.05923 46.87845 0 1.77500 17.10000 40.55789 0.11660 13
-0.18659 -0.13062 15.06337 0 3.97500 7.80000 14.81197 0.10330 -13
-1.52385 0.03690 46.81039 0 -1.10000 47.35000 25.69489 0.18358 -13
0.40570 -0.22745 42.90788 0 6.87500 -11.32500 39.89920 0.11107 -13
-1.20087 0.01860 61.49134 0 -0.55000 35.62500 39.35280 0.15738 -13
0.54125 0.11566 78.66290 0 -3.50000 -15.32500 69.28347 0.11510 13
-0.08848 -0.05342 80.73203 0 1.60000 3.87500 80.41869 0.10124 13
-0.02411 0.00036 26.47948 0 -0.00000 3.70000 26.47179 0.10074 -13
-0.02199 -0.11156 26.13416 0 3.37500 -0.02500 26.12791 0.10136 -13
0.42904 0.02365 5.20958 0 -0.82500 -13.42500 4.78782 0.10964 13
-0.18156 -0.03231 92.43479 0 0.97500 4.52500 90.94942 0.10240 13
0.36596 -0.12345 86.90496 0 3.72500 -10.35000 81.68408 0.10795 13
-0.65212 -0.18206 87.58801 0 5.50000 18.77500 73.72063 0.12162 -13
0.79243 -0.09765 86.60415 0 2.95000 -22.92500 68.00040 0.12886 -13
0.71243 0.07803 96.70126 0 -2.35000 -23.15000 78.83830 0.12389 -13
0.82908 -0.01635 70.44658 0 0.47500 -25.42500 54.23509 0.13082 13
1.56822 -0.00773 37.84726 0 0.20000 -46.05000 20.34988 0.18729 13
0.07900 -0.14270 36.23797 0 4.32500 -4.45000 36.12764 0.10204 -13
-0.31132 0.09492 93.94794 0 -2.85000 6.40000 89.73707 0.10590 -13
0.83322 -0.00051 32.28640 0 -0.00000 -23.40000 24.80451 0.13108 13
-0.30329 -0.18352 62.65561 0 5.55000 9.07500 60.04107 0.10685 -13
1.56043 -0.19744 59.97302 0 5.97500 -46.57500 32.79820 0.18771 -13
1.12546 -0.05012 2.52135 0 1.80000 -35.35000 1.67582 0.15191 -13
-0.64686 0.13701 4.85251 0 -4.25000 18.27500 4.08550 0.12082 13
-0.66269 -0.26270 4.85251 0 7.80000 18.70000 4.08550 0.12357 13
-0.74823 -0.10418 86.53962 0 3.12500 20.97500 69.42456 0.12621 13
-1.42471 -0.04279 92.49628 0 1.30000 44.95000 53.17257 0.17534 -13
2.15150 -0.19018 87.82442 0 5.72500 -62.62500 37.55986 0.23967 13
1.87832 -0.17853 83.44110 0 5.40000 -55.60000 39.69349 0.21505 -13
0.07487 -0.22815 74.36654 0 6.90000 -0.75000 74.16925 0.10357 -13
1.76649 0.11919 26.55109 0 -3.55000 -53.17500 13.14886 0.20477 -13
-0.72665 -0.09055 57.32049 0 2.72500 21.67500 46.43591 0.12481 13
1.54814 -0.02510 10.25283 0 0.85000 -45.95000 5.56444 0.18563 -13
0.13311 -0.07758 95.66317 0 2.32500 -4.75000 94.83180 0.10189 13
-0.27218 -0.23535 40.50233 0 7.12500 6.60000 39.15146 0.10704 -13
-0.75677 -0.14737 62.37703 0 4.45000 24.57500 49.93270 0.12717 -13
1.74666 0.06322 90.03945 0 -1.90000 -53.35000 44.80395 0.20277 -13
1.25315 0.00847 53.89522 0 -0.27500 -39.90000 33.61676 0.16146 13
0.09636 -0.21368 93.73487 0 6.45000 -0.72500 93.32146 0.10343 13
-0.88449 0.05071 75.64254 0 -1.55000 25.22500 56.69128 0.13455 13
-0.05559 -0.01746 4.36735 0 0.65000 0.55000 4.36063 0.10091 -13
-0.31410 -0.09332 46.75633 0 2.82500 8.47500 44.62490 0.10597 -13
-0.05022 -0.08364 8.43850 0 2.57500 -0.25000 8.42796 0.10121 -13
-0.78469 -0.08428 23.33694 0 2.57500 23.70000 18.38375 0.12830 -13
0.08305 -0.01192 27.68826 0 0.37500 -4.57500 27.59328 0.10106 -13
0.54411 -0.16211 52.41205 0 4.87500 -17.10000 46.17407 0.11580 13
-1.40600 -0.16335 93.05663 0 4.92500 41.00000 54.40595 0.17454 -13
0.65347 0.06179 24.21714 0 -1.85000 -19.77500 20.28416 0.12046 -13
-0.16275 -0.21715 44.03736 0 6.55000 3.72500 43.49070 0.10435 -13
0.08203 -0.08777 49.74703 0 2.65000 -2.45000 49.58182 0.10143 -13
1.29871 -0.06284 66.21126 0 1.87500 -39.17500 40.44504 0.16518 13
-0.02800 -0.07610 3.55122 0 2.42500 0.30000 3.54987 0.10111 -13
1.09710 0.11306 15.02964 0 -3.45000 -32.27500 10.15971 0.14995 13
0.80837 0.09475 3.86144 0 -3.02500 -25.07500 3.00841 0.12996 13
-0.45535 0.00839 57.09215 0 -0.25000 17.15000 51.95918 0.11065 -13
1.49407 -0.04168 70.24169 0 1.25000 -43.22500 39.09363 0.18110 13
0.18027 -0.21632 71.83294 0 6.52500 -6.60000 70.74316 0.10462 -13
-1.15431 -0.02827 49.73945 0 0.85000 36.40000 32.57545 0.15383 13
-0.65335 -0.09556 67.73477 0 2.87500 18.70000 56.78189 0.12067 13
0.65549 -0.16193 9.26790 0 4.95000 -20.95000 7.78082 0.12156 -13
-0.20318 -0.13785 47.37051 0 4.17500 4.97500 46.43912 0.10370 -13
-0.52040 0.11999 5.11936 0 -3.72500 15.27500 4.54819 0.11424 13
-0.53667 -0.28050 5.11936 0 8.35000 15.75000 4.54819 0.11763 13
-0.07882 0.12158 32.04218 0 -3.67500 3.85000 31.94449 0.10176 13
-0.08123 -0.27865 32.04218 0 8.40000 3.92500 31.94449 0.10484 13
-1.32422 0.01009 34.54702 0 -0.27500 40.75000 20.81995 0.16711 -13
1.99185 0.05545 99.73401 0 -1.67500 -61.47500 44.80080 0.22453 13
0.06837 -0.11236 95.94475 0 3.40000 -3.12500 95.72402 0.10157 -13
0.85592 -0.06574 12.19470 0 2.05000 -25.52500 9.27344 0.13274 -13
-0.01782 -0.05810 40.69800 0 1.77500 3.00000 40.69156 0.10089 -13
-0.53505 0.05500 99.89445 0 -1.65000 18.97500 88.10923 0.11434 -13
-0.45786 -0.01226 95.06947 0 0.37500 15.55000 86.44089 0.11076 13
-1.01269 -0.14505 1.15100 0 3.75000 31.05000 0.81239 0.14439 13
0.54659 0.02547 11.47359 0 -0.82500 -15.55000 10.06863 0.11480 13
-1.13297 -0.05850 7.02571 0 1.65000 35.72500 4.65370 0.15228 13
-1.67375 0.06307 25.72682 0 -1.87500 50.75000 13.21461 0.19643 -13
0.69047 -0.16741 28.01667 0 5.02500 -20.30000 23.15677 0.12352 13
-0.64600 0.08708 39.88857 0 -2.60000 20.92500 33.54297 0.12020 -13
-0.15838 -0.13881 33.17793 0 4.20000 4.85000 32.77699 0.10292 -13
0.99296 -0.09038 76.67682 0 2.72500 -30.97500 54.52003 0.14221 -13
-1.25384 -0.21133 18.71793 0 6.32500 36.60000 11.82711 0.16286 13
0.83362 0.04224 77.12660 0 -1.27500 -23.45000 59.26381 0.13118 13
-1.23639 -0.08394 63.31803 0 2.52500 35.55000 39.90326 0.16035 13
0.50563 -0.13571 79.93847 0 4.07500 -17.20000 71.46972 0.11367 13
2.12723 0.07080 16.99288 0 -2.20000 -61.70000 7.24412 0.23685 13
-0.60953 -0.08846 9.77082 0 2.60000 16.45000 8.35195 0.11826 13
0.47697 0.02731 27.71825 0 -0.85000 -15.05000 25.01975 0.11161 13
0.37533 0.02324 86.45844 0 -0.70000 -9.97500 80.94750 0.10759 13
1.23607 0.09937 8.75715 0 -2.90000 -37.95000 5.52403 0.16040 -13
-0.96182 0.10580 74.65647 0 -3.17500 29.45000 53.95089 0.14013 -13
-0.72487 -0.12713 30.60675 0 3.85000 21.40000 24.84873 0.12505 -13
1.21091 -0.06449 85.04233 0 1.92500 -36.70000 54.21884 0.15828 13
0.76636 -0.03507 9.76797 0 1.00000 -24.22500 7.75506 0.12692 13
-1.45389 -0.15430 52.22433 0 4.67500 44.67500 29.83127 0.17840 -13
-0.61958 -0.01368 96.85525 0 0.40000 21.32500 82.33500 0.11847 13
-0.74435 -0.17693 98.25503 0 5.35000 22.37500 79.24737 0.12680 -13
0.70164 -0.10163 67.97016 0 3.05000 -19.22500 55.73466 0.12344 13
-0.19428 -0.22184 7.07692 0 6.62500 4.20000 6.95295 0.10495 13
0.95216 -0.14858 29.36310 0 4.45000 -29.07500 21.37529 0.13984 13
-0.21230 -0.15495 14.62340 0 4.70000 4.62500 14.31197 0.10414 -13
-1.43886 0.02589 75.62596 0 -0.77500 41.62500 43.16968 0.17646 -13
-0.16197 0.08694 24.67092 0 -2.60000 4.15000 24.35582 0.10239 -13
0.13314 -0.21551 28.04336 0 6.52500 -3.35000 27.80874 0.10390 -13
0.73522 -0.15030 43.79428 0 4.55000 -24.07500 35.42189 0.12591 -13
-0.09312 0.00922 74.25242 0 -0.27500 1.57500 73.93260 0.10114 -13
-1.40319 -0.19475 56.53830 0 5.85000 43.37500 33.21769 0.17461 13
-1.02284 0.04656 28.90111 0 -1.42500 30.15000 20.21515 0.14414 13
-0.13112 -0.23219 72.08527 0 7.00000 6.82500 71.50437 0.10423 -13
-0.55909 0.02608 87.04874 0 -0.77500 17.05000 75.98595 0.11540 -13
1.16691 0.08734 52.44610 0 -2.62500 -38.45000 34.20221 0.15501 -13
-0.56971 0.10233 2.20008 0 -3.35000 16.45000 1.91417 0.11659 13
0.71439 0.13237 70.61948 0 -4.00000 -21.95000 57.63035 0.12448 13
0.73308 -0.26721 70.61948 0 8.05000 -22.52500 57.63035 0.12772 13
0.40137 -0.00490 69.76627 0 0.15000 -9.12500 64.74579 0.10851 -13
1.59732 -0.14438 48.79534 0 4.35000 -47.15000 26.08446 0.19032 13
0.13972 0.04265 62.65887 0 -1.27500 -4.60000 62.05706 0.10177 -13
1.22525 0.05763 28.54815 0 -1.70000 -37.77500 18.06911 0.15936 -13
-1.55681 -0.03641 54.21054 0 1.12500 44.45000 29.31233 0.18637 -13
0.97003 -0.01769 27.40286 0 0.50000 -28.60000 19.67051 0.14031 13
0.19497 0.13687 68.31282 0 -4.12500 -4.25000 67.07276 0.10352 -13
0.19973 -0.26246 68.31282 0 7.92500 -4.40000 67.07276 0.10604 -13
-0.55583 -0.14385 6.43695 0 4.25000 18.50000 5.64000 0.11608 13
-0.11001 -0.16368 50.22878 0 4.92500 3.90000 49.93528 0.10264 13
-0.45293 0.09655 99.68982 0 -2.90000 12.50000 90.88087 0.11098 -13
-0.25496 -0.24234 25.70259 0 7.30000 7.10000 24.94804 0.10674 13
0.11684 -0.10528 65.63465 0 3.17500 -4.40000 65.19595 0.10194 13
0.01528 0.13510 30.53417 0 -4.05000 -0.70000 30.53067 0.10162 -13
0.01566 -0.26429 30.53417 0 8.00000 -0.70000 30.53067 0.10418 -13
-0.54208 0.06657 11.84581 0 -2.05000 14.20000 10.41967 0.11476 13
-0.31404 0.02317 26.46970 0 -0.72500 9.30000 25.25432 0.10558 13
-0.56818 -0.15061 95.81609 0 4.55000 16.55000 83.53460 0.11681 13
0.49180 0.08199 93.33795 0 -2.47500 -12.97500 83.81145 0.11253 13
1.38238 -0.17136 50.06805 0 5.17500 -41.55000 29.62223 0.17271 -13
0.07137 -0.06370 13.22469 0 1.95000 -0.72500 13.19125 0.10117 -13
1.51421 -0.16275 12.10457 0 4.85000 -43.50000 6.73096 0.18342 13
-0.67538 0.08573 28.57315 0 -2.60000 22.05000 23.70564 0.12183 13
0.02251 0.07434 34.75472 0 -2.25000 -1.42500 34.74595 0.10101 13
-1.02280 0.06895 85.90990 0 -2.07500 31.42500 60.13216 0.14421 -13
0.81245 0.14331 66.73343 0 -4.32500 -26.65000 52.00307 0.13055 -13
0.83011 -0.25571 66.73343 0 7.72500 -27.20000 52.00307 0.13340 -13
0.01694 -0.04885 53.85614 0 1.47500 -1.75000 53.84845 0.10083 13
0.30416 0.06203 78.76594 0 -1.87500 -3.37500 75.36954 0.10545 13
-0.12595 -0.23184 74.58807 0 7.00000 2.47500 74.03292 0.10414 13
-0.51002 -0.03469 94.68608 0 1.05000 12.57500 84.35974 0.11310 -13
0.72545 -0.10869 55.44500 0 3.27500 -22.22500 44.96983 0.12489 13
-0.08255 -0.20253 26.82165 0 6.10000 1.77500 26.73432 0.10307 13
-0.19190 -0.04981 2.90645 0 1.32500 7.22500 2.85449 0.10271 13
0.13596 0.07557 96.47532 0 -2.27500 -5.37500 95.60077 0.10191 -13
0.05092 -0.07023 2.05477 0 1.87500 -1.10000 2.05212 0.10116 13
-1.59347 0.13182 86.40283 0 -3.97500 47.62500 46.21146 0.18991 -13
-1.63545 -0.26775 86.40283 0 8.10000 48.90000 46.21146 0.19494 -13
0.24865 -0.13866 46.84217 0 4.20000 -10.75000 45.48285 0.10471 -13
0.03707 -0.08665 27.87123 0 2.62500 0.85000 27.85226 0.10115 -13
-0.17309 0.02115 90.88583 0 -0.65000 4.87500 89.55480 0.10222 13
0.44340 -0.17656 75.24997 0 5.32500 -12.67500 68.96257 0.11159 -13
1.62355 0.00159 16.00315 0 -0.10000 -46.22500 8.39262 0.19202 13
-0.67528 0.02326 17.59893 0 -0.72500 19.22500 14.58618 0.12155 13
-0.45628 0.12408 2.45308 0 -3.52500 11.97500 2.23461 0.11140 -13
-1.45089 -0.14469 58.58751 0 4.35000 40.77500 33.48179 0.17804 13
-0.61657 0.01240 50.14297 0 -0.37500 19.55000 42.68295 0.11831 -13
-0.19548 0.07786 33.54771 0 -2.32500 6.17500 32.92823 0.10291 -13
0.74033 -0.05214 29.11955 0 1.60000 -23.45000 23.41503 0.12541 -13
1.53836 -0.18198 16.81878 0 5.55000 -48.27500 9.27068 0.18575 -13
0.82963 0.10587 35.43175 0 -3.20000 -26.70000 27.33109 0.13129 13
0.65910 0.11327 47.95266 0 -3.42500 -20.40000 40.11576 0.12115 13
-0.79586 -0.15232 59.11217 0 4.57500 24.60000 46.45670 0.12961 13
1.66688 -0.19600 49.41721 0 5.90000 -50.40000 25.77532 0.19672 13
-0.20991 0.02609 67.96133 0 -0.77500 8.12500 66.51276 0.10293 -13
0.95732 -0.13321 32.68046 0 4.00000 -28.37500 23.70567 0.14004 13
-1.80825 0.06020 56.41738 0 -1.82500 57.20000 27.34101 0.20818 13
0.86119 -0.06887 29.31368 0 2.10000 -24.40000 22.23442 0.13309 -13
1.89637 -0.13698 54.18122 0 4.15000 -57.57500 25.45755 0.21635 -13
-1.47217 -0.17805 66.01646 0 5.37500 47.22500 37.49123 0.18013 -13
-0.13657 -0.08192 85.46548 0 2.47500 4.35000 84.68456 0.10197 -13
-0.33784 0.14802 61.74609 0 -4.47500 12.50000 58.56252 0.10734 13
-0.34455 -0.25083 61.74609 0 7.55000 12.70000 58.56252 0.10946 13
-0.83073 -0.04705 6.49604 0 1.52500 26.05000 4.99879 0.13105 -13
0.95305 -0.17454 19.03242 0 5.22500 -28.42500 13.87530 0.14019 13
-0.81677 0.08792 84.67498 0 -2.65000 25.57500 65.68104 0.13032 -13
-0.12497 0.05363 54.52027 0 -1.60000 4.05000 54.10067 0.10162 -13
0.82647 -0.19443 9.06697 0 5.80000 -26.85000 7.04123 0.13205 13
1.13412 -0.03357 26.61149 0 0.97500 -34.85000 17.60599 0.15229 13
-0.40024 0.00143 28.60976 0 -0.02500 10.35000 26.56135 0.10847 -13
0.08445 -0.23581 63.38589 0 7.10000 -3.35000 63.17287 0.10380 13
0.10845 -0.02231 42.95223 0 0.65000 -1.47500 42.70200 0.10132 13
1.87557 -0.01238 8.09632 0 0.50000 -56.10000 3.80931 0.21409 -13
-0.50621 -0.13199 57.60178 0 3.97500 12.05000 51.48163 0.11365 13
0.57741 -0.09805 91.45346 0 2.97500 -19.70000 79.29355 0.11670 -13
1.58984 -0.19426 15.82567 0 5.92500 -47.57500 8.53781 0.19023 -13
-0.30809 -0.06981 39.97026 0 2.12500 12.17500 38.20642 0.10561 -13
-0.20530 -0.21666 67.36095 0 6.55000 5.35000 66.04467 0.10510 -13
-1.11082 -0.09603 68.30356 0 2.90000 32.10000 45.81541 0.15082 13
-0.04014 0.03699 8.52972 0 -1.05000 0.00000 8.52287 0.10085 -13
-0.92549 0.03103 80.79216 0 -0.92500 26.92500 59.30807 0.13725 -13
1.67090 -0.14220 79.06777 0 4.27500 -51.77500 40.90375 0.19661 13
0.68493 0.06893 15.20888 0 -2.05000 -20.62500 12.55673 0.12225 -13
1.94428 0.10344 48.61127 0 -3.15000 -60.07500 22.32779 0.22043 13
-0.22212 -0.06150 8.16820 0 1.92500 6.37500 7.97443 0.10337 -13
0.13766 -0.20459 37.37031 0 6.17500 -8.45000 37.03503 0.10373 -13
1.74932 -0.05222 32.84571 0 1.60000 -51.35000 16.31732 0.20299 -13
0.29497 -0.24573 73.44947 0 7.40000 -8.47500 70.60981 0.10786 13
0.11450 -0.19387 5.67777 0 5.95000 -1.70000 5.64225 0.10330 -13
-0.18009 -0.01577 94.30864 0 0.47500 5.55000 92.81576 0.10234 13
1.29060 -0.20063 14.15760 0 6.00000 -36.27500 8.77882 0.16558 13
-1.11945 -0.21236 5.55707 0 6.27500 34.50000 3.74744 0.15255 13
-1.35403 0.00011 69.62740 0 -0.02500 41.87500 41.36460 0.16951 13
1.79398 -0.04709 77.36454 0 1.40000 -55.40000 37.69919 0.20688 13
-0.24467 0.04891 56.14267 0 -1.47500 7.87500 54.53780 0.10379 13
-1.19630 0.03821 4.76499 0 -1.00000 34.92500 3.05733 0.15707 -13
0.27619 0.06079 66.22839 0 -1.85000 -10.70000 63.84676 0.10466 13
1.05660 0.08012 3.44288 0 -2.62500 -30.60000 2.37035 0.14689 13
-0.79604 -0.20185 4.74817 0 6.22500 24.50000 3.74335 0.13046 -13
-0.91873 -0.05990 27.79705 0 1.82500 28.22500 20.48638 0.13690 -13
-0.35515 -0.21664 32.44748 0 6.52500 10.70000 30.65347 0.10906 13
0.87748 -0.13916 79.73404 0 4.20000 -26.15000 60.18082 0.13470 13
-0.21854 -0.04089 30.15905 0 1.25000 5.32500 29.46466 0.10316 -13
-0.75388 -0.07095 48.03002 0 2.15000 22.80000 38.38761 0.12626 -13
0.07763 0.31653 48.03002 0 2.15000 22.82500 38.38761 0.12632 -13
-0.10536 -0.27899 48.03002 0 4.25000 22.62500 38.38761 0.14076 -13
0.50856 -13.69944 48.03002 0 3.35000 21.57500 38.38761 0.15873 -13
-0.41468 -0.07081 48.03002 0 2.82500 22.35000 38.38761 0.17429 -13
0.46761 0.22166 48.03002 0 4.25000 23.47500 38.38761 0.18315 -13
0.17987 -1.07294 48.03002 0 3.05000 22.27500 38.38761 0.19178 -13
16.73658 17.17734 48.03002 0 3.80000 22.17500 38.38761 0.19537 -13
1.43305 -0.18826 48.03002 0 4.50000 23.87500 38.38761 0.20636 -13
-0.04684 0.05712 23.81245 0 -1.75000 2.77500 23.78645 0.10098 13
0.76538 0.01425 58.51063 0 -0.45000 -24.12500 46.46534 0.12682 13
0.81589 -0.14415 82.11054 0 4.35000 -25.57500 63.88160 0.13078 -13
-0.73971 -0.10719 85.04683 0 3.22500 23.70000 68.51140 0.12573 13
-1.33532 0.05362 40.24398 0 -1.65000 42.90000 24.14539 0.16810 13
-1.08325 -0.23044 97.18975 0 6.95000 31.70000 66.84049 0.15027 -13
1.55463 -0.19373 20.99237 0 5.80000 -48.02500 11.50409 0.18714 13
0.52445 -0.23665 71.25185 0 7.15000 -14.65000 63.46454 0.11619 -13
1.77555 0.06658 58.55144 0 -2.00000 -53.55000 28.78161 0.20531 -13
0.21231 -0.03349 84.56837 0 1.00000 -7.15000 82.72646 0.10300 13
-0.54180 -0.09204 54.06814 0 2.77500 15.22500 47.58475 0.11491 -13
-1.02693 0.04986 21.19677 0 -1.55000 30.85000 14.79737 0.14445 13
-0.05809 -0.07406 99.30051 0 2.22500 1.75000 99.13419 0.10115 13
-0.53262 0.04549 42.49266 0 -1.37500 16.95000 37.51377 0.11419 13
-0.77518 -0.02209 7.87509 0 0.60000 22.37500 6.22443 0.12744 13
1.27262 -0.03588 91.64687 0 1.07500 -39.62500 56.64709 0.16303 13
-0.31997 -0.23400 64.36747 0 7.07500 8.30000 61.45393 0.10833 -13
0.09328 0.02481 44.14251 0 -0.75000 -3.80000 43.95189 0.10117 13
-0.79148 -0.09819 69.03963 0 2.97500 23.27500 54.23512 0.12881 -13
0.31648 0.04917 34.45371 0 -1.50000 -10.52500 32.85151 0.10574 13
-0.07891 -0.22639 65.23490 0 6.82500 2.27500 65.04263 0.10355 13
-0.77913 -0.17374 96.11788 0 5.25000 26.30000 76.24417 0.12886 -13
0.23375 -0.20439 67.91916 0 6.17500 -3.05000 66.20528 0.10545 -13
-1.95381 -0.12968 58.91298 0 3.90000 58.15000 27.01908 0.22140 13
-0.02804 0.09444 88.13108 0 -2.85000 0.87500 88.09677 0.10119 13
0.12705 -0.07519 77.82474 0 2.27500 -2.90000 77.20764 0.10180 -13
0.89268 -0.16830 97.90030 0 5.07500 -28.50000 73.48438 0.13606 -13
0.20204 -0.03788 91.36398 0 1.15000 -4.42500 89.55695 0.10281 13
0.61987 -0.23937 89.73529 0 7.22500 -18.60000 76.85092 0.12091 -13
0.19278 -0.08139 11.83350 0 2.42500 -6.60000 11.62110 0.10287 13
0.27987 -0.11428 83.04908 0 3.45000 -8.80000 80.01343 0.10521 -13
0.00193 0.10049 28.75241 0 -3.05000 -0.87500 28.75236 0.10122 13
-0.91296 -0.24199 21.18080 0 7.32500 29.02500 15.84318 0.13856 -13
-0.53499 -0.04775 41.58469 0 1.42500 15.70000 36.67651 0.11431 13
1.43823 -0.07314 63.51324 0 2.22500 -44.20000 36.32390 0.17655 -13
