0.37826 -0.17941 72.45156 0 5.40000 -13.75000 67.89831 0.10917 13
0.22633 -0.10384 34.12843 0 3.15000 -5.87500 33.29523 0.10378 -13
-0.00977 -0.18546 70.65642 0 5.60000 1.62500 70.65316 0.10243 -13
-0.01573 -0.11049 84.93253 0 3.32500 1.27500 84.92216 0.10132 13
-1.67979 -0.20088 22.63774 0 6.02500 51.52500 11.74953 0.19785 13
-0.23497 -0.24440 10.64506 0 7.42500 4.87500 10.37815 0.10638 -13
-0.48677 -0.11158 98.51894 0 3.37500 12.47500 88.68591 0.11256 -13
-0.80505 -0.20255 18.33403 0 6.15000 24.25000 14.39367 0.13090 -13
0.14100 -0.11711 24.90434 0 3.52500 -5.87500 24.66373 0.10237 13
1.29354 0.10096 77.01883 0 -3.05000 -39.70000 47.25626 0.16497 13
0.38797 -0.08024 22.90844 0 2.45000 -12.45000 21.36623 0.10832 -13
-1.70467 -0.02274 20.14233 0 0.65000 51.57500 10.19357 0.19904 13
0.69254 -0.18384 10.45759 0 5.60000 -21.22500 8.64324 0.12393 -13
0.08480 -0.08965 93.36040 0 2.70000 0.17500 93.02916 0.10147 -13
2.03803 0.01659 43.08136 0 -0.52500 -62.65000 18.97957 0.22862 13
-1.95477 0.12608 17.01425 0 -3.87500 60.57500 7.79748 0.22155 13
-2.01075 -0.27431 17.01425 0 8.20000 62.20000 7.79748 0.22771 13
0.87535 -0.05246 4.32335 0 1.72500 -27.52500 3.25526 0.13400 -13
-0.25775 0.03169 35.45959 0 -0.97500 7.27500 34.33840 0.10405 13
0.72350 -0.09828 81.76602 0 2.97500 -24.27500 66.35447 0.12469 -13
-0.45765 -0.15874 44.91178 0 4.80000 10.82500 40.92556 0.11190 -13
-1.36602 0.02923 54.17958 0 -0.90000 42.15000 32.01275 0.17051 13
1.01010 0.00686 30.91658 0 -0.22500 -29.40000 21.75158 0.14314 13
-1.98743 0.05079 6.82234 0 -1.70000 59.57500 3.06965 0.22419 13
-0.61751 0.02725 44.48624 0 -0.82500 19.50000 37.85487 0.11839 13
0.20072 -0.06496 32.26671 0 1.97500 -3.65000 31.63831 0.10292 -13
-0.67175 0.08730 13.19776 0 -2.60000 21.97500 10.96833 0.12162 -13
-1.35806 0.06844 25.23046 0 -2.02500 39.47500 14.98276 0.16997 -13
1.09046 0.11866 73.71484 0 -3.60000 -31.25000 50.01106 0.14948 13
1.12502 -0.28174 73.71484 0 8.50000 -32.27500 50.01106 0.15420 13
0.51995 0.08906 78.24385 0 -2.70000 -16.32500 69.47892 0.11386 13
-1.35344 -0.01439 15.86125 0 0.47500 39.55000 9.42578 0.16948 -13
-0.07444 -0.18847 84.10928 0 5.70000 2.22500 83.88517 0.10276 -13
0.59568 -0.07668 37.06790 0 2.30000 -19.27500 31.87038 0.11746 13
0.47440 0.01299 71.05969 0 -0.40000 -11.35000 64.20239 0.11147 13
-0.06332 0.07449 7.29792 0 -2.17500 0.92500 7.28338 0.10118 -13
-1.91622 -0.09728 42.23253 0 2.90000 60.45000 19.61159 0.21787 13
0.99043 0.06243 65.75134 0 -1.87500 -30.82500 46.76072 0.14187 -13
0.31713 -0.07604 41.37175 0 2.27500 -8.92500 39.44656 0.10592 13
-1.41245 -0.03119 35.30007 0 0.97500 39.60000 20.40331 0.17431 -13
1.00615 -0.21803 88.37511 0 6.57500 -30.55000 63.02269 0.14454 -13
1.24432 0.08910 30.24622 0 -2.72500 -36.72500 18.99185 0.16103 13
-0.68115 -0.11431 97.10300 0 3.45000 22.42500 80.41839 0.12239 -13
-0.81617 -0.12497 83.01133 0 3.75000 24.65000 64.50949 0.13059 13
-0.32260 0.12861 4.10408 0 -4.00000 9.55000 3.90898 0.10670 13
-0.33160 -0.27156 4.10408 0 8.05000 9.80000 3.90898 0.10946 13
-0.16016 1.62603 4.10408 0 -4.10000 9.52500 3.90898 0.10688 13
-0.43701 0.04203 4.10408 0 7.60000 9.62500 3.90898 0.10970 13
-29.88005 139.87967 4.10408 0 -3.67500 11.47500 3.90898 0.12621 13
24.90604 -17.97139 4.10408 0 7.85000 11.52500 3.90898 0.13058 13
-0.09725 1.01645 4.10408 0 7.52500 11.60000 3.90898 0.13222 13
0.17025 -0.19060 4.10408 0 8.50000 12.32500 3.90898 0.14243 13
1.97589 0.04757 23.99150 0 -1.40000 -58.50000 10.84360 0.22304 -13
-1.58126 -0.07828 60.11188 0 2.35000 50.12500 32.19991 0.18856 13
-1.10989 -0.20910 84.46897 0 6.30000 34.30000 57.20631 0.15190 13
1.13262 0.06032 26.83800 0 -1.80000 -35.35000 17.78031 0.15227 -13
-0.44068 -0.02584 89.12274 0 0.77500 12.97500 81.55922 0.11008 13
-1.79374 0.13142 38.44607 0 -4.00000 51.70000 18.84293 0.20727 13
-1.84120 -0.26828 38.44607 0 8.05000 53.12500 18.84293 0.21268 13
-0.88280 0.13543 37.29039 0 -4.07500 26.62500 28.06636 0.13501 -13
-0.90477 -0.26395 37.29039 0 7.97500 27.30000 28.06636 0.13840 -13
-0.03991 -0.03804 11.81258 0 1.20000 -0.40000 11.80319 0.10087 -13
-1.45694 0.07653 88.35878 0 -2.32500 45.32500 50.10077 0.17812 13
0.39565 0.00897 2.16978 0 -0.05000 -13.47500 2.01755 0.10843 -13
0.05699 0.11498 50.72562 0 -3.45000 -0.47500 50.64455 0.10153 -13
0.92361 -0.13043 98.13090 0 3.95000 -25.87500 72.36931 0.13771 -13
-1.43887 0.10845 75.59394 0 -3.25000 42.22500 43.31097 0.17678 -13
-0.62631 -0.04072 40.66725 0 1.22500 20.02500 34.47379 0.11889 13
-0.02472 -0.21230 98.50172 0 6.40000 0.30000 98.47294 0.10298 -13
-0.62681 -0.21030 48.18833 0 6.32500 18.85000 41.07711 0.12071 13
0.25890 -0.11294 64.46863 0 3.40000 -7.02500 62.43558 0.10464 13
0.31383 0.03217 27.83634 0 -0.95000 -6.87500 26.56034 0.10560 -13
0.74049 -0.17263 43.66618 0 5.20000 -22.20000 35.27340 0.12650 13
-0.56289 0.01040 32.93654 0 -0.32500 17.60000 28.70220 0.11557 13
-0.56250 0.02800 30.62764 0 -0.82500 14.17500 26.69689 0.11557 -13
0.97667 -0.23564 73.42628 0 7.10000 -31.82500 53.21733 0.14274 13
0.68276 0.14807 17.85491 0 -4.50000 -18.92500 14.79579 0.12276 13
0.69631 -0.25080 17.85491 0 7.52500 -19.32500 14.79579 0.12526 13
-0.46884 -0.02861 18.69258 0 0.82500 13.60000 16.92600 0.11126 13
0.00439 0.00692 62.05262 0 -0.20000 1.15000 62.05202 0.10070 -13
0.54718 -0.17556 97.10644 0 5.30000 -16.72500 85.48233 0.11615 -13
0.14468 0.13977 77.79718 0 -4.22500 -3.55000 77.01066 0.10272 13
0.14801 -0.25944 77.79718 0 7.82500 -3.65000 77.01066 0.10509 13
0.24932 -0.21679 18.31950 0 6.57500 -8.92500 17.79881 0.10608 -13
-0.39585 0.12153 86.55405 0 -3.65000 15.37500 80.55744 0.10899 -13
-0.40793 -0.27864 86.55405 0 8.40000 15.75000 80.55744 0.11233 -13
1.10673 -0.15571 58.84981 0 4.70000 -35.37500 39.71396 0.15103 -13
0.35449 0.11118 1.26463 0 -2.95000 -9.70000 1.19251 0.10768 -13
1.73786 -0.16656 92.50741 0 5.02500 -52.97500 46.61198 0.20260 13
-0.02643 -0.18786 59.43274 0 5.67500 1.57500 59.41269 0.10251 -13
-1.17686 0.04278 96.00875 0 -1.30000 34.87500 62.20037 0.15558 13
1.24508 -0.12223 60.72203 0 3.67500 -35.07500 38.19552 0.16128 13
-1.38549 0.01978 77.98268 0 -0.57500 40.65000 45.64542 0.17208 -13
0.08953 0.05376 98.07569 0 -1.62500 -1.72500 97.68610 0.10125 -13
-0.84971 -0.08231 72.17769 0 2.50000 24.90000 55.08088 0.13241 -13
-1.40258 -0.23414 84.48846 0 7.05000 43.10000 49.91508 0.17505 13
-1.05078 -0.13138 38.84743 0 3.97500 29.97500 26.90086 0.14669 -13
1.16784 -0.11992 95.06867 0 3.60000 -37.32500 62.08819 0.15530 13
0.82124 -0.18132 66.54348 0 5.45000 -24.75000 51.75741 0.13157 13
0.54163 -0.16254 60.10899 0 4.90000 -17.70000 53.00870 0.11568 13
0.87615 -0.03406 86.48570 0 1.02500 -25.75000 65.06619 0.13394 -13
1.01580 -0.01530 38.82863 0 0.47500 -30.30000 27.24088 0.14356 -13
-2.08653 -0.17850 89.19749 0 5.37500 63.47500 39.04373 0.23368 13
-0.17231 -0.04333 18.00472 0 1.27500 6.60000 17.74370 0.10228 13
-1.08143 -0.18396 9.61225 0 5.47500 30.97500 6.58470 0.14941 13
0.28843 0.04920 96.12847 0 -1.50000 -8.07500 92.37188 0.10493 13
0.06098 0.07561 72.74671 0 -2.27500 0.32500 72.61260 0.10118 -13
-1.95503 -0.21460 80.31177 0 6.47500 55.92500 37.22831 0.22221 -13
1.78415 -0.14444 71.67114 0 4.37500 -52.35000 35.31767 0.20650 -13
-1.65752 0.11943 9.15495 0 -3.70000 51.25000 4.75415 0.19538 13
-1.70980 -0.28111 9.15495 0 8.37500 52.75000 4.75415 0.20127 13
1.14126 -0.16151 28.32260 0 4.90000 -34.80000 18.80067 0.15370 -13
1.20358 -0.18498 32.31859 0 5.60000 -36.82500 20.85850 0.15870 -13
-1.29585 0.06296 82.51791 0 -1.90000 38.90000 50.47567 0.16495 -13
-1.70661 -0.14628 14.84353 0 4.35000 51.50000 7.56340 0.19968 13
-0.94369 -0.01084 8.95694 0 0.40000 31.32500 6.51439 0.13848 -13
-2.24422 -0.17486 10.77147 0 5.15000 64.80000 4.43907 0.24791 13
1.33295 0.07054 27.43176 0 -2.10000 -40.10000 16.48819 0.16795 -13
1.18552 -0.15285 86.75713 0 4.60000 -36.72500 56.31406 0.15694 13
1.46779 -0.24460 89.94004 0 7.40000 -45.00000 51.64645 0.18056 -13
0.31160 0.06955 86.99726 0 -2.10000 -8.30000 83.07591 0.10571 -13
-0.30740 -0.16807 5.20398 0 5.17500 8.80000 4.98012 0.10679 -13
0.70958 -0.04323 59.18168 0 1.30000 -20.10000 48.28046 0.12356 13
-0.78494 -0.17324 6.16027 0 5.12500 22.80000 4.87326 0.12914 13
0.52243 -0.12724 34.87159 0 3.85000 -14.55000 30.96090 0.11434 -13
0.83503 0.04133 87.05031 0 -1.25000 -26.67500 66.84157 0.13126 -13
-0.22459 -0.09427 52.26036 0 2.82500 5.47500 51.00092 0.10364 13
0.18821 0.00471 84.36944 0 -0.12500 -6.40000 82.91376 0.10247 -13
1.17858 -0.09583 26.44878 0 2.87500 -35.95000 17.15755 0.15593 13
-1.45005 0.07360 90.39859 0 -2.22500 41.05000 51.41541 0.17754 13
1.08216 0.12875 90.86280 0 -3.90000 -34.50000 61.93936 0.14895 13
1.11202 -0.27101 90.86280 0 8.17500 -35.40000 61.93936 0.15305 13
2.06372 0.11678 66.58887 0 -3.52500 -64.27500 29.19665 0.23107 13
1.38145 -0.24506 93.38939 0 7.37500 -41.85000 55.80796 0.17349 13
0.38603 -0.18136 11.74447 0 5.42500 -12.17500 10.97929 0.10945 13
-0.13191 0.07891 75.91291 0 -2.37500 2.37500 75.26492 0.10189 13
-1.68564 0.05859 71.89934 0 -1.77500 50.47500 36.73060 0.19747 13
-0.85726 -0.01231 38.33027 0 0.35000 25.10000 29.10175 0.13265 13
-0.23686 -0.13410 4.35701 0 3.92500 6.75000 4.24166 0.10434 13
0.24748 0.10088 53.20121 0 -3.05000 -8.22500 51.65836 0.10424 13
1.89190 0.12537 84.10956 0 -3.80000 -56.00000 39.54551 0.21587 13
1.94671 -0.27462 84.10956 0 8.27500 -57.65000 39.54551 0.22209 13
-0.50282 -0.17482 91.40551 0 5.27500 15.57500 81.90875 0.11408 -13
0.97879 -0.19877 40.17197 0 6.02500 -28.67500 28.97935 0.14235 -13
0.28355 0.03500 68.68082 0 -1.05000 -7.20000 66.07890 0.10473 -13
-1.51883 -0.08958 48.65129 0 2.67500 45.35000 26.82817 0.18335 13
-1.86698 -0.05319 76.71143 0 1.62500 55.72500 36.25964 0.21334 -13
-1.08729 -0.19360 38.82271 0 5.82500 30.45000 26.54182 0.15001 13
1.58360 -0.23199 15.12216 0 7.05000 -47.02500 8.22568 0.19015 -13
-0.05201 -0.04970 74.62384 0 1.50000 1.47500 74.52336 0.10097 -13
-0.40912 0.05267 73.92595 0 -1.60000 12.22500 68.43480 0.10894 13
-1.67605 -0.23306 53.16255 0 7.00000 50.37500 27.77168 0.19791 13
0.29200 -0.05982 70.35807 0 1.80000 -10.40000 67.54727 0.10508 13
-0.75801 0.08273 83.12758 0 -2.50000 22.70000 66.32861 0.12664 -13
-0.57299 -0.06282 35.39737 0 1.87500 19.67500 30.72755 0.11623 13
-0.89383 -0.23554 57.78190 0 7.12500 29.32500 43.59251 0.13715 -13
0.31200 -0.22230 28.66595 0 6.70000 -7.97500 27.42226 0.10783 13
-0.87985 -0.08321 12.58140 0 2.57500 24.00000 9.45965 0.13442 -13
0.34890 -0.23074 34.38445 0 6.95000 -10.47500 32.55459 0.10915 13
0.20578 -0.24274 66.66849 0 7.32500 -7.15000 65.37422 0.10567 13
-1.53817 -0.00238 86.98623 0 0.05000 45.87500 47.41333 0.18475 13
0.59530 -0.05151 44.56342 0 1.57500 -15.70000 38.30540 0.11731 -13
-0.32703 0.01645 88.45777 0 -0.50000 12.97500 84.07710 0.10597 13
1.24277 -0.03254 81.87926 0 0.97500 -37.25000 51.34697 0.16067 13
-1.20996 -0.07577 10.72107 0 2.22500 36.05000 6.84177 0.15823 13
-0.99506 -0.02830 7.56590 0 0.75000 28.72500 5.36453 0.14208 13
0.44556 0.12524 5.30881 0 -3.87500 -12.85000 4.85565 0.11103 13
0.45851 -0.27504 5.30881 0 8.17500 -13.22500 4.85565 0.11410 13
1.85792 -0.13068 75.83476 0 3.92500 -55.30000 36.17844 0.21287 13
-0.02992 0.09518 45.72820 0 -2.87500 2.10000 45.70794 0.10121 13
-0.10712 -0.13962 69.10606 0 4.22500 3.77500 68.72039 0.10225 -13
-0.58307 0.10855 14.53038 0 -3.22500 19.37500 12.57073 0.11707 -13
0.44015 0.01722 82.14673 0 -0.52500 -14.70000 75.18788 0.11004 13
1.41070 -0.02114 27.01911 0 0.60000 -41.42500 15.62757 0.17415 13
-1.05047 -0.23402 21.18925 0 7.02500 30.57500 14.81329 0.14790 13
-0.01992 -0.15899 21.16523 0 4.77500 2.02500 21.16114 0.10198 13
-1.49457 -0.13626 67.64853 0 4.12500 45.77500 37.85783 0.18161 -13
0.31923 -0.22488 64.09250 0 6.80000 -9.17500 61.19322 0.10811 -13
-0.34915 0.12347 16.71013 0 -3.70000 10.92500 15.78913 0.10737 -13
-0.35958 -0.27655 16.71013 0 8.37500 11.25000 15.78913 0.11061 -13
1.96884 0.07231 56.93467 0 -2.15000 -60.72500 25.83700 0.22248 -13
2.01136 0.13740 48.46014 0 -4.17500 -61.57500 21.73649 0.22664 13
2.05982 -0.26197 48.46014 0 7.87500 -63.02500 21.73649 0.23204 13
1.99428 -0.20412 9.96202 0 6.05000 -63.95000 4.53979 0.22538 13
-0.20478 -0.07595 91.42222 0 2.30000 4.90000 89.57382 0.10308 -13
0.13274 -0.06019 69.06705 0 1.82500 -4.15000 68.46855 0.10177 -13
-1.07314 0.11590 66.16752 0 -3.47500 38.67500 45.26968 0.14817 -13
0.22506 0.05845 75.90602 0 -1.77500 -9.87500 74.05967 0.10339 13
0.40874 0.01425 5.38874 0 -0.52500 -13.72500 4.98832 0.10882 13
-0.54574 -0.24453 88.00926 0 7.37500 16.30000 77.75918 0.11733 13
-0.36998 -0.21524 70.35476 0 6.50000 10.32500 66.16005 0.10955 -13
1.46619 -0.14031 26.28200 0 4.27500 -40.60000 14.90735 0.17931 -13
-1.11786 0.01306 41.49639 0 -0.37500 33.72500 27.66794 0.15105 -13
-0.31960 0.09364 87.95628 0 -2.82500 7.65000 83.81526 0.10614 -13
-0.70967 -0.18626 74.14239 0 5.62500 20.92500 60.80616 0.12491 -13
0.65499 -0.12679 81.66864 0 3.82500 -18.27500 68.48066 0.12106 -13
-0.63836 -0.00387 80.16543 0 0.10000 19.97500 67.57134 0.11947 13
-0.21990 0.06199 30.17415 0 -1.90000 4.00000 29.47259 0.10331 13
-0.68770 0.00620 9.98904 0 -0.25000 22.50000 8.23059 0.12223 13
0.51904 -0.20573 93.97097 0 6.20000 -11.65000 83.76691 0.11534 -13
-0.26940 -0.05248 27.05645 0 1.57500 7.50000 26.12754 0.10442 13
0.07133 -0.10738 42.63641 0 3.22500 -2.57500 42.52960 0.10153 13
0.35270 0.07737 45.31712 0 -2.32500 -9.30000 42.75091 0.10707 -13
0.39147 -0.21795 66.99906 0 6.57500 -11.50000 62.57785 0.11035 -13
1.59111 -0.17995 48.91093 0 5.45000 -50.52500 26.32397 0.19014 -13
0.01798 0.10322 51.36562 0 -3.12500 -0.62500 51.35741 0.10126 13
-0.01069 -0.06582 10.12936 0 1.95000 -1.52500 10.12879 0.10092 13
-0.25247 0.10043 89.01258 0 -3.02500 7.55000 86.33031 0.10436 13
0.10587 0.11187 18.29544 0 -3.35000 -4.47500 18.19504 0.10188 -13
0.60479 -0.06494 97.82886 0 1.97500 -19.12500 83.75682 0.11787 -13
0.16795 -0.16247 87.32428 0 4.90000 -3.25000 86.14834 0.10342 -13
-1.32330 -0.24987 18.65639 0 7.50000 39.57500 11.46505 0.16885 13
-0.88002 -0.01782 54.67120 0 0.55000 25.07500 41.04458 0.13416 -13
-0.72671 0.10155 93.24741 0 -3.07500 21.25000 75.56595 0.12491 13
1.92989 0.14210 70.20869 0 -4.30000 -59.25000 32.55542 0.21937 13
1.97282 -0.25701 70.20869 0 7.72500 -60.52500 32.55542 0.22420 13
0.26406 0.11550 32.81624 0 -3.47500 -8.50000 31.74235 0.10480 -13
-1.40658 -0.04473 38.32034 0 1.37500 40.97500 22.21928 0.17386 -13
1.20547 -0.15550 90.86314 0 4.70000 -36.25000 58.42336 0.15851 -13
-0.08620 0.06042 79.74681 0 -1.82500 5.15000 79.45324 0.10126 -13
-0.46895 -0.10497 68.27295 0 3.15000 15.90000 61.87438 0.11172 13
0.04026 0.10658 82.63905 0 -3.20000 -3.67500 82.57292 0.10135 -13
-0.67839 -0.11997 31.38236 0 3.60000 17.70000 26.02889 0.12227 13
-0.14479 -0.08497 97.58733 0 2.55000 2.40000 96.58735 0.10211 13
0.31678 -0.21451 67.31441 0 6.47500 -10.40000 64.30084 0.10783 -13
0.04976 -0.11849 69.79767 0 3.57500 -1.60000 69.71260 0.10154 -13
1.73037 -0.18248 7.24146 0 5.37500 -48.35000 3.66750 0.20198 13
-0.25152 -0.16124 30.67190 0 4.87500 9.72500 29.76786 0.10511 -13
0.01207 0.00392 47.99798 0 -0.12500 -1.87500 47.99445 0.10071 13
-1.26480 0.10533 13.52630 0 -3.22500 38.22500 8.41734 0.16276 13
-1.65040 0.07377 63.75147 0 -2.25000 50.85000 33.10213 0.19448 13
0.74294 -0.13899 5.84455 0 4.30000 -21.50000 4.70723 0.12632 -13
-0.33376 -0.06415 95.63544 0 1.95000 8.77500 90.73476 0.10636 -13
-2.15575 0.14270 59.32506 0 -4.32500 63.10000 25.17234 0.23975 13
-2.20308 -0.25641 59.32506 0 7.72500 64.52500 25.17234 0.24496 13
-1.11498 -0.12544 18.29878 0 3.82500 34.45000 12.26994 0.15139 -13
0.48169 -0.15408 44.05437 0 4.62500 -14.30000 39.77655 0.11284 13
0.05236 0.14742 72.80464 0 -4.45000 -2.95000 72.70717 0.10193 13
0.05341 -0.25144 72.80464 0 7.57500 -3.00000 72.70717 0.10397 13
1.71501 -0.20151 99.47360 0 6.10000 -49.97500 50.85240 0.20096 -13
-0.20782 0.04543 61.41974 0 -1.37500 6.15000 60.13748 0.10296 13
-0.89644 0.13949 78.55192 0 -4.20000 24.97500 58.74066 0.13597 -13
-0.91728 -0.25971 78.55192 0 7.85000 25.60000 58.74066 0.13915 -13
0.56593 0.10760 25.76558 0 -3.22500 -19.50000 22.45480 0.11621 -13
-0.23190 -0.19664 30.82116 0 5.95000 5.70000 30.05296 0.10526 -13
-0.13889 0.03410 66.41518 0 -1.02500 4.37500 65.78440 0.10173 13
-0.37659 -0.19985 95.04540 0 6.02500 7.47500 89.15996 0.10947 13
0.67257 0.09403 54.03328 0 -2.85000 -19.97500 44.89735 0.12173 13
-0.07518 0.06609 43.33009 0 -2.00000 2.95000 43.20865 0.10121 13
-0.79347 0.12714 84.33280 0 -3.82500 24.45000 66.26511 0.12918 -13
-0.81588 -0.27270 84.33280 0 8.22500 25.12500 66.26511 0.13284 -13
0.80670 -0.08001 45.95214 0 2.42500 -22.52500 35.81096 0.12964 -13
0.55135 -0.24249 39.81111 0 7.32500 -16.17500 35.09103 0.11757 -13
1.96732 0.04598 18.30290 0 -1.32500 -58.92500 8.30118 0.22226 -13
-0.02416 -0.07231 35.22075 0 2.20000 0.80000 35.21052 0.10100 -13
-1.45505 -0.12057 26.40522 0 3.60000 43.62500 15.02913 0.17820 13
-0.97554 0.06151 18.75814 0 -1.90000 28.52500 13.43980 0.14083 13
-0.57689 -0.03891 58.78938 0 1.17500 14.85000 50.93247 0.11633 -13
-0.23137 -0.21220 17.69840 0 6.42500 8.62500 17.26186 0.10557 -13
-0.04964 -0.08926 17.68263 0 2.67500 -0.60000 17.66106 0.10122 13
0.46642 0.14923 41.76346 0 -4.50000 -12.15000 37.92289 0.11212 -13
0.47547 -0.24953 41.76346 0 7.55000 -12.42500 37.92289 0.11431 -13
0.43198 0.04815 53.88810 0 -1.47500 -14.57500 49.47863 0.10981 13
0.00760 -0.09549 14.37777 0 2.85000 3.10000 14.37736 0.10116 13
-1.01751 0.06269 66.62299 0 -1.87500 30.32500 46.74538 0.14381 -13
-1.40435 0.00685 76.80719 0 -0.22500 43.57500 44.55144 0.17362 13
0.53596 -0.02171 36.33471 0 0.65000 -18.52500 32.02660 0.11428 13
-0.37690 -0.21301 55.48824 0 6.42500 12.95000 52.06347 0.10973 13
-0.07307 -0.06416 38.08987 0 1.92500 3.37500 37.98896 0.10118 13
0.02537 -0.20456 82.16680 0 6.17500 -0.67500 82.14142 0.10281 13
-0.91660 -0.10197 73.90767 0 3.07500 28.80000 54.61161 0.13699 13
-1.63937 0.03054 58.20694 0 -0.92500 48.20000 30.32132 0.19341 13
0.97726 -0.10027 61.59264 0 3.02500 -26.37500 44.15805 0.14117 -13
-0.64947 -0.04996 43.49834 0 1.50000 19.90000 36.49313 0.12019 13
-0.53485 -0.16406 81.84239 0 4.95000 17.00000 72.37974 0.11540 -13
-0.06793 0.14285 72.50303 0 -4.32500 -0.22500 72.33963 0.10196 13
-0.06942 -0.25622 72.50303 0 7.72500 -0.17500 72.33963 0.10419 13
-0.87228 -0.00645 60.32136 0 0.20000 26.02500 45.45851 0.13363 -13
-0.90684 0.14485 10.26946 0 -4.42500 28.10000 7.64274 0.13678 13
-0.92559 -0.25441 10.26946 0 7.60000 28.65000 7.64274 0.13955 13
-0.43694 0.03257 76.42802 0 -1.00000 13.62500 70.04027 0.10995 13
-0.71453 0.14684 11.51110 0 -4.47500 22.70000 9.39950 0.12468 13
-0.72901 -0.25228 11.51110 0 7.55000 23.12500 9.39950 0.12714 13
1.18498 -0.16976 92.81791 0 5.12500 -36.47500 60.35770 0.15707 13
-0.66853 0.11671 24.12140 0 -3.50000 18.17500 20.09464 0.12169 -13
-1.16174 -0.24963 3.78273 0 7.32500 35.20000 2.50994 0.15625 13
-1.47783 -0.20218 76.75624 0 6.10000 45.17500 43.60734 0.18083 13
0.10069 -0.09023 34.41445 0 2.72500 -3.70000 34.24268 0.10162 -13
-0.46742 0.14633 3.27795 0 -4.25000 13.50000 2.97524 0.11211 -13
-0.47732 -0.25231 3.27795 0 7.77500 13.82500 2.97524 0.11465 -13
-0.20702 0.01785 9.61542 0 -0.60000 6.57500 9.41576 0.10286 13
1.41954 -0.11808 18.83159 0 3.52500 -45.12500 10.89537 0.17523 13
-1.89888 0.07697 7.30811 0 -2.47500 57.22500 3.41381 0.21632 13
-0.46851 -0.07856 54.98495 0 2.37500 14.57500 49.81899 0.11149 -13
0.61942 -0.16076 60.89573 0 4.85000 -15.65000 51.95075 0.11957 -13
-0.93958 -0.18932 2.42881 0 5.40000 28.07500 1.78474 0.13936 13
-0.28415 0.12558 40.06158 0 -3.80000 6.20000 38.55856 0.10545 13
-0.29236 -0.27438 40.06158 0 8.27500 6.45000 38.55856 0.10848 13
-1.96378 0.00573 79.28227 0 -0.17500 59.35000 35.97682 0.22193 13
0.58717 0.11223 81.00001 0 -3.40000 -17.97500 69.96092 0.11733 13
-1.84947 -0.07827 37.41021 0 2.32500 54.07500 17.83556 0.21185 13
0.67437 -0.00560 6.97585 0 0.07500 -22.42500 5.78347 0.12148 13
-0.89830 0.13189 57.11875 0 -3.97500 26.65000 42.65539 0.13601 -13
-0.92193 -0.26770 57.11875 0 8.10000 27.37500 42.65539 0.13961 -13
-0.12038 -0.15472 66.51589 0 4.65000 1.92500 66.05016 0.10262 13
-1.25974 -0.15381 73.61211 0 4.62500 36.60000 46.09582 0.16269 13
-1.32751 -0.11520 49.38412 0 3.45000 41.95000 29.83812 0.16776 13
0.33332 -0.18128 13.92988 0 5.42500 -10.50000 13.23592 0.10769 13
0.80435 -0.16309 27.52230 0 4.95000 -22.67500 21.55605 0.13029 -13
-1.27062 -0.09509 47.43682 0 2.85000 39.15000 29.41922 0.16311 13
-0.71263 0.03854 3.04660 0 -0.97500 20.40000 2.48165 0.12377 -13
0.78847 -0.13603 75.54165 0 4.10000 -23.35000 59.52840 0.12896 13
-0.34826 -0.14080 52.98863 0 4.22500 10.05000 50.09362 0.10757 13
-2.21252 -0.06545 34.31792 0 2.00000 64.92500 14.16021 0.24461 -13
0.75397 -0.04198 63.05629 0 1.27500 -25.37500 50.36483 0.12619 -13
1.72817 0.02010 35.75188 0 -0.62500 -53.60000 17.90803 0.20109 13
0.40418 -0.11060 73.73800 0 3.35000 -11.72500 68.42309 0.10919 -13
0.09663 -0.08928 11.82356 0 2.65000 -2.62500 11.76917 0.10156 13
-0.33299 -0.17707 12.44216 0 5.37500 9.75000 11.82256 0.10766 -13
-0.74162 0.04354 49.53726 0 -1.30000 21.20000 39.80241 0.12545 -13
0.44872 -0.17366 31.67681 0 5.22500 -15.00000 28.97158 0.11174 13
0.04349 -0.05785 29.02917 0 1.72500 -1.40000 29.00185 0.10097 13
0.81897 -0.07106 50.38059 0 2.12500 -21.27500 39.01658 0.13036 13
0.63639 -0.24604 21.81447 0 7.40000 -20.45000 18.55698 0.12189 13
0.98286 0.04594 19.24075 0 -1.35000 -28.35000 13.72989 0.14127 -13
0.10900 0.02410 84.93595 0 -0.72500 -4.00000 84.43615 0.10133 13
-0.60542 -0.12937 5.84037 0 3.80000 16.77500 5.00741 0.11841 13
1.03963 0.11318 34.82562 0 -3.42500 -32.00000 24.22177 0.14572 13
-0.61158 -0.06800 11.81630 0 2.10000 19.92500 10.08693 0.11826 -13
-0.18121 0.03245 83.81314 0 -0.97500 4.22500 82.47154 0.10239 -13
1.36930 0.14534 83.72770 0 -4.37500 -42.07500 49.71640 0.17137 -13
1.39796 -0.25360 83.72770 0 7.65000 -42.95000 49.71640 0.17498 -13
-0.93302 -0.15320 61.50259 0 4.60000 26.27500 45.21078 0.13858 13
0.84704 -0.15431 14.23028 0 4.70000 -27.12500 10.91206 0.13291 -13
1.46510 0.14706 53.29703 0 -4.45000 -44.30000 30.26555 0.17926 13
1.49475 -0.25185 53.29703 0 7.57500 -45.17500 30.26555 0.18285 13
0.11644 -0.06508 91.70732 0 1.95000 -4.47500 91.09441 0.10159 13
0.20968 0.14282 17.74793 0 -4.35000 -3.82500 17.37745 0.10391 13
0.21431 -0.25625 17.74793 0 7.70000 -3.95000 17.37745 0.10615 13
-0.31699 0.00988 47.25392 0 -0.27500 8.42500 45.04515 0.10565 -13
-1.07512 0.01351 71.81864 0 -0.42500 29.25000 48.91514 0.14787 13
-0.90662 0.07167 4.53680 0 -2.30000 27.15000 3.36538 0.13619 13
-0.50636 -0.19507 42.39070 0 5.90000 18.15000 37.96077 0.11459 -13
1.34620 -0.02088 15.97636 0 0.57500 -40.40000 9.52835 0.16889 13
1.75092 0.01582 88.48348 0 -0.50000 -53.67500 43.88663 0.20306 13
-0.47579 0.06471 17.11458 0 -1.92500 12.90000 15.46029 0.11171 -13
-1.82537 -0.02914 17.06660 0 0.92500 54.57500 8.20274 0.20963 -13
0.57054 -0.07334 55.51815 0 2.20000 -14.15000 48.25377 0.11617 13
0.01144 -0.14127 15.26692 0 4.22500 1.65000 15.26594 0.10170 13
0.76531 -0.01603 59.43885 0 0.50000 -24.17500 47.20417 0.12682 -13
-0.50545 -0.14114 65.70381 0 4.27500 15.35000 58.75606 0.11373 -13
-0.78271 -0.06968 20.67302 0 2.12500 23.40000 16.29400 0.12809 -13
-0.90298 -0.23943 95.83720 0 7.22500 26.55000 72.01232 0.13780 13
0.47943 -0.08135 35.62169 0 2.47500 -14.20000 32.14105 0.11198 -13
-1.07103 0.07359 16.02215 0 -2.27500 32.60000 10.94987 0.14777 13
-0.37590 -0.24200 24.22315 0 7.32500 11.10000 22.75224 0.11033 -13
-1.54147 -0.06284 26.56801 0 1.87500 46.80000 14.47898 0.18514 13
1.17199 0.10684 32.26166 0 -3.25000 -36.25000 21.00892 0.15553 13
0.54554 0.10782 82.34858 0 -3.25000 -17.10000 72.38615 0.11522 -13
0.44203 0.08150 80.88821 0 -2.47500 -12.82500 74.02238 0.11041 13
-0.25113 -0.21701 9.83565 0 6.50000 8.30000 9.55207 0.10608 13
1.85342 0.10148 19.26156 0 -3.10000 -58.27500 9.18259 0.21236 13
-0.98174 -0.11657 61.86948 0 3.50000 26.50000 44.29527 0.14160 13
-0.88533 -0.01315 74.78798 0 0.40000 26.02500 55.99851 0.13450 13
-2.12767 0.02899 24.24068 0 -0.92500 62.37500 10.31468 0.23678 13
-0.14722 -0.08143 33.96202 0 2.47500 1.90000 33.60223 0.10212 -13
0.80426 0.08576 77.60960 0 -2.60000 -22.12500 60.56137 0.12953 13
-1.63234 -0.17896 14.69591 0 5.32500 50.17500 7.76513 0.19355 13
0.88845 -0.08597 37.84811 0 2.60000 -27.22500 28.34028 0.13499 -13
0.38492 0.01321 24.81658 0 -0.37500 -12.50000 23.16028 0.10791 -13
-0.49461 -0.03592 45.84250 0 1.07500 13.95000 41.09609 0.11240 13
-0.42195 -0.01299 63.41230 0 0.37500 12.47500 58.42499 0.10931 13
0.45535 -0.12600 76.33589 0 3.80000 -14.60000 69.56581 0.11137 13
1.48765 0.09917 29.72456 0 -2.95000 -43.45000 16.63915 0.18076 -13
0.54534 0.12600 2.10830 0 -3.52500 -16.22500 1.85451 0.11541 -13
-0.47739 0.08323 19.19642 0 -2.55000 13.37500 17.33475 0.11192 13
-0.22821 0.02387 12.63158 0 -0.75000 6.35000 12.31518 0.10333 13
0.33340 0.07032 9.84875 0 -2.17500 -9.75000 9.34562 0.10640 13
0.10203 0.14002 56.00250 0 -4.22500 -2.50000 55.71875 0.10221 13
0.10438 -0.25918 56.00250 0 7.80000 -2.57500 55.71875 0.10455 13
-1.54020 -0.20272 59.56532 0 6.12500 45.35000 32.89635 0.18607 -13
0.66451 0.11641 92.07643 0 -3.52500 -20.32500 76.84555 0.12148 13
-1.68079 -0.19204 73.29083 0 5.80000 53.75000 37.97582 0.19792 -13
-0.71196 -0.01773 14.91786 0 0.57500 21.67500 12.15337 0.12363 -13
0.15301 -0.18464 32.15038 0 5.55000 -6.75000 31.79244 0.10355 13
-0.42801 0.02309 38.76290 0 -0.70000 12.22500 35.63719 0.10957 13
0.41555 -0.20985 92.47983 0 6.32500 -12.62500 85.66648 0.11109 -13
0.99817 -0.23957 46.39749 0 7.25000 -29.42500 33.29172 0.14433 -13
1.03641 0.08514 23.07059 0 -2.52500 -30.65000 16.04949 0.14527 -13
0.58517 -0.05908 41.58083 0 1.77500 -20.57500 35.90411 0.11683 13
0.63811 -0.06400 61.26911 0 1.95000 -20.35000 51.68016 0.11963 -13
-0.03783 -0.12991 2.84294 0 4.10000 0.85000 2.84093 0.10177 -13
1.61421 -0.00022 23.98955 0 0.05000 -46.55000 12.63381 0.19122 -13
0.27642 -0.14978 96.74834 0 4.50000 -11.95000 93.32402 0.10556 13
-1.36526 -0.02940 51.13331 0 0.90000 39.90000 30.22337 0.17045 -13
-0.68756 -0.14646 81.13334 0 4.42500 19.97500 67.08155 0.12310 -13
-1.68954 0.05891 13.76311 0 -1.70000 52.00000 7.01984 0.19776 -13
-0.00137 -0.18725 24.26834 0 5.67500 1.62500 24.26831 0.10246 -13
1.54754 -0.21932 32.03702 0 6.57500 -48.60000 17.67665 0.18682 13
-1.71463 -0.02438 37.00053 0 0.70000 51.07500 18.64472 0.19989 13
-0.05262 -0.18368 36.19709 0 5.55000 -0.10000 36.14869 0.10253 -13
-1.16733 0.07716 19.84108 0 -2.37500 36.47500 12.92976 0.15501 13
1.91910 -0.19371 7.50225 0 5.70000 -58.45000 3.51694 0.21864 13
0.13328 -0.13084 27.62014 0 3.97500 -4.67500 27.38212 0.10246 -13
0.34127 0.05381 10.06065 0 -1.57500 -10.92500 9.52300 0.10654 -13
1.04043 -0.23168 63.03831 0 7.00000 -29.05000 44.27332 0.14719 -13
0.03365 -0.00209 98.54864 0 0.07500 0.35000 98.49289 0.10076 -13
0.55479 0.10160 72.61342 0 -3.07500 -15.17500 63.57275 0.11562 13
-0.33530 0.14646 75.28751 0 -4.42500 9.17500 71.45741 0.10724 13
-0.34218 -0.25245 75.28751 0 7.60000 9.37500 71.45741 0.10942 13
0.05289 -0.09536 38.69914 0 2.87500 -0.40000 38.64559 0.10129 13
-0.37219 -0.00963 2.03831 0 0.02500 12.92500 1.91031 0.10759 13
0.11049 0.05733 73.60505 0 -1.72500 -3.60000 73.16130 0.10148 13
-0.92443 0.07674 14.28521 0 -2.27500 27.85000 10.50410 0.13735 -13
-1.02542 0.00305 71.93406 0 -0.07500 29.57500 50.22284 0.14424 -13
0.61694 0.03109 82.94174 0 -0.95000 -19.50000 70.59811 0.11837 13
-0.62963 0.05748 63.23291 0 -1.75000 15.90000 53.53479 0.11915 13
-0.47252 -0.05766 98.07145 0 1.75000 16.47500 88.69755 0.11153 -13
-0.47161 -0.13837 34.24660 0 4.20000 14.72500 31.02776 0.11221 -13
0.69704 -0.12708 56.36518 0 3.82500 -20.07500 46.36083 0.12342 13
-0.00575 -0.00824 73.87841 0 0.25000 1.02500 73.87719 0.10071 13
-0.06999 -0.14211 49.86363 0 4.27500 2.07500 49.74430 0.10196 13
-0.20072 0.03444 1.73721 0 -1.32500 7.02500 1.70323 0.10300 13
-1.48382 0.00293 94.56302 0 -0.07500 44.25000 52.84795 0.18020 -13
-0.21202 -0.16698 57.05235 0 5.05000 5.60000 55.84441 0.10431 -13
-0.41634 -0.24845 37.25557 0 7.50000 13.02500 34.54240 0.11193 -13
1.80224 -0.09650 48.09341 0 2.90000 -53.22500 23.41675 0.20777 13
0.48163 -0.15232 44.97656 0 4.57500 -13.02500 40.60817 0.11282 13
1.02333 0.08346 37.57758 0 -2.50000 -30.85000 26.31023 0.14432 -13
0.28138 -0.15636 84.64356 0 4.70000 -6.02500 81.55076 0.10579 13
-0.13818 0.03212 41.78405 0 -0.95000 2.35000 41.39121 0.10171 -13
-0.31777 -0.18857 21.20910 0 5.67500 8.25000 20.24490 0.10734 13
0.69588 -0.11444 15.55097 0 3.47500 -19.22500 12.79283 0.12323 -13
1.86259 -0.21131 50.05898 0 6.35000 -56.85000 24.08196 0.21392 13
0.46937 -0.24476 4.47003 0 7.25000 -14.75000 4.06734 0.11386 13
-0.92591 0.01686 67.13406 0 -0.50000 31.60000 49.26368 0.13725 -13
1.88555 0.13478 10.52628 0 -3.95000 -56.97500 4.96626 0.21529 -13
1.93227 -0.26421 10.52628 0 8.10000 -58.50000 4.96626 0.22100 -13
-0.36260 0.13803 75.64396 0 -4.15000 8.77500 71.19033 0.10801 -13
-0.37125 -0.26125 75.64396 0 7.87500 9.02500 71.19033 0.11060 -13
-0.53006 -0.03694 74.98228 0 1.12500 16.77500 66.26051 0.11404 -13
-0.22008 0.06426 20.21736 0 -1.92500 7.47500 19.74686 0.10331 -13
0.17432 -0.09087 74.33815 0 2.75000 -6.35000 73.24268 0.10264 -13
0.96566 -0.02510 59.44346 0 0.75000 -29.37500 42.76732 0.14001 13
-0.09208 -0.15861 78.41652 0 4.80000 3.72500 78.09429 0.10239 -13
0.73675 -0.21892 22.01719 0 6.57500 -20.30000 17.86966 0.12699 13
-0.02047 0.04560 54.62876 0 -1.37500 1.87500 54.61734 0.10083 13
0.89791 -0.01116 9.42370 0 0.27500 -27.30000 7.01181 0.13536 13
-0.04635 -0.16141 26.90299 0 4.90000 1.32500 26.87487 0.10212 -13
0.48560 0.10465 36.13541 0 -3.17500 -15.27500 32.54080 0.11244 13
-0.51193 -0.15646 13.12094 0 4.77500 15.95000 11.70856 0.11425 -13
-0.04651 0.08882 58.17777 0 -2.70000 -1.75000 58.11545 0.10120 13
-0.04131 -0.22544 79.90093 0 6.80000 1.42500 79.83611 0.10332 -13
0.58862 0.10972 40.01694 0 -3.32500 -16.62500 34.53928 0.11738 13
0.86247 0.14794 20.40880 0 -4.42500 -25.30000 15.52559 0.13379 -13
0.87958 -0.25081 20.40880 0 7.60000 -25.82500 15.52559 0.13651 -13
1.49773 0.00352 36.43825 0 -0.12500 -47.37500 20.23272 0.18137 13
-0.58592 0.00127 94.15147 0 -0.02500 17.65000 81.23434 0.11672 -13
0.81764 -0.16522 62.56414 0 5.00000 -24.07500 48.69484 0.13115 -13
-0.52769 -0.20435 69.84005 0 6.15000 16.32500 62.03889 0.11570 13
-0.60076 -0.00524 16.44944 0 0.20000 16.65000 14.10085 0.11748 -13
0.65507 -0.23296 29.00739 0 7.00000 -19.45000 24.45430 0.12263 13
-1.38092 -0.14616 29.31982 0 4.42500 40.80000 17.31694 0.17234 -13
1.27505 -0.06358 58.97077 0 1.90000 -38.62500 36.43832 0.16331 13
0.16060 -0.09831 65.47151 0 2.97500 -5.70000 64.65106 0.10247 -13
-0.76482 -0.23014 26.40303 0 6.92500 21.10000 21.17010 0.12886 13
-0.23833 -0.02357 27.53093 0 0.72500 6.50000 26.78117 0.10356 -13
0.03836 -0.21572 23.09448 0 6.47500 -2.20000 23.07826 0.10307 13
-1.05369 0.13475 18.96641 0 -4.10000 32.32500 13.11756 0.14695 13
-1.08022 -0.26478 18.96641 0 7.95000 33.10000 13.11756 0.15057 13
-1.45376 0.01862 20.02517 0 -0.60000 45.12500 11.34999 0.17771 13
-1.13860 0.08551 26.98678 0 -2.55000 32.90000 17.84458 0.15284 -13
-0.78017 0.02737 81.37285 0 -0.82500 26.32500 64.16655 0.12775 -13
0.62622 0.09967 58.87245 0 -3.02500 -21.72500 49.96556 0.11925 13
1.31564 -0.23414 34.39966 0 7.10000 -40.77500 21.16768 0.16811 -13
1.00956 0.13216 86.13839 0 -4.00000 -31.02500 60.88346 0.14372 13
1.03603 -0.26743 86.13839 0 8.05000 -31.82500 60.88346 0.14747 13
-1.73329 0.14665 84.12606 0 -4.40000 51.07500 42.37609 0.20205 -13
-1.76868 -0.25221 84.12606 0 7.62500 52.15000 42.37609 0.20621 -13
-1.16845 0.11283 64.72415 0 -3.40000 36.20000 42.23844 0.15529 -13
0.45295 0.07627 32.23332 0 -2.32500 -12.20000 29.37613 0.11082 13
1.38493 0.01857 97.55031 0 -0.55000 -41.90000 57.11268 0.17204 -13
0.04427 -0.13501 25.80332 0 4.05000 -2.20000 25.77853 0.10171 13
0.41614 0.08555 16.76909 0 -2.62500 -11.90000 15.49061 0.10943 13
-2.07793 0.02881 17.93299 0 -0.92500 60.20000 7.77943 0.23226 13
-1.58790 -0.00159 91.53808 0 0.05000 46.20000 48.78025 0.18897 -13
0.19023 -0.02017 63.07998 0 0.60000 -4.32500 61.96924 0.10253 13
0.45242 -0.05487 65.81465 0 1.67500 -11.77500 59.97858 0.11067 -13
-0.26580 -0.01008 1.17019 0 -0.12500 6.05000 1.13096 0.10462 13
-0.76608 0.02683 16.85962 0 -0.85000 25.47500 13.38551 0.12689 13
-0.05319 -0.19263 98.64143 0 5.80000 1.32500 98.50718 0.10269 13
1.51368 -0.21797 1.13927 0 5.80000 -44.60000 0.63865 0.18375 13
-0.50231 0.01729 29.44910 0 -0.50000 14.47500 26.31645 0.11271 -13
0.81770 -0.00175 57.02525 0 0.07500 -24.05000 44.14552 0.13008 -13
0.45944 -0.15891 22.62134 0 4.77500 -12.95000 20.60006 0.11196 13
-0.61803 -0.18370 87.68157 0 5.55000 19.40000 74.92558 0.11982 -13
0.51616 -0.13447 83.76182 0 4.05000 -14.17500 74.57127 0.11412 13
-0.36160 -0.02715 18.25304 0 0.85000 10.00000 17.16594 0.10713 -13
-1.80136 -0.20792 99.29756 0 6.25000 53.87500 48.97753 0.20852 13
1.75205 -0.23720 13.79260 0 7.07500 -53.65000 6.97837 0.20444 13
