-0.42021 -0.07254 70.85052 0 2.20000 12.10000 65.34367 0.10948 -13
0.85057 0.04414 48.75202 0 -1.32500 -24.20000 37.15098 0.13227 -13
0.53994 -0.14134 97.97633 0 4.27500 -16.90000 86.40304 0.11533 -13
-1.81698 0.14291 21.80411 0 -4.35000 52.60000 10.59490 0.20940 13
-1.85755 -0.25633 21.80411 0 7.67500 53.77500 10.59490 0.21386 13
-0.06145 -0.23268 13.89548 0 7.05000 0.40000 13.87068 0.10361 -13
-0.23200 0.01128 28.96051 0 -0.35000 6.27500 28.21132 0.10338 13
-1.26259 -0.24493 44.13491 0 7.37500 37.47500 27.89184 0.16404 13
-0.92569 0.12409 50.33992 0 -3.72500 26.90000 37.07214 0.13778 -13
-0.95294 -0.27591 50.33992 0 8.32500 27.72500 37.07214 0.14187 -13
0.58731 -0.19955 50.89906 0 6.00000 -17.95000 44.10677 0.11849 13
-0.46819 -0.24067 2.09345 0 6.97500 14.20000 1.90543 0.11371 13
-0.16321 -0.21379 25.98867 0 6.42500 5.40000 25.66396 0.10427 13
0.39142 0.10977 11.73297 0 -3.27500 -12.90000 10.93461 0.10869 -13
-1.32026 -0.02937 1.26735 0 1.52500 36.82500 0.76566 0.16750 -13
-0.02352 -0.20068 67.79962 0 6.05000 0.65000 67.78162 0.10274 -13
0.00996 0.08350 96.04406 0 -2.52500 -0.90000 96.03933 0.10106 -13
1.29236 -0.17886 54.20732 0 5.40000 -40.67500 33.49948 0.16555 -13
-0.79153 0.00825 34.67132 0 -0.22500 22.35000 27.18606 0.12843 -13
0.33722 -0.18703 59.29520 0 5.62500 -11.52500 56.28346 0.10793 13
1.31133 0.04576 88.86421 0 -1.37500 -42.90000 53.92178 0.16613 -13
1.72763 0.07646 43.23459 0 -2.32500 -52.42500 21.70598 0.20118 13
-0.29563 -0.17143 56.22117 0 5.15000 8.37500 53.97642 0.10642 13
-0.66655 -0.13859 44.47096 0 4.17500 20.45000 37.11138 0.12183 13
-0.96239 -0.10260 22.27447 0 3.07500 26.72500 16.08958 0.14013 13
1.80175 -0.20676 41.58986 0 6.20000 -54.85000 20.50787 0.20851 13
-1.88651 -0.17138 74.07856 0 5.15000 54.12500 35.08856 0.21569 13
-0.70663 0.08637 32.00195 0 -2.62500 20.02500 26.16778 0.12363 13
-0.27350 -0.07475 51.68332 0 2.25000 7.62500 49.86189 0.10467 13
-0.32484 -0.23965 68.74776 0 7.22500 8.82500 65.55467 0.10859 13
0.46955 -0.17400 89.90277 0 5.25000 -14.62500 81.59501 0.11263 -13
-0.96467 -0.03575 6.88728 0 0.97500 28.20000 4.95857 0.13996 13
-0.22610 -0.19773 31.95786 0 5.95000 6.97500 31.19989 0.10514 13
0.90538 -0.09034 19.94379 0 2.70000 -29.10000 14.81112 0.13614 13
-0.77542 -0.08116 93.11565 0 2.45000 25.25000 73.67560 0.12769 13
1.34382 0.05902 19.54767 0 -1.75000 -42.60000 11.68274 0.16878 -13
0.75468 0.04452 36.90427 0 -1.35000 -19.65000 29.46753 0.12625 13
-0.58820 0.09385 28.51327 0 -2.80000 16.92500 24.60408 0.11721 -13
0.78048 -0.17036 23.44685 0 5.10000 -26.15000 18.58279 0.12888 13
-1.82915 0.14677 78.77330 0 -4.42500 55.07500 38.09723 0.21044 -13
-1.86639 -0.25209 78.77330 0 7.62500 56.22500 38.09723 0.21476 -13
-0.59864 0.04829 99.05347 0 -1.45000 18.57500 85.01447 0.11747 13
0.77813 -0.02133 21.58593 0 0.67500 -26.12500 17.03749 0.12762 -13
-0.10257 0.03170 63.99966 0 -0.95000 4.55000 63.66603 0.10128 -13
0.77319 -0.09694 43.89918 0 2.95000 -27.30000 34.79005 0.12767 -13
-0.66036 0.06433 77.07562 0 -1.95000 21.35000 64.35780 0.12085 13
0.03460 -0.12183 70.64415 0 3.67500 1.20000 70.60249 0.10151 -13
1.10640 -0.08868 94.18017 0 2.67500 -31.70000 63.28685 0.15045 -13
-1.78871 -0.13064 17.11218 0 3.87500 54.30000 8.40331 0.20676 13
-0.19176 0.06276 75.08630 0 -1.90000 3.92500 73.74782 0.10273 13
-0.65898 0.14118 29.79661 0 -4.25000 20.25000 24.95372 0.12143 -13
-0.67388 -0.25788 29.79661 0 7.80000 20.70000 24.95372 0.12420 -13
0.07327 -0.03172 52.21921 0 0.95000 0.17500 52.07974 0.10102 13
1.92125 -0.03207 24.67322 0 0.92500 -58.60000 11.39586 0.21814 13
0.44903 -0.00149 11.85982 0 0.10000 -13.85000 10.81918 0.11040 -13
0.30686 0.08082 39.10547 0 -2.42500 -9.50000 37.39532 0.10565 -13
1.11144 -0.12119 72.09406 0 3.67500 -28.22500 48.41449 0.15106 -13
-0.21302 0.09589 81.56412 0 -2.90000 5.20000 79.79001 0.10342 13
0.60281 -0.20773 97.40383 0 6.25000 -16.92500 83.88321 0.11942 13
-0.21356 -0.16061 92.27379 0 4.85000 3.37500 90.28858 0.10423 13
-1.09389 -0.19425 56.58712 0 5.87500 33.07500 38.56527 0.15054 -13
-2.03078 0.06992 66.87156 0 -2.10000 60.62500 29.60003 0.22806 -13
-0.32591 -0.09432 77.23834 0 2.85000 8.07500 73.46760 0.10634 13
0.16238 -0.12111 43.46609 0 3.65000 -4.07500 42.91215 0.10274 13
-0.53351 -0.15827 26.68907 0 4.80000 15.92500 23.61140 0.11526 -13
1.24944 -0.19428 96.86654 0 5.87500 -38.70000 61.21092 0.16235 -13
0.97484 -0.12361 15.96723 0 3.67500 -27.35000 11.47620 0.14116 13
0.67588 -0.05648 57.61672 0 1.72500 -20.00000 47.75958 0.12168 -13
0.90659 -0.21812 74.47289 0 6.60000 -27.30000 55.74748 0.13770 -13
0.21789 -0.13518 25.29546 0 4.10000 -5.05000 24.72571 0.10397 -13
-1.03182 -0.01051 54.00880 0 0.30000 29.50000 37.58819 0.14470 13
0.67835 0.10013 82.16980 0 -3.02500 -21.92500 68.10794 0.12211 13
-0.01484 -0.11992 27.11353 0 3.60000 2.75000 27.11058 0.10143 13
0.88772 0.02084 80.05012 0 -0.65000 -27.20000 59.87069 0.13467 13
0.50712 -0.00813 48.76900 0 0.22500 -16.20000 43.49570 0.11291 13
-0.08136 0.06809 35.61628 0 -2.07500 3.35000 35.49954 0.10127 13
1.65930 0.01646 23.17658 0 -0.45000 -50.52500 11.96438 0.19510 -13
-0.64302 -0.18066 45.50880 0 5.42500 18.35000 38.45684 0.12109 13
0.09799 0.01473 27.48702 0 -0.45000 -1.87500 27.35601 0.10120 13
1.13996 0.05636 4.30605 0 -1.52500 -34.75000 2.84205 0.15282 -13
-1.88643 -0.13546 81.28070 0 4.10000 54.50000 38.33954 0.21544 -13
-0.97121 -0.12296 40.44238 0 3.72500 31.27500 29.11804 0.14093 -13
0.27707 -0.13482 76.53558 0 4.07500 -8.05000 73.80388 0.10538 -13
-0.11443 -0.18910 81.01881 0 5.70000 4.12500 80.51147 0.10314 -13
-0.03594 -0.05071 48.18647 0 1.55000 1.65000 48.15547 0.10090 -13
-0.17492 -0.11592 29.74189 0 3.52500 8.75000 29.30288 0.10291 -13
1.80230 -0.22562 47.09920 0 6.77500 -54.22500 23.28667 0.20877 13
0.32951 -0.04389 18.22776 0 1.30000 -9.62500 17.31376 0.10612 13
-0.64768 -0.02532 19.89111 0 0.72500 17.95000 16.69711 0.12000 13
0.53902 -0.11813 29.74866 0 3.57500 -16.72500 26.22764 0.11503 -13
-0.19491 -0.24793 23.96039 0 7.50000 5.90000 23.54280 0.10561 -13
0.15315 0.04847 34.82638 0 -1.45000 -3.37500 34.42589 0.10199 -13
-0.57361 0.10297 48.78171 0 -3.10000 14.95000 42.36944 0.11655 -13
0.57256 -0.04461 17.70493 0 1.37500 -17.75000 15.36866 0.11613 -13
-0.67109 -0.17128 10.02424 0 5.10000 19.05000 8.36058 0.12247 13
-1.41996 -0.04066 10.43214 0 1.15000 41.10000 6.01023 0.17492 13
-0.24468 0.09667 96.10374 0 -2.90000 6.27500 93.37446 0.10413 -13
-1.63280 0.08354 7.76078 0 -2.62500 49.57500 4.06282 0.19310 13
0.38950 -0.14714 49.54788 0 4.42500 -13.10000 46.23410 0.10908 13
0.43600 0.06234 12.72505 0 -1.92500 -13.25000 11.66811 0.11005 13
1.57155 0.01662 40.69025 0 -0.47500 -45.32500 21.84671 0.18758 -13
-1.18806 -0.05717 41.31667 0 1.70000 33.95000 26.63170 0.15648 13
-0.30891 0.11096 14.10045 0 -3.37500 7.82500 13.47940 0.10601 13
-0.49157 -0.14761 32.08051 0 4.47500 13.57500 28.84983 0.11320 -13
-1.02113 -0.15798 78.01847 0 4.75000 26.70000 54.93066 0.14480 13
1.34675 -0.12072 98.49064 0 3.62500 -40.32500 58.98892 0.16936 13
0.33444 0.10416 29.31832 0 -3.12500 -11.22500 27.81957 0.10670 -13
0.33447 -0.20949 70.45215 0 6.32500 -11.07500 66.95563 0.10827 -13
0.19095 -0.05943 31.79133 0 1.77500 -6.37500 31.22910 0.10269 13
0.11323 -0.18347 34.23218 0 5.55000 -3.17500 34.02180 0.10303 -13
1.06029 -0.14591 28.08209 0 4.37500 -31.05000 19.37542 0.14748 13
-1.55264 -0.18514 54.85513 0 5.60000 48.50000 30.05648 0.18693 -13
-0.09344 0.07947 19.14666 0 -2.37500 2.42500 19.06417 0.10145 -13
1.09588 -0.20454 17.19447 0 6.22500 -34.30000 11.71885 0.15086 -13
0.49926 -0.19065 92.48456 0 5.75000 -14.37500 83.03647 0.11418 13
1.44416 -0.04014 38.42820 0 1.22500 -41.87500 21.88851 0.17694 -13
0.60122 -0.20836 63.09956 0 6.27500 -17.57500 54.37959 0.11935 13
-0.79472 -0.16798 32.46396 0 5.07500 22.92500 25.55132 0.12975 -13
-0.34723 -0.08126 49.31658 0 2.45000 11.80000 46.60475 0.10691 13
1.38897 -0.14803 35.99165 0 4.45000 -42.55000 21.18003 0.17298 13
1.21013 0.04003 9.66118 0 -1.27500 -35.75000 6.15753 0.15816 13
0.31240 0.04236 63.13448 0 -1.27500 -7.57500 60.26721 0.10559 -13
1.06863 -0.07941 12.02299 0 2.32500 -30.95000 8.22846 0.14759 13
-1.79155 -0.18112 39.76227 0 5.50000 53.57500 19.61882 0.20745 -13
0.48676 0.01091 67.69386 0 -0.32500 -12.12500 60.86679 0.11201 13
0.37777 -0.11108 22.79633 0 3.37500 -11.02500 21.34176 0.10824 -13
0.05640 -0.20353 12.24379 0 6.17500 2.20000 12.22519 0.10296 -13
1.47079 -0.20299 22.14850 0 6.07500 -43.62500 12.62507 0.18023 13
0.51223 0.04335 81.96291 0 -1.30000 -13.85000 72.96402 0.11323 -13
-0.57680 0.09888 87.59078 0 -2.97500 17.97500 75.96573 0.11660 -13
-1.56606 -0.01729 64.12084 0 0.52500 49.05000 34.51218 0.18713 -13
-1.05579 0.04709 41.13922 0 -1.45000 27.05000 28.30502 0.14654 13
0.66131 0.01820 91.99223 0 -0.55000 -20.82500 76.73513 0.12075 -13
0.62247 -0.24070 93.83563 0 7.27500 -21.17500 80.27925 0.12108 -13
0.29570 -0.04060 95.05094 0 1.22500 -9.60000 91.15549 0.10509 13
0.56679 0.14232 40.66508 0 -4.30000 -17.60000 35.46355 0.11665 13
0.57936 -0.25677 40.66508 0 7.72500 -17.97500 35.46355 0.11921 13
-0.38652 -0.04294 44.84239 0 1.30000 13.32500 41.83173 0.10805 -13
0.65429 0.00403 54.04300 0 -0.12500 -18.90000 45.22304 0.12034 13
-0.48546 -0.23043 97.20555 0 6.95000 14.87500 87.86948 0.11432 13
-0.66695 0.06821 78.68226 0 -2.07500 21.30000 65.50552 0.12124 13
0.12752 -0.19914 76.81751 0 6.00000 -2.70000 76.22365 0.10347 13
0.07286 -0.16132 62.29967 0 4.87500 -1.10000 62.13912 0.10227 -13
-0.07426 -0.10235 94.59805 0 3.07500 3.20000 94.34098 0.10150 13
0.45746 -0.00238 91.97072 0 0.07500 -14.72500 83.63521 0.11074 13
-1.00109 -0.20711 23.10351 0 6.22500 28.97500 16.49835 0.14398 13
1.54974 -0.01773 78.76227 0 0.55000 -47.40000 42.70902 0.18574 -13
-0.07604 -0.18704 30.73125 0 5.62500 3.85000 30.64578 0.10273 13
-0.13573 0.04402 59.98638 0 -1.32500 5.20000 59.44235 0.10172 -13
0.13042 -0.17604 6.68463 0 5.37500 -5.40000 6.63010 0.10315 -13
1.21727 0.04514 67.27927 0 -1.37500 -37.85000 42.73299 0.15871 13
0.05527 0.12297 98.64039 0 -3.70000 0.57500 98.49229 0.10161 -13
0.05693 -0.27712 98.64039 0 8.37500 0.52500 98.49229 0.10466 -13
0.30178 -0.24012 32.81798 0 7.22500 -8.97500 31.49044 0.10792 13
-0.28645 -0.21554 35.00371 0 6.52500 7.67500 33.70714 0.10699 -13
-0.02982 -0.02694 16.75875 0 0.85000 1.52500 16.75132 0.10079 -13
-0.08976 -0.09105 87.52365 0 2.75000 2.50000 87.17608 0.10152 -13
-0.91158 0.10842 28.53791 0 -3.25000 26.90000 21.14625 0.13669 -13
-1.93640 -0.23946 74.80674 0 7.22500 60.42500 35.08425 0.22081 -13
1.23310 -0.04064 11.94476 0 1.30000 -37.82500 7.52744 0.15995 -13
-0.87189 -0.01563 29.68270 0 0.45000 24.40000 22.37414 0.13361 13
-0.59639 0.07730 26.40668 0 -2.30000 20.40000 22.69770 0.11750 -13
0.73553 -0.19709 86.85990 0 5.95000 -23.05000 70.43546 0.12658 -13
-0.44576 -0.12346 3.82544 0 3.57500 13.05000 3.49808 0.11094 13
-0.03566 -0.02440 36.89092 0 0.72500 3.35000 36.86751 0.10080 13
-0.64334 -0.09624 50.38292 0 2.90000 18.30000 42.42843 0.12013 13
-0.76282 0.09984 46.01935 0 -3.00000 22.30000 36.65598 0.12705 -13
-0.31570 0.10577 53.09745 0 -3.20000 6.55000 50.65975 0.10614 13
-0.20235 -0.23442 37.86209 0 7.05000 7.22500 37.14805 0.10541 13
-1.04995 -0.08917 45.62734 0 2.70000 32.72500 31.53361 0.14630 -13
-0.33894 0.10263 14.31184 0 -3.12500 9.60000 13.56190 0.10685 13
-0.61255 -0.11129 78.22405 0 3.37500 18.50000 66.81634 0.11863 -13
0.14297 0.09370 43.50884 0 -2.82500 -4.22500 43.07465 0.10216 -13
-1.23175 0.04683 84.58480 0 -1.40000 36.57500 53.34895 0.15984 -13
0.13846 -0.18152 18.78425 0 5.45000 -2.52500 18.61241 0.10328 13
-0.88716 0.12562 59.49288 0 -3.77500 23.67500 44.65677 0.13521 -13
-0.91278 -0.27430 59.49288 0 8.27500 24.45000 44.65677 0.13913 -13
-1.52257 -0.02723 73.98209 0 0.80000 47.50000 40.62453 0.18346 13
-0.71009 0.13029 47.25162 0 -3.92500 23.82500 38.63493 0.12420 -13
-0.72923 -0.26936 47.25162 0 8.12500 24.40000 38.63493 0.12756 -13
-0.99136 0.07260 79.96670 0 -2.20000 27.50000 56.86408 0.14199 13
0.32666 0.07127 68.25723 0 -2.15000 -8.30000 64.89869 0.10619 13
0.03799 -0.08839 71.65346 0 2.67500 -1.00000 71.60222 0.10117 -13
0.88107 0.11908 47.06336 0 -3.60000 -27.10000 35.42027 0.13476 13
0.90882 -0.28127 47.06336 0 8.47500 -27.95000 35.42027 0.13898 13
-0.49423 0.11943 20.92622 0 -3.57500 16.55000 18.78590 0.11296 -13
-0.50978 -0.28082 20.92622 0 8.50000 17.00000 18.78590 0.11645 -13
-0.51958 -0.08456 32.49569 0 2.52500 16.12500 28.85708 0.11380 13
0.33777 -0.16911 59.97916 0 5.10000 -13.67500 56.90593 0.10764 13
1.46969 0.12757 36.05612 0 -3.87500 -41.25000 20.39527 0.17949 13
1.51062 -0.27221 36.05612 0 8.20000 -42.50000 20.39527 0.18447 13
0.53243 0.14813 20.92574 0 -4.45000 -14.75000 18.51497 0.11504 -13
0.54294 -0.25069 20.92574 0 7.60000 -15.05000 18.51497 0.11736 -13
0.13715 -0.08764 63.68997 0 2.65000 -2.82500 63.10376 0.10203 -13
-0.97570 0.12706 46.99013 0 -3.85000 29.00000 33.76412 0.14128 13
-1.00330 -0.27281 46.99013 0 8.22500 29.82500 33.76412 0.14525 13
0.85243 0.05674 71.22018 0 -1.72500 -27.92500 54.23709 0.13245 13
-1.51827 0.05828 91.25895 0 -1.75000 44.55000 50.25611 0.18317 -13
-0.31334 0.06244 65.07976 0 -1.87500 9.62500 62.11344 0.10572 -13
0.44538 -0.21093 38.74892 0 6.35000 -12.20000 35.52240 0.11226 13
-1.17296 0.08854 21.24652 0 -2.65000 36.80000 13.80993 0.15552 -13
-0.22823 0.08561 89.67682 0 -2.60000 8.37500 87.44433 0.10365 13
0.65365 -0.24279 38.62108 0 7.35000 -22.57500 32.60036 0.12279 -13
0.22543 -0.20577 82.61505 0 6.22500 -4.67500 80.67185 0.10529 -13
-0.02687 -0.05539 82.47814 0 1.67500 0.30000 82.44848 0.10089 13
0.58958 0.01233 53.42518 0 -0.37500 -20.15000 46.02292 0.11691 13
0.38836 -0.02865 37.56789 0 0.87500 -14.02500 35.02152 0.10807 -13
0.37478 -0.15318 39.61519 0 4.60000 -11.67500 37.14785 0.10863 13
0.99140 0.06519 15.61057 0 -1.92500 -28.22500 11.09788 0.14194 -13
-1.72793 -0.00913 11.16962 0 0.17500 53.10000 5.59573 0.20103 13
-0.93466 0.01564 75.17701 0 -0.47500 27.17500 54.92535 0.13785 -13
1.36239 -0.16578 90.65097 0 5.00000 -40.00000 54.11211 0.17100 13
-0.94343 0.13009 12.17901 0 -3.97500 27.20000 8.89365 0.13911 13
-0.96905 -0.26974 12.17901 0 8.07500 27.95000 8.89365 0.14277 13
0.46475 -0.10551 35.28609 0 3.20000 -16.35000 32.03015 0.11156 -13
0.92980 0.13992 87.33394 0 -4.22500 -31.05000 64.24510 0.13823 -13
0.95127 -0.25924 87.33394 0 7.82500 -31.70000 64.24510 0.14143 -13
-1.26739 -0.18053 28.76141 0 5.47500 35.47500 17.99126 0.16362 -13
-0.75787 -0.22178 65.51067 0 6.70000 21.37500 52.66272 0.12833 -13
1.79841 -0.05012 46.15536 0 1.50000 -55.45000 22.45144 0.20727 13
2.01409 0.14567 15.39111 0 -4.32500 -62.50000 6.90250 0.22685 -13
2.05603 -0.25313 15.39111 0 7.70000 -63.82500 6.90250 0.23177 -13
-0.80404 0.08604 17.17365 0 -2.55000 22.97500 13.40329 0.12950 -13
-0.18359 -0.03282 88.81398 0 0.97500 3.80000 87.35546 0.10244 13
-0.18599 0.00937 5.89305 0 -0.37500 5.05000 5.79371 0.10245 13
1.35246 0.10861 16.68189 0 -3.32500 -40.32500 9.95508 0.16978 13
1.82197 -0.01101 96.62010 0 0.35000 -54.07500 46.49110 0.20930 -13
0.00391 0.11656 65.01662 0 -3.50000 0.02500 65.01613 0.10138 -13
-1.18313 -0.20294 42.27556 0 6.15000 37.52500 27.61041 0.15735 -13
-0.97737 -0.14412 6.11630 0 4.47500 30.40000 4.39692 0.14163 -13
-0.03133 0.04156 52.78097 0 -1.25000 1.47500 52.75512 0.10084 -13
0.24239 0.09767 48.40008 0 -2.92500 -6.47500 47.05040 0.10408 -13
-0.57020 -0.16530 13.65405 0 4.95000 15.67500 11.90001 0.11709 13
-0.11950 -0.20716 58.37039 0 6.25000 4.12500 57.97487 0.10355 -13
0.59234 0.07566 30.95707 0 -2.27500 -17.47500 26.65514 0.11729 -13
-1.06223 -0.21883 27.57747 0 6.62500 31.97500 19.13703 0.14858 -13
-0.35144 -0.14001 65.12220 0 4.22500 9.82500 61.50355 0.10766 13
-1.33705 -0.17075 51.75680 0 5.17500 39.55000 31.28476 0.16903 -13
-0.63992 -0.01235 22.70818 0 0.40000 20.10000 19.12755 0.11957 -13
-0.06537 0.01062 47.72933 0 -0.30000 2.67500 47.62767 0.10092 -13
1.37635 -0.20116 96.99113 0 6.05000 -40.12500 57.75120 0.17251 13
0.03414 -0.18394 44.14872 0 5.55000 -2.42500 44.12388 0.10246 -13
-0.42374 -0.13899 78.30535 0 4.20000 14.12500 72.20400 0.11027 -13
1.03393 -0.10101 84.27531 0 3.05000 -34.90000 58.74291 0.14521 -13
0.26236 0.14384 99.65905 0 -4.32500 -5.65000 96.45962 0.10511 -13
0.26801 -0.25517 99.65905 0 7.70000 -5.82500 96.45962 0.10738 -13
-0.31123 0.00833 8.51781 0 -0.20000 9.20000 8.13299 0.10548 -13
2.03957 0.03640 13.45653 0 -1.02500 -62.52500 5.92716 0.22877 -13
-0.12937 -0.06844 57.11940 0 2.05000 3.75000 56.64955 0.10177 13
-1.57882 -0.23980 58.92735 0 7.22500 45.85000 32.16105 0.18972 13
-1.33261 -0.19586 74.60641 0 5.90000 40.60000 45.31796 0.16892 13
-1.96513 -0.15533 20.70965 0 4.72500 60.22500 9.48115 0.22267 -13
0.39345 0.08106 78.54204 0 -2.45000 -11.15000 73.12051 0.10852 -13
-1.62685 0.11767 37.39344 0 -3.52500 50.97500 19.67898 0.19266 -13
-1.70292 -0.08662 39.50146 0 2.65000 47.75000 20.05803 0.19908 -13
1.31687 0.06107 99.67043 0 -1.82500 -39.15000 60.34869 0.16663 -13
0.27279 0.10631 53.17515 0 -3.22500 -10.90000 51.32069 0.10494 13
-0.10332 -0.17264 68.22070 0 5.20000 2.75000 67.86982 0.10271 13
0.38898 -0.16879 33.79022 0 5.07500 -13.82500 31.54874 0.10938 13
0.67231 -0.20168 44.23452 0 6.10000 -21.27500 36.93500 0.12304 -13
-0.70544 -0.14131 42.55391 0 4.25000 20.12500 34.88627 0.12405 13
-0.46541 0.13438 30.93258 0 -4.07500 16.42500 28.08844 0.11190 13
-0.47721 -0.26510 30.93258 0 7.97500 16.77500 28.08844 0.11471 13
1.29044 -0.22522 51.90351 0 6.77500 -37.72500 32.28403 0.16594 13
-0.76404 -0.06941 52.42525 0 2.10000 21.47500 41.69525 0.12693 -13
-0.35058 -0.15094 49.60577 0 4.55000 9.90000 46.86950 0.10778 13
-1.26417 -0.21076 71.81696 0 6.37500 38.15000 45.14980 0.16372 -13
1.05340 0.02408 39.93707 0 -0.70000 -30.95000 27.50021 0.14629 -13
1.97861 0.09674 25.34610 0 -2.87500 -59.72500 11.47559 0.22343 -13
-0.39308 -0.00137 6.95359 0 -0.02500 11.92500 6.47157 0.10821 13
0.51058 -0.02478 3.33363 0 0.90000 -16.32500 2.96927 0.11317 -13
-0.98164 0.11054 99.22990 0 -3.32500 30.75000 71.02412 0.14155 -13
0.84101 -0.04722 66.25313 0 1.42500 -27.70000 50.72818 0.13168 -13
0.54100 -0.14740 34.22919 0 4.45000 -17.52500 30.17802 0.11547 -13
0.77229 0.10017 65.60997 0 -3.02500 -24.55000 52.02413 0.12764 13
0.72920 -0.06323 1.24078 0 2.40000 -21.15000 1.00279 0.12545 -13
-0.48899 0.09789 25.56610 0 -2.97500 17.30000 22.98834 0.11254 13
-0.64413 -0.17758 6.25509 0 5.45000 15.70000 5.28230 0.12120 -13
0.67666 0.07028 85.84881 0 -2.12500 -21.92500 71.15580 0.12180 -13
-0.34111 -0.24685 98.70325 0 7.45000 10.72500 93.69854 0.10927 -13
-0.29707 0.08551 63.12359 0 -2.57500 8.62500 60.52787 0.10541 13
-0.36343 0.06481 28.99601 0 -1.97500 13.55000 27.25847 0.10735 13
0.27036 -0.22683 98.47465 0 6.85000 -6.27500 95.22053 0.10680 -13
0.49327 -0.02652 9.61650 0 0.75000 -15.05000 8.62459 0.11233 13
-1.06199 -0.14250 22.51404 0 4.27500 33.27500 15.51639 0.14758 13
-0.26357 -0.20134 81.74444 0 6.07500 7.05000 79.14545 0.10610 -13
-0.09371 0.08744 22.38451 0 -2.65000 3.22500 22.28760 0.10153 13
0.63465 -0.15229 60.41771 0 4.60000 -16.90000 51.17887 0.12026 -13
-0.44497 -0.22743 14.39657 0 6.82500 13.22500 13.20688 0.11255 13
0.24461 -0.22737 15.96820 0 6.90000 -5.50000 15.53244 0.10620 -13
-0.92053 0.09963 63.67565 0 -3.00000 29.77500 46.95412 0.13724 -13
1.22633 -0.10476 26.46909 0 3.20000 -38.35000 16.78218 0.15972 -13
1.17504 -0.23304 95.97206 0 7.02500 -35.42500 63.15124 0.15713 13
-0.85200 0.09225 21.75153 0 -2.82500 23.47500 16.58613 0.13264 13
1.15868 -0.18296 43.77836 0 5.52500 -34.27500 28.87203 0.15525 -13
1.83471 0.13433 39.67774 0 -4.02500 -53.80000 19.11996 0.21083 -13
1.88114 -0.26509 39.67774 0 8.02500 -55.20000 19.11996 0.21625 -13
-0.79744 0.14260 45.11482 0 -4.30000 25.20000 35.40990 0.12959 -13
-0.81497 -0.25642 45.11482 0 7.75000 25.72500 35.40990 0.13247 -13
-0.46770 -0.18423 18.17049 0 5.60000 14.05000 16.50797 0.11273 -13
-0.25257 0.02985 70.91188 0 -0.90000 8.95000 68.75471 0.10391 13
1.43122 0.08377 34.27687 0 -2.50000 -40.62500 19.67838 0.17601 -13
1.64150 0.08208 45.87447 0 -2.45000 -50.57500 23.92626 0.19372 -13
-0.32196 -0.20637 21.14906 0 6.20000 8.77500 20.17024 0.10780 13
-0.38023 -0.23959 6.15769 0 7.32500 12.10000 5.77520 0.11051 -13
-0.19825 -0.01919 93.42355 0 0.57500 5.47500 91.64061 0.10268 13
1.88969 -0.06282 53.49782 0 1.87500 -56.70000 25.06109 0.21539 13
0.41403 0.10266 11.12011 0 -3.15000 -11.17500 10.28205 0.10950 13
0.01481 0.05244 21.34254 0 -1.55000 0.80000 21.34020 0.10085 -13
0.69168 -0.24027 38.15911 0 7.22500 -23.10000 31.66386 0.12480 13
0.29573 -0.02293 14.86902 0 0.72500 -10.62500 14.25893 0.10504 -13
-0.32709 -0.07521 79.17133 0 2.27500 9.85000 75.26882 0.10623 -13
-1.05072 -0.08384 35.29990 0 2.55000 31.75000 24.38111 0.14632 -13
-0.46284 -0.03122 90.85638 0 0.92500 12.30000 82.46040 0.11101 13
-1.87719 0.06930 98.08094 0 -2.07500 58.27500 46.19950 0.21430 -13
-1.05728 -0.20560 50.76656 0 6.20000 31.70000 35.26333 0.14800 13
0.61729 -0.13816 61.04348 0 4.17500 -20.22500 52.07865 0.11916 -13
0.21742 0.01822 2.53731 0 -0.35000 -6.70000 2.47944 0.10315 -13
-1.36983 0.05370 35.08646 0 -1.65000 40.50000 20.70755 0.17088 13
0.19831 -0.09674 63.25112 0 2.92500 -7.62500 62.05372 0.10313 -13
-0.03916 -0.09100 54.81557 0 2.72500 3.02500 54.77390 0.10119 13
1.06466 -0.11426 67.64772 0 3.45000 -31.15000 46.47297 0.14755 -13
-1.95959 0.11964 59.10504 0 -3.60000 60.95000 27.01782 0.22186 -13
-2.02086 -0.28061 59.10504 0 8.47500 62.80000 27.01782 0.22885 -13
0.46894 -0.15781 52.91515 0 4.75000 -10.77500 48.01426 0.11235 13
-0.56984 -0.06526 14.20785 0 1.92500 20.57500 12.35060 0.11608 13
-0.03490 -0.21210 86.39106 0 6.40000 0.32500 86.34075 0.10300 13
-0.07411 -0.04064 9.64530 0 1.27500 1.97500 9.61898 0.10108 -13
-0.09283 0.12369 75.35465 0 -3.72500 2.40000 75.03694 0.10190 -13
-0.09560 -0.27636 75.35465 0 8.35000 2.47500 75.03694 0.10493 -13
-0.72436 -0.09703 43.01464 0 2.92500 20.60000 34.89199 0.12473 13
-1.29032 -0.24038 52.71726 0 7.27500 40.55000 32.85877 0.16618 -13
-0.55407 0.00219 17.13824 0 -0.02500 15.70000 14.99095 0.11513 -13
0.23358 0.00220 75.20910 0 -0.05000 -9.17500 73.23781 0.10341 -13
0.80169 0.13099 5.33583 0 -3.82500 -24.32500 4.17711 0.12970 -13
0.82319 -0.26839 5.33583 0 8.22500 -25.00000 4.17711 0.13336 -13
-0.14338 0.08471 18.50759 0 -2.52500 3.20000 18.32157 0.10208 -13
0.64320 0.13544 84.88172 0 -4.07500 -18.32500 71.57852 0.12051 -13
0.65920 -0.26395 84.88172 0 7.97500 -18.80000 71.57852 0.12352 -13
-0.44172 -0.22366 92.12657 0 6.75000 12.92500 84.60092 0.11237 13
-0.72228 0.02250 37.35053 0 -0.67500 20.17500 30.28120 0.12424 -13
0.44117 -0.02278 23.13834 0 0.67500 -11.75000 21.17060 0.11009 13
-0.37685 0.07266 17.13590 0 -2.22500 11.52500 16.04004 0.10787 13
-0.01763 -0.00659 38.74409 0 0.20000 0.35000 38.73808 0.10072 -13
0.50976 -0.18414 73.88640 0 5.55000 -15.05000 66.05108 0.11454 13
1.21721 -0.12550 88.18921 0 3.77500 -35.67500 56.24410 0.15913 13
-0.70708 -0.06319 87.16574 0 1.92500 22.05000 71.21866 0.12350 -13
0.07583 0.01331 79.03924 0 -0.40000 -3.32500 78.81303 0.10100 13
1.27248 -0.08325 99.02877 0 2.50000 -38.17500 61.32044 0.16318 13
-0.45462 0.00194 24.50800 0 -0.02500 15.02500 22.31073 0.11062 -13
0.02469 -0.02415 17.12318 0 0.70000 -1.70000 17.11796 0.10077 13
-1.36596 -0.02632 11.23109 0 0.72500 41.97500 6.63577 0.17049 13
0.35537 -0.13065 98.52655 0 3.95000 -9.60000 92.92625 0.10768 -13
-0.59520 -0.00728 63.38561 0 0.22500 20.90000 54.46803 0.11720 -13
-0.89035 -0.19381 94.47369 0 5.85000 25.17500 71.13078 0.13623 13
0.04581 -0.10620 25.99893 0 3.17500 -0.87500 25.97200 0.10137 13
1.41555 -0.18432 31.86320 0 5.52500 -46.05000 18.59010 0.17548 13
-0.83177 0.04912 6.49000 0 -1.57500 25.52500 4.99240 0.13111 13
0.48113 -0.20790 68.52788 0 6.27500 -13.77500 61.99403 0.11369 13
0.20280 -0.23784 78.21028 0 7.17500 -5.20000 76.73120 0.10551 -13
-0.00590 -0.10440 68.94063 0 3.15000 3.10000 68.93944 0.10126 -13
-0.33163 -0.12216 81.66197 0 3.67500 9.07500 77.56739 0.10680 13
1.35553 0.12878 33.36483 0 -3.85000 -40.95000 19.91276 0.17011 -13
1.39289 -0.27088 33.36483 0 8.20000 -42.10000 19.91276 0.17485 -13
1.44233 -0.04975 35.99207 0 1.47500 -43.55000 20.52457 0.17681 13
0.76696 0.02824 94.00731 0 -0.85000 -24.12500 74.60559 0.12694 13
0.71751 -0.21868 18.11883 0 6.62500 -18.60000 14.83685 0.12592 -13
-0.77043 -0.20604 16.24634 0 6.17500 22.35000 12.96819 0.12878 13
-0.07194 -0.04287 40.54341 0 1.30000 0.47500 40.43909 0.10105 -13
0.24799 0.05632 1.13753 0 -2.15000 -8.82500 1.10441 0.10444 13
0.17576 -0.24810 81.03393 0 7.50000 -6.10000 79.87999 0.10526 -13
-0.61677 -0.22370 55.93456 0 6.75000 18.40000 47.92344 0.12043 13
-1.38092 -0.00322 93.59396 0 0.10000 42.72500 54.89484 0.17170 -13
0.19925 -0.12161 16.90446 0 3.65000 -4.52500 16.58322 0.10340 13
-2.17647 -0.09833 26.52977 0 3.00000 64.90000 11.12069 0.24144 -13
0.18345 -0.18405 78.57170 0 5.55000 -5.62500 77.32340 0.10405 -13
-0.04238 -0.09507 52.76182 0 2.85000 4.85000 52.71494 0.10124 13
-0.36453 0.05478 13.30005 0 -1.70000 10.75000 12.49798 0.10734 13
1.20009 -0.22356 62.93076 0 6.72500 -36.35000 40.86375 0.15890 13
-0.09169 0.13624 53.60012 0 -4.12500 4.30000 53.38028 0.10206 13
-0.09394 -0.26313 53.60012 0 7.92500 4.37500 53.38028 0.10455 13
1.65592 -0.14497 13.99845 0 4.30000 -49.00000 7.29151 0.19530 13
0.97701 0.00357 70.14528 0 -0.10000 -27.37500 50.17350 0.14079 -13
0.53938 -0.18699 24.14711 0 5.67500 -16.60000 21.33419 0.11598 -13
0.35110 0.03045 40.60928 0 -0.92500 -8.95000 38.31802 0.10678 13
0.27758 0.08879 70.03614 0 -2.67500 -6.67500 67.50362 0.10489 -13
1.78082 -0.22419 24.05049 0 6.80000 -53.72500 11.99577 0.20698 -13
0.45996 -0.07517 66.97715 0 2.25000 -15.17500 60.87868 0.11110 13
1.54566 0.08097 78.89964 0 -2.45000 -45.60000 42.95721 0.18557 13
0.66124 -0.13099 49.06773 0 3.97500 -18.60000 41.03475 0.12145 -13
0.18777 -0.06784 82.56461 0 2.05000 -7.07500 81.15275 0.10269 13
0.64516 -0.01176 31.63740 0 0.37500 -20.72500 26.58554 0.11985 -13
0.05572 -0.10042 97.12897 0 3.02500 -1.75000 96.98003 0.10137 -13
0.85025 -0.13958 81.77514 0 4.20000 -26.77500 62.55177 0.13293 13
0.25187 -0.07634 59.88676 0 2.30000 -6.80000 58.08289 0.10413 13
-1.86734 -0.18812 47.98156 0 5.70000 55.92500 22.95830 0.21419 -13
0.24732 -0.18830 26.18104 0 5.70000 -7.75000 25.44051 0.10547 -13
-0.04655 -0.12323 28.01807 0 3.70000 -0.50000 27.98824 0.10156 13
-1.34452 -0.10488 54.77991 0 3.17500 40.80000 32.80678 0.16908 -13
1.97014 -0.20086 17.87162 0 6.00000 -57.87500 8.21671 0.22331 13
-0.60786 0.11722 71.20044 0 -3.55000 17.50000 60.95344 0.11844 13
-0.30092 0.03305 43.22548 0 -0.97500 9.95000 41.39385 0.10521 -13
-1.36557 0.04338 48.81376 0 -1.30000 41.65000 28.85762 0.17050 -13
0.28799 -0.00032 73.03814 0 0.02500 -8.80000 70.18578 0.10480 -13
-0.94798 0.09472 56.31399 0 -2.87500 30.22500 40.95531 0.13910 13
-0.84878 -0.23041 38.27709 0 6.97500 23.87500 29.49550 0.13413 -13
0.10513 0.02875 21.54878 0 -0.90000 -2.57500 21.43078 0.10130 13
0.77761 0.02430 87.07871 0 -0.72500 -21.10000 68.74895 0.12759 -13
1.46477 -0.07142 37.51723 0 2.17500 -43.27500 21.19065 0.17876 -13
-0.30583 -0.00040 13.68357 0 -0.02500 9.07500 13.08535 0.10531 13
-0.54408 0.08042 84.52281 0 -2.42500 16.10000 74.29931 0.11493 -13
-0.61858 0.11920 4.60685 0 -3.47500 17.92500 3.92566 0.11899 -13
0.88062 0.11174 63.41660 0 -3.35000 -25.97500 47.72187 0.13465 -13
-1.27118 -0.16574 11.42631 0 4.92500 38.62500 7.12376 0.16368 13
0.31290 0.11000 52.13158 0 -3.30000 -11.25000 49.77920 0.10609 -13
-1.69379 -0.00838 70.93001 0 0.27500 53.05000 36.06134 0.19808 -13
-0.58906 -0.21352 31.25107 0 6.42500 20.15000 27.07890 0.11882 13
-0.31147 -0.08088 30.77616 0 2.42500 9.15000 29.39225 0.10579 13
0.47951 -0.15229 45.31253 0 4.57500 -16.07500 40.94503 0.11272 13
0.52015 -0.04871 64.32987 0 1.47500 -14.95000 57.08545 0.11362 -13
-0.52375 0.04919 95.52274 0 -1.47500 15.80000 84.64039 0.11379 -13
0.21293 -0.06088 50.10303 0 1.85000 -7.05000 49.00839 0.10314 -13
-1.49515 -0.07891 68.81173 0 2.37500 46.75000 38.33688 0.18131 13
-0.30336 0.02843 74.54449 0 -0.85000 6.50000 71.33684 0.10528 -13
-1.40162 0.11794 80.95896 0 -3.57500 44.72500 47.23636 0.17380 13
1.66805 -0.06078 91.10861 0 1.82500 -51.50000 46.90958 0.19595 13
0.61423 -0.08041 19.17439 0 2.45000 -17.62500 16.35264 0.11847 -13
-0.77057 -0.03313 17.20143 0 0.97500 23.07500 13.62829 0.12717 13
-1.99301 -0.13718 24.25373 0 4.10000 58.52500 10.95866 0.22492 13
-0.44968 0.11894 71.21921 0 -3.60000 13.27500 65.03032 0.11107 13
-0.46387 -0.28142 71.21921 0 8.47500 13.70000 65.03032 0.11456 13
-1.07347 -0.07005 28.38970 0 2.10000 33.30000 19.37619 0.14790 13
0.44995 -0.18626 38.66490 0 5.60000 -12.07500 35.35984 0.11201 13
-0.50618 -0.16126 39.57793 0 4.85000 15.67500 35.40322 0.11402 13
0.04834 0.00769 83.77868 0 -0.22500 -0.47500 83.68095 0.10082 -13
0.16584 0.02713 33.95788 0 -0.80000 -3.92500 33.50067 0.10212 -13
-0.54912 -0.17347 92.26004 0 5.22500 16.37500 81.14476 0.11620 13
0.62039 -0.12673 65.76737 0 3.82500 -19.37500 56.01061 0.11919 -13
-1.35361 -0.19925 51.87814 0 6.02500 41.92500 31.21384 0.17067 -13
-2.11614 0.13193 94.68522 0 -3.97500 64.85000 40.74066 0.23605 -13
1.68590 0.09829 46.63227 0 -2.97500 -50.25000 23.87495 0.19766 13
-1.60157 -0.05362 57.05346 0 1.60000 46.72500 30.24811 0.19021 13
0.23773 0.05485 12.21503 0 -1.70000 -6.97500 11.88488 0.10366 13
-1.46901 -0.11126 80.73004 0 3.37500 44.90000 45.61991 0.17931 -13
-0.73670 -0.23047 31.38651 0 6.92500 22.70000 25.49687 0.12719 13
1.24610 -0.24552 44.96036 0 7.42500 -39.30000 28.64041 0.16280 -13
-1.16461 -0.14705 50.44343 0 4.45000 38.77500 33.06294 0.15530 -13
0.50791 0.12515 43.61887 0 -3.75000 -18.75000 38.95201 0.11364 -13
0.52267 -0.27477 43.61887 0 8.30000 -19.20000 38.95201 0.11696 -13
-0.39610 0.11522 55.23866 0 -3.47500 13.02500 51.40208 0.10894 13
-0.88985 -0.15574 97.62416 0 4.70000 27.80000 73.31504 0.13571 13
1.11701 -0.01101 64.13538 0 0.32500 -31.75000 42.77997 0.15099 13
0.11008 0.08708 58.53395 0 -2.62500 -2.90000 58.18507 0.10169 13
1.64380 -0.03780 12.06056 0 1.05000 -46.87500 6.27147 0.19378 13
0.28229 -0.23838 58.92442 0 7.17500 -8.15000 56.82110 0.10735 13
0.01948 -0.18417 9.72480 0 5.60000 -1.87500 9.72301 0.10245 -13
0.16696 0.12191 42.38780 0 -3.67500 -4.75000 41.81732 0.10283 -13
0.17203 -0.27821 42.38780 0 8.40000 -4.90000 41.81732 0.10597 -13
-1.10379 0.10604 26.30515 0 -3.17500 33.62500 17.71581 0.15035 -13
0.11462 -0.14140 31.33237 0 4.25000 -4.65000 31.13247 0.10235 13
0.87132 0.13029 42.60223 0 -3.92500 -26.62500 32.23665 0.13420 -13
0.89481 -0.26933 42.60223 0 8.15000 -27.32500 32.23665 0.13785 -13
0.64066 -0.07200 91.90511 0 2.17500 -16.92500 77.44382 0.11981 13
0.47483 0.03766 74.97858 0 -1.12500 -15.67500 67.73942 0.11154 -13
-1.04787 -0.19877 19.21199 0 6.02500 31.20000 13.39741 0.14728 -13
0.79492 -0.24747 19.19406 0 7.50000 -24.10000 15.19563 0.13108 -13
0.48177 0.00236 24.59676 0 -0.10000 -15.05000 22.15925 0.11179 13
1.72354 -0.06400 47.67948 0 1.90000 -54.07500 23.96391 0.20076 13
-0.22085 -0.10822 87.46809 0 3.27500 8.17500 85.43297 0.10371 -13
0.05583 -0.11373 90.49133 0 3.42500 -1.57500 90.35241 0.10151 13
-1.01983 -0.21294 70.61440 0 6.42500 30.00000 49.99452 0.14544 -13
-0.33760 0.04961 75.04901 0 -1.50000 10.50000 71.11515 0.10641 -13
1.61650 0.03310 47.16397 0 -0.97500 -48.45000 24.82254 0.19144 -13
1.96766 0.02983 18.18236 0 -0.85000 -60.87500 8.24105 0.22228 -13
0.01981 0.00744 11.63543 0 -0.17500 0.17500 11.63315 0.10073 -13
0.88291 -0.09232 9.75055 0 2.85000 -25.07500 7.32309 0.13470 -13
0.57291 -0.16649 27.02271 0 5.00000 -17.10000 23.52602 0.11725 13
0.11395 -0.22672 64.73314 0 6.85000 -4.35000 64.33702 0.10390 -13
-1.10648 -0.05725 22.94974 0 1.75000 34.67500 15.40096 0.15032 -13
1.11107 -0.18994 90.94818 0 5.72500 -30.40000 61.43589 0.15175 -13
-1.47335 0.03706 46.74628 0 -1.10000 42.37500 26.26450 0.17936 -13
-0.40920 -0.22263 81.91405 0 6.72500 11.95000 76.07047 0.11110 -13
0.43699 0.13386 93.01645 0 -4.05000 -12.90000 85.35399 0.11073 13
0.44815 -0.26563 93.01645 0 8.00000 -13.22500 85.35399 0.11355 13
0.90657 -0.20090 74.43954 0 6.05000 -26.35000 55.63955 0.13741 13
0.23282 0.00585 22.75697 0 -0.20000 -6.00000 22.16419 0.10340 13
-0.55197 -0.23452 68.21040 0 7.07500 17.72500 60.08417 0.11741 13
-0.33656 0.00232 27.75189 0 -0.10000 8.75000 26.30234 0.10625 13
-0.13337 0.10754 83.09558 0 -3.25000 5.50000 82.37455 0.10217 -13
2.06956 0.08576 58.67378 0 -2.60000 -61.52500 25.60209 0.23165 13
-1.23874 0.06260 9.09158 0 -1.80000 38.70000 5.71795 0.16041 -13
0.74101 -0.20408 47.31472 0 6.15000 -25.62500 38.28779 0.12700 13
-0.53461 -0.04692 68.32475 0 1.40000 16.80000 60.26931 0.11429 13
-2.21555 -0.16562 67.94391 0 5.02500 64.45000 28.26636 0.24538 -13
-0.37144 -0.10418 67.63795 0 3.12500 11.12500 63.44657 0.10793 13
0.89025 0.01930 84.18878 0 -0.60000 -22.92500 62.88603 0.13484 13
-1.07392 -0.11703 85.45174 0 3.55000 32.42500 58.44441 0.14825 -13
-0.89307 -0.06561 96.96227 0 1.97500 25.77500 72.38915 0.13518 -13
0.93904 -0.11384 53.96415 0 3.42500 -28.15000 39.45665 0.13861 13
1.04380 -0.08159 89.75464 0 2.45000 -30.95000 62.19916 0.14580 13
