1.14066 -0.23042 61.71864 0 6.95000 -33.62500 41.27820 0.15453 -13
-0.74047 -0.22825 92.18400 0 6.90000 21.72500 74.74284 0.12740 -13
-1.87017 -0.02828 33.37214 0 0.87500 58.30000 15.74119 0.21358 -13
-0.23448 0.08037 80.79497 0 -2.42500 5.92500 78.67453 0.10375 -13
-0.22901 -0.00276 68.57725 0 0.10000 3.60000 66.84681 0.10331 -13
1.65435 -0.15981 6.50996 0 4.67500 -49.85000 3.39921 0.19519 13
-0.65645 -0.18192 57.59712 0 5.50000 18.42500 48.38367 0.12186 -13
-0.49565 -0.11152 73.71230 0 3.37500 15.55000 66.12479 0.11296 -13
0.02979 0.09501 50.36532 0 -2.85000 0.80000 50.34317 0.10120 -13
-0.16430 0.12538 69.86667 0 -3.77500 6.47500 68.95643 0.10283 -13
-0.16906 -0.27456 69.86667 0 8.30000 6.60000 68.95643 0.10581 -13
-0.02063 -0.21830 30.61178 0 6.57500 2.82500 30.60554 0.10308 13
0.33501 0.04890 28.46985 0 -1.45000 -8.92500 26.99841 0.10632 -13
-0.23306 -0.02482 92.09738 0 0.75000 4.42500 89.69510 0.10343 13
-0.06865 -0.14258 94.02968 0 4.30000 1.62500 93.81326 0.10196 13
0.67764 -0.07586 35.97557 0 2.30000 -20.62500 29.80855 0.12190 -13
-0.80125 -0.04766 19.44720 0 1.47500 25.35000 15.18345 0.12913 -13
-1.52858 0.07207 93.90134 0 -2.17500 46.80000 51.50001 0.18408 -13
-0.08700 -0.01752 22.70668 0 0.55000 3.62500 22.62131 0.10110 -13
0.47486 -0.05557 72.10923 0 1.67500 -11.92500 65.15650 0.11162 -13
0.22513 -0.18673 57.50240 0 5.65000 -6.15000 56.14405 0.10493 -13
-2.00900 0.07674 97.82143 0 -2.32500 62.15000 43.69223 0.22613 13
1.90656 -0.23589 25.25941 0 7.15000 -56.95000 11.98363 0.21816 -13
1.12172 0.00566 41.82469 0 -0.15000 -31.27500 27.83236 0.15133 -13
0.08655 -0.00974 19.68924 0 0.32500 -3.40000 19.61591 0.10109 -13
0.55912 0.02054 2.53987 0 -0.40000 -17.05000 2.21707 0.11548 -13
0.47102 -0.12825 3.73750 0 3.72500 -14.22500 3.38643 0.11203 13
-1.56037 0.10354 94.56198 0 -3.12500 43.57500 51.21483 0.18693 13
-1.06561 0.01583 67.78839 0 -0.50000 33.27500 46.39121 0.14717 13
1.32471 0.09000 26.86895 0 -2.75000 -40.00000 16.22973 0.16741 13
1.51109 -0.06477 96.41033 0 1.95000 -45.60000 53.28376 0.18259 13
0.18025 -0.01210 30.90835 0 0.35000 -5.87500 30.41829 0.10233 13
-1.31792 -0.00390 67.88731 0 0.10000 42.07500 41.03546 0.16660 13
1.84239 -0.05404 91.18828 0 1.62500 -55.05000 43.54926 0.21117 13
-0.22537 -0.22757 32.20843 0 6.85000 7.70000 31.45828 0.10573 13
-1.37082 -0.05616 57.16252 0 1.70000 37.62500 33.72281 0.17097 -13
-0.78060 0.12686 42.17539 0 -3.82500 23.62500 33.34590 0.12838 -13
-0.80268 -0.27300 42.17539 0 8.25000 24.30000 33.34590 0.13204 -13
-0.30624 -0.11914 72.23559 0 3.57500 6.42500 69.11092 0.10599 13
-0.08752 -0.19310 61.47093 0 5.82500 1.05000 61.24520 0.10295 -13
-1.10592 -0.01469 32.25357 0 0.42500 34.37500 21.63347 0.15015 13
1.43811 -0.03359 75.50409 0 1.02500 -43.15000 43.12164 0.17643 -13
-0.10469 -0.17468 42.87376 0 5.25000 0.75000 42.64766 0.10276 13
-1.81043 -0.03852 88.25000 0 1.15000 56.42500 42.69309 0.20831 13
-0.69391 0.01359 74.18821 0 -0.42500 22.75000 60.95346 0.12258 13
0.51082 -0.12027 28.75635 0 3.65000 -16.00000 25.64636 0.11374 -13
0.71844 -0.11192 99.92267 0 3.37500 -22.55000 81.32240 0.12451 -13
-0.46515 -0.19709 50.98107 0 5.92500 14.25000 46.37918 0.11282 13
-1.71050 0.12923 84.41451 0 -3.90000 53.07500 42.86700 0.19997 13
-1.75738 -0.27048 84.41451 0 8.15000 54.47500 42.86700 0.20542 13
0.53167 -0.11733 49.64844 0 3.52500 -13.37500 43.90328 0.11466 13
2.06409 -0.00837 42.36520 0 0.27500 -62.52500 18.47195 0.23097 -13
1.68021 -0.16239 63.23471 0 4.92500 -49.95000 32.65154 0.19761 -13
0.23320 -0.08970 86.60874 0 2.70000 -8.25000 84.36297 0.10380 13
0.74054 0.09578 4.33662 0 -2.75000 -21.65000 3.49150 0.12563 -13
0.12977 0.14345 19.76912 0 -4.35000 -2.77500 19.60801 0.10258 13
0.13261 -0.25558 19.76912 0 7.67500 -2.87500 19.60801 0.10478 13
1.43364 -0.10383 53.11406 0 3.15000 -43.10000 30.49670 0.17634 -13
-0.90940 0.02634 55.02981 0 -0.77500 28.15000 40.71904 0.13614 -13
-2.00623 -0.18812 69.39231 0 5.65000 59.80000 31.38784 0.22653 13
-0.40704 0.03537 32.45690 0 -1.05000 14.22500 30.06465 0.10878 -13
-1.49062 -0.06234 97.10007 0 1.90000 44.35000 54.16772 0.18088 -13
-0.30181 0.11767 33.92522 0 -3.52500 6.35000 32.49663 0.10585 -13
0.14499 -0.13106 4.89339 0 3.85000 -3.00000 4.84360 0.10259 13
-1.13717 -0.17289 17.57677 0 5.25000 33.55000 11.70315 0.15353 -13
1.00443 0.01970 12.61952 0 -0.55000 -30.47500 8.90478 0.14274 -13
-0.99920 -0.02906 16.73418 0 0.82500 28.40000 11.83989 0.14238 13
-0.15495 -0.19258 2.30295 0 5.60000 6.42500 2.27680 0.10370 13
1.09442 -0.22209 95.94969 0 6.70000 -36.52500 65.56748 0.15097 -13
-0.44132 -0.13334 95.81945 0 4.02500 13.87500 87.78760 0.11089 -13
1.33172 -0.10910 85.07405 0 3.30000 -41.07500 51.27667 0.16808 -13
-0.14155 0.07443 48.74293 0 -2.22500 4.82500 48.26444 0.10198 -13
0.26366 -0.21393 86.01723 0 6.45000 -8.07500 83.29354 0.10634 13
-1.31516 0.11141 60.52797 0 -3.35000 37.77500 36.77846 0.16675 -13
1.19783 -0.09046 93.48126 0 2.72500 -33.57500 60.05279 0.15740 13
-1.20697 0.14109 12.97419 0 -4.20000 36.67500 8.32544 0.15844 -13
-1.23425 -0.25786 12.97419 0 7.85000 37.52500 8.32544 0.16215 -13
-1.77927 -0.21076 57.76202 0 6.35000 54.27500 28.76942 0.20661 13
0.26668 -0.01524 90.07705 0 0.45000 -4.57500 87.03597 0.10424 13
0.87565 0.03331 53.87037 0 -1.00000 -25.45000 40.53874 0.13389 -13
0.37676 -0.16896 24.36820 0 5.12500 -11.72500 22.84292 0.10896 -13
-0.10226 -0.04746 69.41641 0 1.42500 4.35000 69.05709 0.10134 13
0.09710 -0.04112 18.53114 0 1.22500 -1.32500 18.44453 0.10126 13
0.92691 -0.05552 75.70135 0 1.67500 -27.30000 55.55800 0.13742 13
0.75536 0.12667 48.40813 0 -3.82500 -21.97500 38.73825 0.12685 13
0.77685 -0.27323 48.40813 0 8.22500 -22.62500 38.73825 0.13044 13
1.58250 0.10932 92.88809 0 -3.27500 -49.02500 49.83096 0.18883 -13
-1.14944 -0.11689 67.67721 0 3.52500 33.25000 44.59209 0.15387 13
-1.55133 -0.18662 22.42826 0 5.60000 46.92500 12.29792 0.18679 13
0.64195 0.11494 73.83471 0 -3.45000 -21.60000 62.25225 0.12022 -13
-0.23795 -0.15982 33.99133 0 4.82500 9.22500 33.09020 0.10477 -13
0.87887 -0.20311 61.73958 0 6.15000 -27.67500 46.78046 0.13563 -13
0.86350 0.00268 2.88738 0 0.15000 -24.62500 2.18548 0.13314 -13
-0.74858 -0.18814 41.38458 0 5.70000 21.90000 33.33528 0.12722 -13
-1.02830 -0.22999 22.91021 0 6.97500 31.37500 16.18273 0.14632 -13
0.27714 -0.12561 8.45526 0 3.72500 -8.17500 8.15281 0.10524 13
-0.42560 0.02032 82.33679 0 -0.62500 12.75000 75.76338 0.10946 13
1.88691 0.12220 69.70590 0 -3.67500 -55.05000 32.83012 0.21539 -13
1.94395 -0.27793 69.70590 0 8.40000 -56.77500 32.83012 0.22195 -13
-0.82886 0.06841 40.29755 0 -2.07500 24.65000 31.05515 0.13098 13
0.80766 0.12551 96.15487 0 -3.77500 -24.17500 75.03403 0.13006 -13
0.83101 -0.27442 96.15487 0 8.27500 -24.87500 75.03403 0.13383 -13
-2.04329 0.01822 69.21309 0 -0.52500 61.07500 30.42924 0.22909 -13
0.33636 0.06068 72.06070 0 -1.85000 -10.70000 68.31320 0.10642 13
-0.09883 -0.20765 25.27484 0 6.25000 2.00000 25.15733 0.10332 13
1.00534 -0.14784 30.17755 0 4.42500 -28.72500 21.39693 0.14356 13
1.20665 0.01494 36.62651 0 -0.47500 -35.72500 23.37270 0.15783 13
0.70164 0.03487 60.50180 0 -1.05000 -21.47500 49.53707 0.12307 -13
-0.02930 -0.04742 81.21843 0 1.42500 -0.90000 81.18369 0.10086 13
-0.36691 -0.04029 42.90094 0 1.20000 14.70000 40.27936 0.10734 13
-0.27401 -0.08823 92.04178 0 2.67500 8.55000 88.79343 0.10479 -13
-0.51596 -0.15499 77.45878 0 4.67500 17.30000 69.00644 0.11438 13
-2.10156 0.12624 90.36336 0 -3.80000 61.60000 39.07776 0.23471 -13
-2.16171 -0.27365 90.36336 0 8.27500 63.42500 39.07776 0.24146 -13
0.89554 0.00125 50.83243 0 -0.05000 -25.90000 37.86745 0.13518 13
0.12492 0.01209 42.08781 0 -0.35000 -4.30000 41.76321 0.10149 -13
-1.25316 -0.13048 50.08029 0 3.92500 39.20000 31.39823 0.16197 13
-1.07132 -0.23480 54.80740 0 7.07500 30.00000 37.93104 0.14945 13
-0.35459 -0.21108 97.36296 0 6.37500 9.60000 91.98444 0.10894 -13
1.35293 -0.10896 61.26991 0 3.30000 -40.87500 36.55532 0.16979 -13
-0.44229 -0.12850 8.11869 0 3.95000 13.60000 7.43478 0.11091 -13
-0.08078 -0.06030 38.86078 0 1.82500 4.12500 38.73506 0.10121 -13
1.09752 -0.21394 40.16415 0 6.42500 -31.87500 27.38027 0.15105 13
-0.33759 0.00376 66.14756 0 -0.12500 10.97500 62.67264 0.10629 13
0.40923 0.09877 57.30982 0 -3.00000 -13.02500 53.07709 0.10926 13
0.10932 -0.08436 58.24743 0 2.55000 -2.35000 57.90484 0.10166 -13
0.10686 -0.19909 92.23516 0 6.00000 -3.27500 91.73283 0.10324 13
-0.46464 -0.11135 30.33213 0 3.35000 12.72500 27.53752 0.11160 13
-0.07089 0.09117 45.24826 0 -2.75000 2.45000 45.13587 0.10137 -13
0.03486 -0.11992 16.99790 0 3.60000 0.90000 16.98768 0.10148 13
-0.86362 -0.04340 14.99120 0 1.27500 25.27500 11.35054 0.13312 13
-1.93302 -0.14012 61.52508 0 4.20000 57.82500 28.48768 0.21960 13
-2.06947 0.03604 49.90557 0 -1.07500 61.65000 21.72428 0.23148 -13
0.46921 -0.17131 10.49459 0 5.12500 -16.07500 9.52505 0.11254 13
0.13729 0.14556 55.75343 0 -4.40000 -5.17500 55.24591 0.10270 13
0.14014 -0.25339 55.75343 0 7.62500 -5.27500 55.24591 0.10483 13
-0.13251 -0.24089 74.79798 0 7.27500 4.70000 74.18495 0.10444 -13
0.60703 -0.13200 39.51316 0 4.00000 -19.75000 33.85507 0.11856 -13
-0.77272 0.06006 3.27539 0 -2.00000 23.80000 2.59365 0.12752 13
1.30945 -0.18251 34.27993 0 5.47500 -38.25000 21.02059 0.16692 13
0.00431 0.11525 2.52997 0 -3.27500 -2.22500 2.52995 0.10138 -13
0.12682 0.06190 80.13291 0 -1.87500 -5.72500 79.49865 0.10170 13
-2.06171 -0.08602 67.20724 0 2.57500 63.10000 29.41740 0.23091 13
0.19836 -0.08754 20.30667 0 2.62500 -5.45000 19.92172 0.10304 13
-1.18225 -0.13092 30.39134 0 3.92500 39.22500 19.72385 0.15648 13
0.49073 -0.09988 65.36994 0 3.02500 -14.72500 58.74100 0.11263 -13
-1.05347 -0.09013 39.76220 0 2.70000 27.20000 27.43288 0.14655 13
-1.96505 0.02709 25.75347 0 -0.77500 62.15000 11.68327 0.22205 -13
0.24793 -0.21558 79.44191 0 6.50000 -7.80000 77.20671 0.10600 13
-0.91665 -0.08681 11.22851 0 2.55000 28.75000 8.29109 0.13688 13
1.13719 -0.24077 69.51589 0 7.25000 -31.92500 46.63191 0.15440 13
-0.32464 -0.11013 14.45922 0 3.35000 9.05000 13.76061 0.10647 -13
0.84861 0.10752 18.70673 0 -3.20000 -24.45000 14.29803 0.13250 -13
0.52995 0.11528 4.08678 0 -3.35000 -15.90000 3.61577 0.11456 -13
-0.31221 0.05535 26.80042 0 -1.70000 5.42500 25.58605 0.10565 13
-0.06356 -0.24333 49.60448 0 7.35000 0.47500 49.51016 0.10385 -13
0.98421 -0.18693 36.82869 0 5.62500 -30.37500 26.46903 0.14253 13
-1.28145 -0.20237 8.90433 0 6.20000 36.55000 5.54652 0.16505 -13
0.70246 -0.06494 79.17147 0 1.97500 -20.82500 64.82987 0.12324 -13
-0.14025 0.03061 7.97815 0 -0.85000 2.52500 7.90091 0.10174 -13
-0.90949 -0.14756 98.34377 0 4.45000 29.00000 73.10735 0.13694 -13
-0.96217 0.11502 46.89349 0 -3.45000 31.35000 33.89802 0.14022 -13
0.26015 -0.01281 78.52094 0 0.37500 -7.17500 75.99198 0.10406 13
0.45524 0.08192 73.93853 0 -2.47500 -13.60000 67.33192 0.11096 13
1.04880 -0.11537 24.07567 0 3.50000 -31.25000 16.67131 0.14641 -13
-0.12682 0.06741 78.44686 0 -2.05000 2.62500 77.82624 0.10174 13
0.30419 0.05981 2.08172 0 -1.55000 -11.47500 1.99195 0.10552 -13
1.44545 0.07527 60.52307 0 -2.25000 -42.97500 34.49976 0.17717 -13
-1.57347 0.07045 12.15494 0 -2.05000 46.30000 6.53056 0.18788 -13
-1.62419 0.10891 71.02602 0 -3.27500 49.50000 37.39719 0.19238 -13
1.92941 -0.11523 78.87563 0 3.50000 -59.77500 36.48554 0.21916 -13
-0.54560 -0.20230 47.01375 0 6.10000 17.20000 41.45793 0.11650 13
-0.91585 0.13981 29.49062 0 -4.25000 29.27500 21.84357 0.13730 13
-0.93699 -0.25940 29.49062 0 7.80000 29.90000 21.84357 0.14044 13
-0.04088 0.04120 74.39563 0 -1.25000 2.10000 74.33364 0.10087 13
-0.32050 -0.04342 98.39918 0 1.32500 9.87500 93.71230 0.10584 -13
-0.74540 -0.08607 9.37439 0 2.65000 19.75000 7.52606 0.12593 -13
0.23145 -0.08973 86.64517 0 2.70000 -6.52500 84.43066 0.10376 13
-0.41019 -0.24712 67.09067 0 7.45000 11.10000 62.33001 0.11165 13
1.81661 -0.15563 33.69795 0 4.67500 -53.27500 16.40015 0.20938 13
1.56721 0.09986 31.20080 0 -2.97500 -45.60000 16.84221 0.18747 -13
-0.24790 -0.22506 53.09154 0 6.77500 10.95000 51.60391 0.10619 13
0.74686 -0.02018 32.32086 0 0.62500 -22.60000 25.89754 0.12571 -13
0.32072 0.12355 89.42081 0 -3.72500 -7.57500 85.20838 0.10649 13
0.33025 -0.27653 89.42081 0 8.32500 -7.85000 85.20838 0.10964 13
-0.32785 0.01526 30.51653 0 -0.45000 10.60000 28.99812 0.10599 -13
0.23361 -0.03654 3.55014 0 1.25000 -5.05000 3.45716 0.10355 -13
-0.42174 0.08295 25.04739 0 -2.47500 13.27500 23.09075 0.10961 -13
0.31646 -0.12621 50.65108 0 3.82500 -9.42500 48.32529 0.10640 -13
0.30780 -0.20072 82.33255 0 6.05000 -8.92500 78.82171 0.10728 13
-0.35856 -0.04081 72.75608 0 1.25000 10.60000 68.49332 0.10706 -13
-0.18509 -0.03766 62.46725 0 1.12500 3.60000 61.42546 0.10248 13
0.23160 -0.18556 47.51898 0 5.60000 -5.80000 46.33304 0.10505 -13
-0.95915 0.13455 89.13747 0 -4.07500 28.87500 64.60574 0.14020 13
-0.98336 -0.26489 89.13747 0 7.97500 29.62500 64.60574 0.14372 13
1.02023 0.03147 98.66542 0 -0.95000 -31.62500 69.08191 0.14389 13
0.59761 -0.19258 36.92645 0 5.82500 -18.85000 31.84777 0.11892 -13
0.01858 -0.16506 30.10322 0 4.95000 -1.35000 30.09816 0.10207 13
0.93265 0.07284 97.16893 0 -2.20000 -28.17500 71.14748 0.13790 13
0.01530 -0.03605 67.90625 0 1.10000 0.82500 67.89832 0.10078 -13
-1.50160 -0.00287 61.39478 0 0.07500 48.62500 34.03069 0.18168 13
0.28482 -0.15245 15.23069 0 4.57500 -7.52500 14.66066 0.10581 13
0.46399 -0.22548 36.15509 0 6.82500 -14.95000 32.93809 0.11333 -13
-1.93636 -0.03554 21.76832 0 1.12500 59.32500 9.99298 0.21952 -13
-0.00702 -0.15964 17.88704 0 4.77500 0.67500 17.88661 0.10197 13
0.06833 -0.24796 58.90618 0 7.47500 -1.40000 58.77704 0.10397 13
0.01822 -0.10870 83.68412 0 3.27500 -0.65000 83.67040 0.10131 -13
1.51695 -0.03519 5.56818 0 0.90000 -46.47500 3.06644 0.18298 13
1.26763 -0.16325 11.84653 0 5.00000 -39.40000 7.39604 0.16350 -13
-1.08705 -0.08941 42.57815 0 2.67500 33.37500 28.88823 0.14901 13
-1.12662 -0.22060 20.65837 0 6.62500 32.42500 13.89515 0.15328 13
-0.84531 -0.01758 62.07330 0 0.55000 23.12500 47.40886 0.13187 -13
-1.20109 0.08372 91.33061 0 -2.52500 34.55000 58.55739 0.15761 -13
-1.84159 0.11491 88.26921 0 -3.45000 55.25000 42.33557 0.21134 -13
1.05913 -0.10072 5.34871 0 3.17500 -32.22500 3.68215 0.14712 -13
0.85153 0.12205 9.96205 0 -3.62500 -26.92500 7.60816 0.13281 -13
0.87732 -0.27811 9.96205 0 8.45000 -27.72500 7.60816 0.13695 -13
0.13781 0.06704 45.53801 0 -2.00000 -3.45000 45.11356 0.10187 -13
0.34612 0.10568 82.00450 0 -3.17500 -8.42500 77.53990 0.10709 -13
-1.83282 -0.22830 42.18889 0 6.85000 55.32500 20.60436 0.21146 13
-1.87503 -0.04355 64.16726 0 1.32500 54.50000 30.21842 0.21403 -13
0.99908 0.14305 44.39202 0 -4.30000 -31.55000 31.56315 0.14307 -13
1.02087 -0.25597 44.39202 0 7.72500 -32.20000 31.56315 0.14622 -13
-0.01286 -0.09178 64.16803 0 2.77500 -0.75000 64.16277 0.10113 -13
-0.08084 0.09967 40.92818 0 -3.02500 1.75000 40.79639 0.10153 13
0.61007 0.08659 7.41669 0 -2.52500 -16.15000 6.33743 0.11828 -13
-1.08391 -0.15209 92.18092 0 4.60000 34.00000 62.89277 0.14930 -13
-1.78965 -0.04352 42.58444 0 1.30000 52.07500 20.78680 0.20649 13
-0.99682 -0.14690 2.68150 0 4.70000 30.50000 1.90888 0.14327 -13
-0.92506 0.04303 59.11172 0 -1.30000 29.47500 43.41099 0.13725 13
-0.54531 0.11137 54.22624 0 -3.37500 16.17500 47.67454 0.11525 13
-0.67567 -0.15830 28.15904 0 4.75000 19.25000 23.42222 0.12256 13
1.23783 -0.05851 82.52716 0 1.77500 -38.00000 51.91529 0.16036 -13
-0.10615 0.14660 73.10469 0 -4.42500 3.90000 72.70492 0.10234 -13
-0.10832 -0.25228 73.10469 0 7.62500 3.95000 72.70492 0.10444 -13
-0.57846 0.09016 25.51855 0 -2.70000 16.85000 22.11160 0.11668 -13
-0.14949 -0.04525 49.23863 0 1.35000 4.47500 48.69857 0.10192 13
0.63975 0.11748 60.68021 0 -3.52500 -19.92500 51.21619 0.12013 -13
-1.29742 -0.20480 16.03713 0 6.12500 38.70000 9.91612 0.16619 13
0.00101 0.05590 33.27897 0 -1.70000 3.32500 33.27896 0.10086 13
-1.95470 -0.03944 56.45689 0 1.20000 61.60000 25.72882 0.22115 -13
-0.34619 0.02395 29.13936 0 -0.70000 11.42500 27.53670 0.10659 -13
-1.04444 -0.20323 43.90873 0 6.12500 29.90000 30.68549 0.14702 13
-0.16502 -0.09385 49.94802 0 2.85000 7.40000 49.28723 0.10251 -13
-0.48056 -0.05589 82.36021 0 1.70000 14.52500 74.25516 0.11187 -13
-1.89079 -0.01039 3.58335 0 0.60000 55.70000 1.67558 0.21551 -13
0.54022 -0.23749 56.07077 0 7.17500 -17.95000 49.63284 0.11694 -13
-1.81428 -0.11117 4.48713 0 3.57500 54.17500 2.17560 0.20922 -13
-0.45301 0.03769 25.98560 0 -1.15000 10.92500 23.67324 0.11062 13
-1.21582 -0.23242 44.88499 0 7.02500 38.07500 28.95842 0.16027 -13
0.47598 0.11688 56.42106 0 -3.52500 -15.50000 51.00824 0.11215 13
-0.91705 0.14783 85.86649 0 -4.47500 25.97500 63.59637 0.13745 13
-0.93535 -0.25102 85.86649 0 7.57500 26.52500 63.59637 0.14018 13
0.62133 -0.09310 42.71904 0 2.82500 -18.80000 36.32815 0.11893 -13
-0.01451 0.10008 54.98540 0 -3.00000 2.62500 54.97967 0.10121 -13
-0.30154 -0.06356 66.25716 0 1.90000 11.30000 63.44653 0.10537 13
-0.76446 -0.12885 5.96753 0 4.00000 25.17500 4.75523 0.12750 -13
-0.85600 -0.21740 96.53801 0 6.57500 23.02500 74.04849 0.13436 -13
0.23486 0.08201 2.21458 0 -2.70000 -8.05000 2.15629 0.10395 13
-0.14960 -0.07379 85.58091 0 2.22500 7.40000 84.64411 0.10210 -13
0.02231 0.03981 70.63748 0 -1.20000 -0.82500 70.61994 0.10081 13
-0.87634 0.01403 37.54165 0 -0.40000 27.37500 28.23552 0.13391 -13
0.18788 0.04673 76.46380 0 -1.42500 -6.95000 75.15188 0.10257 13
-0.36718 -0.08791 54.84994 0 2.65000 12.30000 51.51234 0.10764 -13
-0.95086 -0.19581 12.03217 0 5.95000 31.00000 8.79733 0.14040 -13
1.14331 -0.21797 45.45025 0 6.55000 -33.60000 30.31400 0.15452 13
0.14117 0.13092 22.56093 0 -3.97500 -6.00000 22.34314 0.10257 13
0.14499 -0.26877 22.56093 0 8.07500 -6.10000 22.34314 0.10528 13
2.16868 -0.02324 65.63408 0 0.72500 -64.92500 27.48975 0.24050 -13
-0.91248 0.10188 98.38820 0 -3.07500 26.65000 72.84903 0.13671 13
-0.81415 -0.05364 92.57195 0 1.62500 25.05000 71.82908 0.12997 -13
0.01051 -0.02595 5.25929 0 0.87500 -0.65000 5.25900 0.10077 -13
-0.11668 0.11582 21.09730 0 -3.47500 2.85000 20.95703 0.10205 -13
1.39980 -0.17205 96.74463 0 5.20000 -43.50000 56.78100 0.17411 -13
-0.29827 0.00368 96.48875 0 -0.10000 7.80000 92.46331 0.10509 -13
1.85763 0.10960 65.18688 0 -3.32500 -54.00000 31.04209 0.21275 13
-0.57259 -0.06489 89.90364 0 1.97500 16.55000 78.05955 0.11623 -13
0.43160 0.05618 76.91770 0 -1.70000 -12.82500 70.63834 0.10983 -13
0.28577 -0.01416 13.25760 0 0.40000 -8.50000 12.74735 0.10475 13
-0.96307 0.12698 25.49731 0 -3.80000 27.80000 18.43562 0.14038 -13
-0.99033 -0.27285 25.49731 0 8.25000 28.62500 18.43562 0.14440 -13
1.09978 -0.16106 77.05410 0 4.87500 -34.77500 52.20024 0.15057 -13
0.96877 0.13582 7.14868 0 -4.20000 -29.10000 5.15732 0.14095 13
0.99285 -0.26396 7.14868 0 7.85000 -29.77500 5.15732 0.14426 13
1.72461 0.09258 64.80822 0 -2.80000 -51.27500 32.61273 0.20098 13
0.87867 0.14210 94.69129 0 -4.27500 -25.50000 71.44166 0.13482 -13
0.89820 -0.25698 94.69129 0 7.75000 -26.10000 71.44166 0.13782 -13
-2.03123 0.08024 91.07659 0 -2.40000 63.82500 40.33041 0.22814 -13
-0.68588 0.03623 6.64428 0 -1.17500 18.15000 5.48054 0.12220 13
0.03315 -0.16183 12.08775 0 4.92500 -0.42500 12.08128 0.10209 -13
-0.26892 -0.00297 2.56950 0 0.30000 8.22500 2.48130 0.10438 -13
-1.35250 -0.24530 71.69813 0 7.42500 41.40000 43.42971 0.17120 -13
-1.98426 -0.23100 49.37178 0 6.95000 60.30000 22.68226 0.22492 13
-0.45754 0.11841 36.10698 0 -3.55000 11.82500 32.87269 0.11138 -13
-1.06586 -0.21304 9.85943 0 6.50000 32.62500 6.82507 0.14883 -13
0.69579 -0.18809 37.75871 0 5.65000 -20.82500 31.16855 0.12412 13
1.12954 0.01353 45.27760 0 -0.40000 -35.05000 30.01454 0.15193 -13
0.80876 0.13498 11.98342 0 -4.12500 -25.70000 9.35069 0.13027 13
0.82909 -0.26445 11.98342 0 7.92500 -26.27500 9.35069 0.13344 13
-1.55837 0.00966 51.46866 0 -0.27500 46.12500 27.79772 0.18646 -13
0.96627 -0.05208 24.18658 0 1.60000 -27.60000 17.40471 0.14014 -13
0.62745 -0.03521 65.20937 0 1.05000 -17.50000 55.24609 0.11894 13
-0.96117 0.05132 80.51268 0 -1.55000 29.20000 58.08397 0.13977 13
1.77319 -0.17649 65.70960 0 5.35000 -53.87500 32.65457 0.20579 -13
1.85980 -0.03032 58.62003 0 0.90000 -55.22500 27.77098 0.21266 13
-0.19109 -0.15539 66.11070 0 4.67500 3.70000 64.96272 0.10371 13
-0.71144 -0.10266 34.92640 0 3.07500 23.70000 28.50914 0.12401 13
0.41076 -0.23918 70.53773 0 7.20000 -12.15000 65.50392 0.11150 13
0.14116 -0.09100 10.58098 0 2.70000 -4.40000 10.47794 0.10210 13
-0.03931 0.04024 5.09632 0 -1.12500 1.57500 5.09240 0.10087 -13
-0.89376 0.14434 99.60262 0 -4.35000 25.22500 74.60262 0.13584 -13
-0.91283 -0.25465 99.60262 0 7.70000 25.82500 74.60262 0.13875 -13
1.00420 -0.15869 60.95090 0 4.77500 -30.02500 43.27633 0.14360 13
0.92505 -0.00032 32.92966 0 0.02500 -28.45000 24.17293 0.13718 -13
-0.06753 -0.17538 1.35504 0 5.70000 0.95000 1.35207 0.10301 -13
-2.11886 -0.01442 76.33725 0 0.42500 61.95000 32.58446 0.23594 13
0.71186 -0.17064 89.00777 0 5.15000 -25.35000 72.85936 0.12481 -13
1.57095 0.05570 89.66235 0 -1.67500 -50.22500 48.19941 0.18762 -13
-1.57887 0.12828 61.91019 0 -3.87500 47.50000 33.31955 0.18866 13
-1.62285 -0.27157 61.91019 0 8.17500 48.82500 33.31955 0.19387 13
1.21434 -0.00615 20.25972 0 0.22500 -36.50000 12.87903 0.15842 -13
-0.98684 -0.21202 57.96553 0 6.37500 30.27500 41.70288 0.14307 13
0.37727 -0.05740 61.23032 0 1.72500 -10.02500 57.30053 0.10779 13
-0.36222 0.13439 75.69888 0 -4.05000 12.15000 71.24705 0.10796 13
-0.37139 -0.26509 75.69888 0 8.00000 12.42500 71.24705 0.11069 13
0.88313 0.05847 3.18078 0 -1.57500 -26.15000 2.38572 0.13452 -13
0.84280 0.13283 86.57706 0 -4.00000 -25.55000 66.44052 0.13237 -13
0.86465 -0.26669 86.57706 0 8.05000 -26.20000 66.44052 0.13582 -13
-0.10571 -0.15653 65.10102 0 4.72500 1.55000 64.74894 0.10248 13
1.68144 -0.17057 34.80035 0 5.17500 -49.77500 17.97716 0.19779 -13
-1.52285 -0.11667 54.49228 0 3.52500 44.50000 30.05133 0.18386 -13
0.00655 0.07862 62.90046 0 -2.37500 0.40000 62.89912 0.10102 -13
0.45145 -0.12982 36.40207 0 3.92500 -11.82500 33.22449 0.11126 -13
0.95686 -0.11242 61.69690 0 3.37500 -26.37500 44.71056 0.13984 13
0.44829 -0.11961 23.77682 0 3.57500 -14.45000 21.72192 0.11100 13
-69.52144 61.17357 23.77682 0 3.72500 -14.80000 21.72192 0.12573 13
-0.07618 -0.15480 32.56152 0 4.67500 1.05000 32.46963 0.10219 -13
0.45552 0.11268 79.24938 0 -3.40000 -15.50000 72.19705 0.11124 -13
0.86473 0.01580 78.56658 0 -0.47500 -26.10000 59.43230 0.13314 -13
0.12314 0.02259 76.10699 0 -0.67500 -2.20000 75.53665 0.10149 -13
-0.48578 0.08470 73.47234 0 -2.57500 14.62500 66.13200 0.11229 13
-0.29575 0.13831 23.15248 0 -4.20000 9.10000 22.21867 0.10595 13
-0.30279 -0.26100 23.15248 0 7.85000 9.30000 22.21867 0.10843 13
-0.88664 0.13170 82.46713 0 -3.97500 27.90000 61.93813 0.13524 13
-0.91004 -0.26791 82.46713 0 8.07500 28.62500 61.93813 0.13880 13
0.06381 0.03802 49.41747 0 -1.15000 -2.60000 49.31727 0.10098 13
0.61719 -0.01737 84.19703 0 0.52500 -16.55000 71.65261 0.11835 13
-1.84312 -0.03736 47.12986 0 1.15000 55.57500 22.48883 0.21119 -13
0.55257 0.02187 78.58118 0 -0.65000 -19.35000 68.78342 0.11507 -13
1.40248 0.09625 31.26256 0 -2.92500 -43.00000 18.20489 0.17375 13
-1.76266 -0.24826 86.62115 0 7.50000 51.47500 43.71327 0.20563 -13
-1.27836 -0.19917 33.40455 0 6.02500 40.45000 20.82963 0.16471 -13
0.37367 0.07719 25.73531 0 -2.35000 -11.40000 24.11596 0.10779 13
0.84443 0.06068 32.59577 0 -1.85000 -22.77500 24.92330 0.13196 13
-0.22259 -0.14964 45.61002 0 4.50000 5.17500 44.54349 0.10426 13
0.33371 0.01327 87.95333 0 -0.40000 -11.77500 83.43110 0.10617 -13
0.72038 0.02400 4.72377 0 -0.85000 -23.75000 3.83313 0.12418 13
-0.52931 0.13834 44.49039 0 -4.15000 14.80000 39.40306 0.11478 -13
-0.54188 -0.26091 44.49039 0 7.87500 15.17500 39.40306 0.11752 -13
1.40045 0.01563 38.20980 0 -0.50000 -42.30000 22.20584 0.17331 13
0.15773 -0.12328 81.02670 0 3.72500 -4.47500 80.05183 0.10270 13
0.72417 0.02950 64.52666 0 -0.90000 -20.12500 52.26998 0.12438 13
0.34821 0.05146 9.54352 0 -1.60000 -11.37500 9.01409 0.10678 13
-1.61980 -0.03119 28.76625 0 0.97500 50.27500 15.11628 0.19174 -13
0.44833 -0.15735 67.52046 0 4.75000 -13.90000 61.73664 0.11150 -13
-0.59716 -0.07207 60.96466 0 2.17500 18.72500 52.37801 0.11751 13
-0.58854 -0.17181 78.46324 0 5.17500 17.62500 67.87214 0.11812 13
0.86497 0.02889 38.75769 0 -0.90000 -24.17500 29.31897 0.13318 13
-0.37519 0.10619 45.79432 0 -3.22500 10.97500 42.90570 0.10809 13
-0.24797 0.07735 22.81434 0 -2.30000 10.57500 22.14750 0.10404 -13
0.93441 0.02003 28.36948 0 -0.62500 -26.62500 20.73055 0.13784 13
-0.72250 -0.05492 48.29421 0 1.65000 21.20000 39.16612 0.12436 13
0.65424 -0.05183 52.13026 0 1.57500 -20.27500 43.64110 0.12045 -13
-0.01842 0.01923 4.50546 0 -0.67500 1.12500 4.50470 0.10077 13
-0.08923 -0.02688 70.12354 0 0.82500 0.45000 69.84620 0.10114 -13
1.51585 0.13536 41.06299 0 -4.10000 -45.22500 22.75520 0.18340 13
1.55365 -0.26406 41.06299 0 7.95000 -46.35000 22.75520 0.18792 13
0.59442 -0.22275 24.04378 0 6.70000 -16.47500 20.79733 0.11925 13
-0.18810 0.06391 8.96000 0 -1.87500 7.40000 8.80575 0.10267 -13
-1.11041 -0.17402 38.74053 0 5.22500 34.35000 26.13863 0.15148 13
1.95305 -0.07272 17.82981 0 2.25000 -60.27500 8.14277 0.22112 -13
-0.12207 0.01108 70.29770 0 -0.35000 2.30000 69.77974 0.10146 13
0.52159 -0.11128 3.56783 0 3.50000 -15.12500 3.16755 0.11424 -13
-0.36452 -0.24549 20.92735 0 7.37500 12.67500 19.72770 0.10998 13
-0.20050 -0.13514 47.28770 0 4.07500 7.45000 46.38113 0.10361 -13
-0.16741 -0.13442 16.08581 0 4.02500 5.60000 15.86881 0.10299 13
-0.61469 0.06258 6.65467 0 -1.80000 21.32500 5.67205 0.11838 -13
-1.44761 -0.15259 96.25337 0 4.60000 42.75000 55.13353 0.17784 -13
0.98009 -0.06436 94.41670 0 1.92500 -28.10000 67.49860 0.14115 13
0.26487 -0.24286 64.74342 0 7.32500 -6.15000 62.69980 0.10700 13
-1.03417 0.04709 80.31098 0 -1.40000 35.22500 55.85863 0.14495 -13
-0.09097 -0.21245 30.40935 0 6.40000 -0.35000 30.28965 0.10335 13
-0.28607 -0.03883 57.43796 0 1.15000 7.40000 55.22585 0.10481 13
-1.37045 -0.22552 76.44614 0 6.80000 40.50000 45.79023 0.17232 13
0.32184 0.02895 83.38320 0 -0.87500 -8.70000 79.37679 0.10583 13
-0.51025 -0.07553 45.09942 0 2.27500 14.97500 40.19571 0.11331 13
0.21092 -0.13404 22.94688 0 4.07500 -9.22500 22.46140 0.10381 -13
-1.00542 -0.24447 13.83245 0 7.32500 32.62500 9.89616 0.14485 13
1.50047 0.12872 77.18025 0 -3.87500 -47.02500 43.04674 0.18204 -13
1.54189 -0.27102 77.18025 0 8.17500 -48.27500 43.04674 0.18709 -13
-1.22666 0.01164 41.40136 0 -0.32500 41.32500 26.16113 0.15938 -13
-0.30023 -0.21930 26.39367 0 6.60000 10.67500 25.32718 0.10742 13
0.60466 -0.13025 46.91359 0 3.92500 -18.10000 40.23489 0.11841 13
-0.46776 -0.13182 56.99609 0 3.97500 17.30000 51.70677 0.11196 -13
-1.41477 0.00001 18.44074 0 -0.05000 41.37500 10.64389 0.17447 13
1.22078 0.11592 21.43977 0 -3.45000 -36.90000 13.64036 0.15932 -13
0.30718 0.04376 58.29961 0 -1.32500 -9.12500 55.73418 0.10545 13
-0.71497 -0.14028 62.75321 0 4.25000 23.45000 51.21479 0.12460 -13
1.42538 0.05501 15.66217 0 -1.72500 -43.22500 9.00397 0.17545 13
-0.82761 0.09824 59.58870 0 -2.95000 23.22500 45.99563 0.13109 -13
1.09791 0.12789 43.81622 0 -3.87500 -32.00000 29.63590 0.15011 13
1.12861 -0.27194 43.81622 0 8.17500 -32.92500 29.63590 0.15427 13
-0.00263 -0.13310 94.27848 0 4.00000 0.00000 94.27816 0.10159 13
-0.02042 -0.12638 60.98004 0 3.80000 2.67500 60.96753 0.10152 13
-0.29876 -0.05443 4.68343 0 1.75000 11.12500 4.48798 0.10529 -13
0.30336 -0.08627 70.15164 0 2.60000 -5.17500 67.15155 0.10560 -13
0.53600 -0.00362 16.54066 0 0.07500 -16.87500 14.57841 0.11426 13
-0.62234 -0.01835 28.55734 0 0.52500 19.82500 24.24659 0.11863 13
0.90895 -0.02225 52.32418 0 0.67500 -27.40000 38.72351 0.13611 -13
0.11358 -0.16868 95.82337 0 5.10000 -1.10000 95.22794 0.10277 -13
-2.12398 0.10589 22.23803 0 -3.25000 63.05000 9.51568 0.23670 13
1.64704 0.10275 88.58249 0 -3.10000 -52.30000 46.14878 0.19431 -13
0.83437 0.04592 78.41745 0 -1.37500 -26.20000 60.23723 0.13123 -13
0.15965 0.12307 13.86331 0 -3.67500 -4.00000 13.69244 0.10272 -13
0.16442 -0.27694 13.86331 0 8.40000 -4.15000 13.69244 0.10584 -13
-0.30638 -0.07055 89.68692 0 2.12500 11.95000 85.77074 0.10556 13
-0.42005 -0.23852 16.52237 0 7.17500 12.80000 15.29481 0.11181 13
0.19548 0.03032 2.66817 0 -0.72500 -6.30000 2.61864 0.10272 -13
-0.17622 -0.13291 26.95746 0 4.00000 5.95000 26.55544 0.10312 13
0.97593 0.07370 48.78208 0 -2.20000 -27.75000 34.95783 0.14091 -13
0.55403 0.02801 1.89251 0 -1.12500 -16.30000 1.65552 0.11538 13
-0.39494 -0.09093 85.09668 0 2.75000 10.32500 79.19133 0.10866 -13
1.42571 0.13338 94.36056 0 -4.02500 -41.87500 54.50552 0.17589 13
1.46239 -0.26616 94.36056 0 8.02500 -42.97500 54.50552 0.18040 13
0.09368 -0.23962 89.53446 0 7.22500 -1.05000 89.16527 0.10398 13
-1.12661 -0.05243 15.76359 0 1.62500 33.25000 10.47259 0.15181 -13
0.43134 0.04810 16.90265 0 -1.42500 -13.32500 15.52335 0.10977 -13
0.53643 -0.08989 73.44806 0 2.72500 -17.60000 64.78169 0.11464 -13
0.75978 0.02747 52.48354 0 -0.85000 -22.52500 41.79532 0.12651 13
-0.38176 0.09338 23.57769 0 -2.85000 12.27500 22.03922 0.10821 13
-0.73617 0.00506 71.18529 0 -0.15000 24.00000 57.32672 0.12505 13
-0.08303 0.00681 92.12558 0 -0.20000 4.12500 91.80967 0.10105 13
-1.04750 -0.19620 61.50941 0 5.90000 31.05000 42.89101 0.14716 13
0.04935 -0.01768 92.40665 0 0.52500 -1.30000 92.29435 0.10084 13
-0.66417 -0.16639 27.78203 0 5.05000 18.25000 23.23872 0.12206 -13
-1.92881 0.14112 90.73292 0 -4.25000 57.97500 42.08636 0.21925 -13
-1.97231 -0.25796 90.73292 0 7.80000 59.30000 42.08636 0.22424 -13
0.24983 -0.00287 86.02969 0 0.10000 -7.52500 83.46437 0.10380 -13
0.86028 -0.00533 9.77058 0 0.22500 -23.25000 7.40710 0.13285 -13
-2.04344 0.06211 74.50030 0 -1.90000 61.25000 32.79831 0.22919 13
-0.62761 -0.15979 72.93304 0 4.82500 19.80000 61.99312 0.11998 -13
0.45638 -0.23265 14.62263 0 7.05000 -12.67500 13.36194 0.11318 -13
-1.01214 0.14849 88.21084 0 -4.47500 29.97500 62.33865 0.14405 -13
-1.03205 -0.25032 88.21084 0 7.55000 30.57500 62.33865 0.14690 -13
0.15590 -0.23989 10.03829 0 7.30000 -4.15000 9.92497 0.10479 -13
-0.15351 -0.09892 32.95666 0 3.00000 4.17500 32.57871 0.10238 -13
0.77483 0.69824 32.95666 0 1.67500 2.97500 32.57871 0.11045 -13
-0.25927 -1.42162 32.95666 0 2.82500 1.57500 32.57871 0.12342 -13
-0.11996 1.68422 32.95666 0 2.45000 1.72500 32.57871 0.12537 -13
1.84099 -1.62831 32.95666 0 2.62500 14.97500 32.57871 0.25898 -13
-0.65718 0.65918 32.95666 0 2.60000 15.00000 32.57871 0.25963 -13
-1.06587 -0.07022 89.10265 0 2.10000 31.15000 61.04431 0.14735 13
-1.87080 -0.20789 43.85854 0 6.30000 55.25000 21.01660 0.21468 -13
1.58492 -0.12576 72.82466 0 3.77500 -44.22500 39.07761 0.18914 13
-0.57750 0.10915 37.71315 0 -3.27500 18.80000 32.70665 0.11680 -13
-1.19651 -0.08605 83.25199 0 2.60000 35.85000 53.50425 0.15728 -13
0.16323 -0.21169 2.62433 0 6.17500 -4.47500 2.59145 0.10419 13
0.17786 -0.13798 49.30423 0 4.15000 -6.75000 48.55625 0.10322 13
-0.72445 -0.06501 13.67800 0 2.00000 20.75000 11.08464 0.12454 -13
0.07058 0.07504 44.36408 0 -2.27500 -1.70000 44.25449 0.10124 13
-1.96729 -0.09288 31.54477 0 2.77500 59.02500 14.34288 0.22241 13
-1.57287 -0.05562 96.59301 0 1.67500 48.60000 51.88129 0.18777 13
0.01229 0.09585 63.77958 0 -2.87500 1.85000 63.77481 0.10117 -13
-0.96846 -0.13216 69.81437 0 3.97500 31.55000 50.36067 0.14081 13
0.89764 0.08202 92.75594 0 -2.47500 -26.25000 69.12923 0.13557 -13
-0.38846 -0.11634 52.55127 0 3.52500 8.87500 49.02825 0.10867 -13
-0.06178 0.07019 86.59778 0 -2.12500 1.00000 86.43377 0.10114 13
-1.20964 0.09801 74.14714 0 -2.95000 37.72500 47.37765 0.15836 -13
1.42543 0.05026 81.52976 0 -1.52500 -44.57500 46.86338 0.17542 13
0.89081 -0.13767 65.86989 0 4.15000 -27.80000 49.38849 0.13557 13
-0.29529 -0.22328 40.31673 0 6.72500 9.47500 38.73984 0.10737 13
-2.00999 -0.17902 30.38706 0 5.37500 61.12500 13.70803 0.22673 13
0.43846 -0.22746 60.76164 0 6.87500 -12.27500 55.86972 0.11233 -13
1.70555 -0.20977 49.07132 0 6.35000 -52.90000 25.21869 0.20025 -13
0.48282 -0.01475 38.90313 0 0.45000 -15.70000 35.03416 0.11184 -13
-0.24576 -0.05089 56.21847 0 1.55000 6.50000 54.59790 0.10384 -13
1.17868 0.11293 98.19156 0 -3.40000 -36.82500 63.75789 0.15607 13
0.81133 -0.08467 32.26006 0 2.57500 -24.12500 25.08744 0.12996 -13
-0.64491 0.00480 21.71789 0 -0.17500 20.52500 18.25163 0.11983 13
0.12404 -0.04822 86.99459 0 1.45000 -1.82500 86.33450 0.10159 13
0.20745 -0.03655 8.25469 0 1.15000 -6.17500 8.08276 0.10293 -13
0.14312 -0.09365 63.31139 0 2.82500 -3.40000 62.67809 0.10217 -13
2.02130 -0.07365 75.83360 0 2.22500 -58.77500 33.70021 0.22723 -13
0.52662 0.00157 77.29116 0 -0.05000 -17.17500 68.38796 0.11381 13
-0.34086 -0.06492 80.66665 0 1.97500 13.90000 76.36985 0.10659 -13
0.54131 0.12488 18.03267 0 -3.72500 -16.92500 15.88634 0.11519 -13
0.55703 -0.27498 18.03267 0 8.32500 -17.40000 15.88634 0.11859 -13
-0.92930 0.09966 45.18269 0 -3.02500 27.25000 33.17325 0.13784 13
0.66508 -0.24049 66.76076 0 7.25000 -22.37500 56.06076 0.12334 13
-0.00985 -0.07822 84.48832 0 2.35000 2.50000 84.48425 0.10102 13
