-0.09618 0.07202 77.13165 0 -2.17500 1.22500 76.77923 0.10143 13
1.47140 -0.09191 45.17950 0 2.80000 -45.12500 25.46874 0.17940 -13
1.22197 -0.11990 37.94660 0 3.65000 -37.80000 24.13522 0.15949 -13
1.01887 -0.16671 65.00467 0 5.05000 -31.22500 45.85053 0.14475 -13
0.23468 -0.23628 41.21323 0 7.12500 -7.57500 40.17859 0.10613 13
-1.76756 -0.08025 61.46425 0 2.42500 52.05000 30.33958 0.20467 -13
2.07557 -0.19938 96.44279 0 6.00000 -64.75000 42.52530 0.23286 13
0.50843 -0.12466 79.46015 0 3.77500 -13.07500 70.94249 0.11367 -13
0.25053 -0.08652 48.05544 0 2.60000 -6.87500 46.62502 0.10418 13
0.57511 -0.15362 41.69311 0 4.65000 -17.65000 36.24644 0.11720 -13
-0.41227 0.05497 19.58616 0 -1.67500 9.65000 18.11164 0.10907 13
-0.35460 -0.16356 27.25437 0 4.92500 11.10000 25.72468 0.10810 13
0.00264 -0.09044 86.96241 0 2.72500 2.72500 86.96211 0.10111 13
-0.25268 -0.04884 2.34048 0 1.25000 6.42500 2.26922 0.10407 13
0.01128 -0.06400 45.70626 0 1.92500 -1.97500 45.70337 0.10091 13
-1.81095 -0.22213 59.25384 0 6.72500 55.60000 29.17305 0.20955 -13
-1.81889 -0.05214 10.88035 0 1.65000 55.35000 5.24772 0.20911 -13
-0.55083 0.07750 66.70627 0 -2.32500 16.62500 58.46891 0.11523 -13
-1.24528 -0.13481 80.86170 0 4.07500 35.90000 50.90807 0.16141 -13
-1.39267 -0.14884 99.70888 0 4.50000 40.82500 58.57740 0.17331 -13
-0.47905 -0.12808 94.37007 0 3.85000 12.20000 85.23658 0.11240 13
0.30997 -0.17429 32.91302 0 5.25000 -9.20000 31.47795 0.10688 13
-0.06468 -0.06447 26.32656 0 1.97500 3.57500 26.27191 0.10113 -13
-0.21131 -0.14267 3.78213 0 4.17500 6.85000 3.70212 0.10390 13
-1.63606 -0.07129 10.26426 0 2.25000 50.62500 5.36370 0.19326 -13
0.34653 -0.20543 35.48798 0 6.20000 -8.87500 33.60456 0.10858 -13
-0.19107 0.14069 92.42930 0 -4.25000 5.47500 90.81801 0.10350 13
-0.19543 -0.25848 92.42930 0 7.80000 5.60000 90.81801 0.10585 13
-0.54866 -0.00315 27.69707 0 0.12500 15.85000 24.28246 0.11486 -13
-0.96374 0.02394 15.18865 0 -0.67500 30.05000 10.93762 0.13988 -13
0.76317 -0.22661 60.92313 0 6.85000 -21.37500 48.87222 0.12872 -13
0.86654 0.06701 90.11417 0 -2.02500 -27.15000 68.16802 0.13342 -13
0.27784 0.07524 76.71009 0 -2.27500 -7.22500 73.92531 0.10479 -13
0.60561 -0.02684 65.65461 0 0.82500 -19.60000 56.16424 0.11776 -13
0.57889 0.00982 84.86278 0 -0.30000 -18.92500 73.44527 0.11637 13
0.66292 0.00003 91.10949 0 -0.00000 -18.15000 75.93846 0.12082 -13
-1.13407 -0.23200 69.91721 0 6.97500 35.45000 46.92117 0.15403 13
0.64531 -0.02160 15.50785 0 0.70000 -20.17500 13.03118 0.11988 -13
-0.10636 0.10472 15.39457 0 -3.20000 4.92500 15.30919 0.10183 13
-1.21278 -0.00535 63.88735 0 0.15000 36.80000 40.64419 0.15829 13
-0.55470 -0.19207 78.01117 0 5.77500 13.65000 68.50603 0.11677 13
1.05469 0.05418 54.36766 0 -1.62500 -33.25000 37.43615 0.14646 -13
-1.94349 -0.14307 17.23964 0 4.37500 56.32500 7.95059 0.22065 -13
0.78290 -0.03851 22.14195 0 1.20000 -24.45000 17.43928 0.12796 -13
0.14672 -0.22660 31.05770 0 6.82500 -6.10000 30.74451 0.10430 13
-0.40708 -0.09801 86.32435 0 2.95000 10.95000 80.00782 0.10917 13
0.32431 -0.16575 10.17162 0 5.05000 -9.07500 9.68773 0.10721 -13
-0.97193 -0.02347 66.15929 0 0.70000 28.27500 47.44901 0.14045 13
-1.49292 -0.23587 63.27032 0 7.12500 45.60000 35.86890 0.18252 -13
-0.28797 0.09877 51.65489 0 -3.00000 8.07500 49.65614 0.10527 13
-0.19331 0.11907 45.70421 0 -3.60000 4.92500 44.88476 0.10327 13
-0.19940 -0.28130 45.70421 0 8.47500 5.10000 44.88476 0.10651 13
-0.70931 -0.22285 52.66233 0 6.72500 20.60000 43.29710 0.12548 13
-1.94481 -0.00125 65.80468 0 0.05000 57.57500 30.09123 0.22022 -13
0.69450 0.05747 63.66825 0 -1.72500 -21.75000 52.32221 0.12274 -13
-0.12709 -0.01861 28.66583 0 0.57500 3.47500 28.43717 0.10153 -13
0.14962 -0.09808 60.81439 0 2.95000 -1.95000 60.15117 0.10229 13
-0.81586 0.06591 51.17511 0 -2.00000 26.07500 39.68699 0.13014 13
1.18611 0.03767 83.51682 0 -1.12500 -35.20000 53.85499 0.15627 -13
-0.22970 -0.19580 22.31087 0 5.87500 8.55000 21.76477 0.10518 13
0.98528 -0.14069 51.18839 0 4.22500 -31.30000 36.63862 0.14207 13
-0.39455 0.13942 95.93271 0 -4.20000 11.45000 89.35261 0.10916 -13
-0.40374 -0.25978 95.93271 0 7.85000 11.72500 89.35261 0.11171 -13
0.31191 -0.23086 98.91169 0 6.95000 -9.77500 94.63746 0.10802 13
0.12072 -0.09300 71.13875 0 2.80000 -5.55000 70.63034 0.10186 13
-1.35042 -0.15025 67.58767 0 4.55000 38.45000 40.51136 0.16991 -13
-1.29133 -0.22217 20.66582 0 6.65000 38.20000 12.84362 0.16594 13
1.66158 -0.19655 78.63714 0 5.92500 -46.85000 41.11357 0.19628 13
1.89128 0.08134 82.57395 0 -2.47500 -54.62500 38.69741 0.21560 13
0.33735 0.14172 57.49974 0 -4.27500 -8.40000 54.53791 0.10723 -13
0.34489 -0.25738 57.49974 0 7.77500 -8.65000 54.53791 0.10964 -13
0.88083 0.11928 77.98276 0 -3.60000 -28.05000 58.69894 0.13473 -13
0.90851 -0.28104 77.98276 0 8.47500 -28.90000 58.69894 0.13898 -13
0.27796 -0.24476 64.09576 0 7.37500 -8.07500 61.88009 0.10738 13
0.38146 -0.12243 81.01575 0 3.70000 -12.52500 75.76636 0.10849 -13
-0.04741 0.02934 27.79172 0 -0.87500 2.37500 27.76056 0.10086 -13
-0.16866 0.05109 71.59898 0 -1.55000 5.20000 70.60430 0.10226 13
-1.36621 0.06719 35.10577 0 -2.05000 41.77500 20.76541 0.17064 13
-1.05730 0.11606 61.06262 0 -3.50000 31.55000 42.10690 0.14702 13
1.17630 -0.05184 35.35836 0 1.55000 -33.97500 22.91970 0.15555 13
0.97772 -0.02225 13.84706 0 0.72500 -29.15000 9.90241 0.14086 -13
-0.25253 -0.18188 6.75257 0 5.55000 6.92500 6.55326 0.10553 -13
-0.06423 0.02349 17.45686 0 -0.67500 3.25000 17.42098 0.10094 -13
-0.12709 0.06798 96.19368 0 -2.05000 3.27500 95.42960 0.10174 13
-0.53739 -0.19712 10.38292 0 5.90000 16.22500 9.18454 0.11600 13
2.12898 0.13881 43.95261 0 -4.22500 -63.87500 18.83312 0.23730 13
-0.32611 -0.11545 44.74154 0 3.47500 10.12500 42.56367 0.10655 13
-1.66398 -0.12408 53.96209 0 3.72500 48.80000 27.95193 0.19589 13
0.02660 -0.14036 12.10215 0 4.27500 -1.72500 12.09796 0.10175 -13
0.03070 -0.02286 91.20991 0 0.67500 -1.00000 91.16696 0.10078 13
-1.93175 0.13053 83.53532 0 -3.95000 58.02500 38.65770 0.21947 13
-1.98369 -0.26917 83.53532 0 8.10000 59.60000 38.65770 0.22532 13
-0.28015 -0.05533 92.56278 0 1.67500 7.05000 89.14118 0.10473 -13
1.06209 -0.05016 4.12666 0 1.35000 -30.25000 2.83122 0.14697 13
-0.97680 0.06121 27.55551 0 -1.87500 28.97500 19.73007 0.14092 13
-1.01882 -0.17855 37.30241 0 5.40000 30.97500 26.33761 0.14490 -13
0.05938 -0.16851 9.27029 0 5.02500 1.77500 9.25441 0.10228 13
-0.81588 -0.12905 79.59288 0 3.87500 23.45000 61.87351 0.13061 13
0.34020 0.12640 88.16773 0 -3.82500 -10.07500 83.53794 0.10713 13
0.34992 -0.27350 88.16773 0 8.25000 -10.37500 83.53794 0.11018 13
-1.56171 -0.24524 49.76943 0 7.42500 49.52500 27.39413 0.18842 -13
-0.18602 -0.24596 24.17836 0 7.40000 6.35000 23.79321 0.10537 13
-0.39885 0.02290 15.53554 0 -0.72500 11.05000 14.43064 0.10845 13
-0.65134 -0.04890 2.15088 0 1.75000 17.40000 1.80318 0.12047 -13
-0.91457 -0.00284 66.29225 0 0.10000 26.95000 48.91850 0.13647 -13
-2.09285 0.04582 11.95406 0 -1.47500 63.75000 5.15815 0.23367 13
-0.73881 0.11996 20.09521 0 -3.57500 21.67500 16.20254 0.12577 -13
-0.76182 -0.28024 20.09521 0 8.50000 22.37500 16.20254 0.12974 -13
-0.60861 -0.17204 91.09388 0 5.17500 17.47500 78.11820 0.11915 13
1.03211 -0.03101 23.60489 0 0.90000 -31.60000 16.42950 0.14476 13
-0.98550 -0.21349 7.62808 0 6.35000 28.20000 5.49273 0.14292 13
0.56978 0.04669 31.39379 0 -1.42500 -16.35000 27.28426 0.11600 13
0.62408 -0.09285 37.32997 0 2.82500 -19.72500 31.70712 0.11908 -13
0.44504 -0.08273 58.11590 0 2.50000 -10.75000 53.12470 0.11054 -13
0.02869 -0.03580 34.98807 0 1.10000 -0.60000 34.97368 0.10081 -13
-1.13846 -0.22881 84.11000 0 6.90000 34.97500 56.30366 0.15433 -13
-0.10983 -0.13862 86.09241 0 4.17500 2.87500 85.58748 0.10226 13
0.44112 0.02664 94.88463 0 -0.80000 -14.67500 86.81867 0.11010 -13
-1.60268 -0.05899 94.69706 0 1.77500 49.67500 50.19185 0.19032 13
0.18534 -0.00720 5.94820 0 0.30000 -1.92500 5.84858 0.10245 -13
-0.34831 -0.21612 50.69575 0 6.52500 11.55000 47.99055 0.10885 -13
0.95390 -0.14883 79.46419 0 4.50000 -30.35000 57.79822 0.13998 -13
-1.60021 -0.17177 82.37745 0 5.17500 48.75000 44.11281 0.19081 13
0.32257 -0.18600 64.30406 0 5.60000 -8.97500 61.29563 0.10745 13
0.13551 -0.15830 76.05780 0 4.77500 -2.60000 75.38563 0.10286 13
0.27673 -0.17354 15.24485 0 5.27500 -7.75000 14.70806 0.10596 -13
0.29871 0.11482 70.45477 0 -3.45000 -10.22500 67.54340 0.10573 -13
-0.10400 -0.14739 9.99248 0 4.50000 2.90000 9.94002 0.10236 -13
-1.47569 -0.02206 2.56552 0 0.32500 45.17500 1.43973 0.17961 13
-0.40241 -0.22152 74.66342 0 6.67500 14.60000 69.49240 0.11081 13
-1.00235 -0.14771 96.30528 0 4.47500 27.25000 68.38500 0.14337 -13
0.34809 0.06655 5.32779 0 -1.92500 -9.95000 5.03296 0.10684 -13
-0.52617 0.09709 41.64067 0 -2.95000 14.10000 36.88831 0.11422 13
0.57315 0.04079 51.72582 0 -1.22500 -16.27500 44.88667 0.11614 -13
0.72453 -0.17106 28.80237 0 5.17500 -20.67500 23.43892 0.12556 -13
0.50424 0.03259 53.70273 0 -1.00000 -17.27500 47.95681 0.11283 13
1.13942 0.00187 25.21921 0 -0.07500 -32.42500 16.63524 0.15267 13
0.16002 0.02726 74.94829 0 -0.82500 -5.77500 74.00749 0.10202 -13
-0.46495 0.01917 23.39174 0 -0.60000 16.72500 21.21161 0.11108 13
-1.42777 0.02258 81.61876 0 -0.67500 42.42500 46.83062 0.17555 -13
0.02898 0.11182 79.63664 0 -3.37500 -1.20000 79.60364 0.10137 -13
-0.75275 -0.16502 54.05041 0 5.00000 21.05000 43.39148 0.12714 -13
1.61103 -0.00086 86.32166 0 0.02500 -48.32500 45.52516 0.19095 -13
1.32304 -0.07448 10.70957 0 2.17500 -42.77500 6.46995 0.16713 13
0.44446 -0.17187 5.18814 0 5.07500 -12.50000 4.75218 0.11151 13
0.02842 -0.19151 12.46801 0 5.82500 -0.82500 12.46315 0.10260 -13
-2.10321 -0.24683 87.40886 0 7.42500 63.40000 38.44345 0.23582 13
-0.41317 -0.01895 28.89695 0 0.60000 14.07500 26.70786 0.10898 -13
0.27414 -0.15617 52.60676 0 4.70000 -8.95000 50.77676 0.10559 13
-0.89550 -0.01270 35.92061 0 0.40000 29.92500 26.76020 0.13519 -13
1.20422 -0.18374 79.28996 0 5.55000 -36.05000 51.15170 0.15872 -13
0.30000 0.00134 88.44597 0 -0.02500 -10.20000 84.71591 0.10514 -13
0.43370 0.11129 46.47224 0 -3.35000 -12.30000 42.67661 0.11033 -13
0.17512 -0.03929 60.92325 0 1.17500 -5.70000 60.01137 0.10231 13
0.77336 -0.02591 98.12015 0 0.77500 -23.57500 77.62706 0.12733 13
1.25219 0.13195 48.09853 0 -3.95000 -38.70000 30.17142 0.16192 -13
1.28515 -0.26763 48.09853 0 8.10000 -39.72500 30.17142 0.16622 -13
1.72908 -0.03144 18.42256 0 0.90000 -51.77500 9.22624 0.20117 13
1.93428 0.07482 97.19782 0 -2.25000 -56.77500 44.73522 0.21941 -13
1.43134 0.10990 40.56730 0 -3.32500 -43.25000 23.32739 0.17619 13
1.44478 -0.07962 18.86920 0 2.35000 -44.92500 10.76193 0.17710 13
0.04690 -0.13027 18.38282 0 3.95000 -0.05000 18.36298 0.10168 -13
-0.29154 -0.19206 68.21333 0 5.77500 6.42500 65.57849 0.10666 13
-0.24134 -0.23829 75.65725 0 7.20000 7.75000 73.65477 0.10634 -13
1.86987 -0.18168 90.60580 0 5.47500 -57.10000 43.27014 0.21431 13
-0.82493 0.00590 98.63477 0 -0.17500 25.07500 76.08764 0.13054 -13
-1.17054 -0.06812 18.12659 0 2.10000 37.72500 11.78984 0.15520 -13
-0.94802 -0.10115 6.01428 0 2.95000 26.40000 4.37519 0.13911 13
0.53093 -0.02888 8.99271 0 0.80000 -16.60000 7.94326 0.11405 13
-0.01961 0.09739 75.40719 0 -2.95000 -2.25000 75.39284 0.10120 13
-1.07717 -0.07754 68.02870 0 2.32500 33.70000 46.35870 0.14821 13
1.12987 -0.19846 25.14848 0 6.02500 -35.47500 16.84741 0.15329 -13
1.12853 -0.22671 2.05527 0 7.20000 -35.87500 1.38209 0.15417 -13
-0.60053 0.07036 72.47929 0 -2.12500 17.30000 62.17642 0.11768 13
-0.31400 -0.07445 42.79385 0 2.22500 12.67500 40.83847 0.10582 13
-1.04921 -0.06927 56.90611 0 2.10000 30.47500 39.31054 0.14613 -13
0.03411 0.09025 83.85657 0 -2.72500 -1.92500 83.80820 0.10117 13
1.88228 -0.08024 31.84934 0 2.37500 -57.97500 14.97940 0.21478 13
-0.82860 0.09088 35.57642 0 -2.75000 25.52500 27.43978 0.13111 13
0.77426 -0.18026 49.59082 0 5.42500 -22.05000 39.44436 0.12864 13
1.13551 0.00328 36.99968 0 -0.07500 -32.60000 24.45366 0.15237 -13
0.73429 0.04655 77.57617 0 -1.40000 -24.22500 62.55273 0.12502 -13
0.88143 0.13128 62.62391 0 -3.95000 -25.47500 47.15480 0.13488 -13
0.90487 -0.26833 62.62391 0 8.10000 -26.20000 47.15480 0.13848 -13
-0.22930 0.03040 92.09480 0 -0.92500 8.65000 89.76722 0.10336 13
0.71439 -0.03258 74.58385 0 1.00000 -20.30000 60.69914 0.12381 -13
-1.79014 -0.14312 79.17091 0 4.30000 53.97500 38.90933 0.20699 13
0.82652 0.08853 98.90676 0 -2.67500 -25.75000 76.35759 0.13095 -13
-0.00421 0.01792 68.07478 0 -0.52500 -0.72500 68.07418 0.10072 -13
1.72904 -0.04956 32.29920 0 1.47500 -52.05000 16.18593 0.20119 13
-1.50762 -0.12898 54.47877 0 3.87500 46.82500 30.28611 0.18263 13
0.19623 0.01749 57.61006 0 -0.52500 -6.12500 56.53224 0.10264 13
-1.35016 -0.23766 37.17953 0 7.15000 39.00000 22.52092 0.17063 13
-1.35015 -0.23766 37.17953 0 7.15000 39.02500 22.52092 0.17085 13
-0.26883 0.12605 34.75776 0 -3.82500 11.45000 33.58374 0.10505 13
-0.27654 -0.27389 34.75776 0 8.25000 11.67500 33.58374 0.10805 13
0.24969 0.10969 18.02790 0 -3.27500 -7.30000 17.49688 0.10437 -13
-0.00596 0.09330 38.73810 0 -2.82500 0.65000 38.73741 0.10115 13
0.41819 -0.10487 70.12296 0 3.15000 -16.17500 64.74632 0.10966 13
0.03171 0.03857 60.03022 0 -1.17500 -2.25000 60.00012 0.10083 13
-1.20558 0.08048 80.64154 0 -2.42500 36.75000 51.58182 0.15794 13
0.25054 -0.23274 46.43484 0 7.02500 -4.52500 45.11098 0.10644 -13
-0.50885 0.05284 68.48194 0 -1.60000 14.37500 61.05202 0.11311 13
0.35944 -0.09225 38.17961 0 2.80000 -10.70000 35.94645 0.10742 -13
-1.75009 -0.00499 47.60716 0 0.17500 52.00000 23.61890 0.20298 -13
0.12679 -0.21603 83.74011 0 6.50000 -3.05000 83.10435 0.10380 13
1.13478 0.02107 6.62502 0 -0.52500 -35.27500 4.38050 0.15234 -13
0.83156 -0.04912 85.91188 0 1.47500 -23.62500 66.08939 0.13107 13
0.32540 -0.10507 73.09419 0 3.17500 -9.15000 69.54311 0.10643 13
-0.22988 0.02076 51.07488 0 -0.62500 8.37500 49.77709 0.10335 -13
0.83648 -0.20939 94.86460 0 6.30000 -22.85000 73.40147 0.13297 13
-0.04522 -0.03598 23.83484 0 1.10000 0.97500 23.81056 0.10087 -13
0.05232 -0.03608 59.29940 0 1.07500 -4.57500 59.21853 0.10091 13
-0.27642 0.05680 90.67109 0 -1.72500 7.67500 87.40370 0.10464 13
-0.42571 -0.13667 54.82609 0 4.12500 12.37500 50.51647 0.11031 13
0.70652 -0.16557 87.07697 0 4.97500 -21.97500 71.43571 0.12442 13
0.79649 0.07588 7.57557 0 -2.20000 -22.42500 5.93226 0.12896 -13
-1.41328 0.06714 6.07949 0 -2.15000 42.37500 3.51734 0.17453 13
-0.66510 0.02673 42.42787 0 -0.82500 19.35000 35.33148 0.12097 13
-0.17814 0.08731 47.66980 0 -2.62500 6.67500 46.93647 0.10266 -13
-1.28610 -0.10320 19.52849 0 3.15000 39.65000 12.02704 0.16441 -13
1.99265 -0.18374 8.67660 0 5.42500 -59.02500 3.94509 0.22504 13
0.26575 0.11314 86.03060 0 -3.42500 -8.47500 83.17985 0.10481 13
0.10261 0.08368 21.64129 0 -2.50000 -2.02500 21.52929 0.10153 -13
0.36731 -1.10387 21.64129 0 -2.50000 -2.02500 21.52929 0.10162 -13
-0.55928 0.58332 21.64129 0 -1.35000 -2.52500 21.52929 0.10684 -13
0.17477 0.02892 21.64129 0 -2.35000 -4.50000 21.52929 0.11749 -13
0.33031 -0.20155 21.64129 0 -1.15000 -4.02500 21.52929 0.12643 -13
-0.02786 0.07029 20.91259 0 -2.10000 2.90000 20.90452 0.10099 -13
-1.47455 -0.16756 8.60126 0 4.95000 43.97500 4.87373 0.18011 13
-0.36565 0.09304 95.06386 0 -2.82500 9.05000 89.32795 0.10763 13
1.29401 0.09469 31.38932 0 -2.82500 -39.95000 19.24792 0.16495 -13
0.01714 -0.23916 26.46157 0 7.20000 -0.27500 26.45790 0.10354 13
0.24875 -0.08432 6.17912 0 2.62500 -6.47500 5.99754 0.10416 -13
1.16533 -0.01334 13.85272 0 0.45000 -31.92500 9.02180 0.15465 -13
0.97874 -0.07204 70.62944 0 2.17500 -30.72500 50.54002 0.14110 13
0.36310 -0.00032 31.84857 0 -0.00000 -11.72500 29.93630 0.10714 13
0.74266 0.08844 63.48471 0 -2.67500 -22.90000 51.03659 0.12576 13
-0.54518 -0.01597 80.30722 0 0.47500 14.25000 70.51153 0.11471 13
1.21265 -0.07274 85.07677 0 2.17500 -36.52500 54.21227 0.15846 13
-0.45573 -0.21218 72.87683 0 6.40000 16.20000 66.56234 0.11270 13
0.34962 -0.01459 13.57947 0 0.47500 -12.55000 12.81877 0.10670 -13
0.86878 0.08254 77.43978 0 -2.50000 -25.47500 58.54439 0.13367 13
-0.06172 0.12439 75.89937 0 -3.75000 3.20000 75.75740 0.10167 -13
-0.06354 -0.27561 75.89937 0 8.32500 3.25000 75.75740 0.10466 -13
-2.10673 -0.04650 16.57951 0 1.32500 61.47500 7.11556 0.23488 13
0.19953 -0.12450 69.38294 0 3.75000 -5.35000 68.06139 0.10345 13
-0.50238 -0.19996 79.27249 0 6.02500 17.02500 71.11193 0.11448 13
0.71442 0.13606 43.48732 0 -4.10000 -19.97500 35.49399 0.12451 -13
0.73204 -0.26329 43.48732 0 7.95000 -20.50000 35.49399 0.12760 -13
0.52693 -0.13694 43.39376 0 4.15000 -16.40000 38.46725 0.11467 -13
0.99509 0.05661 93.80754 0 -1.70000 -25.10000 66.54772 0.14218 -13
0.93138 0.11555 28.56235 0 -3.45000 -28.05000 20.96486 0.13809 -13
1.80385 -0.23891 54.10805 0 7.22500 -51.47500 26.79277 0.20912 -13
0.14690 -0.24384 54.92552 0 7.35000 -3.50000 54.37460 0.10470 13
-0.61792 -0.05578 21.56291 0 1.70000 18.00000 18.35162 0.11852 -13
-0.02341 0.00918 96.63210 0 -0.27500 2.07500 96.60564 0.10074 13
-0.38096 0.00711 57.20263 0 -0.20000 9.62500 53.45532 0.10776 -13
1.49564 -0.05438 18.07676 0 1.70000 -43.70000 10.05711 0.18129 -13
0.51167 0.10820 37.99116 0 -3.27500 -13.62500 33.86171 0.11365 13
-1.65717 0.04951 11.56627 0 -1.57500 51.57500 5.98132 0.19501 13
0.39079 0.03238 35.62944 0 -0.97500 -10.52500 33.18781 0.10816 -13
-1.22144 -0.05238 45.62794 0 1.60000 36.02500 28.92854 0.15906 -13
-0.90073 -0.06969 1.37281 0 2.57500 25.02500 1.02054 0.13637 -13
-0.05602 0.12386 72.78776 0 -3.72500 1.20000 72.67553 0.10163 -13
-0.05768 -0.27617 72.78776 0 8.32500 1.25000 72.67553 0.10464 -13
-0.15664 -0.19275 61.63872 0 5.80000 6.62500 60.92246 0.10376 13
0.97834 -0.00510 37.26553 0 0.12500 -27.57500 26.63766 0.14088 13
-0.41120 -0.23323 75.94432 0 7.02500 15.67500 70.50162 0.11139 13
0.03063 -0.23027 68.65665 0 6.95000 -0.65000 68.62610 0.10338 13
0.14646 -0.18104 93.21446 0 5.47500 -7.17500 92.26131 0.10340 -13
0.36800 0.07288 52.83460 0 -2.20000 -8.07500 49.59928 0.10756 13
-1.45076 -0.00041 71.27278 0 -0.00000 39.75000 40.44926 0.17745 13
-1.55897 -0.11069 14.97318 0 3.27500 48.55000 8.11958 0.18680 13
0.38742 -0.14641 32.23580 0 4.42500 -11.85000 30.10035 0.10901 -13
-0.78734 0.03155 1.02157 0 -0.32500 24.02500 0.80302 0.12881 -13
-0.11815 0.07647 71.38245 0 -2.32500 1.85000 70.89228 0.10170 13
-0.00812 -0.19614 64.20432 0 5.90000 -1.62500 64.20228 0.10262 13
-1.32357 0.13743 75.79541 0 -4.15000 37.95000 45.96259 0.16763 13
-1.35547 -0.26189 75.79541 0 7.90000 38.90000 45.96259 0.17165 13
1.04041 0.14633 32.55846 0 -4.42500 -32.87500 22.68536 0.14609 13
1.06172 -0.25260 32.55846 0 7.60000 -33.50000 22.68536 0.14905 13
0.15702 -0.00326 38.43562 0 0.07500 -6.75000 37.97039 0.10194 13
-0.84228 -0.01469 12.02927 0 0.40000 25.65000 9.20092 0.13167 13
-0.48193 -0.07270 1.52235 0 2.55000 16.15000 1.37195 0.11241 -13
-0.27370 -0.04214 19.31143 0 1.30000 7.00000 18.62760 0.10450 -13
-2.01604 -0.19637 94.78535 0 5.92500 61.70000 42.76228 0.22747 13
0.43036 -0.19749 41.71640 0 5.95000 -13.37500 38.43131 0.11141 13
-0.07640 0.08628 31.76452 0 -2.62500 4.72500 31.67284 0.10138 13
0.53110 0.10876 53.01330 0 -3.30000 -13.80000 46.88008 0.11455 13
-0.42168 -0.01491 28.09104 0 0.47500 13.12500 25.88419 0.10930 -13
0.26834 -0.09558 13.93649 0 2.85000 -7.05000 13.46437 0.10470 13
1.42944 -0.00014 11.58766 0 0.07500 -41.62500 6.64263 0.17567 -13
-0.78067 0.11788 7.23679 0 -3.65000 23.62500 5.71862 0.12832 13
-0.80579 -0.28275 7.23679 0 8.42500 24.37500 5.71862 0.13234 13
-7.67735 -2.95776 7.23679 0 -3.60000 23.75000 5.71862 0.12863 13
5.79361 1.50989 7.23679 0 -3.15000 24.42500 5.71862 0.13187 13
-1.09707 -0.10434 7.23679 0 -3.17500 24.62500 5.71862 0.13276 13
1.72376 0.94781 7.23679 0 -1.92500 25.52500 5.71862 0.14076 13
2.09491 0.88249 7.23679 0 -1.80000 26.67500 5.71862 0.15585 13
-0.16104 -0.81118 7.23679 0 -1.62500 27.90000 5.71862 0.24065 13
0.38665 -0.06004 19.12286 0 1.85000 -11.32500 17.84009 0.10814 -13
1.10277 -0.18049 85.08474 0 5.45000 -34.75000 57.65692 0.15103 -13
0.85055 -0.13371 77.44445 0 4.02500 -24.05000 59.21058 0.13288 13
-0.09611 -0.09367 43.19052 0 2.82500 3.27500 42.99413 0.10160 13
0.01571 0.02431 63.71994 0 -0.75000 -0.15000 63.71208 0.10075 13
0.54669 -0.01930 16.40822 0 0.55000 -18.67500 14.39769 0.11478 13
-0.06994 -0.01411 8.14351 0 0.37500 1.97500 8.12365 0.10097 13
-0.11025 0.00669 15.41842 0 -0.22500 2.25000 15.32558 0.10132 13
0.45409 0.06401 24.31445 0 -1.95000 -13.35000 22.14644 0.11079 13
-1.51055 0.03753 20.96802 0 -1.17500 45.17500 11.58001 0.18248 13
-0.82618 -0.03895 60.10466 0 1.17500 24.17500 46.35043 0.13068 13
0.55781 -0.00585 67.11817 0 0.17500 -15.77500 58.61603 0.11532 13
-0.79157 -0.02498 51.23788 0 0.77500 22.57500 40.17975 0.12846 -13
-0.31476 -0.06083 1.26208 0 1.42500 11.42500 1.20401 0.10605 13
0.08562 -0.14770 59.84015 0 4.45000 0.15000 59.62665 0.10216 13
-0.09958 -0.03853 46.61494 0 1.17500 2.90000 46.38587 0.10128 -13
0.76128 -0.08973 92.88023 0 2.70000 -24.50000 74.01045 0.12688 13
-0.35291 0.05301 70.93157 0 -1.60000 11.45000 66.89893 0.10692 -13
1.67584 0.04296 87.19669 0 -1.30000 -50.77500 44.71191 0.19657 13
-0.20994 -0.17240 7.13589 0 5.27500 6.67500 6.98807 0.10441 -13
1.50846 0.07600 42.37356 0 -2.27500 -47.12500 23.45966 0.18241 -13
0.75165 0.08987 74.69549 0 -2.70000 -23.60000 59.79562 0.12630 -13
0.73034 -0.03967 6.38382 0 1.30000 -23.70000 5.15626 0.12481 -13
0.54060 -0.24804 80.01519 0 7.50000 -13.67500 70.85447 0.11717 -13
1.55884 -0.04962 51.98708 0 1.52500 -46.60000 28.09428 0.18658 -13
0.15483 -0.21874 23.11962 0 6.62500 -3.00000 22.85966 0.10428 -13
-0.63837 -0.22265 20.37060 0 6.75000 19.50000 17.28888 0.12158 -13
-0.84104 -0.01564 49.46872 0 0.45000 25.07500 37.86089 0.13159 13
1.01268 -0.01385 21.11691 0 0.37500 -29.75000 14.83844 0.14333 13
-0.51258 0.01312 82.00497 0 -0.40000 16.07500 72.97788 0.11317 -13
0.21702 0.03293 84.41182 0 -1.00000 -5.15000 82.49365 0.10310 13
-0.47518 0.09660 80.83643 0 -2.92500 14.25000 73.07481 0.11192 13
-0.73854 -0.17213 31.54775 0 5.17500 24.57500 25.50665 0.12638 13
-0.74909 0.08138 29.36664 0 -2.42500 23.90000 23.53133 0.12609 -13
-0.56225 -0.13761 43.35354 0 4.17500 17.42500 37.87471 0.11636 -13
1.08164 -0.19451 59.64214 0 5.85000 -30.32500 40.89233 0.14962 13
0.22277 0.12390 16.85537 0 -3.77500 -8.70000 16.45790 0.10394 13
0.22936 -0.27620 16.85537 0 8.30000 -8.90000 16.45790 0.10697 13
0.47339 0.10322 43.78698 0 -3.12500 -15.02500 39.61467 0.11191 13
1.22683 0.00718 93.22013 0 -0.22500 -36.65000 58.89791 0.15939 13
1.11653 -0.09521 91.65208 0 2.87500 -34.65000 61.30009 0.15124 13
0.54746 -0.14269 24.86526 0 4.32500 -16.52500 21.86088 0.11572 -13
1.05112 -0.11776 18.46419 0 3.60000 -33.07500 12.77289 0.14660 -13
1.22016 0.07279 9.28876 0 -2.10000 -36.45000 5.89712 0.15903 -13
0.72801 0.11072 1.37534 0 -3.77500 -24.67500 1.11454 0.12561 13
0.75407 -0.29126 1.37534 0 8.30000 -25.32500 1.11454 0.12927 13
2.11106 0.14912 71.08093 0 -4.47500 -63.10000 30.70292 0.23570 -13
2.15208 -0.24966 71.08093 0 7.55000 -64.35000 30.70292 0.24033 -13
1.98102 -0.11797 12.15740 0 3.65000 -59.52500 5.50815 0.22389 -13
0.37123 0.01433 90.14257 0 -0.42500 -12.72500 84.50838 0.10743 -13
0.97945 -0.08637 97.03543 0 2.60000 -27.37500 69.44877 0.14123 13
0.05129 -0.13078 74.95624 0 3.95000 -1.37500 74.85951 0.10169 -13
0.81380 0.14869 14.21649 0 -4.45000 -24.52500 11.07450 0.13067 -13
0.82978 -0.25001 14.21649 0 7.60000 -25.00000 11.07450 0.13331 -13
0.11745 0.01275 78.46419 0 -0.37500 -5.22500 77.92864 0.10140 -13
1.12417 -0.06806 47.00277 0 2.07500 -31.67500 31.27976 0.15168 -13
0.35932 0.11038 81.45293 0 -3.32500 -12.87500 76.70753 0.10758 -13
0.72010 0.08224 43.40257 0 -2.50000 -21.90000 35.26123 0.12438 13
0.06914 -0.23149 84.27121 0 6.97500 -5.07500 84.08071 0.10360 13
1.44846 -0.06367 2.67091 0 1.57500 -42.20000 1.51931 0.17743 13
-2.11493 0.08682 74.06949 0 -2.62500 64.25000 31.75842 0.23576 13
0.24176 -0.11044 88.73179 0 3.35000 -8.22500 86.27573 0.10420 -13
0.51695 -0.15707 64.39019 0 4.72500 -16.12500 57.34499 0.11446 13
-1.85541 -0.03291 94.33016 0 1.00000 53.00000 44.77309 0.21228 -13
0.41438 0.06577 21.30836 0 -1.95000 -11.52500 19.69134 0.10920 -13
-0.32463 -0.24211 87.64463 0 7.30000 12.27500 83.58301 0.10864 13
-1.21130 -0.18906 89.69400 0 5.72500 34.07500 57.69817 0.15933 -13
-1.26605 -0.08005 17.41725 0 2.45000 42.22500 10.81680 0.16269 -13
-0.49065 -0.13429 41.26304 0 4.05000 14.77500 37.10832 0.11298 13
-0.42470 0.07554 5.19893 0 -2.37500 12.02500 4.78742 0.10972 13
-0.57526 -0.03220 23.46423 0 1.00000 19.85000 20.34185 0.11622 -13
0.34702 -0.24083 6.41792 0 7.35000 -9.20000 6.08117 0.10940 -13
0.06800 0.06071 46.51111 0 -1.82500 -6.05000 46.40434 0.10112 -13
0.88414 -0.22198 32.73562 0 6.67500 -28.65000 24.78230 0.13624 13
-0.29262 0.10699 83.11931 0 -3.22500 8.32500 79.80965 0.10547 -13
1.29219 0.10138 63.75119 0 -3.07500 -38.97500 39.14181 0.16483 13
-0.02098 -0.19516 74.81787 0 5.90000 3.07500 74.80202 0.10263 -13
1.09041 -0.23117 69.02996 0 6.97500 -31.85000 47.31344 0.15079 13
0.65878 -0.04591 47.96123 0 1.40000 -20.55000 40.06395 0.12068 -13
0.43896 -0.03773 26.20460 0 1.12500 -13.87500 23.99744 0.11004 13
-0.55745 -0.19557 73.42377 0 5.90000 18.37500 64.41414 0.11697 -13
-0.10737 -0.02207 63.53748 0 0.65000 3.07500 63.17456 0.10131 13
-0.72395 -0.17417 78.89421 0 5.25000 18.00000 64.23145 0.12555 13
1.17589 -0.11098 79.61836 0 3.35000 -38.00000 51.76339 0.15584 13
1.90037 -0.00615 75.78427 0 0.17500 -54.70000 35.29127 0.21625 13
0.59364 -0.13017 76.32134 0 3.92500 -20.02500 65.77096 0.11784 -13
-1.03335 -0.11869 53.35414 0 3.60000 31.85000 37.23771 0.14532 -13
-0.55061 -0.23773 66.57296 0 7.17500 15.00000 58.68347 0.11743 -13
0.06572 -0.15553 13.20448 0 4.72500 -4.10000 13.17670 0.10215 -13
-0.06822 -0.12573 84.76435 0 3.77500 0.37500 84.57089 0.10173 13
0.66069 -0.13368 43.81017 0 4.05000 -19.90000 36.65092 0.12146 -13
-0.46027 0.03987 42.39691 0 -1.20000 14.35000 38.51867 0.11093 -13
0.59349 -0.09682 65.25854 0 2.92500 -15.75000 56.18713 0.11750 13
-0.31573 0.07361 76.29133 0 -2.22500 8.97500 72.76919 0.10586 -13
-1.61017 0.14891 99.20346 0 -4.50000 48.40000 52.75326 0.19127 13
-1.64156 -0.24991 99.20346 0 7.52500 49.37500 52.75326 0.19518 13
0.58425 0.04108 4.11891 0 -1.10000 -17.97500 3.55703 0.11673 -13
-0.15184 -0.13404 85.84411 0 4.05000 7.42500 84.88821 0.10275 13
-0.46022 -0.07214 36.87650 0 2.20000 11.57500 33.51452 0.11110 -13
-1.33524 -0.12399 69.71604 0 3.72500 41.57500 41.99538 0.16845 13
-0.29114 -0.03276 59.11725 0 0.97500 9.80000 56.76284 0.10494 13
0.23801 -0.22374 50.38013 0 6.75000 -6.90000 49.07391 0.10593 13
-0.77660 -0.13925 26.97284 0 4.22500 23.20000 21.37980 0.12829 -13
-0.48287 -0.04650 6.61219 0 1.47500 14.17500 5.95566 0.11195 -13
-0.07602 0.02685 50.05420 0 -0.80000 4.27500 49.91031 0.10103 -13
1.55538 -0.17979 69.01930 0 5.40000 -46.57500 37.74608 0.18708 13
0.48447 -0.09777 50.32219 0 2.95000 -12.52500 45.32812 0.11233 13
-0.53737 -0.14402 86.81829 0 4.32500 16.32500 76.65049 0.11523 13
0.81481 -0.00322 75.95787 0 0.10000 -23.95000 58.88515 0.12990 -13
-0.90190 -0.20634 4.67194 0 6.07500 26.87500 3.50163 0.13709 13
-0.59988 0.04032 81.07038 0 -1.22500 17.82500 69.53590 0.11750 13
0.22376 0.06162 34.69848 0 -1.87500 -6.40000 33.86418 0.10339 13
-0.08495 -0.02401 18.60974 0 0.70000 -0.35000 18.54299 0.10109 13
-1.85455 -0.09320 68.17895 0 2.82500 56.95000 32.46929 0.21238 -13
0.19589 -0.15063 50.60183 0 4.52500 -4.85000 49.67839 0.10373 13
-1.66226 -0.03415 63.04990 0 1.05000 48.22500 32.51596 0.19538 -13
-0.26021 -0.05517 58.55593 0 1.65000 10.10000 56.67430 0.10420 13
-0.67186 -0.14378 91.64790 0 4.32500 18.17500 76.31342 0.12219 13
-0.28895 -0.12148 91.64790 0 4.82500 8.60000 76.31342 0.35928 13
0.14030 -0.10839 15.15859 0 3.30000 -2.35000 15.01323 0.10229 -13
-0.38775 -0.05187 70.94163 0 1.55000 12.40000 66.15508 0.10814 13
-1.02386 -0.12204 88.08326 0 3.67500 27.85000 61.77730 0.14465 13
0.72989 0.12861 20.88079 0 -3.90000 -22.17500 16.91424 0.12536 13
0.75015 -0.27118 20.88079 0 8.15000 -22.77500 16.91424 0.12878 13
0.31669 0.05594 20.38432 0 -1.70000 -8.20000 19.43590 0.10579 13
0.77544 -0.11179 45.66093 0 3.35000 -23.52500 36.16753 0.12792 13
1.24689 -0.03837 32.90030 0 1.12500 -37.35000 20.59311 0.16101 13
0.65057 -0.07905 2.66365 0 2.17500 -21.57500 2.23508 0.12042 13
-0.29663 -0.16875 72.40874 0 5.10000 12.05000 69.49683 0.10641 -13
-0.01658 -0.08259 82.04890 0 2.50000 -1.85000 82.03770 0.10106 -13
-0.63312 -0.07894 52.96004 0 2.37500 19.62500 44.78561 0.11945 13
0.78794 -0.02028 63.34230 0 0.62500 -23.52500 49.75739 0.12823 -13
0.63655 0.13529 12.50308 0 -4.12500 -18.65000 10.57534 0.12018 13
0.65256 -0.26412 12.50308 0 7.92500 -19.12500 10.57534 0.12310 13
0.15464 -0.14685 59.70116 0 4.42500 -3.25000 59.01447 0.10297 -13
1.50112 0.14069 96.56750 0 -4.25000 -43.05000 53.90143 0.18220 13
1.53533 -0.25847 96.56750 0 7.80000 -44.07500 53.90143 0.18633 13
-0.26234 -0.10283 78.36835 0 3.10000 9.60000 75.82882 0.10463 -13
-0.03889 -0.08643 64.78199 0 2.62500 2.62500 64.73343 0.10116 -13
0.16587 -0.17441 48.49106 0 5.27500 -3.70000 47.85634 0.10358 -13
0.01415 0.09000 54.58108 0 -2.70000 -2.50000 54.57565 0.10112 -13
-1.30092 -0.06954 39.92221 0 2.12500 39.55000 24.36751 0.16539 -13
0.49666 -0.15023 86.24257 0 4.55000 -15.05000 77.40959 0.11346 -13
-1.18017 0.11555 45.46315 0 -3.47500 34.60000 29.50311 0.15620 -13
-0.58166 0.09690 14.84929 0 -2.95000 15.42500 12.85068 0.11692 13
1.68612 0.04761 24.87484 0 -1.40000 -50.80000 12.69984 0.19746 -13
-0.00563 -0.20929 31.25948 0 6.30000 -0.50000 31.25900 0.10287 13
0.99737 -0.12013 69.15731 0 3.62500 -31.15000 49.14090 0.14274 -13
0.00883 -0.00855 4.44249 0 0.37500 0.97500 4.44232 0.10074 -13
0.54773 -0.11987 32.10773 0 3.60000 -15.95000 28.20621 0.11545 13
1.55961 0.04982 2.01060 0 -1.07500 -46.32500 1.08623 0.18678 -13
-0.10907 -0.10041 15.42622 0 3.00000 3.17500 15.33620 0.10180 13
-0.23995 -0.03328 22.03238 0 1.02500 8.45000 21.42490 0.10362 -13
1.11955 -0.17425 64.26030 0 5.27500 -35.45000 43.16306 0.15219 -13
1.86184 0.13195 54.87411 0 -4.00000 -56.22500 26.13924 0.21326 13
1.91100 -0.26760 54.87411 0 8.05000 -57.70000 26.13924 0.21882 13
-0.50555 -0.20672 33.07552 0 6.22500 14.62500 29.64173 0.11473 13
0.03127 -0.12444 54.98938 0 3.75000 1.12500 54.96293 0.10152 13
1.21175 -0.01469 63.66890 0 0.42500 -35.25000 40.52784 0.15822 13
0.58169 0.11305 59.21219 0 -3.42500 -18.00000 51.26461 0.11706 13
-0.47248 -0.03714 20.32787 0 1.10000 11.65000 18.38181 0.11145 13
0.18067 0.14154 32.35319 0 -4.25000 -5.17500 31.84778 0.10332 -13
0.18473 -0.25756 32.35319 0 7.77500 -5.27500 31.84778 0.10566 -13
0.65174 -0.07904 13.81104 0 2.42500 -20.40000 11.58145 0.12048 -13
0.52587 -0.06307 33.63011 0 1.87500 -15.27500 29.77825 0.11395 13
-0.41121 0.12231 5.59202 0 -3.77500 14.50000 5.17720 0.10965 13
-0.42355 -0.27806 5.59202 0 8.27500 14.85000 5.17720 0.11282 13
-1.67540 -0.18134 75.50245 0 5.47500 47.32500 39.15831 0.19735 -13
-0.36737 -0.18809 83.32606 0 5.67500 11.97500 78.37449 0.10895 -13
1.22501 -0.03637 52.58738 0 1.10000 -37.72500 33.26819 0.15929 -13
0.26458 -0.14126 1.61553 0 3.95000 -6.02500 1.56291 0.10521 13
-0.57540 0.08480 38.45900 0 -2.55000 15.12500 33.36401 0.11650 -13
-0.23301 -0.22714 19.54129 0 6.87500 7.57500 19.05555 0.10592 -13
-0.49642 -0.12252 11.08204 0 3.75000 17.22500 9.94098 0.11313 -13
2.02383 -0.15152 31.72309 0 4.60000 -60.02500 14.18043 0.22790 -13
-0.30193 -0.01043 78.51571 0 0.32500 8.35000 75.16455 0.10520 -13
0.31925 -0.09263 11.47134 0 2.75000 -12.15000 10.93222 0.10612 13
1.92815 -0.00292 50.13248 0 0.10000 -58.52500 23.08073 0.21873 -13
0.96260 -0.20775 26.06760 0 6.30000 -26.62500 18.97052 0.14136 -13
2.01743 -0.09379 96.29706 0 2.85000 -61.30000 42.91667 0.22696 -13
0.06561 0.03513 79.80582 0 -1.07500 -0.47500 79.63481 0.10098 13
0.17369 -0.12502 29.13343 0 3.77500 -8.00000 28.71021 0.10299 -13
0.33342 0.01949 55.92875 0 -0.57500 -9.10000 53.05836 0.10617 -13
0.20681 0.13811 59.74379 0 -4.17500 -8.25000 58.52826 0.10377 13
0.21175 -0.26117 59.74379 0 7.87500 -8.40000 58.52826 0.10624 13
0.89938 0.03667 37.89052 0 -1.12500 -28.00000 28.18116 0.13549 13
2.13610 0.09103 83.23477 0 -2.72500 -63.97500 35.41051 0.23768 -13
-0.08591 0.07368 37.43771 0 -2.22500 4.47500 37.30103 0.10135 13
-0.20484 -0.24581 58.02092 0 7.42500 4.92500 56.90591 0.10574 -13
-0.25896 0.02548 87.27435 0 -0.75000 8.15000 84.48903 0.10405 -13
-0.77685 -0.00269 32.01335 0 0.10000 22.07500 25.28120 0.12753 -13
-0.01714 -0.13013 85.06185 0 3.92500 -1.45000 85.04957 0.10157 -13
-0.50142 0.09904 17.35088 0 -2.95000 14.25000 15.52528 0.11309 -13
-0.80157 -0.19816 93.77815 0 5.97500 24.65000 73.71921 0.13060 -13
-0.03480 0.10537 52.21841 0 -3.17500 -2.25000 52.18717 0.10133 13
0.08223 -0.21145 43.49785 0 6.40000 -1.75000 43.35775 0.10327 -13
0.66361 -0.00005 16.45173 0 -0.02500 -16.27500 13.70798 0.12086 13
0.89108 -0.15256 27.62340 0 4.57500 -28.32500 20.72831 0.13574 13
0.04381 -0.04031 79.66547 0 1.22500 -0.42500 79.58927 0.10088 -13
