0.65756 0.09884 80.17566 0 -3.00000 -21.65000 67.08843 0.12094 13
0.04211 0.13956 49.38741 0 -4.22500 0.17500 49.34453 0.10177 13
0.04308 -0.25966 49.38741 0 7.82500 0.15000 49.34453 0.10413 13
-0.59783 0.05374 87.57786 0 -1.62500 17.77500 75.19770 0.11745 13
-0.44737 -0.20233 35.27958 0 6.10000 15.72500 32.31016 0.11218 13
-0.44872 0.03268 73.78276 0 -1.00000 13.40000 67.32335 0.11042 13
1.12116 -0.11997 41.82270 0 3.62500 -35.80000 27.94870 0.15178 -13
-0.61447 -0.18638 38.79985 0 5.60000 17.75000 33.21071 0.11967 13
-0.71765 0.03074 41.89190 0 -0.95000 21.62500 34.04009 0.12399 13
1.87769 -0.11102 84.88585 0 3.32500 -57.85000 40.09285 0.21451 13
0.66387 -0.03143 83.25581 0 0.95000 -22.17500 69.37284 0.12091 13
-0.46827 -0.24157 86.22805 0 7.30000 15.15000 78.48070 0.11383 -13
-1.67437 -0.02549 97.27224 0 0.77500 49.97500 49.88846 0.19641 -13
-0.02520 0.05307 67.12695 0 -1.60000 4.95000 67.10571 0.10088 13
-0.00694 -0.16703 40.57010 0 5.02500 0.75000 40.56915 0.10210 13
-1.67661 0.14857 51.25835 0 -4.50000 48.32500 26.46817 0.19697 13
-1.70955 -0.25032 51.25835 0 7.52500 49.35000 26.46817 0.20100 13
-0.19105 0.04827 16.97332 0 -1.42500 5.77500 16.67251 0.10264 -13
-0.23208 -0.00168 84.65076 0 0.05000 6.90000 82.45920 0.10338 13
0.49511 -0.01163 99.46292 0 0.35000 -13.20000 89.13703 0.11237 -13
1.65897 0.08490 23.99797 0 -2.60000 -52.00000 12.42119 0.19528 13
0.75801 0.13777 13.13212 0 -4.10000 -19.90000 10.50139 0.12710 -13
0.77614 -0.26136 13.13212 0 7.92500 -20.45000 10.50139 0.13022 -13
-0.24477 -0.09928 26.41329 0 3.02500 9.07500 25.66295 0.10416 -13
0.27448 -0.19900 43.85838 0 6.02500 -8.45000 42.35053 0.10634 -13
-0.20166 -0.05717 62.22552 0 1.72500 4.12500 61.00152 0.10289 13
1.27027 -0.22616 45.39399 0 6.80000 -38.52500 28.50998 0.16437 13
1.36938 -0.21635 39.10010 0 6.55000 -39.65000 23.40303 0.17216 -13
-0.62962 0.08841 72.31740 0 -2.65000 18.75000 61.26503 0.11933 -13
0.43574 -0.02205 78.57727 0 0.67500 -14.77500 72.03851 0.10987 -13
-0.05495 -0.20826 47.44314 0 6.27500 -0.67500 47.37465 0.10300 13
-0.53198 0.11599 63.66585 0 -3.50000 13.17500 56.28977 0.11466 -13
1.67576 -0.02319 34.46328 0 0.72500 -50.97500 17.66394 0.19654 -13
-0.64930 -0.19984 79.15411 0 6.02500 19.87500 66.76854 0.12175 -13
-0.56242 0.05601 22.61643 0 -1.67500 18.22500 19.72024 0.11567 -13
1.87897 -0.16292 64.06909 0 4.90000 -57.00000 30.40905 0.21496 13
1.14000 -0.24061 18.78947 0 7.22500 -36.02500 12.58644 0.15458 13
0.23516 -0.19111 49.54252 0 5.75000 -6.50000 48.27160 0.10522 13
1.27721 0.09958 70.43581 0 -3.02500 -35.87500 43.55462 0.16366 13
-0.33780 -0.10299 17.36797 0 3.07500 7.10000 16.46358 0.10679 13
0.30452 0.05297 50.33932 0 -1.60000 -11.47500 48.16182 0.10540 -13
-2.07601 -0.21039 48.62364 0 6.32500 64.32500 21.47357 0.23298 13
0.97399 0.13964 15.74187 0 -4.17500 -31.82500 11.32967 0.14126 -13
0.99661 -0.25953 15.74187 0 7.87500 -32.52500 11.32967 0.14462 -13
-0.14484 -0.21098 83.84502 0 6.35000 4.35000 83.01547 0.10394 13
-0.88304 0.13180 45.66281 0 -3.95000 24.70000 34.35731 0.13499 -13
-0.90633 -0.26778 45.66281 0 8.10000 25.40000 34.35731 0.13858 -13
0.42709 0.06208 35.54998 0 -1.90000 -14.42500 32.70268 0.10969 13
1.31052 -0.07462 29.62506 0 2.27500 -40.65000 18.00309 0.16619 -13
1.23026 -0.04714 77.34513 0 1.40000 -39.50000 48.81747 0.15973 13
-1.77907 0.04592 32.76503 0 -1.35000 54.12500 16.06751 0.20556 -13
1.03195 -0.00518 86.04101 0 0.17500 -30.87500 59.87666 0.14471 -13
-1.99494 0.05209 3.17811 0 -1.22500 62.15000 1.42619 0.22473 -13
-0.70484 0.06168 36.45594 0 -1.87500 20.02500 29.81676 0.12336 13
0.91430 0.14041 8.53419 0 -4.15000 -25.87500 6.32633 0.13715 -13
0.93524 -0.25872 8.53419 0 7.90000 -26.52500 6.32633 0.14043 -13
-0.09648 -0.12921 2.75566 0 3.70000 2.75000 2.74317 0.10200 13
-1.57351 0.11185 71.84862 0 -3.35000 48.80000 38.70828 0.18807 -13
1.41144 -0.07396 73.75135 0 2.25000 -42.67500 42.71341 0.17436 -13
1.44826 -0.06367 40.67102 0 1.90000 -43.60000 23.14055 0.17734 13
-0.18494 0.10969 8.37889 0 -3.25000 1.10000 8.24080 0.10299 -13
-0.53304 0.06871 31.18468 0 -2.05000 19.77500 27.53315 0.11432 -13
-0.17620 -0.12687 87.95465 0 3.82500 6.30000 86.64097 0.10305 13
-1.45107 0.01642 7.76632 0 -0.37500 48.40000 4.40667 0.17751 -13
-0.26098 -0.22829 71.74943 0 6.87500 8.37500 69.53396 0.10658 13
-1.94442 -0.19584 44.86695 0 5.92500 58.42500 20.82670 0.22110 -13
0.63144 0.05510 26.97322 0 -1.67500 -20.45000 22.81666 0.11923 13
-1.78611 -0.23716 28.31780 0 7.12500 55.10000 14.12312 0.20746 13
-0.05555 -0.06399 13.36854 0 1.90000 2.82500 13.34806 0.10106 13
-1.17269 0.02691 15.73394 0 -0.77500 34.50000 10.21118 0.15523 -13
-0.49082 -0.05351 2.71091 0 1.82500 15.22500 2.43431 0.11243 -13
1.08221 -0.03388 62.58463 0 1.02500 -33.12500 42.48676 0.14843 -13
0.39602 -0.14559 37.05107 0 4.37500 -14.42500 34.49661 0.10930 13
0.07232 0.14564 93.22107 0 -4.40000 -0.77500 92.98324 0.10202 -13
0.07382 -0.25327 93.22107 0 7.65000 -0.82500 92.98324 0.10415 -13
0.01249 -0.09436 10.91639 0 2.80000 0.47500 10.91554 0.10115 13
-1.88823 0.08984 40.87346 0 -2.72500 55.95000 19.18977 0.21537 13
0.14026 -0.11387 82.13008 0 3.45000 -5.20000 81.34399 0.10234 -13
0.68617 0.11437 97.09346 0 -3.45000 -20.42500 80.22474 0.12267 -13
-0.14965 0.10132 76.56989 0 -3.05000 4.10000 75.73501 0.10233 -13
1.38764 0.09444 20.94864 0 -2.90000 -43.00000 12.28281 0.17254 13
-1.09966 0.07472 27.03801 0 -2.27500 31.92500 18.21812 0.14989 13
0.20379 -0.08333 50.06271 0 2.52500 -3.75000 49.06112 0.10312 -13
-1.59073 0.13599 16.04543 0 -4.15000 47.32500 8.59572 0.18976 13
-1.63026 -0.26360 16.04543 0 7.87500 48.47500 8.59572 0.19430 13
-0.50265 0.10926 8.39288 0 -3.22500 13.10000 7.50772 0.11323 -13
1.80368 -0.21779 25.67268 0 6.52500 -52.97500 12.66989 0.20877 13
1.15155 -0.06536 65.77423 0 1.97500 -34.12500 43.17867 0.15374 -13
1.12118 0.05227 66.94151 0 -1.60000 -34.45000 44.59160 0.15138 13
0.31444 0.12812 99.06347 0 -3.85000 -8.85000 94.57039 0.10634 -13
0.32320 -0.27167 99.06347 0 8.20000 -9.12500 94.57039 0.10931 -13
1.47519 -0.09792 8.01538 0 3.05000 -43.07500 4.51240 0.17981 -13
0.06787 -0.08237 14.44667 0 2.52500 -2.62500 14.41373 0.10129 -13
-1.84361 -0.01658 20.36034 0 0.45000 56.92500 9.70867 0.21122 13
-1.75638 -0.12846 31.24668 0 3.90000 52.67500 15.55605 0.20396 -13
-1.22513 -0.08241 2.41529 0 2.17500 38.00000 1.53014 0.15952 13
0.44781 0.14590 17.97681 0 -4.37500 -15.25000 16.43571 0.11130 -13
0.45706 -0.25300 17.97681 0 7.67500 -15.52500 16.43571 0.11365 -13
1.55077 0.12858 38.46570 0 -3.90000 -46.67500 20.96652 0.18629 13
1.59363 -0.27128 38.46570 0 8.15000 -47.95000 20.96652 0.19139 13
-0.79456 -0.06231 71.43898 0 1.87500 24.22500 55.97412 0.12877 13
0.40162 0.04304 48.76124 0 -1.30000 -8.70000 45.25419 0.10861 13
1.62701 0.14120 70.45989 0 -4.25000 -51.55000 37.15837 0.19284 -13
1.66371 -0.25790 70.45989 0 7.80000 -52.67500 37.15837 0.19722 -13
-0.84010 0.12845 35.64382 0 -3.85000 26.15000 27.38371 0.13215 -13
-0.86339 -0.27131 35.64382 0 8.20000 26.85000 27.38371 0.13584 -13
0.26142 0.14085 48.17301 0 -4.25000 -7.17500 46.63591 0.10506 13
0.26736 -0.25832 48.17301 0 7.77500 -7.35000 46.63591 0.10743 13
1.73256 -0.00203 62.52212 0 0.05000 -51.70000 31.25387 0.20145 13
0.52587 -0.24620 39.59960 0 7.45000 -18.52500 35.26816 0.11646 -13
0.32069 0.06529 26.76055 0 -1.95000 -11.02500 25.48746 0.10595 -13
0.24519 0.14126 64.10536 0 -4.25000 -8.20000 62.29552 0.10465 -13
0.25071 -0.25785 64.10536 0 7.77500 -8.37500 62.29552 0.10702 -13
1.26561 0.11672 79.78496 0 -3.50000 -35.45000 49.66958 0.16285 -13
-0.18013 0.12020 18.38982 0 -3.65000 6.77500 18.10247 0.10305 13
-0.18571 -0.28015 18.38982 0 8.42500 6.95000 18.10247 0.10622 13
-0.90589 -0.15113 71.76844 0 4.57500 24.12500 53.45830 0.13674 -13
-0.14999 -0.00771 72.12925 0 0.25000 3.10000 71.33140 0.10183 -13
-0.23240 -0.15589 17.14194 0 4.72500 7.45000 16.70723 0.10459 -13
0.85634 -0.07919 30.20310 0 2.37500 -24.25000 22.97171 0.13281 13
0.28226 -0.17140 30.92869 0 5.17500 -10.35000 29.79695 0.10606 -13
0.21225 -0.21355 26.21741 0 6.42500 -3.85000 25.67024 0.10515 13
-0.32634 0.06832 66.89858 0 -2.05000 10.52500 63.61200 0.10615 -13
-0.91665 -0.11475 85.61895 0 3.47500 26.25000 63.30351 0.13710 -13
-0.14043 -0.17113 57.91105 0 5.15000 2.40000 57.36410 0.10314 13
-2.17128 0.04763 23.45854 0 -1.47500 62.47500 9.82191 0.24081 13
-1.85386 0.03408 15.05549 0 -1.10000 56.62500 7.15055 0.21217 13
0.07134 -0.22457 3.69297 0 6.62500 -0.42500 3.68408 0.10340 13
0.72296 0.00909 7.23145 0 -0.35000 -21.70000 5.86062 0.12428 13
-0.38771 -0.10784 33.15351 0 3.22500 14.97500 30.93460 0.10855 13
-0.12649 0.14735 33.15351 0 3.12500 15.10000 30.93460 0.10893 13
-0.10004 0.20343 33.15351 0 5.32500 15.02500 30.93460 0.11997 13
-0.57779 -0.31202 33.15351 0 3.42500 15.75000 30.93460 0.13015 13
5.41869 0.29815 33.15351 0 4.15000 17.75000 30.93460 0.14331 13
1.22131 -0.22613 33.15351 0 4.35000 20.40000 30.93460 0.16125 13
0.10633 -0.15461 33.15351 0 3.20000 22.05000 30.93460 0.17240 13
-1.29141 -0.06593 33.15351 0 4.15000 21.27500 30.93460 0.18014 13
5.58885 -3.60941 33.15351 0 4.15000 21.20000 30.93460 0.18129 13
-1.61296 -0.15849 41.22873 0 4.75000 49.70000 21.91929 0.19176 13
-0.86377 -0.14450 31.39216 0 4.37500 23.10000 23.86122 0.13388 -13
-0.03661 0.12321 85.86389 0 -3.72500 0.85000 85.80728 0.10153 13
-0.03770 -0.27688 85.86389 0 8.35000 0.90000 85.80728 0.10455 13
0.28265 0.06295 90.24913 0 -1.90000 -8.60000 86.85931 0.10484 -13
0.53650 -0.18695 40.32829 0 5.65000 -15.10000 35.67212 0.11583 -13
0.22755 0.00408 74.14789 0 -0.12500 -6.35000 72.29976 0.10328 13
0.92560 0.02985 59.28572 0 -0.90000 -29.05000 43.51757 0.13725 13
0.51544 -0.05071 1.65320 0 1.20000 -17.72500 1.46983 0.11358 13
0.24395 0.06243 39.97083 0 -1.90000 -7.07500 38.83627 0.10385 13
-0.03255 -0.19405 67.23122 0 5.85000 1.97500 67.19693 0.10263 13
-0.61044 0.14071 5.73400 0 -4.35000 17.25000 4.90705 0.11891 13
-0.62445 -0.25866 5.73400 0 7.70000 17.65000 4.90705 0.12146 13
-0.26958 -0.05643 46.49178 0 1.72500 7.72500 44.89415 0.10445 -13
-0.52244 0.01005 87.45390 0 -0.30000 15.05000 77.51347 0.11363 13
-0.82955 -0.01849 32.73378 0 0.55000 24.55000 25.19548 0.13086 13
-1.42883 0.12511 58.24279 0 -3.75000 43.92500 33.57004 0.17608 -13
-1.47033 -0.27482 58.24279 0 8.30000 45.17500 33.57004 0.18122 -13
0.69755 0.01445 42.93879 0 -0.45000 -19.70000 35.21844 0.12279 13
-0.02821 0.04223 19.53906 0 -1.25000 -1.05000 19.53130 0.10083 -13
1.05871 0.02826 53.93546 0 -0.85000 -31.57500 37.04318 0.14668 -13
-1.34720 0.01184 92.48196 0 -0.37500 38.50000 55.12385 0.16896 13
0.50652 0.10881 6.43136 0 -3.20000 -15.02500 5.74446 0.11339 -13
1.70404 -0.23996 98.96273 0 7.25000 -50.35000 51.13505 0.20044 -13
-0.27569 -0.18406 26.37424 0 5.52500 8.12500 25.45517 0.10608 13
0.89025 -0.19276 59.80605 0 5.82500 -26.87500 45.02746 0.13623 -13
1.54636 0.14383 46.41646 0 -4.35000 -45.35000 25.38723 0.18604 13
1.57967 -0.25521 46.41646 0 7.67500 -46.35000 25.38723 0.18999 13
-0.02750 -0.06764 70.12636 0 2.02500 1.42500 70.09996 0.10097 13
-0.00096 -0.17587 63.21004 0 5.32500 0.00000 63.21001 0.10225 -13
0.94210 -0.09545 4.72964 0 3.02500 -28.02500 3.44964 0.13879 -13
1.55229 -0.20587 91.17846 0 6.22500 -48.35000 50.10429 0.18711 -13
-0.55828 -0.06344 15.10546 0 1.87500 19.32500 13.19566 0.11550 13
-1.16701 -0.13998 30.98389 0 4.25000 38.75000 20.27359 0.15542 -13
0.01472 -0.02842 27.64549 0 0.85000 -3.15000 27.64250 0.10075 13
-0.01989 -0.19755 97.81261 0 5.95000 2.80000 97.79402 0.10267 13
0.14270 -0.03960 56.07361 0 1.17500 -4.02500 55.51213 0.10180 13
0.43597 -0.06602 59.21992 0 2.00000 -7.97500 54.30406 0.11006 -13
-0.27425 -0.12734 22.13135 0 3.87500 7.07500 21.35519 0.10522 -13
-1.67764 -0.09501 35.79358 0 2.90000 47.87500 18.38836 0.19692 -13
-0.47027 -0.13613 7.33130 0 4.17500 10.62500 6.64534 0.11217 -13
-1.32480 -0.16711 86.41060 0 5.02500 42.27500 52.51518 0.16799 13
-1.60228 -0.16244 69.44383 0 4.90000 49.65000 37.11261 0.19092 -13
-1.05692 0.05878 51.80245 0 -1.75000 31.85000 35.63505 0.14664 -13
1.85460 -0.00012 65.10631 0 0.02500 -56.47500 30.89934 0.21219 -13
-1.93200 -0.06007 53.08198 0 1.80000 57.95000 24.43536 0.21915 13
0.84301 -0.13845 74.83444 0 4.17500 -24.97500 57.44107 0.13245 -13
0.12313 0.10036 81.79528 0 -3.02500 -3.20000 81.18827 0.10196 -13
0.27861 0.01953 82.14858 0 -0.57500 -9.40000 79.13570 0.10456 -13
-1.27058 -0.11999 69.49756 0 3.60000 38.72500 43.17152 0.16327 13
1.33680 -0.10951 19.41301 0 3.35000 -37.22500 11.67313 0.16851 -13
-0.82101 -0.02800 2.39017 0 0.57500 23.47500 1.84725 0.13045 13
0.08478 -0.11832 9.64272 0 3.52500 -1.67500 9.60872 0.10175 13
-1.70840 -0.19856 85.10010 0 6.00000 49.92500 43.61055 0.20036 -13
0.46300 -0.12349 3.67660 0 3.87500 -12.87500 3.34090 0.11177 -13
-0.35057 -0.16100 36.93809 0 4.87500 8.80000 34.90634 0.10795 -13
-0.24455 0.08717 95.82501 0 -2.62500 6.25000 93.10180 0.10404 -13
-0.08701 -0.08926 43.83699 0 2.67500 1.70000 43.67330 0.10148 13
-0.05596 0.12389 46.05421 0 -3.75000 3.25000 45.98338 0.10163 13
-0.05762 -0.27618 46.05421 0 8.32500 3.30000 45.98338 0.10462 13
1.31930 -0.08661 90.06998 0 2.60000 -39.85000 54.53625 0.16693 13
1.00707 -0.13544 45.21289 0 4.07500 -32.00000 32.00225 0.14357 13
0.58391 -0.02531 36.62203 0 0.77500 -18.82500 31.62810 0.11664 -13
0.60240 -0.21679 64.00029 0 6.55000 -18.52500 55.15228 0.11958 -13
1.09955 0.01905 96.06645 0 -0.57500 -31.12500 64.64189 0.14969 -13
-0.51860 0.06612 45.64353 0 -2.00000 14.65000 40.53736 0.11364 13
0.58296 0.05019 63.07025 0 -1.50000 -18.92500 54.50498 0.11667 -13
0.03656 0.14487 70.02577 0 -4.37500 -2.10000 69.97995 0.10183 13
0.03735 -0.25410 70.02577 0 7.65000 -2.12500 69.97995 0.10397 13
1.65940 0.09534 76.25705 0 -2.90000 -54.32500 39.49091 0.19535 13
0.47520 -0.19447 38.38572 0 5.87500 -13.70000 34.78706 0.11321 -13
1.56261 -0.20748 99.08656 0 6.27500 -47.90000 54.20956 0.18800 -13
-0.65976 -0.21491 68.30125 0 6.47500 16.80000 57.39705 0.12257 13
-0.34069 -0.06745 82.48695 0 2.05000 10.50000 78.09823 0.10661 -13
-1.15498 -0.13254 85.09100 0 4.00000 35.00000 55.97396 0.15442 13
-0.54520 0.00365 13.85069 0 -0.07500 15.02500 12.16065 0.11470 -13
0.70057 -0.22962 54.15896 0 6.92500 -19.90000 44.72778 0.12512 -13
-0.65364 -0.20505 32.40902 0 6.20000 19.65000 27.29313 0.12208 -13
0.84114 0.13642 12.95215 0 -4.07500 -24.72500 9.94939 0.13229 -13
0.86184 -0.26280 12.95215 0 7.97500 -25.35000 9.94939 0.13561 -13
-0.00084 -0.07272 86.54145 0 2.20000 0.27500 86.54142 0.10096 13
-0.26761 0.09560 81.60463 0 -2.87500 9.45000 78.85445 0.10469 -13
-0.76345 -0.13987 21.39207 0 4.20000 22.47500 17.06390 0.12746 13
0.51727 -0.23204 87.04170 0 7.00000 -16.90000 77.73115 0.11576 13
-0.91504 0.14635 55.07078 0 -4.40000 27.55000 40.82455 0.13728 -13
-0.93384 -0.25253 55.07078 0 7.62500 28.10000 40.82455 0.14012 -13
1.56461 -0.15630 32.83656 0 4.75000 -49.77500 17.83592 0.18768 -13
-0.24900 0.12365 51.14539 0 -3.72500 9.62500 49.65168 0.10452 -13
-0.25638 -0.27640 51.14539 0 8.35000 9.85000 49.65168 0.10763 -13
0.54392 -0.23216 48.83969 0 7.00000 -14.95000 43.15623 0.11698 13
-0.24059 0.04739 68.69523 0 -1.42500 7.30000 66.79364 0.10369 13
0.04086 -0.19316 86.67229 0 5.82500 -1.77500 86.60263 0.10265 13
-0.40668 -0.09152 57.24589 0 2.77500 8.82500 53.05975 0.10910 -13
-1.11738 -0.13641 12.92929 0 4.17500 36.15000 8.66669 0.15167 -13
1.56682 0.04769 32.13637 0 -1.47500 -48.82500 17.30365 0.18726 13
0.58343 0.10304 79.30274 0 -3.12500 -16.70000 68.58819 0.11706 13
0.17468 0.03052 83.91877 0 -0.92500 -3.45000 82.66814 0.10227 -13
0.51011 -0.07228 84.62563 0 2.17500 -15.80000 75.42482 0.11328 -13
1.80698 -0.05334 71.19718 0 1.62500 -53.40000 34.51194 0.20805 -13
-0.21144 -0.09643 16.01622 0 2.87500 8.00000 15.67284 0.10338 13
0.29535 0.05210 69.11731 0 -1.57500 -8.52500 66.29372 0.10514 13
2.03782 0.00479 75.33424 0 -0.15000 -61.47500 33.18722 0.22860 13
-0.94737 -0.01271 6.16225 0 0.27500 26.30000 4.47320 0.13876 13
-0.47679 0.08065 64.43133 0 -2.45000 14.00000 58.19403 0.11186 13
0.15178 -0.15084 37.03558 0 4.52500 -3.80000 36.62535 0.10298 13
1.25748 0.01184 97.58540 0 -0.35000 -37.40000 60.74174 0.16180 -13
-0.12888 -0.03039 11.48656 0 0.87500 3.40000 11.39238 0.10158 13
-0.91842 0.05338 61.63765 0 -1.60000 27.92500 45.42665 0.13684 -13
-0.78028 0.05851 73.83530 0 -1.75000 20.80000 58.24919 0.12787 -13
0.15482 -0.04344 14.84516 0 1.35000 -4.32500 14.67076 0.10200 -13
-0.59656 -0.19230 19.74764 0 5.77500 18.90000 17.03854 0.11883 13
-0.59589 0.02901 52.81761 0 -0.87500 15.47500 45.37789 0.11727 13
-0.15481 -0.09156 22.63273 0 2.75000 4.77500 22.36838 0.10231 13
-1.97356 -0.12388 88.55497 0 3.75000 61.37500 40.26895 0.22316 -13
1.18610 -0.20642 11.20654 0 6.15000 -35.97500 7.31172 0.15753 13
1.10182 -0.23641 36.66954 0 7.15000 -35.72500 25.00981 0.15174 -13
0.27531 -0.11392 11.97203 0 3.40000 -10.20000 11.54770 0.10506 13
-0.35496 0.11348 61.07503 0 -3.42500 10.00000 57.59757 0.10747 -13
0.42696 -0.15546 50.30526 0 4.67500 -13.07500 46.34938 0.11061 13
-0.59027 0.06687 50.49363 0 -2.00000 14.57500 43.50845 0.11713 -13
-0.91304 -0.08893 98.44001 0 2.70000 29.15000 72.82740 0.13666 -13
-0.02652 -0.13527 98.31543 0 4.07500 2.05000 98.28150 0.10166 -13
-0.72908 -0.24341 38.40051 0 7.35000 22.92500 31.33479 0.12703 -13
-1.71407 0.09520 38.45120 0 -2.90000 51.87500 19.44110 0.20009 13
-0.40054 0.05173 34.74883 0 -1.55000 14.97500 32.26338 0.10860 -13
0.45968 -0.14402 97.07871 0 4.35000 -11.12500 88.36251 0.11178 -13
0.37290 0.03564 4.52321 0 -0.95000 -11.55000 4.23850 0.10755 -13
0.20611 -0.18623 88.93984 0 5.62500 -9.57500 87.16841 0.10452 -13
0.38046 -0.14153 48.90378 0 4.25000 -12.45000 45.76440 0.10867 13
-0.08121 -0.10578 40.80398 0 3.20000 4.37500 40.67158 0.10160 -13
0.15094 -0.08360 29.44462 0 2.50000 -5.55000 29.11713 0.10219 13
-0.06875 -0.12647 74.68909 0 3.80000 3.30000 74.51595 0.10174 13
-0.47365 -0.15848 13.65848 0 4.82500 14.72500 12.37167 0.11259 -13
0.39788 -0.20344 10.34073 0 6.20000 -10.52500 9.63434 0.11035 -13
0.08747 -0.01626 6.62279 0 0.57500 -2.02500 6.59762 0.10111 -13
1.29503 -0.13827 62.89353 0 4.15000 -39.47500 38.66740 0.16534 13
-1.98387 0.09063 91.48840 0 -2.75000 58.90000 41.31496 0.22391 13
0.34619 -0.11047 71.28093 0 3.32500 -9.35000 67.40224 0.10715 13
0.08552 0.08173 51.16087 0 -2.45000 -3.85000 50.97599 0.10140 -13
-0.23087 -0.19350 82.09257 0 5.82500 6.10000 80.06185 0.10517 13
-0.38810 0.09771 99.63240 0 -2.95000 9.87500 92.94000 0.10846 -13
-0.92815 0.08331 29.32822 0 -2.52500 28.20000 21.53060 0.13766 13
-0.71735 -0.07281 72.31020 0 2.20000 20.20000 58.80842 0.12415 -13
-0.45620 0.02027 58.27444 0 -0.60000 12.30000 53.01994 0.11071 -13
0.53600 0.13762 29.84429 0 -4.17500 -14.60000 26.35863 0.11510 13
0.54893 -0.26175 29.84429 0 7.87500 -14.97500 26.35863 0.11784 13
-0.26733 -0.08111 90.70213 0 2.45000 6.27500 87.64423 0.10456 13
1.86492 -0.13032 69.50417 0 3.95000 -57.92500 33.06031 0.21351 -13
0.51821 -0.17933 8.88425 0 5.35000 -17.10000 7.91446 0.11481 13
-0.15788 -0.09479 56.23251 0 2.85000 4.42500 55.55056 0.10240 13
0.02096 -0.10588 80.63845 0 3.20000 -1.72500 80.62093 0.10129 -13
-1.36356 -0.19876 80.37573 0 5.97500 41.20000 48.13157 0.17145 13
-1.04357 -0.24694 54.47995 0 7.42500 32.37500 38.27056 0.14765 13
-0.59709 0.06708 75.49641 0 -2.02500 15.10000 64.85838 0.11748 -13
-0.18714 0.01180 88.51644 0 -0.35000 4.87500 87.00628 0.10246 13
-1.79514 0.09536 28.15899 0 -2.85000 54.25000 13.75086 0.20713 -13
-1.09652 -0.08891 18.17165 0 2.65000 33.75000 12.27185 0.14969 13
1.32080 -0.14459 93.13846 0 4.37500 -41.32500 56.58988 0.16747 -13
0.45627 -0.23146 7.46462 0 7.05000 -14.57500 6.82111 0.11319 -13
1.28467 0.10469 7.49303 0 -3.05000 -40.60000 4.61864 0.16421 -13
-0.29003 -0.03467 17.66564 0 1.02500 7.27500 16.96735 0.10491 13
-0.48632 0.00905 61.63746 0 -0.27500 13.65000 55.43061 0.11198 13
-1.31338 -0.15367 27.73884 0 4.67500 39.77500 16.92812 0.16698 -13
-0.07029 0.10319 19.84546 0 -3.10000 1.35000 19.79707 0.10148 -13
-0.31839 -0.08763 67.60937 0 2.62500 9.90000 64.44523 0.10605 13
-1.35677 -0.21155 71.32135 0 6.37500 39.72500 42.91471 0.17105 13
-0.21757 0.06240 88.67492 0 -1.90000 4.65000 86.65528 0.10325 13
0.32725 -0.12226 83.69209 0 3.70000 -8.87500 79.59773 0.10667 -13
-1.05272 -0.22190 56.97104 0 6.67500 31.85000 39.73045 0.14790 13
-1.36704 -0.09654 68.53746 0 2.92500 43.20000 40.58701 0.17085 -13
-0.31769 -0.09264 55.07446 0 2.77500 10.40000 52.50997 0.10607 13
-1.46085 0.02073 56.57389 0 -0.60000 44.82500 31.96138 0.17828 -13
-0.89653 -0.01590 99.27509 0 0.47500 25.02500 73.92207 0.13525 -13
-0.52413 -0.11529 92.48606 0 3.47500 14.02500 82.03257 0.11429 -13
0.15129 -0.14745 2.47878 0 4.65000 -5.20000 2.45139 0.10313 -13
-0.15689 0.02816 37.03429 0 -0.82500 5.80000 36.58719 0.10197 -13
1.27897 0.01894 92.96102 0 -0.57500 -37.50000 57.26601 0.16350 -13
1.29407 -0.17899 10.85653 0 5.47500 -39.42500 6.70433 0.16574 -13
0.99877 -0.01017 79.60148 0 0.32500 -29.20000 56.32292 0.14233 -13
-0.64363 -0.00494 79.39554 0 0.15000 21.02500 66.76269 0.11976 -13
0.20554 0.12646 66.71464 0 -3.82500 -7.42500 65.36935 0.10360 13
0.21141 -0.27344 66.71464 0 8.25000 -7.60000 65.36935 0.10654 13
-0.93627 -0.20255 54.51159 0 6.12500 27.70000 40.16416 0.13946 -13
1.93171 -0.06166 87.12683 0 1.85000 -56.40000 40.11494 0.21913 13
-0.53517 -0.18459 36.26577 0 5.57500 16.85000 32.09244 0.11573 -13
0.23644 0.09757 3.95372 0 -3.07500 -8.82500 3.84847 0.10403 13
-0.21995 -0.07696 40.51649 0 2.32500 8.22500 39.57585 0.10341 -13
-0.38813 -0.15363 62.14048 0 4.62500 9.77500 58.01738 0.10912 13
1.69203 -0.01797 50.47385 0 0.55000 -50.25000 25.68342 0.19784 -13
-41.70930 1.48762 50.47385 0 0.55000 -50.42500 25.68342 0.19831 -13
-1.86510 0.55486 50.47385 0 1.10000 -52.50000 25.68342 0.20642 -13
0.49111 -1.08707 50.47385 0 -0.72500 -53.42500 25.68342 0.22273 -13
-1.27792 1.69664 50.47385 0 0.15000 -53.67500 25.68342 0.22628 -13
0.28699 -0.37696 50.47385 0 0.15000 -54.30000 25.68342 0.22907 -13
0.02421 0.63689 50.47385 0 0.97500 -54.37500 25.68342 0.23633 -13
0.10432 0.13445 97.06512 0 -4.05000 -3.15000 96.55044 0.10215 -13
0.10696 -0.26499 97.06512 0 8.00000 -3.22500 96.55044 0.10474 -13
0.93163 0.09606 75.32265 0 -2.90000 -27.02500 55.22964 0.13797 13
-1.01476 0.10042 95.84146 0 -3.02500 30.20000 67.44355 0.14383 13
-0.14890 0.04987 24.31059 0 -1.47500 4.45000 24.04612 0.10193 -13
0.90337 0.10275 91.95415 0 -3.10000 -27.95000 68.39498 0.13610 -13
2.03523 -0.05328 2.85659 0 1.97500 -62.40000 1.26083 0.22881 -13
0.59075 -0.13838 95.72875 0 4.17500 -16.45000 82.62227 0.11779 13
0.53116 -0.09192 7.53523 0 2.85000 -16.80000 6.66078 0.11444 -13
0.71567 -0.24447 13.65897 0 7.32500 -22.20000 11.21503 0.12622 13
-1.54113 -0.02288 72.00361 0 0.67500 47.60000 39.20014 0.18501 13
0.90933 0.00763 51.39788 0 -0.22500 -25.70000 38.02755 0.13611 -13
-0.73214 -0.14620 71.15976 0 4.42500 19.15000 57.62702 0.12567 -13
-0.68395 -0.18642 60.59980 0 5.62500 21.22500 50.28872 0.12345 -13
-0.08934 -0.08108 36.10050 0 2.42500 4.72500 35.95825 0.10143 13
-1.92634 0.13055 83.48128 0 -3.95000 60.60000 38.71897 0.21898 13
-1.97811 -0.26914 83.48128 0 8.10000 62.15000 38.71897 0.22483 13
-0.39925 -0.10451 30.68536 0 3.17500 13.75000 28.51902 0.10895 -13
0.50418 -0.15505 23.10233 0 4.65000 -14.20000 20.67801 0.11385 13
-0.91809 -0.08094 19.38936 0 2.47500 25.80000 14.30434 0.13696 -13
1.36873 0.05556 33.25744 0 -1.70000 -41.25000 19.63896 0.17080 13
-1.06940 -0.01947 83.43588 0 0.60000 28.92500 56.99311 0.14745 -13
-0.29803 -0.09743 46.66526 0 2.95000 8.72500 44.73868 0.10554 -13
0.32580 -0.20046 84.89031 0 6.05000 -8.40000 80.86442 0.10782 13
2.64768 0.63864 84.89031 0 6.02500 -8.47500 80.86442 0.10795 13
-1.92016 -1.09141 84.89031 0 6.62500 -12.47500 80.86442 0.12423 13
0.74776 -0.26455 84.89031 0 4.77500 -12.95000 80.86442 0.13608 13
-1.33366 -0.33457 84.89031 0 5.95000 -14.75000 80.86442 0.14636 13
1.37898 4.16957 84.89031 0 5.37500 -14.12500 80.86442 0.15447 13
-2.11551 0.00928 54.28098 0 -0.30000 64.57500 23.19848 0.23564 13
2.02777 0.06245 33.06024 0 -1.85000 -58.05000 14.64495 0.22776 -13
-0.94771 -0.05233 10.20488 0 1.65000 26.55000 7.41161 0.13888 -13
0.43656 -0.06436 6.93547 0 1.87500 -11.67500 6.35843 0.11006 13
-0.18083 -0.14127 43.98636 0 4.27500 6.72500 43.29778 0.10333 -13
-0.18720 -0.08176 81.27445 0 2.47500 4.07500 79.89571 0.10278 -13
1.46696 -0.04946 60.49777 0 1.50000 -45.20000 34.10471 0.17886 -13
0.31204 0.12029 90.63166 0 -3.62500 -9.35000 86.57228 0.10618 -13
0.32171 -0.27996 90.63166 0 8.45000 -9.65000 86.57228 0.10948 -13
-0.25264 -0.20713 13.64594 0 6.30000 8.82500 13.24657 0.10597 -13
-0.02632 0.05267 76.59522 0 -1.57500 0.80000 76.56877 0.10088 -13
0.38752 -0.19270 38.55337 0 5.80000 -12.12500 36.03292 0.10972 13
-1.15567 -0.15120 16.68377 0 4.52500 35.12500 10.98756 0.15462 13
0.68562 -0.16773 64.00656 0 5.07500 -19.85000 53.02306 0.12327 -13
-0.35939 -0.20624 2.82863 0 6.02500 11.97500 2.66807 0.10895 13
-0.47956 0.06270 23.86840 0 -1.92500 12.10000 21.52936 0.11187 13
1.19116 0.10975 44.28503 0 -3.30000 -36.57500 28.57374 0.15700 -13
-0.19441 0.07953 67.61831 0 -2.40000 5.60000 66.38312 0.10290 13
-0.56686 0.02810 76.55272 0 -0.85000 18.32500 66.60342 0.11579 13
-1.07255 -0.24614 56.46352 0 7.42500 32.92500 39.10686 0.14975 -13
-1.34619 -0.08293 5.21779 0 2.35000 41.70000 3.11843 0.16904 13
-0.51389 0.07430 77.45256 0 -2.25000 13.57500 68.92843 0.11347 13
0.21796 -0.16353 8.24031 0 4.87500 -6.47500 8.05605 0.10435 13
0.35591 0.06057 70.63526 0 -1.82500 -9.52500 66.55996 0.10707 13
-0.08891 -0.17402 5.30180 0 5.35000 2.45000 5.28153 0.10268 -13
0.88466 -0.02963 89.47515 0 0.87500 -25.65000 67.02813 0.13449 13
-0.29568 -0.17385 62.77322 0 5.25000 7.37500 60.26788 0.10646 13
0.41409 0.10347 92.31223 0 -3.12500 -11.95000 85.35499 0.10949 13
-1.68981 0.08370 22.27925 0 -2.57500 51.77500 11.37631 0.19793 13
0.32577 -0.07240 83.45139 0 2.20000 -12.27500 79.36701 0.10616 -13
-0.37284 -0.00638 53.57861 0 0.20000 12.05000 50.20307 0.10748 -13
-1.96707 0.09275 49.66773 0 -2.77500 59.00000 22.58444 0.22240 -13
0.92118 -0.20189 4.98330 0 6.22500 -29.70000 3.69848 0.13857 -13
0.62652 -0.04417 55.78723 0 1.32500 -18.70000 47.28811 0.11891 13
0.44611 -0.06847 47.81696 0 2.05000 -13.50000 43.68571 0.11048 13
0.47736 -0.11810 50.07073 0 3.57500 -15.30000 45.24393 0.11222 -13
-1.54264 -0.21783 95.24256 0 6.55000 47.22500 52.65394 0.18642 13
-1.12762 -0.19189 59.19840 0 5.80000 34.75000 39.67398 0.15302 -13
0.24339 0.10208 52.19751 0 -3.07500 -9.65000 50.73179 0.10415 -13
0.83466 0.07466 39.49011 0 -2.27500 -25.15000 30.35178 0.13139 13
-0.74093 -0.22562 73.60405 0 6.80000 23.05000 59.65439 0.12737 13
1.31329 0.01234 32.81183 0 -0.40000 -40.05000 19.87877 0.16623 13
1.06477 -0.02298 55.08300 0 0.67500 -30.65000 37.71493 0.14711 13
0.13048 0.08776 50.48576 0 -2.65000 0.17500 50.06458 0.10194 -13
-0.03284 -0.01215 19.79335 0 0.40000 3.00000 19.78270 0.10077 -13
0.22830 -1.53583 19.79335 0 0.72500 -5.77500 19.78270 0.21093 -13
-1.26988 0.06970 22.59856 0 -2.07500 39.10000 14.00227 0.16291 -13
0.07453 -0.17025 77.96818 0 5.15000 -2.22500 77.75856 0.10243 -13
-0.65565 0.11415 21.29611 0 -3.42500 22.75000 17.84393 0.12095 -13
0.08475 -0.04588 12.05186 0 1.42500 -3.95000 12.00891 0.10118 -13
-1.14586 -0.23073 41.94462 0 6.97500 35.70000 27.98403 0.15493 -13
-1.04803 -0.16780 16.23375 0 5.02500 31.37500 11.28840 0.14681 13
0.06720 -0.05124 29.23971 0 1.52500 -2.50000 29.17408 0.10106 13
0.52583 0.12675 75.86365 0 -3.82500 -16.25000 67.26170 0.11449 -13
0.54077 -0.27312 75.86365 0 8.25000 -16.70000 67.26170 0.11775 -13
0.48451 -0.16072 78.89880 0 4.85000 -14.52500 71.17408 0.11306 13
-0.37342 -0.14160 97.36202 0 4.27500 9.45000 91.32026 0.10844 -13
-0.94430 -0.12605 16.24555 0 3.75000 27.40000 11.85605 0.13906 13
1.66703 0.03442 20.88055 0 -1.00000 -50.57500 10.74639 0.19577 -13
-0.10394 -0.15102 66.86717 0 4.55000 3.52500 66.51685 0.10238 -13
0.72475 -0.12302 11.03324 0 3.65000 -18.15000 8.95691 0.12496 13
-1.57779 -0.04715 46.86638 0 1.40000 47.62500 25.10875 0.18817 13
2.04371 -0.22179 64.02885 0 6.70000 -60.35000 28.68919 0.23024 -13
-0.08876 0.10468 55.85354 0 -3.17500 3.72500 55.63715 0.10165 13
0.09631 -0.10514 77.81742 0 3.17500 -2.15000 77.46295 0.10172 13
-1.31898 -0.20338 13.16053 0 6.20000 39.50000 8.05319 0.16801 -13
-0.43640 0.03452 87.12335 0 -1.05000 11.77500 79.85855 0.10993 13
-0.79853 -0.24779 36.15669 0 7.50000 24.40000 28.57780 0.13128 -13
-0.61972 -0.17933 69.18782 0 5.40000 20.10000 59.06624 0.11983 13
0.58597 -0.04713 66.05914 0 1.42500 -16.30000 57.01124 0.11682 -13
-0.05094 -0.23197 55.57185 0 7.00000 -0.50000 55.50356 0.10351 -13
0.16378 0.00280 14.90935 0 -0.12500 -4.67500 14.71328 0.10205 13
-0.25802 -0.21253 75.79421 0 6.40000 5.45000 73.48972 0.10618 13
0.03590 -0.23152 51.48891 0 6.97500 -0.32500 51.45747 0.10342 13
-0.06782 -0.14156 70.75737 0 4.27500 2.75000 70.59840 0.10195 -13
-1.52299 -0.03762 91.30844 0 1.15000 46.97500 50.14060 0.18352 -13
0.40144 -0.07268 97.12824 0 2.20000 -11.30000 90.16950 0.10876 -13
-1.09666 -0.20374 23.38260 0 6.17500 31.40000 15.92862 0.15090 -13
-1.21856 -0.14913 32.12722 0 4.47500 34.95000 20.51448 0.15943 13
-0.42091 -0.19733 28.41382 0 5.92500 9.15000 26.26261 0.11104 13
1.11568 0.12468 7.58507 0 -3.85000 -31.52500 5.08340 0.15150 13
1.14812 -0.27544 7.58507 0 8.20000 -32.47500 5.08340 0.15574 13
0.77669 -0.15222 72.51342 0 4.60000 -21.72500 57.51421 0.12843 -13
0.41480 -0.13981 41.39458 0 4.22500 -13.77500 38.28968 0.10993 -13
-1.93157 -0.18766 95.62183 0 5.65000 59.35000 44.56462 0.21983 13
-1.23841 0.08859 86.12036 0 -2.67500 33.07500 54.23236 0.16054 13
0.16919 -0.22360 47.75503 0 6.72500 -5.22500 47.11711 0.10458 13
-0.35030 0.02371 30.25918 0 -0.72500 12.47500 28.55858 0.10674 13
-0.10444 0.01408 20.55638 0 -0.40000 4.67500 20.44519 0.10126 -13
-0.93432 -0.23810 54.07972 0 7.20000 28.07500 40.01955 0.13990 -13
-1.85425 0.03791 27.63440 0 -1.10000 57.12500 13.12447 0.21218 -13
1.12000 0.06134 31.23884 0 -1.87500 -35.12500 20.82725 0.15134 13
0.34233 -0.02599 13.81485 0 0.82500 -10.77500 13.07072 0.10648 -13
0.00597 -0.03151 75.46604 0 0.95000 1.40000 75.46470 0.10075 13
0.92335 -0.17409 92.21755 0 5.25000 -29.92500 68.21561 0.13818 13
0.88072 -0.08222 86.65734 0 2.47500 -27.82500 65.12757 0.13445 13
-0.21383 -0.12006 41.24052 0 3.62500 5.65000 40.34151 0.10369 -13
1.50829 -0.15683 6.53921 0 4.87500 -43.57500 3.64443 0.18306 -13
-1.41377 -0.19728 75.25351 0 5.95000 41.85000 44.01032 0.17550 13
0.44094 -0.02318 52.85046 0 0.70000 -14.15000 48.35988 0.11008 -13
-1.12339 -0.16071 69.86118 0 4.85000 33.95000 46.78034 0.15233 -13
-0.33726 -0.01125 27.03430 0 0.32500 9.37500 25.61686 0.10628 13
-0.37087 -0.02596 30.44459 0 0.77500 10.72500 28.54596 0.10743 13
1.14976 0.06243 62.03609 0 -1.90000 -36.70000 40.75747 0.15358 13
-0.06882 0.12800 70.78651 0 -3.85000 1.77500 70.62217 0.10176 -13
-0.07073 -0.27178 70.78651 0 8.20000 1.82500 70.62217 0.10461 -13
1.79229 -0.04203 53.94221 0 1.25000 -53.47500 26.29994 0.20672 13
0.62974 -0.00267 56.64803 0 0.10000 -20.10000 47.93498 0.11901 -13
0.00242 -0.19460 92.11064 0 5.87500 1.62500 92.11038 0.10260 -13
-1.51339 -0.05244 97.75388 0 1.60000 48.52500 53.94228 0.18275 -13
-0.31673 0.12100 24.14036 0 -3.62500 8.77500 23.02874 0.10633 -13
-0.32646 -0.27916 24.14036 0 8.45000 9.07500 23.02874 0.10963 -13
0.72923 0.14471 79.88013 0 -4.35000 -22.27500 64.77322 0.12548 -13
0.74468 -0.25425 79.88013 0 7.67500 -22.75000 64.77322 0.12815 -13
-1.33168 0.02373 74.97740 0 -0.72500 40.05000 45.03032 0.16772 13
1.56125 -0.05244 40.47566 0 1.55000 -47.80000 21.85264 0.18676 13
1.97991 -2.09778 40.47566 0 1.57500 -47.82500 21.85264 0.18680 13
-1.26603 1.28668 40.47566 0 2.52500 -48.77500 21.85264 0.19187 13
15.15783 101.97294 40.47566 0 2.15000 -48.17500 21.85264 0.21542 13
1.90904 -1.42492 40.47566 0 1.37500 -50.07500 21.85264 0.22821 13
-0.73023 0.82224 40.47566 0 1.82500 -50.50000 21.85264 0.23078 13
-0.22912 -0.09262 95.31431 0 2.80000 5.90000 92.92612 0.10373 13
0.81465 -0.19138 1.26185 0 6.27500 -24.95000 0.98551 0.13217 -13
1.18647 0.04618 3.00355 0 -1.15000 -34.92500 1.93688 0.15637 -13
-0.83891 0.08242 85.66660 0 -2.50000 24.97500 65.72241 0.13171 13
0.07972 0.11710 63.37426 0 -3.55000 -2.05000 63.17650 0.10171 13
0.19715 0.09187 5.55616 0 -2.67500 -8.00000 5.45214 0.10305 -13
0.31491 0.01318 48.12573 0 -0.37500 -10.77500 45.90383 0.10559 -13
0.93973 0.08716 1.02235 0 -3.32500 -31.90000 0.74618 0.13955 13
-1.80111 -0.09415 76.82783 0 2.82500 55.07500 37.41972 0.20766 13
0.78364 -0.11766 94.22245 0 3.55000 -23.75000 74.35668 0.12849 -13
-0.53237 0.11364 88.12830 0 -3.42500 17.20000 77.90108 0.11466 -13
-0.93992 0.05254 96.55840 0 -1.57500 27.12500 70.40341 0.13830 -13
-0.38951 -0.00129 61.99149 0 0.02500 10.17500 57.76426 0.10807 13
-0.13090 0.04124 54.71435 0 -1.22500 4.82500 54.25239 0.10164 -13
-0.07766 -0.05999 84.72944 0 1.82500 3.77500 84.47598 0.10119 -13
-1.07430 0.06496 82.00761 0 -1.97500 32.15000 55.93742 0.14795 13
0.71999 -0.22736 89.87937 0 6.87500 -23.20000 73.56070 0.12619 -13
