-1.20972 -0.10616 64.28879 0 3.20000 36.42500 41.09704 0.15841 13
0.27402 -0.06178 88.31361 0 1.87500 -8.57500 85.18530 0.10460 -13
-1.80810 0.06736 88.68821 0 -2.02500 53.62500 42.99792 0.20818 -13
0.46102 0.09072 47.11767 0 -2.72500 -16.60000 42.81932 0.11126 -13
-1.85591 -0.01962 67.45954 0 0.60000 58.60000 32.00340 0.21232 -13
-0.29478 0.08440 90.50846 0 -2.55000 10.17500 86.83940 0.10533 13
1.66718 -0.04622 54.86203 0 1.37500 -51.00000 28.24224 0.19582 13
-0.76434 -0.17725 80.24901 0 5.35000 24.75000 64.11946 0.12800 -13
-0.52910 -0.18670 83.65070 0 5.62500 16.70000 74.21269 0.11547 13
0.12852 -0.15072 95.99903 0 4.55000 -7.30000 95.23304 0.10266 13
1.05346 0.08684 42.99592 0 -2.65000 -31.90000 29.66153 0.14653 13
1.07268 -0.15410 81.06863 0 4.65000 -32.55000 55.62671 0.14850 -13
-0.09579 0.05830 16.92911 0 -1.72500 2.47500 16.85225 0.10133 -13
0.87076 -0.18326 6.70046 0 5.62500 -28.22500 5.08886 0.13490 -13
0.62927 -0.02739 56.25562 0 0.82500 -16.62500 47.61802 0.11901 13
-0.03798 0.02423 41.32174 0 -0.72500 0.37500 41.29199 0.10080 -13
-0.85954 0.01710 63.32734 0 -0.52500 23.95000 48.02812 0.13280 13
1.88314 -0.02951 22.34636 0 0.92500 -58.02500 10.48347 0.21476 -13
0.40605 -0.21104 95.37778 0 6.35000 -10.32500 88.63832 0.11074 13
-0.75271 -0.04156 37.57700 0 1.27500 23.00000 30.03176 0.12612 -13
-1.29793 0.05463 15.36418 0 -1.60000 39.55000 9.38613 0.16508 -13
-1.78121 0.10897 51.24884 0 -3.27500 51.60000 25.20205 0.20598 -13
0.05513 0.06632 23.88933 0 -2.02500 -0.27500 23.85324 0.10109 13
0.47604 -0.11476 27.26196 0 3.47500 -15.52500 24.64453 0.11214 -13
-0.00222 -0.02439 64.75195 0 0.72500 0.57500 64.75179 0.10073 13
0.76510 0.07730 49.50248 0 -2.32500 -24.62500 39.35805 0.12703 -13
1.12466 0.06569 36.87146 0 -2.00000 -33.45000 24.52985 0.15170 13
0.84400 -0.04879 49.22999 0 1.45000 -25.30000 37.64012 0.13187 13
-0.44071 -0.08829 88.72477 0 2.67500 11.50000 81.24124 0.11041 -13
-1.22262 0.04491 41.03091 0 -1.32500 35.05000 25.99301 0.15912 -13
-0.45729 0.13734 23.18256 0 -4.12500 14.40000 21.11665 0.11158 -13
-0.46830 -0.26194 23.18256 0 7.92500 14.72500 21.11665 0.11431 -13
-1.93007 -0.03868 57.62176 0 1.15000 56.27500 26.52434 0.21893 13
-0.08222 -0.02022 40.40474 0 0.60000 1.72500 40.26892 0.10106 13
-1.86055 0.08721 44.15995 0 -2.60000 55.45000 20.96740 0.21289 -13
0.43801 -0.09082 27.36541 0 2.72500 -14.17500 25.08300 0.11031 13
-0.73825 -0.07548 78.50509 0 2.27500 22.40000 63.22112 0.12530 13
4.23789 0.24267 78.50509 0 2.27500 22.47500 63.22112 0.12549 13
-0.43133 -0.23954 65.61872 0 7.22500 15.02500 60.51076 0.11230 -13
-0.86528 -0.21448 65.97764 0 6.47500 27.15000 50.36987 0.13491 -13
-0.47686 0.06364 95.70989 0 -1.92500 14.05000 86.42243 0.11175 13
-0.08391 -0.16441 48.98875 0 4.95000 1.75000 48.82168 0.10240 13
1.74683 -0.10652 97.27156 0 3.20000 -53.52500 48.53238 0.20297 13
-0.24852 -0.05993 80.30995 0 1.80000 8.70000 77.94718 0.10394 13
0.93989 -0.03305 58.25353 0 0.97500 -28.72500 42.45886 0.13824 13
1.06185 -0.19444 19.43627 0 5.90000 -31.45000 13.45561 0.14822 -13
1.85718 0.07812 16.19912 0 -2.42500 -56.60000 7.69715 0.21262 13
-0.71702 -0.01020 1.20261 0 -0.17500 21.07500 0.97740 0.12440 13
-0.61373 0.05564 91.55012 0 -1.67500 20.52500 78.05980 0.11829 13
-0.42859 0.08528 66.85284 0 -2.57500 11.92500 61.48143 0.10990 13
1.18806 -0.02627 1.67337 0 1.25000 -34.30000 1.07769 0.15681 -13
-1.85355 -0.05730 95.27725 0 1.75000 57.70000 45.29628 0.21218 -13
2.13352 0.00023 93.36455 0 -0.00000 -64.30000 39.62428 0.23728 -13
1.63324 -0.00924 16.58168 0 0.22500 -47.50000 8.65886 0.19286 13
1.33237 -0.10750 80.69758 0 3.25000 -41.32500 48.61826 0.16811 -13
0.35491 -0.16936 67.62593 0 5.12500 -8.45000 63.83071 0.10821 -13
0.64281 -0.01836 23.45931 0 0.57500 -19.50000 19.73484 0.11973 -13
-0.63986 -0.21965 12.68317 0 6.57500 20.00000 10.75547 0.12154 13
-0.26599 -0.09069 55.56035 0 2.72500 7.52500 53.70785 0.10460 13
0.79467 0.07640 22.71637 0 -2.32500 -25.52500 17.80446 0.12887 13
2.05034 -0.06782 45.45784 0 2.07500 -62.32500 19.96321 0.22986 -13
-0.84138 -0.19458 42.26134 0 5.85000 26.22500 32.58489 0.13305 13
0.14360 -0.04039 83.48798 0 1.22500 -6.15000 82.64162 0.10182 -13
0.59252 -0.08152 56.98603 0 2.45000 -18.27500 49.06816 0.11733 13
-0.06520 -0.21442 53.99334 0 6.45000 3.35000 53.88396 0.10319 13
0.82032 0.01594 92.59480 0 -0.50000 -23.15000 71.59326 0.13026 13
0.63381 -0.24189 5.95912 0 7.20000 -22.30000 5.07388 0.12161 13
1.06124 -0.04719 18.72782 0 1.37500 -33.02500 12.85077 0.14692 13
-0.05056 0.03882 31.53360 0 -1.20000 -0.70000 31.49342 0.10091 13
1.20757 -0.00720 87.37434 0 0.20000 -35.65000 55.72916 0.15789 13
-1.63176 0.10631 34.13310 0 -3.17500 50.15000 17.90811 0.19302 -13
0.02209 0.06421 29.47808 0 -1.92500 0.52500 29.47093 0.10093 -13
0.81939 0.07937 33.22784 0 -2.42500 -21.82500 25.73357 0.13045 13
-0.33394 -0.00641 42.06509 0 0.20000 10.10000 39.89924 0.10617 -13
0.77372 -0.01692 48.16210 0 0.52500 -21.77500 38.09393 0.12734 -13
-0.00564 -0.00223 48.35170 0 0.05000 0.27500 48.35093 0.10071 13
-0.69843 -0.10113 38.09966 0 3.07500 20.37500 31.28720 0.12327 -13
0.44886 -0.18171 85.04747 0 5.50000 -12.80000 77.79863 0.11190 -13
-0.37504 0.12050 43.26245 0 -3.65000 8.67500 40.54277 0.10824 13
-0.38664 -0.27987 43.26245 0 8.42500 9.02500 40.54277 0.11157 13
-1.77679 -0.17147 63.41859 0 5.15000 53.25000 31.44834 0.20602 13
0.49984 0.02236 74.33658 0 -0.67500 -17.85000 66.49633 0.11260 -13
-0.43834 0.06417 65.24739 0 -1.92500 12.05000 59.77864 0.11014 -13
-2.04939 -0.04301 50.88267 0 1.27500 63.32500 22.33002 0.22967 13
-0.95124 -0.11651 69.41836 0 3.50000 25.70000 50.45771 0.13948 13
0.98995 -0.00489 34.52714 0 0.12500 -30.07500 24.53763 0.14170 13
-0.18904 -0.05191 16.83351 0 1.60000 3.70000 16.54127 0.10263 -13
-0.25006 0.05957 72.69051 0 -1.80000 7.50000 70.52650 0.10398 -13
0.64425 0.13309 32.09306 0 -4.00000 -17.57500 27.04787 0.12053 -13
0.66091 -0.26643 32.09306 0 8.05000 -18.10000 27.04787 0.12367 -13
1.44721 -0.01626 69.68599 0 0.47500 -43.77500 39.61821 0.17716 13
0.39931 -0.11865 5.54920 0 3.67500 -11.67500 5.15856 0.10915 -13
0.19885 -0.01879 68.17580 0 0.55000 -8.05000 66.86684 0.10269 13
0.44999 -0.24490 86.63698 0 7.40000 -13.27500 79.38566 0.11316 -13
-0.01320 -0.23878 3.71711 0 7.35000 1.07500 3.71680 0.10370 -13
1.04155 -0.14310 57.71451 0 4.30000 -31.82500 40.18136 0.14611 13
-0.43110 -0.13616 80.59507 0 4.12500 11.67500 74.11627 0.11052 -13
-0.28555 -0.24955 43.30358 0 7.52500 9.65000 41.73150 0.10769 13
-0.04466 -0.09000 22.83690 0 2.72500 0.37500 22.81435 0.10122 -13
-0.04567 -0.18825 1.58010 0 5.37500 2.75000 1.57850 0.10262 13
1.93406 0.02709 27.20955 0 -0.77500 -60.80000 12.50063 0.21927 -13
0.46225 0.07714 20.84653 0 -2.30000 -15.15000 18.93255 0.11121 -13
-0.19705 0.11587 9.91195 0 -3.45000 6.85000 9.72734 0.10329 -13
-0.06526 -0.19367 99.58789 0 5.82500 3.95000 99.38413 0.10278 13
-1.50839 0.05671 59.10272 0 -1.72500 48.02500 32.69455 0.18234 13
0.25822 0.07699 97.36143 0 -2.32500 -7.12500 94.28669 0.10429 13
-0.58004 -0.09834 7.47177 0 3.05000 18.35000 6.47061 0.11689 -13
0.19965 -0.23625 21.69656 0 7.15000 -4.25000 21.29832 0.10543 -13
0.45800 0.08786 83.71496 0 -2.65000 -13.90000 76.16242 0.11112 -13
-0.07596 -0.19855 41.31172 0 6.00000 3.75000 41.19754 0.10296 -13
-0.29247 -0.12557 74.26997 0 3.77500 9.30000 71.32714 0.10568 13
1.83942 0.05437 30.85803 0 -1.60000 -54.55000 14.75526 0.21090 -13
0.16889 -0.11453 70.56005 0 3.45000 -5.07500 69.58720 0.10277 13
0.76826 -0.19665 44.05395 0 5.95000 -22.57500 35.17810 0.12854 -13
-0.42299 0.08916 38.05591 0 -2.70000 10.87500 35.07022 0.10971 13
-0.11751 0.05016 52.67071 0 -1.52500 3.67500 52.31168 0.10153 13
-1.41973 -0.08991 20.46899 0 2.67500 44.70000 11.81908 0.17509 13
0.86943 -0.23545 27.61489 0 7.07500 -27.77500 21.07919 0.13551 13
-0.83148 -0.19771 58.02068 0 5.97500 26.97500 44.96043 0.13248 -13
-0.17507 0.00142 13.55136 0 -0.07500 4.42500 13.34834 0.10224 13
0.97964 -0.23216 35.73348 0 6.97500 -29.87500 25.85240 0.14287 13
-0.30396 -0.03888 4.53479 0 1.05000 8.17500 4.33911 0.10534 13
0.05494 -0.10245 41.44842 0 3.10000 -0.82500 41.38667 0.10139 -13
0.08610 0.14174 77.40405 0 -4.27500 -3.75000 77.12428 0.10208 -13
0.08802 -0.25735 77.40405 0 7.77500 -3.80000 77.12428 0.10437 -13
2.01773 0.13904 50.17219 0 -4.22500 -59.57500 22.45089 0.22724 13
2.06506 -0.26020 50.17219 0 7.82500 -61.00000 22.45089 0.23250 13
-0.97283 -0.06336 89.63338 0 1.92500 31.97500 64.30972 0.14064 -13
0.52976 -0.14049 3.18569 0 4.40000 -16.92500 2.82152 0.11497 -13
-1.69877 0.05097 34.23028 0 -1.50000 52.12500 17.38160 0.19857 -13
-1.78215 0.14294 84.61532 0 -4.30000 53.00000 41.72570 0.20628 -13
-1.82127 -0.25610 84.61532 0 7.72500 54.20000 41.72570 0.21082 -13
-0.60595 -0.21697 6.36614 0 6.62500 19.27500 5.47742 0.11986 -13
1.04487 -0.22188 30.23977 0 6.72500 -33.40000 21.16851 0.14739 -13
1.96715 -0.14497 13.11115 0 4.45000 -60.22500 5.99043 0.22280 -13
0.03724 -0.03342 97.33791 0 1.02500 -0.90000 97.27058 0.10083 -13
-1.33568 0.03579 11.60830 0 -1.15000 41.35000 6.95987 0.16809 13
0.81285 0.09105 31.54569 0 -2.72500 -24.32500 24.51895 0.13009 -13
-0.15584 -0.24647 23.54901 0 7.40000 3.07500 23.28399 0.10488 13
1.26833 -0.00128 87.33965 0 0.02500 -40.00000 54.07603 0.16265 13
0.24543 0.08427 85.54858 0 -2.55000 -7.72500 83.09949 0.10404 13
-0.34606 -0.23078 10.55446 0 6.90000 8.92500 10.00101 0.10904 13
0.76056 -0.23134 2.30918 0 7.25000 -22.65000 1.85554 0.12902 -13
0.41973 -0.17515 40.88446 0 5.30000 -11.35000 37.78278 0.11064 -13
1.28384 0.09058 65.52404 0 -2.72500 -39.15000 40.36724 0.16413 -13
0.17315 0.05793 20.01796 0 -1.77500 -4.15000 19.72541 0.10237 13
0.44727 -0.07010 91.69559 0 2.12500 -13.57500 83.73867 0.11054 -13
-0.66179 -0.18038 71.83013 0 5.42500 23.00000 60.19007 0.12211 13
0.57363 -0.01328 22.61970 0 0.42500 -15.57500 19.62121 0.11610 -13
0.12177 -0.14182 7.56090 0 4.35000 -1.82500 7.50660 0.10249 -13
-0.20721 -0.06118 21.10037 0 1.87500 6.82500 20.66320 0.10303 -13
-0.41599 -0.03317 46.70109 0 1.00000 12.05000 43.12242 0.10912 13
0.29372 0.08930 49.88334 0 -2.67500 -9.20000 47.87673 0.10534 -13
0.69925 -0.18861 31.13595 0 5.67500 -21.02500 25.66177 0.12433 13
-1.90890 -0.09669 91.29222 0 2.90000 56.90000 42.51891 0.21721 13
-0.12342 -0.16852 76.62188 0 5.10000 4.77500 76.06060 0.10288 -13
0.19391 0.13414 48.58243 0 -4.05000 -6.17500 47.70913 0.10346 13
0.19886 -0.26534 48.58243 0 8.00000 -6.32500 47.70913 0.10608 13
-1.76016 -0.14031 48.12347 0 4.25000 52.65000 23.94688 0.20437 -13
1.16854 -0.20974 39.44604 0 6.30000 -33.75000 25.96571 0.15629 13
0.01501 0.05308 66.88194 0 -1.60000 -2.45000 66.87443 0.10086 13
0.16259 -0.12473 22.59622 0 3.77500 -4.92500 22.30766 0.10281 -13
0.22649 0.03554 39.58294 0 -1.05000 -4.27500 38.60642 0.10332 -13
1.41747 -0.10997 55.99618 0 3.30000 -40.77500 32.40919 0.17504 13
-1.40932 0.08320 35.42241 0 -2.52500 44.07500 20.54517 0.17424 13
1.19650 -0.14279 47.27200 0 4.32500 -37.17500 30.49491 0.15770 -13
0.08384 -0.18994 38.52711 0 5.75000 -2.07500 38.39705 0.10286 -13
0.51340 -0.00677 17.13484 0 0.17500 -14.92500 15.24345 0.11320 13
-1.98469 -0.00328 37.82268 0 0.12500 58.67500 17.01847 0.22381 -13
0.58759 0.10766 10.93012 0 -3.20000 -20.20000 9.43748 0.11729 -13
1.92494 -0.00859 43.78079 0 0.27500 -57.42500 20.18392 0.21844 -13
-2.20585 -0.22111 68.13182 0 6.65000 64.72500 28.69013 0.24489 13
0.36292 -0.01196 80.02313 0 0.37500 -11.92500 75.22317 0.10713 -13
1.17249 0.05597 17.69395 0 -1.65000 -34.75000 11.49229 0.15527 -13
1.32532 -0.02565 84.59113 0 0.77500 -41.22500 50.96104 0.16721 -13
-0.32462 0.11119 31.93216 0 -3.35000 9.72500 30.38955 0.10646 -13
-0.06717 -0.24518 6.19127 0 7.30000 4.30000 6.17815 0.10386 13
0.04887 -0.16204 5.82486 0 4.80000 0.22500 5.81808 0.10211 13
-1.19217 -0.15257 3.57505 0 4.82500 37.60000 2.31289 0.15771 -13
0.19643 -0.00065 53.72389 0 0.02500 -6.00000 52.71655 0.10262 -13
0.49996 -0.11418 47.91419 0 3.45000 -18.80000 42.91165 0.11318 -13
1.37540 -0.20208 52.51627 0 6.07500 -41.90000 31.28682 0.17243 13
-1.45774 0.06234 33.27060 0 -1.85000 43.62500 18.84557 0.17812 -13
0.45064 -0.04582 5.61869 0 1.47500 -12.45000 5.12345 0.11059 -13
-0.06779 -0.08888 25.40320 0 2.65000 4.57500 25.34552 0.10133 13
-0.66070 -0.02712 80.14928 0 0.80000 19.02500 66.87925 0.12073 13
-0.35395 0.13468 76.27129 0 -4.07500 9.72500 71.97176 0.10768 13
-0.36285 -0.26476 76.27129 0 7.97500 10.00000 71.97176 0.11039 13
1.28749 -0.14184 27.30871 0 4.25000 -38.57500 16.85527 0.16476 13
1.51258 0.13379 63.26660 0 -4.02500 -46.12500 35.10640 0.18309 -13
1.55120 -0.26569 63.26660 0 8.02500 -47.30000 35.10640 0.18780 -13
0.91206 0.13331 16.68616 0 -3.97500 -25.72500 12.37731 0.13695 -13
0.93555 -0.26611 16.68616 0 8.07500 -26.45000 12.37731 0.14054 -13
0.87881 -0.11199 76.30105 0 3.37500 -25.65000 57.46870 0.13454 -13
0.24731 0.09587 81.55729 0 -2.90000 -6.45000 79.19262 0.10419 13
-0.20418 -0.21534 12.43651 0 6.52500 4.57500 12.19614 0.10507 -13
0.07990 -0.18278 68.44357 0 5.50000 -3.02500 68.23318 0.10268 13
0.43021 -0.13394 52.90073 0 4.02500 -11.57500 48.66179 0.11045 13
-0.74484 -0.17423 68.87192 0 5.25000 21.92500 55.52604 0.12678 13
-1.79005 0.10310 63.10709 0 -3.10000 54.65000 30.90161 0.20674 -13
-0.97039 0.08027 14.71435 0 -2.47500 31.00000 10.57597 0.14058 13
0.08362 0.03060 53.69355 0 -0.92500 -1.95000 53.50700 0.10110 -13
1.04138 0.01230 65.61169 0 -0.35000 -28.90000 45.44655 0.14540 -13
0.13804 -0.18909 68.25084 0 5.70000 -3.10000 67.63157 0.10342 13
0.19045 -0.07930 89.67829 0 2.37500 -5.17500 88.10451 0.10282 13
-1.24021 0.09923 82.69792 0 -3.00000 38.22500 52.06246 0.16075 13
0.09684 0.11609 36.56332 0 -3.50000 -0.50000 36.39528 0.10185 -13
-0.41503 -0.20977 59.96415 0 6.32500 12.55000 55.55579 0.11105 13
-0.38024 -0.10890 86.68007 0 3.27500 12.47500 81.08058 0.10829 13
-0.09423 0.09702 92.20954 0 -2.92500 1.22500 91.80668 0.10161 -13
0.76930 0.00905 34.19532 0 -0.25000 -22.82500 27.10350 0.12706 -13
-1.03269 0.06203 9.80324 0 -1.95000 32.77500 6.82629 0.14493 13
-0.42241 0.04289 93.70992 0 -1.30000 15.35000 86.33650 0.10940 -13
-0.16839 -0.07695 12.42473 0 2.27500 5.80000 12.25336 0.10241 13
1.28901 0.07604 34.86595 0 -2.27500 -38.47500 21.40964 0.16445 -13
-1.33635 -0.12860 91.34861 0 3.90000 41.27500 55.01753 0.16858 -13
-0.58617 -0.17772 28.81915 0 5.32500 17.52500 24.95990 0.11808 13
-0.81519 -0.14315 93.58436 0 4.32500 24.92500 72.82927 0.13072 -13
-1.35605 -0.23891 73.91500 0 7.20000 42.70000 44.65646 0.17136 13
2.18083 -0.24945 45.31516 0 7.50000 -64.92500 19.36276 0.24285 13
-0.53725 -0.12274 43.16166 0 3.72500 14.35000 38.08513 0.11499 -13
-0.69694 -0.13144 77.55390 0 3.95000 19.10000 63.80349 0.12345 13
0.66074 -0.00439 28.75165 0 0.12500 -18.97500 23.98831 0.12070 13
-1.54583 -0.20092 59.09290 0 6.05000 48.27500 32.54501 0.18648 13
-0.07549 0.14418 38.91164 0 -4.32500 1.02500 38.80346 0.10202 -13
-0.07711 -0.25480 38.91164 0 7.70000 1.07500 38.80346 0.10422 -13
-1.54940 -0.21848 43.57756 0 6.57500 46.72500 24.01993 0.18698 13
0.50052 -0.17479 79.60992 0 5.27500 -14.20000 71.40294 0.11398 -13
-0.85340 0.14011 56.80609 0 -4.22500 25.07500 43.38935 0.13314 13
-0.87308 -0.25910 56.80609 0 7.80000 25.65000 43.38935 0.13619 13
1.40179 -0.07995 15.28689 0 2.47500 -42.17500 8.89705 0.17361 -13
-0.56038 0.00887 7.24328 0 -0.20000 18.20000 6.31881 0.11545 -13
0.08924 -0.07704 21.94127 0 2.30000 -3.72500 21.85493 0.10140 13
0.90981 -0.03268 79.80147 0 0.97500 -29.87500 59.04110 0.13618 13
-0.56579 -0.17188 74.78328 0 5.17500 17.42500 65.31521 0.11699 13
-1.08867 -0.03366 90.57741 0 1.00000 34.60000 61.29241 0.14890 13
-0.56774 -0.12209 45.32012 0 3.70000 20.40000 39.48195 0.11646 -13
0.03608 0.02651 37.58906 0 -0.77500 -1.25000 37.56463 0.10080 -13
-0.37618 0.05349 37.34291 0 -1.62500 10.90000 34.95795 0.10773 13
-1.01200 -0.04191 81.62099 0 1.25000 33.32500 57.39504 0.14333 13
0.20162 -0.19713 10.70996 0 5.90000 -5.45000 10.50632 0.10460 13
1.41191 -0.11180 21.87042 0 3.32500 -43.35000 12.69313 0.17457 13
1.85471 -0.02547 61.43070 0 0.77500 -54.42500 29.16096 0.21221 -13
1.11976 -0.09408 88.31785 0 2.82500 -34.75000 58.97244 0.15148 13
-1.24613 0.01731 33.78923 0 -0.50000 38.87500 21.14998 0.16091 -13
1.13255 -0.06444 60.52522 0 1.95000 -33.02500 40.10713 0.15229 -13
-1.99141 -0.05452 47.06511 0 1.67500 59.12500 21.14571 0.22449 -13
0.08940 -0.04803 95.33401 0 1.45000 -4.22500 94.95613 0.10122 13
0.23709 -0.15257 93.62004 0 4.60000 -7.87500 91.14992 0.10463 -13
0.53382 0.14777 96.67527 0 -4.47500 -16.65000 85.48743 0.11512 13
0.54449 -0.25108 96.67527 0 7.57500 -16.95000 85.48743 0.11741 13
1.87933 0.00637 27.02497 0 -0.15000 -54.62500 12.69495 0.21438 -13
-1.78825 -0.18283 42.92341 0 5.55000 57.45000 21.21288 0.20717 -13
0.06257 -0.16695 55.30837 0 5.05000 -2.15000 55.20335 0.10230 -13
-0.44916 0.13211 25.66763 0 -4.00000 16.25000 23.44872 0.11120 13
-0.46092 -0.26747 25.66763 0 8.05000 16.60000 23.44872 0.11409 13
1.37714 0.06084 64.76113 0 -1.85000 -40.32500 38.09810 0.17150 13
-0.52872 -0.09500 5.23017 0 2.75000 13.32500 4.62864 0.11429 13
-0.19265 -0.02227 48.88445 0 0.65000 5.17500 48.00217 0.10258 13
-0.16046 -0.11643 99.20500 0 3.52500 5.97500 97.96833 0.10267 -13
-0.27128 -0.23158 79.16284 0 7.00000 10.72500 76.53502 0.10692 -13
1.44197 0.01069 42.26869 0 -0.35000 -41.17500 24.08888 0.17671 13
0.53534 0.02598 83.93746 0 -0.77500 -15.47500 74.00638 0.11426 -13
0.93573 0.11813 68.61543 0 -3.57500 -28.05000 50.26348 0.13843 13
0.96557 -0.28227 68.61543 0 8.50000 -28.92500 50.26348 0.14261 13
0.49917 0.03870 27.81271 0 -1.15000 -15.20000 24.88824 0.11262 -13
-0.05715 0.02811 52.73085 0 -0.85000 1.72500 52.64499 0.10091 13
-1.19327 0.04835 68.38036 0 -1.47500 37.50000 43.95097 0.15686 13
1.37889 -0.16921 13.56869 0 5.17500 -41.32500 8.04032 0.17242 -13
-1.09765 -0.15377 93.82382 0 4.65000 31.87500 63.58910 0.15033 -13
1.97896 -0.24525 38.95677 0 7.37500 -58.95000 17.98121 0.22459 13
-1.00272 -0.13195 69.64437 0 3.97500 32.47500 49.39213 0.14322 13
0.28490 0.13950 35.38433 0 -4.22500 -9.95000 34.05458 0.10566 13
0.29150 -0.25974 35.38433 0 7.82500 -10.15000 34.05458 0.10809 13
0.70142 -0.18217 65.15044 0 5.47500 -20.45000 53.62199 0.12436 13
0.10518 -0.23627 35.16544 0 7.15000 -1.32500 34.98268 0.10403 -13
-0.72655 0.10620 94.42230 0 -3.20000 21.57500 76.53626 0.12494 13
1.83675 -0.08940 25.76819 0 2.65000 -56.05000 12.35904 0.21078 13
0.81211 0.11822 14.97704 0 -3.52500 -23.47500 11.65824 0.13026 -13
-1.83511 -0.05326 60.68748 0 1.60000 53.67500 29.06999 0.21052 13
0.31739 0.04627 50.27157 0 -1.37500 -5.82500 47.92072 0.10575 -13
-1.42762 -0.04364 14.62280 0 1.37500 44.35000 8.39478 0.17560 -13
0.45756 0.08715 26.98322 0 -2.65000 -14.00000 24.55279 0.11110 13
-2.03104 -0.03972 41.26569 0 1.17500 63.05000 18.24022 0.22801 13
-0.81399 -0.18542 83.16144 0 5.60000 25.75000 64.92717 0.13119 -13
0.25719 0.09738 18.86351 0 -2.97500 -6.67500 18.27436 0.10445 13
0.37012 -0.22227 24.87547 0 6.72500 -9.90000 23.39523 0.10971 -13
-0.19067 -0.03378 94.65920 0 1.02500 4.12500 92.98587 0.10258 -13
-2.02493 0.02952 75.81866 0 -0.90000 61.45000 33.58337 0.22745 13
0.51666 0.02387 83.69317 0 -0.72500 -15.37500 74.35988 0.11337 13
-0.70258 0.09401 4.68166 0 -2.70000 23.00000 3.83657 0.12341 -13
0.30266 0.00246 92.77913 0 -0.07500 -11.25000 88.80107 0.10521 -13
0.85436 0.11043 8.16114 0 -3.40000 -25.00000 6.22071 0.13297 13
-0.10705 0.12845 89.02512 0 -3.87500 1.75000 88.52750 0.10210 -13
-0.11002 -0.27132 89.02512 0 8.20000 1.85000 88.52750 0.10494 -13
1.43289 -0.19850 80.29920 0 5.97500 -42.32500 46.55287 0.17708 13
-1.80519 -0.02475 19.14354 0 0.70000 54.12500 9.27854 0.20783 13
-0.30339 0.03873 41.07913 0 -1.17500 5.85000 39.31227 0.10531 13
-0.34227 0.06871 72.66948 0 -2.07500 8.70000 68.77084 0.10667 -13
1.21046 -0.12102 35.33865 0 3.62500 -35.22500 22.60470 0.15856 13
0.59183 -0.11625 26.10748 0 3.47500 -19.02500 22.50673 0.11759 13
-0.03994 -0.01388 15.45704 0 0.45000 4.32500 15.44473 0.10080 -13
0.25689 -0.14209 23.77145 0 4.30000 -4.75000 23.03808 0.10496 -13
0.83476 -0.06253 5.29345 0 1.77500 -22.37500 4.06679 0.13132 13
-0.61052 -0.23578 3.52329 0 7.27500 19.32500 3.02862 0.12057 -13
-0.36278 -0.01430 41.96388 0 0.45000 9.55000 39.44864 0.10714 -13
1.27047 0.04710 49.51432 0 -1.40000 -37.90000 30.64510 0.16289 -13
-0.90127 0.00777 65.05192 0 -0.22500 26.05000 48.32256 0.13557 -13
-0.08947 0.09298 70.89483 0 -2.80000 3.37500 70.61515 0.10154 13
-0.18792 -0.13225 96.33070 0 4.00000 7.12500 94.70132 0.10333 -13
-1.08075 0.06442 63.53744 0 -1.92500 34.10000 43.19948 0.14842 -13
-1.03371 -0.17020 79.25117 0 5.12500 31.15000 55.50727 0.14584 13
0.45775 -0.05125 49.95558 0 1.52500 -14.47500 45.43313 0.11087 13
-0.74291 0.10739 18.53081 0 -3.27500 20.60000 14.90517 0.12594 13
-1.13099 0.14794 93.54878 0 -4.47500 34.92500 62.34215 0.15277 13
-1.15348 -0.25092 93.54878 0 7.55000 35.60000 62.34215 0.15579 13
-2.10608 -0.06661 63.35689 0 2.02500 62.97500 27.22405 0.23489 -13
2.77527 2.27480 63.35689 0 2.02500 62.92500 27.22405 0.23452 -13
-3.39928 2.26231 63.35689 0 1.82500 63.12500 27.22405 0.23579 -13
0.03840 -1.69033 63.35689 0 1.90000 63.80000 27.22405 0.34356 -13
-1.71788 0.08404 47.20984 0 -2.52500 51.22500 23.81383 0.20034 -13
-0.41827 -0.11581 94.57279 0 3.50000 11.62500 87.33415 0.10978 -13
0.80297 -0.18352 75.32623 0 5.52500 -22.17500 59.11328 0.13046 13
0.47871 0.12826 45.46470 0 -3.85000 -13.30000 41.07029 0.11239 -13
0.49203 -0.27150 45.46470 0 8.20000 -13.72500 41.07029 0.11553 -13
-0.18608 -0.20720 54.51593 0 6.25000 7.20000 53.63302 0.10454 -13
0.09760 -0.10664 96.92340 0 3.20000 -2.50000 96.47010 0.10175 13
-0.61774 -0.15751 87.85652 0 4.75000 16.70000 74.99625 0.11943 13
0.07304 -0.20682 14.76524 0 6.20000 0.80000 14.72768 0.10307 13
1.19442 -0.10052 96.79456 0 3.05000 -35.25000 62.32071 0.15720 -13
-0.25424 -0.07038 14.32456 0 2.15000 10.07500 13.88507 0.10416 -13
1.30543 0.07648 84.68931 0 -2.32500 -40.50000 51.59520 0.16578 13
-0.79226 0.13428 84.76923 0 -4.05000 26.57500 66.67147 0.12919 13
-0.81235 -0.26520 84.76923 0 8.00000 27.17500 66.67147 0.13245 13
0.14282 -0.21308 37.33425 0 6.45000 -3.72500 36.97534 0.10397 -13
-0.67689 0.03897 60.55270 0 -1.17500 22.62500 50.15677 0.12167 -13
2.04355 -0.13331 75.64580 0 4.00000 -58.87500 33.48462 0.22949 13
2.15504 -0.15270 38.34295 0 4.57500 -64.22500 16.29312 0.23970 13
0.00201 -0.01438 22.78422 0 0.42500 0.00000 22.78417 0.10071 13
0.28415 -0.03732 50.91536 0 1.12500 -6.95000 48.97910 0.10476 13
1.40138 0.00046 60.40798 0 -0.00000 -42.72500 35.08875 0.17336 -13
-0.25404 -0.12953 61.27016 0 3.90000 8.27500 59.41368 0.10472 13
-0.07295 0.12780 89.14054 0 -3.85000 0.32500 88.90810 0.10179 -13
-0.07500 -0.27201 89.14054 0 8.20000 0.40000 88.90810 0.10464 -13
-0.10509 0.11351 80.97877 0 -3.42500 3.90000 80.54083 0.10191 13
0.18031 0.12804 64.21705 0 -3.87500 -7.05000 63.21393 0.10315 13
0.18533 -0.27178 64.21705 0 8.20000 -7.20000 63.21393 0.10601 13
-0.05618 0.13691 44.58356 0 -4.12500 3.27500 44.51466 0.10180 -13
-0.05754 -0.26240 44.58356 0 7.92500 3.30000 44.51466 0.10428 -13
0.45198 -0.16362 48.27112 0 4.95000 -11.85000 44.08419 0.11174 -13
0.54108 0.11922 38.15157 0 -3.57500 -15.25000 33.60807 0.11512 -13
0.55809 -0.28107 38.15157 0 8.50000 -15.77500 33.60807 0.11874 -13
1.29376 0.06806 7.14293 0 -1.95000 -40.25000 4.37413 0.16481 -13
-0.12965 -0.04680 25.88052 0 1.42500 5.80000 25.66618 0.10166 -13
0.39922 0.04938 47.02746 0 -1.50000 -12.30000 43.68301 0.10855 13
-0.10432 -0.05264 70.02577 0 1.57500 1.50000 69.64883 0.10139 13
-0.78890 -0.08745 10.76760 0 2.57500 22.92500 8.46637 0.12855 13
-1.13866 0.06533 4.18751 0 -2.12500 34.25000 2.76656 0.15286 13
8.17704 6.68637 4.18751 0 -1.97500 34.57500 2.76656 0.15409 13
-0.06372 -0.16280 92.63130 0 4.90000 1.72500 92.44860 0.10223 13
2.03377 0.11849 94.02957 0 -3.57500 -61.55000 41.72261 0.22853 -13
0.00857 -0.07796 97.75303 0 2.35000 1.40000 97.74946 0.10101 13
0.31821 -0.02061 43.43434 0 0.60000 -10.65000 41.39017 0.10570 13
-0.25562 -0.04690 8.50197 0 1.47500 7.30000 8.23768 0.10407 -13
0.04696 -0.14884 43.62324 0 4.50000 -3.45000 43.57626 0.10193 -13
1.41658 0.11173 29.80828 0 -3.40000 -42.60000 17.26195 0.17499 13
0.34665 -0.18734 72.17104 0 5.65000 -10.05000 68.31439 0.10823 13
0.57018 0.02366 7.66746 0 -0.65000 -19.07500 6.66102 0.11595 -13
-1.40777 0.10859 45.46642 0 -3.30000 43.50000 26.43284 0.17425 13
-0.72707 -0.07443 36.92266 0 2.22500 21.60000 29.89215 0.12473 13
1.02192 -0.15152 36.80739 0 4.60000 -30.22500 25.89165 0.14481 -13
0.41934 -0.14544 34.91956 0 4.37500 -13.92500 32.25271 0.11017 13
0.33994 -0.08573 67.30613 0 2.57500 -12.10000 63.74884 0.10671 13
0.42799 0.04913 22.35457 0 -1.45000 -12.42500 20.55527 0.10965 -13
1.00929 -0.08001 74.79430 0 2.40000 -26.65000 52.72718 0.14330 13
-0.46892 0.00387 7.38603 0 -0.20000 13.95000 6.68742 0.11124 13
0.22201 -0.01138 59.24557 0 0.32500 -6.95000 57.83758 0.10316 13
1.02729 0.07062 87.69280 0 -2.12500 -31.60000 61.24637 0.14454 -13
0.43201 0.08281 12.50146 0 -2.45000 -10.27500 11.48217 0.11001 -13
0.67840 -0.07773 53.91649 0 2.35000 -19.95000 44.66022 0.12195 -13
0.74867 0.13753 13.24176 0 -4.20000 -23.02500 10.63583 0.12659 13
0.76679 -0.26182 13.24176 0 7.85000 -23.57500 10.63583 0.12956 13
0.06104 -0.12861 48.13218 0 3.90000 -2.77500 48.04419 0.10172 -13
1.31375 -0.17617 16.09257 0 5.25000 -39.62500 9.84133 0.16716 13
0.44030 0.03001 62.90968 0 -0.92500 -12.35000 57.57994 0.11007 13
0.18520 -0.05226 36.70744 0 1.60000 -7.17500 36.09534 0.10255 -13
-0.27604 0.05763 94.72516 0 -1.72500 10.25000 91.32092 0.10463 -13
-0.19683 -0.19421 8.48280 0 5.92500 4.35000 8.32861 0.10453 -13
-0.77229 -0.10940 48.62428 0 3.32500 23.95000 38.56886 0.12772 -13
0.06092 -0.04165 21.77189 0 1.27500 0.75000 21.73168 0.10098 -13
-0.21304 -0.18333 95.45420 0 5.52500 6.25000 93.42491 0.10460 13
-0.19697 -0.20565 18.49048 0 6.22500 4.72500 18.15569 0.10473 -13
-1.39045 -0.15585 91.43333 0 4.70000 41.05000 53.80745 0.17319 -13
-0.43669 -0.05326 15.90904 0 1.65000 14.85000 14.58271 0.11002 -13
-0.63617 0.03834 88.41940 0 -1.15000 18.87500 74.61856 0.11941 -13
-1.21425 -0.19734 9.06018 0 6.05000 35.87500 5.82475 0.15976 -13
1.08387 -0.16554 7.86383 0 5.07500 -31.67500 5.37174 0.14951 -13
-0.16833 0.04874 54.04595 0 -1.45000 5.97500 53.29793 0.10223 -13
0.74536 -0.14842 14.51502 0 4.52500 -22.47500 11.68293 0.12651 -13
1.41356 -0.02044 27.27344 0 0.57500 -40.60000 15.75338 0.17438 13
-1.47608 0.13175 10.30601 0 -4.05000 41.65000 5.81397 0.18013 13
-1.51524 -0.26815 10.30601 0 8.00000 42.77500 5.81397 0.18468 13
0.41648 -0.22762 84.08295 0 6.87500 -11.90000 77.90440 0.11148 -13
-0.49903 0.14100 32.39071 0 -4.22500 13.72500 29.03889 0.11343 -13
-0.51033 -0.25809 32.39071 0 7.80000 14.05000 29.03889 0.11602 -13
-0.13917 -0.05753 38.61533 0 1.72500 2.97500 38.24790 0.10184 13
1.50748 0.09577 14.07378 0 -2.95000 -45.45000 7.80487 0.18246 13
-0.88150 0.09984 24.14461 0 -2.97500 29.40000 18.15143 0.13461 -13
0.31214 0.06690 34.98667 0 -2.00000 -8.60000 33.40441 0.10571 -13
-0.63440 0.10767 93.82539 0 -3.25000 18.15000 79.35773 0.11975 13
-0.30579 -0.18514 13.88076 0 5.62500 10.82500 13.29284 0.10697 -13
-0.48993 -0.24190 42.66471 0 7.27500 15.45000 38.52026 0.11474 13
-0.21361 0.12423 42.34623 0 -3.75000 6.02500 41.42563 0.10374 13
-0.21991 -0.27582 42.34623 0 8.30000 6.22500 41.42563 0.10677 13
-0.80930 0.03891 82.49362 0 -1.17500 23.47500 64.14414 0.12961 13
-1.22180 -0.17027 34.92020 0 5.12500 36.05000 22.30652 0.15989 13
-1.07121 -0.16599 98.51563 0 5.02500 33.87500 67.71318 0.14852 -13
0.25452 0.09496 97.32639 0 -2.87500 -9.82500 94.34507 0.10435 13
0.19914 -0.02075 73.40585 0 0.62500 -6.45000 71.99279 0.10270 -13
0.30601 -0.00249 29.48879 0 0.10000 -10.50000 28.19812 0.10531 -13
-0.32869 0.02861 6.90379 0 -0.80000 11.07500 6.55886 0.10604 -13
-0.73826 -0.16353 13.97092 0 4.90000 22.67500 11.29152 0.12623 13
-1.63585 -0.17140 52.24032 0 5.15000 49.02500 27.53430 0.19383 13
0.18038 0.01572 28.37198 0 -0.45000 -6.82500 27.92150 0.10234 -13
-0.29713 -0.03272 96.96710 0 1.00000 8.30000 92.95463 0.10511 -13
1.16575 -0.18815 17.52609 0 5.72500 -34.85000 11.52569 0.15586 -13
-0.00350 0.00751 30.60398 0 -0.20000 3.50000 30.60379 0.10071 -13
-2.06775 -0.10664 84.84331 0 3.22500 63.17500 37.10838 0.23157 -13
0.17358 -0.24194 84.82658 0 7.30000 -4.15000 83.64449 0.10501 13
1.03228 0.65118 84.82658 0 7.27500 -4.17500 83.64449 0.10511 13
0.61032 0.14757 84.82658 0 7.35000 -7.67500 83.64449 0.12737 13
0.84781 -0.01933 84.82658 0 7.40000 -9.55000 83.64449 0.14623 13
-0.70067 0.31538 84.82658 0 8.12500 -10.90000 83.64449 0.15332 13
-0.27861 0.98497 84.82658 0 7.97500 -11.05000 83.64449 0.15503 13
0.59415 -0.77352 84.82658 0 8.40000 -10.65000 83.64449 0.16356 13
0.07967 0.10071 12.09241 0 -3.07500 -3.07500 12.05459 0.10155 13
-2.07653 -0.16598 22.42741 0 5.05000 62.67500 9.83939 0.23275 -13
-0.00677 0.01679 24.06595 0 -0.52500 1.02500 24.06540 0.10072 13
0.27641 -0.20293 22.74678 0 6.10000 -6.97500 21.95552 0.10644 13
-0.83853 0.05995 52.17586 0 -1.80000 26.27500 40.01003 0.13155 -13
0.24078 -0.12564 31.02851 0 3.77500 -7.40000 30.17919 0.10435 13
0.14377 0.14203 53.22608 0 -4.30000 -5.35000 52.69490 0.10274 13
0.14697 -0.25707 53.22608 0 7.75000 -5.45000 52.69490 0.10502 13
-0.20400 -0.12493 32.45942 0 3.75000 5.20000 31.81416 0.10354 13
0.10886 0.09124 37.42949 0 -2.75000 -6.42500 37.21147 0.10171 -13
-1.38762 0.10144 24.24126 0 -3.10000 43.27500 14.22013 0.17257 13
-1.62240 0.00307 9.51192 0 -0.00000 49.65000 4.99055 0.19195 -13
0.29534 -0.11921 47.09632 0 3.60000 -7.37500 45.19291 0.10569 -13
0.69225 0.08509 14.97246 0 -2.60000 -22.17500 12.32487 0.12279 13
-0.19600 -0.13325 93.77194 0 4.02500 6.62500 92.05076 0.10349 -13
1.43248 -0.14454 23.23047 0 4.40000 -43.87500 13.38879 0.17657 -13
-0.23522 -0.07363 45.61015 0 2.20000 8.90000 44.40470 0.10372 13
1.05258 -0.22813 84.22600 0 6.90000 -33.27500 58.78123 0.14801 -13
2.04741 -0.24816 85.42689 0 7.47500 -61.70000 38.40160 0.23079 13
-0.59470 -0.13951 39.81333 0 4.22500 20.75000 34.30523 0.11801 -13
-0.05624 0.03854 44.80292 0 -1.15000 3.07500 44.73237 0.10093 -13
1.09729 -0.22584 50.18770 0 6.80000 -31.37500 34.26298 0.15121 13
-1.77819 0.03684 56.98906 0 -1.12500 55.90000 27.94874 0.20548 13
1.01441 0.23920 56.98906 0 -2.22500 54.32500 27.94874 0.21412 13
-0.65915 -0.13342 56.98906 0 -1.47500 53.05000 27.94874 0.22484 13
-0.09856 0.11457 56.98906 0 -1.45000 52.90000 27.94874 0.22633 13
-1.91159 -0.18245 33.07635 0 5.47500 56.77500 15.52912 0.21800 13
0.92314 0.13801 63.00717 0 -4.17500 -27.52500 46.49638 0.13776 13
0.94516 -0.26129 63.00717 0 7.87500 -28.17500 46.49638 0.14103 13
1.11373 0.08128 36.70502 0 -2.47500 -35.35000 24.56739 0.15096 13
-1.80496 0.11199 11.30034 0 -3.30000 54.37500 5.50261 0.20804 -13
-0.57714 -0.12595 9.19503 0 3.75000 17.30000 7.97929 0.11694 13
0.00046 -0.00602 95.56938 0 0.17500 -2.00000 95.56937 0.10071 -13
-0.25320 -0.13373 75.17950 0 4.05000 8.72500 72.91824 0.10475 -13
-1.04178 0.11500 94.16223 0 -3.47500 32.62500 65.42940 0.14589 13
0.56310 0.14679 64.98850 0 -4.42500 -16.12500 56.77220 0.11651 -13
0.57455 -0.25208 64.98850 0 7.62500 -16.47500 56.77220 0.11889 -13
1.68290 -0.12311 22.48379 0 3.75000 -51.92500 11.55059 0.19754 -13
0.61957 -0.14317 1.92754 0 4.62500 -17.25000 1.64325 0.11969 -13
1.93959 -0.11950 43.24054 0 3.57500 -58.45000 19.92520 0.22008 13
0.51390 -0.01465 54.49649 0 0.45000 -15.22500 48.47155 0.11323 -13
-0.15938 -0.01376 72.68132 0 0.40000 3.72500 71.77558 0.10198 13
-2.18103 -0.16823 19.10031 0 5.00000 63.27500 8.05291 0.24213 13
1.69631 -0.17501 31.82353 0 5.30000 -50.57500 16.34225 0.19912 -13
-1.27393 0.02307 26.59536 0 -0.67500 37.25000 16.42404 0.16311 -13
0.06291 -0.06079 79.84188 0 1.82500 -2.00000 79.68495 0.10109 13
0.07372 -0.12675 59.76695 0 3.82500 -2.52500 59.60771 0.10178 -13
2.01978 -0.06568 67.42621 0 2.00000 -58.20000 29.96848 0.22707 -13
1.13868 -0.24177 29.36479 0 7.32500 -33.85000 19.68643 0.15457 -13
1.37589 -0.20309 60.77898 0 6.15000 -40.57500 36.20542 0.17252 -13
-0.98371 -0.13100 69.87554 0 3.95000 31.40000 50.02184 0.14187 13
0.40090 -0.00264 45.07965 0 0.07500 -13.07500 41.84261 0.10849 13
2.07614 0.00836 37.18056 0 -0.22500 -60.30000 16.13461 0.23206 -13
0.92901 -0.15322 55.40543 0 4.62500 -25.50000 40.80855 0.13833 -13
-0.97413 -0.01349 82.84284 0 0.42500 28.10000 59.34422 0.14059 -13
-0.32442 -0.06382 26.28389 0 1.95000 8.42500 25.00580 0.10607 -13
1.53970 -0.10597 19.46569 0 3.25000 -47.60000 10.64417 0.18522 -13
1.34231 0.09051 34.05149 0 -2.75000 -39.67500 20.39654 0.16882 13
-0.41875 0.13958 8.07486 0 -4.27500 13.37500 7.45868 0.11012 13
-0.42843 -0.25974 8.07486 0 7.77500 13.67500 7.45868 0.11259 13
-1.01349 -0.20924 16.08544 0 6.37500 30.37500 11.42055 0.14496 -13
0.95013 -0.20509 95.68873 0 6.20000 -28.65000 70.04403 0.14044 -13
-0.16576 -0.10213 79.62849 0 3.07500 5.65000 78.56752 0.10260 -13
0.67710 0.07871 74.42408 0 -2.37500 -21.15000 61.68587 0.12187 13
-0.65652 -0.01343 91.63560 0 0.40000 18.35000 76.60431 0.12047 13
