-0.26651 0.02921 36.71522 0 -0.87500 9.20000 35.47796 0.10426 -13
-1.65139 0.05647 36.16438 0 -1.72500 49.80000 18.75414 0.19451 13
0.81131 -0.10046 2.39886 0 2.77500 -25.30000 1.86660 0.13009 13
0.27235 -0.12607 72.38775 0 3.80000 -8.60000 69.88167 0.10514 -13
-0.83496 0.12532 25.89087 0 -3.75000 23.27500 19.93708 0.13178 -13
-0.85915 -0.27462 25.89087 0 8.30000 24.02500 19.93708 0.13565 -13
-1.87470 -0.10583 10.09280 0 3.30000 56.80000 4.77045 0.21434 -13
0.61264 -0.09909 76.20947 0 2.97500 -19.65000 65.07046 0.11851 13
0.99858 -0.16389 71.36313 0 4.95000 -33.22500 50.83021 0.14327 -13
0.26574 0.00988 38.33393 0 -0.27500 -8.30000 37.04834 0.10420 -13
1.65000 0.03882 48.65644 0 -1.20000 -49.37500 25.23255 0.19433 13
0.43038 -0.03499 82.15670 0 1.05000 -14.72500 75.47165 0.10969 -13
-0.75548 0.09266 90.13659 0 -2.80000 20.32500 72.03119 0.12656 13
-0.79947 0.07015 64.05630 0 -2.12500 26.60000 50.08056 0.12912 13
-0.80051 -0.23663 21.38492 0 7.10000 26.10000 16.87011 0.13115 13
0.80743 -0.00918 97.56267 0 0.27500 -21.95000 75.90913 0.12944 -13
-1.36546 0.02058 81.02615 0 -0.62500 38.80000 47.88132 0.17045 13
0.09271 0.01253 97.94749 0 -0.37500 -3.15000 97.52935 0.10115 13
0.28746 -0.23252 10.72885 0 6.97500 -10.50000 10.33146 0.10733 13
1.56064 -0.24202 42.21613 0 7.32500 -46.02500 23.23668 0.18827 -13
-0.35048 -0.17600 16.16700 0 5.27500 12.77500 15.28281 0.10815 13
-0.91284 0.13610 47.09584 0 -4.10000 26.17500 34.92822 0.13703 -13
-0.93528 -0.26327 47.09584 0 7.95000 26.87500 34.92822 0.14043 -13
1.12828 -0.21085 19.12304 0 6.40000 -34.32500 12.83744 0.15335 -13
-1.63103 -0.08483 18.68972 0 2.50000 50.85000 9.79449 0.19282 13
0.56159 0.08881 13.94557 0 -2.72500 -17.92500 12.17085 0.11586 13
-0.28664 -0.17671 36.98760 0 5.32500 7.17500 35.59665 0.10625 13
0.42955 -0.10530 81.71511 0 3.17500 -11.12500 75.14512 0.11011 -13
0.44402 -0.03247 24.87310 0 1.00000 -13.62500 22.73494 0.11024 -13
0.29695 -0.13974 3.48011 0 4.37500 -10.02500 3.33893 0.10611 -13
0.41195 -0.23292 14.68996 0 7.07500 -12.70000 13.63363 0.11144 -13
2.21349 -0.19412 17.62354 0 5.77500 -63.92500 7.36754 0.24528 13
-0.45335 0.03776 86.32845 0 -1.15000 17.02500 78.63529 0.11063 13
0.41663 -0.14715 63.50020 0 4.45000 -8.70000 58.70844 0.11010 -13
0.37348 -0.09207 84.62766 0 2.77500 -10.60000 79.31941 0.10790 -13
-0.94732 -0.20296 68.30656 0 6.12500 30.85000 50.05875 0.14022 -13
-0.15701 -0.06949 54.73265 0 2.10000 3.00000 54.07337 0.10218 -13
-1.49151 -0.01148 86.92297 0 0.32500 44.72500 48.40750 0.18084 13
-0.64659 -0.23462 98.65772 0 7.07500 21.35000 83.49188 0.12222 13
0.75029 -0.00734 1.63983 0 -0.15000 -22.17500 1.31145 0.12619 13
-0.50472 0.03632 75.95299 0 -1.10000 14.85000 67.81507 0.11286 -13
-0.14975 0.08577 84.14696 0 -2.60000 3.10000 83.22555 0.10219 13
-1.57735 -0.08651 37.01980 0 2.57500 48.00000 19.87429 0.18827 13
-1.70368 -0.04124 11.91016 0 1.17500 52.35000 6.03334 0.19895 13
-0.37397 0.10986 88.59870 0 -3.32500 11.77500 83.04660 0.10809 13
0.94312 -0.09665 49.57880 0 2.90000 -29.72500 36.14692 0.13876 13
-0.69501 -0.08810 77.00195 0 2.65000 20.55000 63.30978 0.12296 13
0.73913 0.02288 38.49786 0 -0.67500 -23.50000 30.96170 0.12525 -13
1.53773 -0.15694 5.02236 0 4.92500 -44.27500 2.76201 0.18558 -13
0.20382 -0.14023 34.93008 0 4.22500 -3.97500 34.23944 0.10373 13
0.61307 -0.20866 25.92290 0 6.27500 -17.40000 22.22703 0.11996 13
-0.22966 -0.14931 72.87465 0 4.50000 8.52500 71.06453 0.10442 -13
1.13517 0.06863 22.01844 0 -2.10000 -34.67500 14.57339 0.15252 13
-0.23166 -0.09402 89.76710 0 2.82500 4.32500 87.47080 0.10380 13
1.37228 -0.08890 35.38611 0 2.65000 -41.17500 20.89328 0.17122 13
0.08695 0.02334 4.87613 0 -0.60000 -4.35000 4.85782 0.10113 -13
-0.66428 -0.18691 37.03736 0 5.62500 21.92500 31.01114 0.12234 13
2.05269 0.05031 78.81551 0 -1.52500 -61.97500 34.55292 0.23000 13
-1.25274 -0.14737 43.59847 0 4.45000 34.95000 27.37829 0.16211 -13
1.23964 0.04864 99.36483 0 -1.45000 -38.95000 62.43216 0.16046 -13
1.18355 0.07317 86.27745 0 -2.20000 -33.90000 55.76868 0.15621 -13
2.03167 0.00891 1.85902 0 -0.87500 -60.27500 0.82116 0.22846 13
1.34531 -0.10372 26.93512 0 3.10000 -41.87500 16.12373 0.16911 13
0.28359 -0.22504 87.52299 0 6.80000 -11.65000 84.35413 0.10710 -13
0.25702 0.13744 94.55697 0 -4.15000 -8.90000 91.63337 0.10490 13
0.26321 -0.26187 94.55697 0 7.90000 -9.07500 91.63337 0.10742 13
-1.55656 -0.13755 51.89999 0 4.17500 48.50000 28.23979 0.18683 -13
0.35307 -0.05457 68.17388 0 1.65000 -11.15000 64.29539 0.10694 -13
-1.91650 -0.10776 5.24592 0 3.07500 57.50000 2.43817 0.21783 13
0.76522 -0.07083 55.65029 0 2.15000 -23.82500 44.23591 0.12701 -13
1.36537 -0.14037 63.17049 0 4.22500 -42.60000 37.56267 0.17101 13
-1.31596 -0.07500 81.13783 0 2.27500 40.75000 49.17815 0.16662 -13
-0.27722 -0.02084 45.53826 0 0.62500 10.25000 43.88387 0.10452 13
-1.74253 0.11381 48.99568 0 -3.42500 53.62500 24.50485 0.20264 -13
0.27673 -0.20967 27.61474 0 6.30000 -8.32500 26.65467 0.10659 13
0.39764 -0.09707 38.46191 0 2.95000 -12.80000 35.76251 0.10881 -13
0.00798 0.07683 26.45200 0 -2.32500 -2.70000 26.45116 0.10101 13
0.20443 -0.02371 71.01296 0 0.72500 -7.10000 69.57476 0.10281 -13
0.15378 -0.09177 44.79986 0 2.77500 -2.67500 44.28355 0.10231 -13
-1.27124 -0.04688 96.26029 0 1.40000 41.40000 59.55449 0.16295 13
-0.72264 0.05761 97.48079 0 -1.75000 20.37500 79.05456 0.12438 13
-0.31795 0.09607 40.32946 0 -2.87500 12.92500 38.44988 0.10611 -13
-0.53657 0.13172 49.57459 0 -3.97500 15.12500 43.76725 0.11506 13
-0.55073 -0.26790 49.57459 0 8.07500 15.55000 43.76725 0.11808 13
0.35033 -0.13544 58.08492 0 4.07500 -10.67500 54.87258 0.10757 13
-0.54868 -0.01828 3.56429 0 0.40000 16.17500 3.12472 0.11493 13
-1.60136 -0.08417 20.20720 0 2.50000 47.05000 10.73056 0.19029 13
1.28334 -0.10795 46.44425 0 3.25000 -38.10000 28.65095 0.16418 13
-0.82739 0.11069 26.90451 0 -3.32500 26.75000 20.78091 0.13116 -13
0.87140 -0.16634 62.30927 0 5.00000 -26.15000 47.25173 0.13461 13
-0.17301 -0.23790 25.59075 0 7.15000 3.02500 25.23581 0.10495 13
0.77651 -0.23513 93.60303 0 7.07500 -25.27500 74.67071 0.12967 13
-0.95213 0.10754 62.49609 0 -3.25000 28.35000 45.38533 0.13947 13
-0.42835 -0.00353 45.87858 0 0.12500 10.22500 42.17238 0.10955 -13
-0.66267 -0.17855 20.04464 0 5.42500 19.75000 16.78889 0.12216 -13
-0.28454 0.14598 21.21322 0 -4.42500 9.37500 20.41925 0.10574 13
-0.29043 -0.25294 21.21322 0 7.60000 9.55000 20.41925 0.10782 13
-1.49624 0.60197 21.21322 0 7.60000 9.57500 20.41925 0.10792 13
0.82109 -1.07165 21.21322 0 8.47500 11.82500 20.41925 0.12007 13
1.21051 1.65985 21.21322 0 8.20000 11.85000 20.41925 0.12137 13
-0.26105 0.01213 21.21322 0 8.35000 5.60000 20.41925 0.16668 13
1.04756 0.02833 71.12327 0 -0.85000 -31.02500 49.12037 0.14587 -13
1.93377 0.06861 26.24912 0 -2.12500 -57.00000 12.08111 0.21935 13
-0.69562 -0.03080 28.27726 0 0.90000 18.05000 23.21687 0.12270 13
0.34745 0.12135 17.41581 0 -3.62500 -10.25000 16.46407 0.10730 -13
0.35803 -0.27875 17.41581 0 8.45000 -10.57500 16.46407 0.11062 -13
-2.02846 -0.22319 84.72801 0 6.72500 61.60000 38.19994 0.22884 13
1.69106 -0.00981 88.32491 0 0.27500 -52.30000 44.95924 0.19785 13
-0.98008 -0.09095 89.48598 0 2.75000 30.02500 64.03865 0.14130 -13
-0.40212 0.00570 68.25000 0 -0.17500 12.12500 63.32220 0.10854 -13
-0.02914 0.07651 98.96845 0 -2.32500 0.15000 98.92669 0.10104 13
-0.08245 -0.05002 86.19222 0 1.50000 3.52500 85.90142 0.10117 13
-0.05579 -0.07851 81.92434 0 2.37500 -1.77500 81.79789 0.10117 -13
0.10505 -0.22060 55.89289 0 6.67500 -4.20000 55.60116 0.10367 -13
0.74688 0.05230 61.63236 0 -1.60000 -20.52500 49.40384 0.12581 13
0.31968 0.02490 60.47164 0 -0.75000 -11.10000 57.60142 0.10576 13
0.19812 -0.00053 88.17182 0 -0.00000 -6.17500 86.49060 0.10266 13
0.26174 0.09419 10.78820 0 -2.80000 -7.57500 10.43952 0.10452 -13
1.03311 -0.04537 62.52749 0 1.37500 -27.67500 43.51133 0.14487 -13
0.37290 -0.05303 45.12501 0 1.60000 -10.77500 42.28824 0.10761 13
-0.87139 -0.07378 29.98153 0 2.20000 27.00000 22.63008 0.13377 13
0.10539 -0.16250 63.79935 0 4.90000 -5.32500 63.45692 0.10258 -13
0.52241 0.14264 91.77855 0 -4.30000 -16.55000 81.52184 0.11452 -13
0.53389 -0.25642 91.77855 0 7.75000 -16.90000 81.52184 0.11705 -13
1.13543 -0.21389 5.08238 0 6.30000 -34.82500 3.40071 0.15379 13
-1.26033 0.07400 40.55559 0 -2.22500 39.85000 25.24968 0.16219 -13
0.00154 0.04428 82.08451 0 -1.35000 -0.85000 82.08441 0.10080 13
0.97730 -0.14062 85.10468 0 4.22500 -29.72500 61.15462 0.14152 13
-0.15874 0.05552 97.48906 0 -1.67500 6.00000 96.28708 0.10212 -13
-0.82421 -0.07834 60.76560 0 2.35000 26.45000 46.94947 0.13073 13
-1.34494 -0.24648 2.23123 0 7.00000 42.95000 1.35745 0.17012 13
-0.76450 -0.21662 61.02777 0 6.55000 22.70000 48.88864 0.12863 -13
-1.32106 0.05976 13.09097 0 -1.85000 40.35000 7.90953 0.16699 13
-0.24833 0.14840 38.31262 0 -4.50000 7.05000 37.20668 0.10484 13
-0.25321 -0.25043 38.31262 0 7.55000 7.20000 37.20668 0.10689 13
1.35824 -0.21706 62.05263 0 6.52500 -42.47500 37.33887 0.17124 13
-0.39602 0.01349 96.97332 0 -0.40000 9.95000 90.16179 0.10832 13
-0.07587 -0.21354 84.24952 0 6.42500 2.00000 84.01877 0.10325 13
0.26133 -0.13565 33.75974 0 4.10000 -8.72500 32.68160 0.10499 -13
-1.76517 -0.01248 31.83931 0 0.35000 52.35000 15.69466 0.20431 13
0.19873 -0.01180 3.27045 0 0.20000 -6.02500 3.20795 0.10272 13
-0.12649 0.08439 43.19124 0 -2.55000 4.52500 42.85214 0.10186 13
0.13936 -0.02321 80.79439 0 0.70000 -3.17500 80.02152 0.10170 -13
0.28247 0.14925 87.09763 0 -4.50000 -7.52500 83.88536 0.10570 -13
0.28795 -0.24953 87.09763 0 7.52500 -7.70000 83.88536 0.10777 -13
-0.09458 -0.16073 72.87067 0 4.85000 4.82500 72.55499 0.10244 13
-1.18630 -0.00432 10.09764 0 0.20000 37.40000 6.50805 0.15626 -13
-0.65709 -0.07768 45.31641 0 2.35000 18.02500 37.90599 0.12075 -13
1.60586 0.11933 55.58593 0 -3.57500 -46.45000 29.53270 0.19087 -13
1.65631 -0.28099 55.58593 0 8.50000 -47.97500 29.53270 0.19687 -13
-0.19871 0.04652 8.77894 0 -1.45000 5.27500 8.61087 0.10280 13
-0.43429 -0.01591 12.26912 0 0.42500 15.05000 11.25395 0.10980 13
0.79600 -0.17031 8.11262 0 5.05000 -24.07500 6.38195 0.12981 13
-1.67379 -0.15916 22.48887 0 4.75000 49.90000 11.64046 0.19696 13
-0.58566 -0.24877 69.88121 0 7.50000 17.67500 60.75448 0.11935 13
-0.66116 -0.24417 87.05937 0 7.37500 21.05000 73.25201 0.12321 -13
-1.69225 -0.23706 96.17674 0 7.15000 54.15000 49.92339 0.19937 13
-0.30656 -0.22691 62.94481 0 6.85000 7.52500 60.30749 0.10779 -13
-0.12658 0.13527 67.41334 0 -4.07500 3.22500 66.88913 0.10241 -13
-0.12974 -0.26413 67.41334 0 7.97500 3.32500 66.88913 0.10498 -13
0.07937 -0.09725 9.07744 0 2.87500 -4.02500 9.04930 0.10148 13
-0.24548 0.07958 33.92485 0 -2.37500 6.32500 32.95258 0.10400 -13
-1.23948 0.11957 89.89242 0 -3.60000 36.00000 56.68717 0.16083 -13
-1.27829 -0.28072 89.89242 0 8.47500 37.17500 56.68717 0.16588 -13
-1.08825 -0.08841 36.25754 0 2.70000 31.82500 24.58393 0.14911 -13
-1.07307 -0.15409 43.03892 0 4.67500 32.85000 29.52619 0.14853 -13
-1.18971 -0.18615 51.01185 0 5.62500 34.82500 33.15028 0.15765 -13
-1.32302 -0.19555 28.80904 0 5.92500 37.22500 17.57863 0.16819 -13
-0.33314 0.10711 17.51242 0 -3.20000 7.75000 16.62412 0.10668 -13
-1.19249 -0.09799 60.79435 0 2.95000 34.07500 39.17254 0.15702 13
-0.20301 0.04463 7.48067 0 -1.40000 5.80000 7.33141 0.10288 13
1.29192 0.03635 8.95590 0 -1.17500 -38.87500 5.48505 0.16457 13
1.02260 0.07976 7.20793 0 -2.30000 -30.47500 5.04721 0.14425 -13
0.43201 -0.16661 45.87310 0 5.02500 -13.80000 42.20127 0.11097 13
-1.62828 -0.10780 7.35628 0 3.10000 48.57500 3.86347 0.19279 13
1.50371 -0.20731 50.22028 0 6.27500 -46.80000 28.21565 0.18307 -13
-0.11453 0.10421 75.05094 0 -3.12500 4.65000 74.56867 0.10190 -13
-0.65708 0.06276 86.63966 0 -1.90000 22.67500 72.45007 0.12066 -13
-0.25855 -0.14953 66.14912 0 4.50000 8.70000 64.08695 0.10510 13
0.72398 -0.14119 63.11121 0 4.25000 -22.77500 51.29285 0.12512 13
-0.30211 -0.08568 26.10306 0 2.60000 8.25000 24.99523 0.10556 -13
0.59144 -0.04378 48.96577 0 1.32500 -15.70000 42.15662 0.11709 -13
-1.55724 0.04481 51.08490 0 -1.37500 41.92500 27.62315 0.18643 13
0.11936 -0.07093 57.50816 0 2.12500 -2.85000 57.10485 0.10167 13
-1.94886 -0.07874 39.45035 0 2.35000 61.95000 18.05507 0.22071 13
0.56145 -0.14865 50.42053 0 4.47500 -16.60000 44.07955 0.11645 13
-0.80443 -0.15333 45.59926 0 4.60000 25.15000 35.69138 0.13015 13
-0.64932 -0.16209 88.90265 0 4.90000 18.37500 74.84760 0.12118 -13
1.28773 -0.21496 85.49004 0 6.50000 -40.70000 53.17269 0.16561 -13
0.25626 -0.20269 17.47854 0 6.15000 -7.52500 16.95194 0.10596 -13
1.42882 -0.14324 18.50326 0 4.27500 -45.82500 10.68188 0.17618 13
0.55240 0.07991 63.24803 0 -2.40000 -12.57500 55.40398 0.11532 -13
0.24649 -0.08800 99.22779 0 2.65000 -5.92500 96.36536 0.10409 13
-1.25401 0.00635 32.88894 0 -0.17500 37.72500 20.50599 0.16152 -13
-0.33914 -0.18539 23.57212 0 5.57500 10.37500 22.36145 0.10794 13
-0.56417 -0.04438 88.31602 0 1.35000 15.15000 76.93726 0.11571 -13
-0.26450 -0.16067 24.82425 0 4.87500 6.90000 24.01868 0.10542 -13
-0.47265 0.11091 87.70347 0 -3.35000 16.32500 79.38077 0.11195 13
1.72218 -0.23166 10.88935 0 7.07500 -51.25000 5.57507 0.20205 -13
0.00168 -0.11917 36.63013 0 3.57500 -0.87500 36.63007 0.10141 13
-0.07900 -0.18072 35.23423 0 5.42500 6.10000 35.12817 0.10264 13
0.61336 -0.03165 28.74127 0 0.97500 -16.40000 24.50311 0.11819 -13
0.85541 0.14899 30.64839 0 -4.47500 -26.12500 23.39760 0.13335 -13
0.87202 -0.24978 30.64839 0 7.55000 -26.65000 23.39760 0.13598 -13
0.05427 -0.05641 15.51110 0 1.72500 2.25000 15.48840 0.10102 -13
1.82020 -0.06657 4.07585 0 2.27500 -54.02500 1.96587 0.20945 -13
-1.61812 0.12511 50.17958 0 -3.80000 48.85000 26.52875 0.19198 13
-1.66516 -0.27493 50.17958 0 8.27500 50.27500 26.52875 0.19751 13
0.38267 -0.11294 13.96042 0 3.37500 -12.17500 13.04873 0.10841 13
-0.26639 -0.20048 69.78255 0 6.05000 5.62500 67.51769 0.10615 13
0.20637 -0.20872 95.29297 0 6.30000 -7.80000 93.40597 0.10495 13
1.08610 -0.21057 97.81899 0 6.35000 -32.85000 67.03138 0.15019 -13
-0.62896 -0.24676 4.24927 0 7.30000 20.52500 3.62631 0.12144 13
-0.08565 -0.05579 87.26600 0 1.67500 1.55000 86.94869 0.10123 13
-0.71364 -0.13309 33.91105 0 4.00000 21.95000 27.68468 0.12443 13
-0.13564 -0.17348 38.26629 0 5.22500 6.95000 37.92903 0.10311 13
-1.60143 0.04759 75.03997 0 -1.45000 47.55000 39.77850 0.19019 13
1.82815 -0.11466 33.76252 0 3.50000 -57.90000 16.28422 0.21018 -13
-0.36343 -0.17760 35.20897 0 5.37500 8.47500 33.15036 0.10864 -13
0.13713 -0.19829 45.78514 0 6.00000 -6.37500 45.37636 0.10359 -13
1.80084 -0.22702 8.80255 0 6.72500 -52.75000 4.35605 0.20851 13
1.08503 -0.10276 38.66673 0 3.07500 -34.82500 26.27920 0.14895 13
0.07824 -0.11856 96.30311 0 3.57500 -0.75000 96.01376 0.10172 -13
0.70480 -0.04021 96.65211 0 1.20000 -20.55000 79.02312 0.12327 13
0.41613 0.11335 54.13081 0 -3.42500 -12.70000 50.02351 0.10967 13
-0.58615 0.10335 68.60248 0 -3.10000 17.10000 59.26477 0.11719 -13
-1.19101 0.05941 65.45208 0 -1.77500 34.92500 42.13053 0.15672 -13
-0.21326 -0.16804 97.75120 0 5.07500 5.20000 95.65850 0.10434 13
-0.33879 0.00246 21.15657 0 -0.05000 10.05000 20.03794 0.10633 -13
-0.79142 -0.15607 34.45778 0 4.70000 24.97500 27.14425 0.12937 13
-0.83384 0.06912 80.63343 0 -2.07500 26.15000 61.98913 0.13130 -13
-0.90055 -0.00687 55.28036 0 0.22500 28.55000 41.07901 0.13552 -13
0.11884 0.01455 42.23211 0 -0.45000 -4.32500 41.93703 0.10142 13
1.25514 0.09735 37.24343 0 -2.92500 -35.25000 23.27435 0.16190 -13
0.93123 -0.14343 54.83339 0 4.35000 -28.30000 40.31771 0.13837 -13
1.78854 -0.05360 98.87490 0 1.62500 -54.37500 48.30493 0.20642 -13
0.00728 -0.10053 1.80642 0 2.77500 0.92500 1.80637 0.10131 13
-0.38046 -0.12115 74.10979 0 3.65000 9.02500 69.32951 0.10844 -13
0.12967 -0.14594 70.34832 0 4.40000 0.02500 69.77633 0.10259 13
-1.16024 -0.10604 46.90553 0 3.22500 37.37500 30.72085 0.15463 -13
0.41540 -0.00926 10.55810 0 0.32500 -13.02500 9.75052 0.10905 -13
0.05741 -0.07951 49.88777 0 2.40000 -2.35000 49.80626 0.10119 -13
0.61645 -0.00667 75.51357 0 0.20000 -19.17500 64.28157 0.11830 -13
1.17776 -0.16583 8.02027 0 4.90000 -32.87500 5.23184 0.15642 13
0.34851 0.02153 91.79316 0 -0.65000 -10.40000 86.68210 0.10667 13
1.06158 0.14507 66.89815 0 -4.37500 -32.22500 46.12332 0.14760 13
1.08392 -0.25390 66.89815 0 7.65000 -32.90000 46.12332 0.15068 13
-0.83175 0.11058 76.39095 0 -3.32500 27.10000 58.87654 0.13145 -13
1.10054 -0.12771 79.50048 0 3.85000 -33.70000 53.69942 0.15031 -13
1.67156 0.09918 30.62945 0 -3.02500 -51.02500 15.78103 0.19643 13
-1.54814 -0.23957 68.27676 0 7.22500 47.25000 37.77580 0.18715 13
-1.79522 -0.13589 96.76415 0 4.10000 54.65000 47.41706 0.20740 -13
0.18893 -0.17663 38.73507 0 5.32500 -6.15000 38.08158 0.10401 13
1.40653 -0.16545 42.88290 0 5.00000 -42.15000 25.07036 0.17462 -13
0.20483 0.09637 15.74467 0 -2.87500 -5.37500 15.42725 0.10324 -13
0.36635 0.00512 7.32696 0 -0.22500 -10.87500 6.87980 0.10726 13
-0.63547 -0.11823 22.33291 0 3.60000 18.45000 18.88628 0.11993 -13
1.91537 0.08875 35.93876 0 -2.65000 -58.70000 16.68478 0.21775 -13
-0.83674 0.08566 5.80438 0 -2.47500 25.80000 4.45836 0.13157 -13
0.31166 0.03228 37.17844 0 -0.95000 -9.05000 35.49622 0.10553 -13
0.26671 0.14177 17.73172 0 -4.30000 -9.97500 17.14404 0.10521 13
0.27267 -0.25741 17.73172 0 7.72500 -10.15000 17.14404 0.10753 13
-0.74248 0.10700 94.05761 0 -3.22500 21.72500 75.67021 0.12588 -13
0.98321 0.08213 9.71665 0 -2.40000 -30.52500 6.94045 0.14144 -13
0.22695 -0.11465 36.16937 0 3.45000 -10.00000 35.28357 0.10390 13
-1.25406 -0.16163 68.83923 0 4.87500 37.65000 43.25675 0.16235 -13
0.74950 -0.20649 46.46357 0 6.22500 -23.22500 37.45668 0.12754 13
-1.86240 -0.20848 61.31338 0 6.30000 57.05000 29.48477 0.21394 -13
0.28411 -0.17131 3.29288 0 5.32500 -8.65000 3.17101 0.10625 -13
0.22105 -0.14959 93.67499 0 4.52500 -7.32500 91.51350 0.10423 -13
0.06788 0.08381 72.76656 0 -2.52500 -2.25000 72.60066 0.10129 13
-0.30262 0.12551 79.08197 0 -3.80000 7.47500 75.74131 0.10597 13
-0.31136 -0.27451 79.08197 0 8.27500 7.72500 75.74131 0.10902 13
0.02350 0.00994 8.41444 0 -0.25000 -2.95000 8.41211 0.10073 -13
1.39213 -0.20893 8.74664 0 6.40000 -40.77500 5.17475 0.17401 -13
-1.68934 -0.09676 25.87285 0 2.87500 51.52500 13.22537 0.19790 13
-0.30936 0.09107 19.83174 0 -2.77500 6.10000 18.95314 0.10581 13
0.09894 -0.01371 71.48704 0 0.40000 -2.42500 71.13969 0.10120 13
-0.80542 -0.20395 41.14162 0 6.15000 23.85000 32.29612 0.13091 13
-0.57949 0.07728 42.79470 0 -2.35000 16.57500 37.05455 0.11665 13
-0.03602 -0.10461 84.57341 0 3.15000 0.75000 84.51918 0.10132 -13
0.27343 -0.13190 39.41630 0 3.97500 -7.52500 38.04310 0.10524 13
-1.18031 -0.04384 12.43767 0 1.27500 37.10000 8.04418 0.15585 13
0.90052 -0.04430 15.11920 0 1.30000 -27.02500 11.24002 0.13558 13
1.36854 -0.07590 81.20244 0 2.30000 -41.97500 47.99782 0.17086 -13
1.48015 -0.20760 74.07087 0 6.25000 -43.90000 42.06698 0.18108 13
-0.97880 0.09629 8.94064 0 -2.82500 29.80000 6.40385 0.14123 -13
1.55477 0.11675 18.70132 0 -3.47500 -45.80000 10.16499 0.18650 -13
0.07495 -0.01747 73.81272 0 0.52500 -1.87500 73.60638 0.10100 -13
-0.10357 -0.13560 96.60422 0 4.10000 3.02500 96.09935 0.10216 -13
0.19515 -0.23589 83.23235 0 7.12500 -4.00000 81.77042 0.10532 -13
-1.46301 -0.09098 38.31681 0 2.72500 43.60000 21.68346 0.17866 13
-0.99439 0.02079 89.52178 0 -0.62500 27.17500 63.48589 0.14203 -13
-0.12046 -0.03331 37.06295 0 1.02500 4.77500 36.79719 0.10149 -13
-0.93641 0.03725 65.58962 0 -1.12500 28.75000 47.89187 0.13801 13
0.04275 -0.23516 7.37148 0 7.02500 -1.77500 7.36509 0.10350 13
0.03812 -0.09115 67.25101 0 2.75000 -0.67500 67.20261 0.10119 -13
8.24738 -0.73894 67.25101 0 2.85000 33.22500 67.20261 0.40845 -13
0.84290 -0.19564 68.08005 0 5.90000 -22.47500 52.45806 0.13316 13
-1.85497 -0.16213 78.89094 0 4.90000 54.37500 37.81277 0.21286 -13
-0.00073 -0.11856 48.07165 0 3.57500 1.62500 48.07164 0.10141 -13
-0.23547 -0.09000 17.60546 0 2.75000 5.12500 17.14051 0.10386 -13
-0.98375 0.11172 65.41150 0 -3.37500 28.22500 46.77207 0.14172 13
0.82312 0.09598 44.81936 0 -2.87500 -25.37500 34.66841 0.13078 -13
1.26225 0.12273 76.90995 0 -3.70000 -37.27500 47.97940 0.16265 13
1.30015 -0.27738 76.90995 0 8.35000 -38.42500 47.97940 0.16752 13
0.69921 -0.08126 10.68321 0 2.40000 -20.37500 8.76455 0.12314 13
-1.21798 -0.09276 43.53137 0 2.77500 35.25000 27.69320 0.15898 13
-0.36428 0.12918 3.22349 0 -3.72500 9.60000 3.03176 0.10795 -13
-0.37415 -0.27009 3.22349 0 8.32500 9.92500 3.03176 0.11114 -13
1.73571 -0.03732 38.58380 0 1.15000 -51.42500 19.27164 0.20177 -13
-0.10000 -0.06888 36.62537 0 2.07500 4.55000 36.44450 0.10144 13
-0.07574 0.03768 58.01480 0 -1.15000 1.92500 57.84935 0.10106 13
-0.74191 -0.10848 83.91989 0 3.27500 23.15000 67.53612 0.12586 13
1.49809 -0.00707 84.99062 0 0.22500 -44.40000 47.18671 0.18138 -13
1.80822 0.06399 32.83581 0 -1.95000 -54.60000 15.91578 0.20819 13
-1.77747 -0.03841 38.83841 0 1.12500 52.75000 19.05494 0.20540 13
-0.64609 0.10813 93.48368 0 -3.25000 18.42500 78.65484 0.12038 -13
0.97859 -0.09223 92.40866 0 2.77500 -31.20000 66.18293 0.14120 13
0.69583 -0.18303 93.30511 0 5.52500 -22.40000 76.99664 0.12406 -13
1.41014 0.05690 95.59040 0 -1.72500 -41.82500 55.35435 0.17419 13
0.54850 0.01073 28.01032 0 -0.30000 -16.90000 24.55905 0.11486 -13
0.04050 -0.06369 38.01046 0 1.90000 0.20000 37.97943 0.10099 13
0.92125 0.11874 62.66578 0 -3.57500 -29.35000 46.23702 0.13744 -13
0.95039 -0.28160 62.66578 0 8.50000 -30.20000 46.23702 0.14160 -13
-0.22904 -0.24835 36.56719 0 7.47500 7.35000 35.69608 0.10629 13
-0.80198 0.13850 26.39552 0 -4.15000 24.02500 20.66745 0.12983 -13
-0.82099 -0.26070 26.39552 0 7.90000 24.60000 20.66745 0.13294 -13
-1.04276 -0.18735 81.00753 0 5.65000 31.35000 56.57151 0.14670 13
0.86947 0.13902 13.58381 0 -4.25000 -24.80000 10.29266 0.13422 13
0.88989 -0.26026 13.58381 0 7.80000 -25.40000 10.29266 0.13728 13
-1.31440 -0.20022 13.73831 0 5.97500 42.00000 8.42174 0.16748 13
-1.09311 0.13298 42.18465 0 -4.00000 33.72500 28.60824 0.14979 -13
-1.12130 -0.26646 42.18465 0 8.05000 34.60000 28.60824 0.15370 -13
0.32419 -0.18560 25.56574 0 5.62500 -12.60000 24.35820 0.10751 -13
-0.06995 0.13034 88.12582 0 -3.92500 1.17500 87.91464 0.10180 -13
-0.07183 -0.26932 88.12582 0 8.12500 1.22500 87.91464 0.10455 -13
-0.05778 0.00831 82.27893 0 -0.25000 1.17500 82.14194 0.10088 13
0.53071 -0.19137 84.48699 0 5.77500 -15.82500 74.91954 0.11563 -13
-0.07086 -0.07590 16.95683 0 2.25000 1.32500 16.91462 0.10124 13
-0.29534 -0.01394 60.65806 0 0.42500 9.95000 58.17431 0.10501 -13
-0.46510 0.10229 90.01288 0 -3.10000 12.82500 81.69221 0.11155 13
-0.14690 -0.19809 19.03629 0 6.00000 5.57500 18.84180 0.10374 -13
-0.71162 0.03925 59.81830 0 -1.17500 22.10000 48.75017 0.12366 -13
0.73170 -0.09412 23.19803 0 2.87500 -21.70000 18.74999 0.12516 -13
-0.32142 -0.12458 2.90631 0 3.92500 7.90000 2.76884 0.10667 -13
-0.78538 0.14553 99.70548 0 -4.37500 27.50000 78.72493 0.12888 -13
-0.80176 -0.25340 99.70548 0 7.65000 28.00000 78.72493 0.13158 -13
1.29693 -0.06536 42.27372 0 1.95000 -38.32500 25.84778 0.16504 13
1.71972 -0.23757 17.71262 0 7.22500 -50.40000 9.08711 0.20184 -13
0.49157 -0.15575 78.58754 0 4.70000 -14.82500 70.69034 0.11331 -13
1.72514 -0.14293 2.62279 0 4.67500 -50.45000 1.32521 0.20186 -13
-0.78294 -0.02554 94.10400 0 0.77500 21.65000 74.10431 0.12793 13
1.08020 0.03339 95.76286 0 -1.02500 -31.62500 65.07517 0.14828 13
1.70044 -0.09295 26.69320 0 2.85000 -50.92500 13.57381 0.19892 -13
0.08760 0.10971 78.18847 0 -3.30000 0.07500 77.89372 0.10169 -13
0.65029 -0.15212 57.08584 0 4.57500 -20.50000 48.01846 0.12109 13
-0.48497 0.04297 24.78803 0 -1.32500 16.87500 22.30746 0.11201 13
-0.36740 -0.24538 71.01219 0 7.40000 10.07500 66.88237 0.11009 13
0.80758 -0.20638 5.28279 0 6.10000 -26.20000 4.14365 0.13101 13
0.37761 0.04726 1.12275 0 -1.90000 -9.15000 1.05028 0.10834 13
-0.14893 0.07427 15.20095 0 -2.20000 5.65000 15.03601 0.10208 -13
-0.66420 -0.03999 20.00558 0 1.17500 18.20000 16.66879 0.12095 13
-0.58434 -0.12809 32.91697 0 3.85000 18.25000 28.47893 0.11734 13
4.22326 1.70918 32.91697 0 4.87500 19.87500 28.47893 0.12079 13
-0.27971 -0.04379 32.91697 0 3.12500 26.37500 28.47893 0.15995 13
-0.23217 0.07662 32.91697 0 4.27500 26.32500 28.47893 0.16799 13
0.54424 -0.03134 49.45300 0 0.95000 -14.90000 43.44184 0.11470 -13
-0.53532 -0.22453 67.15561 0 6.77500 15.85000 59.52482 0.11645 -13
-0.30792 -0.22675 14.68545 0 6.80000 7.40000 14.06501 0.10779 13
0.58902 0.10880 48.67353 0 -3.30000 -20.92500 42.00205 0.11739 13
0.85787 0.00270 48.37147 0 -0.07500 -26.87500 36.71319 0.13268 -13
-2.07627 0.05449 56.01343 0 -1.67500 64.15000 24.33451 0.23216 13
-0.16122 -0.13483 29.52611 0 4.07500 6.10000 29.15625 0.10291 -13
-1.36816 0.10900 30.08125 0 -3.25000 38.70000 17.81924 0.17099 -13
1.28175 -0.09164 31.31244 0 2.75000 -40.32500 19.31125 0.16395 13
-0.49489 -0.17331 61.89254 0 5.22500 13.10000 55.63154 0.11372 -13
0.04226 0.09256 3.21520 0 -2.95000 0.45000 3.21237 0.10133 13
-0.22111 -0.07797 59.68696 0 2.35000 6.45000 58.28754 0.10344 13
0.63986 0.09845 33.33162 0 -2.97500 -17.57500 28.11546 0.11997 13
0.04286 0.04497 69.99081 0 -1.35000 -1.80000 69.92675 0.10090 13
-0.26849 -0.21220 48.72994 0 6.40000 7.65000 47.13143 0.10643 13
-0.23071 -0.08649 81.12172 0 2.62500 9.95000 79.06007 0.10372 -13
-0.36024 -0.04671 2.69629 0 1.22500 10.60000 2.53699 0.10720 13
0.17940 0.07085 97.29969 0 -2.15000 -4.62500 95.77814 0.10256 13
0.09961 -0.07010 56.73277 0 2.10000 -2.70000 56.45476 0.10145 13
-0.67169 -0.15559 93.50110 0 4.67500 22.30000 77.90394 0.12231 13
1.51204 -0.08915 67.94619 0 2.70000 -46.92500 37.58452 0.18278 -13
-1.16472 -0.17731 30.66259 0 5.37500 35.05000 20.15198 0.15564 -13
0.58731 -0.21456 22.58695 0 6.45000 -16.50000 19.58676 0.11875 13
0.19646 -0.04824 30.92096 0 1.47500 -4.37500 30.34237 0.10275 -13
0.18260 -0.16572 7.23139 0 5.07500 -4.55000 7.11679 0.10377 -13
-0.28308 -0.07209 38.48142 0 2.17500 8.60000 37.03360 0.10491 -13
-0.54379 -0.06579 56.92990 0 2.00000 14.80000 50.03822 0.11482 -13
-0.48477 -0.06881 48.41010 0 2.07500 19.12500 43.58124 0.11213 -13
1.10966 -0.23605 5.55687 0 7.25000 -33.32500 3.77558 0.15248 -13
0.47528 0.05179 38.94975 0 -1.57500 -11.35000 35.18725 0.11162 13
-0.05408 -0.19971 80.75270 0 6.02500 0.87500 80.63942 0.10283 13
0.75220 0.11355 43.02708 0 -3.40000 -24.70000 34.46521 0.12653 -13
-0.10247 -0.12173 7.36661 0 3.60000 3.52500 7.32870 0.10196 13
-1.78922 0.06460 40.64186 0 -1.97500 54.90000 19.85955 0.20653 13
-1.37748 0.04586 16.23316 0 -1.32500 40.97500 9.54286 0.17148 -13
-0.67238 -0.02448 80.00574 0 0.72500 21.35000 66.39912 0.12138 13
-0.27941 -0.16823 8.01768 0 5.15000 7.15000 7.72964 0.10597 -13
0.08652 0.07487 92.44340 0 -2.27500 -5.20000 92.10128 0.10136 13
-0.61634 0.08403 83.91443 0 -2.55000 19.12500 71.50499 0.11860 13
0.16806 -0.08991 8.28781 0 2.77500 -5.47500 8.17410 0.10254 -13
-0.03055 -0.05042 41.29340 0 1.50000 -1.60000 41.27418 0.10087 13
0.34122 0.02677 72.34471 0 -0.80000 -7.70000 68.47114 0.10644 -13
0.07013 -0.23486 46.12600 0 7.10000 -2.47500 46.01890 0.10369 -13
-1.58726 -0.18651 30.90725 0 5.65000 47.82500 16.67664 0.18989 -13
0.62751 0.04587 53.64354 0 -1.40000 -20.25000 45.45169 0.11898 13
0.31211 -0.00534 12.86351 0 0.12500 -8.47500 12.27939 0.10550 13
-0.12471 -0.01397 97.70604 0 0.42500 4.15000 96.95513 0.10149 13
1.05343 -0.14745 99.16039 0 4.45000 -34.17500 68.65502 0.14702 13
-1.24702 0.11138 61.37232 0 -3.35000 41.10000 38.53921 0.16135 -13
-1.54896 -0.12062 81.01323 0 3.62500 46.82500 44.16444 0.18606 13
0.22070 0.40544 81.01323 0 3.60000 46.75000 44.16444 0.18587 13
-1.16110 -0.31705 81.01323 0 5.07500 41.60000 44.16444 0.20715 13
0.02974 -0.20530 81.01323 0 4.27500 38.35000 44.16444 0.22990 13
-0.21174 0.45260 81.01323 0 5.35000 38.02500 44.16444 0.23739 13
-0.84922 -0.10024 51.94361 0 3.00000 25.10000 39.67562 0.13250 13
0.64525 0.04971 51.02113 0 -1.50000 -18.55000 42.88657 0.11995 -13
-1.75983 0.12147 63.34778 0 -3.67500 52.42500 31.47255 0.20420 13
-1.81353 -0.27876 63.34778 0 8.40000 54.02500 31.47255 0.21039 13
0.36557 -0.01465 58.47941 0 0.45000 -11.12500 54.92523 0.10723 -13
1.94036 -0.20318 84.45305 0 6.15000 -58.72500 39.30822 0.22078 -13
-1.17253 0.12862 46.31754 0 -3.87500 36.45000 30.19822 0.15572 -13
-1.20496 -0.27111 46.31754 0 8.20000 37.42500 30.19822 0.16005 -13
0.61752 -0.12310 81.04259 0 3.70000 -18.17500 69.09693 0.11900 13
-1.82407 0.01280 89.23187 0 -0.40000 55.22500 42.89873 0.20948 13
-0.74503 -0.22000 46.41923 0 6.62500 22.25000 37.53439 0.12750 13
1.06405 0.10644 55.18108 0 -3.22500 -34.40000 37.90278 0.14745 13
-0.86325 -0.17268 34.09111 0 5.20000 26.70000 25.96756 0.13415 13
-0.61242 -0.23871 40.97868 0 7.17500 20.07500 35.20580 0.12050 13
1.97972 0.04728 1.60381 0 -0.75000 -59.87500 0.72448 0.22350 -13
-1.19677 0.07599 40.08328 0 -2.30000 36.42500 25.74444 0.15725 13
-1.99121 -0.01106 16.26344 0 0.27500 61.00000 7.29915 0.22439 13
-0.22392 -0.07762 75.86990 0 2.32500 6.95000 74.04700 0.10349 13
-0.43183 -0.11647 69.18458 0 3.50000 10.77500 63.58246 0.11031 13
-0.38498 -0.06140 29.03799 0 1.87500 13.70000 27.10569 0.10809 -13
-1.11699 -0.01798 26.37146 0 0.57500 34.85000 17.59147 0.15099 -13
0.27673 -0.21935 96.16023 0 6.60000 -8.50000 92.82873 0.10679 13
0.74464 0.11989 48.38514 0 -3.62500 -22.72500 38.90627 0.12615 13
0.76785 -0.28045 48.38514 0 8.45000 -23.42500 38.90627 0.13006 13
0.84080 -0.18742 57.46420 0 5.65000 -24.52500 44.29538 0.13291 13
1.15130 -0.15005 11.74925 0 4.60000 -34.32500 7.75387 0.15436 -13
-0.61969 -0.16252 97.92275 0 4.90000 18.77500 83.53605 0.11959 13
-0.60179 -0.19366 83.17578 0 5.82500 17.97500 71.61108 0.11914 13
-1.37230 0.00581 91.33635 0 -0.17500 42.85000 53.79133 0.17100 -13
0.67982 -0.11102 72.44003 0 3.35000 -19.90000 60.02317 0.12229 -13
-0.74043 -0.06626 39.10106 0 1.97500 23.12500 31.44918 0.12548 13
-0.06691 0.10757 56.76589 0 -3.22500 1.80000 56.64062 0.10151 -13
-1.08917 0.00441 19.16288 0 -0.17500 32.65000 12.96010 0.14890 13
-2.08319 0.01377 91.06146 0 -0.42500 61.32500 39.41093 0.23270 13
-0.36842 0.09330 99.09337 0 -2.80000 9.52500 93.03152 0.10773 -13
-1.31811 -0.08582 86.15945 0 2.60000 39.25000 52.19682 0.16683 -13
0.37947 -0.11206 6.66328 0 3.45000 -10.07500 6.23470 0.10835 -13
-0.20356 -0.06230 43.93060 0 1.87500 6.40000 43.05101 0.10296 13
0.20930 -0.10495 87.97875 0 3.17500 -6.30000 86.13258 0.10343 -13
-2.08024 -0.10593 30.82246 0 3.22500 62.90000 13.41386 0.23271 -13
-0.61976 0.13225 80.20223 0 -4.00000 16.82500 68.33469 0.11923 13
-0.63599 -0.26733 80.20223 0 8.05000 17.30000 68.33469 0.12234 13
0.12293 0.06461 55.89568 0 -1.95000 -6.50000 55.47978 0.10167 13
-0.93750 0.02481 91.58710 0 -0.75000 26.65000 66.82609 0.13806 13
1.44430 -0.15267 7.27363 0 4.47500 -43.22500 4.17273 0.17749 13
1.50560 -0.22648 18.86672 0 6.87500 -45.85000 10.61987 0.18349 -13
-0.10772 0.04765 45.80396 0 -1.45000 4.97500 45.54108 0.10140 13
0.81082 -0.16757 20.07091 0 5.07500 -24.15000 15.67535 0.13076 -13
-0.92005 -0.03592 59.14621 0 1.10000 28.12500 43.53968 0.13688 -13
0.09791 -0.09705 27.92178 0 2.95000 -3.22500 27.79009 0.10166 -13
0.95287 0.05800 6.66471 0 -1.65000 -30.57500 4.82859 0.13922 -13
0.35861 -0.10359 4.57238 0 3.25000 -8.60000 4.30680 0.10756 -13
-1.16387 -0.01775 51.09571 0 0.55000 35.60000 33.30186 0.15454 -13
0.23661 -0.09879 63.33558 0 3.00000 -8.47500 61.64954 0.10396 -13
-0.72235 0.11096 97.77650 0 -3.35000 21.82500 79.42624 0.12473 13
1.54153 -0.02916 79.24245 0 0.87500 -49.22500 43.13867 0.18506 13
-0.48310 0.02731 20.38788 0 -0.85000 14.55000 18.35930 0.11188 13
1.73144 0.13226 48.35266 0 -3.97500 -49.27500 24.34021 0.20178 -13
1.77672 -0.26725 48.35266 0 8.07500 -50.65000 24.34021 0.20710 -13
-0.01627 -0.15562 64.85839 0 4.70000 -0.80000 64.85001 0.10193 -13
-0.30678 -0.16063 8.60823 0 4.90000 10.10000 8.23870 0.10661 -13
-0.04653 -0.12717 4.91209 0 3.92500 2.12500 4.90684 0.10169 -13
1.37448 -0.23382 53.83101 0 7.02500 -39.80000 32.22074 0.17276 13
-0.73941 -0.23139 9.47651 0 6.90000 23.62500 7.68946 0.12733 13
-0.78742 -0.00827 99.15785 0 0.25000 21.70000 77.90592 0.12818 13
-2.08825 0.00708 17.05178 0 -0.27500 61.80000 7.36528 0.23316 13
0.72418 -0.00662 63.79755 0 0.20000 -20.72500 51.67137 0.12434 -13
0.16532 -0.10106 53.99998 0 3.05000 -3.37500 53.28406 0.10257 13
0.19687 -0.00949 63.66974 0 0.30000 -7.17500 62.47077 0.10264 -13
0.14236 0.04483 20.47762 0 -1.37500 -2.67500 20.27365 0.10183 13
0.92840 -0.22551 83.37540 0 6.80000 -28.45000 61.79810 0.13928 -13
1.00241 -0.24812 25.98339 0 7.45000 -28.90000 18.62379 0.14473 13
0.66772 -0.05804 7.04842 0 1.82500 -17.95000 5.86470 0.12126 -13
1.80238 0.09807 49.35328 0 -2.97500 -52.75000 24.03168 0.20782 13
-0.10240 -0.03219 67.11893 0 0.97500 0.85000 66.77013 0.10128 13
1.43390 -0.19946 66.01883 0 6.00000 -44.17500 38.25858 0.17719 13
0.73640 -0.10708 64.91446 0 3.22500 -22.50000 52.37515 0.12552 13
1.03920 0.05748 46.02330 0 -1.72500 -29.20000 31.93887 0.14534 -13
1.12533 0.12869 44.78907 0 -3.90000 -35.90000 29.88739 0.15217 13
