-0.50432 -0.06267 33.30031 0 1.87500 16.17500 29.74485 0.11296 13
0.39139 -0.24048 72.08956 0 7.25000 -11.75000 67.37609 0.11082 13
0.18829 -0.11411 89.93768 0 3.42500 -5.22500 88.40394 0.10311 13
-1.50789 0.10452 81.88295 0 -3.15000 48.12500 45.42659 0.18251 -13
-0.72959 -0.11295 55.86408 0 3.40000 21.15000 45.22908 0.12517 13
1.36365 -0.03269 33.73291 0 0.95000 -40.92500 19.95510 0.17032 13
0.06569 0.11237 16.59017 0 -3.42500 1.12500 16.55493 0.10157 13
-0.02647 0.02661 60.81147 0 -0.80000 1.92500 60.79018 0.10077 -13
0.66226 0.04881 72.41491 0 -1.47500 -21.57500 60.39725 0.12088 -13
1.00274 -0.09525 98.18760 0 2.87500 -28.97500 69.49073 0.14294 -13
0.00908 0.11988 84.29096 0 -3.62500 0.62500 84.28754 0.10143 13
0.00936 -0.28043 84.29096 0 8.45000 0.60000 84.28754 0.10459 13
0.62096 -0.04594 92.15158 0 1.40000 -16.02500 78.30942 0.11863 -13
-1.29698 0.02070 76.42013 0 -0.62500 35.25000 46.66844 0.16493 -13
-0.23145 0.08463 31.13350 0 -2.52500 7.47500 30.33706 0.10371 -13
-1.02888 -0.20210 94.35664 0 6.10000 32.30000 66.43748 0.14592 -13
1.03140 0.04244 67.40649 0 -1.30000 -31.75000 46.94325 0.14473 13
-0.44150 -0.15465 19.10572 0 4.70000 11.72500 17.51187 0.11119 -13
0.90526 -0.24281 29.54601 0 7.30000 -28.60000 22.18391 0.13799 13
-1.10687 -0.14651 19.79193 0 4.37500 34.60000 13.34556 0.15091 13
0.13640 -0.02842 3.02267 0 0.70000 -3.45000 2.99492 0.10173 13
0.36229 0.01462 57.70583 0 -0.42500 -7.82500 54.25562 0.10712 -13
0.37701 -0.06280 92.49553 0 1.90000 -11.02500 86.56991 0.10781 -13
1.55993 -0.06955 36.00182 0 2.12500 -49.00000 19.46415 0.18672 -13
0.04906 0.02455 36.00182 0 2.12500 -48.95000 19.46415 0.18658 -13
0.07697 -0.21601 36.00182 0 3.72500 -49.07500 19.46415 0.19850 -13
-0.90728 -0.98114 36.00182 0 2.85000 -47.07500 19.46415 0.21260 -13
0.50969 0.54248 36.00182 0 3.47500 -46.70000 19.46415 0.21586 -13
-0.88587 -0.19176 93.87625 0 5.80000 27.12500 70.82376 0.13591 -13
0.94797 0.02662 26.62497 0 -0.82500 -28.02500 19.32573 0.13880 13
0.13180 -0.20535 81.72974 0 6.20000 -1.57500 81.05700 0.10365 13
-0.64192 0.00574 97.17998 0 -0.17500 20.00000 81.78119 0.11967 -13
1.54456 -0.16390 46.51008 0 4.92500 -47.37500 25.51405 0.18600 13
-1.06424 0.07038 89.13594 0 -2.12500 29.60000 61.11749 0.14724 13
-0.59549 -0.05152 87.11977 0 1.55000 16.60000 74.87915 0.11732 13
-0.63399 -0.19518 83.41885 0 5.90000 18.02500 70.82664 0.12085 -13
0.42614 -0.06518 62.37773 0 1.97500 -14.67500 57.40334 0.10966 -13
-1.81437 0.14936 78.98428 0 -4.50000 53.27500 38.44919 0.20914 -13
-1.84939 -0.24940 78.98428 0 7.52500 54.35000 38.44919 0.21322 -13
1.50299 -0.24853 62.44300 0 7.52500 -45.10000 35.31017 0.18353 -13
-0.43583 0.13427 63.78896 0 -4.05000 13.27500 58.55964 0.11068 13
-0.44688 -0.26522 63.78896 0 8.00000 13.60000 58.55964 0.11348 13
-1.22277 -0.01468 94.44276 0 0.42500 35.12500 59.79246 0.15908 13
-1.27486 0.11476 82.80866 0 -3.47500 38.60000 51.31451 0.16358 13
2.19185 -0.13911 77.71197 0 4.17500 -63.60000 32.51378 0.24299 13
0.69104 -0.21567 34.62854 0 6.50000 -20.02500 28.69494 0.12431 13
0.12928 0.09813 62.89104 0 -2.97500 -3.92500 62.37683 0.10203 13
-0.11855 0.12993 34.35792 0 -3.90000 5.22500 34.12285 0.10224 -13
-0.12177 -0.26974 34.35792 0 8.15000 5.32500 34.12285 0.10503 -13
0.02434 -0.20285 58.01970 0 6.10000 -1.17500 58.00322 0.10278 13
0.89332 -0.23943 91.04578 0 7.22500 -27.92500 68.73111 0.13718 -13
0.49550 -0.05040 50.03681 0 1.50000 -14.32500 44.84504 0.11250 13
0.49187 -0.11194 39.87748 0 3.40000 -16.77500 35.82616 0.11280 -13
1.62170 0.12853 92.03392 0 -3.90000 -47.07500 48.59202 0.19231 13
1.66659 -0.27128 92.03392 0 8.17500 -48.42500 48.59202 0.19761 13
1.74471 0.14514 44.56427 0 -4.35000 -53.62500 22.33485 0.20302 -13
1.78134 -0.25378 44.56427 0 7.67500 -54.75000 22.33485 0.20734 -13
-0.41425 0.12454 69.22372 0 -3.75000 12.92500 64.02531 0.10971 -13
-0.42637 -0.27545 69.22372 0 8.32500 13.30000 64.02531 0.11294 -13
-0.52991 -0.04745 73.28745 0 1.45000 14.15000 64.77307 0.11407 -13
-0.50845 0.05266 40.19892 0 -1.57500 15.07500 35.84314 0.11309 -13
-1.86388 0.01481 95.55291 0 -0.45000 55.12500 45.17836 0.21301 13
0.26994 -0.13668 73.09143 0 4.12500 -8.92500 70.60981 0.10522 -13
-0.41169 -0.03048 91.36534 0 0.92500 13.82500 84.49140 0.10895 -13
0.83059 -0.18993 98.08732 0 5.72500 -24.72500 75.99595 0.13231 -13
1.08425 0.04667 2.79446 0 -1.67500 -32.82500 1.89606 0.14876 13
-1.65628 0.00342 85.16857 0 -0.10000 47.52500 44.02072 0.19484 -13
0.44932 -0.23971 56.68190 0 7.22500 -14.07500 51.94043 0.11300 13
-1.35400 0.01592 18.10216 0 -0.42500 39.32500 10.75503 0.16952 -13
0.00427 -0.07321 18.74996 0 2.17500 -2.05000 18.74979 0.10097 13
-0.95799 -0.02866 63.74354 0 0.87500 28.10000 46.03900 0.13949 -13
2.07247 0.05907 68.41927 0 -1.80000 -64.42500 29.77478 0.23182 13
0.05931 -0.18212 20.88629 0 5.47500 0.22500 20.85080 0.10252 13
-0.93920 -0.20077 66.34114 0 6.07500 28.05000 48.80224 0.13964 -13
-0.65703 -0.06178 1.96445 0 1.57500 17.62500 1.64272 0.12077 13
-1.58044 0.12510 41.13872 0 -3.75000 48.42500 22.11780 0.18874 -13
-1.62628 -0.27484 41.13872 0 8.32500 49.82500 22.11780 0.19428 -13
0.94603 -0.13632 91.24435 0 4.10000 -31.12500 66.57132 0.13930 13
0.40108 -0.17607 12.61009 0 5.35000 -15.05000 11.72807 0.10997 -13
1.56677 -0.20839 38.43317 0 6.30000 -44.05000 20.99114 0.18837 -13
-1.13075 -0.01193 6.19864 0 0.47500 34.17500 4.10665 0.15204 -13
1.32773 -0.10880 48.87650 0 3.27500 -39.50000 29.51533 0.16774 13
1.71928 -0.11231 70.58920 0 3.37500 -52.92500 35.65673 0.20060 13
-0.10768 -0.11191 69.23636 0 3.37500 3.87500 68.84326 0.10191 -13
1.86502 -0.16177 48.23183 0 4.90000 -55.42500 23.02105 0.21376 -13
-1.84612 -0.22417 34.94217 0 6.72500 56.62500 16.95901 0.21259 13
2.07454 -0.00600 49.75190 0 0.15000 -61.67500 21.60314 0.23192 13
-0.02217 0.07354 56.18388 0 -2.22500 -1.15000 56.17013 0.10101 13
-0.37442 -0.21032 85.36163 0 6.35000 9.80000 80.15089 0.10960 13
-1.28792 -0.24541 17.30876 0 7.35000 38.55000 10.80821 0.16599 13
0.81834 -0.24897 69.17388 0 7.52500 -27.40000 54.17111 0.13253 -13
0.20833 -0.03554 97.21492 0 1.07500 -8.82500 95.17403 0.10293 -13
0.07382 0.08521 27.35935 0 -2.55000 -0.17500 27.28565 0.10134 -13
1.74552 0.13878 64.35824 0 -4.20000 -52.07500 32.22227 0.20308 13
1.78664 -0.26050 64.35824 0 7.85000 -53.30000 32.22227 0.20783 13
1.38922 0.08362 61.47181 0 -2.52500 -38.90000 35.99559 0.17258 13
0.24585 0.04177 29.51950 0 -1.25000 -7.02500 28.66713 0.10379 -13
-0.65709 0.07320 57.55687 0 -2.20000 15.27500 48.14030 0.12072 -13
-1.37937 -0.01617 66.92815 0 0.47500 44.32500 39.28686 0.17158 13
-0.19560 -0.07002 71.60114 0 2.12500 3.30000 70.27581 0.10286 -13
0.61398 1.44512 71.60114 0 2.05000 3.27500 70.27581 0.10293 -13
-0.55044 -1.45015 71.60114 0 2.40000 -6.52500 70.27581 0.19203 -13
-0.68183 0.05698 22.95670 0 -1.70000 22.90000 18.97707 0.12202 -13
0.87091 -0.18707 87.44370 0 5.65000 -25.52500 66.42768 0.13487 -13
0.21852 -0.09619 48.88817 0 2.90000 -6.52500 47.77114 0.10353 13
-1.47403 0.11289 28.85912 0 -3.37500 43.50000 16.27182 0.17972 -13
-0.41216 0.05639 62.59505 0 -1.70000 14.25000 57.88557 0.10907 13
-0.37201 0.00800 95.54142 0 -0.25000 13.15000 89.54609 0.10745 13
0.97483 -0.01842 42.54872 0 0.55000 -31.05000 30.46979 0.14065 13
-0.84623 -0.17181 95.58893 0 5.20000 27.55000 73.40924 0.13306 -13
0.31824 -0.24727 21.66054 0 7.42500 -8.35000 20.69518 0.10856 13
0.06299 0.11634 93.30633 0 -3.50000 -1.07500 93.12418 0.10158 -13
-0.69179 -0.20082 52.31100 0 6.07500 20.50000 43.29240 0.12412 -13
0.22880 -0.09363 9.99577 0 2.77500 -5.15000 9.74615 0.10372 13
0.42445 -0.20068 78.74319 0 6.05000 -15.87500 72.69915 0.11125 -13
0.59457 0.02681 90.04631 0 -0.82500 -17.85000 77.40614 0.11719 13
-1.26483 0.01015 14.37310 0 -0.35000 37.47500 8.91402 0.16239 13
1.19044 0.13639 92.62619 0 -4.10000 -36.37500 59.89898 0.15716 -13
1.21960 -0.26293 92.62619 0 7.95000 -37.27500 59.89898 0.16103 -13
-0.05620 0.12887 95.14045 0 -3.87500 4.17500 94.99299 0.10169 -13
-0.05775 -0.27087 95.14045 0 8.17500 4.22500 94.99299 0.10450 -13
-0.54232 -0.17991 34.97555 0 5.45000 15.52500 30.85537 0.11599 -13
0.14020 -0.03581 36.68504 0 1.10000 -4.30000 36.33013 0.10175 -13
-0.10911 0.13662 20.56567 0 -4.15000 1.22500 20.44655 0.10224 13
-0.11174 -0.26278 20.56567 0 7.90000 1.30000 20.44655 0.10471 13
0.50864 -0.10126 80.11620 0 3.05000 -15.87500 71.48412 0.11344 13
0.59073 0.06542 89.07825 0 -1.97500 -18.82500 76.73812 0.11715 13
-0.89817 -0.18126 10.79681 0 5.52500 27.92500 8.08960 0.13665 -13
-2.11851 0.04325 64.79037 0 -1.32500 63.35000 27.67749 0.23596 13
-0.24219 -0.20812 8.88418 0 6.35000 4.45000 8.64437 0.10576 -13
-0.29386 -0.01774 93.06061 0 0.52500 8.47500 89.28649 0.10497 13
0.85284 -0.16105 82.66274 0 4.87500 -25.52500 63.23237 0.13335 -13
-0.65539 0.13282 42.16985 0 -4.02500 20.05000 35.36250 0.12115 13
-0.67238 -0.26678 42.16985 0 8.02500 20.55000 35.36250 0.12428 13
0.31797 0.12955 23.37883 0 -3.90000 -8.72500 22.29660 0.10647 -13
0.32662 -0.27013 23.37883 0 8.17500 -9.00000 22.29660 0.10940 -13
-1.66131 -0.07723 78.45440 0 2.35000 49.05000 40.54824 0.19543 -13
-0.47056 -0.08398 59.97458 0 2.52500 14.70000 54.30114 0.11161 13
-1.53557 -0.16029 91.02545 0 4.85000 46.62500 50.11587 0.18525 -13
0.30474 0.06106 80.56655 0 -1.82500 -9.47500 77.07970 0.10546 -13
0.30108 -0.02817 71.18425 0 0.85000 -7.82500 68.16403 0.10521 -13
0.10673 0.06574 80.25650 0 -2.00000 -4.70000 79.80520 0.10149 13
0.39465 0.07560 74.08308 0 -2.27500 -11.92500 68.93705 0.10853 -13
-1.00566 -0.07373 67.54203 0 2.22500 28.72500 47.68958 0.14301 13
0.54712 0.07782 33.46097 0 -2.37500 -16.67500 29.37477 0.11507 13
-0.35996 -0.01674 95.02539 0 0.50000 12.65000 89.41076 0.10704 13
0.55065 -0.13871 77.85657 0 4.20000 -17.05000 68.35045 0.11581 -13
-1.88154 0.00503 64.49952 0 -0.12500 56.90000 30.27068 0.21458 -13
-0.97642 0.00654 50.37410 0 -0.20000 30.75000 36.04245 0.14074 13
-0.49234 -0.12001 38.45032 0 3.60000 15.70000 34.54377 0.11289 13
1.37644 -0.16084 50.75293 0 4.82500 -41.12500 30.08115 0.17207 13
0.15591 -0.12738 90.16937 0 3.82500 -5.12500 89.10971 0.10272 13
-0.76032 0.09073 32.76651 0 -2.72500 23.77500 26.12269 0.12683 -13
-0.43539 -0.01718 1.30025 0 0.92500 15.77500 1.19204 0.11026 -13
-0.27977 -0.07376 15.09589 0 2.25000 7.60000 14.54045 0.10485 -13
1.54295 -0.05000 84.37848 0 1.50000 -47.70000 45.93186 0.18523 13
1.45418 0.14655 31.08875 0 -4.45000 -43.15000 17.74269 0.17836 13
1.48399 -0.25243 31.08875 0 7.57500 -44.02500 17.74269 0.18195 13
0.90139 0.01341 78.33575 0 -0.40000 -29.75000 58.18871 0.13558 -13
-1.24737 -0.19361 89.97286 0 5.82500 35.95000 56.90746 0.16216 13
1.65978 -0.13790 44.12785 0 4.17500 -48.60000 22.93004 0.19565 -13
-0.03196 -0.24613 62.06644 0 7.42500 0.02500 62.03657 0.10375 13
-0.21222 0.03970 41.59820 0 -1.20000 9.50000 40.69339 0.10303 13
0.47259 -0.18396 16.21114 0 5.52500 -12.97500 14.70098 0.11289 13
0.86945 0.01704 18.74322 0 -0.55000 -25.62500 14.14581 0.13345 13
0.84783 -0.22758 59.10483 0 6.85000 -25.82500 45.55404 0.13399 13
0.10800 -0.03722 64.99830 0 1.12500 -4.15000 64.62303 0.10136 13
0.27240 0.11758 83.13778 0 -3.55000 -8.85000 80.25275 0.10504 -13
-0.04387 0.11344 69.13518 0 -3.42500 0.07500 69.06962 0.10145 13
-0.66759 -0.24427 77.30673 0 7.35000 20.20000 64.86152 0.12355 13
-0.72288 -0.00369 40.60554 0 0.12500 21.92500 32.90795 0.12426 -13
-1.33809 -0.22348 12.27117 0 6.67500 40.90000 7.46156 0.16961 13
-1.41697 -0.13412 68.86582 0 4.02500 44.57500 39.94391 0.17516 13
-1.28077 -0.18245 37.30897 0 5.52500 36.27500 23.19351 0.16469 -13
0.69740 -0.05544 46.78127 0 1.65000 -20.52500 38.39089 0.12290 13
-0.55218 -0.19256 88.11745 0 5.80000 16.15000 77.46340 0.11665 13
0.39857 -0.09697 9.36955 0 2.87500 -12.92500 8.70919 0.10883 13
0.60270 0.01224 15.19281 0 -0.40000 -18.45000 13.01233 0.11759 13
-0.47328 0.11585 87.40625 0 -3.50000 13.57500 79.10048 0.11202 -13
1.97592 -0.11671 19.12612 0 3.57500 -61.90000 8.68263 0.22339 -13
-0.17460 -0.04660 14.64925 0 1.45000 1.25000 14.43140 0.10234 -13
-1.41535 0.06986 68.47033 0 -2.10000 41.50000 39.57448 0.17465 -13
1.89145 -0.14559 83.01127 0 4.37500 -57.17500 39.11728 0.21594 13
0.34155 0.11688 21.78161 0 -3.50000 -10.07500 20.62705 0.10705 -13
-0.76106 -0.12333 3.33041 0 3.52500 25.07500 2.65747 0.12713 13
0.54976 -0.01706 59.30315 0 0.52500 -15.07500 51.96957 0.11493 -13
-1.08496 0.12774 67.35503 0 -3.87500 32.85000 45.84809 0.14916 13
-1.11534 -0.27210 67.35503 0 8.20000 33.77500 45.84809 0.15331 13
1.30575 -0.24684 47.26112 0 7.42500 -40.37500 29.26999 0.16746 13
1.12082 0.09637 29.29412 0 -2.87500 -31.22500 19.55244 0.15156 -13
-0.80272 -0.05471 25.17740 0 1.67500 23.60000 19.64596 0.12926 -13
-0.25682 0.07799 23.84244 0 -2.32500 10.42500 23.09736 0.10426 -13
-0.18976 0.13087 92.07739 0 -3.95000 5.12500 90.48947 0.10335 13
-0.19483 -0.26879 92.07739 0 8.10000 5.27500 90.48947 0.10610 13
1.40049 0.14414 26.57725 0 -4.37500 -41.97500 15.54941 0.17393 13
1.43048 -0.25494 26.57725 0 7.65000 -42.85000 15.54941 0.17758 13
0.64856 0.03314 51.38954 0 -1.00000 -19.02500 43.12287 0.12008 13
-1.48450 0.11149 87.11212 0 -3.37500 45.92500 48.87536 0.18061 13
-1.61870 -0.06743 95.82317 0 2.02500 49.62500 50.44475 0.19172 13
-0.26245 -0.23832 66.68892 0 7.17500 6.67500 64.61637 0.10684 13
-0.81471 -0.21081 60.54625 0 6.35000 23.30000 47.34378 0.13161 13
0.36196 -0.22561 30.78036 0 6.77500 -11.82500 29.02452 0.10947 13
-1.10311 -0.05143 49.43547 0 1.57500 31.65000 33.22644 0.15003 -13
-0.91320 0.00667 3.74695 0 -0.37500 27.05000 2.76685 0.13643 13
-0.30038 -0.22537 15.60896 0 6.77500 8.82500 14.97909 0.10755 13
0.22382 -0.03556 11.38891 0 1.12500 -7.17500 11.11426 0.10327 -13
-1.40674 0.13373 2.85711 0 -3.75000 42.77500 1.66490 0.17427 -13
-1.44265 -0.26458 2.85711 0 8.30000 44.02500 1.66490 0.17937 -13
1.91997 -0.14107 79.11331 0 4.27500 -57.75000 36.83020 0.21847 -13
-0.75646 -0.07054 73.37971 0 2.12500 21.97500 58.57489 0.12647 -13
-1.03837 -0.24487 72.04339 0 7.40000 30.95000 50.72388 0.14727 -13
-0.99173 -0.07483 82.07208 0 2.25000 30.27500 58.35519 0.14203 13
-0.97918 0.08861 82.98336 0 -2.67500 28.47500 59.40482 0.14123 13
1.68067 -0.21191 80.36075 0 6.40000 -50.17500 41.75892 0.19811 -13
0.57265 -0.16062 98.01493 0 4.85000 -18.57500 85.32165 0.11717 -13
0.39922 -0.18647 32.80329 0 5.65000 -11.52500 30.53587 0.11006 -13
0.29116 -0.11296 98.19645 0 3.40000 -7.50000 94.32800 0.10550 -13
0.14122 0.10140 43.42616 0 -3.07500 -6.30000 43.00382 0.10222 13
-0.57904 -0.05513 54.51294 0 1.67500 18.55000 47.19286 0.11650 -13
1.01372 0.05586 34.22602 0 -1.67500 -31.20000 24.05464 0.14350 -13
0.78294 0.01741 14.62628 0 -0.57500 -26.12500 11.51722 0.12791 13
2.02563 -0.24689 39.80402 0 7.47500 -60.75000 18.04146 0.22890 -13
0.49332 -0.00078 98.39663 0 0.02500 -15.02500 88.24335 0.11229 13
-0.34450 0.13179 29.87851 0 -4.00000 8.02500 28.27465 0.10734 13
-0.35357 -0.26785 29.87851 0 8.05000 8.27500 28.27465 0.11015 13
1.35047 0.11170 31.08929 0 -3.40000 -41.60000 18.57576 0.16960 13
-1.35158 -0.01537 7.72904 0 0.35000 42.25000 4.59756 0.16932 13
-0.56300 -0.13749 90.83814 0 4.15000 19.00000 79.33261 0.11639 13
-0.38622 -0.12576 91.73859 0 3.80000 13.75000 85.66439 0.10869 13
1.87351 0.09881 88.51552 0 -2.97500 -55.22500 41.83823 0.21408 -13
0.03132 -0.03986 43.99246 0 1.20000 -2.20000 43.97093 0.10083 13
-0.77174 -0.10210 66.31381 0 3.10000 23.40000 52.59961 0.12762 -13
0.21206 0.04523 3.64907 0 -1.50000 -6.92500 3.56969 0.10311 13
0.05116 -0.17044 46.02312 0 5.15000 -3.60000 45.96471 0.10229 -13
0.16381 -0.04231 30.80405 0 1.25000 -5.70000 30.39952 0.10213 13
0.83086 -0.21463 49.66190 0 6.47500 -22.27500 38.54596 0.13271 -13
0.33565 -0.16515 71.28879 0 5.00000 -9.82500 67.67403 0.10752 -13
-0.23706 -0.17269 54.49585 0 5.20000 6.65000 53.06711 0.10494 13
-0.98150 -0.15432 88.72323 0 4.65000 27.65000 63.68387 0.14195 13
-0.29326 0.13281 14.52970 0 -3.97500 8.50000 13.95199 0.10578 -13
-0.30085 -0.26662 14.52970 0 8.07500 8.72500 13.95199 0.10857 -13
-0.98741 -0.22326 86.51958 0 6.72500 28.30000 62.29906 0.14328 13
-0.49967 -0.22720 75.66209 0 6.85000 15.27500 68.01731 0.11487 13
-0.31199 0.09758 52.96937 0 -2.92500 10.22500 50.58672 0.10594 -13
0.31247 -0.05224 25.89981 0 1.55000 -10.72500 24.72382 0.10564 13
0.96149 -0.01231 47.53272 0 0.35000 -30.40000 34.26515 0.13971 13
-0.31157 -0.02995 4.71590 0 0.80000 9.52500 4.50238 0.10554 13
-0.03836 0.07378 20.41596 0 -2.20000 1.97500 20.40107 0.10104 -13
-0.14529 0.09324 3.68070 0 -2.67500 6.20000 3.64280 0.10219 -13
-1.72605 0.02242 13.56213 0 -0.60000 52.37500 6.79965 0.20090 -13
0.01926 0.09898 72.77976 0 -3.00000 0.27500 72.76639 0.10122 13
-0.16047 -0.08348 93.88891 0 2.52500 4.72500 92.71087 0.10234 13
-0.85704 0.02928 75.13181 0 -0.87500 22.17500 57.05751 0.13266 -13
0.64730 -0.20181 42.03836 0 6.10000 -17.42500 35.49619 0.12168 -13
-0.34568 0.11484 39.82612 0 -3.47500 9.35000 37.66688 0.10718 13
-2.08572 0.07351 79.15118 0 -2.22500 62.35000 34.29403 0.23306 13
0.65094 0.06296 94.21551 0 -1.90000 -21.32500 79.00684 0.12032 13
-1.95825 0.06221 69.92385 0 -1.87500 59.30000 31.84879 0.22151 -13
-0.64131 -0.07180 7.13382 0 2.25000 16.60000 6.00905 0.11990 -13
-0.05141 -0.17500 69.29327 0 5.27500 0.45000 69.20458 0.10237 -13
-0.05423 -0.15802 9.24038 0 4.70000 0.70000 9.22715 0.10208 13
-0.93508 -0.19616 65.69155 0 5.92500 29.67500 48.40256 0.13929 -13
1.23046 -0.23301 57.95220 0 7.05000 -38.25000 37.13061 0.16140 -13
0.64137 0.13777 89.81723 0 -4.15000 -20.97500 75.80982 0.12044 13
0.65673 -0.26153 89.81723 0 7.87500 -21.45000 75.80982 0.12332 13
1.59270 0.02146 61.34438 0 -0.62500 -46.70000 32.62426 0.18940 -13
0.14946 -0.19024 64.50875 0 5.75000 -6.40000 63.82445 0.10362 -13
0.38283 0.08993 12.83846 0 -2.75000 -13.85000 11.99622 0.10822 13
0.45343 -0.20324 47.64797 0 6.15000 -11.20000 43.54308 0.11245 -13
-0.01952 0.07926 3.37407 0 -2.25000 1.62500 3.37343 0.10105 -13
1.32467 0.05877 74.30169 0 -1.77500 -40.40000 44.81582 0.16725 13
0.35829 -0.07954 12.84758 0 2.45000 -10.97500 12.09896 0.10728 -13
0.22224 0.13494 35.18955 0 -4.07500 -6.57500 34.36598 0.10406 13
0.22781 -0.26449 35.18955 0 7.97500 -6.75000 34.36598 0.10665 13
0.95347 0.05758 24.33799 0 -1.77500 -28.87500 17.62821 0.13928 13
0.14978 -0.11487 72.91784 0 3.47500 -3.27500 72.12361 0.10248 -13
-0.28639 -0.07014 97.09761 0 2.10000 9.00000 93.36228 0.10499 13
0.24511 -0.21297 31.45090 0 6.45000 -6.60000 30.58426 0.10589 -13
0.47487 -0.00641 63.28079 0 0.20000 -13.85000 57.16331 0.11148 -13
-1.60764 0.09856 57.68158 0 -2.95000 48.95000 30.57244 0.19092 -13
0.72048 0.11784 26.40508 0 -3.57500 -19.90000 21.47424 0.12469 13
0.74361 -0.28264 26.40508 0 8.50000 -20.57500 21.47424 0.12851 13
-0.33320 0.13287 26.99086 0 -4.00000 11.02500 25.62909 0.10698 -13
-0.34182 -0.26661 26.99086 0 8.07500 11.27500 25.62909 0.10977 -13
0.37162 0.00847 6.11980 0 -0.17500 -11.70000 5.73659 0.10745 -13
-1.45505 0.02044 64.78893 0 -0.60000 42.50000 36.70104 0.17781 -13
1.22870 -0.06564 91.98909 0 2.00000 -39.45000 58.14179 0.15967 -13
0.32484 -0.06250 48.05484 0 1.87500 -8.82500 45.71253 0.10607 13
-0.37496 -0.24580 53.38152 0 7.42500 11.12500 50.16000 0.11037 -13
-0.13032 -0.14291 18.91760 0 4.27500 4.07500 18.76210 0.10256 13
-1.29621 -0.24257 16.14046 0 7.25000 40.02500 10.03559 0.16659 13
-1.08978 0.06531 31.02799 0 -1.95000 31.42500 21.00220 0.14909 -13
1.25866 -0.18915 89.79473 0 5.72500 -36.82500 56.45913 0.16301 -13
-1.23102 -0.15579 86.04741 0 4.70000 40.60000 54.64565 0.16048 13
-0.33952 -0.11920 70.10224 0 3.60000 9.47500 66.42838 0.10702 13
-1.00127 -0.03835 69.61273 0 1.17500 31.45000 49.21041 0.14257 -13
0.11789 -0.21385 2.15645 0 6.70000 -4.25000 2.14225 0.10396 -13
-0.14763 0.00597 68.97793 0 -0.17500 7.22500 68.23838 0.10179 -13
1.19710 0.05575 10.14239 0 -1.75000 -34.72500 6.50809 0.15723 13
-0.05881 -0.24093 81.05742 0 7.27500 3.12500 80.92526 0.10376 -13
0.03539 0.07899 49.26401 0 -2.40000 -1.65000 49.23337 0.10108 13
-0.39946 0.14494 64.67684 0 -4.37500 12.00000 60.14749 0.10942 13
-0.40789 -0.25403 64.67684 0 7.65000 12.25000 60.14749 0.11172 13
-1.70009 -0.11974 9.80327 0 3.70000 50.15000 4.99638 0.19908 -13
-1.03452 -0.22311 94.15700 0 6.75000 29.20000 66.25675 0.14664 -13
0.61037 -0.08263 23.15737 0 2.47500 -15.75000 19.78433 0.11827 13
-0.53300 0.04855 53.70300 0 -1.45000 13.77500 47.40401 0.11422 -13
-0.13736 -0.10353 71.45344 0 3.12500 5.15000 70.79574 0.10218 -13
-1.13194 -0.21322 56.43251 0 6.45000 35.77500 37.82726 0.15362 -13
1.16742 0.13256 64.40892 0 -4.00000 -34.40000 42.11127 0.15537 -13
1.19782 -0.26698 64.40892 0 8.07500 -35.32500 42.11127 0.15944 -13
0.20229 0.09920 19.21692 0 -3.02500 -7.77500 18.83907 0.10324 13
-1.25538 -0.11322 72.67070 0 3.40000 40.55000 45.45456 0.16202 13
1.84823 0.07072 8.77692 0 -2.25000 -56.50000 4.18472 0.21182 13
-1.62611 -0.00391 95.38570 0 0.10000 50.62500 49.96701 0.19224 13
0.63839 -0.19209 62.29736 0 5.80000 -19.47500 52.78227 0.12104 -13
-1.27259 0.05013 67.57141 0 -1.52500 39.67500 41.78236 0.16307 13
1.08031 -0.16734 75.33379 0 5.05000 -31.37500 51.55397 0.14919 13
-0.66130 0.10983 84.28123 0 -3.30000 20.52500 70.42798 0.12123 -13
-0.18519 -0.01711 95.12184 0 0.52500 9.10000 93.53201 0.10243 -13
-2.15780 0.00918 86.20764 0 -0.27500 62.45000 36.25000 0.23950 -13
-0.69941 -0.15871 29.24918 0 4.77500 21.77500 24.06596 0.12391 13
1.50611 -0.06584 94.33458 0 2.00000 -43.12500 52.25806 0.18219 -13
0.47434 -0.19841 75.02666 0 6.00000 -13.67500 68.02426 0.11324 -13
0.67684 0.14235 59.07787 0 -4.27500 -20.12500 49.07813 0.12244 -13
0.69179 -0.25670 59.07787 0 7.75000 -20.57500 49.07813 0.12516 -13
-0.48806 -0.20844 70.64692 0 6.30000 13.15000 63.74471 0.11401 -13
1.97235 -0.03242 47.09409 0 1.00000 -59.07500 21.30548 0.22272 -13
-1.44585 -0.24570 90.36680 0 7.42500 44.97500 52.42273 0.17877 -13
-0.65870 -0.11843 70.99353 0 3.57500 20.10000 59.41185 0.12117 13
-0.03805 0.02393 67.54360 0 -0.72500 1.25000 67.49478 0.10080 -13
0.19996 -0.12074 44.91783 0 3.62500 -8.52500 44.05807 0.10341 13
-0.12346 0.00928 69.44429 0 -0.27500 4.95000 68.92096 0.10147 -13
-0.51050 -0.03681 27.79966 0 1.12500 15.52500 24.76341 0.11313 -13
2.03208 -0.13827 67.92904 0 4.15000 -61.27500 30.22223 0.22848 13
0.41383 -0.22581 76.84292 0 6.82500 -11.52500 71.25641 0.11134 -13
0.28050 -0.14874 51.41188 0 4.50000 -9.40000 49.54042 0.10566 -13
0.91933 -0.00573 58.94905 0 0.15000 -28.32500 43.39719 0.13679 13
-0.71084 0.03438 7.76700 0 -0.95000 23.60000 6.33179 0.12361 -13
-0.49194 -0.23889 84.18380 0 7.22500 16.92500 75.93877 0.11478 -13
0.78697 0.02662 4.37323 0 -0.95000 -22.42500 3.43706 0.12824 13
0.08556 -0.11280 61.36844 0 3.40000 -4.12500 61.14781 0.10171 -13
-0.65484 0.11879 87.95860 0 -3.57500 18.95000 73.73941 0.12097 -13
-0.67556 -0.28156 87.95860 0 8.50000 19.57500 73.73941 0.12471 -13
-0.13170 -0.18567 18.08831 0 5.62500 6.47500 17.93852 0.10330 -13
1.30761 -0.07241 16.42555 0 2.12500 -37.00000 9.99456 0.16592 13
-2.08791 -0.08677 2.77336 0 2.20000 62.52500 1.20205 0.23313 13
0.71747 0.02216 4.82207 0 -0.80000 -20.82500 3.91832 0.12400 13
-0.91887 -0.03710 84.71338 0 1.10000 26.57500 62.39762 0.13682 13
-0.63490 0.11899 22.02412 0 -3.55000 19.72500 18.63041 0.11988 -13
-0.72843 0.03464 5.41178 0 -1.15000 22.55000 4.37538 0.12468 13
-0.39743 -0.23067 48.20926 0 6.95000 11.32500 44.95570 0.11082 13
-1.73046 0.10572 80.46645 0 -3.17500 51.02500 40.42887 0.20154 -13
-0.27727 -0.11873 11.12942 0 3.62500 9.05000 10.72996 0.10521 -13
-0.84766 0.07597 37.01627 0 -2.30000 27.92500 28.27090 0.13224 13
0.36406 -0.20672 74.66338 0 6.22500 -12.40000 70.32746 0.10917 13
1.25544 0.00785 90.90559 0 -0.25000 -36.90000 56.63892 0.16163 13
0.97013 0.05668 36.97700 0 -1.70000 -30.32500 26.56106 0.14042 -13
0.26419 0.03331 67.14254 0 -1.00000 -4.65000 64.91762 0.10421 13
-0.85879 -0.20578 24.26931 0 6.17500 24.52500 18.57263 0.13432 13
-0.59200 -0.10002 67.59231 0 3.02500 19.52500 58.23856 0.11746 -13
1.78586 -0.16922 58.62520 0 5.07500 -53.32500 28.95085 0.20680 13
-1.47936 -0.15816 8.81639 0 4.67500 43.95000 4.97920 0.18045 13
-0.02380 0.03141 30.16365 0 -0.97500 3.05000 30.15512 0.10078 13
0.45397 0.05468 34.32869 0 -1.67500 -14.52500 31.26651 0.11073 13
0.17220 0.01749 14.10228 0 -0.50000 -4.15000 13.89782 0.10221 -13
1.05375 -0.13148 57.67805 0 3.97500 -32.82500 39.88164 0.14690 -13
0.65555 0.28397 57.67805 0 4.12500 -32.87500 39.88164 0.14851 -13
0.10857 -0.09898 31.72008 0 3.00000 -2.50000 31.53658 0.10179 -13
-0.01733 -0.00392 90.09439 0 0.12500 0.25000 90.08086 0.10072 -13
1.67001 -0.01025 24.23264 0 0.35000 -47.42500 12.44962 0.19603 -13
-0.48117 -0.05460 11.17554 0 1.60000 14.52500 10.07304 0.11189 13
0.47767 -0.03426 49.28196 0 1.02500 -14.27500 44.47373 0.11165 13
-1.22025 -0.02335 18.90035 0 0.67500 38.27500 11.98160 0.15889 13
0.02917 -0.22519 43.54427 0 6.77500 -0.82500 43.52664 0.10326 13
-1.61856 0.04674 8.60431 0 -1.52500 48.27500 4.52612 0.19170 13
-0.26845 -0.01303 75.58045 0 0.40000 9.60000 72.99637 0.10428 -13
0.31393 -0.01964 52.13358 0 0.60000 -8.65000 49.74106 0.10557 -13
1.60012 0.06295 29.37518 0 -1.92500 -48.92500 15.59083 0.19012 13
-0.03139 -0.61253 29.37518 0 0.02500 -49.80000 15.59083 0.20593 13
-0.51687 0.04475 29.37518 0 -1.92500 -49.52500 15.59083 0.21550 13
0.56414 -0.11833 29.37518 0 -0.27500 -47.97500 15.59083 0.22766 13
0.14375 -2.24163 29.37518 0 -1.80000 -47.90000 15.59083 0.24294 13
-1.14150 2.38078 29.37518 0 -1.30000 -47.95000 15.59083 0.24487 13
0.48056 0.46845 29.37518 0 -1.70000 -50.40000 15.59083 0.25741 13
0.66117 -0.00350 86.21571 0 0.10000 -18.70000 71.91775 0.12072 -13
1.29562 0.14682 97.53457 0 -4.45000 -40.45000 59.99141 0.16549 13
1.32198 -0.25208 97.53457 0 7.60000 -41.22500 59.99141 0.16883 13
1.96317 -0.04157 34.38550 0 1.27500 -61.00000 15.61811 0.22192 -13
0.10999 -0.03062 41.64867 0 0.92500 -0.37500 41.39924 0.10136 -13
1.98911 -0.20533 74.43597 0 6.17500 -61.87500 33.98710 0.22513 13
-0.50204 -0.19296 54.18703 0 5.80000 16.20000 48.60264 0.11433 13
-1.01454 -0.10449 53.83607 0 3.17500 31.50000 37.89579 0.14385 -13
0.43508 -0.24881 42.29874 0 7.50000 -13.92500 38.96792 0.11263 13
-0.21634 -0.18691 13.08890 0 5.67500 7.27500 12.80266 0.10477 -13
1.86953 -0.20087 54.04857 0 6.05000 -56.32500 25.88476 0.21445 13
0.35856 -0.11160 34.24194 0 3.35000 -8.60000 32.25523 0.10756 13
-0.01022 0.03191 4.44319 0 -1.07500 1.05000 4.44297 0.10080 13
1.29735 -0.09762 66.21321 0 2.95000 -37.97500 40.54220 0.16526 -13
0.02046 -0.10740 8.95418 0 3.17500 -0.10000 8.95231 0.10129 13
0.48241 -0.05567 48.13549 0 1.70000 -15.42500 43.36697 0.11195 -13
-0.65564 -0.06020 86.46055 0 1.82500 17.65000 72.34483 0.12058 -13
-1.79725 -0.13837 4.45383 0 3.92500 54.07500 2.18043 0.20750 13
-0.30761 -0.03814 66.40051 0 1.15000 8.10000 63.46978 0.10543 13
-0.17288 -0.09863 69.72369 0 2.97500 7.80000 68.71409 0.10268 -13
0.83983 0.04606 6.13290 0 -1.50000 -22.32500 4.69830 0.13163 13
-0.05085 -0.10459 5.66043 0 3.07500 2.42500 5.65323 0.10137 13
-0.62761 -0.21191 32.54821 0 6.37500 18.85000 27.73708 0.12078 13
0.54848 -0.06415 37.79822 0 1.95000 -16.52500 33.15624 0.11504 -13
1.85467 -0.14763 19.49051 0 4.50000 -56.15000 9.32744 0.21276 -13
-0.77311 0.09123 64.12490 0 -2.75000 23.22500 50.81021 0.12762 13
0.47840 -0.23871 97.96290 0 7.20000 -17.50000 88.81740 0.11419 13
1.33554 0.07446 58.27619 0 -2.22500 -38.67500 34.99046 0.16818 -13
0.22115 -0.00407 92.79121 0 0.12500 -7.17500 90.60218 0.10314 13
-0.02426 -0.06836 5.02884 0 1.97500 0.05000 5.02736 0.10097 13
-0.40860 0.12548 81.81847 0 -3.80000 11.50000 75.82392 0.10952 13
-0.42042 -0.27446 81.81847 0 8.27500 11.85000 75.82392 0.11268 13
0.55121 0.08377 95.14189 0 -2.52500 -15.85000 83.38970 0.11530 -13
-0.60540 -0.19632 92.09242 0 5.92500 21.87500 79.17543 0.11937 -13
1.88623 0.05139 87.53133 0 -1.55000 -54.90000 41.04231 0.21505 13
0.38707 -0.05050 66.48593 0 1.52500 -12.45000 62.01347 0.10810 -13
1.80602 -0.09337 91.59789 0 2.80000 -54.45000 44.51835 0.20809 13
-2.12738 -0.15936 53.42649 0 4.77500 61.27500 22.96230 0.23724 13
0.52150 -0.04496 20.94981 0 1.32500 -15.22500 18.57945 0.11366 13
-1.66496 0.03862 80.87799 0 -1.15000 48.42500 41.66523 0.19562 -13
-0.98884 -0.08738 11.83293 0 2.57500 31.50000 8.42975 0.14188 13
1.94987 -0.04445 35.05336 0 1.30000 -59.72500 16.00894 0.22070 13
0.10289 -0.07857 89.40688 0 2.37500 -4.97500 88.94025 0.10155 -13
-0.53703 -0.23984 96.09608 0 7.25000 16.02500 85.18099 0.11683 -13
0.47644 -0.19763 42.13710 0 5.97500 -12.20000 38.17313 0.11332 -13
-1.37590 -0.11037 61.72131 0 3.35000 40.32500 36.43004 0.17166 -13
1.84464 0.10714 70.18295 0 -3.25000 -56.92500 33.59522 0.21159 13
-0.99689 -0.15012 75.17318 0 4.52500 28.42500 53.53275 0.14300 -13
1.32579 -0.15676 58.29631 0 4.72500 -42.32500 35.37620 0.16796 13
-0.53071 0.09761 71.86223 0 -2.92500 18.12500 63.54274 0.11443 -13
0.28380 -0.10837 18.37836 0 3.30000 -9.85000 17.68767 0.10526 -13
0.09299 0.00462 54.93290 0 -0.15000 -3.15000 54.69695 0.10114 13
1.89589 -0.00761 58.61717 0 0.25000 -56.15000 27.34789 0.21586 -13
0.53742 -0.07366 58.32877 0 2.20000 -16.17500 51.41038 0.11456 13
-0.93592 -0.02709 96.33521 0 0.80000 25.85000 70.34785 0.13796 13
0.08296 -0.22166 33.53239 0 6.70000 -2.45000 33.42299 0.10349 -13
0.17721 0.05705 31.77346 0 -1.70000 -3.90000 31.28757 0.10243 -13
1.18629 -0.18584 8.53091 0 5.52500 -35.50000 5.55307 0.15728 13
-1.61308 -0.03670 71.46674 0 1.10000 48.12500 37.67434 0.19115 13
0.69939 -0.02636 66.10684 0 0.80000 -22.87500 54.17855 0.12292 -13
-1.61319 -0.17967 98.26169 0 5.40000 50.42500 52.36501 0.19198 13
-0.50367 -0.23246 10.55163 0 7.07500 17.60000 9.47335 0.11521 -13
-0.44581 0.07627 41.03259 0 -2.32500 14.32500 37.49479 0.11053 13
-1.99752 -0.24710 27.95791 0 7.40000 59.57500 12.81380 0.22625 13
1.92331 -0.16175 85.31715 0 4.87500 -57.37500 39.75848 0.21888 13
0.30341 -0.00040 21.08819 0 -0.02500 -6.27500 20.17980 0.10524 13
-0.16599 0.00282 86.63509 0 -0.10000 5.87500 85.46563 0.10208 13
0.98951 0.14213 18.80206 0 -4.32500 -31.15000 13.43076 0.14242 13
1.01148 -0.25699 18.80206 0 7.72500 -31.80000 13.43076 0.14551 13
1.25209 -0.05492 39.08066 0 1.67500 -37.20000 24.41071 0.16147 -13
0.43305 0.01208 56.82992 0 -0.37500 -11.80000 52.15052 0.10975 13
-0.75748 0.11844 1.65280 0 -3.95000 25.15000 1.32097 0.12733 13
-0.78161 -0.28193 1.65280 0 8.12500 25.77500 1.32097 0.13075 13
0.24080 0.01585 83.76931 0 -0.47500 -7.70000 81.44188 0.10359 -13
0.45233 -0.10144 25.09109 0 3.05000 -13.45000 22.88072 0.11099 13
-1.48110 -0.15922 10.41026 0 4.72500 43.40000 5.87519 0.18063 13
0.94394 -0.18087 57.49025 0 5.47500 -26.15000 42.12189 0.13968 -13
-1.98745 0.01823 76.76377 0 -0.57500 61.90000 34.50754 0.22406 13
-0.16140 -0.21749 83.36109 0 6.57500 5.97500 82.34321 0.10434 -13
-0.67162 -0.18324 46.95562 0 5.55000 19.72500 39.17833 0.12272 -13
-0.15567 -0.20890 83.70575 0 6.30000 5.57500 82.75056 0.10407 -13
0.54540 0.08144 42.77533 0 -2.45000 -15.30000 37.58172 0.11500 -13
-0.45571 -0.04245 86.63445 0 1.27500 14.95000 78.84662 0.11075 -13
0.61064 -0.20059 95.97823 0 6.05000 -14.75000 82.34742 0.11971 -13
-1.29833 -0.19314 43.17290 0 5.85000 41.25000 26.64695 0.16620 -13
-0.65162 -0.11157 23.34056 0 3.40000 20.37500 19.59067 0.12074 -13
0.18648 -0.15465 65.22655 0 4.65000 -2.15000 64.14640 0.10361 13
-1.99103 -0.08898 6.79559 0 2.85000 56.10000 3.05941 0.22470 -13
0.15754 -0.06401 71.95996 0 1.95000 -4.42500 71.08685 0.10215 -13
0.79896 -0.04927 67.10328 0 1.50000 -25.72500 52.44980 0.12900 -13
-0.21147 -0.07901 84.86055 0 2.40000 9.85000 83.03546 0.10324 -13
0.95313 -0.01767 9.42017 0 0.60000 -30.00000 6.81908 0.13915 -13
1.78916 -0.24701 72.05280 0 7.42500 -53.87500 35.95054 0.20788 13
0.62225 -0.17981 76.34144 0 5.42500 -19.42500 65.10290 0.11998 -13
-0.72941 -0.20544 4.79070 0 6.07500 20.45000 3.89784 0.12628 13
0.86992 -0.12329 32.46989 0 3.70000 -26.65000 24.57709 0.13404 13
-1.16938 -0.01375 91.24992 0 0.40000 35.10000 59.30795 0.15495 13
-0.63855 0.09138 90.26890 0 -2.75000 20.92500 76.17205 0.11984 -13
-0.81814 0.07493 18.29353 0 -2.30000 24.27500 14.17464 0.13034 13
0.11535 -0.00103 60.06709 0 0.05000 -4.82500 59.67144 0.10137 -13
-0.86471 -0.20246 89.09483 0 6.10000 22.52500 67.96802 0.13468 13
-0.42518 0.05123 26.05734 0 -1.57500 15.60000 23.98471 0.10955 13
-1.18210 -0.20602 83.74696 0 6.22500 36.90000 54.74153 0.15731 -13
0.05943 -0.01423 70.87986 0 0.42500 -2.17500 70.75506 0.10089 13
1.69350 -0.10061 57.01105 0 3.02500 -52.52500 29.09622 0.19830 13
-1.24819 -0.15517 33.54480 0 4.65000 35.75000 21.12487 0.16181 13
-1.16586 0.10538 53.59711 0 -3.20000 35.45000 35.00523 0.15505 13
-0.62703 -0.01731 77.41518 0 0.52500 21.72500 65.59049 0.11887 -13
-1.01579 0.03719 48.85394 0 -1.10000 29.17500 34.28558 0.14360 -13
-1.32848 -0.18952 44.78829 0 5.70000 38.10000 27.23892 0.16851 13
0.50031 0.13007 47.64856 0 -3.92500 -14.77500 42.68410 0.11337 13
0.51385 -0.26965 47.64856 0 8.12500 -15.20000 42.68410 0.11642 13
-0.45368 -0.00959 86.47239 0 0.27500 12.67500 78.74786 0.11059 13
-1.02447 0.04210 88.21010 0 -1.27500 32.55000 61.64382 0.14423 13
-1.37783 -0.24091 28.67497 0 7.25000 40.97500 17.15312 0.17313 13
