-0.16939 0.07282 81.20263 0 -2.20000 4.40000 80.06821 0.10240 -13
-0.79545 0.12466 2.69528 0 -4.00000 26.57500 2.11581 0.12951 13
-0.81984 -0.27664 2.69528 0 8.07500 27.20000 2.11581 0.13290 13
1.62821 -0.17326 27.25829 0 5.20000 -46.37500 14.41853 0.19319 13
0.70636 0.10489 51.57968 0 -3.15000 -22.10000 42.20591 0.12374 -13
1.16828 -0.01357 79.64788 0 0.42500 -36.07500 51.79594 0.15487 -13
-1.04653 -0.06199 55.03405 0 1.85000 32.62500 38.05785 0.14589 13
0.19870 -0.08187 36.69366 0 2.47500 -7.20000 35.99481 0.10301 -13
-0.62600 -0.15334 28.66884 0 4.65000 18.55000 24.37961 0.11982 -13
0.33333 -0.02770 4.33298 0 0.72500 -11.50000 4.11077 0.10620 13
-0.24575 0.01298 81.59856 0 -0.37500 6.55000 79.24122 0.10371 -13
-0.16786 -0.14010 17.93358 0 4.20000 5.57500 17.69089 0.10307 13
0.85319 -0.05094 67.49339 0 1.52500 -26.10000 51.37294 0.13247 13
0.12788 0.13312 55.42124 0 -4.00000 -1.55000 54.98129 0.10240 -13
0.13118 -0.26638 55.42124 0 8.05000 -1.65000 54.98129 0.10505 -13
-0.71807 0.07427 35.04227 0 -2.25000 19.65000 28.49016 0.12421 13
0.80342 0.10443 1.13394 0 -2.60000 -24.32500 0.88587 0.12995 -13
0.16722 0.05280 27.90732 0 -1.60000 -6.55000 27.52616 0.10224 13
-0.59700 0.09170 87.24846 0 -2.75000 18.77500 74.99618 0.11764 -13
0.27817 -0.04332 84.32442 0 1.30000 -7.30000 81.24548 0.10461 13
0.80291 -0.01676 64.39747 0 0.52500 -25.50000 50.21707 0.12916 -13
-1.37818 -0.19436 49.13962 0 5.85000 41.40000 29.20876 0.17257 13
-0.43982 0.12532 16.67707 0 -3.75000 14.15000 15.28498 0.11073 -13
-0.45261 -0.27455 16.67707 0 8.32500 14.52500 15.28498 0.11398 -13
-0.84356 0.04529 68.16926 0 -1.37500 25.12500 52.12857 0.13183 13
0.18753 -0.00015 38.29497 0 -0.00000 -5.72500 37.63894 0.10245 13
0.77230 -0.02852 83.33738 0 0.87500 -22.75000 65.96718 0.12728 -13
-0.22913 -0.07826 46.79224 0 2.37500 7.67500 45.61719 0.10361 -13
-1.48019 -0.14192 17.27740 0 4.22500 46.72500 9.73761 0.18043 13
0.79502 0.12467 22.83065 0 -3.80000 -26.30000 17.92382 0.12928 13
0.81828 -0.27534 22.83065 0 8.27500 -27.00000 17.92382 0.13301 13
0.18939 0.12779 10.36919 0 -3.80000 -6.70000 10.19088 0.10328 -13
0.19467 -0.27194 10.36919 0 8.25000 -6.85000 10.19088 0.10624 -13
-0.24178 -0.01439 64.87012 0 0.42500 8.55000 63.05365 0.10361 13
-0.57213 -0.01258 92.45384 0 0.37500 15.25000 80.24996 0.11602 13
0.88035 -0.02982 66.30442 0 0.90000 -23.25000 49.77660 0.13419 13
-1.04559 0.02280 69.82837 0 -0.70000 33.82500 48.26987 0.14572 13
-0.75813 -0.00002 42.41544 0 -0.02500 23.30000 33.80006 0.12637 13
-0.92466 0.03835 4.77076 0 -1.02500 28.70000 3.50388 0.13723 -13
0.18763 -0.02924 9.64982 0 0.92500 -5.27500 9.48453 0.10251 -13
-0.66295 0.01062 28.58561 0 -0.30000 18.67500 23.82587 0.12083 -13
-1.95075 -0.14525 3.03104 0 4.02500 59.32500 1.39480 0.22093 13
1.70825 0.03619 29.37722 0 -1.12500 -52.30000 14.84856 0.19938 13
-1.32048 -0.20952 35.60399 0 6.30000 38.17500 21.78716 0.16811 13
-1.02362 -0.12653 62.48260 0 3.82500 32.70000 43.84007 0.14468 -13
0.79708 0.07894 33.03844 0 -2.35000 -22.72500 25.86694 0.12901 -13
-0.11781 -0.24313 34.41537 0 7.32500 1.80000 34.19199 0.10430 13
1.97611 0.00886 91.39575 0 -0.25000 -57.85000 41.26894 0.22302 -13
0.17279 -0.12196 25.53212 0 3.70000 -4.00000 25.16465 0.10294 -13
-1.39742 -0.21851 32.79505 0 6.62500 40.20000 19.37928 0.17447 -13
-0.59817 -0.10414 82.01622 0 3.12500 15.85000 70.48465 0.11781 13
0.49280 0.05872 84.05648 0 -1.77500 -14.40000 75.42360 0.11242 -13
-0.65371 -0.23975 89.13795 0 7.25000 20.10000 75.22501 0.12271 -13
0.03608 -0.10120 62.00590 0 3.05000 0.85000 61.96602 0.10129 -13
-1.78768 -0.16833 88.18784 0 5.07500 55.00000 43.51204 0.20696 13
0.17715 -0.23870 14.11151 0 7.17500 -5.92500 13.90649 0.10503 13
0.36672 -0.24811 74.39527 0 7.50000 -8.72500 70.08808 0.11014 -13
-0.67688 -0.04457 8.03697 0 1.42500 20.42500 6.65751 0.12171 -13
-1.85168 0.11169 41.85628 0 -3.40000 53.20000 19.98415 0.21225 13
0.28522 -0.17430 57.52585 0 5.27500 -8.35000 55.38105 0.10618 -13
0.14519 -0.04354 76.47509 0 1.32500 -4.32500 75.68316 0.10185 -13
0.86782 -0.08803 31.32624 0 2.62500 -25.42500 23.69860 0.13362 13
-1.47709 -0.13026 87.92043 0 3.92500 44.45000 49.57374 0.18010 13
0.33374 -0.09369 2.85531 0 2.65000 -10.85000 2.70933 0.10661 13
0.21657 -0.22871 94.88012 0 6.90000 -6.80000 92.83374 0.10559 -13
0.63625 -0.07062 86.72477 0 2.12500 -18.52500 73.22246 0.11957 -13
1.98418 0.14004 25.90147 0 -4.27500 -62.05000 11.74682 0.22426 13
2.02990 -0.25927 25.90147 0 7.77500 -63.40000 11.74682 0.22930 13
0.95135 -0.22199 4.58947 0 6.52500 -28.02500 3.36281 0.14066 13
0.32082 0.10111 4.09437 0 -3.17500 -8.92500 3.90047 0.10634 13
-0.49176 -0.07722 56.13385 0 2.35000 15.05000 50.40164 0.11249 -13
-0.88829 -0.10410 77.71882 0 3.15000 27.10000 58.24288 0.13511 -13
-0.76724 -0.18614 68.91119 0 5.60000 23.80000 55.01549 0.12830 13
0.37759 -0.13228 28.40737 0 3.97500 -12.07500 26.60446 0.10846 13
-1.82769 -0.19154 74.70688 0 5.77500 52.75000 36.35733 0.21067 13
-0.26302 -0.00592 76.62639 0 0.17500 5.65000 74.10614 0.10413 -13
-0.46795 0.12425 79.64921 0 -3.75000 16.17500 72.24035 0.11189 13
-0.48170 -0.27577 79.64921 0 8.30000 16.57500 72.24035 0.11517 13
-1.85228 -0.24709 66.39284 0 7.47500 54.62500 32.26850 0.21345 -13
1.31128 -0.04159 44.71309 0 1.27500 -37.12500 27.12898 0.16612 -13
1.34955 0.05480 76.77356 0 -1.67500 -41.25000 45.75151 0.16924 13
-0.83445 0.06892 64.64369 0 -2.07500 26.67500 49.68150 0.13134 -13
-2.22605 0.08168 42.73769 0 -2.50000 63.27500 17.56160 0.24589 13
0.37169 0.05955 37.51971 0 -1.77500 -11.25000 35.17650 0.10760 -13
-1.09162 -0.10206 79.58743 0 3.07500 32.35000 53.91157 0.14944 -13
0.23761 -0.02654 70.57563 0 0.80000 -7.42500 68.66527 0.10354 13
-0.31514 0.01375 53.82634 0 -0.42500 10.90000 51.33791 0.10559 13
1.58311 0.02758 44.94848 0 -0.80000 -48.57500 24.01155 0.18857 -13
-0.58189 0.07772 27.49292 0 -2.32500 17.70000 23.78085 0.11677 -13
0.05554 0.09612 10.53084 0 -2.95000 0.82500 10.51477 0.10134 13
-0.40089 0.12653 17.63684 0 -3.85000 11.47500 16.38832 0.10926 13
-0.41234 -0.27345 17.63684 0 8.22500 11.82500 16.38832 0.11232 13
-1.52489 -0.01165 50.41746 0 0.37500 43.45000 27.64996 0.18363 -13
0.85399 -0.05241 28.61423 0 1.55000 -23.75000 21.77201 0.13253 13
-0.14180 -0.18258 81.85728 0 5.52500 3.42500 81.07218 0.10336 -13
0.18401 -0.16361 82.17564 0 4.92500 -3.07500 80.85322 0.10371 13
1.98516 -0.11087 42.95342 0 3.37500 -60.57500 19.41857 0.22413 -13
-0.18116 0.02571 43.92634 0 -0.77500 7.22500 43.22326 0.10238 13
-0.68705 -0.01193 74.86898 0 0.37500 19.45000 61.70967 0.12218 -13
-0.97932 0.06351 62.20801 0 -1.92500 28.50000 44.48876 0.14110 13
0.33648 0.01854 37.01770 0 -0.57500 -10.90000 35.08535 0.10627 13
0.26040 -0.13743 50.31582 0 4.15000 -7.32500 48.72063 0.10498 -13
0.05790 -0.04333 2.70094 0 1.12500 -3.70000 2.69643 0.10102 13
-0.60369 0.14102 94.92242 0 -4.25000 16.40000 81.47544 0.11848 -13
-0.61738 -0.25812 94.92242 0 7.80000 16.80000 81.47544 0.12117 -13
-0.18824 0.01948 7.30955 0 -0.52500 5.37500 7.18338 0.10249 -13
0.13094 0.08579 33.91607 0 -2.57500 -2.27500 33.63119 0.10193 -13
1.39670 -0.11033 19.53136 0 3.27500 -45.70000 11.41601 0.17331 13
0.35182 -0.14971 56.35017 0 4.52500 -10.35000 53.22068 0.10782 -13
-0.57451 0.01723 52.46864 0 -0.52500 16.42500 45.49668 0.11615 13
0.21137 0.05438 2.20129 0 -1.40000 -7.52500 2.15385 0.10315 -13
1.79866 -0.21721 19.53537 0 6.60000 -53.07500 9.66009 0.20848 -13
-2.06132 0.07503 2.38900 0 -2.72500 61.25000 1.04491 0.23141 13
-1.13395 -0.00389 82.56291 0 0.12500 36.25000 54.60913 0.15225 -13
-0.52888 -0.23768 77.82408 0 7.17500 17.07500 69.20052 0.11641 -13
-0.11751 -0.05735 54.29570 0 1.75000 1.80000 53.92591 0.10156 -13
-0.41889 0.03794 25.77984 0 -1.12500 12.70000 23.78064 0.10925 -13
1.47132 -0.05874 38.50494 0 1.75000 -46.12500 21.66994 0.17924 13
0.12909 0.14248 48.11433 0 -4.30000 -4.40000 47.72623 0.10254 -13
0.13194 -0.25657 48.11433 0 7.75000 -4.47500 47.72623 0.10482 -13
-0.77910 0.01792 96.19081 0 -0.52500 23.77500 75.88424 0.12767 -13
0.02037 -0.16290 92.83669 0 4.92500 -1.37500 92.81794 0.10206 -13
0.89798 -0.18668 69.51851 0 5.62500 -28.87500 52.11857 0.13664 13
0.38216 -0.18464 68.67836 0 5.57500 -13.92500 64.28841 0.10940 13
-0.54806 -0.16631 14.57664 0 4.97500 17.32500 12.82228 0.11603 13
0.34807 0.02488 72.71630 0 -0.75000 -10.40000 68.67730 0.10666 13
-0.14762 -0.05058 23.27565 0 1.50000 7.50000 23.02681 0.10192 13
-1.38855 -0.02659 49.98517 0 0.77500 41.90000 29.21855 0.17234 13
-0.94127 -0.04715 24.30622 0 1.40000 26.62500 17.70816 0.13837 13
-0.27826 0.00198 50.85597 0 -0.05000 9.67500 48.99461 0.10452 -13
-1.73929 0.06884 68.44025 0 -2.05000 52.07500 34.17404 0.20215 -13
-0.06950 -0.00644 65.42296 0 0.20000 0.77500 65.26552 0.10095 -13
1.76861 0.00131 28.87266 0 -0.00000 -51.82500 14.21098 0.20460 -13
0.27747 -0.12355 27.42947 0 3.75000 -9.57500 26.44511 0.10525 -13
0.37676 -0.08794 66.36584 0 2.65000 -12.87500 62.13388 0.10798 13
0.46270 -0.10028 41.09491 0 3.00000 -14.20000 37.32894 0.11141 13
0.25205 0.03089 30.19862 0 -0.95000 -9.60000 29.28367 0.10390 13
0.43672 -0.17131 36.57473 0 5.15000 -10.50000 33.59420 0.11123 13
-0.80235 0.13412 67.17066 0 -4.02500 24.97500 52.57317 0.12981 -13
-0.82275 -0.26534 67.17066 0 8.02500 25.60000 52.57317 0.13313 -13
0.77206 -0.17859 13.75492 0 5.42500 -26.45000 10.95059 0.12853 -13
0.09634 -0.20622 60.39181 0 6.22500 -1.90000 60.12481 0.10329 -13
-1.70686 -0.12236 83.21925 0 3.67500 50.80000 42.30099 0.19958 13
0.07148 -0.07053 67.20967 0 2.12500 -2.77500 67.03951 0.10121 13
1.51965 0.12207 58.67530 0 -3.70000 -46.60000 32.42090 0.18360 13
1.56564 -0.27821 58.67530 0 8.37500 -47.97500 32.42090 0.18913 13
-1.34017 -0.03474 16.36507 0 1.10000 42.42500 9.79102 0.16843 -13
0.96027 -0.15238 99.49972 0 4.60000 -28.87500 72.16204 0.14046 -13
0.78370 0.03368 3.10058 0 -0.80000 -23.75000 2.44090 0.12804 -13
0.45621 -0.00130 87.00837 0 0.05000 -14.82500 79.15974 0.11069 -13
-1.04149 -0.23656 93.39063 0 7.12500 33.27500 65.59246 0.14733 13
-0.39470 0.07776 2.37606 0 -2.57500 9.70000 2.21101 0.10872 13
-0.09396 -0.21539 33.64873 0 6.52500 1.02500 33.50769 0.10346 -13
0.77902 -0.04206 9.86385 0 1.32500 -25.12500 7.78384 0.12774 -13
0.00538 -0.22214 31.03878 0 6.67500 -1.52500 31.03835 0.10315 13
-0.93831 -0.20944 46.18411 0 6.32500 27.95000 34.01595 0.13971 -13
0.38348 0.06001 22.47043 0 -1.77500 -12.57500 20.98552 0.10802 -13
0.78557 -0.01279 32.37144 0 0.40000 -22.62500 25.45677 0.12807 -13
-0.82358 -0.06394 75.24250 0 1.92500 25.62500 58.12821 0.13062 -13
-0.52241 -0.09517 23.28036 0 2.90000 18.87500 20.65382 0.11403 -13
-1.08374 -0.14959 47.41130 0 4.50000 34.02500 32.34374 0.14925 13
-0.13236 0.14227 39.46620 0 -4.27500 6.35000 39.13166 0.10259 -13
-0.13529 -0.25681 39.46620 0 7.75000 6.42500 39.13166 0.10488 -13
-0.23675 0.01352 41.75283 0 -0.40000 4.47500 40.62979 0.10350 -13
-0.79047 0.03274 32.97085 0 -1.00000 24.22500 25.87107 0.12841 13
-0.64410 0.00639 83.68294 0 -0.17500 20.77500 70.35294 0.11979 -13
-0.34732 0.05076 58.34875 0 -1.55000 9.72500 55.12656 0.10673 13
1.34443 -0.18532 27.15767 0 5.55000 -42.17500 16.38405 0.16974 13
-1.90000 -0.18638 46.38774 0 5.65000 57.75000 21.89460 0.21706 -13
0.72585 -0.19282 46.99420 0 5.82500 -21.25000 38.26709 0.12595 13
2.03723 0.08264 16.17113 0 -2.42500 -59.95000 7.14552 0.22865 -13
1.24470 0.07532 40.39012 0 -2.25000 -41.97500 25.34051 0.16095 -13
0.25371 -0.17468 88.46843 0 5.27500 -7.07500 85.82854 0.10538 -13
2.10297 -0.02435 85.24432 0 0.72500 -62.95000 36.61599 0.23451 13
0.24120 -0.18964 26.62521 0 5.70000 -6.42500 25.90763 0.10532 13
-1.35637 -0.23104 52.36893 0 6.97500 42.75000 31.59987 0.17131 -13
-1.36520 -0.01069 4.37501 0 0.52500 40.45000 2.58524 0.17050 -13
-1.14225 0.07610 66.71022 0 -2.27500 34.05000 44.01436 0.15307 -13
0.30525 -0.11930 14.53167 0 3.62500 -11.65000 13.90693 0.10599 -13
0.78505 0.08068 69.92911 0 -2.45000 -22.20000 55.07229 0.12829 13
-1.66142 -0.08013 99.98760 0 2.42500 49.12500 51.68391 0.19545 -13
-0.30764 -0.13834 48.98318 0 4.17500 9.17500 46.85568 0.10627 13
-0.14567 0.13962 81.98502 0 -4.22500 3.72500 81.14489 0.10274 13
-0.14905 -0.25959 81.98502 0 7.82500 3.82500 81.14489 0.10511 13
-0.12135 -0.21376 33.78322 0 6.47500 4.52500 33.54780 0.10371 -13
-0.05878 0.07994 79.64437 0 -2.42500 3.57500 79.50797 0.10120 13
-0.13876 -0.23179 47.61953 0 7.00000 4.67500 47.19040 0.10433 -13
0.21993 -0.04037 22.95479 0 1.20000 -6.80000 22.41992 0.10319 13
0.64912 0.03481 17.27148 0 -1.02500 -18.37500 14.48963 0.12011 -13
0.49080 0.09102 59.48353 0 -2.72500 -16.92500 53.44149 0.11255 -13
0.15493 -0.22777 50.48781 0 6.87500 -5.22500 49.92136 0.10446 -13
-0.44092 0.14365 81.19850 0 -4.35000 14.87500 74.41984 0.11101 13
-0.45046 -0.25539 81.19850 0 7.70000 15.15000 74.41984 0.11340 13
0.85381 0.05122 88.08731 0 -1.55000 -28.70000 67.02801 0.13252 13
-1.23314 -0.07233 6.44834 0 2.30000 38.17500 4.06845 0.16011 -13
0.27003 0.05267 26.08161 0 -1.57500 -6.85000 25.18222 0.10444 -13
0.79244 0.11990 81.89507 0 -3.62500 -24.35000 64.36111 0.12906 13
0.81715 -0.28039 81.89507 0 8.45000 -25.07500 64.36111 0.13307 13
0.19677 -0.08557 55.76572 0 2.60000 -5.25000 54.72384 0.10300 -13
1.43668 -0.21021 90.59504 0 6.35000 -41.82500 52.50939 0.17755 -13
-1.54739 -0.07452 33.84563 0 2.22500 47.90000 18.40574 0.18569 13
1.21455 -0.12382 29.21342 0 3.70000 -37.87500 18.65281 0.15890 13
1.48476 0.07925 40.44487 0 -2.40000 -44.30000 22.64232 0.18046 13
-0.34821 0.10346 46.09314 0 -3.12500 11.37500 43.55442 0.10715 13
-1.48016 -0.18322 8.20251 0 5.42500 44.77500 4.64426 0.18072 13
0.27626 -0.04881 28.30939 0 1.50000 -6.20000 27.28957 0.10460 -13
-0.79520 -0.07460 8.18935 0 2.32500 23.70000 6.41625 0.12892 -13
0.63440 0.11847 90.20908 0 -3.57500 -15.22500 76.32517 0.11986 13
0.65452 -0.28193 90.20908 0 8.50000 -15.82500 76.32517 0.12359 13
-0.56612 -0.03719 10.83565 0 1.17500 16.35000 9.43103 0.11579 -13
0.70296 -0.03798 4.60226 0 1.27500 -20.52500 3.76591 0.12321 -13
-0.31857 0.12483 81.08050 0 -3.77500 9.32500 77.30979 0.10644 13
-0.32786 -0.27516 81.08050 0 8.30000 9.60000 77.30979 0.10954 13
-0.06830 0.03316 16.56903 0 -1.02500 1.65000 16.53055 0.10100 13
-0.29955 -0.22089 51.42719 0 6.67500 12.30000 49.35897 0.10746 -13
-1.35782 0.05501 72.43012 0 -1.65000 41.00000 42.99311 0.16991 -13
-0.65731 -0.00632 8.79414 0 0.12500 21.52500 7.34893 0.12052 13
0.91767 0.09503 99.57477 0 -2.87500 -27.77500 73.51538 0.13703 13
0.88301 -0.10821 56.30864 0 3.25000 -24.27500 42.31577 0.13479 13
-0.02247 0.14721 17.41207 0 -4.42500 1.02500 17.40775 0.10180 -13
-0.02291 -0.25161 17.41207 0 7.62500 1.05000 17.40775 0.10389 -13
0.51565 -0.12053 19.41041 0 3.67500 -13.22500 17.27777 0.11397 -13
-0.49328 0.07148 94.93623 0 -2.15000 15.45000 85.18346 0.11253 13
-0.62007 -0.15774 10.17723 0 4.70000 20.17500 8.67881 0.11952 13
1.97896 -0.08728 42.65980 0 2.65000 -60.87500 19.29763 0.22348 -13
0.40966 0.07041 78.75689 0 -2.12500 -11.22500 72.90442 0.10906 -13
-0.45023 0.05516 68.56201 0 -1.65000 14.25000 62.53389 0.11058 -13
-0.75377 -0.24542 45.32690 0 7.42500 21.82500 36.57406 0.12852 -13
0.77006 -0.03338 56.35693 0 1.02500 -24.42500 44.66105 0.12715 -13
-0.80027 -0.02506 25.32794 0 0.72500 25.72500 19.77771 0.12900 13
-0.80956 0.14653 25.34722 0 -4.40000 27.02500 19.78335 0.13038 -13
-0.82614 -0.25234 25.34722 0 7.65000 27.52500 19.78335 0.13309 -13
0.07712 -0.00268 88.38179 0 0.07500 -4.72500 88.12015 0.10100 -13
0.93796 -0.08181 61.43674 0 2.45000 -27.87500 44.87925 0.13831 13
0.19831 0.07093 73.28061 0 -2.15000 -5.22500 71.88769 0.10291 13
0.43157 0.00223 72.62237 0 -0.07500 -10.82500 66.67771 0.10968 13
-0.50233 -0.06309 46.32895 0 1.92500 15.32500 41.41583 0.11287 -13
-1.49153 0.02507 50.62819 0 -0.75000 44.75000 28.19813 0.18086 -13
0.38344 -0.18441 71.44668 0 5.55000 -8.47500 66.85180 0.10944 13
-1.45393 -0.06606 53.04831 0 1.97500 44.15000 30.10713 0.17782 13
1.94627 -0.18401 92.06595 0 5.57500 -57.77500 42.63144 0.22114 -13
-1.52283 -0.15651 40.97652 0 4.75000 46.22500 22.68282 0.18415 -13
0.51607 -0.19487 6.40909 0 5.97500 -11.80000 5.71693 0.11510 -13
1.71990 -1.26552 6.40909 0 6.02500 -11.90000 5.71693 0.11538 -13
-1.41595 0.69152 6.40909 0 6.95000 -12.77500 5.71693 0.12054 -13
0.56169 0.26577 6.40909 0 5.37500 -15.50000 5.71693 0.13535 -13
-0.54734 -0.19863 6.40909 0 5.95000 -16.42500 5.71693 0.14319 -13
0.57912 -0.09811 3.75338 0 2.80000 -17.07500 3.25190 0.11678 13
-1.13309 0.10966 97.05385 0 -3.32500 31.50000 64.43673 0.15258 13
0.46295 -0.03434 21.08320 0 1.00000 -12.47500 19.13441 0.11102 13
1.39930 0.08065 11.75404 0 -2.35000 -42.77500 6.84867 0.17337 -13
-0.45662 0.02791 54.92567 0 -0.85000 15.00000 49.96692 0.11074 13
-1.67246 0.03812 18.50688 0 -1.20000 51.17500 9.50284 0.19628 13
-0.75501 0.12248 68.29681 0 -3.67500 21.50000 54.65335 0.12678 -13
-0.77775 -0.27764 68.29681 0 8.37500 22.17500 54.65335 0.13061 -13
-0.44685 0.04186 12.65342 0 -1.30000 11.67500 11.55427 0.11039 13
-0.40058 0.11789 43.80450 0 -3.55000 13.30000 40.70191 0.10913 -13
0.59000 0.07065 74.03172 0 -2.15000 -17.85000 63.80205 0.11714 13
-0.74621 0.05757 33.98837 0 -1.75000 20.17500 27.25658 0.12579 13
-0.85845 0.12818 68.13832 0 -3.85000 25.00000 51.87943 0.13333 -13
-0.88234 -0.27160 68.13832 0 8.20000 25.72500 51.87943 0.13706 -13
-0.30913 0.04397 93.48194 0 -1.32500 9.97500 89.31958 0.10550 13
0.33301 0.03327 82.98777 0 -1.00000 -14.80000 78.74110 0.10619 -13
0.25555 0.01975 73.59069 0 -0.60000 -4.10000 71.30034 0.10396 -13
-0.28714 0.04927 86.31256 0 -1.47500 9.17500 82.96814 0.10489 -13
-1.26555 -0.24840 50.90211 0 7.47500 36.45000 32.13859 0.16432 13
1.35511 -0.15488 37.06679 0 4.70000 -43.67500 22.17790 0.17033 -13
0.16446 0.06144 86.97440 0 -1.85000 -5.42500 85.82584 0.10224 -13
0.26819 0.05734 58.54454 0 -1.75000 -5.95000 56.55252 0.10442 13
0.74764 -0.11372 82.64246 0 3.45000 -28.52500 66.34092 0.12626 -13
-1.04104 0.01363 58.82523 0 -0.40000 30.32500 40.75113 0.14537 -13
1.05882 0.04038 57.90226 0 -1.20000 -30.42500 39.77390 0.14672 -13
1.08406 -0.04281 67.95628 0 1.30000 -34.62500 46.09948 0.14859 -13
0.83546 -0.12306 70.98524 0 3.70000 -25.07500 54.64308 0.13181 13
-1.08948 -0.13161 54.78928 0 3.95000 34.00000 37.22073 0.14950 13
0.45151 -0.00805 79.83957 0 0.25000 -13.50000 72.76647 0.11049 -13
-0.88812 -0.20206 75.92146 0 6.10000 26.60000 57.26364 0.13622 -13
0.08166 0.00802 43.43391 0 -0.25000 -1.55000 43.28985 0.10104 13
1.94075 -0.11631 39.30108 0 3.52500 -60.70000 18.09669 0.22020 -13
0.09508 0.08823 22.63500 0 -2.67500 -0.35000 22.53415 0.10155 13
0.81406 0.02720 96.83795 0 -0.82500 -25.22500 75.11099 0.12988 13
1.00511 -0.11364 98.10415 0 3.42500 -28.45000 69.41555 0.14324 -13
0.50645 -0.21373 1.16122 0 5.95000 -14.40000 1.04072 0.11501 13
-0.69539 -0.18599 98.91636 0 5.62500 22.60000 81.65728 0.12409 -13
-0.26269 0.11340 29.19032 0 -3.45000 10.00000 28.24414 0.10475 13
0.40770 -0.18406 99.12558 0 5.55000 -10.47500 92.00558 0.11032 13
1.25404 -0.09966 11.53788 0 3.07500 -36.57500 7.21557 0.16187 -13
-0.35178 -0.13266 91.61946 0 4.00000 10.75000 86.51006 0.10758 13
-0.37349 0.07658 63.76311 0 -2.30000 12.82500 59.75423 0.10777 -13
-1.13707 -0.07421 10.59203 0 2.30000 35.12500 7.00531 0.15272 -13
0.59111 -0.09025 39.21910 0 2.72500 -18.35000 33.79739 0.11734 -13
-0.18041 -0.16790 64.16601 0 5.07500 6.87500 63.17384 0.10372 -13
0.21763 -0.00427 27.88585 0 0.15000 -8.50000 27.24813 0.10306 -13
0.64282 -0.21701 69.19293 0 6.55000 -21.07500 58.59152 0.12168 13
-0.28785 0.09552 15.88053 0 -2.85000 7.25000 15.26619 0.10522 -13
1.49979 -0.15871 59.11908 0 4.77500 -44.75000 33.07953 0.18221 13
-0.05405 -0.04104 71.87905 0 1.22500 3.57500 71.77445 0.10094 13
0.11194 -0.19346 49.19140 0 5.82500 -3.75000 48.89700 0.10318 13
1.22350 0.12793 66.98560 0 -3.87500 -38.62500 42.59647 0.15966 13
1.25765 -0.27192 66.98560 0 8.20000 -39.65000 42.59647 0.16409 13
-0.63649 -0.17417 64.22439 0 5.25000 18.82500 54.41174 0.12064 13
0.77006 -0.19341 43.07390 0 5.82500 -22.20000 34.35926 0.12857 13
-0.74878 -0.13309 39.11952 0 4.00000 23.52500 31.41246 0.12651 13
0.91029 -0.19125 4.84469 0 5.92500 -28.60000 3.61112 0.13771 -13
0.33030 -0.15761 87.32321 0 4.75000 -9.85000 83.01619 0.10724 -13
-0.07333 -0.05999 43.86285 0 1.82500 0.35000 43.74581 0.10115 -13
0.73711 -0.04642 73.74290 0 1.40000 -22.52500 59.38196 0.12519 -13
0.69341 0.12862 98.18284 0 -3.87500 -22.70000 80.89753 0.12322 -13
0.71257 -0.27114 98.18284 0 8.17500 -23.30000 80.89753 0.12664 -13
0.11565 0.02919 32.68557 0 -0.90000 -4.07500 32.46929 0.10142 13
-0.93471 -0.00719 69.06954 0 0.22500 27.45000 50.45936 0.13785 -13
1.12222 0.05959 43.92059 0 -1.77500 -32.50000 29.24878 0.15149 -13
-1.15998 -0.23607 10.77524 0 7.05000 33.97500 7.14466 0.15598 13
0.01218 0.13378 7.53832 0 -4.10000 -0.87500 7.53776 0.10165 13
0.01249 -0.26591 7.53832 0 7.95000 -0.87500 7.53776 0.10416 13
0.42863 0.08020 11.11712 0 -2.47500 -10.80000 10.22312 0.10988 13
0.19024 0.11488 40.71131 0 -3.45000 -5.12500 40.00305 0.10315 -13
-1.86508 -0.08176 64.68462 0 2.45000 55.65000 30.64548 0.21326 13
-0.98105 -0.15115 99.36662 0 4.55000 26.47500 71.32314 0.14189 13
0.21030 0.06533 50.48350 0 -1.95000 -8.45000 49.40728 0.10311 -13
-0.15335 0.05519 41.47256 0 -1.65000 2.92500 40.99482 0.10203 -13
-0.34820 -0.17045 92.63630 0 5.12500 10.75000 87.61844 0.10800 13
0.27233 -0.18947 98.79812 0 5.70000 -5.10000 95.44055 0.10610 13
0.11571 -0.02364 18.83033 0 0.75000 -3.57500 18.70563 0.10141 -13
-1.86916 0.12964 34.35944 0 -3.87500 57.45000 16.31407 0.21383 -13
-1.92001 -0.27006 34.35944 0 8.17500 59.02500 16.31407 0.21974 -13
-0.34852 -0.09333 62.54494 0 2.82500 10.50000 59.08837 0.10706 -13
-0.18193 -0.13916 50.89794 0 4.20000 8.82500 50.09139 0.10331 13
1.21947 -0.05017 27.99638 0 1.55000 -34.95000 17.76614 0.15890 -13
-1.28841 0.06243 67.27211 0 -1.90000 40.75000 41.29747 0.16437 13
0.62829 -0.04535 1.67076 0 1.70000 -20.32500 1.41509 0.11932 -13
-0.15210 -0.12786 74.53575 0 3.85000 4.10000 73.70173 0.10267 13
-0.06361 0.07609 14.97198 0 -2.25000 4.72500 14.94201 0.10119 -13
-0.41312 -0.14166 76.22839 0 4.27500 11.92500 70.55466 0.10989 -13
-0.22608 -0.20667 32.82238 0 6.25000 6.57500 32.04642 0.10533 -13
-1.04679 0.02081 95.67538 0 -0.62500 33.77500 66.09649 0.14580 13
1.58373 -0.06468 45.49205 0 1.92500 -46.52500 24.32455 0.18872 13
0.06142 -0.07767 33.71834 0 2.32500 -2.50000 33.65527 0.10119 13
-1.41132 0.11961 39.38332 0 -3.57500 40.42500 22.87682 0.17459 -13
-1.45552 -0.28065 39.38332 0 8.50000 41.75000 22.87682 0.18010 -13
-1.65623 -0.22792 87.55157 0 6.87500 50.72500 46.09548 0.19619 -13
0.28811 -0.03385 11.48516 0 1.07500 -5.80000 11.03682 0.10486 -13
-0.45851 -0.04889 63.52386 0 1.47500 13.70000 57.75550 0.11089 -13
0.56998 -0.22057 8.37784 0 6.72500 -16.25000 7.32022 0.11809 -13
0.68900 -0.05907 86.85556 0 1.80000 -20.32500 71.56269 0.12244 -13
0.47745 0.14662 72.83186 0 -4.42500 -14.40000 65.85364 0.11257 13
0.48719 -0.25227 72.83186 0 7.60000 -14.70000 65.85364 0.11485 13
-1.58846 0.14517 17.28252 0 -4.32500 48.80000 9.27614 0.18955 -13
-1.62192 -0.25368 17.28252 0 7.70000 49.85000 9.27614 0.19367 -13
0.44173 -0.11388 4.52194 0 3.55000 -13.57500 4.13987 0.11079 -13
-0.35216 -0.11681 21.93905 0 3.50000 10.32500 20.70886 0.10741 13
0.14695 -0.16941 68.96586 0 5.10000 -3.62500 68.25309 0.10320 13
-1.71152 -0.09112 77.29148 0 2.72500 52.17500 39.11191 0.19982 13
-1.59192 -0.18776 11.67568 0 5.75000 48.52500 6.28793 0.19036 -13
-1.39261 -0.22991 88.87332 0 6.92500 41.62500 52.71789 0.17419 13
0.67586 -0.07905 79.76403 0 2.37500 -19.30000 66.15039 0.12181 13
-1.07535 -0.03673 15.56023 0 1.15000 31.37500 10.60031 0.14793 -13
-1.04095 -0.05650 68.29014 0 1.70000 29.10000 47.34931 0.14547 13
1.23335 0.13570 40.17264 0 -4.10000 -37.32500 25.43959 0.16049 13
1.26393 -0.26371 40.17264 0 7.92500 -38.22500 25.43959 0.16443 13
-0.37054 0.08178 79.22812 0 -2.47500 13.30000 74.32176 0.10771 13
1.17414 -0.02013 58.47454 0 0.60000 -34.82500 37.91893 0.15532 13
0.00470 0.02568 13.76287 0 -0.80000 -2.22500 13.76272 0.10075 13
0.22052 -0.18782 80.27048 0 5.65000 -7.30000 78.44922 0.10484 13
-0.42350 0.10791 63.80007 0 -3.27500 11.85000 58.80019 0.10990 13
-0.08394 -0.00116 3.49327 0 0.17500 0.60000 3.48104 0.10111 -13
-0.27610 0.01309 34.31417 0 -0.37500 10.42500 33.07686 0.10448 -13
0.12508 -0.08020 48.93966 0 2.42500 -4.17500 48.56362 0.10181 -13
1.94416 -0.05009 68.30068 0 1.50000 -60.57500 31.27190 0.22022 13
0.34769 -0.02396 75.85893 0 0.72500 -10.90000 71.65376 0.10664 -13
0.23165 0.12978 49.54879 0 -3.90000 -9.37500 48.29090 0.10419 -13
0.23794 -0.26991 49.54879 0 8.15000 -9.55000 48.29090 0.10703 -13
0.38728 -0.21599 87.24942 0 6.50000 -10.87500 81.59858 0.11015 13
-0.93783 -0.05504 22.20859 0 1.70000 28.70000 16.21179 0.13817 -13
-0.24967 -0.23005 73.04236 0 6.92500 8.57500 70.97172 0.10634 13
0.80909 -0.15295 25.12985 0 4.65000 -24.27500 19.62541 0.13046 -13
0.16177 -0.12924 83.81807 0 3.90000 -3.95000 82.75953 0.10284 13
1.67987 0.10719 79.94208 0 -3.25000 -52.12500 41.06457 0.19717 13
-0.09744 -0.04157 21.62412 0 1.22500 3.22500 21.52239 0.10126 13
2.15429 0.07154 41.17775 0 -2.20000 -62.55000 17.37326 0.23930 13
0.51050 -0.24121 44.54619 0 7.27500 -13.50000 39.90277 0.11564 13
-0.05285 0.03779 37.07190 0 -1.12500 2.70000 37.02033 0.10091 -13
0.66908 -0.03557 38.20878 0 1.05000 -19.77500 31.76220 0.12122 13
-0.10258 -0.12744 26.89917 0 3.87500 1.05000 26.76095 0.10205 -13
0.58979 -0.09094 84.52066 0 2.75000 -16.67500 72.87839 0.11728 -13
0.23358 -0.07751 20.73789 0 2.32500 -5.92500 20.19742 0.10370 13
-0.60962 -0.00107 55.32347 0 0.05000 19.15000 47.23784 0.11794 -13
0.92692 0.13022 25.39673 0 -3.95000 -24.20000 18.69843 0.13796 13
0.95195 -0.26953 25.39673 0 8.10000 -24.95000 18.69843 0.14163 13
-0.67229 -0.22171 58.14580 0 6.67500 18.85000 48.61037 0.12338 13
0.29576 -0.16924 62.59615 0 5.12500 -7.35000 60.09295 0.10640 -13
-0.00479 -0.08019 8.78640 0 2.47500 1.22500 8.78629 0.10105 -13
1.70573 0.12387 2.46161 0 -4.12500 -53.62500 1.25185 0.20005 13
1.75878 -0.27733 2.46161 0 7.92500 -54.87500 1.25185 0.20495 13
0.92037 -0.02737 7.65697 0 0.75000 -28.12500 5.63486 0.13689 13
-1.92871 -0.19075 89.41684 0 5.77500 58.27500 41.73848 0.21964 -13
0.82785 0.03567 18.74324 0 -1.10000 -27.37500 14.44189 0.13079 13
-0.62420 -0.01008 33.94738 0 0.27500 20.15000 28.79851 0.11871 13
0.15771 -0.11516 1.63075 0 3.17500 -5.32500 1.61113 0.10271 13
-1.46260 0.07530 91.82702 0 -2.25000 41.65000 51.92669 0.17859 -13
-0.38613 0.10285 72.46016 0 -3.10000 11.02500 67.64218 0.10844 -13
-0.01990 -0.00876 55.40403 0 0.27500 2.15000 55.39307 0.10073 -13
-0.19182 0.07467 85.33297 0 -2.25000 4.12500 83.81359 0.10282 13
-1.18857 -0.10823 8.15243 0 3.17500 37.07500 5.26648 0.15676 13
-1.27339 0.08037 9.41775 0 -2.52500 36.25000 5.82734 0.16333 13
-0.62970 0.05929 92.56774 0 -1.77500 18.75000 78.37030 0.11916 -13
-0.84755 0.06441 83.03153 0 -1.92500 25.72500 63.39633 0.13216 -13
-0.27849 -0.03210 93.23845 0 0.97500 9.67500 89.82359 0.10459 -13
-0.89181 -0.07471 34.50217 0 2.22500 25.05000 25.78218 0.13514 13
-0.50691 0.11018 25.31482 0 -3.35000 16.05000 22.60729 0.11345 13
-1.96107 0.12581 66.75408 0 -3.80000 59.97500 30.51432 0.22206 13
-2.01749 -0.27415 66.75408 0 8.25000 61.67500 30.51432 0.22840 13
1.63844 0.13946 99.57995 0 -4.22500 -48.95000 52.24221 0.19382 13
1.67658 -0.25977 99.57995 0 7.82500 -50.10000 52.24221 0.19830 13
1.03715 0.13961 8.93179 0 -4.30000 -29.47500 6.23065 0.14583 13
1.06112 -0.25968 8.93179 0 7.75000 -30.17500 6.23065 0.14906 13
0.50078 -0.02790 92.99075 0 0.85000 -14.42500 83.15386 0.11266 -13
-0.75389 -0.14588 43.50299 0 4.42500 23.87500 34.86904 0.12698 -13
-0.42745 -0.04405 34.59076 0 1.32500 11.62500 31.81170 0.10961 13
-0.04177 -0.10998 44.67268 0 3.30000 2.92500 44.63420 0.10140 13
-1.80830 -0.15983 63.81702 0 4.80000 55.00000 31.18243 0.20869 13
-0.41966 -0.15562 99.37355 0 4.70000 12.27500 91.79416 0.11033 -13
0.90476 -0.09947 53.80966 0 3.00000 -29.47500 39.99032 0.13616 13
0.26047 -0.23203 45.65173 0 7.00000 -8.15000 44.24964 0.10665 13
-0.39448 0.08056 48.75525 0 -2.42500 10.25000 45.37368 0.10855 -13
0.02993 0.00698 88.02449 0 -0.22500 0.27500 87.98511 0.10075 13
-0.45077 -0.07580 89.29646 0 2.27500 13.55000 81.44690 0.11072 13
0.60568 0.11716 51.08279 0 -3.52500 -17.80000 43.77253 0.11832 -13
-0.03614 -0.23690 84.93420 0 7.15000 1.22500 84.88171 0.10355 13
-1.28872 -0.00491 69.13346 0 0.15000 37.90000 42.38248 0.16427 -13
-1.18400 -0.04315 12.38493 0 1.25000 33.72500 7.99578 0.15612 13
-0.62211 -0.09926 55.82660 0 2.97500 17.85000 47.46708 0.11902 13
-1.02229 -0.06326 43.34893 0 1.90000 32.42500 30.34329 0.14415 13
-1.88794 0.11032 6.09361 0 -3.50000 57.45000 2.86568 0.21560 13
-0.70591 -0.23304 18.05972 0 7.07500 19.07500 14.88237 0.12551 -13
0.91203 -0.05323 31.96413 0 1.57500 -24.70000 23.63160 0.13640 13
0.24064 -0.17631 63.19893 0 5.32500 -5.37500 61.49551 0.10510 -13
0.96213 0.12156 2.08889 0 -4.00000 -29.15000 1.51013 0.14070 13
0.99126 -0.27953 2.08889 0 8.07500 -29.92500 1.51013 0.14438 13
1.37995 -0.03491 26.65589 0 1.02500 -40.80000 15.64788 0.17165 13
0.69458 -0.13936 19.96849 0 4.17500 -22.47500 16.45163 0.12340 13
-1.09517 0.14775 67.40278 0 -4.45000 34.70000 45.71690 0.15008 -13
-1.11706 -0.25108 67.40278 0 7.57500 35.35000 45.71690 0.15310 -13
-0.34215 0.07602 57.15345 0 -2.27500 7.80000 54.09225 0.10671 -13
-0.63844 -0.15175 2.16831 0 4.85000 19.67500 1.83316 0.12079 -13
0.85188 -0.14976 64.15241 0 4.50000 -24.97500 49.06179 0.13314 13
0.34129 -0.11311 59.83566 0 3.42500 -12.12500 56.66596 0.10701 -13
0.38248 0.10161 66.47003 0 -3.07500 -10.75000 62.12455 0.10830 13
1.66678 0.02778 49.77044 0 -0.85000 -52.00000 25.61230 0.19577 13
-0.90457 -0.10685 70.82531 0 3.22500 29.15000 52.65856 0.13622 -13
-0.74495 -0.00895 38.00920 0 0.25000 23.00000 30.48164 0.12558 13
0.46778 -0.12654 43.25015 0 3.82500 -12.35000 39.23132 0.11191 -13
1.47808 -0.05337 48.20958 0 1.60000 -46.85000 27.04138 0.17978 13
-0.77582 -0.21254 49.98635 0 6.42500 22.17500 39.81881 0.12925 -13
-0.53711 0.10281 48.61439 0 -3.10000 15.45000 42.87818 0.11477 -13
0.41754 -0.01283 92.47195 0 0.40000 -14.40000 85.33330 0.10914 -13
-0.08931 -0.09223 97.50022 0 2.77500 2.55000 97.11695 0.10153 -13
1.18407 -0.06825 70.69672 0 2.07500 -32.80000 45.67654 0.15623 -13
-0.01075 0.14771 27.05836 0 -4.42500 0.60000 27.05683 0.10179 -13
-0.01094 -0.25110 27.05836 0 7.60000 0.60000 27.05683 0.10385 -13
0.29135 0.05334 44.68498 0 -1.60000 -10.50000 42.90598 0.10503 -13
0.68810 -0.10218 9.22969 0 3.02500 -21.77500 7.61639 0.12265 13
0.37738 0.14506 22.37181 0 -4.40000 -13.30000 20.95810 0.10863 13
0.38548 -0.25335 22.37181 0 7.62500 -13.55000 20.95810 0.11088 13
1.91698 -0.12649 63.68755 0 3.80000 -57.97500 29.64043 0.21809 13
-0.87298 -0.14916 60.42934 0 4.50000 27.02500 45.73887 0.13452 -13
-0.20416 -0.07367 27.31043 0 2.25000 7.50000 26.76130 0.10306 -13
1.43265 -0.03257 67.85703 0 1.00000 -43.07500 38.85279 0.17598 -13
-0.45214 -0.18546 93.84672 0 5.60000 14.20000 85.75461 0.11208 -13
-0.17747 -0.04187 52.05424 0 1.25000 2.85000 51.25469 0.10236 13
0.30675 -0.03983 40.21109 0 1.20000 -10.45000 38.44571 0.10541 13
-0.44418 0.02248 80.74401 0 -0.67500 12.92500 73.79534 0.11021 13
-0.71369 0.04181 84.91133 0 -1.27500 22.30000 69.13517 0.12379 13
0.05975 0.00859 16.88905 0 -0.30000 -3.30000 16.85900 0.10089 13
-1.26416 0.13846 7.18080 0 -4.07500 39.22500 4.48137 0.16284 -13
-1.29441 -0.26058 7.18080 0 7.97500 40.17500 4.48137 0.16693 -13
-0.30223 0.12114 5.43115 0 -3.55000 9.77500 5.20150 0.10590 -13
-1.04100 -0.12383 54.30721 0 3.72500 30.27500 37.77085 0.14589 13
-1.76250 0.12845 6.00246 0 -3.72500 51.75000 2.97994 0.20441 -13
-1.81132 -0.27097 6.00246 0 8.35000 53.32500 2.97994 0.21049 -13
1.27100 -0.04779 51.97652 0 1.42500 -39.07500 32.16169 0.16293 13
-0.23582 0.08361 43.56392 0 -2.50000 9.85000 42.40875 0.10380 -13
-0.80657 -0.20394 86.94662 0 6.15000 23.15000 68.21521 0.13099 13
2.05102 0.03637 38.16707 0 -1.12500 -63.95000 16.73491 0.22984 13
-0.82054 0.12782 37.98824 0 -3.85000 26.87500 29.46269 0.13090 -13
-0.84349 -0.27195 37.98824 0 8.22500 27.57500 29.46269 0.13458 -13
-0.20186 0.11587 45.78188 0 -3.47500 4.30000 44.88828 0.10339 -13
0.35282 -0.09173 13.92824 0 2.80000 -11.32500 13.14029 0.10721 -13
-1.03894 -0.04103 48.82676 0 1.25000 32.60000 33.87481 0.14528 -13
-0.04015 -0.05885 68.31650 0 1.77500 0.00000 68.26170 0.10096 13
1.06672 -0.14267 39.08363 0 4.27500 -32.07500 26.87373 0.14793 13
0.29414 -0.23698 67.93491 0 7.15000 -7.62500 65.31248 0.10765 -13
-0.50236 0.04305 20.87906 0 -1.27500 14.47500 18.66114 0.11277 -13
-1.54967 -0.06889 42.12317 0 2.10000 48.87500 22.87774 0.18587 -13
-0.15080 -0.19816 74.97255 0 5.97500 3.82500 74.16550 0.10377 13
-0.09616 0.05340 81.88182 0 -1.60000 5.05000 81.50690 0.10131 -13
-0.72197 0.12195 84.43892 0 -3.67500 23.12500 68.63332 0.12482 13
-0.74388 -0.27823 84.43892 0 8.37500 23.80000 68.63332 0.12860 13
-0.32007 -0.01169 55.06997 0 0.35000 10.57500 52.44923 0.10574 -13
-0.34930 0.00555 98.51350 0 -0.17500 6.82500 93.00329 0.10667 13
