1.55790 -0.15670 71.05668 0 4.75000 -48.70000 38.71310 0.18710 -13
-1.49006 -0.04976 71.09005 0 1.52500 46.22500 39.64869 0.18079 -13
-0.56660 -0.22303 3.34244 0 6.90000 14.85000 2.92479 0.11812 -13
-0.36397 0.07210 65.95975 0 -2.17500 9.77500 62.00042 0.10741 -13
-0.29903 0.03881 87.04916 0 -1.17500 8.70000 83.40539 0.10518 -13
-0.12688 -0.20205 31.54113 0 6.07500 0.15000 31.29989 0.10352 13
0.92434 0.13869 35.19124 0 -4.20000 -27.02500 25.95531 0.13785 13
0.94613 -0.26058 35.19124 0 7.85000 -27.67500 25.95531 0.14107 13
-0.87462 -0.20507 26.23471 0 6.15000 26.92500 19.92215 0.13535 13
-0.06249 -0.22631 20.98772 0 6.80000 0.95000 20.94880 0.10342 13
1.35638 0.11401 76.23906 0 -3.45000 -39.67500 45.42927 0.17010 13
-0.83961 -0.01210 48.97572 0 0.37500 25.85000 37.50822 0.13151 -13
0.65021 -0.21113 70.70488 0 6.35000 -20.45000 59.65561 0.12198 13
-1.21541 -0.06163 63.32586 0 1.85000 33.50000 40.28031 0.15862 13
-0.53388 -0.15900 62.08692 0 4.80000 18.80000 54.92043 0.11526 13
0.19377 0.10575 93.30302 0 -3.17500 -8.62500 91.61742 0.10312 -13
0.58875 0.01491 26.79800 0 -0.47500 -17.87500 23.09349 0.11687 13
-0.71944 -0.22628 23.19555 0 6.85000 20.32500 18.98710 0.12616 -13
-0.21392 0.11583 60.97495 0 -3.47500 9.40000 59.64315 0.10364 -13
0.47219 -0.00000 33.84417 0 -0.02500 -13.27500 30.60403 0.11137 13
-0.91544 0.08792 61.73428 0 -2.65000 26.95000 45.61518 0.13682 13
0.31599 -0.14372 3.55565 0 4.17500 -10.22500 3.39373 0.10656 13
2.00388 -0.00569 72.41874 0 0.17500 -61.95000 32.33677 0.22553 -13
-0.15574 -0.08948 55.81783 0 2.70000 5.40000 55.15811 0.10232 -13
-1.13627 -0.06624 77.38833 0 2.00000 34.15000 51.19033 0.15258 -13
-1.62627 -0.16991 44.57518 0 5.15000 48.80000 23.59051 0.19303 -13
1.14712 -0.14271 86.59750 0 4.32500 -35.35000 57.23044 0.15393 -13
0.41242 -0.12740 6.70046 0 3.75000 -10.72500 6.20147 0.10967 13
-0.55466 -0.01614 67.50325 0 0.50000 15.17500 59.03272 0.11517 -13
-1.78647 -0.04507 38.21911 0 1.37500 51.30000 18.68269 0.20624 -13
0.43675 -0.10338 14.84068 0 3.07500 -14.05000 13.61183 0.11037 13
-0.16557 -0.24836 48.66020 0 7.50000 6.95000 48.04391 0.10510 -13
2.02919 -0.02824 52.65316 0 0.87500 -59.30000 23.28254 0.22784 -13
-1.68630 -0.00715 61.98716 0 0.22500 48.30000 31.61772 0.19744 -13
-0.34509 -0.04212 42.52733 0 1.25000 9.35000 40.20459 0.10661 13
-0.02252 0.06155 58.92450 0 -1.87500 2.75000 58.90962 0.10092 13
-1.20902 -0.24405 28.27730 0 7.32500 34.77500 18.33065 0.15987 13
-1.10223 -0.09103 76.09567 0 2.75000 31.60000 51.24600 0.15016 -13
0.20012 -0.22884 80.44399 0 6.90000 -7.12500 78.95570 0.10525 13
1.55361 -0.00796 41.41971 0 0.22500 -48.30000 22.41809 0.18607 13
1.83860 -0.13790 15.83557 0 4.22500 -52.32500 7.62151 0.21128 -13
-1.42658 -0.09506 84.80997 0 2.87500 41.45000 48.82709 0.17571 -13
-0.59199 -0.11885 75.72918 0 3.60000 17.67500 65.28466 0.11764 -13
-1.15108 0.03230 97.19098 0 -0.97500 34.70000 63.75998 0.15359 -13
-0.75229 -0.23026 40.19620 0 6.95000 24.07500 32.41762 0.12815 -13
0.16845 -0.24623 66.70382 0 7.42500 -6.50000 65.82914 0.10509 13
-0.12662 -0.05995 87.71206 0 1.82500 5.12500 87.01975 0.10169 -13
0.87654 0.11060 54.73067 0 -3.32500 -26.95000 41.26625 0.13436 -13
0.45888 -0.22025 56.84598 0 6.62500 -17.97500 51.87563 0.11299 13
1.31514 0.05841 59.69761 0 -1.75000 -37.17500 36.17244 0.16648 -13
0.76124 -0.09439 75.50401 0 2.85000 -21.30000 60.17533 0.12692 -13
-0.34509 0.11270 29.91141 0 -3.42500 11.30000 28.29392 0.10714 13
0.49538 0.09410 28.32195 0 -2.85000 -14.15000 25.40029 0.11279 13
0.40130 -0.14096 29.85497 0 4.22500 -10.10000 27.74469 0.10943 13
-1.94487 -0.07107 34.25141 0 2.10000 57.90000 15.69350 0.22034 13
0.93663 -0.11856 74.13517 0 3.57500 -28.00000 54.28383 0.13849 13
-0.57040 -0.19986 96.23508 0 6.02500 17.60000 83.98964 0.11766 13
0.49179 0.08247 75.29865 0 -2.50000 -15.05000 67.61415 0.11253 13
-0.49185 0.14379 90.18109 0 -4.35000 14.62500 81.08290 0.11316 13
-0.50247 -0.25524 90.18109 0 7.70000 14.95000 81.08290 0.11559 13
-0.29813 -0.12812 70.70022 0 3.87500 10.12500 67.79815 0.10588 -13
1.30989 -0.16318 25.39590 0 4.95000 -36.72500 15.53824 0.16680 -13
0.50387 -0.04154 59.64313 0 1.25000 -15.62500 53.27303 0.11285 -13
-0.82582 -0.03372 89.80654 0 1.02500 26.85000 69.26274 0.13064 -13
0.17995 -0.17609 86.22503 0 5.30000 -5.50000 84.90196 0.10384 13
0.86900 0.10702 69.71295 0 -3.25000 -27.42500 52.74942 0.13386 13
0.06313 -0.18788 67.70821 0 5.67500 -3.00000 67.57828 0.10267 -13
-1.01918 -0.12639 81.31081 0 3.80000 30.47500 57.17605 0.14434 13
0.77970 -0.14196 79.44467 0 4.27500 -22.35000 62.88655 0.12849 13
0.49893 -0.10546 43.14496 0 3.20000 -17.40000 38.64908 0.11304 -13
-0.16992 0.11277 55.05590 0 -3.40000 4.90000 54.28737 0.10277 -13
-0.54742 0.14291 78.34787 0 -4.32500 17.15000 68.88330 0.11571 13
-0.55941 -0.25616 78.34787 0 7.72500 17.50000 68.88330 0.11823 13
-0.01247 0.08790 71.95663 0 -2.65000 0.45000 71.95108 0.10110 13
-0.46024 -0.04363 88.27949 0 1.30000 13.90000 80.20715 0.11094 13
-0.54441 -0.22496 11.44936 0 6.72500 16.15000 10.11149 0.11684 13
-0.14327 -0.04291 2.64957 0 1.12500 4.05000 2.62280 0.10188 13
0.62197 -0.17132 54.52776 0 5.17500 -20.22500 46.48779 0.11985 -13
0.45870 -0.16821 49.93467 0 5.07500 -11.45000 45.49676 0.11207 13
-0.79972 -0.17057 46.87262 0 5.15000 24.52500 36.81024 0.13010 -13
-0.55530 -0.08403 87.14655 0 2.55000 15.92500 76.25067 0.11550 -13
1.27424 0.00557 82.24663 0 -0.15000 -38.70000 50.77698 0.16312 -13
-0.05648 -0.18422 19.72339 0 5.52500 5.30000 19.69303 0.10254 13
-0.92905 -0.14941 66.22368 0 4.50000 26.75000 48.76391 0.13828 13
1.03499 -0.08969 3.25945 0 2.47500 -32.72500 2.26948 0.14519 13
-1.84357 0.05898 84.62743 0 -1.77500 54.75000 40.40459 0.21129 -13
-0.40404 -0.13617 69.40419 0 4.10000 12.75000 64.43242 0.10947 13
-0.66458 0.11294 7.72327 0 -3.47500 17.87500 6.44528 0.12148 13
-0.27327 -0.09722 26.51916 0 2.90000 8.72500 25.58925 0.10484 13
-1.88107 0.12035 79.01599 0 -3.62500 56.55000 37.30003 0.21486 -13
-1.93937 -0.27986 79.01599 0 8.45000 58.32500 37.30003 0.22155 -13
0.26858 0.00685 59.69774 0 -0.22500 -8.30000 57.65467 0.10427 13
0.44980 -0.04063 16.64769 0 1.20000 -12.62500 15.18451 0.11049 13
0.88248 0.13479 19.88418 0 -4.02500 -28.50000 14.96756 0.13498 -13
0.90461 -0.26460 19.88418 0 8.02500 -29.20000 14.96756 0.13843 -13
-0.29609 -0.09187 92.23688 0 2.77500 9.80000 88.47144 0.10543 -13
0.04321 -0.09895 47.00487 0 3.00000 -3.95000 46.96148 0.10129 -13
-0.01319 -0.14651 68.95168 0 4.40000 0.02500 68.94581 0.10178 13
0.53700 -0.13993 99.05442 0 4.22500 -16.92500 87.45586 0.11517 -13
1.04399 -0.12495 42.74953 0 3.77500 -31.02500 29.68988 0.14614 -13
0.08320 -0.20455 28.57237 0 6.15000 -2.90000 28.47793 0.10312 13
0.75781 0.10353 85.71991 0 -3.12500 -20.95000 68.45185 0.12678 -13
0.15001 0.10477 51.38114 0 -3.17500 -4.20000 50.81850 0.10238 13
1.95530 -0.10399 92.17570 0 3.12500 -58.92500 42.14828 0.22141 13
1.83909 -0.19348 15.53217 0 5.90000 -53.70000 7.52538 0.21179 -13
1.45961 -0.20813 67.13030 0 6.30000 -42.27500 38.48896 0.17942 -13
1.50593 -0.10040 14.31714 0 2.97500 -43.85000 7.94809 0.18228 13
0.31348 0.14676 50.22362 0 -4.45000 -8.65000 47.96927 0.10657 13
0.31987 -0.25212 50.22362 0 7.60000 -8.85000 47.96927 0.10872 13
-0.11780 -0.04214 12.20750 0 1.30000 3.90000 12.12383 0.10150 -13
0.63336 -0.18920 19.75238 0 5.67500 -18.77500 16.77002 0.12070 13
-0.19672 -0.24019 45.73971 0 7.25000 6.42500 44.92518 0.10545 -13
1.30226 -0.11827 33.34998 0 3.55000 -39.12500 20.40062 0.16576 13
-2.06276 -0.21054 3.94737 0 6.65000 63.05000 1.75199 0.23244 -13
-0.38823 0.14580 34.52385 0 -4.37500 12.85000 32.22758 0.10901 -13
-0.39629 -0.25308 34.52385 0 7.65000 13.10000 32.22758 0.11129 -13
-0.69733 -0.15595 92.22973 0 4.70000 19.65000 75.94796 0.12376 13
-0.70404 -0.18569 84.50609 0 5.60000 22.90000 69.48352 0.12457 -13
-0.84953 -0.18278 51.47489 0 5.52500 24.72500 39.49877 0.13343 -13
0.51868 -0.14946 27.86701 0 4.50000 -17.22500 24.79476 0.11443 13
-0.74151 -0.18988 16.20449 0 5.70000 24.10000 13.09686 0.12680 13
1.20077 0.13564 67.64080 0 -4.07500 -31.77500 43.51900 0.15795 -13
1.23057 -0.26374 67.64080 0 7.97500 -32.70000 43.51900 0.16190 -13
0.63936 -0.01487 76.73658 0 0.45000 -20.62500 64.65349 0.11954 -13
0.01593 -0.09699 98.63408 0 2.92500 -0.82500 98.62169 0.10119 13
-0.17635 0.10629 86.34298 0 -3.20000 5.35000 85.04529 0.10282 -13
1.85789 -0.05244 52.33082 0 1.60000 -56.60000 24.82864 0.21255 -13
-1.70992 -0.10631 84.99575 0 3.20000 51.87500 43.08750 0.19976 13
0.01055 -0.14749 15.34897 0 4.42500 -0.05000 15.34814 0.10178 13
-0.00007 -0.15000 43.19172 0 4.52500 0.92500 43.19172 0.10182 13
1.88323 -0.16946 45.04813 0 5.12500 -57.17500 21.36032 0.21543 -13
-1.22653 -0.17498 36.02640 0 5.30000 33.95000 22.97074 0.16036 -13
0.94087 0.09239 86.64739 0 -2.80000 -31.65000 63.23200 0.13859 13
-0.19863 0.02572 84.06029 0 -0.77500 5.00000 82.45054 0.10270 13
-0.51211 -0.16880 3.03978 0 5.27500 14.50000 2.71334 0.11460 -13
-2.15438 -0.01223 21.99342 0 0.42500 64.82500 9.26044 0.23919 -13
2.11304 -0.01059 15.80153 0 0.25000 -62.42500 6.75982 0.23542 13
0.99905 -0.18261 15.44748 0 5.55000 -29.90000 11.01703 0.14357 -13
-1.89567 0.10251 79.11765 0 -3.10000 56.55000 37.06469 0.21610 13
0.27656 -0.08560 2.63901 0 2.77500 -11.05000 2.54431 0.10498 -13
-0.08096 -0.09286 79.83583 0 2.80000 2.32500 79.57769 0.10146 13
-0.22414 0.04915 94.88443 0 -1.47500 7.57500 92.59247 0.10332 -13
-1.10043 -0.14430 93.29160 0 4.35000 34.60000 63.09448 0.15045 13
-0.30130 -0.01433 56.77438 0 0.42500 10.30000 54.36108 0.10518 13
-0.38815 0.03007 4.45733 0 -0.80000 13.80000 4.15543 0.10809 -13
1.46534 0.06354 99.09013 0 -1.90000 -42.67500 55.93271 0.17876 -13
-0.93206 -0.05220 52.66645 0 1.57500 28.30000 38.55040 0.13777 13
1.36086 0.10376 50.72457 0 -3.12500 -41.87500 30.14098 0.17038 -13
-0.72795 -0.13484 18.23169 0 4.02500 21.65000 14.78614 0.12528 13
0.26876 -0.05717 29.62745 0 1.75000 -6.47500 28.61522 0.10444 -13
0.30998 0.11458 8.69225 0 -3.52500 -13.27500 8.30720 0.10609 13
-1.91394 0.13188 64.60418 0 -4.00000 57.00000 30.12027 0.21789 13
-1.96433 -0.26771 64.60418 0 8.05000 58.50000 30.12027 0.22357 13
-0.27936 0.04404 13.08277 0 -1.30000 9.92500 12.60114 0.10465 -13
-0.97964 -0.00373 95.69860 0 0.10000 28.30000 68.36182 0.14097 13
1.59957 0.13122 93.77546 0 -3.97500 -47.82500 50.01612 0.19044 13
1.64214 -0.26844 93.77546 0 8.10000 -49.10000 50.01612 0.19549 13
0.02293 0.05399 91.48722 0 -1.62500 -0.47500 91.46325 0.10088 -13
2.06301 -0.07029 24.08421 0 2.17500 -61.67500 10.52572 0.23101 -13
0.52892 -0.16854 44.87315 0 5.07500 -14.05000 39.78675 0.11517 13
0.54310 0.12382 96.87276 0 -3.75000 -16.22500 85.27498 0.11528 13
0.55916 -0.27624 96.87276 0 8.32500 -16.70000 85.27498 0.11868 13
0.04221 -0.08583 54.27897 0 2.57500 -1.65000 54.23104 0.10116 13
-1.28089 -0.05318 61.26293 0 1.60000 38.80000 37.73303 0.16372 13
0.96062 -0.00192 53.99457 0 0.07500 -27.67500 38.93920 0.13964 -13
1.59240 -0.21966 98.45695 0 6.62500 -47.30000 53.24727 0.19066 -13
-0.28571 0.01055 17.95647 0 -0.35000 6.92500 17.26571 0.10474 13
1.04431 0.13789 85.06463 0 -4.17500 -30.27500 59.12044 0.14627 13
1.06926 -0.26142 85.06463 0 7.87500 -31.02500 59.12044 0.14975 13
0.53382 0.08595 7.16441 0 -2.52500 -15.37500 6.32559 0.11447 -13
-1.58799 0.08973 49.41692 0 -2.72500 45.42500 26.40866 0.18920 13
-0.07852 -0.07063 55.72642 0 2.12500 1.87500 55.55628 0.10126 13
2.02310 -0.24755 9.23881 0 7.35000 -61.47500 4.19161 0.22847 13
1.01837 0.11871 20.15821 0 -3.62500 -32.70000 14.17375 0.14425 13
1.05065 -0.28178 20.15821 0 8.45000 -33.65000 14.17375 0.14875 13
-0.89728 0.13837 64.06287 0 -4.17500 25.75000 47.88281 0.13601 -13
-0.91856 -0.26088 64.06287 0 7.87500 26.40000 47.88281 0.13926 -13
0.50949 -0.17925 11.51085 0 5.45000 -16.35000 10.28934 0.11449 -13
-0.73879 -0.01095 58.25481 0 0.32500 21.82500 46.85581 0.12520 13
0.55815 -0.10321 43.68554 0 3.10000 -14.60000 38.19408 0.11579 13
-0.22062 -0.08774 95.14141 0 2.65000 6.60000 92.92356 0.10350 -13
1.36600 -0.23632 84.15272 0 7.15000 -42.15000 50.58784 0.17214 -13
-0.96725 0.15061 1.43128 0 -4.02500 30.12500 1.03408 0.14101 -13
-0.98463 -0.24775 1.43128 0 8.02500 30.87500 1.03408 0.14461 -13
0.44006 0.10847 76.93283 0 -3.27500 -11.45000 70.48266 0.11056 -13
0.09951 -0.08943 96.08468 0 2.70000 -2.25000 95.61615 0.10160 13
-1.16358 0.07621 32.20575 0 -2.27500 34.30000 21.02646 0.15469 -13
1.20308 -0.22969 28.91611 0 6.90000 -35.57500 18.76372 0.15920 13
0.25823 0.03388 75.38971 0 -1.02500 -6.87500 72.99799 0.10406 -13
-0.08345 -0.16073 66.70039 0 4.85000 1.90000 66.47511 0.10234 13
-0.50715 -0.15870 63.34448 0 4.80000 19.77500 56.63702 0.11404 -13
-1.81179 0.09005 24.86640 0 -2.75000 54.75000 12.05528 0.20841 13
-2.15137 0.12595 76.06778 0 -3.77500 63.45000 32.27185 0.23923 -13
-1.42989 -0.24290 60.08899 0 7.35000 45.52500 35.09961 0.17743 -13
-0.10043 -0.15230 62.70840 0 4.60000 4.72500 62.40152 0.10237 -13
0.16873 0.02943 17.28103 0 -0.85000 -5.47500 17.04035 0.10216 -13
-0.73081 0.07171 7.72859 0 -2.07500 23.77500 6.24541 0.12492 -13
1.13884 0.02922 96.03574 0 -0.87500 -33.95000 63.38180 0.15265 -13
0.87008 -0.20799 45.07430 0 6.25000 -27.17500 34.31280 0.13511 13
0.89604 -0.07815 2.08716 0 2.02500 -26.50000 1.55633 0.13553 13
-0.72407 0.12733 7.74121 0 -3.92500 23.00000 6.28705 0.12505 13
-0.74458 -0.27279 7.74121 0 8.12500 23.60000 6.28705 0.12844 13
-0.49805 -0.04749 24.38462 0 1.45000 15.60000 21.83215 0.11261 -13
0.12307 -0.03351 61.22943 0 1.02500 -1.65000 60.77143 0.10152 -13
-0.10261 -0.13209 24.28630 0 3.97500 2.85000 24.16166 0.10209 13
0.40180 -0.08264 70.64780 0 2.47500 -11.32500 65.58488 0.10884 13
1.36544 -0.11238 57.24189 0 3.40000 -43.77500 33.95949 0.17082 -13
-0.29540 -0.19132 64.03455 0 5.77500 7.47500 61.49846 0.10675 13
-0.83487 -0.03136 30.35573 0 0.97500 26.80000 23.30681 0.13123 -13
0.82426 0.13781 31.69989 0 -4.17500 -27.15000 24.55405 0.13125 13
0.84404 -0.26150 31.69989 0 7.87500 -27.75000 24.55405 0.13436 13
-0.24538 -0.03048 60.94851 0 0.92500 7.30000 59.19404 0.10374 -13
-0.37744 -0.06305 79.73619 0 1.90000 10.87500 74.61768 0.10782 13
0.36912 -0.15737 26.53563 0 4.72500 -10.70000 24.92890 0.10851 13
0.84910 -0.00642 28.20751 0 0.22500 -25.00000 21.50185 0.13211 -13
1.36360 -0.24544 51.66666 0 7.42500 -45.47500 31.13486 0.17209 -13
-0.01314 -0.11288 27.88205 0 3.40000 2.90000 27.87968 0.10134 13
-1.14416 -0.23556 12.40028 0 7.05000 35.15000 8.28501 0.15478 13
1.38778 -0.04656 81.65472 0 1.40000 -43.22500 47.77034 0.17232 13
-0.61850 -0.03953 43.09071 0 1.20000 21.95000 36.65532 0.11848 -13
-0.79141 0.05552 16.00540 0 -1.62500 23.77500 12.55798 0.12854 -13
-1.72177 0.01481 8.10997 0 -0.57500 50.37500 4.07320 0.20056 13
-0.02920 -0.17468 89.42951 0 5.27500 3.25000 89.39251 0.10226 13
-0.75118 0.04592 4.50657 0 -1.52500 19.60000 3.60457 0.12610 13
-0.26544 -0.21096 49.28653 0 6.35000 7.42500 47.70388 0.10633 13
2.15059 0.06584 80.40171 0 -1.97500 -64.67500 33.96037 0.23893 -13
0.75540 -0.14800 30.31760 0 4.47500 -24.42500 24.28547 0.12710 -13
0.34150 -0.01029 16.45529 0 0.27500 -11.17500 15.57237 0.10642 13
0.41266 -0.11313 9.67726 0 3.35000 -14.60000 8.95377 0.10952 13
-1.28883 0.10572 72.09208 0 -3.17500 37.37500 44.34734 0.16461 -13
-0.83682 -0.02597 10.63068 0 0.72500 23.60000 8.15393 0.13134 13
-0.10623 0.04600 5.33628 0 -1.47500 2.80000 5.30648 0.10141 13
-0.01638 -0.07210 83.90535 0 2.17500 1.87500 83.89416 0.10098 13
0.27704 -0.22114 66.47968 0 6.67500 -10.45000 64.17325 0.10684 13
0.26160 -0.22462 50.62993 0 6.77500 -9.15000 49.05726 0.10653 -13
0.05500 -0.16646 92.70332 0 5.02500 0.00000 92.56714 0.10224 13
0.83192 -0.12618 64.70119 0 3.80000 -25.00000 49.89984 0.13160 13
0.91009 0.11590 25.38571 0 -3.52500 -27.85000 18.83110 0.13667 13
-0.08760 -0.15360 83.89291 0 4.62500 4.25000 83.58024 0.10226 13
-0.98379 -0.12204 63.68194 0 3.67500 25.37500 45.56103 0.14179 13
0.36103 -0.13092 33.18866 0 3.92500 -10.32500 31.24700 0.10787 13
0.52856 -0.14767 95.03079 0 4.45000 -13.87500 84.21292 0.11487 13
2.16688 -0.10506 84.20823 0 3.15000 -63.75000 35.44528 0.24055 13
0.58244 -0.21707 59.16126 0 6.52500 -16.55000 51.41595 0.11856 13
-1.01494 -0.09449 17.40340 0 2.80000 32.80000 12.24229 0.14378 13
1.64215 -0.09232 54.20557 0 2.80000 -49.25000 28.27990 0.19386 -13
0.54180 -0.03431 75.96823 0 1.05000 -17.85000 66.80336 0.11459 -13
-1.49544 0.04754 98.42499 0 -1.45000 43.00000 54.75411 0.18123 13
0.90654 -0.13068 23.04798 0 3.92500 -29.37500 17.14168 0.13654 13
-0.87991 0.10687 45.56780 0 -3.25000 27.60000 34.29468 0.13458 13
1.82526 -0.08526 90.74785 0 2.57500 -56.57500 43.72390 0.20977 -13
0.66309 0.06688 39.31704 0 -2.00000 -19.30000 32.78989 0.12102 -13
1.48641 -0.22312 67.68309 0 6.72500 -45.35000 38.41277 0.18178 13
-1.30688 -0.06001 12.03765 0 1.87500 37.00000 7.32370 0.16585 -13
0.20704 -0.11939 84.58037 0 3.60000 -6.37500 82.84768 0.10354 13
-1.98632 0.10292 62.14767 0 -3.12500 60.02500 28.06374 0.22420 13
-0.67151 0.05622 80.41717 0 -1.70000 20.67500 66.79459 0.12144 13
0.35044 -0.18323 76.40554 0 5.52500 -12.70000 72.23424 0.10829 13
-1.16405 0.10698 51.10414 0 -3.20000 35.65000 33.41007 0.15490 -13
-0.42961 -0.08937 70.32592 0 2.70000 10.45000 64.65531 0.10997 13
0.06120 -0.07363 14.25908 0 2.17500 0.40000 14.23262 0.10116 13
-0.50460 -0.19695 71.67859 0 5.92500 13.05000 64.23641 0.11452 13
-0.89125 -0.04900 31.29786 0 1.50000 26.57500 23.37716 0.13499 -13
2.13579 -0.04201 30.21125 0 1.30000 -64.65000 12.82019 0.23753 -13
-0.29260 0.03707 81.68520 0 -1.12500 9.35000 78.40237 0.10499 13
-0.62213 -0.00320 32.33538 0 0.07500 16.85000 27.45593 0.11860 13
-0.52835 -0.14938 27.47607 0 4.47500 15.42500 24.35135 0.11488 13
-0.50527 -0.02670 40.18101 0 0.80000 14.45000 35.86573 0.11286 13
-1.55148 -0.18539 49.44383 0 5.60000 47.85000 27.10658 0.18684 -13
-0.08261 -0.18443 87.18788 0 5.57500 1.30000 86.90156 0.10275 -13
-0.93503 -0.12943 81.98828 0 3.90000 28.15000 60.11706 0.13838 13
0.34964 0.12082 34.43009 0 -3.65000 -10.10000 32.52601 0.10738 13
0.36041 -0.27944 34.43009 0 8.40000 -10.42500 32.52601 0.11066 13
0.90807 -0.07060 28.92761 0 2.10000 -29.87500 21.43982 0.13621 13
-1.89632 -0.18306 84.56067 0 5.50000 56.20000 39.95391 0.21666 13
-2.10540 -0.16737 7.12831 0 4.90000 64.82500 3.09358 0.23510 13
0.35591 -0.03056 55.22423 0 0.90000 -11.70000 52.02989 0.10693 13
-0.73203 -0.02926 62.83396 0 0.87500 23.17500 50.70849 0.12484 13
0.44812 -0.00926 31.57257 0 0.30000 -14.27500 28.81218 0.11036 -13
-1.80345 -0.10926 39.93763 0 3.32500 55.40000 19.45535 0.20797 -13
0.56867 -0.10629 15.03294 0 3.25000 -17.87500 13.08580 0.11636 -13
-1.45529 -0.03206 13.48997 0 0.90000 43.37500 7.64216 0.17785 13
-0.01136 -0.23827 44.49972 0 7.17500 1.32500 44.49700 0.10352 13
-1.04234 -0.04488 36.63135 0 1.37500 32.20000 25.37312 0.14554 -13
0.82022 0.03767 99.21416 0 -1.15000 -24.92500 76.73269 0.13030 13
1.33892 -0.01577 81.51873 0 0.47500 -42.47500 48.78412 0.16829 13
-0.02801 -0.12158 3.53857 0 3.52500 1.92500 3.53721 0.10147 13
-1.00755 -0.05772 68.92203 0 1.72500 30.50000 48.59244 0.14307 13
0.52151 -0.18728 43.65935 0 5.67500 -19.15000 38.85274 0.11515 -13
1.63995 -0.06211 93.76015 0 1.87500 -50.27500 48.88220 0.19353 -13
1.15877 -0.16938 63.92441 0 5.10000 -32.60000 42.10230 0.15507 13
-0.45784 -0.00796 99.87515 0 0.22500 14.70000 90.81035 0.11076 13
-1.12730 -0.03582 93.36920 0 1.07500 36.42500 61.98149 0.15179 13
0.71413 0.02646 39.38871 0 -0.77500 -21.20000 32.05793 0.12378 -13
0.74444 -0.06141 87.37294 0 1.85000 -19.52500 70.13183 0.12570 -13
0.01473 -0.03250 19.21724 0 0.95000 -2.85000 19.21516 0.10076 13
-0.59903 0.01843 39.27272 0 -0.57500 17.70000 33.69189 0.11741 13
0.21974 0.10429 64.45357 0 -3.15000 -4.97500 62.96729 0.10364 13
-1.80306 0.01067 29.59872 0 -0.30000 52.40000 14.35627 0.20764 -13
-0.45907 -0.19593 58.56781 0 5.92500 14.72500 53.39964 0.11256 -13
1.03828 -0.22359 56.98632 0 6.72500 -30.55000 40.02933 0.14688 13
1.83008 -0.11338 74.43258 0 3.42500 -56.62500 35.86642 0.21033 -13
-0.26957 -0.15660 92.85912 0 4.72500 8.12500 89.73141 0.10549 -13
-1.43879 -0.08958 36.44731 0 2.67500 40.27500 20.85723 0.17667 13
-0.76232 -0.23702 85.34483 0 7.15000 21.55000 68.54545 0.12885 13
-0.09344 0.07104 31.06022 0 -2.12500 4.32500 30.92624 0.10139 -13
-0.45217 -0.09434 77.31636 0 2.85000 12.95000 70.50191 0.11093 -13
0.31401 -0.07922 16.43232 0 2.35000 -12.40000 15.68191 0.10585 13
1.30270 0.00081 29.98284 0 -0.05000 -40.02500 18.25660 0.16539 13
0.94991 -0.17773 98.70676 0 5.35000 -27.82500 72.09091 0.14004 13
-1.45274 -0.14026 87.96516 0 4.25000 43.92500 50.20673 0.17817 -13
-0.10503 -0.01517 38.32444 0 0.47500 2.85000 38.11483 0.10127 -13
-0.78309 -0.06112 4.82283 0 1.70000 25.77500 3.79980 0.12805 13
-0.21117 -0.03508 72.58833 0 1.05000 4.77500 71.02406 0.10299 13
0.89438 0.02121 19.50842 0 -0.67500 -27.30000 14.54297 0.13512 13
-1.00617 0.03557 98.10030 0 -1.07500 28.37500 69.17602 0.14290 -13
1.55827 -0.22744 67.33531 0 6.87500 -48.02500 37.01717 0.18788 -13
-1.56684 -0.14738 28.49443 0 4.42500 48.40000 15.44680 0.18774 13
-0.71212 -0.21356 4.37891 0 6.30000 22.55000 3.59346 0.12540 13
-0.34983 -0.00835 83.81837 0 0.25000 9.87500 79.11696 0.10669 -13
-0.44671 -0.19036 77.93816 0 5.72500 12.62500 71.36899 0.11194 13
-0.42952 0.11843 43.05502 0 -3.55000 14.32500 39.60261 0.11025 -13
-1.59493 -0.11469 91.05282 0 3.47500 46.72500 48.59515 0.18993 -13
0.04327 -0.08569 89.47014 0 2.60000 -3.15000 89.38714 0.10117 -13
1.01764 -0.22381 79.49482 0 6.75000 -31.42500 56.40636 0.14543 13
-0.47407 -0.15186 13.34475 0 4.62500 11.90000 12.08353 0.11252 -13
-0.36042 -0.13498 2.53029 0 3.87500 10.45000 2.38296 0.10790 13
0.42047 -0.22500 86.90237 0 6.77500 -13.07500 80.40027 0.11156 13
0.56143 -0.16880 98.75383 0 5.10000 -16.57500 86.39787 0.11674 -13
0.87703 0.04226 17.64001 0 -1.30000 -26.27500 13.26702 0.13403 13
0.57263 -0.11951 49.12556 0 3.62500 -17.75000 42.70504 0.11667 -13
-0.48295 -0.15309 19.22879 0 4.60000 14.15000 17.35280 0.11288 13
0.74966 -0.22690 24.67765 0 6.87500 -22.27500 19.92159 0.12794 -13
-1.40918 -0.04761 72.17616 0 1.42500 43.05000 41.80104 0.17408 13
-1.72556 -0.19104 40.24102 0 5.80000 54.17500 20.44926 0.20178 -13
0.02543 -0.07595 72.69506 0 2.30000 0.90000 72.67171 0.10103 -13
-0.25746 -0.23978 30.45586 0 7.25000 5.32500 29.54401 0.10677 -13
0.20428 -0.23404 60.56222 0 7.07500 -5.60000 59.39872 0.10546 -13
1.36205 0.09563 23.14164 0 -2.85000 -39.20000 13.73673 0.17041 -13
0.96743 0.08569 51.28599 0 -2.57500 -28.42500 36.92501 0.14038 -13
-0.45779 -0.08208 11.87193 0 2.42500 15.60000 10.80072 0.11105 13
0.29179 -0.09246 93.71475 0 2.80000 -7.87500 89.99314 0.10532 -13
0.13598 -0.06856 17.52991 0 2.10000 -1.27500 17.37083 0.10187 -13
-1.63640 0.09639 82.05198 0 -2.92500 49.60000 42.93046 0.19337 13
1.03131 -0.09852 17.37799 0 2.92500 -30.55000 12.12760 0.14498 13
-1.96850 -0.06269 22.37570 0 1.85000 61.50000 10.14998 0.22243 13
0.86886 0.08734 85.79653 0 -2.62500 -24.17500 64.87072 0.13369 -13
0.22030 0.08810 67.53376 0 -2.67500 -6.77500 65.96412 0.10350 13
-0.92571 -0.23835 74.46707 0 7.20000 26.12500 55.33751 0.13932 -13
0.07395 -0.24573 54.27669 0 7.42500 -1.95000 54.13731 0.10397 -13
0.70012 -0.07417 80.62934 0 2.22500 -22.87500 66.10979 0.12316 13
-1.20293 0.14638 77.79019 0 -4.40000 36.27500 50.03973 0.15821 -13
-1.22760 -0.25250 77.79019 0 7.62500 37.02500 50.03973 0.16148 -13
-0.06791 -0.07805 79.47778 0 2.35000 3.12500 79.29646 0.10124 -13
-1.23776 -0.16581 68.15934 0 5.00000 36.17500 43.18486 0.16110 13
-1.30046 -0.17668 21.53447 0 5.30000 41.80000 13.25372 0.16613 13
0.00449 -0.05958 40.84962 0 1.77500 0.75000 40.84921 0.10088 13
-1.05737 -0.01109 22.86402 0 0.37500 29.02500 15.71108 0.14656 -13
-0.35606 0.03343 84.72950 0 -1.02500 12.12500 79.82554 0.10695 13
-0.20373 0.01267 61.33379 0 -0.37500 6.10000 60.09938 0.10278 -13
1.19299 0.07683 55.71419 0 -2.30000 -35.07500 35.85217 0.15694 -13
-0.12103 -0.01277 87.01840 0 0.40000 3.87500 86.38809 0.10145 -13
-1.63325 0.02203 50.45130 0 -0.67500 50.20000 26.34910 0.19287 13
0.47704 0.12687 26.51275 0 -3.80000 -13.85000 23.96454 0.11229 -13
0.49054 -0.27298 26.51275 0 8.25000 -14.25000 23.96454 0.11551 -13
-0.10409 0.14806 34.88102 0 -4.47500 2.95000 34.69757 0.10235 13
-0.10617 -0.25079 34.88102 0 7.55000 3.00000 34.69757 0.10436 13
2.08597 -0.07516 32.70231 0 2.30000 -62.20000 14.16849 0.23311 -13
0.50942 -0.13871 19.19521 0 4.22500 -16.42500 17.13696 0.11390 -13
2.05530 0.10028 22.37946 0 -2.97500 -62.47500 9.83174 0.23034 -13
-1.02852 -0.21166 12.93819 0 6.45000 29.12500 9.11993 0.14609 -13
0.30879 -0.12484 57.94488 0 3.77500 -9.32500 55.40275 0.10615 -13
1.61567 -0.09700 20.81053 0 2.97500 -47.62500 10.98999 0.19161 -13
-0.61865 0.08030 75.22245 0 -2.42500 17.52500 64.02700 0.11869 -13
-1.05596 -0.04779 30.67227 0 1.47500 31.45000 21.10297 0.14654 -13
2.11369 0.09107 19.31298 0 -2.70000 -63.45000 8.28771 0.23560 -13
0.74433 -0.21187 83.27279 0 6.40000 -22.27500 67.31677 0.12734 -13
0.08654 -0.15484 17.32959 0 4.65000 -4.20000 17.26659 0.10226 13
-1.33947 0.10531 10.73565 0 -3.10000 42.05000 6.44541 0.16863 -13
-1.41398 0.03693 41.96615 0 -1.12500 44.40000 24.24336 0.17445 13
-0.57195 -0.18142 92.35602 0 5.47500 18.37500 80.48640 0.11744 -13
1.04086 -0.04629 2.74943 0 1.15000 -29.27500 1.90587 0.14549 13
1.20613 -0.05833 47.38397 0 1.77500 -37.00000 30.27261 0.15790 -13
-0.99252 0.13617 22.83417 0 -4.07500 30.60000 16.28046 0.14253 -13
-1.01686 -0.26315 22.83417 0 7.97500 31.35000 16.28046 0.14609 -13
-1.40624 -0.22300 75.28854 0 6.75000 42.25000 44.33448 0.17523 -13
0.12139 0.12901 40.34081 0 -3.90000 -5.47500 40.05157 0.10227 13
0.12471 -0.27076 40.34081 0 8.15000 -5.57500 40.05157 0.10507 13
1.06622 -0.05157 35.95977 0 1.52500 -34.42500 24.61712 0.14729 13
0.42489 -0.21319 24.98202 0 6.40000 -11.40000 23.06939 0.11149 13
1.48108 -0.20277 46.91169 0 6.10000 -42.90000 26.61413 0.18108 13
-0.09653 -0.24804 66.06158 0 7.47500 4.17500 65.77350 0.10420 13
0.73769 -0.14718 71.79570 0 4.45000 -23.25000 57.99379 0.12602 -13
1.08541 -0.23272 35.09964 0 7.05000 -32.22500 24.12084 0.15048 -13
0.22160 0.07828 59.12180 0 -2.35000 -8.52500 57.72973 0.10344 -13
0.18089 0.08735 83.56210 0 -2.65000 -9.10000 82.23739 0.10271 13
0.57697 -0.18994 87.83597 0 5.72500 -18.37500 76.41374 0.11783 -13
-0.20605 0.14249 73.04467 0 -4.30000 6.35000 71.57076 0.10381 -13
-0.21059 -0.25657 73.04467 0 7.75000 6.50000 71.57076 0.10611 -13
-0.24776 -0.00893 75.63681 0 0.27500 6.37500 73.41714 0.10376 -13
0.31743 -0.06962 24.56263 0 2.07500 -9.12500 23.41663 0.10588 13
-0.67060 0.03938 42.41835 0 -1.20000 23.22500 35.23868 0.12132 13
0.57058 0.14243 16.81224 0 -4.32500 -16.57500 14.63851 0.11685 13
0.58319 -0.25672 16.81224 0 7.70000 -16.95000 14.63851 0.11938 13
0.05644 -0.10969 16.65462 0 3.32500 -1.80000 16.62847 0.10148 -13
0.88986 -0.08003 52.70290 0 2.42500 -24.87500 39.42737 0.13505 -13
1.78392 -0.01290 47.40162 0 0.37500 -56.22500 23.17993 0.20595 13
2.04906 -0.05862 23.83393 0 1.72500 -60.50000 10.46835 0.22965 13
-0.30835 0.01783 64.94358 0 -0.55000 8.72500 62.06115 0.10540 13
-1.20855 -0.07887 9.15830 0 2.45000 36.42500 5.84902 0.15822 -13
-0.21219 -0.21061 19.95211 0 6.32500 5.12500 19.53532 0.10509 13
1.65296 -0.02340 29.32126 0 0.75000 -48.47500 15.18088 0.19456 -13
-1.56824 -0.12677 33.86851 0 3.80000 47.02500 18.31334 0.18771 13
-1.48175 -0.20644 36.45339 0 6.25000 43.57500 20.68429 0.18125 -13
0.65212 0.05585 40.12376 0 -1.67500 -20.07500 33.62604 0.12035 -13
-0.45000 -0.03262 12.24995 0 1.02500 13.35000 11.17217 0.11049 -13
0.44459 -0.01084 11.00371 0 0.27500 -14.25000 10.05448 0.11022 13
-0.75344 0.08577 92.69444 0 -2.57500 21.92500 74.13124 0.12638 -13
-0.77603 -0.09795 34.50748 0 2.92500 25.00000 27.31026 0.12784 13
-0.08458 -0.02843 71.44525 0 0.87500 2.12500 71.19127 0.10111 -13
-0.78755 0.02604 80.40956 0 -0.77500 22.77500 63.17897 0.12820 -13
-0.64217 0.00155 35.06003 0 -0.02500 17.37500 29.50091 0.11968 -13
0.67898 0.07995 19.70790 0 -2.37500 -17.60000 16.32083 0.12199 -13
-0.00227 -0.12921 15.93367 0 3.87500 -0.12500 15.93363 0.10153 13
0.24575 -0.03943 8.04338 0 1.12500 -7.85000 7.81132 0.10377 13
1.93755 0.01112 45.16229 0 -0.35000 -59.42500 20.71406 0.21957 13
0.19304 -0.15948 70.05869 0 4.80000 -5.35000 68.81948 0.10381 13
-0.41205 -0.09585 51.37124 0 2.87500 14.80000 47.52861 0.10934 13
0.15649 0.06684 60.28332 0 -2.00000 -3.42500 59.56154 0.10215 -13
-0.33346 -0.10932 1.83593 0 3.00000 10.65000 1.74278 0.10679 13
-0.33647 -0.21975 2.06648 0 6.35000 11.77500 1.96336 0.10846 13
-0.32012 0.05825 13.68075 0 -1.80000 10.10000 13.03171 0.10591 13
0.60442 0.05699 38.26011 0 -1.70000 -17.40000 32.75788 0.11781 -13
-1.05938 -0.00279 63.82502 0 0.10000 31.42500 43.81129 0.14671 -13
-0.43427 0.09358 44.13149 0 -2.80000 13.82500 40.50708 0.11019 -13
2.04270 0.05305 20.91637 0 -1.55000 -62.62500 9.20721 0.22908 -13
-1.25091 -0.10311 61.97548 0 3.12500 38.70000 38.82338 0.16162 -13
0.98369 0.14770 86.44019 0 -4.47500 -32.17500 61.94858 0.14205 13
1.00334 -0.25117 86.44019 0 7.57500 -32.75000 61.94858 0.14487 13
-0.25011 0.01156 5.03004 0 -0.25000 7.97500 4.87964 0.10383 -13
0.89088 -0.14483 64.63932 0 4.35000 -23.60000 48.48510 0.13565 13
0.61962 -0.12231 42.89800 0 3.67500 -20.80000 36.54046 0.11910 13
1.90268 -0.11015 6.87275 0 3.47500 -55.82500 3.21251 0.21689 -13
1.33129 -0.11048 85.02771 0 3.32500 -40.97500 51.26482 0.16804 13
0.02684 -0.16895 37.78422 0 5.07500 -1.37500 37.77100 0.10212 13
0.33083 -0.23700 37.19730 0 7.12500 -11.70000 35.40793 0.10871 13
0.24968 -0.05737 62.54203 0 1.72500 -7.72500 60.68507 0.10395 13
0.18399 -0.11207 74.74726 0 3.40000 -6.30000 73.52830 0.10302 -13
-0.15514 0.12273 86.20869 0 -3.70000 6.55000 85.20459 0.10266 13
-0.15980 -0.27739 86.20869 0 8.35000 6.70000 85.20459 0.10573 13
0.28322 0.09503 47.70532 0 -2.85000 -10.10000 45.91519 0.10510 -13
-1.28608 0.09929 13.36700 0 -3.05000 36.62500 8.23101 0.16438 13
-0.92283 -0.10840 9.99346 0 3.20000 26.00000 7.36362 0.13745 13
-0.07592 0.13222 9.16094 0 -4.05000 3.12500 9.13513 0.10190 13
-0.07792 -0.26751 9.16094 0 8.00000 3.17500 9.13513 0.10449 13
-0.38310 -0.20835 5.54421 0 6.17500 12.70000 5.19120 0.10981 13
-0.24068 -0.01489 89.37717 0 0.45000 7.52500 86.89644 0.10359 -13
0.52690 -0.09686 95.41280 0 2.92500 -16.52500 84.49782 0.11424 13
0.43305 0.04245 49.73149 0 -1.27500 -17.15000 45.64306 0.10982 -13
0.28244 -0.23554 18.36417 0 7.12500 -8.52500 17.70711 0.10732 -13
-0.79858 0.13552 17.50578 0 -4.05000 23.60000 13.72722 0.12958 -13
-0.81841 -0.26380 17.50578 0 8.00000 24.20000 13.72722 0.13285 -13
-1.03431 -0.23889 75.67660 0 7.22500 32.27500 53.35029 0.14688 -13
-1.61544 2.42935 75.67660 0 6.90000 32.37500 53.35029 0.14758 -13
1.56315 0.16796 75.67660 0 7.42500 34.92500 53.35029 0.16471 -13
0.44982 -0.05042 21.09781 0 1.50000 -13.75000 19.24472 0.11053 13
0.08924 0.12983 7.37136 0 -3.97500 -0.45000 7.34262 0.10199 13
0.09179 -0.27011 7.37136 0 8.07500 -0.52500 7.34262 0.10466 13
1.96276 -0.01255 50.60865 0 0.35000 -60.05000 22.97457 0.22184 13
-0.74618 0.03686 67.09364 0 -1.10000 22.80000 53.78647 0.12570 -13
1.71360 -0.21320 40.42259 0 6.40000 -53.75000 20.71265 0.20091 13
1.14660 0.07639 75.13200 0 -2.30000 -33.65000 49.46423 0.15340 -13
0.32578 0.12966 25.52717 0 -3.90000 -9.37500 24.29091 0.10670 -13
0.33461 -0.26998 25.52717 0 8.17500 -9.65000 24.29091 0.10963 -13
-0.02446 -0.24219 45.69646 0 7.32500 1.47500 45.68355 0.10365 -13
0.62028 0.13105 27.62833 0 -3.92500 -16.92500 23.53396 0.11923 -13
0.63680 -0.26851 27.62833 0 8.12500 -17.42500 23.53396 0.12244 -13
0.22864 0.03292 3.01524 0 -0.82500 -6.87500 2.93931 0.10341 -13
0.53142 -0.00234 46.00193 0 0.05000 -15.10000 40.62214 0.11404 13
-1.36267 0.11122 50.02755 0 -3.35000 43.27500 29.71672 0.17056 -13
-1.05821 -0.06996 52.38071 0 2.12500 31.20000 36.02340 0.14679 -13
0.74295 -0.09141 99.50160 0 2.77500 -20.82500 79.98866 0.12580 -13
-0.23381 0.09186 23.18121 0 -2.80000 9.32500 22.57735 0.10383 13
0.85051 -0.06920 69.98831 0 2.07500 -25.05000 53.36764 0.13238 13
1.32551 0.02920 85.51331 0 -0.90000 -40.30000 51.51500 0.16723 13
-1.05407 0.10424 70.24814 0 -3.15000 31.60000 48.48607 0.14669 13
-1.74266 -0.09631 88.21830 0 2.90000 53.05000 44.06046 0.20255 13
1.83409 -0.01939 28.58949 0 0.55000 -56.92500 13.68730 0.21038 13
-0.93603 0.08708 73.02102 0 -2.62500 26.40000 53.40462 0.13821 -13
0.11037 0.11262 30.78708 0 -3.37500 -1.42500 30.60347 0.10194 -13
1.22458 -0.16693 16.51763 0 5.07500 -34.15000 10.53266 0.16015 -13
0.01670 -0.00969 48.66187 0 0.30000 0.67500 48.65509 0.10072 -13
0.56061 0.12206 62.94739 0 -3.67500 -14.50000 55.00468 0.11610 -13
0.57759 -0.27806 62.94739 0 8.40000 -15.00000 55.00468 0.11963 -13
-1.25635 -0.22644 17.56142 0 6.87500 36.62500 11.10364 0.16336 -13
0.56673 -0.13405 26.98646 0 4.02500 -19.07500 23.52838 0.11653 13
-0.78598 -0.01916 70.23745 0 0.57500 24.12500 55.22585 0.12810 13
1.56816 0.07976 31.55886 0 -2.37500 -47.72500 17.00639 0.18745 -13
0.34359 -0.06900 75.55310 0 2.07500 -14.05000 71.47089 0.10671 13
0.42019 -0.14097 56.19009 0 4.25000 -14.95000 51.87871 0.11016 -13
