-0.79814 -0.19098 81.10977 0 5.77500 22.25000 63.83194 0.13028 -13
0.64456 0.06605 82.66252 0 -2.00000 -18.12500 69.52466 0.11999 13
-0.91319 -0.18638 11.55297 0 5.67500 26.77500 8.59759 0.13770 -13
-2.03535 -0.23967 61.65055 0 7.20000 59.62500 27.80144 0.22960 13
-0.32296 -0.22866 68.05169 0 6.90000 10.92500 64.91078 0.10831 -13
-0.51351 -0.07885 3.70333 0 2.52500 15.72500 3.29661 0.11357 -13
-1.75216 0.00326 91.69317 0 -0.10000 51.07500 45.45085 0.20317 13
0.28730 -0.18392 73.26522 0 5.55000 -9.77500 70.50483 0.10641 -13
0.39134 -0.21946 38.72227 0 6.62500 -10.85000 36.17003 0.11038 -13
-0.21735 -0.06356 82.82126 0 1.92500 3.90000 80.93874 0.10326 -13
-0.11941 0.14008 15.68889 0 -4.20000 4.30000 15.58028 0.10238 -13
-0.12217 -0.25905 15.68889 0 7.85000 4.37500 15.58028 0.10479 -13
0.46890 -0.15568 18.69098 0 4.67500 -12.80000 16.95919 0.11231 13
1.39918 0.04185 41.86913 0 -1.25000 -43.50000 24.35947 0.17324 -13
1.57505 0.12710 71.93618 0 -3.85000 -48.70000 38.77770 0.18832 13
1.61962 -0.27280 71.93618 0 8.22500 -50.05000 38.77770 0.19362 13
-0.68930 -0.09245 86.64041 0 2.80000 21.77500 71.43294 0.12267 -13
-0.92451 -0.01615 25.91463 0 0.50000 28.97500 19.02969 0.13716 -13
-0.79251 0.07184 54.24128 0 -2.15000 21.95000 42.55230 0.12869 -13
-1.14174 -0.21566 34.76763 0 6.52500 33.82500 23.20073 0.15440 -13
-0.48186 -0.10003 18.39602 0 3.00000 15.10000 16.58792 0.11223 13
1.02992 -0.20020 46.48387 0 6.02500 -33.52500 32.70736 0.14595 13
0.90411 -0.03009 80.22327 0 0.90000 -26.72500 59.51984 0.13579 13
-1.04689 -0.23170 24.02704 0 6.95000 34.22500 16.82152 0.14762 13
-2.06179 -0.13671 37.48643 0 4.15000 61.55000 16.48327 0.23118 -13
2.07883 -0.00981 35.47479 0 0.27500 -62.62500 15.37779 0.23233 13
0.16939 -0.15879 55.08580 0 4.77500 -4.37500 54.33080 0.10338 13
1.45376 -0.04894 95.27180 0 1.47500 -47.10000 54.03774 0.17776 -13
-0.80112 0.07671 17.96177 0 -2.35000 23.70000 14.03391 0.12928 13
0.94002 0.10731 22.39803 0 -3.27500 -26.90000 16.36281 0.13866 13
-0.13101 0.00510 77.12747 0 -0.15000 3.90000 76.47395 0.10157 -13
-0.82153 0.10427 77.38674 0 -3.15000 23.50000 59.92554 0.13075 13
1.19345 -0.02537 48.37927 0 0.77500 -35.77500 31.07700 0.15682 -13
0.47718 0.00004 84.87553 0 -0.00000 -15.92500 76.60123 0.11158 13
-0.66030 0.12812 77.28379 0 -3.85000 19.75000 64.65169 0.12136 -13
-0.67867 -0.27165 77.28379 0 8.20000 20.30000 64.65169 0.12475 -13
-0.13875 0.08251 81.58902 0 -2.47500 5.97500 80.82002 0.10201 -13
0.24604 -0.15950 94.69425 0 4.80000 -7.62500 92.01730 0.10494 13
-0.07157 -0.11828 29.50762 0 3.55000 3.82500 29.43335 0.10165 13
-0.24257 -0.03636 12.33815 0 1.15000 7.42500 11.99090 0.10370 -13
-1.18484 -0.00522 18.90173 0 0.12500 33.35000 12.19133 0.15613 13
-0.49803 -0.03149 37.39199 0 0.92500 12.67500 33.47409 0.11254 13
1.70285 0.14586 39.95277 0 -4.42500 -53.62500 20.39063 0.19943 13
1.73809 -0.25309 39.95277 0 7.60000 -54.67500 20.39063 0.20349 13
0.96029 0.09449 92.61096 0 -2.85000 -29.07500 66.94138 0.13994 13
-0.03388 0.01688 68.54542 0 -0.52500 0.72500 68.50613 0.10078 13
-0.78032 -0.05856 15.33742 0 1.72500 21.90000 12.09961 0.12787 13
0.28666 -0.04890 86.55372 0 1.47500 -10.97500 83.21027 0.10488 -13
0.76789 -0.03562 70.50300 0 1.07500 -23.52500 55.93069 0.12702 -13
0.00209 -0.07744 3.56099 0 2.47500 0.40000 3.56099 0.10109 -13
0.01729 0.10077 78.04560 0 -3.05000 -0.97500 78.03406 0.10123 13
0.00999 0.14309 91.60874 0 -4.32500 -2.30000 91.60425 0.10174 13
0.01021 -0.25596 91.60874 0 7.72500 -2.32500 91.60425 0.10395 13
2.01332 0.05837 57.08707 0 -1.77500 -59.62500 25.42902 0.22647 13
1.70786 0.11790 9.17714 0 -3.45000 -51.85000 4.66153 0.19956 -13
0.81753 0.00791 87.85398 0 -0.22500 -26.67500 68.01790 0.13008 -13
-1.41591 -0.17367 12.55535 0 5.17500 44.57500 7.31615 0.17535 13
1.33259 -0.06278 71.26535 0 1.87500 -40.87500 42.82865 0.16789 13
0.26972 -0.10864 27.75322 0 3.30000 -6.12500 26.80635 0.10488 -13
-2.10105 0.00547 63.77014 0 -0.17500 64.32500 27.40589 0.23433 13
-0.76115 -0.08076 31.30306 0 2.42500 20.45000 24.93877 0.12681 13
-0.31163 -0.13068 81.07097 0 3.92500 7.57500 77.45748 0.10629 13
1.79863 -0.11508 68.05556 0 3.47500 -55.67500 33.23650 0.20757 -13
-0.35057 -0.10973 3.52259 0 3.47500 12.75000 3.32671 0.10739 -13
0.02607 -0.18821 66.01204 0 5.67500 -1.27500 65.99040 0.10250 13
1.81933 -0.23608 3.90141 0 7.40000 -54.27500 1.91758 0.21106 -13
-0.56954 -0.23793 4.99998 0 7.05000 18.10000 4.37351 0.11827 13
-0.75885 -0.07966 94.01303 0 2.40000 22.30000 74.97729 0.12666 13
1.08003 -0.11401 16.72197 0 3.40000 -31.72500 11.40035 0.14865 13
-1.87262 -0.18185 71.80605 0 5.47500 56.82500 34.25421 0.21455 13
0.77631 -0.17443 15.66259 0 5.30000 -24.27500 12.44153 0.12872 -13
-0.75370 -0.16031 95.43733 0 4.82500 21.52500 76.56253 0.12713 13
-0.30890 -0.06155 93.06340 0 1.85000 8.82500 88.93266 0.10558 13
0.55192 -0.23764 55.64238 0 7.15000 -16.52500 49.02187 0.11748 13
-1.15769 -0.10545 11.57969 0 3.25000 34.00000 7.59298 0.15447 -13
-1.53847 -0.08018 90.70180 0 2.42500 46.77500 49.54188 0.18497 -13
0.76672 0.07590 7.04004 0 -2.20000 -21.87500 5.59299 0.12711 -13
-1.95181 0.14216 13.35726 0 -4.20000 59.32500 6.13884 0.22124 -13
-1.99508 -0.25697 13.35726 0 7.82500 60.70000 6.13884 0.22638 -13
0.07353 0.10419 7.89616 0 -3.07500 -1.20000 7.87515 0.10151 -13
0.25600 0.01437 5.46487 0 -0.35000 -7.97500 5.29425 0.10397 -13
-0.52828 -0.20056 89.41442 0 6.05000 14.87500 79.39552 0.11567 13
-0.39635 -0.10194 80.02969 0 3.07500 12.42500 74.45095 0.10881 13
2.11670 0.08783 84.38940 0 -2.67500 -64.22500 36.16060 0.23593 13
-0.77062 -0.21024 71.11767 0 6.32500 22.25000 56.78128 0.12888 13
1.01494 -0.10563 52.46868 0 3.20000 -29.55000 36.92880 0.14388 -13
-0.07543 -0.15611 24.10683 0 4.72500 1.70000 24.04014 0.10221 -13
0.07194 0.04158 30.77356 0 -1.25000 -4.82500 30.69436 0.10105 -13
-0.59222 -0.11027 92.82984 0 3.32500 18.15000 79.99845 0.11756 13
-0.46819 0.00288 52.64031 0 -0.10000 13.22500 47.67392 0.11119 13
-0.37089 0.06917 92.50843 0 -2.10000 8.65000 86.76009 0.10763 13
-1.47241 -0.11842 81.31137 0 3.57500 41.02500 45.90124 0.17964 -13
-0.11068 -0.08018 64.63773 0 2.40000 2.07500 64.24795 0.10164 13
0.11975 -0.02213 91.48505 0 0.67500 -3.37500 90.83640 0.10145 13
1.93468 0.05284 75.07866 0 -1.60000 -57.35000 34.51190 0.21939 13
-1.98648 -0.19157 25.97409 0 5.82500 56.50000 11.84694 0.22487 -13
-2.03883 0.14145 9.81224 0 -4.15000 60.27500 4.35567 0.22901 -13
-2.08449 -0.25744 9.81224 0 7.90000 61.75000 4.35567 0.23451 -13
-0.02166 0.10363 8.25807 0 -3.07500 1.55000 8.25616 0.10125 -13
0.04468 -0.15305 27.39480 0 4.60000 0.17500 27.36813 0.10197 13
1.12738 0.06532 56.84604 0 -1.95000 -35.02500 37.76740 0.15189 -13
-0.09790 0.06553 95.82870 0 -1.97500 3.40000 95.37466 0.10139 -13
1.04616 -0.13112 4.59471 0 4.12500 -29.85000 3.18911 0.14647 -13
-0.13110 -0.02904 19.56448 0 0.90000 5.00000 19.39865 0.10161 -13
-1.51561 -0.14033 59.14554 0 4.22500 44.65000 32.79383 0.18339 13
0.74960 -0.02036 69.22312 0 0.60000 -20.87500 55.39316 0.12587 13
1.81595 -0.23247 42.68377 0 6.97500 -55.22500 21.00658 0.21004 13
0.37509 -0.01812 97.54701 0 0.55000 -15.22500 91.33517 0.10757 -13
0.43498 0.04562 9.51172 0 -1.42500 -14.20000 8.72367 0.10993 13
-2.12438 0.06778 62.28337 0 -2.07500 63.87500 26.57652 0.23655 13
-0.44524 -0.10439 3.31228 0 2.97500 12.47500 3.02843 0.11074 13
1.01232 -0.18311 80.30624 0 5.52500 -31.35000 56.90540 0.14447 13
-0.54624 -0.16319 34.05772 0 4.95000 16.25000 29.97839 0.11593 -13
-1.30508 -0.03741 85.66077 0 1.12500 41.17500 52.12319 0.16561 13
0.64909 -0.06110 63.28638 0 1.82500 -17.90000 53.11343 0.12021 13
0.73332 -0.04288 46.92211 0 1.30000 -24.15000 37.85026 0.12496 -13
-1.03990 -0.21444 87.83487 0 6.47500 32.27500 61.58947 0.14689 -13
-1.59714 -0.17244 85.17323 0 5.20000 49.75000 45.67587 0.19057 -13
0.58109 -0.16878 71.99418 0 5.10000 -14.50000 62.46629 0.11771 -13
-0.41975 -0.05619 92.61257 0 1.70000 14.67500 85.41464 0.10937 -13
0.06716 -0.21188 63.65718 0 6.37500 -5.87500 63.52019 0.10316 13
-0.14618 0.12273 54.23820 0 -3.70000 6.82500 53.67608 0.10252 -13
-0.15056 -0.27736 54.23820 0 8.37500 6.95000 53.67608 0.10561 -13
-0.62582 -0.20533 84.72593 0 6.17500 20.12500 72.23320 0.12058 13
-0.03174 -0.04040 18.02944 0 1.20000 0.30000 18.02038 0.10083 13
0.03824 -0.14969 7.25761 0 4.45000 -1.87500 7.25244 0.10187 13
-1.63523 -0.14224 31.41445 0 4.32500 50.60000 16.50875 0.19358 -13
0.14385 0.13275 19.17893 0 -3.97500 -2.77500 18.98684 0.10260 -13
0.14759 -0.26673 19.17893 0 8.07500 -2.90000 18.98684 0.10530 -13
-0.36969 -0.09165 44.60556 0 2.75000 11.17500 41.85901 0.10776 13
0.69472 -0.13055 40.89895 0 3.95000 -21.55000 33.68086 0.12333 -13
0.37697 0.01374 37.88595 0 -0.42500 -11.52500 35.45097 0.10763 13
0.12134 -0.03386 1.32591 0 1.40000 -2.65000 1.31620 0.10188 -13
-0.21996 -0.06378 5.07929 0 2.02500 5.50000 4.96118 0.10336 -13
1.35663 -0.09568 4.73583 0 3.05000 -40.62500 2.81830 0.17013 -13
0.38121 0.10259 52.35076 0 -3.10000 -13.72500 48.94942 0.10827 13
0.83218 -0.21347 79.54193 0 6.45000 -24.20000 61.69289 0.13277 -13
1.87040 -0.18956 98.03157 0 5.72500 -55.90000 46.85756 0.21445 -13
-0.86276 0.11886 12.28960 0 -3.65000 26.55000 9.33206 0.13359 13
-0.89006 -0.28164 12.28960 0 8.45000 27.35000 9.33206 0.13772 13
1.95901 0.01708 21.80814 0 -0.57500 -61.45000 9.91601 0.22152 13
-0.00649 -0.03971 56.47439 0 1.20000 1.05000 56.47320 0.10079 -13
-0.20307 0.10261 1.72614 0 -2.80000 5.22500 1.69190 0.10337 -13
-0.42366 -0.21962 39.96020 0 6.65000 11.40000 36.92374 0.11160 -13
0.44996 0.02917 21.56453 0 -0.90000 -12.82500 19.66671 0.11047 13
0.33050 0.02685 1.39832 0 -0.45000 -11.95000 1.32773 0.10637 -13
-0.47968 -0.08146 52.32637 0 2.47500 16.02500 47.20838 0.11199 -13
-0.14660 0.13622 62.31012 0 -4.10000 4.62500 61.66304 0.10270 -13
-0.15020 -0.26313 62.31012 0 7.95000 4.75000 61.66304 0.10523 -13
-1.01450 -0.21108 34.87916 0 6.35000 30.35000 24.75425 0.14500 13
0.17465 0.00202 78.86853 0 -0.05000 -7.25000 77.69244 0.10223 -13
0.81923 -0.08016 53.77323 0 2.40000 -25.47500 41.65017 0.13043 13
1.43214 -0.19628 46.43629 0 5.95000 -46.47500 26.92271 0.17704 -13
0.78792 -0.23415 80.72739 0 7.05000 -22.55000 64.04952 0.13035 13
-1.81313 0.07198 47.75736 0 -2.15000 54.05000 23.10932 0.20864 -13
0.09533 -0.23447 19.64775 0 7.05000 -4.10000 19.56363 0.10386 13
1.48125 -0.16862 5.27967 0 5.25000 -42.97500 2.98239 0.18099 -13
0.22904 -0.19127 97.87234 0 5.77500 -6.17500 95.48609 0.10509 13
-0.78296 -0.21371 83.17900 0 6.45000 23.20000 66.04330 0.12970 13
-0.17034 -0.18903 38.46030 0 5.70000 6.95000 37.93271 0.10390 13
0.67704 -0.14905 79.83481 0 4.50000 -19.65000 66.33507 0.12253 -13
0.78619 0.13205 62.87621 0 -3.97500 -24.05000 49.59308 0.12878 -13
0.80681 -0.26750 62.87621 0 8.07500 -24.70000 49.59308 0.13218 -13
-1.13217 -0.00523 87.78447 0 0.15000 35.30000 58.11427 0.15212 13
1.54265 0.08884 13.16626 0 -2.60000 -47.82500 7.18216 0.18530 -13
0.92604 -0.21505 65.12865 0 6.50000 -26.85000 48.28135 0.13895 -13
1.09308 0.13541 64.51899 0 -4.07500 -31.97500 43.76490 0.14981 -13
1.12031 -0.26399 64.51899 0 7.97500 -32.80000 43.76490 0.15356 -13
1.00879 -0.22065 86.40859 0 6.67500 -29.47500 61.55642 0.14476 -13
1.40848 0.01402 37.17268 0 -0.45000 -41.80000 21.52096 0.17396 13
0.48500 -0.13740 92.54237 0 4.15000 -13.52500 83.41349 0.11278 -13
-0.23357 0.11674 64.43667 0 -3.52500 5.82500 62.76957 0.10408 -13
-0.79082 0.04215 33.01391 0 -1.25000 24.80000 25.90401 0.12846 -13
0.20100 0.00498 40.46951 0 -0.15000 -6.35000 39.67608 0.10272 13
-0.02667 0.11500 68.43534 0 -3.47500 0.32500 68.41133 0.10140 13
0.93780 -0.17381 96.33580 0 5.25000 -26.65000 70.75737 0.13917 -13
-0.58624 -0.12356 5.52847 0 3.62500 17.02500 4.77822 0.11737 13
-0.21992 -0.06800 87.14295 0 2.05000 6.07500 85.11806 0.10334 -13
0.97447 -0.17011 17.46723 0 5.10000 -29.00000 12.59603 0.14162 13
-1.72388 0.01226 97.49147 0 -0.35000 50.77500 48.92218 0.20069 -13
0.11356 0.07899 62.70383 0 -2.37500 -2.92500 62.30589 0.10166 -13
-0.11656 0.12186 97.64630 0 -3.67500 3.47500 96.99927 0.10213 13
-0.12011 -0.27831 97.64630 0 8.40000 3.60000 96.99927 0.10522 13
1.42508 0.05315 82.38670 0 -1.62500 -44.17500 47.36760 0.17541 13
0.02466 0.13368 55.45038 0 -4.02500 -2.05000 55.43381 0.10162 -13
0.02529 -0.26579 55.45038 0 8.02500 -2.07500 55.43381 0.10423 -13
-0.25026 0.02054 5.20035 0 -0.52500 8.62500 5.04491 0.10384 -13
0.54091 -0.06150 97.77503 0 1.85000 -16.67500 86.03676 0.11466 -13
1.00277 0.10430 67.74290 0 -3.12500 -29.70000 47.96413 0.14299 -13
-0.45158 0.05107 30.72126 0 -1.52500 12.12500 28.00419 0.11062 -13
-0.30854 -0.17350 88.87958 0 5.25000 9.70000 85.03696 0.10683 -13
0.22969 -0.13316 7.98251 0 4.07500 -6.72500 7.78326 0.10423 -13
0.34273 0.02818 94.23063 0 -0.85000 -7.30000 89.14442 0.10649 -13
1.50896 0.11106 73.33453 0 -3.32500 -43.47500 40.68333 0.18263 -13
0.74533 -0.17731 85.44285 0 5.35000 -23.70000 68.88349 0.12685 13
1.95294 0.11555 74.79157 0 -3.47500 -57.92500 34.26717 0.22124 -13
-0.38373 0.01398 29.56769 0 -0.45000 9.92500 27.60525 0.10787 13
-0.18491 -0.23353 89.51397 0 7.05000 4.47500 88.09753 0.10507 13
-1.45782 0.12759 85.68251 0 -3.85000 42.97500 48.73442 0.17850 13
-1.49871 -0.27224 85.68251 0 8.20000 44.20000 48.73442 0.18348 13
1.91287 0.07170 82.07840 0 -2.17500 -55.80000 38.10218 0.21750 13
-0.20574 0.12002 81.26623 0 -3.62500 7.67500 79.62190 0.10352 13
-0.21215 -0.28028 81.26623 0 8.45000 7.87500 79.62190 0.10674 13
1.08398 0.08903 77.52074 0 -2.70000 -31.70000 52.67567 0.14879 13
-1.08829 -0.08431 75.83592 0 2.52500 33.27500 51.40982 0.14908 13
0.47857 0.08352 19.21729 0 -2.55000 -14.95000 17.34579 0.11197 13
0.39316 -0.21698 34.35587 0 6.55000 -11.00000 32.07005 0.11040 -13
-2.05500 -0.16181 19.45495 0 4.82500 60.92500 8.60091 0.23068 13
0.06559 -0.08517 1.66292 0 2.25000 -2.80000 1.65940 0.10141 13
-1.43810 0.10840 32.23171 0 -3.25000 42.57500 18.47330 0.17673 -13
1.51404 0.10672 61.63321 0 -3.20000 -43.02500 34.10167 0.18302 -13
0.77395 0.09077 16.43007 0 -2.77500 -20.82500 13.01328 0.12768 13
-0.12157 -0.16850 79.55096 0 5.07500 -0.12500 78.98541 0.10285 13
-0.01576 -0.14424 88.94509 0 4.35000 -0.07500 88.93428 0.10176 -13
0.33662 -0.01085 42.42552 0 0.35000 -12.20000 40.20879 0.10626 -13
-0.38365 -0.18748 88.32803 0 5.65000 13.17500 82.64752 0.10950 -13
-0.95850 -0.10790 69.80702 0 3.25000 27.02500 50.53513 0.13991 13
0.77078 0.08331 39.84039 0 -2.50000 -22.65000 31.59543 0.12742 -13
1.36764 -0.22598 97.04408 0 6.82500 -43.35000 58.20827 0.17213 -13
-0.14635 -0.02980 69.66964 0 0.90000 7.75000 68.93592 0.10182 13
0.88290 0.11472 64.91556 0 -3.45000 -25.07500 48.80169 0.13482 -13
1.38798 0.07215 74.89748 0 -2.17500 -43.82500 43.85684 0.17242 -13
0.74358 -0.11270 74.64127 0 3.40000 -23.55000 60.03132 0.12601 -13
1.03096 -0.16631 51.66118 0 5.02500 -28.65000 36.22080 0.14562 -13
-0.86545 -0.16396 7.57266 0 5.02500 24.42500 5.75781 0.13429 -13
0.31221 -0.08040 50.57940 0 2.42500 -8.17500 48.29468 0.10581 13
0.64708 -0.07621 2.19076 0 2.02500 -19.47500 1.84076 0.12025 13
0.99055 -0.11353 34.32647 0 3.40000 -29.87500 24.46488 0.14220 13
-1.52672 -0.21732 82.68171 0 6.57500 42.57500 46.03541 0.18510 -13
-0.18923 -0.01921 84.93756 0 0.57500 7.20000 83.45706 0.10251 13
0.12786 -0.10136 91.19075 0 3.05000 -5.20000 90.46181 0.10203 13
-0.01011 0.01061 37.20112 0 -0.30000 0.95000 37.19922 0.10071 -13
-1.17232 -0.23891 64.17158 0 7.20000 35.30000 42.31247 0.15701 13
0.36661 -0.19444 13.98699 0 5.82500 -8.45000 13.16081 0.10901 13
1.74955 0.09405 73.84812 0 -2.82500 -52.87500 36.76797 0.20315 -13
-1.07201 -0.02625 28.81650 0 0.82500 29.65000 19.66002 0.14766 -13
1.10830 0.13586 63.92894 0 -4.07500 -31.57500 43.04153 0.15094 -13
1.13567 -0.26350 63.92894 0 7.95000 -32.40000 43.04153 0.15470 -13
0.13664 -0.14562 6.85681 0 4.47500 -6.12500 6.79495 0.10274 -13
-0.13878 0.13926 53.36526 0 -4.20000 2.72500 52.86810 0.10263 13
-0.14203 -0.25997 53.36526 0 7.82500 2.82500 52.86810 0.10502 13
-1.24950 -0.02294 26.39840 0 0.67500 37.20000 16.49754 0.16118 13
0.42112 0.04572 7.89498 0 -1.45000 -11.62500 7.27745 0.10938 13
-0.76331 -0.00596 88.99317 0 0.17500 20.85000 70.74061 0.12669 -13
-1.64085 -0.01408 46.51040 0 0.45000 46.95000 24.20648 0.19351 -13
-0.79610 0.13041 24.54935 0 -3.95000 26.57500 19.26895 0.12940 13
-0.81756 -0.26927 24.54935 0 8.10000 27.20000 19.26895 0.13284 13
1.42869 0.01924 39.10827 0 -0.55000 -41.85000 22.42767 0.17563 -13
0.91728 -0.06793 94.49337 0 2.05000 -28.15000 69.70791 0.13682 13
-1.98708 -0.13877 88.42018 0 4.17500 60.42500 40.05138 0.22444 13
0.98300 -0.05652 67.88866 0 1.70000 -30.52500 48.45200 0.14132 13
-0.01324 0.09639 95.06342 0 -2.90000 -2.45000 95.05516 0.10118 13
0.95786 -0.05570 43.81607 0 1.67500 -29.72500 31.66585 0.13956 13
0.81412 -0.10832 29.82742 0 3.30000 -24.40000 23.18476 0.13032 -13
-0.32296 0.02700 40.69267 0 -0.82500 10.77500 38.72454 0.10586 13
0.80019 -0.17477 64.90837 0 5.27500 -25.35000 50.97620 0.13018 -13
0.06087 -0.04403 41.04872 0 1.35000 -3.27500 40.97305 0.10099 -13
-1.69439 -0.06391 85.99074 0 1.92500 52.75000 43.77214 0.19823 13
1.79341 0.11051 84.63370 0 -3.32500 -55.57500 41.40888 0.20707 -13
-0.13061 -0.11850 1.35804 0 3.22500 2.57500 1.34678 0.10243 13
-0.50901 -0.12656 42.35087 0 3.82500 15.12500 37.80404 0.11372 -13
0.83884 0.06061 93.58330 0 -1.82500 -25.67500 71.75226 0.13158 -13
-1.90378 -0.03681 96.09904 0 1.10000 57.42500 44.71217 0.21658 13
0.89598 -0.12450 32.59748 0 3.77500 -27.15000 24.36063 0.13581 -13
0.54043 0.03691 16.57162 0 -1.07500 -18.55000 14.58097 0.11453 -13
-1.12684 0.11567 68.29741 0 -3.47500 34.85000 45.50136 0.15215 -13
-0.67978 0.06653 32.42365 0 -2.00000 23.30000 26.83287 0.12195 -13
0.09882 -0.20592 59.36458 0 6.20000 -3.32500 59.08846 0.10329 13
-1.42130 0.05991 20.71862 0 -1.77500 42.27500 11.93640 0.17509 -13
0.93919 0.07749 88.24146 0 -2.35000 -30.55000 64.41141 0.13838 13
1.77205 -0.08958 41.02098 0 2.72500 -53.47500 20.22192 0.20512 -13
0.74772 -0.22305 11.78646 0 6.77500 -23.85000 9.52050 0.12779 -13
-2.16736 -0.05241 7.77467 0 1.72500 64.85000 3.26013 0.24057 -13
-0.02885 -0.11180 97.77685 0 3.37500 3.80000 97.73670 0.10137 13
0.57666 -0.08893 25.49640 0 2.65000 -16.60000 22.10895 0.11658 13
-1.24881 -0.04713 53.62760 0 1.40000 34.47500 33.54292 0.16118 13
-0.14539 0.13091 30.11498 0 -3.97500 2.17500 29.80687 0.10262 13
-0.14927 -0.26875 30.11498 0 8.10000 2.30000 29.80687 0.10534 13
-0.39088 0.10882 69.77307 0 -3.27500 11.45000 65.03557 0.10867 -13
0.82833 -0.07862 61.52800 0 2.35000 -24.75000 47.44278 0.13100 13
0.92521 -0.08762 78.14221 0 2.65000 -28.90000 57.45917 0.13748 -13
-0.08676 0.03824 93.40112 0 -1.15000 -0.42500 93.05206 0.10115 13
-0.03645 -0.03860 92.43386 0 1.15000 -0.65000 92.37261 0.10084 13
1.84221 -0.13609 20.90186 0 4.15000 -56.97500 10.04259 0.21158 -13
-0.50960 0.06821 78.18147 0 -2.05000 15.25000 69.69180 0.11324 -13
1.15971 -0.21398 12.88088 0 6.40000 -35.22500 8.51942 0.15565 13
0.54831 -0.22793 1.43481 0 7.27500 -16.27500 1.26572 0.11776 -13
-0.42541 0.02294 46.03297 0 -0.70000 12.82500 42.36094 0.10946 13
0.49531 -0.01514 52.68238 0 0.45000 -14.35000 47.20975 0.11239 13
-0.49291 -0.15305 91.14114 0 4.60000 14.10000 81.93282 0.11332 13
-0.50573 0.05678 85.08750 0 -1.70000 13.27500 75.95478 0.11299 -13
-1.77059 0.12955 74.23425 0 -3.90000 55.12500 36.73715 0.20518 -13
-1.81884 -0.27015 74.23425 0 8.17500 56.60000 36.73715 0.21081 -13
0.91812 -0.12433 58.93546 0 3.75000 -27.47500 43.56558 0.13729 -13
-0.30792 0.13921 7.93314 0 -4.27500 11.25000 7.58827 0.10634 13
-0.31510 -0.26016 7.93314 0 7.77500 11.45000 7.58827 0.10873 13
0.35496 -0.17561 7.22660 0 5.37500 -12.17500 6.82174 0.10837 -13
0.33286 0.08516 82.96489 0 -2.57500 -10.80000 78.74681 0.10648 -13
1.25053 0.09224 79.29006 0 -2.80000 -37.60000 49.64699 0.16152 13
1.10099 0.13890 38.71134 0 -4.17500 -32.57500 26.16334 0.15042 -13
1.12689 -0.26029 38.71134 0 7.87500 -33.37500 26.16334 0.15399 -13
1.42500 -0.00407 53.57319 0 0.10000 -40.22500 30.77409 0.17530 13
-0.65192 -0.09376 34.65570 0 2.80000 22.52500 29.06882 0.12058 13
-1.11897 -0.06327 7.61806 0 2.00000 36.02500 5.08183 0.15131 -13
-1.26001 0.09104 10.43512 0 -2.82500 38.85000 6.50365 0.16229 13
1.35397 0.04160 32.59166 0 -1.27500 -39.35000 19.37348 0.16956 13
-0.29614 -0.18687 95.38294 0 5.65000 10.55000 91.58156 0.10670 -13
-0.53039 -0.09764 32.14243 0 2.97500 16.85000 28.42490 0.11442 -13
-0.24179 0.09398 27.03496 0 -2.85000 7.75000 26.28423 0.10404 13
-1.23003 0.05595 34.56148 0 -1.67500 38.70000 21.82127 0.15975 -13
-0.61054 -0.04369 28.88881 0 1.35000 20.37500 24.66270 0.11807 -13
0.45863 -0.13003 34.45938 0 3.95000 -12.57500 31.36797 0.11157 -13
-1.29586 -0.19428 32.33545 0 5.82500 38.40000 19.98441 0.16596 13
-0.87071 0.13243 71.76677 0 -3.97500 26.20000 54.32730 0.13418 -13
-0.89344 -0.26712 71.76677 0 8.07500 26.90000 54.32730 0.13770 -13
-0.58222 0.02346 96.39026 0 -0.72500 17.95000 83.30606 0.11655 13
0.39266 -0.20977 63.86144 0 6.32500 -11.37500 59.61127 0.11023 13
0.46968 -0.00593 8.46853 0 0.25000 -12.70000 7.66517 0.11127 -13
0.68477 0.06225 6.66611 0 -1.77500 -19.85000 5.50345 0.12221 -13
0.18261 -0.15728 9.68342 0 4.70000 -6.57500 9.52957 0.10356 13
0.59824 -0.22178 50.86735 0 6.70000 -18.07500 43.92441 0.11946 -13
-0.53158 0.07890 93.91890 0 -2.37500 16.82500 82.98657 0.11433 13
0.51473 -0.06212 79.64636 0 1.87500 -17.75000 70.84450 0.11343 -13
-0.97498 -0.07984 5.96866 0 2.30000 27.62500 4.28040 0.14086 13
1.43637 -0.24561 26.33283 0 7.45000 -43.42500 15.34243 0.17802 -13
0.64429 0.08084 57.41280 0 -2.42500 -18.95000 48.30894 0.12007 -13
1.39663 -0.15283 39.38555 0 4.62500 -42.80000 23.10350 0.17369 -13
-0.24209 0.08792 1.61136 0 -2.32500 6.40000 1.56627 0.10414 -13
-0.75560 -0.19499 45.87080 0 5.90000 23.27500 36.84460 0.12774 -13
-0.05493 -0.20625 14.91309 0 6.20000 0.65000 14.89156 0.10295 13
-0.55973 -0.12048 5.14943 0 3.75000 19.32500 4.50097 0.11612 -13
-1.57195 0.06725 27.45099 0 -2.00000 49.42500 14.75766 0.18773 -13
-2.05263 -0.23560 46.78594 0 7.12500 60.90000 20.94066 0.23119 -13
0.63975 0.00018 11.14382 0 0.05000 -19.77500 9.38726 0.11955 -13
0.19441 0.10204 83.81709 0 -3.07500 -7.72500 82.29208 0.10310 13
-0.05203 0.10522 24.67469 0 -3.15000 -0.37500 24.64172 0.10139 -13
0.89115 0.11498 87.42551 0 -3.47500 -28.07500 65.45889 0.13539 13
1.19581 -0.02398 76.56112 0 0.72500 -35.40000 49.12256 0.15700 13
0.80423 -0.21183 7.49164 0 6.47500 -25.20000 5.88837 0.13105 -13
1.25492 -0.21682 18.09988 0 6.57500 -37.67500 11.43889 0.16310 -13
1.09590 -0.24198 87.66704 0 7.30000 -32.22500 60.00347 0.15137 13
-2.99833 -0.25497 87.66704 0 -4.22500 -33.50000 60.00347 0.15631 13
0.91329 1.13576 87.66704 0 -4.47500 -33.87500 60.00347 0.15806 13
0.06007 0.64270 87.66704 0 -3.97500 -34.35000 60.00347 0.16395 13
-2.96058 12.10465 87.66704 0 -4.42500 -35.35000 60.00347 0.17921 13
-1.46081 -0.01097 90.93115 0 0.32500 44.37500 51.36621 0.17827 13
-1.83047 0.03135 60.47447 0 -0.95000 55.15000 29.00415 0.21007 13
0.88730 0.05486 71.00772 0 -1.65000 -27.02500 53.14848 0.13474 -13
0.03079 -0.11704 82.03721 0 3.52500 2.27500 81.99887 0.10144 -13
-1.29338 0.08102 4.09570 0 -2.25000 37.00000 2.50984 0.16484 -13
-0.91199 -0.01388 77.24428 0 0.40000 28.57500 57.07644 0.13630 13
-0.95568 -0.10825 68.78416 0 3.27500 27.40000 49.86506 0.13974 -13
0.07723 0.01314 84.89497 0 -0.40000 0.30000 84.64300 0.10101 -13
0.41927 0.00879 20.33098 0 -0.25000 -16.90000 18.74989 0.10920 -13
0.74650 -0.16291 3.88905 0 5.07500 -22.17500 3.13094 0.12689 -13
-1.17868 0.03379 73.98324 0 -1.02500 31.90000 47.87906 0.15570 13
-2.03346 0.08309 68.29899 0 -2.50000 60.77500 30.22415 0.22834 -13
0.32166 -0.17616 62.99066 0 5.32500 -9.10000 60.04970 0.10727 -13
1.57145 0.02556 75.63060 0 -0.77500 -48.65000 40.61303 0.18760 13
-0.11744 0.06977 21.56243 0 -2.12500 3.02500 21.41594 0.10164 13
-1.89986 0.00829 95.32733 0 -0.25000 57.45000 44.40195 0.21621 -13
-0.46899 0.08138 7.20432 0 -2.37500 13.90000 6.52682 0.11151 -13
-0.61600 0.01060 84.11551 0 -0.32500 18.57500 71.61899 0.11828 13
0.56962 -0.10233 87.83560 0 3.07500 -15.85000 76.41931 0.11635 13
-0.00538 -0.02800 38.85541 0 0.82500 -1.57500 38.85484 0.10074 13
-0.54609 0.12825 8.96340 0 -3.92500 19.10000 7.88139 0.11550 13
-0.56114 -0.27162 8.96340 0 8.12500 19.55000 7.88139 0.11862 13
2.06596 -0.09038 95.01830 0 2.72500 -61.62500 41.53387 0.23131 13
-0.68575 -0.15351 37.50239 0 4.65000 23.72500 31.04354 0.12309 -13
1.05936 -0.02750 83.53961 0 0.82500 -31.37500 57.35647 0.14673 13
-0.01172 -0.15368 12.54943 0 4.60000 0.75000 12.54859 0.10188 13
-0.00058 0.13061 91.33496 0 -3.92500 0.80000 91.33494 0.10156 -13
-0.00059 -0.26904 91.33496 0 8.12500 0.80000 91.33494 0.10429 -13
0.02205 0.12907 42.05081 0 -3.87500 -2.55000 42.04076 0.10156 -13
0.02266 -0.27067 42.05081 0 8.17500 -2.57500 42.04076 0.10436 -13
0.56362 -0.18086 70.37238 0 5.45000 -18.77500 61.54105 0.11702 13
0.42775 -0.17053 72.35292 0 5.15000 -13.15000 66.66838 0.11087 -13
0.71408 -0.23275 60.98673 0 7.00000 -20.10000 50.06829 0.12593 13
0.48931 -0.05473 10.37477 0 1.60000 -13.80000 9.32194 0.11224 13
1.22971 -0.10309 98.74290 0 3.10000 -36.00000 62.49713 0.15994 13
0.40187 0.05041 18.85781 0 -1.55000 -10.85000 17.50079 0.10865 13
0.19245 -0.01285 37.50313 0 0.40000 -6.85000 36.82747 0.10256 -13
-0.62035 -0.12041 5.54491 0 3.52500 17.60000 4.72124 0.11910 13
0.64534 0.02031 54.08217 0 -0.62500 -17.10000 45.44406 0.11987 13
-0.26493 0.06186 99.54206 0 -1.87500 11.17500 96.23463 0.10437 13
-0.67776 -0.06985 86.67191 0 2.12500 18.87500 71.80071 0.12186 -13
-1.08977 -0.19007 79.01575 0 5.72500 32.25000 53.93582 0.15016 13
-1.34047 -0.20881 53.44818 0 6.27500 41.70000 32.39696 0.16970 13
1.25030 0.13564 61.68638 0 -4.07500 -36.45000 38.74367 0.16180 -13
1.28133 -0.26373 61.68638 0 7.97500 -37.40000 38.74367 0.16584 -13
-0.04901 0.04919 1.81903 0 -1.22500 -0.15000 1.81684 0.10108 -13
-0.20432 0.00782 60.84980 0 -0.25000 6.17500 59.61828 0.10279 13
1.35095 0.05396 7.33832 0 -1.75000 -40.85000 4.36999 0.16940 13
0.47111 0.05716 4.40306 0 -1.85000 -13.40000 3.98438 0.11153 13
-0.43361 0.06553 74.81708 0 -1.97500 11.95000 68.66535 0.10996 13
-0.97765 0.04035 52.24643 0 -1.22500 31.85000 37.37391 0.14089 13
-1.33753 -0.22676 40.08832 0 6.85000 40.62500 24.38996 0.16975 -13
-1.51366 -0.16755 30.41130 0 5.02500 45.65000 16.92394 0.18345 13
-0.54189 -0.12557 22.84222 0 3.75000 15.35000 20.11811 0.11523 13
-0.31419 -0.08031 16.51936 0 2.40000 8.17500 15.76431 0.10586 13
0.60470 -0.13854 35.75404 0 4.17500 -19.00000 30.67266 0.11850 13
-0.28863 0.13755 97.78720 0 -4.15000 9.27500 94.01909 0.10573 13
-0.29557 -0.26176 97.78720 0 7.90000 9.47500 94.01909 0.10826 13
1.43515 -0.02982 20.89338 0 0.95000 -44.07500 11.94780 0.17619 -13
0.32028 0.00652 98.53863 0 -0.20000 -10.62500 93.84330 0.10575 -13
-1.07513 0.12697 47.98549 0 -3.85000 34.72500 32.82090 0.14843 13
-1.10556 -0.27293 47.98549 0 8.22500 35.62500 32.82090 0.15260 13
-1.02866 -0.18468 48.59109 0 5.55000 30.60000 34.16090 0.14565 13
1.30712 -0.18328 58.81775 0 5.52500 -42.20000 36.11048 0.16674 13
1.33524 0.06370 70.25412 0 -1.92500 -42.12500 42.16864 0.16812 13
-0.70200 0.12614 70.92376 0 -3.80000 19.90000 58.19874 0.12369 -13
-0.72210 -0.27377 70.92376 0 8.27500 20.52500 58.19874 0.12725 -13
-0.07576 0.12480 11.84097 0 -3.80000 1.02500 11.80765 0.10179 13
-0.07803 -0.27521 11.84097 0 8.25000 1.07500 11.80765 0.10470 13
0.37099 0.04405 65.56841 0 -1.35000 -13.02500 61.48146 0.10751 13
-1.45666 0.09328 94.24164 0 -2.80000 42.32500 53.49495 0.17818 -13
-0.53998 -0.04351 71.59631 0 1.32500 16.82500 63.01195 0.11453 -13
-0.27183 -0.06549 80.39858 0 1.97500 5.92500 77.59464 0.10457 -13
-0.16800 0.12169 23.25266 0 -3.70000 4.87500 22.93583 0.10285 13
-0.17310 -0.27852 23.25266 0 8.37500 5.02500 22.93583 0.10596 13
-0.61288 0.11634 41.72221 0 -3.50000 18.62500 35.63820 0.11868 -13
-0.09191 0.05812 63.88839 0 -1.75000 4.80000 63.62114 0.10130 13
0.62266 0.12774 84.79686 0 -3.85000 -19.32500 72.14534 0.11933 13
0.64009 -0.27208 84.79686 0 8.20000 -19.85000 72.14534 0.12266 13
-0.44639 -0.08467 51.31437 0 2.57500 12.42500 46.88563 0.11061 -13
1.43806 -0.01561 76.32486 0 0.45000 -42.55000 43.57874 0.17640 13
0.87475 0.06344 70.08853 0 -1.92500 -27.90000 52.79945 0.13395 13
-1.66246 -0.13011 81.10535 0 3.92500 50.27500 42.06350 0.19580 13
-0.79269 -0.19066 47.44793 0 5.75000 24.17500 37.43746 0.12992 13
-0.10725 -0.24237 23.88215 0 7.32500 3.02500 23.75350 0.10420 -13
-0.88519 -0.22534 17.17954 0 6.75000 27.45000 13.00091 0.13638 13
-0.41540 -0.09930 16.63373 0 2.95000 12.52500 15.37202 0.10949 13
0.71079 -0.04930 88.43089 0 1.47500 -21.97500 72.10766 0.12365 13
-0.46501 -0.08124 41.60586 0 2.47500 10.02500 37.74844 0.11136 -13
0.61692 -0.07479 68.19140 0 2.25000 -18.35000 58.08082 0.11856 13
0.25098 0.03365 2.18722 0 -0.77500 -7.87500 2.12149 0.10398 -13
-0.72945 -0.00903 37.99946 0 0.25000 19.10000 30.70031 0.12465 13
1.09921 -0.17914 80.59592 0 5.42500 -34.15000 54.70280 0.15074 -13
1.15044 -0.23364 22.02711 0 7.00000 -34.10000 14.66816 0.15516 13
3.11093 0.11231 22.02711 0 6.27500 -34.77500 14.66816 0.15715 13
-0.72978 -0.41749 22.02711 0 6.75000 -37.00000 14.66816 0.17629 13
0.85590 0.05545 22.02711 0 6.52500 -37.20000 14.66816 0.17774 13
-0.73232 0.22841 22.02711 0 6.82500 -38.45000 14.66816 0.18420 13
0.10518 0.08932 9.32529 0 -2.65000 -2.97500 9.27450 0.10165 -13
0.66799 -0.04663 51.46232 0 1.40000 -20.97500 42.80787 0.12119 13
-0.17980 -0.10571 18.61004 0 3.22500 3.67500 18.31960 0.10288 -13
0.50603 0.13581 63.59274 0 -4.10000 -12.87500 56.84669 0.11369 -13
0.51854 -0.26357 63.59274 0 7.95000 -13.25000 56.84669 0.11651 -13
-0.52676 -0.24887 40.23500 0 7.52500 17.37500 35.82609 0.11656 -13
0.65737 -0.16886 25.28604 0 5.07500 -17.72500 21.21861 0.12169 13
1.26760 -0.08793 42.80076 0 2.62500 -38.67500 26.57172 0.16283 13
-0.46324 -0.04315 51.52991 0 1.30000 15.55000 46.76428 0.11107 13
-0.58023 -0.02607 93.13962 0 0.80000 14.00000 80.56733 0.11646 -13
0.10227 -0.23690 32.04856 0 7.17500 -4.32500 31.89104 0.10402 -13
0.86510 0.06443 39.32034 0 -1.92500 -24.02500 29.76304 0.13331 -13
-1.69209 -0.15635 50.74477 0 4.70000 49.80000 26.04932 0.19854 13
0.54062 0.12197 79.79328 0 -3.67500 -15.32500 70.30904 0.11514 13
0.55703 -0.27819 79.79328 0 8.37500 -15.82500 70.30904 0.11862 13
-1.44131 0.07812 86.67584 0 -2.37500 40.90000 49.51125 0.17684 13
0.36553 -0.13276 35.16552 0 4.00000 -8.72500 33.06144 0.10804 13
0.87128 -0.17879 17.02321 0 5.42500 -26.87500 12.92136 0.13480 -13
-0.73184 -0.02313 80.45399 0 0.70000 21.87500 64.93050 0.12481 -13
-1.42427 -0.12325 78.37460 0 3.70000 42.72500 45.26326 0.17568 13
0.61997 0.07080 53.34507 0 -2.12500 -19.60000 45.37032 0.11870 -13
-0.36236 -0.10242 97.94820 0 3.10000 11.00000 92.14440 0.10760 -13
-0.93104 -0.23475 91.91507 0 7.07500 30.82500 68.10273 0.13960 13
1.57057 0.03285 4.61828 0 -0.80000 -44.92500 2.48122 0.18755 -13
-0.22881 0.06408 15.03770 0 -1.97500 5.55000 14.66034 0.10351 13
-1.00163 0.03863 48.55854 0 -1.17500 32.55000 34.32118 0.14259 13
-0.12607 -0.19225 16.08001 0 5.77500 3.27500 15.95829 0.10331 13
-0.32709 0.04283 76.86430 0 -1.30000 12.52500 73.06194 0.10605 13
0.16376 -0.13412 59.41815 0 4.05000 -5.47500 58.65064 0.10294 -13
0.77493 0.06593 57.56017 0 -1.97500 -24.70000 45.53501 0.12758 -13
2.08697 -0.18240 71.14804 0 5.47500 -62.70000 31.15516 0.23374 13
-2.12595 0.11068 23.11180 0 -3.37500 63.62500 9.88677 0.23689 13
0.79402 0.08639 97.50736 0 -2.60000 -24.30000 76.47282 0.12888 13
1.90320 -0.23794 4.69023 0 6.92500 -57.05000 2.22825 0.21756 13
0.36652 0.04223 28.10176 0 -1.25000 -8.72500 26.38822 0.10734 -13
-0.09367 -0.09365 93.29489 0 2.82500 0.97500 92.89173 0.10158 13
0.86020 0.13539 59.28179 0 -4.10000 -26.57500 45.11528 0.13354 13
0.88164 -0.26404 59.28179 0 7.95000 -27.22500 45.11528 0.13685 13
0.64208 -0.10999 16.46848 0 3.27500 -17.60000 13.88229 0.12017 13
0.13225 -0.23913 52.23816 0 7.22500 -5.05000 51.81140 0.10440 -13
0.22559 -0.19998 72.32315 0 6.02500 -5.52500 70.61597 0.10517 13
-1.32453 0.05176 41.30539 0 -1.57500 40.80000 24.90985 0.16721 13
0.52306 0.06268 48.67215 0 -1.90000 -14.15000 43.14675 0.11382 13
0.37792 -0.14438 42.14827 0 4.35000 -14.20000 39.47725 0.10863 13
1.13464 -0.08454 32.91748 0 2.57500 -32.40000 21.80964 0.15255 -13
-1.09648 -0.08321 47.06137 0 2.50000 32.07500 31.77199 0.14967 13
0.49212 -0.03551 72.59826 0 1.07500 -15.60000 65.14572 0.11229 -13
0.16968 -0.13662 9.99231 0 4.07500 -3.30000 9.85401 0.10305 13
-0.41929 -0.09365 8.67162 0 2.77500 13.17500 8.00212 0.10959 13
-0.04959 -0.03635 16.88309 0 1.12500 -1.30000 16.86242 0.10090 -13
-0.81864 0.00109 38.26850 0 -0.05000 26.07500 29.61139 0.13014 13
0.75207 -0.19579 42.80847 0 5.92500 -24.77500 34.44293 0.12755 -13
-1.13622 -0.10924 71.17977 0 3.27500 34.12500 47.18320 0.15282 13
-0.31486 0.10043 25.82768 0 -3.05000 6.95000 24.64665 0.10607 13
0.08718 0.14224 81.74244 0 -4.27500 -1.87500 81.43963 0.10209 -13
0.08911 -0.25682 81.74244 0 7.75000 -1.95000 81.43963 0.10436 -13
-0.28239 -0.04263 75.41704 0 1.30000 7.17500 72.58352 0.10473 -13
