1.09544 -0.09535 71.26931 0 2.87500 -32.65000 48.16835 0.14967 13
-0.24745 -0.00888 15.79246 0 0.30000 7.92500 15.33017 0.10375 -13
-0.23305 -0.12221 13.36022 0 3.65000 4.92500 13.01644 0.10411 13
0.73483 -0.14399 10.98265 0 4.27500 -20.95000 8.88198 0.12578 13
1.07566 -0.17871 11.50721 0 5.45000 -33.12500 7.90100 0.14905 -13
0.41205 -0.08304 70.71555 0 2.50000 -10.87500 65.41481 0.10924 -13
0.23908 0.04645 75.34006 0 -1.40000 -9.95000 73.27945 0.10365 -13
-0.62676 -0.18694 55.82073 0 5.65000 17.47500 47.52511 0.12034 -13
1.76241 -0.02550 25.23370 0 0.72500 -53.67500 12.45626 0.20406 13
-0.06283 -0.04663 21.69774 0 1.42500 4.65000 21.65515 0.10102 -13
1.00450 -0.00167 84.10439 0 0.05000 -29.32500 59.33687 0.14273 13
0.47148 -0.06218 18.44719 0 1.90000 -16.15000 16.69133 0.11152 -13
0.68125 -0.11482 85.45713 0 3.47500 -19.10000 70.77163 0.12240 -13
1.58470 -0.23762 6.54269 0 7.32500 -49.80000 3.56011 0.19047 -13
-0.06133 0.07750 30.08101 0 -2.32500 2.42500 30.02496 0.10119 -13
0.49434 0.06111 80.02442 0 -1.82500 -13.47500 71.76397 0.11250 -13
-0.31740 0.08675 78.56720 0 -2.62500 9.92500 74.91100 0.10602 13
-1.70702 -0.23032 73.67955 0 6.95000 53.72500 37.96142 0.20060 -13
0.75553 -0.02728 35.06815 0 0.85000 -23.07500 27.98349 0.12625 -13
1.98428 -0.19031 87.16919 0 5.72500 -61.62500 39.78828 0.22457 13
-0.50144 -0.07997 11.01596 0 2.45000 16.95000 9.85320 0.11297 -13
0.41335 -0.07225 28.66238 0 2.20000 -12.32500 26.49874 0.10922 -13
-0.60192 -0.14153 61.58434 0 4.25000 15.92500 52.90169 0.11839 13
0.93817 -0.24908 92.19403 0 7.52500 -27.80000 68.17552 0.14035 -13
-1.17199 -0.02444 43.31606 0 0.72500 37.52500 28.12061 0.15516 13
-2.14316 -0.16752 54.05970 0 5.02500 63.40000 23.11933 0.23872 13
-0.50318 -0.01804 37.16248 0 0.55000 18.12500 33.19814 0.11275 -13
0.00707 0.05945 55.00602 0 -1.77500 0.27500 55.00465 0.10089 -13
0.97727 -0.11631 17.43822 0 3.47500 -30.22500 12.51193 0.14128 13
-0.60252 -0.05725 44.30481 0 1.72500 16.72500 37.96567 0.11771 13
1.58923 0.03844 39.43745 0 -1.15000 -46.52500 21.01435 0.18913 -13
-0.09542 -0.22618 13.82294 0 6.77500 4.00000 13.76341 0.10367 13
-2.05189 0.01211 10.39102 0 -0.47500 60.70000 4.55240 0.22990 13
1.68580 -0.21703 14.73885 0 6.62500 -52.47500 7.64737 0.19870 -13
0.21250 -0.14081 18.79243 0 4.27500 -8.75000 18.38980 0.10394 -13
-1.60839 0.11309 41.84670 0 -3.42500 48.92500 22.19627 0.19108 13
-0.65505 -0.02877 72.99463 0 0.85000 20.22500 61.06840 0.12042 13
-0.61642 0.05959 48.41206 0 -1.77500 20.82500 41.23152 0.11845 -13
0.96476 0.06133 53.96516 0 -1.82500 -27.92500 38.87242 0.14006 -13
-0.07404 -0.15467 16.21149 0 4.70000 1.80000 16.16829 0.10219 -13
1.61572 -0.04648 36.14368 0 1.37500 -46.25000 19.03640 0.19140 13
0.28105 0.08617 61.04296 0 -2.60000 -10.25000 58.78198 0.10496 -13
-0.26923 -0.13538 54.24468 0 4.07500 9.75000 52.41139 0.10517 13
-0.74470 0.06535 80.69757 0 -1.97500 22.92500 64.77161 0.12573 13
-1.87049 -0.05182 15.73980 0 1.50000 55.75000 7.42876 0.21363 13
1.90862 0.07519 44.04409 0 -2.30000 -57.37500 20.48607 0.21713 13
1.02694 -0.00335 61.94559 0 0.10000 -29.67500 43.21645 0.14435 -13
0.51945 -0.13920 51.77510 0 4.20000 -18.32500 46.03928 0.11434 13
0.26179 0.10118 64.87741 0 -3.05000 -7.12500 62.78282 0.10459 -13
0.54528 -0.00923 18.78562 0 0.25000 -13.75000 16.49318 0.11471 13
-0.14743 0.04729 65.96064 0 -1.42500 6.55000 65.25673 0.10190 13
-0.34981 0.06526 27.49711 0 -1.95000 8.82500 25.96073 0.10689 -13
-0.19053 -0.06100 36.79524 0 1.85000 7.07500 36.14707 0.10270 -13
-1.16199 0.03006 62.19175 0 -0.90000 34.55000 40.57809 0.15441 -13
0.10025 -0.21882 89.90349 0 6.60000 -3.10000 89.47549 0.10358 13
-1.03480 -0.07041 39.16750 0 2.10000 29.95000 27.25247 0.14509 13
-0.27664 -0.23749 71.50265 0 7.17500 7.12500 69.04543 0.10719 -13
0.48826 -0.19123 37.43965 0 5.77500 -14.67500 33.75861 0.11373 -13
-0.36652 0.12671 56.62802 0 -3.80000 9.17500 53.21909 0.10800 -13
-0.37694 -0.27317 56.62802 0 8.25000 9.47500 53.21909 0.11109 -13
