-1.11883 -0.18954 1.77551 0 5.30000 32.82500 1.19479 0.15221 13
0.39375 -0.03870 95.56740 0 1.15000 -10.02500 88.93127 0.10830 13
-0.66996 -0.11695 95.55364 0 3.52500 19.62500 79.55117 0.12179 -13
-0.71180 -0.03947 34.36431 0 1.20000 22.40000 28.00350 0.12367 -13
0.79836 0.11118 56.29632 0 -3.35000 -23.77500 44.10064 0.12935 -13
1.11152 -0.12863 84.07267 0 3.87500 -35.57500 56.48485 0.15111 13
1.05539 -0.07020 72.24884 0 2.10000 -32.00000 49.75715 0.14658 13
-0.02521 0.07118 51.08923 0 -2.15000 2.50000 51.07304 0.10100 13
0.01339 0.06533 36.29013 0 -1.97500 -0.40000 36.28688 0.10093 13
2.21699 0.00150 79.75713 0 -0.05000 -63.92500 32.79333 0.24490 13
2.05445 -0.13157 90.84058 0 3.95000 -62.60000 40.03276 0.23047 13
1.89650 -0.03275 4.39329 0 0.75000 -56.25000 2.05053 0.21589 13
-1.19875 -0.24530 58.35839 0 7.42500 38.02500 38.02456 0.15915 -13
0.22126 -0.19904 86.54427 0 6.00000 -4.62500 84.57599 0.10507 13
-1.57055 0.11603 75.58609 0 -3.50000 47.47500 40.78998 0.18786 13
0.17108 0.00268 69.18450 0 -0.07500 -3.80000 68.19375 0.10216 13
-1.01808 -0.10053 79.54460 0 3.05000 29.90000 55.88320 0.14407 -13
-0.40075 0.12808 78.58895 0 -3.87500 12.27500 73.03065 0.10926 13
-0.41192 -0.27172 78.58895 0 8.20000 12.60000 73.03065 0.11229 13
-0.45052 -0.06515 39.20715 0 1.97500 11.87500 35.75968 0.11065 -13
1.89037 -0.21986 78.15080 0 6.62500 -56.57500 37.22009 0.21647 13
-0.01018 -0.07120 25.78916 0 2.12500 0.65000 25.78782 0.10096 13
-0.91170 0.02607 89.88242 0 -0.77500 25.97500 66.43135 0.13630 -13
-0.41362 -0.07798 27.96338 0 2.37500 14.80000 25.85171 0.10927 -13
-0.41029 0.13765 70.16689 0 -4.15000 15.05000 65.00208 0.10973 -13
-0.42014 -0.26164 70.16689 0 7.90000 15.35000 65.00208 0.11237 -13
-0.91702 -0.21082 92.47974 0 6.35000 24.42500 68.83251 0.13827 13
-1.82701 0.13730 16.26310 0 -4.20000 54.10000 7.86449 0.21027 13
-1.87107 -0.26239 16.26310 0 7.85000 55.37500 7.86449 0.21517 13
-0.90327 -0.18904 91.04922 0 5.70000 29.32500 68.09699 0.13703 -13
0.07862 0.08534 7.93885 0 -2.62500 -3.32500 7.91460 0.10141 13
0.60201 -0.10293 73.92211 0 3.12500 -19.02500 63.41969 0.11800 -13
-1.71723 0.14879 18.45610 0 -4.42500 52.17500 9.36345 0.20063 -13
-1.75070 -0.24996 18.45610 0 7.60000 53.22500 9.36345 0.20469 -13
-0.76957 -0.22450 29.13576 0 6.75000 23.70000 23.29856 0.12905 13
0.07903 0.13123 70.86923 0 -3.95000 -3.75000 70.65268 0.10187 -13
0.08112 -0.26838 70.86923 0 8.10000 -3.82500 70.65268 0.10459 -13
-0.86420 -0.10877 98.67987 0 3.27500 27.62500 74.85008 0.13355 -13
0.25978 0.09445 79.76621 0 -2.85000 -5.37500 77.22517 0.10448 13
0.63942 -0.14789 8.19879 0 4.52500 -14.87500 6.92878 0.12051 -13
-1.13822 -0.16208 67.16634 0 4.90000 37.32500 44.65479 0.15345 -13
-0.96213 0.10775 10.11336 0 -3.17500 29.37500 7.30819 0.14014 -13
-0.07621 0.06631 23.71230 0 -2.02500 1.15000 23.64408 0.10122 13
0.01284 -0.14916 69.34496 0 4.50000 -0.42500 69.33938 0.10183 -13
-1.89289 -0.06307 47.67844 0 1.92500 56.12500 22.30547 0.21569 -13
1.04610 -0.15489 16.05053 0 4.72500 -29.95000 11.15972 0.14660 -13
-0.19365 0.07436 31.80474 0 -2.25000 3.57500 31.22780 0.10286 13
-0.87067 -0.03029 16.04849 0 0.87500 26.22500 12.10592 0.13355 13
-1.87421 -0.12891 77.15078 0 3.90000 57.02500 36.55198 0.21433 -13
0.49058 -0.23035 20.06925 0 6.92500 -16.65000 18.10655 0.11452 13
0.53089 0.14287 48.91223 0 -4.30000 -16.25000 43.29668 0.11491 -13
0.54253 -0.25616 48.91223 0 7.75000 -16.60000 43.29668 0.11744 -13
-0.30071 -0.08887 28.06219 0 2.67500 10.37500 26.88233 0.10554 13
0.47215 -0.23489 30.48709 0 7.10000 -14.55000 27.70123 0.11386 -13
0.54525 -0.16786 40.28921 0 5.07500 -14.25000 35.48465 0.11595 -13
-0.56427 -0.23618 29.57454 0 7.15000 17.00000 25.92273 0.11807 -13
-1.74123 0.08231 65.69657 0 -2.50000 52.82500 32.80079 0.20238 13
2.06533 -0.16304 81.67754 0 4.92500 -64.10000 35.97322 0.23169 -13
-0.62667 0.01261 83.52437 0 -0.37500 20.27500 70.77667 0.11885 -13
0.35265 -0.22736 89.03821 0 6.87500 -10.82500 84.19881 0.10921 -13
2.00352 -0.19692 31.58766 0 5.90000 -62.20000 14.32197 0.22632 13
-1.46315 0.08669 42.68372 0 -2.62500 43.75000 24.14553 0.17870 13
0.76699 -0.19580 66.05028 0 5.90000 -26.17500 52.77171 0.12842 13
0.15843 0.13529 11.98585 0 -4.12500 -3.95000 11.84076 0.10289 13
0.16241 -0.26415 11.98585 0 7.92500 -4.05000 11.84076 0.10540 13
0.39198 -0.18062 68.94580 0 5.45000 -12.32500 64.32599 0.10968 13
0.44559 -0.07349 33.44090 0 2.20000 -11.75000 30.55921 0.11050 13
-0.21418 -0.18573 62.66908 0 5.60000 9.15000 61.32426 0.10467 13
-0.93111 0.04410 12.10410 0 -1.27500 27.30000 8.86260 0.13766 -13
-0.01030 -0.18027 27.82020 0 5.42500 0.00000 27.81877 0.10232 13
-0.29570 -0.20700 81.36639 0 6.25000 10.25000 78.15566 0.10706 -13
-0.91250 0.09888 34.49435 0 -3.00000 31.42500 25.53423 0.13671 13
0.40605 -0.15667 76.52109 0 4.72500 -13.40000 71.01953 0.10982 13
0.09721 -0.06015 2.37099 0 1.60000 -3.37500 2.35993 0.10142 13
0.08512 -0.20777 69.17112 0 6.27500 -3.00000 68.93212 0.10321 -13
-1.12641 -0.13601 84.45353 0 4.10000 34.42500 56.35579 0.15231 -13
-0.67304 -0.09463 39.97225 0 2.85000 20.30000 33.20723 0.12176 13
1.41119 -0.13682 37.45614 0 4.10000 -43.67500 21.78918 0.17471 13
-0.59724 -0.01213 82.81585 0 0.37500 16.05000 71.10189 0.11730 -13
-1.26021 0.14117 70.20401 0 -4.27500 36.15000 43.90235 0.16264 13
-1.28869 -0.25797 70.20401 0 7.77500 37.00000 43.90235 0.16628 13
0.86803 -0.02283 28.97263 0 0.67500 -25.92500 21.88203 0.13337 13
-0.49667 -0.01927 9.11421 0 0.52500 18.42500 8.16326 0.11246 13
-0.11527 -0.20351 21.18504 0 6.12500 2.75000 21.05112 0.10341 13
1.12380 0.12740 65.76182 0 -3.85000 -33.95000 43.91246 0.15203 13
1.15538 -0.27249 65.76182 0 8.20000 -34.90000 43.91246 0.15629 13
-0.55636 0.11152 30.23959 0 -3.35000 16.25000 26.46387 0.11578 -13
-0.67873 -0.01912 47.32824 0 0.60000 20.90000 39.16233 0.12173 -13
2.01027 -0.04650 38.97963 0 1.42500 -61.27500 17.37577 0.22616 -13
0.60724 0.00627 66.55685 0 -0.17500 -19.40000 56.88975 0.11782 -13
0.82497 0.07245 10.89421 0 -2.12500 -24.82500 8.41294 0.13074 -13
0.47448 0.09423 6.63630 0 -2.92500 -14.10000 6.00021 0.11192 13
-0.32711 -0.07823 39.85964 0 2.37500 7.57500 37.89568 0.10625 -13
-1.17179 -0.15148 40.86669 0 4.60000 37.57500 26.70279 0.15589 -13
-0.93206 -0.23236 56.23929 0 7.00000 28.37500 41.63855 0.13962 13
0.54306 -0.21788 1.01801 0 7.17500 -17.55000 0.89925 0.11782 -13
0.88127 -0.07016 11.86820 0 2.17500 -26.37500 8.91336 0.13444 -13
0.96741 0.01881 88.58285 0 -0.57500 -27.10000 63.67194 0.14013 13
-0.08705 -0.13081 4.86317 0 3.85000 2.05000 4.84516 0.10192 13
-0.48723 0.12990 88.20132 0 -3.92500 11.50000 79.41752 0.11278 13
-0.50046 -0.26982 88.20132 0 8.12500 11.90000 79.41752 0.11584 13
-1.60143 -0.04561 73.02364 0 1.40000 49.87500 38.70603 0.19019 -13
-0.31403 0.00022 22.11774 0 0.02500 9.17500 21.10173 0.10555 -13
1.46882 0.04807 61.65483 0 -1.47500 -42.27500 34.72532 0.17901 13
0.92984 0.09233 6.24572 0 -2.90000 -29.75000 4.58240 0.13791 13
0.22468 -0.01954 81.95028 0 0.57500 -5.70000 79.95780 0.10323 13
1.74559 0.13627 91.22139 0 -4.12500 -51.42500 45.65973 0.20306 13
1.78848 -0.26315 91.22139 0 7.92500 -52.72500 45.65973 0.20802 13
1.48181 -0.00408 23.63246 0 0.15000 -46.70000 13.21966 0.18003 -13
-1.40984 -0.11548 63.36704 0 3.50000 43.80000 36.82218 0.17446 -13
-0.34195 -0.16087 10.04122 0 4.90000 9.40000 9.51361 0.10769 -13
-0.38455 0.10772 98.04724 0 -3.25000 14.97500 91.58151 0.10843 -13
0.52214 -0.23665 48.17904 0 7.12500 -14.90000 42.95260 0.11607 13
-0.08423 0.13315 66.30719 0 -4.00000 2.75000 66.07731 0.10194 -13
-0.08639 -0.26636 66.30719 0 8.05000 2.80000 66.07731 0.10458 -13
1.54937 -0.03916 51.95748 0 1.20000 -45.20000 28.19117 0.18575 -13
0.04793 -0.00772 93.62153 0 0.25000 0.47500 93.51418 0.10082 -13
0.90395 0.06523 82.37954 0 -1.95000 -27.70000 61.17050 0.13590 -13
-1.56507 0.09929 53.09757 0 -2.97500 47.07500 28.68889 0.18729 -13
-0.56876 0.10026 1.25822 0 -3.47500 18.32500 1.09508 0.11688 13
-0.92840 -0.22972 90.31677 0 6.92500 28.27500 66.97013 0.13936 -13
0.38793 0.08705 78.44830 0 -2.62500 -10.02500 73.17370 0.10837 13
0.24262 0.12005 99.53294 0 -3.62500 -8.02500 96.76505 0.10433 13
0.25018 -0.28025 99.53294 0 8.45000 -8.25000 96.76505 0.10756 13
1.70817 -0.11499 65.43689 0 3.47500 -53.42500 33.22163 0.19967 -13
-1.47682 -0.13800 95.26578 0 4.17500 47.95000 53.76046 0.18015 -13
0.04564 -0.09673 58.01907 0 2.90000 -3.37500 57.95925 0.10127 13
-0.04396 -0.00656 60.43887 0 0.20000 1.50000 60.38055 0.10080 13
-0.75585 0.10367 21.65316 0 -3.10000 23.22500 17.30747 0.12666 -13
-0.94438 0.09594 3.51113 0 -2.70000 25.52500 2.55828 0.13883 -13
-0.96625 -0.08586 77.37428 0 2.57500 30.25000 55.74178 0.14030 13
1.11532 0.14796 18.74951 0 -4.42500 -33.77500 12.59162 0.15156 -13
1.13760 -0.25080 18.74951 0 7.60000 -34.45000 12.59162 0.15465 -13
0.60564 -0.15030 52.67210 0 4.55000 -19.10000 45.18780 0.11871 -13
-1.66165 0.06759 76.91677 0 -2.02500 49.10000 39.72760 0.19541 -13
0.78308 -0.15995 71.66969 0 4.82500 -22.45000 56.69664 0.12892 -13
-0.03679 -0.16108 97.65936 0 4.85000 2.42500 97.59503 0.10207 13
0.25619 -0.14450 47.15352 0 4.35000 -6.35000 45.70711 0.10496 13
0.29456 -0.20192 67.90627 0 6.07500 -7.55000 65.24121 0.10692 13
0.26148 -0.10600 32.90610 0 3.17500 -7.70000 31.84711 0.10463 13
-2.01569 -0.05371 84.19402 0 1.60000 63.50000 37.46175 0.22665 13
1.48379 -0.05057 87.90367 0 1.52500 -40.77500 49.16983 0.18027 -13
-0.27604 -0.03625 19.62632 0 1.07500 8.15000 18.91960 0.10453 13
-0.01041 -0.01971 67.15344 0 0.60000 -0.35000 67.14980 0.10073 -13
-1.38493 -0.10319 11.38653 0 3.15000 40.85000 6.68601 0.17245 -13
1.01146 0.00142 28.10999 0 -0.07500 -30.82500 19.76349 0.14324 13
-1.66430 -0.21986 39.89525 0 6.60000 51.67500 20.90516 0.19674 13
-0.60839 -0.15056 37.12298 0 4.55000 19.52500 31.81001 0.11886 -13
-0.49358 -0.21278 93.11544 0 6.40000 15.42500 83.85460 0.11432 13
-0.19979 -0.09462 45.84261 0 2.85000 5.45000 44.96187 0.10313 13
0.56904 -0.05786 6.00491 0 1.65000 -16.02500 5.22129 0.11601 13
0.29118 -0.04368 31.74103 0 1.32500 -10.27500 30.47765 0.10498 -13
0.46809 -0.17113 70.58537 0 5.17500 -14.97500 64.09237 0.11253 -13
-0.79042 0.07269 80.97200 0 -2.20000 22.05000 63.58871 0.12857 13
-0.30780 -0.17772 89.51710 0 5.35000 10.62500 85.66945 0.10687 13
-1.70307 -0.11556 79.38881 0 3.50000 51.92500 40.39616 0.19923 -13
0.16909 -0.05796 91.08852 0 1.75000 -5.65000 89.81785 0.10230 13
0.24392 -0.00384 16.82770 0 0.07500 -10.20000 16.34837 0.10366 13
2.09226 0.06290 9.86285 0 -1.77500 -64.47500 4.26047 0.23354 -13
-0.37048 -0.10799 14.98281 0 3.22500 12.17500 14.05945 0.10793 13
0.50367 -0.13689 73.74487 0 4.12500 -18.72500 65.98513 0.11359 13
-0.49342 -0.06115 33.23680 0 1.82500 16.35000 29.81695 0.11246 13
-0.57163 0.02874 85.99702 0 -0.87500 18.45000 74.66749 0.11603 13
0.02783 0.13418 53.30017 0 -4.05000 0.20000 53.27990 0.10165 13
0.02853 -0.26529 53.30017 0 8.00000 0.20000 53.27990 0.10422 13
0.34262 -0.08727 37.20827 0 2.62500 -10.90000 35.21342 0.10681 13
-1.69919 -0.00779 76.73107 0 0.22500 53.22500 38.91941 0.19847 13
3.34785 3.60440 76.73107 0 0.30000 53.30000 38.91941 0.19872 13
-0.31393 0.10886 18.11674 0 -3.25000 8.37500 17.29414 0.10610 -13
0.05832 -0.16013 7.75055 0 4.77500 -3.07500 7.73771 0.10213 13
0.57273 -0.03361 23.16446 0 1.02500 -18.20000 20.10379 0.11610 -13
0.90321 -0.22029 54.25394 0 6.65000 -27.45000 40.68787 0.13751 -13
-2.06666 0.11107 74.97732 0 -3.32500 60.35000 32.82027 0.23146 -13
-0.02054 -0.22962 1.91378 0 7.20000 -1.05000 1.91338 0.10371 -13
0.63680 -0.05118 73.99648 0 1.55000 -18.35000 62.43964 0.11950 -13
-0.03374 -0.15253 13.03408 0 4.65000 0.60000 13.02684 0.10195 -13
0.73053 -0.00593 2.71862 0 -0.05000 -23.80000 2.19512 0.12482 13
-0.46094 0.04137 47.97140 0 -1.25000 14.17500 43.57249 0.11097 13
0.82938 0.09865 26.86131 0 -3.00000 -23.20000 20.71635 0.13122 13
-0.18479 0.06846 15.46086 0 -2.10000 2.30000 15.20467 0.10265 13
-0.08543 -0.24787 16.32374 0 7.50000 3.10000 16.26793 0.10413 -13
0.55674 -0.15790 47.80835 0 4.77500 -18.85000 41.89184 0.11636 -13
0.28016 0.01965 62.38097 0 -0.60000 -9.00000 60.06893 0.10460 13
-0.79509 -0.01594 46.13286 0 0.50000 23.15000 36.11185 0.12867 -13
-0.39755 -0.03848 61.07257 0 1.15000 8.55000 56.75793 0.10844 13
0.10145 0.07396 29.19530 0 -2.22500 -1.70000 29.04702 0.10149 -13
-0.74258 -0.12157 29.30299 0 3.67500 22.00000 23.58712 0.12604 -13
0.38152 -0.17042 50.82861 0 5.15000 -11.02500 47.57479 0.10915 -13
-0.61467 -0.18854 35.61803 0 5.70000 19.27500 30.48801 0.11973 -13
2.01284 -0.13370 30.63308 0 4.00000 -61.40000 13.72657 0.22669 13
-0.39330 -0.02468 74.35359 0 0.75000 12.22500 69.19696 0.10824 -13
-0.25428 0.01111 17.08724 0 -0.30000 8.10000 16.56033 0.10391 -13
-0.74837 0.13536 25.28380 0 -4.05000 19.95000 20.30841 0.12651 -13
-0.76700 -0.26397 25.28380 0 8.00000 20.52500 20.30841 0.12970 -13
-0.35785 0.04053 92.57723 0 -1.22500 11.60000 87.17236 0.10703 -13
0.96151 0.14108 43.93512 0 -4.27500 -30.35000 31.82039 0.14043 13
0.98330 -0.25806 43.93512 0 7.77500 -31.00000 31.82039 0.14358 13
0.24664 0.11299 59.05449 0 -3.40000 -6.97500 57.35694 0.10434 -13
0.27255 -0.14325 40.56219 0 4.30000 -13.00000 39.16199 0.10523 13
0.27255 -0.14325 40.56219 0 4.30000 -13.00000 39.16199 0.10536 13
0.81053 -0.16882 15.87764 0 5.12500 -21.95000 12.40282 0.13077 -13
-0.11857 -0.09495 91.08346 0 2.85000 6.25000 90.45544 0.10186 13
-1.11767 -0.11685 24.43760 0 3.50000 37.57500 16.35535 0.15147 13
-0.24794 -0.19350 50.82556 0 5.82500 8.17500 49.38364 0.10556 13
-1.12075 -0.15229 85.63138 0 4.57500 34.45000 57.37374 0.15203 13
0.32690 -0.03588 93.98710 0 1.07500 -7.25000 89.34030 0.10601 13
-0.97447 -0.02861 27.98646 0 0.85000 25.62500 20.04772 0.14063 13
-2.00311 -0.22715 31.38523 0 6.87500 60.50000 14.30274 0.22666 -13
-0.31483 -0.18910 46.15502 0 5.70000 7.45000 44.09371 0.10727 13
-0.03994 -0.10828 6.29458 0 3.35000 0.70000 6.28963 0.10141 -13
-0.07783 -0.23092 1.27248 0 7.37500 2.97500 1.26882 0.10434 -13
-0.52122 -0.06237 61.79418 0 1.87500 14.75000 54.82003 0.11373 13
-0.22178 -0.10281 20.56323 0 3.12500 7.70000 20.08040 0.10368 -13
-0.67142 0.13769 96.33452 0 -4.15000 17.67500 80.21137 0.12208 -13
-0.68754 -0.26160 96.33452 0 7.90000 18.15000 80.21137 0.12502 -13
1.46313 0.09550 2.36665 0 -3.22500 -44.97500 1.33974 0.17908 13
1.11141 -0.06486 59.37332 0 1.95000 -34.22500 39.75880 0.15070 13
0.21367 -0.18379 68.93705 0 5.55000 -3.05000 67.46338 0.10463 -13
0.09165 0.05731 64.12421 0 -1.72500 -3.02500 63.85743 0.10129 -13
0.32347 -0.11496 91.02238 0 3.47500 -10.52500 86.65758 0.10647 -13
0.55089 -0.15329 97.76642 0 4.62500 -15.02500 85.86306 0.11600 13
0.34480 -0.17215 37.24078 0 5.20000 -9.60000 35.26084 0.10793 -13
1.81619 -0.16385 87.20956 0 4.92500 -54.45000 42.49241 0.20942 13
0.75449 -0.04292 64.19135 0 1.30000 -19.82500 51.25937 0.12623 -13
1.02071 -0.21730 25.34819 0 6.57500 -31.72500 17.94712 0.14558 -13
0.31117 0.11231 47.01459 0 -3.37500 -8.47500 44.91609 0.10607 -13
-0.30870 -0.11114 31.55444 0 3.35000 9.37500 30.16657 0.10598 13
-1.08154 0.01491 51.61555 0 -0.42500 32.70000 35.04330 0.14834 -13
0.69328 -0.09053 43.94349 0 2.75000 -18.40000 36.16114 0.12288 -13
0.12565 0.13666 34.17013 0 -4.10000 -7.30000 33.90835 0.10242 -13
0.12873 -0.26266 34.17013 0 7.95000 -7.40000 33.90835 0.10494 -13
0.97679 0.10644 70.05219 0 -3.20000 -30.10000 50.25006 0.14118 -13
-0.71203 0.12099 31.46193 0 -3.67500 20.77500 25.69119 0.12423 13
-0.73393 -0.27928 31.46193 0 8.40000 21.42500 25.69119 0.12802 13
-0.32143 -0.07216 35.79486 0 2.20000 8.92500 34.08572 0.10603 -13
1.51787 -0.16305 91.20976 0 4.92500 -45.47500 50.63939 0.18378 -13
1.52696 0.07125 55.47943 0 -2.17500 -44.92500 30.45142 0.18394 13
2.11549 -0.22953 83.74887 0 6.90000 -63.72500 36.54723 0.23674 13
0.04324 -0.10752 37.25945 0 3.25000 -0.05000 37.22507 0.10138 -13
-0.27592 0.00498 11.02833 0 -0.20000 8.55000 10.63100 0.10447 13
1.70247 0.00313 15.60677 0 -0.02500 -52.32500 7.90468 0.19882 -13
-1.95579 -0.19450 69.73513 0 5.87500 57.00000 32.21395 0.22210 -13
-1.28016 0.02858 66.94945 0 -0.85000 40.35000 41.22449 0.16361 -13
-0.32193 -0.17831 62.67731 0 5.37500 11.12500 59.74836 0.10731 -13
-1.08858 0.00517 71.28903 0 -0.15000 33.90000 48.22811 0.14886 -13
0.72399 -0.22968 99.87602 0 6.92500 -21.20000 81.60582 0.12646 -13
1.67640 0.13483 94.15551 0 -4.07500 -52.85000 48.55598 0.19705 13
1.71853 -0.26461 94.15551 0 7.97500 -54.10000 48.55598 0.20198 13
-1.99656 -0.15464 16.26526 0 4.72500 61.67500 7.35430 0.22545 -13
-1.76578 0.13556 89.64932 0 -4.07500 52.02500 44.48267 0.20480 -13
-1.80967 -0.26380 89.64932 0 7.97500 53.35000 44.48267 0.20992 -13
0.88854 0.05659 46.77540 0 -1.70000 -29.20000 34.99109 0.13483 -13
0.45430 -0.06537 24.68931 0 1.95000 -14.05000 22.48666 0.11080 13
0.94085 0.05932 79.59698 0 -1.77500 -28.00000 58.01996 0.13839 -13
1.29190 -0.09259 90.92772 0 2.77500 -38.85000 55.80566 0.16478 13
-1.69378 -0.07505 92.85960 0 2.25000 49.92500 47.30852 0.19822 13
0.42836 -0.22899 88.30670 0 6.92500 -11.22500 81.48818 0.11196 -13
-0.96706 0.10096 74.52666 0 -3.05000 29.12500 53.70589 0.14046 13
0.34740 0.10855 60.43674 0 -3.27500 -12.30000 57.12541 0.10717 13
-0.34051 -0.11193 41.26872 0 3.37500 8.47500 39.09144 0.10697 13
0.83872 -0.01564 94.18607 0 0.47500 -27.40000 72.16792 0.13144 -13
-1.73574 -0.12216 18.98745 0 3.62500 50.65000 9.53180 0.20206 13
0.11311 -0.17923 26.34051 0 5.42500 -5.45000 26.17871 0.10296 -13
0.19254 0.09957 96.12082 0 -3.00000 -5.92500 94.40372 0.10304 -13
0.47862 0.03045 19.69345 0 -0.90000 -15.35000 17.76533 0.11169 -13
-1.95140 -0.01409 30.21382 0 0.45000 61.30000 13.77974 0.22083 -13
-1.31510 -0.22204 87.48087 0 6.70000 40.40000 53.75683 0.16786 13
-1.32052 0.00350 26.31574 0 -0.07500 38.67500 15.88713 0.16681 -13
1.34400 0.01576 74.66999 0 -0.47500 -40.35000 44.57664 0.16870 -13
-0.88793 0.11198 32.63811 0 -3.35000 25.97500 24.47269 0.13513 -13
-0.15643 0.04023 81.51372 0 -1.20000 4.97500 80.53592 0.10200 -13
-0.44569 -0.17223 16.53755 0 5.22500 15.05000 15.14127 0.11163 -13
-0.87464 0.02465 45.27539 0 -0.75000 26.10000 34.08353 0.13381 13
0.21040 0.08612 72.61483 0 -2.60000 -7.52500 71.06994 0.10327 13
0.84425 -0.08818 4.10382 0 2.82500 -24.40000 3.14083 0.13220 -13
1.74599 -0.15648 95.36686 0 4.72500 -51.30000 47.82868 0.20325 -13
-0.92805 0.00077 29.20571 0 -0.00000 27.47500 21.40745 0.13738 -13
-0.79820 -0.10282 21.18005 0 3.07500 23.12500 16.58751 0.12925 13
-1.12268 0.12009 44.19144 0 -3.65000 37.10000 29.51017 0.15190 13
-1.15764 -0.28022 44.19144 0 8.42500 38.15000 29.51017 0.15659 13
-1.71852 -0.23780 19.13278 0 7.12500 50.67500 9.82098 0.20158 13
-1.34529 -0.22163 81.06403 0 6.70000 38.62500 49.10642 0.17028 -13
-0.10523 -0.21488 72.96753 0 6.47500 3.27500 72.58440 0.10354 13
-0.82594 -0.09879 64.28203 0 2.97500 26.32500 49.65994 0.13098 13
0.43149 0.11701 96.74391 0 -3.52500 -12.55000 88.92182 0.11030 -13
1.37940 0.07872 98.81944 0 -2.37500 -39.12500 58.11900 0.17175 -13
0.73815 0.06809 3.48855 0 -2.22500 -19.17500 2.80875 0.12547 13
0.57397 -0.01231 17.89742 0 0.35000 -21.72500 15.52255 0.11612 13
-0.88300 0.12988 59.48825 0 -3.90000 26.30000 44.75431 0.13498 -13
-0.90698 -0.26980 59.48825 0 8.15000 27.02500 44.75431 0.13866 -13
-1.48810 -0.16872 74.95220 0 5.10000 45.50000 42.20977 0.18136 -13
-0.65314 -0.11088 23.06588 0 3.32500 19.25000 19.34682 0.12079 13
1.02585 0.03664 15.85336 0 -1.15000 -32.02500 11.06987 0.14432 13
-1.62623 -0.21711 60.76774 0 6.52500 49.87500 32.36433 0.19346 13
-1.71211 0.03586 58.14052 0 -1.07500 53.07500 29.33709 0.19971 -13
-0.03842 0.14153 8.65319 0 -4.32500 -0.25000 8.64691 0.10182 13
-0.03922 -0.25766 8.65319 0 7.70000 -0.22500 8.64691 0.10402 13
-0.61532 -0.06072 82.85278 0 1.85000 17.15000 70.59982 0.11840 -13
2.03714 -0.10255 38.17898 0 3.12500 -62.32500 16.89524 0.22877 -13
-0.77225 -0.08718 39.73972 0 2.65000 23.65000 31.49671 0.12755 -13
0.12565 -0.21800 84.24742 0 6.57500 -3.80000 83.61964 0.10384 -13
-0.07645 0.05952 17.79357 0 -1.82500 0.45000 17.74202 0.10118 13
0.97278 -0.04432 72.52569 0 1.35000 -31.32500 52.01087 0.14056 -13
-0.83822 0.06838 24.57531 0 -2.02500 24.87500 18.85211 0.13158 -13
0.21083 -0.06596 83.29693 0 1.97500 -5.47500 81.51259 0.10313 13
2.00900 0.07208 62.83472 0 -2.20000 -59.02500 28.05716 0.22612 13
1.41502 -0.10988 8.25472 0 3.22500 -44.62500 4.78281 0.17480 13
-0.26665 -0.18283 55.43867 0 5.50000 6.10000 53.62454 0.10583 13
-2.12771 -0.12118 16.91284 0 3.57500 63.80000 7.23773 0.23698 13
1.45052 -0.22226 87.48917 0 6.72500 -42.30000 50.47027 0.17884 -13
2.08259 -0.19777 47.98472 0 5.95000 -63.67500 21.09525 0.23346 13
0.58454 0.01399 99.19631 0 -0.42500 -19.17500 85.64023 0.11666 -13
-2.04801 -0.00192 66.52267 0 0.07500 63.40000 29.18708 0.22952 -13
-1.64219 -0.23623 25.14041 0 7.07500 50.55000 13.33470 0.19503 13
-0.55378 0.11062 50.61205 0 -3.35000 17.32500 44.33927 0.11566 13
0.81453 -0.12617 55.65348 0 3.80000 -23.42500 43.28646 0.13050 13
-1.26567 -0.01338 22.06721 0 0.45000 38.10000 13.68106 0.16246 -13
-1.49142 -0.17290 97.06833 0 5.20000 44.30000 54.60704 0.18165 13
-0.35170 0.03758 4.41082 0 -1.02500 9.57500 4.16136 0.10683 -13
-0.88774 0.07545 11.42761 0 -2.32500 23.70000 8.55697 0.13489 13
0.87652 -0.22692 19.81151 0 6.80000 -25.90000 15.05961 0.13582 13
-0.32335 -0.01521 36.14720 0 0.47500 9.55000 34.39432 0.10585 -13
-1.02753 -0.22990 55.34315 0 6.95000 30.17500 39.10589 0.14625 -13
1.05510 -0.10881 8.62116 0 3.37500 -30.80000 5.94888 0.14686 -13
-0.46770 -0.23547 6.36967 0 7.02500 12.32500 5.79730 0.11361 13
1.04571 -0.09184 86.85107 0 2.75000 -32.72500 60.15756 0.14600 13
0.64074 0.10602 45.18458 0 -3.20000 -21.12500 38.10653 0.12008 13
1.83743 -0.18196 3.93999 0 5.22500 -55.27500 1.90649 0.21128 13
-0.05613 -0.09419 36.17276 0 2.85000 -0.25000 36.11644 0.10131 -13
-0.16785 0.08680 98.20601 0 -2.62500 5.37500 96.86115 0.10248 -13
-1.61939 -0.13183 60.52010 0 3.95000 46.07500 31.99625 0.19211 13
-0.15593 0.06055 8.54654 0 -1.77500 6.27500 8.44480 0.10210 -13
1.14221 0.09424 29.33243 0 -2.87500 -32.82500 19.36995 0.15319 13
1.14767 0.01534 99.52572 0 -0.47500 -34.15000 65.38654 0.15331 13
-1.12434 -0.08415 19.86155 0 2.57500 33.55000 13.22562 0.15179 -13
-0.16010 -0.14933 26.13736 0 4.52500 3.92500 25.81574 0.10310 -13
0.21120 0.03334 12.01136 0 -0.97500 -4.50000 11.75246 0.10298 -13
-0.60788 -0.20487 46.56994 0 6.17500 18.27500 40.01182 0.11963 13
1.95581 0.03503 54.87620 0 -1.07500 -60.40000 24.99315 0.22125 13
-0.30658 0.00070 83.76785 0 -0.02500 8.15000 80.08838 0.10533 13
0.51149 -0.12247 98.13272 0 3.70000 -14.82500 87.50153 0.11378 13
2.03658 -0.03793 92.29715 0 1.12500 -60.37500 40.70364 0.22851 13
0.89258 -0.01945 87.80472 0 0.57500 -26.25000 65.51132 0.13500 13
0.01124 -0.23677 80.34272 0 7.12500 -2.65000 80.33792 0.10348 13
0.03947 -0.02121 94.92599 0 0.65000 -2.65000 94.85217 0.10080 -13
-0.35993 -0.09200 92.84360 0 2.77500 11.15000 87.39927 0.10742 13
-0.89017 0.08392 64.17264 0 -2.52500 27.60000 48.00726 0.13508 -13
-0.33292 -0.03590 20.65419 0 1.10000 7.92500 19.59790 0.10620 -13
-0.20747 0.07385 14.14643 0 -2.20000 4.75000 13.85311 0.10311 -13
0.69315 -0.08515 30.86662 0 2.60000 -23.05000 25.39754 0.12284 -13
-0.12545 -0.15312 17.61791 0 4.60000 1.32500 17.48401 0.10265 13
-0.52631 -0.00880 29.38264 0 0.25000 16.95000 26.00143 0.11380 13
0.03045 -0.14439 40.74180 0 4.35000 -0.55000 40.72330 0.10179 13
0.90842 0.04607 16.21688 0 -1.42500 -27.07500 12.00910 0.13614 13
0.01409 -0.23395 84.43812 0 7.05000 -1.62500 84.43017 0.10344 -13
0.30281 0.07570 21.34033 0 -2.30000 -11.05000 20.42929 0.10550 13
-0.54287 0.11688 97.56579 0 -3.52500 16.45000 85.87736 0.11519 -13
0.71268 0.01884 4.71704 0 -0.70000 -20.85000 3.84161 0.12372 13
-0.78968 -0.02807 47.94524 0 0.85000 22.10000 37.63349 0.12835 -13
-1.09652 -0.11837 6.15375 0 3.45000 33.82500 4.16311 0.14985 13
-0.24315 -0.05609 5.39059 0 1.77500 6.27500 5.23846 0.10383 -13
0.09060 -0.13347 37.38857 0 4.05000 -1.82500 37.23871 0.10201 -13
1.53856 -0.13665 29.45168 0 4.10000 -47.32500 16.15505 0.18527 13
0.60167 0.05731 68.83446 0 -1.72500 -19.67500 59.00704 0.11767 13
0.21324 -0.03324 56.82183 0 1.00000 -6.05000 55.57366 0.10302 13
-0.41407 -0.20435 35.45406 0 6.15000 11.27500 32.85345 0.11091 13
0.49224 -0.07607 7.18306 0 2.37500 -15.82500 6.44819 0.11254 -13
0.08332 -0.15558 87.43437 0 4.70000 -0.70000 87.13955 0.10226 -13
0.96100 -0.19640 33.93210 0 5.95000 -29.22500 24.68749 0.14108 -13
-0.97211 -0.15784 56.29786 0 4.75000 30.97500 40.60621 0.14135 13
-1.86597 -0.03319 77.32866 0 1.02500 57.05000 36.54248 0.21322 -13
-0.77464 0.01640 80.24486 0 -0.47500 23.40000 63.44086 0.12739 -13
0.84413 -0.24529 78.34457 0 7.40000 -24.80000 60.58713 0.13407 13
0.98743 -0.05556 30.38673 0 1.65000 -29.22500 21.63868 0.14163 13
0.01404 -0.01961 92.91765 0 0.57500 -0.15000 92.90849 0.10073 13
-1.73275 -0.19859 68.55334 0 6.00000 51.60000 34.76391 0.20248 -13
-0.20086 -0.06618 3.37539 0 2.15000 4.00000 3.30965 0.10301 -13
-0.24870 -0.01137 17.62416 0 0.32500 9.05000 17.10329 0.10378 13
-0.07178 -0.16995 25.81533 0 5.10000 -0.47500 25.75096 0.10239 13
-0.55518 0.08964 65.27151 0 -2.70000 14.80000 57.12027 0.11554 -13
1.65554 -0.08056 92.14431 0 2.42500 -50.60000 47.75382 0.19495 13
0.57387 0.10625 58.95784 0 -3.22500 -17.32500 51.20706 0.11660 13
-0.26827 -0.00658 85.74386 0 0.20000 5.77500 82.81573 0.10427 13
-0.54554 -0.20369 74.14311 0 6.15000 18.07500 65.38647 0.11653 -13
-0.09325 -0.07578 65.88700 0 2.30000 4.00000 65.60403 0.10143 -13
-1.22865 -0.17038 17.66387 0 5.17500 38.00000 11.24647 0.16049 -13
0.32816 -0.48084 17.66387 0 5.70000 48.42500 11.24647 0.42415 -13
1.36035 -0.21056 31.51740 0 6.32500 -43.05000 18.93039 0.17131 13
-0.39384 0.14479 18.38513 0 -4.35000 14.80000 17.12998 0.10920 -13
-0.40222 -0.25415 18.38513 0 7.70000 15.05000 17.12998 0.11155 -13
0.71587 -0.14296 37.70318 0 4.32500 -21.60000 30.76215 0.12470 -13
-0.14334 -0.03657 16.79141 0 1.07500 3.42500 16.62175 0.10179 13
-1.23431 -0.01916 35.46529 0 0.55000 36.87500 22.32827 0.15998 13
-1.38353 -0.12195 89.59617 0 3.67500 41.42500 52.73903 0.17234 13
-0.67931 -0.20134 70.83554 0 6.07500 20.07500 58.95821 0.12342 -13
-0.98730 0.00672 69.38394 0 -0.20000 29.50000 49.37511 0.14151 -13
-0.88980 0.08779 18.90008 0 -2.62500 29.07500 14.14348 0.13508 -13
2.07599 -0.17787 73.06458 0 5.37500 -64.30000 32.11015 0.23276 -13
-1.84901 -0.14563 90.58996 0 4.37500 53.50000 43.44518 0.21219 13
-1.16228 0.14485 15.39747 0 -4.32500 33.80000 10.10438 0.15502 -13
-1.18680 -0.25403 15.39747 0 7.72500 34.57500 10.10438 0.15839 -13
0.41484 0.14677 23.07549 0 -4.45000 -12.40000 21.34740 0.11003 13
0.42326 -0.25217 23.07549 0 7.57500 -12.65000 21.34740 0.11224 13
-0.21270 0.08240 68.08575 0 -2.50000 4.22500 66.60561 0.10329 13
0.45124 0.04365 90.47720 0 -1.32500 -14.97500 82.48293 0.11057 13
0.13868 -0.01289 20.28454 0 0.42500 -5.12500 20.09232 0.10168 -13
0.73771 -0.01778 71.14088 0 0.55000 -20.32500 57.25197 0.12515 -13
-2.03828 0.03241 66.63746 0 -0.95000 61.82500 29.36304 0.22866 -13
1.41728 0.08130 91.34614 0 -2.45000 -43.50000 52.77875 0.17486 -13
0.22697 -0.10547 58.71351 0 3.17500 -5.22500 57.27256 0.10380 13
-0.89430 0.10808 98.70893 0 -3.27500 28.02500 73.76807 0.13553 13
-0.75123 -0.20738 28.70948 0 6.27500 21.65000 23.12666 0.12769 -13
-0.27250 -0.16119 61.55436 0 4.87500 8.95000 59.44086 0.10563 -13
-0.02896 -0.21925 37.71982 0 6.62500 2.10000 37.70474 0.10315 -13
-1.49980 0.09251 67.98639 0 -2.80000 43.47500 37.82687 0.18177 13
0.06341 0.14630 10.46452 0 -4.37500 -2.20000 10.44396 0.10196 -13
0.06461 -0.25261 10.46452 0 7.67500 -2.22500 10.44396 0.10411 -13
-1.37649 0.15019 17.11642 0 -4.47500 40.27500 10.13348 0.17198 -13
-1.40251 -0.24845 17.11642 0 7.55000 41.10000 10.13348 0.17536 -13
0.81173 0.01365 84.19776 0 -0.40000 -25.65000 65.37422 0.12971 -13
-0.04075 0.01298 79.60526 0 -0.37500 2.37500 79.53929 0.10079 -13
-0.21612 -0.08083 13.32483 0 2.40000 9.10000 13.02599 0.10334 13
0.84850 0.10707 39.13766 0 -3.25000 -24.97500 29.91341 0.13252 13
-0.19690 -0.00822 78.62206 0 0.25000 5.12500 77.14080 0.10264 13
0.60614 -0.19192 29.69859 0 5.77500 -18.30000 25.51934 0.11933 13
0.61820 0.07119 25.06767 0 -2.17500 -16.55000 21.33730 0.11861 13
-0.95841 0.04676 26.95611 0 -1.37500 28.52500 19.47177 0.13956 -13
-0.86933 0.03436 77.89939 0 -1.05000 25.52500 58.80493 0.13348 13
0.18375 0.06228 4.91949 0 -1.77500 -3.85000 4.83879 0.10258 -13
1.31577 0.07328 45.16478 0 -2.20000 -41.92500 27.37536 0.16658 -13
-0.14373 -0.24098 19.28308 0 7.30000 2.67500 19.09748 0.10462 -13
0.16806 -0.20977 79.71526 0 6.32500 -6.80000 78.65853 0.10428 -13
1.76068 -0.15153 53.54064 0 4.60000 -54.77500 26.66936 0.20450 -13
0.42445 -0.16605 41.91066 0 5.00000 -12.20000 38.65845 0.11066 13
0.15013 0.10235 99.79109 0 -3.07500 -1.72500 98.69639 0.10235 -13
0.81977 0.08754 41.50637 0 -2.62500 -24.70000 32.14877 0.13051 -13
1.76092 -0.14825 38.03695 0 4.50000 -51.95000 18.93775 0.20450 -13
-1.24539 -0.07949 12.00109 0 2.47500 36.87500 7.52788 0.16108 -13
0.73052 0.11002 59.80050 0 -3.32500 -22.82500 48.38871 0.12521 13
0.90655 -0.01281 21.56876 0 0.35000 -26.05000 15.98031 0.13594 13
0.82234 -0.18833 77.49418 0 5.67500 -23.07500 60.27326 0.13175 13
-1.38735 0.10669 12.87990 0 -3.27500 41.55000 7.55971 0.17261 13
1.16923 -0.20306 65.09184 0 6.12500 -33.20000 42.79978 0.15627 13
-0.58432 0.11175 87.89254 0 -3.37500 20.17500 76.00850 0.11717 -13
-0.15677 -0.08913 15.98956 0 2.72500 2.37500 15.79820 0.10234 -13
1.77192 -0.15701 82.56083 0 4.75000 -54.35000 40.95372 0.20552 -13
1.19111 0.06143 64.53183 0 -1.85000 -37.35000 41.53911 0.15674 -13
-1.69494 0.08798 29.76895 0 -2.67500 49.67500 15.17043 0.19839 13
-0.87417 0.04783 28.55317 0 -1.42500 27.70000 21.50785 0.13384 -13
-1.94625 0.03922 17.07803 0 -1.12500 57.90000 7.80989 0.22037 -13
-0.79327 0.03491 42.28453 0 -1.05000 23.50000 33.13488 0.12859 -13
-1.45060 0.04933 61.22143 0 -1.47500 43.00000 34.77593 0.17750 -13
-1.34785 0.01693 70.92837 0 -0.50000 41.32500 42.26597 0.16902 -13
0.26805 0.08927 67.15110 0 -2.67500 -9.42500 64.87854 0.10464 -13
-0.26116 -0.14965 80.54237 0 4.50000 5.67500 77.98345 0.10516 13
-0.94206 -0.06650 50.33158 0 2.02500 30.47500 36.67355 0.13852 -13
0.26469 -0.24933 26.27529 0 7.50000 -9.27500 25.44933 0.10714 13
-1.32635 0.09789 34.64883 0 -2.92500 39.57500 20.92262 0.16755 -13
2.00184 -0.12478 71.35030 0 3.75000 -60.77500 32.08389 0.22567 13
0.17580 0.13015 80.80507 0 -3.92500 -5.95000 79.60454 0.10308 -13
0.18054 -0.26951 80.80507 0 8.12500 -6.10000 79.60454 0.10587 -13
0.17729 -0.00231 57.76492 0 0.07500 -5.00000 56.87787 0.10227 -13
-1.84897 -0.23921 48.65117 0 7.20000 56.90000 23.64478 0.21301 13
-1.10950 -0.10956 6.52778 0 3.20000 34.05000 4.38455 0.15079 13
-1.18655 -0.15548 52.90438 0 4.70000 33.35000 34.33159 0.15706 -13
0.57137 0.05583 26.92106 0 -1.70000 -18.40000 23.38330 0.11613 13
0.87226 -0.05559 2.34379 0 1.95000 -24.90000 1.76752 0.13395 -13
0.38631 -0.01379 41.18631 0 0.42500 -12.05000 38.41966 0.10797 -13
0.79416 -0.15948 69.61684 0 4.80000 -25.07500 54.78027 0.12959 13
0.36511 0.04009 75.15354 0 -1.20000 -11.72500 70.60196 0.10728 -13
-0.62815 -0.02129 47.94699 0 0.62500 19.92500 40.60400 0.11894 13
-0.84563 -0.08932 6.91823 0 2.60000 25.30000 5.29132 0.13217 13
0.58934 -0.24145 56.83832 0 7.30000 -17.27500 49.31854 0.11940 -13
0.19338 -0.15374 95.31027 0 4.65000 -3.42500 93.61555 0.10374 -13
-0.71365 -0.01940 76.86841 0 0.57500 20.75000 62.57331 0.12374 13
0.42129 0.07747 87.11745 0 -2.32500 -13.50000 80.31998 0.10955 -13
-0.37417 -0.19716 45.44179 0 5.95000 8.07500 42.65810 0.10935 -13
0.65265 0.02321 95.82130 0 -0.70000 -21.65000 80.25016 0.12028 -13
1.60770 0.02974 16.68824 0 -0.85000 -48.22500 8.81675 0.19069 -13
0.80953 -0.19904 83.22560 0 6.00000 -25.25000 65.18108 0.13110 13
0.39073 -0.05318 82.46351 0 1.60000 -13.20000 76.82278 0.10824 13
-0.94010 -0.02713 71.88224 0 0.80000 27.22500 52.38216 0.13824 13
0.12254 0.04027 62.65073 0 -1.22500 -5.32500 62.18633 0.10154 13
0.27818 -0.02192 8.71664 0 0.60000 -10.32500 8.39793 0.10455 13
2.22764 -0.03925 52.08818 0 1.15000 -64.75000 21.34558 0.24592 13
1.19557 -0.21344 55.68146 0 6.45000 -35.05000 36.19117 0.15843 -13
0.22056 -0.20040 74.42610 0 6.05000 -6.65000 72.74439 0.10508 13
-0.60773 -0.03497 2.97055 0 1.22500 19.62500 2.53920 0.11799 -13
0.20462 -0.23411 47.30507 0 7.07500 -7.30000 46.39330 0.10546 -13
0.09103 0.00213 57.05536 0 -0.07500 -2.32500 56.82040 0.10112 13
-1.15499 -0.17531 51.74848 0 5.30000 35.10000 34.16435 0.15487 -13
1.41252 -0.24896 85.33821 0 7.50000 -43.50000 50.29673 0.17606 13
-0.85106 -0.04502 93.26048 0 1.35000 26.02500 71.05176 0.13232 13
0.78803 -0.21968 10.12154 0 6.55000 -22.40000 8.02086 0.13005 13
1.21687 0.00542 17.52821 0 -0.20000 -35.85000 11.12861 0.15862 13
-2.09898 -0.00981 50.09533 0 0.32500 59.00000 21.54701 0.23415 -13
0.96039 0.05183 5.89455 0 -1.45000 -26.90000 4.25419 0.13971 -13
1.15934 -0.16898 31.46716 0 5.12500 -36.10000 20.71792 0.15514 -13
-1.85397 0.14101 11.83758 0 -4.35000 55.97500 5.66256 0.21270 13
-1.89607 -0.25807 11.83758 0 7.70000 57.17500 5.66256 0.21728 13
