-0.13780 0.14562 40.75437 0 -4.37500 1.47500 40.38069 0.10270 -13
-0.14066 -0.25329 40.75437 0 7.65000 1.57500 40.38069 0.10486 -13
0.01542 0.12147 68.17168 0 -3.67500 -1.97500 68.16370 0.10146 13
0.01589 -0.27874 68.17168 0 8.40000 -2.00000 68.16370 0.10455 13
-0.63477 -0.11092 18.03187 0 3.32500 17.87500 15.25024 0.11979 13
-0.27251 -0.23877 21.33674 0 7.17500 5.70000 20.62457 0.10709 13
-1.10965 0.10728 52.24828 0 -3.22500 30.57500 35.08849 0.15080 -13
0.47482 0.13320 88.99032 0 -4.00000 -12.70000 80.51733 0.11228 -13
0.48708 -0.26630 88.99032 0 8.05000 -13.07500 80.51733 0.11518 -13
-2.07779 -0.21033 38.86594 0 6.37500 63.32500 17.15289 0.23321 -13
-0.00849 0.09671 59.61098 0 -2.90000 2.67500 59.60885 0.10117 -13
-0.10700 0.02669 40.20877 0 -0.80000 3.75000 39.98074 0.10132 -13
0.41963 -0.20104 13.74112 0 6.10000 -14.07500 12.70783 0.11110 -13
1.34322 -0.01068 37.33328 0 0.30000 -39.45000 22.29479 0.16864 13
1.84855 -0.21072 33.46711 0 6.40000 -54.95000 16.19194 0.21276 -13
-1.29371 -0.15390 69.30842 0 4.62500 38.02500 42.69767 0.16538 13
-0.84171 0.08735 79.09510 0 -2.65000 24.67500 60.60780 0.13192 13
-1.47587 -0.01684 34.55206 0 0.47500 46.95000 19.38288 0.17954 13
-1.54253 0.03039 47.57632 0 -0.92500 45.92500 25.88875 0.18516 13
0.23836 0.12106 15.41860 0 -3.62500 -5.12500 15.00437 0.10423 -13
0.24566 -0.27903 15.41860 0 8.45000 -5.35000 15.00437 0.10747 -13
-0.48686 -0.17037 46.51923 0 5.12500 16.07500 41.93894 0.11330 13
-1.21361 0.06813 94.34946 0 -2.07500 36.87500 60.08159 0.15851 13
1.85994 0.10314 86.64632 0 -3.12500 -55.00000 41.19997 0.21292 13
-1.93896 0.11945 99.39892 0 -3.62500 55.77500 45.81672 0.22004 13
-1.99978 -0.28090 99.39892 0 8.45000 57.60000 45.81672 0.22691 13
0.37558 -0.17603 86.66019 0 5.32500 -9.40000 81.27777 0.10903 -13
0.18537 -0.06537 13.46402 0 2.00000 -5.50000 13.23938 0.10264 -13
0.38507 0.06903 82.30468 0 -2.07500 -11.50000 76.83048 0.10813 -13
-1.10469 0.09311 66.28977 0 -2.82500 35.87500 44.59314 0.15035 13
-0.33815 0.00633 18.01324 0 -0.15000 9.95000 17.06413 0.10631 -13
0.64568 -0.06543 65.36713 0 1.97500 -21.45000 54.94839 0.12006 -13
0.23683 -0.18699 70.18910 0 5.62500 -7.70000 68.36117 0.10518 13
-0.02811 0.13374 94.25217 0 -4.05000 1.72500 94.21563 0.10164 13
-0.02883 -0.26577 94.25217 0 8.00000 1.75000 94.21563 0.10423 13
1.02569 -0.12830 89.87131 0 3.85000 -32.90000 63.00035 0.14483 13
-0.53382 0.12467 4.89393 0 -3.65000 13.37500 4.32467 0.11481 -13
-0.54923 -0.27520 4.89393 0 8.42500 13.87500 4.32467 0.11834 -13
-1.13995 -0.09696 76.05021 0 2.92500 37.15000 50.28356 0.15302 -13
0.94223 -0.12028 98.15802 0 3.62500 -29.02500 71.68179 0.13889 13
-0.19643 -0.01347 72.69052 0 0.40000 6.25000 71.32767 0.10263 13
0.02559 -0.21540 1.38221 0 6.87500 0.22500 1.38177 0.10363 -13
0.83345 -0.21834 21.83860 0 6.62500 -24.50000 16.93430 0.13296 -13
0.47675 -0.14102 67.90522 0 4.25000 -14.67500 61.40666 0.11246 13
1.80042 0.03659 64.15265 0 -1.12500 -54.80000 31.16538 0.20742 13
-1.88467 -0.20971 82.74892 0 6.32500 55.62500 39.43862 0.21586 13
1.66159 -0.09514 98.13504 0 2.85000 -51.32500 50.77087 0.19552 13
1.61333 0.04431 57.40030 0 -1.35000 -47.22500 30.26227 0.19120 13
0.26875 0.08090 6.99745 0 -2.52500 -7.72500 6.75931 0.10462 13
0.23903 -0.19821 2.10283 0 5.75000 -7.92500 2.04737 0.10542 13
1.02292 -0.22223 70.47839 0 6.72500 -29.97500 49.87093 0.14580 -13
-1.08217 0.07047 96.65611 0 -2.12500 32.50000 65.68556 0.14855 -13
0.31699 -0.19384 3.60888 0 6.00000 -11.62500 3.44611 0.10757 -13
-0.38719 0.02081 28.52328 0 -0.65000 11.82500 26.59992 0.10801 13
-0.18416 0.10569 85.94714 0 -3.20000 5.22500 84.54106 0.10295 13
-0.29523 0.13880 74.08028 0 -4.20000 9.05000 71.10251 0.10593 13
-0.30218 -0.26046 74.08028 0 7.85000 9.25000 71.10251 0.10841 13
1.57706 -0.13511 11.00055 0 4.00000 -48.60000 5.92927 0.18847 13
0.14648 0.02647 34.04413 0 -0.80000 -1.67500 33.68493 0.10181 13
0.42605 -0.00809 51.36189 0 0.22500 -12.25000 47.25241 0.10946 13
-1.23724 -0.06775 90.53347 0 2.02500 36.77500 56.98874 0.16034 13
0.73898 -0.14980 61.05002 0 4.50000 -23.92500 49.28949 0.12612 13
0.27728 0.00624 33.95253 0 -0.20000 -9.27500 32.71806 0.10451 13
1.28659 -0.00907 59.24073 0 0.25000 -40.92500 36.35603 0.16409 13
-0.61873 0.10538 37.21156 0 -3.20000 16.20000 31.69279 0.11890 13
1.04299 -0.25005 40.59478 0 7.52500 -30.92500 28.53467 0.14766 13
-0.35737 -0.14879 9.39140 0 4.55000 11.82500 8.85423 0.10802 -13
1.60416 0.02597 58.54217 0 -0.77500 -49.85000 30.97690 0.19037 -13
0.24569 -0.05492 53.70721 0 1.65000 -11.40000 52.16144 0.10384 13
0.76666 0.10261 61.55747 0 -3.10000 -23.10000 48.94740 0.12732 13
0.37477 -0.13904 40.62488 0 4.20000 -11.15000 38.08559 0.10846 -13
-2.02837 -0.10308 10.81769 0 3.00000 61.90000 4.80333 0.22793 13
0.58871 0.00480 91.51297 0 -0.15000 -19.10000 78.86195 0.11686 13
-0.62247 -0.03065 71.54216 0 0.92500 20.52500 60.74467 0.11866 13
-0.06657 -0.22056 93.65841 0 6.65000 2.40000 93.46124 0.10334 -13
-0.07759 -0.22821 47.09883 0 6.87500 2.32500 46.96465 0.10358 13
0.79376 -0.16071 20.42713 0 4.82500 -24.17500 16.07774 0.12957 13
0.56492 -0.00099 60.73621 0 0.05000 -17.87500 52.88141 0.11566 -13
0.46027 -0.10699 29.83937 0 3.25000 -13.55000 27.13269 0.11139 -13
-0.15133 -0.05581 90.69698 0 1.70000 4.05000 89.67903 0.10201 -13
0.87489 0.10211 25.78281 0 -3.10000 -28.05000 19.44820 0.13421 13
-0.05456 -0.10084 17.78063 0 3.07500 3.05000 17.75451 0.10137 -13
-0.67336 -0.09720 9.28810 0 3.00000 20.30000 7.71564 0.12183 -13
0.30078 0.08765 56.66882 0 -2.62500 -9.05000 54.28438 0.10553 -13
-0.25757 0.14552 4.43130 0 -4.27500 8.40000 4.29393 0.10499 -13
-0.26321 -0.25327 4.43130 0 7.75000 8.57500 4.29393 0.10734 -13
0.86999 -0.19272 14.73014 0 5.77500 -27.35000 11.19903 0.13486 13
0.33824 0.01383 7.16917 0 -0.50000 -8.12500 6.79120 0.10633 13
0.53534 0.11817 60.62768 0 -3.57500 -18.00000 53.53264 0.11485 13
0.55241 -0.28224 60.62768 0 8.50000 -18.50000 53.53264 0.11834 13
1.53018 0.08214 34.71328 0 -2.45000 -45.22500 19.03485 0.18425 -13
-0.50319 -0.14065 83.36409 0 4.25000 15.50000 74.61433 0.11362 -13
0.33157 -0.06622 72.06496 0 2.00000 -9.92500 68.41784 0.10630 13
1.79128 -0.23188 53.33560 0 6.97500 -54.77500 26.51963 0.20787 13
-0.25316 -0.11365 79.64184 0 3.42500 7.57500 77.23594 0.10451 13
0.60033 -0.09202 98.86442 0 2.77500 -17.55000 84.85775 0.11782 -13
-1.70411 -0.15009 62.39161 0 4.55000 52.12500 31.83863 0.19957 -13
-0.37392 0.09972 70.03627 0 -3.02500 10.35000 65.63978 0.10798 13
0.03768 -0.00856 88.85071 0 0.25000 -0.25000 88.78772 0.10078 -13
-1.18953 -0.18304 93.75033 0 5.52500 36.10000 60.90866 0.15757 13
0.03256 0.12201 42.18027 0 -3.70000 -1.47500 42.15826 0.10151 13
0.03355 -0.27818 42.18027 0 8.37500 -1.50000 42.15826 0.10457 13
0.39889 -0.12992 28.58626 0 3.95000 -13.95000 26.58210 0.10922 -13
-1.13808 0.10662 11.86840 0 -3.27500 33.32500 7.85871 0.15299 13
-0.55955 0.04834 17.70518 0 -1.50000 17.37500 15.45519 0.11550 13
-1.67113 -0.11855 40.83346 0 3.55000 51.62500 21.07555 0.19646 13
0.35273 -0.21357 16.70369 0 6.47500 -10.77500 15.79091 0.10895 -13
0.11458 -0.19795 47.68831 0 5.97500 -4.25000 47.38994 0.10331 -13
1.72407 -0.10387 70.58551 0 3.12500 -52.57500 35.55762 0.20097 13
0.19042 -0.20883 71.81732 0 6.30000 -5.47500 70.60118 0.10465 -13
-0.54146 -0.13062 87.90164 0 3.95000 15.95000 77.44507 0.11528 -13
0.12578 0.15085 10.03561 0 -4.50000 -1.17500 9.95890 0.10254 -13
0.12811 -0.24781 10.03561 0 7.52500 -1.25000 9.95890 0.10460 -13
1.79613 0.13846 75.91377 0 -4.20000 -55.02500 37.19639 0.20750 13
1.83870 -0.26083 75.91377 0 7.85000 -56.30000 37.19639 0.21237 13
0.54567 -0.23837 44.52092 0 7.17500 -13.50000 39.32450 0.11720 13
0.08405 -0.17780 39.04694 0 5.35000 -2.97500 38.91395 0.10263 13
0.86984 0.02331 7.36329 0 -0.80000 -24.35000 5.55623 0.13352 13
-0.25844 0.06553 51.87087 0 -1.97500 9.85000 50.22756 0.10422 13
0.74737 -0.19801 1.95618 0 5.65000 -24.57500 1.57781 0.12722 13
-0.45670 -0.19782 53.14908 0 5.97500 12.72500 48.50350 0.11249 -13
-1.31338 -0.13060 24.23780 0 3.90000 38.32500 14.76184 0.16673 13
-1.93723 0.10488 94.66628 0 -3.15000 57.05000 43.61191 0.21979 -13
-1.55096 -0.16769 76.61476 0 5.07500 45.55000 41.92389 0.18661 -13
-0.54524 0.00996 70.16665 0 -0.30000 16.77500 61.60451 0.11470 13
1.10707 0.01294 75.13464 0 -0.37500 -32.62500 50.36591 0.15024 -13
0.42693 0.13989 90.48427 0 -4.22500 -15.05000 83.34084 0.11040 -13
0.43679 -0.25929 90.48427 0 7.82500 -15.35000 83.34084 0.11296 -13
-1.86503 0.12297 78.19066 0 -3.70000 54.80000 37.16424 0.21345 -13
-1.92079 -0.27708 78.19066 0 8.37500 56.50000 37.16424 0.21988 -13
0.77431 -0.17614 76.85469 0 5.32500 -21.90000 61.11322 0.12860 -13
-1.72851 -0.09927 66.60861 0 3.00000 54.92500 33.47670 0.20136 -13
1.44152 -0.14581 89.43717 0 4.40000 -44.02500 51.34094 0.17727 13
1.95119 0.01411 66.11241 0 -0.40000 -58.22500 30.15557 0.22080 -13
0.58229 0.08699 61.91357 0 -2.62500 -20.70000 53.55511 0.11686 13
1.91319 -0.08084 30.34036 0 2.40000 -56.90000 14.09018 0.21753 13
-1.72436 0.02865 34.25968 0 -0.90000 54.45000 17.19250 0.20076 13
0.95610 0.00890 45.37108 0 -0.27500 -27.25000 32.79455 0.13933 13
1.01588 -0.13601 2.57320 0 3.82500 -28.47500 1.81370 0.14415 13
-0.81305 -0.22735 76.02218 0 6.85000 25.57500 59.57121 0.13178 13
1.36307 -0.04491 98.73253 0 1.37500 -39.30000 58.44103 0.17030 -13
0.25070 0.00419 12.07029 0 -0.07500 -10.65000 11.70793 0.10383 -13
-0.50251 0.06439 69.22824 0 -1.95000 15.55000 61.88278 0.11289 13
-0.80603 0.02293 20.33458 0 -0.65000 24.87500 15.83354 0.12936 -13
-0.63490 -0.19149 39.42194 0 5.75000 18.25000 33.45152 0.12082 13
-0.41548 -0.18829 37.97631 0 5.67500 9.12500 35.15863 0.11067 13
0.26801 -0.14554 68.73085 0 4.40000 -8.85000 66.43401 0.10529 -13
-0.31925 -0.08490 5.36275 0 2.47500 10.90000 5.11066 0.10604 13
-1.28896 -0.03516 79.67461 0 1.05000 36.75000 48.85713 0.16432 13
0.60914 -0.19115 69.47673 0 5.75000 -22.07500 59.62037 0.11947 13
-1.59028 0.11205 25.19293 0 -3.42500 48.95000 13.47068 0.18954 13
-0.05420 -0.20068 54.63349 0 6.05000 1.82500 54.55649 0.10286 -13
-0.80460 -0.15659 79.74420 0 4.72500 24.20000 62.42488 0.13021 -13
1.04756 0.12087 96.73506 0 -3.65000 -33.65000 67.04817 0.14635 13
1.07982 -0.27938 96.73506 0 8.42500 -34.62500 67.04817 0.15084 13
-0.75930 0.13979 94.63750 0 -4.20000 21.17500 75.63782 0.12722 -13
-0.77687 -0.25940 94.63750 0 7.82500 21.70000 75.63782 0.13017 -13
0.23210 -0.18251 25.93800 0 5.52500 -7.32500 25.28727 0.10501 -13
1.52031 0.01276 68.01243 0 -0.40000 -46.85000 37.37787 0.18326 13
-1.36337 0.00955 92.99060 0 -0.30000 42.77500 54.99928 0.17028 13
1.70253 -0.16430 69.73998 0 4.97500 -52.15000 35.67062 0.19954 -13
1.54592 -0.19692 66.23611 0 5.95000 -45.57500 36.45867 0.18648 -13
-1.37363 -0.06161 89.12993 0 1.87500 41.80000 52.52313 0.17122 -13
0.07704 -0.24175 74.11454 0 7.30000 -2.12500 73.90764 0.10390 -13
-1.01197 0.00504 42.64446 0 -0.17500 30.50000 29.97443 0.14327 13
-0.90193 -0.12020 43.67967 0 3.60000 26.75000 32.53936 0.13614 13
1.50553 -0.17841 31.19665 0 5.40000 -45.40000 17.44846 0.18292 -13
-0.93667 -0.08274 62.61336 0 2.50000 26.60000 45.76998 0.13824 -13
-0.30895 0.04800 65.74750 0 -1.45000 7.15000 62.82397 0.10551 -13
0.70006 -0.11362 61.99693 0 3.42500 -20.07500 50.89505 0.12346 13
-0.50828 0.01061 13.37737 0 -0.27500 14.37500 11.92544 0.11297 -13
0.35338 0.09929 7.27718 0 -2.92500 -10.97500 6.86518 0.10726 -13
0.18657 -0.04910 23.73137 0 1.50000 -4.75000 23.32983 0.10256 -13
-1.25941 -0.13182 52.29412 0 4.00000 40.00000 32.69009 0.16250 -13
-0.41444 -0.21886 76.80867 0 6.60000 11.00000 71.19572 0.11121 13
-2.08875 0.05122 9.82206 0 -1.42500 61.27500 4.24562 0.23324 -13
-0.41321 -0.08189 47.65273 0 2.47500 12.10000 44.06276 0.10928 -13
-0.38223 -0.07543 44.56693 0 2.27500 11.75000 41.64438 0.10808 -13
0.12874 0.09022 73.95790 0 -2.72500 -4.60000 73.35738 0.10194 -13
1.87361 -0.06807 53.63094 0 2.02500 -57.00000 25.29987 0.21395 13
0.56576 -0.00265 40.44723 0 0.07500 -17.25000 35.20368 0.11570 13
0.01542 -0.21531 14.03861 0 6.52500 1.07500 14.03702 0.10305 -13
0.29539 0.00355 55.54556 0 -0.10000 -7.22500 53.27021 0.10501 -13
0.16234 -0.09014 73.68416 0 2.70000 -3.90000 72.73958 0.10242 13
0.06720 0.07290 90.56295 0 -2.20000 -3.90000 90.36022 0.10119 -13
1.19562 -0.09532 73.13862 0 2.87500 -35.85000 47.04823 0.15725 13
0.30803 0.06104 88.57015 0 -1.82500 -9.80000 84.65921 0.10555 -13
-1.00668 0.07451 8.98611 0 -2.32500 32.07500 6.34151 0.14313 13
-0.59372 -0.21569 6.54248 0 6.60000 15.77500 5.65832 0.11921 -13
1.38704 0.10895 71.70578 0 -3.30000 -39.35000 42.09931 0.17254 13
0.75798 0.06493 45.99107 0 -1.97500 -25.65000 36.68015 0.12653 13
1.58830 -0.17918 73.28939 0 5.42500 -48.15000 39.49090 0.18988 -13
1.47913 0.05313 11.33932 0 -1.67500 -43.07500 6.35760 0.17990 13
-1.81164 -0.22357 60.90998 0 6.72500 53.17500 29.98738 0.20957 13
0.32563 -0.19556 66.88987 0 5.90000 -10.10000 63.71512 0.10773 -13
0.39213 -0.13769 60.71475 0 4.15000 -10.77500 56.59458 0.10906 -13
-0.56150 0.24663 60.71475 0 4.15000 -10.70000 56.59458 0.10905 -13
0.33076 -0.33271 60.71475 0 5.42500 -9.37500 56.59458 0.12044 -13
6.48113 3.86589 60.71475 0 4.65000 -9.57500 56.59458 0.13297 -13
-1.07662 1.32158 60.71475 0 5.12500 -9.75000 56.59458 0.13742 -13
0.08252 -0.19201 75.02287 0 5.77500 -1.17500 74.77767 0.10288 13
0.15145 0.09393 65.26177 0 -2.82500 -4.97500 64.53231 0.10229 -13
-0.19267 -0.24988 35.02161 0 7.52500 7.30000 34.42541 0.10558 13
1.15093 0.40210 35.02161 0 -4.32500 7.10000 34.42541 0.11689 13
-1.48525 0.04150 57.86370 0 -1.27500 42.90000 32.33578 0.18036 13
-1.54161 0.14920 79.42289 0 -4.50000 45.22500 43.55763 0.18563 -13
-1.57150 -0.24956 79.42289 0 7.55000 46.12500 43.55763 0.18926 -13
0.95947 -0.24785 88.64901 0 7.47500 -31.47500 64.87303 0.14177 13
-0.87049 0.09457 31.41413 0 -2.87500 26.65000 23.73975 0.13386 13
0.20912 -0.10188 75.08283 0 3.07500 -6.42500 73.50870 0.10339 13
1.09924 0.04536 47.46740 0 -1.37500 -31.30000 31.95936 0.14973 13
0.57002 -0.22134 52.77007 0 6.67500 -15.67500 46.10995 0.11805 -13
-0.12662 0.04603 70.88359 0 -1.40000 6.27500 70.32325 0.10162 13
1.74170 0.14310 60.01811 0 -4.32500 -55.37500 30.11141 0.20279 13
1.77967 -0.25598 60.01811 0 7.70000 -56.50000 30.11141 0.20717 13
-0.69995 0.11138 32.37972 0 -3.35000 21.32500 26.58040 0.12342 -13
-0.31227 -0.03009 99.58756 0 0.90000 8.70000 95.06433 0.10554 13
-0.37145 -0.00610 29.60677 0 0.20000 12.17500 27.75396 0.10743 -13
-0.09217 0.05300 11.29489 0 -1.55000 0.97500 11.24729 0.10127 -13
0.10861 -0.15080 66.19195 0 4.55000 -4.32500 65.81348 0.10243 -13
0.68581 0.11681 16.19927 0 -3.47500 -21.95000 13.38820 0.12266 -13
-0.48520 0.00096 99.47044 0 -0.02500 15.92500 89.49264 0.11193 13
-1.06676 0.10164 31.31358 0 -3.07500 28.47500 21.47370 0.14762 13
-0.39720 -0.06386 17.88402 0 1.90000 10.27500 16.62555 0.10854 13
0.60634 0.05386 12.80243 0 -1.67500 -18.12500 10.95163 0.11791 13
1.09763 -0.20678 44.06917 0 6.22500 -35.55000 30.01685 0.15096 13
0.75885 -0.13157 20.96443 0 3.95000 -21.27500 16.75317 0.12709 13
0.17898 0.00092 24.31698 0 -0.05000 -6.67500 23.93665 0.10231 13
0.02933 0.02082 72.41485 0 -0.62500 1.12500 72.38373 0.10077 13
1.96460 0.06540 26.65691 0 -1.92500 -57.40000 12.11209 0.22208 -13
1.90717 -0.22151 77.93331 0 6.70000 -59.55000 36.87263 0.21802 -13
0.17623 0.12685 30.96904 0 -3.80000 -2.50000 30.50635 0.10304 -13
0.18123 -0.27296 30.96904 0 8.25000 -2.65000 30.50635 0.10599 -13
-0.96818 -0.11177 12.43281 0 3.42500 31.65000 8.95919 0.14065 -13
0.08706 -0.20830 74.41882 0 6.27500 -1.25000 74.14996 0.10323 13
-1.40123 0.08138 94.98013 0 -2.45000 41.90000 55.29479 0.17355 -13
0.77494 0.11675 12.02128 0 -3.47500 -23.37500 9.52629 0.12792 -13
-1.21904 -0.06956 59.11842 0 2.10000 36.77500 37.54865 0.15894 -13
-0.39023 -0.06303 26.58988 0 1.87500 10.02500 24.77720 0.10828 13
-0.68244 -0.23559 47.22199 0 7.10000 23.65000 39.33199 0.12420 13
-0.78657 -0.08477 59.15827 0 2.57500 22.22500 46.56207 0.12841 -13
0.04068 0.04693 46.92235 0 -1.42500 -1.40000 46.88365 0.10090 13
-0.36430 0.13510 37.54396 0 -4.10000 11.77500 35.31309 0.10805 13
-0.37339 -0.26435 37.54396 0 7.95000 12.05000 35.31309 0.11073 13
0.34577 -0.20886 86.61567 0 6.30000 -8.10000 82.04352 0.10860 13
-0.04983 0.03234 82.15541 0 -0.97500 3.90000 82.05370 0.10088 -13
-0.22583 0.05308 24.72101 0 -1.57500 4.85000 24.11536 0.10337 -13
0.80116 -0.09088 82.85947 0 2.75000 -22.25000 64.76996 0.12936 -13
-0.15614 -0.14084 26.95269 0 4.22500 5.00000 26.63623 0.10290 13
-0.03657 0.12037 22.80737 0 -3.60000 -0.77500 22.79234 0.10149 -13
-0.03769 -0.27985 22.80737 0 8.47500 -0.75000 22.79234 0.10466 -13
-1.49368 0.08451 8.32351 0 -2.45000 44.95000 4.64207 0.18118 -13
1.18233 -0.09014 94.81993 0 2.72500 -35.45000 61.37700 0.15621 -13
-0.83505 -0.12711 44.79165 0 3.85000 26.50000 34.49368 0.13183 -13
-0.38828 -0.01172 59.46113 0 0.35000 13.80000 55.42978 0.10803 13
-0.24547 0.03359 55.86070 0 -1.00000 6.75000 54.25203 0.10375 -13
1.98766 -0.24802 69.65274 0 7.50000 -63.67500 32.05395 0.22548 -13
-0.69022 -0.19543 74.91158 0 5.87500 20.87500 62.02139 0.12393 13
-1.67068 0.09889 91.99880 0 -3.00000 51.87500 47.41909 0.19634 13
-0.95844 0.00709 86.45489 0 -0.22500 28.12500 62.41685 0.13949 13
-1.97186 0.01726 29.15678 0 -0.47500 57.55000 13.18913 0.22265 -13
0.00808 0.02653 27.99302 0 -0.77500 0.07500 27.99211 0.10074 -13
-0.05803 -0.17086 23.02591 0 5.12500 0.82500 22.98832 0.10232 13
-0.61148 -0.12609 30.97349 0 3.82500 17.15000 26.48119 0.11873 -13
-1.81169 0.03175 24.21164 0 -0.92500 54.80000 11.70419 0.20843 -13
0.72541 0.11068 39.34698 0 -3.35000 -22.52500 31.91648 0.12491 13
-0.17895 0.14182 39.34698 0 -3.32500 -22.45000 31.91648 0.12484 13
0.96501 -1.10695 39.34698 0 -2.25000 -21.07500 31.91648 0.13549 13
-0.53881 -0.01465 64.13955 0 0.42500 15.17500 56.46614 0.11440 13
0.93856 -0.18086 20.86092 0 5.42500 -28.12500 15.32508 0.13927 13
0.11250 0.10906 20.66098 0 -3.27500 -2.15000 20.53298 0.10193 -13
0.41276 0.11601 58.66526 0 -3.50000 -12.92500 54.27993 0.10956 -13
0.94543 0.12926 93.81250 0 -3.90000 -27.40000 68.43518 0.13919 -13
0.97133 -0.27045 93.81250 0 8.17500 -28.17500 68.43518 0.14302 -13
-0.14766 0.09899 66.18375 0 -3.00000 3.57500 65.48048 0.10229 13
-0.86320 0.05714 95.24796 0 -1.72500 28.75000 72.15157 0.13316 -13
-0.03059 -0.07354 33.25174 0 2.20000 -0.90000 33.23628 0.10102 13
0.20306 -0.12617 67.35459 0 3.80000 -6.25000 66.02808 0.10354 13
1.22114 -0.16795 5.99147 0 5.20000 -36.95000 3.82793 0.15997 -13
0.56720 -0.09938 71.66737 0 3.00000 -17.92500 62.41229 0.11621 -13
-1.58199 -0.10874 11.00201 0 3.37500 49.10000 5.90188 0.18890 -13
-0.25539 -0.04101 36.28139 0 1.25000 10.60000 35.15507 0.10402 -13
1.24622 0.01291 70.64660 0 -0.40000 -39.67500 44.21643 0.16091 13
-2.15682 0.02128 87.44238 0 -0.65000 64.55000 36.78863 0.23941 13
0.18331 -0.16745 64.48073 0 5.05000 -2.72500 63.45203 0.10376 -13
1.72111 -0.18600 3.28050 0 5.92500 -50.35000 1.66949 0.20177 -13
-0.64522 -0.24777 21.60752 0 7.50000 20.47500 18.31229 0.12245 -13
1.68550 -0.12368 76.14866 0 3.72500 -52.12500 39.07327 0.19774 13
1.12401 0.06799 63.97608 0 -2.07500 -30.52500 42.57895 0.15166 13
-0.50636 -0.24747 65.92495 0 7.47500 15.07500 59.16369 0.11560 -13
1.31721 -0.24234 25.36359 0 7.27500 -38.57500 15.61400 0.16827 13
0.31033 -0.04353 74.05260 0 1.30000 -7.67500 70.73105 0.10554 13
-1.16240 0.07330 22.24617 0 -2.25000 31.97500 14.53035 0.15461 13
-1.67621 0.04500 74.30272 0 -1.37500 50.22500 38.09685 0.19661 13
0.26046 -0.13067 3.25392 0 3.80000 -7.25000 3.15142 0.10486 13
0.30256 -0.10520 42.28178 0 3.17500 -10.02500 40.48853 0.10575 -13
0.80767 0.14560 41.18550 0 -4.40000 -23.62500 32.17227 0.13029 13
0.82448 -0.25335 41.18550 0 7.62500 -24.12500 32.17227 0.13297 13
0.87075 0.05538 7.44786 0 -1.57500 -27.42500 5.62069 0.13364 -13
0.09194 -0.14556 38.35777 0 4.40000 -3.07500 38.19999 0.10219 -13
0.02084 -0.02903 34.27078 0 0.85000 -2.10000 34.26335 0.10076 13
-1.30190 -0.18282 64.78265 0 5.52500 42.02500 39.87021 0.16635 -13
-0.79175 -0.01068 66.00924 0 0.32500 25.50000 51.75327 0.12845 -13
-0.99796 -0.00705 15.41291 0 0.17500 29.37500 10.90995 0.14228 13
-0.06629 -0.06130 76.77975 0 1.85000 1.47500 76.61228 0.10112 -13
-0.50728 -0.03597 12.76248 0 1.05000 14.32500 11.38348 0.11297 13
-0.64816 -0.01221 51.05833 0 0.37500 21.37500 42.84660 0.12001 -13
-0.32061 0.06450 82.30663 0 -1.95000 8.40000 78.39221 0.10595 -13
-1.99212 -0.18646 69.29755 0 5.65000 58.92500 31.51403 0.22527 -13
0.64943 0.13873 40.60685 0 -4.17500 -18.10000 34.15106 0.12088 -13
0.66473 -0.26049 40.60685 0 7.87500 -18.57500 34.15106 0.12375 -13
-1.80081 0.06494 19.39668 0 -1.90000 56.27500 9.43306 0.20749 -13
0.20254 -0.09819 41.96403 0 2.95000 -6.45000 41.13670 0.10322 13
1.51584 -0.10809 72.49565 0 3.27500 -45.55000 40.08267 0.18320 -13
1.86095 0.05359 17.29095 0 -1.55000 -55.65000 8.19313 0.21281 -13
-0.19091 0.12664 89.96672 0 -3.82500 6.77500 88.39535 0.10331 -13
-0.19633 -0.27323 89.96672 0 8.25000 6.95000 88.39535 0.10626 -13
-1.16039 -0.00994 22.48305 0 0.32500 36.52500 14.67737 0.15427 -13
0.44601 -0.09510 64.55570 0 2.85000 -11.42500 59.00137 0.11068 13
0.62570 -0.04059 96.10012 0 1.22500 -20.62500 81.48587 0.11886 -13
-0.99565 -0.15642 32.91304 0 4.70000 27.85000 23.46391 0.14296 13
-0.97186 -0.00930 67.91758 0 0.30000 26.57500 48.70675 0.14043 -13
1.13538 -0.21778 23.61920 0 6.52500 -32.70000 15.81426 0.15389 13
-1.63724 0.07162 69.75744 0 -2.15000 51.47500 36.42787 0.19333 -13
-1.47167 0.14928 34.14269 0 -4.47500 46.15000 19.33444 0.17978 -13
-1.50014 -0.24943 34.14269 0 7.55000 47.02500 19.33444 0.18332 -13
-0.41113 -0.22819 27.59589 0 6.85000 12.67500 25.61492 0.11127 13
0.56379 -0.14877 9.97881 0 4.55000 -16.47500 8.71532 0.11661 -13
-0.66132 0.03717 64.09868 0 -1.12500 19.40000 53.47590 0.12079 13
-0.05944 -0.13608 73.74425 0 4.10000 -0.30000 73.61666 0.10181 -13
0.85259 -0.04595 78.13638 0 1.40000 -27.25000 59.48525 0.13242 -13
-0.29836 -0.21481 73.76422 0 6.47500 7.97500 70.81282 0.10729 13
-0.68498 0.13263 11.11471 0 -4.05000 21.45000 9.19538 0.12282 13
-0.70279 -0.26710 11.11471 0 8.00000 21.97500 9.19538 0.12593 13
-0.55276 0.01410 6.18233 0 -0.32500 17.32500 5.41087 0.11509 -13
0.58722 0.08214 96.66343 0 -2.47500 -17.07500 83.42594 0.11708 13
0.05983 0.06378 25.53574 0 -1.95000 -1.80000 25.49036 0.10109 13
-1.52017 -0.09664 79.14981 0 2.92500 45.17500 43.63906 0.18351 -13
-1.52846 -0.18512 91.19472 0 5.60000 48.70000 50.51696 0.18489 -13
-1.39479 0.03990 14.64979 0 -1.15000 44.50000 8.54005 0.17288 -13
-0.27263 -0.20588 27.61135 0 6.22500 5.65000 26.67623 0.10644 -13
0.04865 0.05672 27.30508 0 -1.70000 -0.90000 27.27295 0.10098 -13
0.10532 -0.02496 2.88331 0 0.92500 -1.02500 2.86746 0.10138 -13
1.87571 0.03576 33.79276 0 -1.05000 -56.45000 15.90564 0.21409 -13
-0.69788 0.05912 31.06588 0 -1.80000 21.10000 25.49008 0.12295 13
1.07883 0.04779 29.28087 0 -1.42500 -31.20000 19.91779 0.14821 -13
-1.44049 -0.21814 89.57659 0 6.60000 44.92500 51.88356 0.17796 -13
-1.57491 -0.12247 22.79736 0 3.65000 49.32500 12.28528 0.18824 13
-1.29391 0.09879 53.01374 0 -2.97500 41.35000 32.51751 0.16496 -13
-0.50947 0.07519 87.76705 0 -2.27500 11.92500 78.24819 0.11327 13
-1.62327 -0.01870 1.79778 0 0.05000 48.75000 0.94345 0.19224 13
0.66090 -0.07793 1.58734 0 2.00000 -19.47500 1.32558 0.12112 13
1.51538 -0.11783 88.46670 0 3.57500 -44.87500 48.96004 0.18323 -13
-1.16475 -0.14726 98.78126 0 4.42500 35.20000 64.74318 0.15530 13
0.38478 -0.13049 9.58607 0 4.00000 -11.00000 8.95638 0.10873 -13
0.11125 -0.24353 51.15131 0 7.35000 -3.57500 50.85503 0.10426 -13
0.00322 -0.07752 4.84755 0 2.45000 0.97500 4.84753 0.10106 -13
0.23742 0.13243 42.28633 0 -3.97500 -8.25000 41.16154 0.10435 -13
0.24361 -0.26711 42.28633 0 8.07500 -8.42500 41.16154 0.10709 -13
0.12443 -0.09367 85.15323 0 2.82500 -1.77500 84.50727 0.10191 13
-1.51689 0.07778 30.45315 0 -2.37500 47.97500 16.79849 0.18312 13
0.03889 0.04294 37.13769 0 -1.30000 -0.10000 37.10969 0.10087 13
2.03167 0.00602 56.76518 0 -0.20000 -63.90000 25.06848 0.22804 13
-0.31061 0.14248 7.77389 0 -4.22500 8.77500 7.43049 0.10640 -13
-0.31739 -0.25657 7.77389 0 7.80000 9.00000 7.43049 0.10884 -13
0.75185 -0.13972 66.96476 0 4.22500 -24.52500 53.71003 0.12678 -13
0.72628 0.05398 45.28245 0 -1.65000 -22.95000 36.65733 0.12458 13
-0.25896 -0.23455 32.22981 0 7.05000 6.67500 31.25177 0.10666 13
-0.56972 -0.15903 55.78310 0 4.80000 18.57500 48.61586 0.11701 -13
1.76401 -0.03555 85.10855 0 1.07500 -55.10000 41.99197 0.20424 -13
-0.76993 0.11459 1.10292 0 -4.02500 23.42500 0.87581 0.12853 13
-0.79501 -0.28672 1.10292 0 8.05000 24.02500 0.87581 0.13185 13
0.04728 -0.16937 65.94946 0 5.10000 -3.02500 65.87793 0.10224 13
0.07867 0.12306 99.41391 0 -3.72500 -1.80000 99.11214 0.10178 13
0.08102 -0.27704 99.41391 0 8.35000 -1.87500 99.11214 0.10481 13
-0.96018 0.06558 69.57062 0 -1.97500 29.50000 50.23408 0.13976 -13
0.70755 -0.03847 81.34000 0 1.17500 -20.10000 66.41642 0.12343 -13
0.77838 0.12981 26.25656 0 -3.90000 -24.67500 20.78401 0.12828 -13
0.79947 -0.26985 26.25656 0 8.17500 -25.32500 20.78401 0.13171 -13
-0.05020 -0.06591 52.55254 0 1.97500 2.70000 52.48672 0.10104 13
0.76901 0.11022 23.25895 0 -3.35000 -22.22500 18.47857 0.12754 13
0.49540 -0.09241 18.63730 0 2.75000 -13.40000 16.71437 0.11276 13
-1.28625 -0.17512 27.41813 0 5.32500 38.90000 16.98661 0.16504 -13
0.39339 -0.23376 14.30955 0 7.00000 -12.12500 13.36251 0.11071 13
-0.69284 0.03509 20.86528 0 -1.07500 18.12500 17.15460 0.12257 13
-0.38227 -0.16439 81.69655 0 4.97500 11.95000 76.43924 0.10908 -13
0.13584 0.11796 84.58355 0 -3.57500 -3.17500 83.82419 0.10232 13
-0.48593 0.02997 97.51759 0 -0.90000 15.95000 87.71800 0.11200 -13
-0.95105 -0.10683 62.39036 0 3.22500 29.15000 45.33086 0.13939 -13
0.17460 -0.03162 40.48523 0 0.95000 -7.92500 39.88249 0.10228 13
0.36011 -0.11955 48.71834 0 3.60000 -11.97500 45.87402 0.10771 13
0.15010 0.04746 84.27108 0 -1.42500 -3.72500 83.33956 0.10194 -13
-0.15195 0.08713 76.85658 0 -2.62500 4.97500 75.99081 0.10224 13
-0.61313 0.00976 39.82855 0 -0.27500 16.70000 33.95456 0.11813 -13
1.05174 0.00900 59.13247 0 -0.27500 -31.82500 40.74612 0.14614 13
-0.28512 0.13774 4.05613 0 -4.30000 10.45000 3.90328 0.10574 13
-0.29202 -0.26171 4.05613 0 7.75000 10.65000 3.90328 0.10809 13
0.48848 -0.16400 45.09163 0 4.92500 -16.97500 40.61874 0.11328 13
-0.27817 0.11739 11.77863 0 -3.50000 8.77500 11.35340 0.10518 -13
-0.66911 -0.12424 57.91491 0 3.75000 19.57500 48.24675 0.12182 -13
0.60428 -0.18738 47.59308 0 5.67500 -16.02500 40.91960 0.11917 -13
0.65484 -0.09979 56.65406 0 3.02500 -17.65000 47.46652 0.12080 -13
1.21338 0.12776 73.44328 0 -3.87500 -35.30000 46.93408 0.15887 13
1.24733 -0.27209 73.44328 0 8.20000 -36.32500 46.93408 0.16330 13
-0.79580 -0.17526 69.17233 0 5.27500 24.67500 54.44112 0.12990 13
1.29625 -0.03034 60.01286 0 0.90000 -37.57500 36.66731 0.16489 13
0.25591 -0.00248 92.83207 0 0.07500 -9.00000 89.93391 0.10395 -13
0.42772 -0.16627 58.92435 0 5.02500 -10.70000 54.28985 0.11080 -13
1.37640 -0.14351 76.28165 0 4.32500 -40.77500 45.13529 0.17193 13
-0.97741 0.12295 49.44573 0 -3.72500 31.40000 35.48962 0.14137 13
-1.00665 -0.27717 49.44573 0 8.35000 32.27500 35.48962 0.14558 13
-0.64757 0.01601 20.59311 0 -0.50000 18.72500 17.28581 0.11999 13
-0.82318 -0.24584 33.81236 0 7.42500 27.40000 26.41128 0.13278 -13
-0.08678 0.01700 42.11724 0 -0.50000 3.77500 41.95960 0.10109 -13
-1.09726 0.14599 7.62873 0 -4.30000 34.50000 5.16775 0.15018 -13
-1.11986 -0.25291 7.62873 0 7.72500 35.22500 5.16775 0.15347 -13
-1.26014 -0.21279 52.28781 0 6.40000 38.75000 32.94349 0.16340 13
0.48019 0.00665 1.95278 0 -0.47500 -13.12500 1.76020 0.11190 13
-0.61182 0.09103 29.05640 0 -2.77500 18.52500 24.81341 0.11842 13
-1.61646 -0.14375 49.92796 0 4.35000 50.70000 26.46092 0.19198 -13
-0.01739 -0.01144 40.76560 0 0.35000 1.95000 40.75944 0.10071 -13
-0.70479 1.05604 40.76560 0 0.35000 1.95000 40.75944 0.10073 -13
0.32541 -1.11408 40.76560 0 1.37500 3.47500 40.75944 0.11501 -13
-0.11975 -0.75218 40.76560 0 -0.02500 3.87500 40.75944 0.12371 -13
-0.06646 0.37094 40.76560 0 0.70000 4.00000 40.75944 0.12747 -13
0.31388 -0.14278 4.74760 0 4.42500 -10.62500 4.53393 0.10660 -13
0.04567 -0.02763 59.41690 0 0.82500 1.17500 59.35508 0.10085 13
-0.15975 -0.18128 3.16476 0 5.62500 5.62500 3.12627 0.10376 -13
-0.29349 0.14126 84.49886 0 -4.27500 7.77500 81.14810 0.10591 13
-0.30012 -0.25787 84.49886 0 7.77500 7.97500 81.14810 0.10830 13
-1.03961 -0.24250 81.86088 0 7.32500 30.17500 57.58646 0.14731 -13
-0.14070 0.04258 30.16114 0 -1.30000 3.15000 29.86748 0.10179 13
0.23552 0.10473 17.35668 0 -3.20000 -7.70000 16.89919 0.10401 13
1.90174 -0.20360 81.09989 0 6.12500 -57.45000 38.34656 0.21733 13
-0.81696 0.05295 38.97371 0 -1.62500 26.65000 30.19885 0.13015 13
0.21359 -0.08914 53.95617 0 2.70000 -2.87500 52.77507 0.10337 -13
0.32844 -0.07900 63.10123 0 2.40000 -8.45000 59.96852 0.10630 -13
0.32550 -0.19237 10.89511 0 5.85000 -6.77500 10.37773 0.10770 -13
-1.28313 0.09047 19.43331 0 -2.67500 39.32500 11.97663 0.16406 -13
1.41280 -0.08617 88.66333 0 2.60000 -42.45000 51.35042 0.17452 13
0.46609 0.04737 9.43475 0 -1.47500 -12.25000 8.55311 0.11123 13
-0.63035 -0.01413 5.79972 0 0.32500 18.82500 4.90650 0.11906 13
0.00578 -0.05419 62.56925 0 1.62500 0.62500 62.56820 0.10086 13
0.79757 -0.02433 62.25990 0 0.75000 -22.35000 48.67985 0.12883 -13
-2.12816 -0.12405 9.01717 0 3.87500 62.12500 3.85917 0.23724 -13
1.52398 0.12590 55.72394 0 -3.77500 -46.40000 30.73930 0.18398 -13
1.56780 -0.27401 55.72394 0 8.27500 -47.72500 30.73930 0.18931 -13
0.47230 0.09501 2.63185 0 -2.65000 -12.87500 2.38178 0.11180 -13
0.86077 0.02040 84.28150 0 -0.60000 -26.00000 63.88242 0.13289 -13
0.05420 0.07405 92.24578 0 -2.22500 -1.55000 92.11132 0.10113 13
1.49632 -0.21923 7.90144 0 6.50000 -44.67500 4.46159 0.18245 13
-0.25986 0.06830 94.55806 0 -2.05000 4.32500 91.53217 0.10427 -13
-0.13086 -0.06738 95.23405 0 2.02500 4.00000 94.43256 0.10179 -13
1.18075 0.02285 13.41960 0 -0.75000 -35.42500 8.67471 0.15584 13
-1.30462 -0.06637 58.54865 0 2.02500 38.97500 35.66756 0.16551 -13
-1.30463 -0.06637 58.54865 0 2.02500 39.02500 35.66756 0.16568 -13
-0.42930 0.04437 32.76485 0 -1.32500 12.05000 30.11219 0.10968 -13
0.79132 0.07636 20.47293 0 -2.32500 -19.65000 16.07259 0.12866 13
0.22778 0.08856 23.05426 0 -2.65000 -8.15000 22.48271 0.10366 -13
2.19481 -0.06595 26.24004 0 1.95000 -64.52500 10.89942 0.24295 13
-0.07819 -0.02431 75.11345 0 0.72500 3.75000 74.88517 0.10104 13
-0.07835 -0.24617 26.29688 0 7.45000 0.05000 26.21974 0.10404 -13
-1.74182 0.06768 89.42127 0 -2.02500 55.65000 44.59922 0.20236 -13
1.94392 -0.19748 69.71670 0 5.95000 -56.55000 32.37575 0.22101 13
0.97117 -0.24557 81.51620 0 7.42500 -29.00000 59.30209 0.14255 -13
-0.44548 -0.18257 80.80953 0 5.52500 14.00000 74.01420 0.11177 -13
1.86099 -0.14249 54.80071 0 4.27500 -55.90000 26.14187 0.21322 13
-0.07779 0.00281 64.19111 0 -0.07500 0.27500 63.99778 0.10100 -13
0.78505 -0.24831 28.24049 0 7.50000 -25.05000 22.46348 0.13046 -13
-0.51504 -0.23823 83.41994 0 7.20000 15.37500 74.58283 0.11579 -13
-0.89384 -0.01873 60.42018 0 0.55000 27.97500 45.05112 0.13508 13
0.42421 0.03832 16.76588 0 -1.17500 -10.25000 15.43635 0.10947 13
0.30533 -0.07968 18.77433 0 2.42500 -8.65000 17.96086 0.10561 -13
-1.78223 -0.22908 33.75460 0 6.87500 54.40000 16.83902 0.20705 13
0.59732 0.10706 75.62582 0 -3.22500 -17.45000 65.02180 0.11779 13
1.47297 -0.01700 5.97505 0 0.65000 -46.50000 3.35624 0.17936 -13
0.34806 0.10181 18.06017 0 -3.10000 -10.15000 17.06617 0.10713 13
0.44996 0.01406 2.83923 0 -0.22500 -15.27500 2.58912 0.11052 -13
0.12785 0.03243 6.30801 0 -1.05000 -3.25000 6.25715 0.10160 13
0.83386 -0.00646 49.61612 0 0.17500 -23.92500 38.10687 0.13112 13
-2.12556 -0.24329 28.67915 0 7.30000 62.30000 12.49800 0.23759 13
-0.32245 -0.14563 35.04997 0 4.40000 9.90000 33.39125 0.10683 -13
-0.14365 -0.19793 39.34621 0 5.97500 6.42500 38.96118 0.10368 -13
-0.01452 0.01881 27.50227 0 -0.57500 -0.97500 27.49937 0.10073 13
0.64511 0.07956 15.09870 0 -2.45000 -20.80000 12.69920 0.12013 13
0.46953 -0.21017 21.44606 0 6.30000 -14.10000 19.48730 0.11323 13
0.10071 -0.25310 4.14129 0 7.50000 -2.82500 4.12168 0.10430 13
-1.21827 -0.03334 58.69084 0 1.02500 37.82500 37.24980 0.15876 -13
-0.86715 0.02911 32.37949 0 -0.90000 24.37500 24.46739 0.13333 13
0.00695 -0.01888 27.93484 0 0.57500 -0.70000 27.93416 0.10073 -13
0.57126 -0.15465 72.33797 0 4.67500 -15.32500 62.99296 0.11702 -13
-1.25553 0.11790 19.10948 0 -3.60000 35.82500 11.95570 0.16210 13
-1.29569 -0.28255 19.10948 0 8.47500 37.02500 11.95570 0.16720 13
0.06967 0.06451 84.71503 0 -1.95000 -4.92500 84.51104 0.10116 13
-1.87459 -0.00669 42.87811 0 0.22500 57.55000 20.18204 0.21395 -13
-0.95280 -0.24293 17.55835 0 7.37500 30.20000 12.88398 0.14128 -13
0.17356 0.03614 47.13140 0 -1.07500 -4.90000 46.43807 0.10227 -13
0.80407 -0.06162 82.40870 0 1.87500 -22.10000 64.26994 0.12937 -13
-1.70565 -0.01093 18.92309 0 0.37500 51.40000 9.57160 0.19911 -13
0.14851 -0.03545 69.13073 0 1.07500 -5.07500 68.38176 0.10187 13
