0.44296 0.00655 13.32236 0 -0.15000 -12.75000 12.18088 0.11014 -13
1.09591 -0.11573 69.84103 0 3.47500 -31.52500 47.24682 0.14985 13
0.29121 0.13121 57.04255 0 -3.97500 -9.32500 54.80390 0.10572 13
0.29894 -0.26844 57.04255 0 8.10000 -9.57500 54.80390 0.10852 13
-0.47883 -0.11202 8.15144 0 3.45000 13.42500 7.36062 0.11226 -13
0.01587 -0.04859 3.64301 0 1.60000 -0.10000 3.64255 0.10090 -13
0.25943 -0.12270 59.49381 0 3.70000 -8.42500 57.61433 0.10477 -13
-1.60448 0.10893 70.52601 0 -3.30000 48.67500 37.46166 0.19071 13
0.30497 -0.04592 53.74226 0 1.40000 -10.75000 51.40935 0.10539 -13
0.91902 -0.16122 79.31340 0 4.87500 -30.62500 58.73947 0.13773 -13
-1.77159 -0.20660 73.75667 0 6.25000 53.35000 36.83189 0.20593 -13
0.16259 0.10969 63.43222 0 -3.32500 -5.50000 62.61958 0.10262 13
1.12233 -0.00323 73.09049 0 0.10000 -33.52500 48.62291 0.15138 -13
0.26145 -0.18261 47.14019 0 5.52500 -3.87500 45.65427 0.10571 -13
0.48765 0.10176 1.11641 0 -2.57500 -12.90000 1.00461 0.11282 -13
-0.22597 0.08048 55.95147 0 -2.42500 5.05000 54.58399 0.10356 -13
-0.59611 -0.20485 9.52381 0 6.25000 19.35000 8.22389 0.11910 -13
1.96513 -0.11937 58.53496 0 3.62500 -57.77500 26.69722 0.22238 -13
1.30777 -0.23029 90.01260 0 6.92500 -40.15000 55.56608 0.16740 13
-1.33994 -0.09729 2.46309 0 3.27500 42.87500 1.47804 0.16895 -13
-0.49630 0.10593 82.64696 0 -3.20000 16.32500 74.11238 0.11294 13
-0.49716 0.13789 68.59662 0 -4.17500 12.77500 61.53810 0.11332 13
-0.50904 -0.26137 68.59662 0 7.87500 13.12500 61.53810 0.11602 13
1.66699 -0.17805 58.05923 0 5.35000 -52.45000 30.21005 0.19656 13
-0.64184 -0.07108 53.51103 0 2.12500 17.52500 45.06647 0.11987 13
1.48388 0.01114 69.37704 0 -0.32500 -45.45000 38.77260 0.18020 -13
-1.44328 -0.10087 71.76179 0 3.02500 43.62500 41.00877 0.17711 13
0.09752 0.03288 3.58443 0 -0.85000 -4.15000 3.56752 0.10126 -13
1.46505 -0.12401 91.85079 0 3.75000 -45.52500 52.05078 0.17907 -13
-0.10971 0.01730 22.54309 0 -0.50000 4.40000 22.40867 0.10132 -13
1.19166 -0.03419 41.92539 0 1.02500 -34.10000 26.95948 0.15669 13
-1.96501 0.02771 93.11953 0 -0.85000 59.37500 42.24717 0.22205 13
-0.73452 -0.01886 67.90790 0 0.55000 23.32500 54.73360 0.12497 13
-1.93702 0.00104 14.10357 0 0.05000 57.00000 6.47047 0.21951 -13
-0.40002 -0.12943 51.45004 0 3.90000 10.27500 47.82424 0.10924 13
0.63696 0.08541 46.22303 0 -2.60000 -18.22500 39.02699 0.11971 13
-0.58232 -0.16198 25.87885 0 4.87500 17.02500 22.43607 0.11766 13
-0.49732 -0.22119 99.58637 0 6.67500 13.32500 89.58322 0.11466 -13
-0.00183 0.04714 17.95054 0 -1.40000 -1.60000 17.95051 0.10081 -13
-1.24945 -0.16581 16.99008 0 5.05000 38.32500 10.70432 0.16206 -13
-0.02529 -0.18568 67.94544 0 5.60000 2.15000 67.92444 0.10245 13
1.79275 0.12766 7.84261 0 -3.97500 -53.47500 3.84437 0.20724 13
1.84334 -0.27256 7.84261 0 8.07500 -54.90000 3.84437 0.21270 13
-0.23768 0.02741 44.43825 0 -0.85000 6.77500 43.23468 0.10355 13
-0.38264 0.04669 43.92824 0 -1.42500 12.37500 41.03309 0.10792 13
1.74765 0.14136 43.94432 0 -4.27500 -53.85000 21.98750 0.20329 13
1.78702 -0.25780 43.94432 0 7.75000 -55.00000 21.98750 0.20781 13
0.82242 -0.24855 28.88788 0 7.47500 -24.30000 22.57779 0.13275 13
0.14649 -0.04936 94.40115 0 1.47500 -4.70000 93.40671 0.10190 13
-0.47975 -0.11324 51.92750 0 3.42500 15.27500 46.87398 0.11228 -13
-0.60710 0.13569 66.23618 0 -4.10000 18.72500 56.75702 0.11860 13
-0.62215 -0.26373 66.23618 0 7.95000 19.17500 56.75702 0.12153 13
0.05389 -0.04808 13.44346 0 1.42500 0.35000 13.42404 0.10096 13
0.36193 0.14309 14.00604 0 -4.35000 -10.15000 13.18549 0.10808 13
0.36982 -0.25602 14.00604 0 7.67500 -10.37500 13.18549 0.11039 13
-0.31375 -0.07064 53.75626 0 2.15000 8.82500 51.30238 0.10579 -13
0.44495 -0.10187 50.92563 0 3.07500 -14.70000 46.56747 0.11070 -13
0.46841 -0.03317 71.49887 0 1.00000 -13.15000 64.75431 0.11125 13
-1.10091 0.05488 41.79342 0 -1.67500 36.07500 28.12378 0.14988 13
0.92518 0.01069 29.61090 0 -0.35000 -28.85000 21.73619 0.13720 13
-1.40591 -0.12175 6.65959 0 3.55000 43.40000 3.87863 0.17413 13
0.58066 -0.07888 49.14395 0 2.40000 -18.25000 42.53215 0.11672 -13
0.03766 -0.00135 3.34982 0 0.17500 -2.42500 3.34745 0.10082 -13
-0.76704 0.00877 33.19929 0 -0.27500 24.02500 26.34298 0.12692 13
-0.10080 0.11023 38.63661 0 -3.30000 4.40000 38.44414 0.10182 -13
0.62907 -0.14828 43.23209 0 4.45000 -20.45000 36.70576 0.11990 13
-1.87291 0.08586 8.88736 0 -2.72500 56.02500 4.19665 0.21413 13
0.78881 -0.14007 80.54553 0 4.22500 -25.82500 63.47407 0.12904 -13
0.62460 -0.07431 72.73000 0 2.25000 -17.22500 61.73388 0.11897 -13
0.48564 -0.04140 80.80503 0 1.25000 -14.55000 72.69869 0.11203 13
0.72525 -0.03515 37.39768 0 1.05000 -22.27500 30.28042 0.12445 13
-0.35570 -0.22691 98.04176 0 6.85000 8.72500 92.62713 0.10930 13
0.36838 -0.23143 63.55396 0 7.00000 -11.72500 59.81808 0.10983 -13
1.39369 0.14026 95.73676 0 -4.25000 -39.27500 56.17094 0.17333 13
1.42572 -0.25892 95.73676 0 7.80000 -40.22500 56.17094 0.17729 13
0.00067 -0.14152 18.47699 0 4.30000 -2.60000 18.47698 0.10172 -13
-1.37717 0.11320 15.26178 0 -3.35000 41.50000 9.00465 0.17173 -13
-0.36696 -0.15742 86.08260 0 4.75000 12.62500 80.92963 0.10844 -13
1.09549 0.04661 66.19600 0 -1.42500 -31.02500 44.65503 0.14945 13
-0.74459 0.01175 74.05504 0 -0.37500 22.85000 59.39942 0.12556 13
0.74682 -0.03297 14.70808 0 1.02500 -22.72500 11.78674 0.12574 -13
-0.01029 0.10237 69.72679 0 -3.07500 1.67500 69.72314 0.10123 -13
1.83276 -0.08780 34.80755 0 2.67500 -55.52500 16.72176 0.21045 -13
0.43613 0.09391 96.72432 0 -2.82500 -11.40000 88.72103 0.11026 -13
-0.16691 -0.16486 71.73211 0 4.97500 5.90000 70.77860 0.10344 -13
-0.23076 0.08972 28.17798 0 -2.70000 6.20000 27.46172 0.10374 -13
1.04469 0.11885 13.17656 0 -3.52500 -31.22500 9.14469 0.14610 -13
-0.14310 0.02785 74.14403 0 -0.82500 4.87500 73.39694 0.10177 -13
0.22300 0.11408 36.77729 0 -3.45000 -7.77500 35.90667 0.10381 13
-1.50519 0.10150 15.85637 0 -3.00000 45.62500 8.80532 0.18225 -13
1.33328 -0.06396 69.81230 0 1.95000 -39.35000 41.94230 0.16797 -13
0.93482 0.07577 70.90757 0 -2.27500 -30.32500 51.86844 0.13806 -13
-0.00022 -0.20028 43.55457 0 6.05000 1.37500 43.55457 0.10271 -13
0.69193 -0.13568 65.35137 0 4.10000 -18.67500 53.89862 0.12323 -13
0.54949 -0.22964 99.70089 0 6.92500 -15.87500 87.89042 0.11721 -13
0.27858 -0.20967 30.58605 0 6.30000 -8.77500 29.50859 0.10664 13
1.16816 -0.06842 35.49847 0 2.07500 -31.32500 23.11600 0.15502 -13
-0.78333 -0.18193 81.71997 0 5.47500 22.37500 64.72772 0.12923 13
-0.19497 -0.13091 49.04554 0 3.95000 6.75000 48.15404 0.10345 -13
0.30109 -0.20555 12.07085 0 6.15000 -10.65000 11.57778 0.10716 13
0.20928 0.04783 18.37232 0 -1.42500 -7.22500 17.98356 0.10300 -13
2.05722 -0.24767 71.19607 0 7.50000 -63.60000 31.87847 0.23173 -13
1.12628 -0.13599 64.30565 0 4.12500 -34.30000 42.91363 0.15230 -13
0.81923 -0.21190 40.96765 0 6.37500 -22.80000 31.96812 0.13190 13
1.47022 0.06520 76.19457 0 -1.97500 -44.12500 42.91433 0.17918 13
-0.00643 -0.03968 35.66284 0 1.17500 2.27500 35.66211 0.10078 13
-0.64831 -0.24713 5.76662 0 7.35000 20.15000 4.88065 0.12248 13
-0.36672 0.13877 41.58318 0 -4.20000 10.95000 39.08475 0.10817 13
-0.37539 -0.26049 41.58318 0 7.85000 11.20000 39.08475 0.11071 13
-0.57407 -0.16203 47.88639 0 4.90000 16.60000 41.66197 0.11727 -13
0.59436 -0.13890 1.60244 0 3.80000 -16.85000 1.38093 0.11804 13
-1.15798 -0.22916 46.83650 0 6.90000 34.90000 31.05911 0.15578 13
0.29521 -0.16966 17.91063 0 5.15000 -9.85000 17.19702 0.10640 -13
0.37197 -0.18563 31.06305 0 5.62500 -12.67500 29.17295 0.10907 -13
0.21155 0.04354 74.97213 0 -1.30000 -7.90000 73.35172 0.10302 -13
0.78373 0.13420 65.02471 0 -4.05000 -22.35000 51.35261 0.12865 -13
0.80365 -0.26526 65.02471 0 8.00000 -22.95000 51.35261 0.13194 -13
0.72343 0.05963 81.97560 0 -1.80000 -19.17500 66.45814 0.12444 13
-1.18817 0.07219 74.31850 0 -2.17500 34.47500 47.92837 0.15655 -13
-0.79359 0.14102 82.10366 0 -4.25000 24.22500 64.55670 0.12934 13
-0.81157 -0.25814 82.10366 0 7.77500 24.77500 64.55670 0.13226 13
-0.95061 -0.17633 41.16169 0 5.32500 29.37500 30.04833 0.14009 -13
-1.13361 -0.08518 2.64566 0 2.27500 35.30000 1.75377 0.15248 13
0.29150 -0.05011 70.76558 0 1.52500 -6.05000 67.94476 0.10502 -13
-0.26540 -0.24643 64.86222 0 7.45000 8.37500 62.80996 0.10711 -13
0.94948 0.03646 5.96331 0 -1.00000 -26.12500 4.32587 0.13892 -13
-0.67081 -0.09251 52.31649 0 2.77500 18.15000 43.50420 0.12161 13
0.04566 -0.14922 31.26965 0 4.52500 -1.07500 31.23781 0.10193 -13
1.32142 0.06134 3.87330 0 -1.65000 -37.87500 2.34024 0.16698 -13
0.20678 0.03008 39.67958 0 -0.92500 -5.25000 38.85836 0.10288 13
0.19960 -0.23437 55.12460 0 7.05000 -5.87500 54.11244 0.10535 13
-0.60408 -0.01523 55.18852 0 0.45000 18.25000 47.23982 0.11766 13
-1.01493 0.12815 34.37165 0 -3.87500 29.97500 24.22297 0.14407 13
-1.04320 -0.27171 34.37165 0 8.17500 30.82500 24.22297 0.14805 13
1.18080 0.00544 1.83151 0 -0.57500 -36.60000 1.18385 0.15608 13
-1.30578 0.00542 91.54845 0 -0.17500 38.60000 55.66325 0.16563 13
0.05086 -0.00558 88.02890 0 0.17500 -0.45000 87.91529 0.10083 13
-1.75290 -0.06992 25.13025 0 2.07500 52.15000 12.47622 0.20333 13
-0.13080 -0.17348 16.92400 0 5.20000 3.12500 16.78511 0.10304 13
-1.16145 0.02591 44.04121 0 -0.80000 33.37500 28.74129 0.15436 13
-1.00673 -0.24810 52.07258 0 7.47500 29.37500 37.24408 0.14505 13
1.95033 -0.10258 73.59832 0 3.10000 -58.72500 33.71821 0.22099 -13
-1.29174 -0.19202 4.22386 0 5.60000 39.15000 2.61461 0.16551 13
0.35470 -0.15349 6.83875 0 4.70000 -8.30000 6.45338 0.10802 -13
0.69666 0.07360 62.20131 0 -2.20000 -18.00000 51.08196 0.12295 -13
0.26044 -0.22635 69.08329 0 6.82500 -7.67500 66.95708 0.10652 13
-0.38658 -0.02038 2.27107 0 0.37500 14.07500 2.11878 0.10807 13
-0.72968 0.14673 59.72051 0 -4.45000 18.90000 48.41951 0.12554 13
-0.74455 -0.25217 59.72051 0 7.60000 19.35000 48.41951 0.12808 13
-1.88578 -0.23755 14.31050 0 7.25000 55.67500 6.84858 0.21641 -13
-0.24018 -0.19719 33.18064 0 5.97500 6.45000 32.29619 0.10546 -13
0.61807 0.12777 4.03219 0 -3.70000 -17.27500 3.43739 0.11906 -13
0.63533 -0.27182 4.03219 0 8.35000 -17.82500 3.43739 0.12262 -13
1.54180 0.09729 62.90869 0 -2.95000 -45.17500 34.34575 0.18532 13
-0.83378 -0.00681 18.09198 0 0.25000 26.27500 13.89590 0.13112 -13
-0.03370 -0.09493 82.78968 0 2.85000 1.65000 82.74311 0.10121 13
1.84176 -0.14045 24.57281 0 4.20000 -55.77500 11.81400 0.21147 13
-0.69225 -0.09167 40.87446 0 2.77500 24.40000 33.65302 0.12283 -13
0.52215 0.14446 48.97224 0 -4.35000 -16.47500 43.50624 0.11453 -13
0.53326 -0.25451 48.97224 0 7.70000 -16.80000 43.50624 0.11698 -13
-0.59327 -0.22088 92.33363 0 6.67500 16.65000 79.89522 0.11919 -13
0.98325 0.04022 78.49155 0 -1.20000 -31.10000 55.99118 0.14128 -13
0.42876 0.13711 83.92801 0 -4.12500 -14.57500 77.24732 0.11043 -13
0.43914 -0.26221 83.92801 0 7.92500 -14.90000 77.24732 0.11311 -13
0.74277 0.03963 26.85663 0 -1.17500 -22.60000 21.56612 0.12550 -13
-0.08837 -0.12883 48.47893 0 3.87500 2.50000 48.29383 0.10192 13
-0.65870 -0.07558 93.73357 0 2.27500 24.60000 78.34462 0.12083 -13
-0.29090 -0.10153 79.09193 0 3.05000 10.67500 75.97413 0.10537 13
0.50768 -0.11152 10.99104 0 3.42500 -16.80000 9.81274 0.11352 -13
-20.93872 -34.29656 10.99104 0 3.70000 -17.00000 9.81274 0.11546 -13
0.76021 -0.17133 91.05916 0 5.17500 -25.10000 72.87140 0.12768 -13
-0.70784 0.09367 46.77660 0 -2.85000 22.55000 38.23565 0.12374 13
-1.87947 -0.24042 58.38925 0 7.22500 58.82500 28.02864 0.21573 13
1.23113 -0.06812 34.28823 0 2.07500 -39.12500 21.64799 0.15988 -13
-0.43865 -0.21239 12.76567 0 6.37500 14.87500 11.73116 0.11200 13
-0.63978 -0.14564 85.96137 0 4.40000 20.35000 72.62958 0.12045 -13
1.22220 0.02786 59.51785 0 -0.82500 -38.57500 37.69814 0.15905 -13
-0.96286 -0.05370 33.47778 0 1.65000 30.02500 24.13302 0.13990 -13
0.33124 -0.20053 45.28462 0 6.05000 -7.25000 43.07015 0.10799 -13
0.01089 -0.03966 81.41329 0 1.20000 -3.65000 81.40847 0.10079 13
-1.22625 0.13756 73.22609 0 -4.15000 36.62500 46.53871 0.15995 13
-1.25573 -0.26178 73.22609 0 7.87500 37.50000 46.53871 0.16378 13
1.83206 0.01304 93.55494 0 -0.37500 -57.62500 44.82608 0.21018 -13
0.50012 -0.15138 14.31157 0 4.60000 -16.25000 12.82865 0.11365 -13
-0.29040 -0.11038 79.50938 0 3.32500 8.40000 76.39034 0.10545 13
-0.42089 -0.62051 79.50938 0 3.30000 8.50000 76.39034 0.10575 13
-0.51340 1.09943 79.50938 0 4.92500 8.17500 76.39034 0.11242 13
0.28529 -0.46708 79.50938 0 3.25000 7.15000 76.39034 0.12849 13
0.07934 0.42579 79.50938 0 4.52500 6.57500 76.39034 0.14460 13
-0.25194 -0.22582 11.69106 0 6.77500 6.47500 11.35318 0.10628 13
0.08629 0.10966 5.04251 0 -3.20000 -0.10000 5.02409 0.10167 -13
1.28452 -0.14542 99.93464 0 4.40000 -36.57500 61.78890 0.16459 -13
-0.01118 0.10240 86.83934 0 -3.10000 -0.40000 86.83397 0.10124 13
1.53983 -0.05678 31.32148 0 1.67500 -44.77500 17.07811 0.18498 13
0.12530 -0.16678 87.77816 0 5.02500 -4.95000 87.11536 0.10287 13
-0.20099 -0.20121 70.58059 0 6.05000 7.67500 69.24896 0.10469 13
0.16104 -0.03783 46.25512 0 1.15000 -5.45000 45.66753 0.10207 -13
0.87863 0.11856 52.13121 0 -3.60000 -27.25000 39.28034 0.13459 13
0.90657 -0.28186 52.13121 0 8.50000 -28.10000 39.28034 0.13884 13
1.61461 -0.20563 99.20594 0 6.20000 -47.92500 53.01871 0.19236 13
0.47084 -0.01898 22.68724 0 0.55000 -12.50000 20.52646 0.11133 13
-0.16815 0.08723 68.03621 0 -2.62500 5.47500 67.10119 0.10249 -13
0.56472 0.09673 70.33946 0 -2.92500 -14.90000 61.31642 0.11606 13
-0.51025 -0.11991 33.46681 0 3.60000 15.87500 29.85410 0.11369 13
0.33735 0.08573 54.57883 0 -2.60000 -12.02500 51.73464 0.10663 13
1.45464 -0.06220 28.18322 0 1.85000 -42.37500 15.98746 0.17785 13
1.37489 0.09167 13.37374 0 -2.70000 -42.60000 7.88741 0.17144 -13
-1.34600 -0.12218 82.29428 0 3.67500 40.20000 49.31222 0.16930 13
0.36443 0.06221 48.25570 0 -1.87500 -11.65000 45.34898 0.10736 -13
0.60335 -0.11545 15.25797 0 3.45000 -17.37500 13.08718 0.11817 13
1.31850 -0.03566 27.66618 0 1.10000 -41.92500 16.72527 0.16669 -13
-0.76791 0.12799 20.66435 0 -3.82500 22.30000 16.43857 0.12762 -13
-0.78933 -0.27177 20.66435 0 8.22500 22.95000 16.43857 0.13123 -13
-0.23529 -0.06884 24.45429 0 2.05000 7.15000 23.80724 0.10368 13
-1.95824 0.08620 64.04240 0 -2.62500 58.55000 29.21258 0.22159 13
-0.21514 0.02584 26.64505 0 -0.75000 6.57500 26.04942 0.10304 -13
0.03708 -0.15084 85.73946 0 4.55000 -0.77500 85.68190 0.10191 13
0.34899 -0.02293 88.13470 0 0.67500 -9.85000 83.21517 0.10669 13
-1.93051 -0.10940 67.39954 0 3.32500 59.27500 31.14672 0.21923 -13
0.23366 -0.16578 5.45088 0 4.90000 -3.67500 5.31063 0.10474 13
0.99114 -0.14411 73.56934 0 4.35000 -33.10000 52.51812 0.14252 13
-1.59208 -0.12836 92.36886 0 3.87500 47.30000 49.41819 0.18978 -13
0.19291 -0.20355 55.76318 0 6.15000 -4.97500 54.79269 0.10459 -13
-0.44018 -0.15937 36.46255 0 4.80000 13.32500 33.43965 0.11118 13
1.09666 -0.23564 84.23400 0 7.10000 -31.92500 57.58951 0.15132 13
2.05077 -0.10404 68.87984 0 3.12500 -60.02500 30.32085 0.22999 13
-0.05896 -0.15734 48.01920 0 4.75000 -0.30000 47.93796 0.10212 -13
-0.34095 -0.11541 8.25259 0 3.55000 8.20000 7.81617 0.10707 -13
-1.04586 0.04816 92.53860 0 -1.45000 30.55000 63.99046 0.14580 -13
0.41134 -0.16929 86.11833 0 5.10000 -11.42500 79.80434 0.11021 13
-1.76833 0.10044 80.04779 0 -3.02500 51.05000 39.55316 0.20482 -13
-1.23004 0.11201 78.92746 0 -3.37500 38.52500 49.97615 0.16003 -13
-0.27283 0.12559 58.23215 0 -3.77500 8.82500 56.20914 0.10514 -13
-0.28070 -0.27432 58.23215 0 8.27500 9.07500 56.20914 0.10819 -13
0.35652 0.14794 38.65358 0 -4.47500 -13.00000 36.45300 0.10789 13
0.35652 0.14794 38.65358 0 -4.47500 -13.00000 36.45300 0.10795 13
0.36361 -0.25091 38.65358 0 7.55000 -13.20000 36.45300 0.11008 13
0.47882 -0.11573 19.33617 0 3.52500 -14.70000 17.46180 0.11227 -13
-1.85726 -0.04877 88.81249 0 1.45000 57.92500 42.14225 0.21247 13
1.29101 0.06506 84.13487 0 -1.97500 -39.85000 51.58888 0.16459 13
0.31907 0.01537 21.19107 0 -0.45000 -9.10000 20.18852 0.10572 -13
0.29056 -0.16167 31.40314 0 4.90000 -9.07500 30.18592 0.10613 -13
-0.76127 -0.00348 23.10595 0 0.07500 24.62500 18.38487 0.12657 13
0.35603 0.09348 99.15426 0 -2.82500 -8.97500 93.45618 0.10731 13
0.17341 -0.11736 85.98056 0 3.52500 -5.80000 84.73313 0.10288 13
-0.25810 -0.08293 45.04472 0 2.50000 6.77500 43.62488 0.10434 13
-1.71172 -0.09147 74.26612 0 2.77500 53.27500 37.57771 0.19986 -13
0.16773 0.00482 85.10957 0 -0.15000 -4.47500 83.93712 0.10211 13
-1.28274 0.02806 87.09149 0 -0.82500 39.55000 53.55912 0.16382 -13
-0.01464 -0.22899 47.94710 0 6.90000 -0.75000 47.94222 0.10332 13
-0.51138 0.13720 30.40960 0 -4.12500 14.70000 27.12688 0.11393 -13
-0.52376 -0.26206 30.40960 0 7.92500 15.07500 27.12688 0.11672 -13
0.98175 0.04891 66.60851 0 -1.47500 -31.07500 47.55877 0.14121 -13
-0.09718 -0.12004 51.42957 0 3.62500 4.87500 51.19186 0.10191 -13
0.20674 0.12493 57.89124 0 -3.77500 -6.40000 56.71016 0.10360 13
0.21277 -0.27507 57.89124 0 8.30000 -6.57500 56.71016 0.10661 13
1.22475 -0.12415 32.43021 0 3.77500 -39.07500 20.60503 0.15973 -13
1.02253 0.09377 38.08326 0 -2.85000 -31.65000 26.68692 0.14435 13
0.32928 0.08015 70.39119 0 -2.42500 -11.02500 66.88058 0.10633 13
-0.74745 -0.08153 32.83262 0 2.47500 24.42500 26.32947 0.12600 -13
1.79746 0.11569 61.78996 0 -3.50000 -54.57500 30.19332 0.20748 13
-1.61987 -0.10800 89.46814 0 3.25000 47.52500 47.19483 0.19202 13
0.21989 -0.11579 38.34464 0 3.50000 -7.80000 37.46133 0.10377 -13
0.33030 0.06892 61.18523 0 -2.07500 -11.20000 58.11155 0.10628 -13
2.13356 -0.05538 42.51036 0 1.70000 -62.45000 18.06389 0.23737 -13
0.33684 0.02956 3.11528 0 -1.05000 -9.77500 2.95247 0.10638 13
1.53251 0.13592 61.37722 0 -4.07500 -41.87500 33.75642 0.18477 -13
1.57034 -0.26344 61.37722 0 7.95000 -43.02500 33.75642 0.18937 -13
-0.04526 -0.24401 58.27037 0 7.37500 3.10000 58.21414 0.10377 -13
0.46773 0.04229 93.40652 0 -1.27500 -12.92500 84.62261 0.11126 13
-1.44753 0.04330 50.92288 0 -1.32500 42.75000 28.96194 0.17723 13
-0.30730 0.04985 68.41205 0 -1.50000 9.67500 65.40081 0.10547 -13
1.76363 0.13282 3.10504 0 -3.72500 -52.50000 1.54142 0.20451 -13
1.80988 -0.26631 3.10504 0 8.35000 -54.07500 1.54142 0.21060 -13
1.14762 -0.19630 83.05168 0 5.92500 -32.47500 55.14538 0.15457 -13
-0.87894 -0.03177 60.37114 0 0.97500 26.72500 45.35476 0.13411 -13
0.10361 0.09774 47.85795 0 -2.95000 -2.32500 47.60548 0.10172 -13
-0.19993 -0.11113 37.86555 0 3.35000 4.00000 37.13943 0.10330 13
0.98334 -0.08830 22.02035 0 2.70000 -27.97500 15.73110 0.14153 -13
0.07856 -0.06703 86.37530 0 2.02500 -2.57500 86.11115 0.10124 13
1.83851 0.05337 97.17983 0 -1.60000 -55.72500 46.48518 0.21083 -13
-1.27998 0.06130 87.96498 0 -1.85000 38.75000 54.21883 0.16369 13
1.33695 -0.10456 8.73993 0 3.07500 -40.45000 5.25360 0.16841 13
0.63570 -0.05774 99.18229 0 1.72500 -20.82500 83.74177 0.11947 13
-0.19502 -0.20937 46.23244 0 6.32500 5.15000 45.41263 0.10475 -13
-0.36336 0.09008 72.62154 0 -2.70000 13.60000 68.28731 0.10752 -13
0.18156 0.02408 6.96848 0 -0.65000 -3.95000 6.85640 0.10239 -13
1.52761 -0.13524 62.10775 0 4.10000 -45.12500 34.23050 0.18439 -13
0.34450 -0.11368 43.38927 0 3.45000 -9.57500 41.05134 0.10713 -13
-0.37342 0.14761 14.12915 0 -4.50000 11.40000 13.25366 0.10855 13
-0.38083 -0.25128 14.12915 0 7.55000 11.62500 13.25366 0.11067 13
1.20161 -0.18545 67.06222 0 5.57500 -36.00000 43.32621 0.15851 13
1.65032 0.11259 53.30724 0 -3.42500 -50.72500 27.75338 0.19467 13
-0.37175 -0.02657 1.82414 0 1.07500 10.67500 1.70997 0.10768 -13
-2.15145 0.07511 73.11710 0 -2.27500 64.82500 30.88982 0.23905 13
1.11967 -0.14889 43.05759 0 4.47500 -33.42500 28.85677 0.15190 13
1.14952 -0.16065 83.20704 0 4.85000 -33.55000 55.00679 0.15429 -13
0.71441 -0.20662 87.62692 0 6.25000 -19.80000 71.79907 0.12550 -13
0.04958 -0.08751 47.23162 0 2.65000 -1.47500 47.17408 0.10121 -13
-0.87234 0.07350 51.51876 0 -2.20000 26.37500 38.86853 0.13384 -13
0.24219 -0.14200 14.43072 0 4.25000 -6.45000 14.03288 0.10458 13
-0.20769 0.14999 3.59551 0 -4.37500 4.82500 3.52214 0.10392 -13
-0.21172 -0.24846 3.59551 0 7.65000 4.97500 3.52214 0.10610 -13
-0.35746 -0.10092 87.36527 0 3.05000 12.25000 82.31428 0.10743 -13
0.48719 -0.17974 97.98411 0 5.42500 -12.67500 88.35220 0.11347 13
-0.81152 0.12875 48.45331 0 -3.90000 26.17500 37.74576 0.13034 13
-0.83393 -0.27104 48.45331 0 8.15000 26.85000 37.74576 0.13391 13
0.36861 -0.15327 40.82463 0 4.62500 -10.50000 38.35782 0.10844 -13
-0.88601 -0.14178 8.69568 0 4.35000 26.37500 6.53694 0.13536 -13
-0.39462 -0.17751 93.04867 0 5.35000 11.60000 86.73185 0.10973 -13
-1.04983 0.11606 55.02237 0 -3.52500 32.92500 38.08301 0.14648 13
-1.15876 -0.12812 27.09662 0 3.90000 32.82500 17.78564 0.15469 -13
-0.73878 -0.12623 36.06807 0 3.82500 22.30000 29.09088 0.12586 -13
0.40462 -0.19725 79.52177 0 5.95000 -11.77500 73.91128 0.11044 -13
0.46337 0.05332 29.31051 0 -1.60000 -13.52500 26.60104 0.11111 -13
-0.58191 -0.10876 70.90393 0 3.30000 18.35000 61.37410 0.11703 -13
1.30626 -0.17740 10.44385 0 5.42500 -39.92500 6.41095 0.16670 -13
-0.01038 -0.09823 22.39067 0 2.97500 -2.15000 22.38948 0.10120 -13
0.75822 -0.05249 89.62558 0 1.60000 -24.45000 71.45384 0.12649 -13
0.00486 0.08440 78.68417 0 -2.55000 0.15000 78.68324 0.10106 13
0.48127 -0.00930 6.98111 0 0.35000 -13.60000 6.29054 0.11178 -13
-2.05759 -0.13489 73.37087 0 4.05000 62.62500 32.30613 0.23077 13
0.28586 -0.09483 56.84224 0 2.85000 -7.60000 54.67158 0.10517 13
0.84817 0.10356 14.91853 0 -3.07500 -27.75000 11.40263 0.13244 -13
-1.02349 -0.17406 64.99388 0 5.22500 32.10000 45.76667 0.14514 13
1.62223 -0.05648 48.30481 0 1.67500 -48.47500 25.37642 0.19199 13
0.74462 -0.03948 74.91360 0 1.20000 -21.55000 60.10237 0.12562 -13
0.53328 -0.13708 27.68909 0 4.12500 -18.00000 24.48206 0.11495 13
0.26245 0.08434 21.17535 0 -2.57500 -7.90000 20.48644 0.10447 13
0.50988 0.13455 58.99056 0 -4.05000 -16.32500 52.65000 0.11384 -13
0.52275 -0.26487 58.99056 0 8.00000 -16.72500 52.65000 0.11673 -13
-0.43208 -0.00723 34.57151 0 0.20000 16.00000 31.73589 0.10970 13
1.04530 -0.24662 69.24312 0 7.45000 -33.37500 48.59858 0.14779 -13
1.08351 -0.07570 26.00109 0 2.25000 -32.20000 17.66210 0.14867 13
-0.25593 -0.09187 15.69400 0 2.75000 8.05000 15.20783 0.10435 13
0.08319 -0.20730 57.67773 0 6.25000 -2.27500 57.48730 0.10318 13
-0.74148 0.05769 43.73388 0 -1.72500 22.70000 35.15093 0.12551 -13
-1.23597 -0.07595 17.91881 0 2.25000 34.50000 11.29108 0.16026 13
-1.73295 -0.09220 34.62570 0 2.80000 54.62500 17.36113 0.20172 -13
-0.29646 -0.18126 9.03220 0 5.52500 8.80000 8.67076 0.10666 -13
-1.50264 -0.18116 18.50030 0 5.52500 43.12500 10.36420 0.18273 -13
-0.12749 -0.05442 47.50166 0 1.62500 3.17500 47.12138 0.10166 13
0.48396 -0.05118 20.27124 0 1.52500 -15.27500 18.25123 0.11199 13
1.59592 -0.01294 68.32072 0 0.40000 -48.30000 36.27855 0.18967 -13
0.53011 -0.07578 36.77949 0 2.30000 -16.30000 32.51640 0.11424 -13
-1.76306 -0.21509 9.29826 0 6.60000 51.60000 4.66614 0.20544 -13
-0.01285 -0.11424 87.57528 0 3.45000 0.05000 87.56813 0.10137 -13
0.08643 -0.08725 71.66324 0 2.62500 -2.75000 71.39911 0.10146 13
0.68745 -0.13153 54.63166 0 3.97500 -20.25000 45.14297 0.12293 -13
0.27207 0.00258 45.44954 0 -0.07500 -9.22500 43.85534 0.10436 -13
0.61363 -0.01418 33.07963 0 0.40000 -17.15000 28.19537 0.11816 13
0.84172 0.07393 85.51107 0 -2.22500 -25.07500 65.49462 0.13184 -13
0.58442 -0.16022 35.00737 0 4.85000 -18.50000 30.32104 0.11776 -13
1.08773 -0.03537 42.34911 0 1.07500 -35.17500 28.67164 0.14884 -13
0.76900 -0.19844 56.58473 0 5.97500 -22.65000 45.17506 0.12859 13
0.83228 0.02840 24.62888 0 -0.82500 -26.15000 18.93338 0.13105 -13
-0.52508 -0.00411 44.25385 0 0.12500 14.10000 39.18128 0.11374 -13
-0.22598 -0.04233 14.72717 0 1.25000 7.60000 14.36563 0.10332 13
-1.41672 0.05170 70.52594 0 -1.57500 43.40000 40.70672 0.17471 13
-0.70830 0.05022 51.94239 0 -1.50000 19.42500 42.40464 0.12350 -13
-1.65456 0.00417 74.80291 0 -0.15000 46.70000 38.69214 0.19469 13
0.17011 -0.07308 10.03827 0 2.25000 -6.60000 9.89677 0.10243 -13
-0.59718 -0.19179 1.72584 0 5.45000 17.20000 1.48836 0.11888 13
-0.52748 0.05443 96.80208 0 -1.62500 15.32500 85.64833 0.11399 -13
0.56000 0.00304 20.29441 0 -0.12500 -17.00000 17.70677 0.11542 13
0.41057 0.13683 13.30002 0 -4.17500 -11.25000 12.31997 0.10975 13
0.42060 -0.26259 13.30002 0 7.87500 -11.55000 12.31997 0.11236 13
-0.18994 -0.04717 25.24444 0 1.40000 3.30000 24.80198 0.10261 13
1.64534 0.00864 51.30708 0 -0.25000 -49.37500 26.64810 0.19390 -13
0.04281 -0.15937 90.80728 0 4.82500 -1.12500 90.72624 0.10207 -13
0.49187 -0.04299 37.26500 0 1.30000 -11.80000 33.44484 0.11231 -13
0.12173 -0.00876 9.59573 0 0.32500 -1.52500 9.52546 0.10146 -13
0.81254 -0.06971 20.30282 0 2.07500 -23.50000 15.77232 0.12994 13
0.33137 -0.03570 31.89427 0 1.10000 -10.30000 30.27721 0.10615 -13
-0.38080 -0.04611 27.79638 0 1.40000 10.92500 25.98013 0.10786 -13
0.05296 0.03567 32.43484 0 -1.10000 -3.67500 32.38949 0.10091 13
-0.84646 -0.05768 39.23101 0 1.72500 25.10000 29.96453 0.13206 13
0.19635 -0.05815 3.16893 0 1.90000 -4.10000 3.10975 0.10288 -13
-0.46621 0.01079 59.29434 0 -0.32500 12.07500 53.74142 0.11112 13
-0.17452 -0.08898 9.89613 0 2.72500 6.17500 9.74986 0.10264 -13
0.50590 -0.01231 50.75259 0 0.37500 -15.35000 45.28792 0.11287 -13
0.42844 -0.17017 9.89752 0 5.07500 -14.72500 9.11760 0.11087 13
1.45678 -0.06236 24.35332 0 1.92500 -41.77500 13.80128 0.17806 -13
1.60101 0.11539 71.23119 0 -3.47500 -45.22500 37.91474 0.19044 -13
-0.00565 -0.16766 94.85321 0 5.07500 1.75000 94.85173 0.10211 -13
-0.04851 -0.02739 20.46437 0 0.85000 1.65000 20.44035 0.10086 -13
0.20984 -0.24085 10.46133 0 7.32500 -8.17500 10.25024 0.10576 -13
-1.70159 0.14754 6.45187 0 -4.30000 48.82500 3.29546 0.19917 -13
-1.73561 -0.25099 6.45187 0 7.72500 49.97500 3.29546 0.20357 -13
0.26604 -0.10213 60.56669 0 3.10000 -10.65000 58.55054 0.10472 -13
1.33399 0.01672 52.76144 0 -0.50000 -43.72500 31.64971 0.16790 -13
-1.20216 0.01077 36.39545 0 -0.30000 38.57500 23.27571 0.15748 -13
0.57224 -0.07238 82.04611 0 2.17500 -18.60000 71.25696 0.11625 13
0.04995 -0.08885 49.53002 0 2.67500 -3.90000 49.46882 0.10122 13
1.38480 -0.12251 20.84864 0 3.65000 -41.10000 12.26528 0.17243 13
-0.57061 0.12323 57.09361 0 -3.72500 16.80000 49.67928 0.11661 13
-0.58764 -0.27687 57.09361 0 8.35000 17.32500 49.67928 0.12008 13
0.43183 -0.12640 42.67076 0 3.82500 -14.17500 39.22286 0.11043 -13
-0.71772 0.09185 23.74738 0 -2.80000 22.75000 19.32027 0.12431 13
-1.46037 0.04313 96.31533 0 -1.30000 44.40000 54.45196 0.17829 13
0.70548 -0.05251 34.98544 0 1.57500 -21.10000 28.60052 0.12335 13
0.52720 -0.20636 77.63485 0 6.22500 -15.77500 68.98228 0.11573 -13
-1.05723 -0.07873 19.24480 0 2.40000 29.77500 13.24626 0.14678 -13
0.10048 0.03131 24.99586 0 -0.92500 -1.90000 24.87071 0.10126 -13
0.36486 -0.23213 22.26633 0 7.02500 -9.65000 20.98053 0.10974 -13
1.90866 -0.02522 32.79571 0 0.80000 -61.07500 15.22427 0.21701 -13
0.89103 0.04290 6.56397 0 -1.40000 -25.35000 4.90249 0.13499 13
1.86363 -0.08725 25.91238 0 2.67500 -55.07500 12.28807 0.21318 -13
0.17375 -0.22964 35.41983 0 6.95000 -6.90000 34.92287 0.10481 -13
0.47380 -0.09109 87.33215 0 2.75000 -14.47500 78.98144 0.11181 13
0.06079 -0.13258 11.70722 0 3.95000 0.27500 11.68607 0.10175 13
0.30661 -0.00071 43.78891 0 0.02500 -10.50000 41.86529 0.10533 -13
0.44705 -0.20772 32.23142 0 6.25000 -14.05000 29.52668 0.11226 13
-0.99968 -0.09686 36.88370 0 2.95000 28.00000 26.14495 0.14274 -13
1.46496 0.04992 92.94644 0 -1.52500 -44.72500 52.44547 0.17870 13
-1.07414 -0.13338 36.03820 0 4.00000 34.32500 24.67226 0.14839 13
-0.12122 -0.17129 95.00913 0 5.15000 4.35000 94.33809 0.10289 13
0.21308 0.00931 70.30133 0 -0.27500 -8.35000 68.75781 0.10297 -13
-0.90799 -0.16527 16.15046 0 4.95000 29.45000 12.02976 0.13700 13
0.01775 0.07491 80.99836 0 -2.27500 -2.95000 80.98568 0.10100 13
-0.09679 0.04163 48.49701 0 -1.27500 5.45000 48.27181 0.10126 13
0.04877 0.02617 19.47382 0 -0.77500 -0.27500 19.45071 0.10086 -13
0.04084 0.09804 52.07379 0 -2.97500 -0.67500 52.03083 0.10127 13
1.01407 -0.25000 9.33001 0 7.45000 -30.80000 6.65119 0.14552 13
-0.01170 -0.09043 66.20366 0 2.72500 -1.97500 66.19914 0.10112 13
-0.92819 -0.03315 38.53360 0 0.97500 28.75000 28.24953 0.13744 13
-0.30687 -0.10041 78.66185 0 3.02500 10.80000 75.23311 0.10582 13
0.40788 0.00446 58.82495 0 -0.12500 -15.07500 54.46847 0.10876 -13
0.31702 -0.14572 88.41605 0 4.40000 -6.92500 84.36238 0.10666 -13
-0.13753 -0.08577 33.10874 0 2.57500 6.50000 32.80219 0.10202 13
0.72294 -0.00703 7.05026 0 0.30000 -19.90000 5.71366 0.12428 -13
-1.38812 0.12962 35.28988 0 -3.87500 39.90000 20.74009 0.17277 -13
-1.42590 -0.27004 35.28988 0 8.17500 41.05000 20.74009 0.17752 -13
-1.06332 0.04324 76.25268 0 -1.32500 30.35000 52.26560 0.14706 13
-0.41975 -0.16109 3.26172 0 4.70000 11.00000 3.01291 0.11039 13
-0.46440 -0.22795 96.62185 0 6.87500 14.72500 88.01989 0.11339 -13
0.07920 -0.07007 39.41239 0 2.10000 -0.85000 39.28995 0.10126 13
0.42671 -0.04390 89.20599 0 1.32500 -13.80000 82.06043 0.10957 13
-0.12115 -0.02941 91.88145 0 0.90000 1.35000 91.21502 0.10148 -13
-1.30589 0.10977 91.36351 0 -3.30000 39.55000 55.75668 0.16600 -13
-0.57155 0.01866 72.04301 0 -0.55000 17.17500 62.55035 0.11601 -13
1.09428 -0.23547 51.13956 0 7.07500 -31.62500 35.00191 0.15113 13
-0.18981 -0.13230 65.05193 0 3.97500 5.50000 63.93002 0.10336 13
-1.50673 -0.18861 89.38618 0 5.70000 44.65000 50.02900 0.18311 -13
1.62702 -0.05812 26.38396 0 1.72500 -50.22500 13.83253 0.19239 13
-1.10363 0.12440 74.63118 0 -3.75000 31.57500 50.32291 0.15049 -13
-1.13601 -0.27559 74.63118 0 8.32500 32.55000 50.32291 0.15492 -13
-0.06451 -0.06741 77.55796 0 2.05000 0.12500 77.39781 0.10114 -13
-1.50505 -0.22694 28.92732 0 6.82500 44.90000 16.28766 0.18336 13
-0.31477 0.09830 99.83802 0 -2.95000 9.05000 95.27267 0.10604 -13
0.51435 -0.17382 71.63157 0 5.25000 -18.90000 63.89559 0.11459 -13
-1.89458 -0.18884 4.24882 0 5.42500 53.47500 2.00960 0.21640 13
-0.27535 0.09463 35.79544 0 -2.85000 5.50000 34.52201 0.10488 -13
1.93079 0.10586 62.32141 0 -3.20000 -57.57500 28.78673 0.21924 13
-0.08435 -0.15525 52.89177 0 4.70000 3.07500 52.70899 0.10227 -13
0.46447 -0.06077 65.83059 0 1.85000 -15.92500 59.72426 0.11120 -13
1.42202 -0.10549 19.94173 0 3.15000 -42.42500 11.51332 0.17537 13
0.61211 0.10902 35.82046 0 -3.30000 -19.75000 30.60018 0.11859 13
-1.01398 -0.03320 51.55560 0 1.02500 29.75000 36.21139 0.14346 -13
0.63244 0.10349 73.61546 0 -3.12500 -19.02500 62.31161 0.11961 13
0.27318 -0.09784 10.99830 0 3.00000 -10.72500 10.61277 0.10488 -13
0.69165 0.02387 51.86054 0 -0.70000 -23.07500 42.65649 0.12247 -13
0.29291 -0.02711 28.56368 0 0.82500 -9.47500 27.41286 0.10497 -13
0.23068 -0.02585 34.21351 0 0.80000 -6.40000 33.33848 0.10338 -13
-0.28756 -0.04351 77.10645 0 1.30000 8.02500 74.10883 0.10488 13
0.27115 0.01393 11.13797 0 -0.47500 -10.15000 10.74991 0.10435 13
-1.67142 -0.18988 78.57353 0 5.72500 51.05000 40.86782 0.19705 13
0.03406 -0.23866 83.65125 0 7.20000 0.30000 83.60538 0.10359 -13
-0.44833 -0.23935 50.07653 0 7.20000 12.57500 45.90289 0.11295 13
-1.57639 0.03597 9.37271 0 -0.97500 50.35000 5.02259 0.18804 -13
-1.73863 -0.21423 37.19677 0 6.42500 52.55000 18.85918 0.20309 13
-0.36288 0.02530 84.86152 0 -0.77500 10.22500 79.77463 0.10716 13
-0.87179 -0.24939 99.99504 0 7.52500 24.27500 76.34512 0.13593 13
0.58508 -0.05225 65.88935 0 1.57500 -18.30000 56.89078 0.11679 13
-1.17304 0.00900 86.68668 0 -0.27500 34.67500 56.23893 0.15523 -13
-1.15696 0.09814 19.19588 0 -2.92500 35.95000 12.58676 0.15430 -13
-0.53317 -0.07405 45.49748 0 2.22500 16.87500 40.17181 0.11436 13
0.48788 -0.19621 74.42309 0 5.90000 -15.50000 67.12663 0.11377 13
-0.15100 0.07202 82.54313 0 -2.17500 6.57500 81.62263 0.10211 13
-0.48767 0.08138 72.73793 0 -2.45000 12.85000 65.41936 0.11234 -13
-1.91664 -0.04180 15.36652 0 1.32500 59.30000 7.11292 0.21777 -13
0.05128 -0.24601 71.10951 0 7.42500 -2.87500 71.02150 0.10382 13
-0.14595 -0.11517 60.95418 0 3.47500 4.67500 60.32337 0.10243 13
0.28631 0.08360 38.62737 0 -2.50000 -7.32500 37.14500 0.10508 -13
1.47117 0.06481 11.95714 0 -2.02500 -43.90000 6.73142 0.17929 13
-0.36615 -0.02427 76.90767 0 0.75000 10.15000 72.22157 0.10727 -13
-0.45480 0.00133 8.57109 0 0.02500 14.92500 7.80209 0.11064 -13
-1.03260 0.13177 37.19050 0 -3.95000 30.62500 25.98818 0.14535 -13
-1.05982 -0.26778 37.19050 0 8.10000 31.45000 25.98818 0.14922 -13
-0.07543 0.06809 8.18040 0 -2.12500 2.77500 8.15735 0.10124 13
1.67099 -0.19674 68.58335 0 5.92500 -51.22500 35.71282 0.19708 13
-0.37797 0.00965 23.28399 0 -0.27500 12.37500 21.78014 0.10766 -13
-0.88225 -0.19774 57.63146 0 5.95000 28.17500 43.57725 0.13575 13
0.60253 -0.02193 98.38546 0 0.67500 -19.00000 84.27613 0.11759 -13
0.49344 -0.20310 17.81695 0 6.15000 -14.72500 16.03987 0.11417 -13
0.85534 -0.20513 11.47016 0 6.25000 -25.65000 8.79218 0.13417 -13
-1.14448 -0.16199 57.75515 0 4.90000 34.65000 38.27953 0.15393 -13
0.20339 -0.23723 67.74460 0 7.15000 -6.75000 66.45580 0.10550 13
1.14461 -0.07166 12.34800 0 2.10000 -31.47500 8.13669 0.15320 13
1.27428 -0.00017 93.54135 0 -0.00000 -37.40000 57.74791 0.16312 13
