0.31435 -0.17270 88.02587 0 5.22500 -9.17500 84.08418 0.10699 -13
-0.09363 -0.14824 92.59179 0 4.47500 1.50000 92.19720 0.10224 13
0.09931 0.06269 23.84540 0 -1.90000 -3.92500 23.72913 0.10140 13
-0.36317 -0.07178 88.66209 0 2.15000 14.25000 83.36151 0.10738 13
-0.46166 0.07841 72.66086 0 -2.37500 14.20000 66.00526 0.11120 13
1.16157 -0.00162 1.48513 0 0.57500 -32.80000 0.96971 0.15466 -13
0.74272 0.07488 66.00121 0 -2.27500 -20.85000 53.03758 0.12567 13
1.00388 -0.17277 22.05747 0 5.25000 -30.12500 15.68143 0.14378 -13
-0.72938 -0.08969 11.52594 0 2.65000 21.55000 9.32527 0.12496 13
0.79438 -0.18106 85.51834 0 5.47500 -21.82500 67.37648 0.12990 -13
0.88969 -0.14053 5.07950 0 4.37500 -25.90000 3.81123 0.13564 -13
0.96706 -0.07480 93.94054 0 2.25000 -28.80000 67.62016 0.14028 13
-0.25416 0.03595 69.94218 0 -1.10000 9.40000 67.78974 0.10397 13
0.02467 0.12994 86.34654 0 -3.92500 0.05000 86.32071 0.10158 13
0.02534 -0.26977 86.34654 0 8.12500 0.02500 86.32071 0.10433 13
-0.54073 -0.14915 51.36611 0 4.50000 15.22500 45.29513 0.11546 13
-1.30951 0.01851 91.43456 0 -0.57500 39.15000 55.49941 0.16594 13
0.37181 -0.08325 99.15326 0 2.50000 -12.10000 92.97592 0.10776 13
0.09061 0.11517 93.06814 0 -3.47500 -3.15000 92.69336 0.10178 13
-0.49506 -0.17953 40.73112 0 5.42500 16.00000 36.61564 0.11382 -13
0.31661 -0.11322 26.05399 0 3.42500 -9.52500 24.85311 0.10625 -13
-0.09675 0.01245 70.00879 0 -0.37500 3.55000 69.68344 0.10118 13
-0.35918 -0.07766 55.42893 0 2.32500 10.97500 52.18373 0.10728 13
-0.02064 0.13567 62.46030 0 -4.10000 0.92500 62.44722 0.10165 13
-0.02116 -0.26373 62.46030 0 7.95000 0.95000 62.44722 0.10416 13
-0.86410 -0.04955 91.98740 0 1.50000 27.17500 69.63866 0.13319 -13
-0.10151 -0.21607 44.67442 0 6.50000 4.05000 44.45609 0.10353 13
0.10033 -0.19310 47.40005 0 5.82500 -2.27500 47.17171 0.10305 13
-1.65360 -0.23266 26.04101 0 6.97500 48.55000 13.73664 0.19596 13
-0.70145 -0.12760 47.69070 0 3.82500 20.50000 39.14672 0.12367 13
1.81816 -0.12221 12.67777 0 3.60000 -51.70000 6.14478 0.20925 13
0.26126 0.02227 25.87287 0 -0.65000 -7.47500 25.03302 0.10411 -13
-0.46534 -0.06694 6.29004 0 2.10000 13.62500 5.70501 0.11132 -13
-0.72672 0.04769 51.12440 0 -1.45000 22.65000 41.37329 0.12458 13
-1.94528 -0.19227 50.95516 0 5.82500 56.20000 23.63144 0.22115 -13
0.03099 0.11283 58.43930 0 -3.40000 -2.87500 58.41162 0.10139 -13
0.20891 0.13705 34.51460 0 -4.12500 -6.92500 33.79828 0.10379 -13
0.21396 -0.26223 34.51460 0 7.92500 -7.10000 33.79828 0.10633 -13
0.18328 -0.01849 99.60082 0 0.55000 -4.75000 97.96953 0.10240 13
-0.28073 0.11111 1.54968 0 -3.67500 9.02500 1.49288 0.10556 13
-0.29050 -0.29029 1.54968 0 8.40000 9.27500 1.49288 0.10876 13
0.29643 0.01182 83.85255 0 -0.35000 -8.27500 80.39505 0.10504 -13
1.60101 0.13594 73.69666 0 -4.07500 -49.17500 39.29855 0.19058 -13
1.64054 -0.26341 73.69666 0 7.95000 -50.37500 39.29855 0.19532 -13
-1.28043 -0.07405 64.49498 0 2.22500 39.27500 39.76477 0.16377 13
-1.69691 -0.08134 83.13256 0 2.45000 50.90000 42.31023 0.19852 13
0.37870 0.07267 88.62192 0 -2.20000 -11.87500 82.90534 0.10793 13
0.15178 -0.12296 57.89591 0 3.72500 -3.92500 57.25016 0.10261 -13
1.04087 0.13354 35.12786 0 -4.00000 -31.95000 24.44816 0.14596 -13
1.06750 -0.26591 35.12786 0 8.05000 -32.75000 24.44816 0.14975 -13
0.74368 -0.15004 28.66137 0 4.55000 -23.82500 23.08941 0.12642 -13
1.72428 -0.16143 56.09694 0 4.85000 -51.12500 28.41452 0.20137 13
0.62816 -0.11838 68.50067 0 3.57500 -19.45000 58.11988 0.11952 -13
-0.38672 -0.22131 32.21007 0 6.65000 12.20000 30.13380 0.11023 13
-0.61061 -0.13310 45.06275 0 4.00000 20.17500 38.55127 0.11874 13
-1.94228 -0.21300 13.39035 0 6.35000 57.87500 6.23731 0.22093 13
-1.60401 -0.16641 14.66776 0 4.95000 49.05000 7.83596 0.19103 13
1.97185 -0.21305 44.31126 0 6.40000 -62.35000 20.39714 0.22363 13
0.90425 0.09589 94.94137 0 -2.90000 -24.82500 70.56539 0.13611 13
0.23491 0.11504 22.49495 0 -3.45000 -7.80000 21.90630 0.10408 -13
-0.84694 0.12723 63.55183 0 -3.85000 22.25000 48.65799 0.13259 13
-0.87084 -0.27264 63.55183 0 8.22500 22.97500 48.65799 0.13631 13
-0.10629 -0.02995 30.67385 0 0.92500 6.60000 30.50212 0.10132 -13
0.96359 0.11748 27.09441 0 -3.52500 -27.70000 19.57480 0.14033 -13
-0.64424 0.11675 2.29199 0 -3.77500 22.60000 1.93069 0.12061 13
-0.66563 -0.28479 2.29199 0 8.30000 23.15000 1.93069 0.12413 13
-0.26991 -0.18378 92.14642 0 5.55000 7.75000 89.06179 0.10593 13
1.01145 0.13930 3.27937 0 -3.97500 -29.37500 2.31674 0.14386 -13
1.03491 -0.25916 3.27937 0 8.07500 -30.17500 2.31674 0.14764 -13
0.12136 0.04093 13.74334 0 -1.27500 -4.05000 13.64347 0.10153 13
-0.24475 -0.21557 30.62963 0 6.47500 9.05000 29.78893 0.10591 13
-0.10286 -0.24089 7.14626 0 7.35000 4.20000 7.11082 0.10417 -13
0.65158 -0.15826 7.53086 0 4.70000 -19.20000 6.33310 0.12121 13
-0.74360 0.10388 56.80155 0 -3.15000 22.72500 45.66751 0.12593 13
-0.79645 0.06751 31.18065 0 -2.05000 23.67500 24.41159 0.12893 13
0.17051 -0.12670 58.89296 0 3.82500 -6.05000 58.06806 0.10295 -13
-0.66299 0.06649 92.03796 0 -2.02500 18.07500 76.76168 0.12101 13
-0.06178 -0.23772 95.12143 0 7.17500 0.47500 94.95012 0.10370 -13
-0.82155 -0.20827 61.81560 0 6.27500 23.32500 48.16889 0.13200 13
0.45728 0.12706 12.33342 0 -3.87500 -15.32500 11.23167 0.11150 13
0.47010 -0.27290 12.33342 0 8.17500 -15.70000 11.23167 0.11459 13
-0.00519 0.07737 35.15319 0 -2.35000 1.87500 35.15273 0.10101 13
-0.47768 -0.23809 16.17966 0 7.22500 15.10000 14.67264 0.11419 -13
0.21562 -0.08404 96.16681 0 2.55000 -3.52500 94.02094 0.10337 -13
0.42110 -0.24063 90.45060 0 7.27500 -9.52500 83.70662 0.11193 -13
1.29069 -0.12742 95.28962 0 3.82500 -39.57500 58.65449 0.16492 13
0.16834 0.02377 7.53478 0 -0.77500 -3.92500 7.43024 0.10216 13
0.21809 -0.15674 44.29456 0 4.72500 -7.30000 43.30088 0.10427 13
-0.11840 0.07910 51.18853 0 -2.40000 3.62500 50.83566 0.10172 13
0.79432 0.00597 35.18590 0 -0.17500 -21.42500 27.55196 0.12861 -13
-1.16413 -0.17511 24.37506 0 5.32500 37.05000 16.02049 0.15558 -13
-0.50748 -0.23089 2.07077 0 6.67500 13.82500 1.85641 0.11520 13
1.58132 -0.15655 51.45557 0 4.70000 -45.90000 27.73940 0.18906 13
-0.97295 -0.15789 54.80132 0 4.77500 28.45000 39.51248 0.14141 -13
-1.53545 -0.10273 33.92767 0 3.07500 46.02500 18.58402 0.18480 13
0.64671 -0.18488 22.41565 0 5.60000 -19.30000 18.91466 0.12139 -13
0.04888 -0.24416 21.21560 0 7.35000 -1.12500 21.19171 0.10376 13
-0.39780 -0.01679 21.05489 0 0.52500 10.42500 19.56416 0.10839 -13
-0.05914 -0.07041 76.18459 0 2.12500 1.52500 76.05240 0.10113 13
-0.38246 0.01561 76.66715 0 -0.47500 10.70000 71.60962 0.10783 13
-0.93703 0.02378 65.99593 0 -0.72500 27.70000 48.16418 0.13803 13
0.16198 -0.01932 69.97112 0 0.60000 -5.37500 69.07120 0.10203 -13
0.14241 -0.15716 51.96165 0 4.75000 -5.57500 51.45493 0.10295 -13
-0.82671 0.03315 58.64419 0 -1.00000 22.75000 45.20860 0.13070 -13
-1.45529 -0.07417 95.88389 0 2.22500 43.40000 54.40231 0.17797 13
0.36315 -0.11067 7.28223 0 3.27500 -13.00000 6.84985 0.10764 13
0.36317 -0.11067 7.28223 0 3.27500 -13.00000 6.84985 0.10770 13
-0.37367 -0.00529 26.52820 0 0.17500 11.60000 24.85006 0.10751 -13
-0.84810 -0.23099 40.21055 0 6.95000 22.77500 30.99700 0.13406 13
1.04539 -0.06292 13.63781 0 1.95000 -32.67500 9.43680 0.14585 -13
-0.30229 -0.09269 13.07717 0 2.75000 9.20000 12.52191 0.10561 13
-2.00309 -0.04505 24.67704 0 1.32500 61.62500 11.03132 0.22549 13
-1.56634 -0.04942 42.57483 0 1.47500 48.17500 22.93007 0.18720 13
-0.70487 -0.06185 15.13849 0 1.82500 20.47500 12.38173 0.12335 13
-0.12119 -0.05814 72.24826 0 1.75000 2.67500 71.72527 0.10161 -13
0.63798 -0.00693 9.35775 0 0.27500 -17.90000 7.88922 0.11946 -13
0.61399 0.06063 10.68414 0 -1.87500 -19.60000 9.10940 0.11835 13
-0.61474 0.02042 34.93767 0 -0.60000 18.12500 29.76494 0.11822 -13
-0.78578 0.05821 5.04218 0 -1.87500 24.05000 3.96714 0.12827 13
-0.21881 -0.20761 63.63783 0 6.25000 2.90000 62.22557 0.10518 13
-0.51767 -0.08157 31.88203 0 2.47500 16.40000 28.33308 0.11370 -13
0.53495 -0.04222 94.28492 0 1.27500 -14.47500 83.15311 0.11428 13
-1.32608 -0.24552 32.04115 0 7.42500 40.35000 19.65116 0.16911 -13
-2.02310 -0.03171 75.18135 0 0.95000 59.80000 33.32713 0.22728 13
0.38285 0.14267 59.57806 0 -4.32500 -13.67500 55.71085 0.10879 13
0.39127 -0.25642 59.57806 0 7.72500 -13.92500 55.71085 0.11117 13
-0.30409 -0.02980 45.97636 0 0.90000 8.62500 43.98916 0.10529 13
0.96949 0.03492 47.78296 0 -1.05000 -28.42500 34.31631 0.14031 -13
0.15944 -0.09493 44.15455 0 2.85000 -4.00000 43.60864 0.10242 13
-0.04090 -0.07359 29.99826 0 2.22500 0.52500 29.97332 0.10106 -13
1.15211 -0.07546 1.09538 0 2.97500 -34.37500 0.71890 0.15491 -13
-0.95095 0.03949 36.34036 0 -1.20000 27.25000 26.34399 0.13903 13
-0.16929 -0.03407 63.31837 0 1.02500 7.17500 62.43113 0.10219 13
0.17375 -0.12838 39.86696 0 3.87500 -5.45000 39.28781 0.10303 -13
1.75122 -0.15104 1.91288 0 4.05000 -54.20000 0.95690 0.20345 13
-1.29548 -0.05059 96.09754 0 1.52500 40.07500 58.76656 0.16489 13
0.15935 -0.08730 90.89344 0 2.65000 -4.35000 89.76941 0.10235 -13
0.06055 -0.09089 37.63780 0 2.75000 -2.42500 37.56957 0.10131 -13
0.62483 -0.13625 41.85074 0 4.12500 -19.55000 35.58332 0.11954 -13
1.75536 0.10322 16.18196 0 -3.17500 -53.72500 8.04161 0.20376 13
0.47112 0.09649 35.95953 0 -2.90000 -15.12500 32.55758 0.11174 -13
-0.27349 0.03468 91.93347 0 -1.05000 7.72500 88.68077 0.10446 13
0.27239 0.09493 18.94959 0 -2.90000 -8.30000 18.28912 0.10482 13
1.20039 -0.04248 43.30331 0 1.27500 -39.30000 27.73180 0.15739 13
0.38380 -0.18608 11.47208 0 5.65000 -14.85000 10.73321 0.10952 -13
-0.68425 0.04409 59.09129 0 -1.32500 20.50000 48.78260 0.12210 -13
0.10993 0.06125 20.38153 0 -1.87500 -3.32500 20.25996 0.10150 13
0.09867 -0.19581 35.79721 0 5.90000 -2.60000 35.63054 0.10308 13
0.42985 -0.00149 88.12921 0 0.05000 -13.47500 80.96609 0.10961 -13
-0.34913 0.07669 38.04232 0 -2.30000 11.07500 35.92782 0.10694 -13
-1.16247 -0.19646 24.91225 0 5.95000 35.20000 16.42286 0.15571 -13
-1.87852 -0.10542 21.55167 0 3.22500 55.90000 10.17054 0.21461 -13
-0.41145 -0.14508 95.26336 0 4.37500 13.35000 88.22957 0.10987 -13
0.34591 -0.12495 69.77086 0 3.77500 -8.57500 65.99182 0.10729 13
-0.40997 -0.23022 4.54536 0 6.82500 12.70000 4.22083 0.11122 13
0.58890 0.10269 73.31619 0 -3.10000 -18.97500 63.26056 0.11732 -13
-0.07249 -0.11403 43.66593 0 3.42500 0.97500 43.55311 0.10162 13
-1.09285 0.00493 68.37015 0 -0.15000 32.62500 46.15507 0.14918 13
-0.01533 0.02851 15.21456 0 -0.82500 -0.27500 15.21278 0.10076 -13
-0.19047 -0.04653 20.97729 0 1.42500 7.27500 20.60756 0.10263 -13
-0.39091 0.09850 95.70841 0 -2.97500 12.40000 89.19663 0.10858 -13
-1.07036 -0.19613 17.45736 0 5.95000 31.45000 12.03788 0.14886 -13
0.87047 -0.13941 65.50698 0 4.20000 -26.40000 49.61415 0.13424 13
-0.96271 0.12885 55.46575 0 -3.90000 29.15000 40.11615 0.14039 13
-0.98923 -0.27097 55.46575 0 8.15000 29.95000 40.11615 0.14424 13
-0.19212 -0.11276 77.95477 0 3.40000 3.27500 76.57178 0.10317 13
0.68494 -0.20207 98.19622 0 6.10000 -21.25000 81.52692 0.12375 -13
0.67445 0.12205 18.62998 0 -3.65000 -21.55000 15.48116 0.12208 -13
0.69486 -0.27802 18.62998 0 8.42500 -22.17500 15.48116 0.12583 -13
-2.15494 -0.19361 40.31764 0 5.80000 62.75000 17.22879 0.23999 13
-1.73498 -0.02085 27.53194 0 0.67500 53.55000 13.75084 0.20168 -13
-1.05568 0.07325 83.37383 0 -2.22500 30.65000 57.41716 0.14662 13
1.49874 0.06518 39.90330 0 -1.95000 -46.32500 22.17966 0.18155 -13
0.02545 0.11584 42.54465 0 -3.50000 -0.57500 42.53106 0.10141 13
1.30888 0.14193 28.46391 0 -4.30000 -37.95000 17.38922 0.16651 13
1.33806 -0.25716 28.46391 0 7.72500 -38.82500 17.38922 0.17017 13
-0.06030 -0.09346 15.95081 0 2.85000 1.75000 15.92210 0.10133 -13
0.18921 -0.19140 17.66367 0 5.75000 -6.22500 17.36640 0.10427 13
-0.89478 0.11631 46.98090 0 -3.52500 26.07500 35.11598 0.13564 13
-0.08565 -0.05075 59.93963 0 1.55000 2.90000 59.72152 0.10121 -13
-0.36783 -0.00324 96.74178 0 0.10000 11.65000 90.79482 0.10730 -13
2.01779 0.13769 15.75191 0 -4.07500 -61.87500 7.04750 0.22714 -13
2.06616 -0.26144 15.75191 0 7.97500 -63.37500 7.04750 0.23280 -13
-0.32971 0.11465 34.13488 0 -3.47500 9.82500 32.43902 0.10667 13
1.16291 -0.24512 23.12919 0 7.35000 -35.82500 15.33238 0.15637 13
-0.93509 0.04539 41.75442 0 -1.35000 29.35000 30.51281 0.13794 -13
-0.00629 0.07011 88.42151 0 -2.12500 -0.65000 88.41977 0.10095 13
-0.73729 -0.22816 52.90093 0 6.87500 20.15000 42.95481 0.12720 13
0.47634 -0.21147 23.82913 0 6.35000 -13.77500 21.59853 0.11354 13
-1.02874 0.02506 28.97143 0 -0.72500 32.77500 20.19736 0.14449 -13
1.39329 -0.16047 50.88994 0 4.82500 -40.70000 29.92261 0.17344 13
0.38940 0.02176 8.03508 0 -0.60000 -14.10000 7.48756 0.10810 -13
1.29298 -0.23615 32.34327 0 7.10000 -38.95000 20.12246 0.16628 13
0.04680 -0.15800 16.00895 0 4.80000 -2.42500 15.99186 0.10208 -13
1.63901 0.14879 96.97944 0 -4.47500 -53.80000 50.91292 0.19392 -13
1.67106 -0.25000 96.97944 0 7.55000 -54.77500 50.91292 0.19774 -13
1.98158 0.05874 11.81032 0 -1.87500 -59.70000 5.32814 0.22365 13
-0.40933 0.10555 30.32871 0 -3.17500 14.52500 28.09056 0.10933 -13
-0.20700 0.04678 91.49669 0 -1.40000 6.12500 89.60128 0.10294 -13
1.13661 -0.03781 12.71470 0 1.07500 -33.75000 8.40250 0.15249 13
0.34462 -0.18885 84.49611 0 5.70000 -9.95000 80.03176 0.10820 13
0.27421 -0.02666 62.85148 0 0.80000 -8.67500 60.61548 0.10445 13
0.11089 -0.15783 87.46125 0 4.77500 -3.47500 86.94125 0.10257 -13
-1.13358 0.11824 16.26152 0 -3.60000 36.15000 10.79944 0.15272 13
-1.16978 -0.28224 16.26152 0 8.47500 37.22500 10.79944 0.15750 13
-0.87365 0.13301 71.35717 0 -4.02500 24.67500 53.94146 0.13440 13
-0.89626 -0.26654 71.35717 0 8.02500 25.35000 53.94146 0.13786 13
0.82875 -0.09308 9.33323 0 2.87500 -26.42500 7.19830 0.13117 -13
0.98470 -0.17058 38.85322 0 5.15000 -30.50000 27.87909 0.14238 -13
-0.49512 -0.20818 90.54086 0 6.27500 17.70000 81.47346 0.11430 13
-0.26690 0.00141 36.13484 0 -0.02500 6.42500 34.91278 0.10423 -13
0.93084 0.12824 12.51166 0 -3.82500 -28.20000 9.19294 0.13815 -13
0.95665 -0.27140 12.51166 0 8.25000 -29.00000 9.19294 0.14209 -13
0.24195 -0.09020 61.27865 0 2.72500 -8.95000 59.57349 0.10401 13
0.67941 -0.05555 80.54703 0 1.67500 -21.37500 66.65725 0.12188 -13
-1.44481 0.00361 84.75442 0 -0.10000 42.67500 48.23527 0.17694 -13
0.23655 0.00582 19.26161 0 -0.15000 -4.27500 18.74439 0.10348 -13
-1.24626 -0.02552 91.98948 0 0.75000 36.75000 57.58156 0.16093 13
-1.73901 0.06988 28.80130 0 -2.07500 49.82500 14.38436 0.20211 -13
-0.56666 0.02932 36.57613 0 -0.90000 19.32500 31.82544 0.11579 13
-1.84898 -0.01498 97.19525 0 0.45000 57.30000 46.24200 0.21169 13
1.14481 -0.06045 8.76960 0 1.90000 -35.45000 5.77486 0.15324 -13
-2.10143 -0.09704 72.33510 0 2.95000 62.70000 31.20096 0.23457 -13
1.63922 -0.11846 19.42157 0 3.62500 -49.50000 10.16620 0.19377 -13
-1.79050 0.00095 37.94341 0 -0.05000 54.60000 18.50138 0.20653 13
1.12828 -0.20108 83.25986 0 6.07500 -32.22500 55.83583 0.15318 -13
0.06367 -0.12505 13.74652 0 3.72500 0.17500 13.71918 0.10168 13
-0.65043 0.11466 23.27007 0 -3.47500 19.75000 19.54475 0.12069 13
1.28843 0.04806 23.28418 0 -1.47500 -42.72500 14.28656 0.16433 13
0.61299 0.09589 64.70518 0 -2.90000 -16.97500 55.23437 0.11852 13
0.65280 -0.21422 32.34762 0 6.45000 -17.17500 27.26681 0.12217 13
1.65470 -0.21498 28.95024 0 6.45000 -49.40000 15.22223 0.19585 13
0.68844 -0.07736 16.77291 0 2.30000 -23.67500 13.82968 0.12249 13
-0.98927 0.07130 39.11122 0 -2.12500 31.32500 27.83921 0.14183 -13
0.29604 -0.17769 68.48662 0 5.35000 -8.87500 65.75034 0.10653 13
1.47502 -0.20437 76.12167 0 6.15000 -43.87500 43.31403 0.18063 13
-0.96667 -0.16069 40.25929 0 4.87500 28.00000 29.12365 0.14101 -13
-0.32839 0.10254 23.60624 0 -3.12500 10.10000 22.43944 0.10650 13
-0.42612 0.06742 87.63040 0 -2.05000 12.62500 80.64451 0.10968 13
-0.21373 -0.11844 12.80993 0 3.60000 7.92500 12.53088 0.10368 -13
-0.71229 -0.14901 72.70483 0 4.50000 19.42500 59.43546 0.12455 -13
-0.11813 -0.00270 58.06268 0 0.07500 3.02500 57.66171 0.10140 13
0.34608 0.13409 31.10314 0 -4.05000 -8.92500 29.42069 0.10742 13
0.35492 -0.26542 31.10314 0 8.00000 -9.17500 29.42069 0.11013 13
-0.20759 0.08415 4.89878 0 -2.65000 6.32500 4.79729 0.10325 13
2.08754 0.07237 48.54211 0 -2.15000 -62.80000 21.01576 0.23321 -13
1.43290 -0.06959 84.41984 0 2.10000 -43.15000 48.39197 0.17609 13
-0.66969 -0.14668 64.39579 0 4.42500 20.45000 53.68088 0.12210 -13
-0.74792 -0.03007 81.97099 0 0.90000 22.12500 65.65288 0.12579 13
0.76769 0.11502 73.89369 0 -3.47500 -23.05000 58.75549 0.12749 13
-0.16643 -0.22210 50.45212 0 6.70000 5.10000 49.79927 0.10452 -13
-0.50213 -0.22113 80.12331 0 6.67500 16.25000 71.94186 0.11487 -13
0.64538 0.06719 45.88566 0 -2.02500 -20.82500 38.57978 0.12004 -13
0.82661 -0.63346 45.88566 0 -1.92500 -20.95000 38.57978 0.12068 -13
0.16043 1.63398 45.88566 0 -1.10000 -20.87500 38.57978 0.12446 -13
1.06836 0.38378 45.88566 0 -2.10000 -21.30000 38.57978 0.13434 -13
-0.69518 -0.19554 41.19297 0 5.90000 18.42500 34.02781 0.12423 -13
0.53252 -0.23907 51.59467 0 7.22500 -18.05000 45.81452 0.11662 -13
0.24267 -0.09661 34.56139 0 2.92500 -7.82500 33.59527 0.10409 -13
-0.19422 -0.00049 7.61025 0 0.07500 5.52500 7.47061 0.10260 -13
-0.46633 -0.03831 72.54914 0 1.17500 14.90000 65.75985 0.11118 -13
-0.93676 -0.14042 51.38104 0 4.22500 27.72500 37.66855 0.13870 13
1.60640 -0.09218 40.47129 0 2.75000 -49.75000 21.45298 0.19077 13
0.83520 -0.19730 20.83413 0 5.92500 -25.37500 16.11547 0.13267 13
-1.35861 -0.12130 87.27140 0 3.65000 42.25000 51.97754 0.17032 13
-1.43983 -0.15756 49.11890 0 4.77500 41.70000 28.25095 0.17726 -13
1.15050 0.04042 73.87580 0 -1.20000 -34.40000 48.48605 0.15356 -13
-1.77005 -0.02341 79.78114 0 0.72500 52.82500 39.25130 0.20474 -13
-2.10755 -0.04529 39.29294 0 1.40000 62.95000 16.85736 0.23498 -13
-0.25493 -0.22424 21.12658 0 6.75000 7.32500 20.50179 0.10633 13
0.53664 0.01156 89.08345 0 -0.35000 -15.42500 78.49597 0.11430 13
0.35786 -0.07567 26.79916 0 2.30000 -11.55000 25.24017 0.10723 -13
1.15540 -0.22969 64.53246 0 6.92500 -35.82500 42.84905 0.15560 13
1.56756 0.04039 95.72492 0 -1.22500 -49.10000 51.51263 0.18729 13
-0.56078 -0.19091 68.08523 0 5.75000 17.70000 59.63654 0.11704 13
0.84572 -0.09042 80.77618 0 2.72500 -26.70000 61.78140 0.13221 -13
0.65860 0.03937 17.16370 0 -1.22500 -21.95000 14.33765 0.12065 13
1.38285 -0.21744 44.93963 0 6.57500 -39.95000 26.72966 0.17330 -13
1.53686 -0.08602 6.78437 0 2.72500 -44.10000 3.70952 0.18495 -13
1.03013 0.07111 93.99569 0 -2.15000 -29.72500 65.55608 0.14475 -13
-0.89513 -0.23527 89.08639 0 7.10000 27.55000 67.16653 0.13722 -13
-1.35890 0.10815 53.62521 0 -3.25000 39.05000 31.90324 0.17025 -13
-1.84069 0.12258 43.57739 0 -3.72500 56.05000 20.92232 0.21133 13
-1.89607 -0.27754 43.57739 0 8.35000 57.70000 20.92232 0.21763 13
-0.00345 0.01354 13.24140 0 -0.37500 1.67500 13.24132 0.10071 -13
0.24174 -0.12646 22.96640 0 3.80000 -8.62500 22.33319 0.10438 13
-0.74871 -0.14868 23.30542 0 4.45000 22.52500 18.72915 0.12667 13
0.65916 -0.15494 68.35213 0 4.67500 -17.97500 57.27321 0.12161 13
0.38796 -0.16281 63.14968 0 4.92500 -10.22500 58.97355 0.10926 -13
-0.61260 -0.09707 20.87748 0 2.95000 17.60000 17.82513 0.11851 -13
-0.74643 -0.02214 45.86864 0 0.65000 21.15000 36.76123 0.12568 13
0.76983 0.13244 44.76454 0 -3.97500 -22.47500 35.58575 0.12777 -13
0.78989 -0.26710 44.76454 0 8.07500 -23.10000 35.58575 0.13113 -13
-0.60015 0.13626 22.43834 0 -4.12500 17.80000 19.28592 0.11826 13
-0.61485 -0.26315 22.43834 0 7.90000 18.22500 19.28592 0.12113 13
-1.15589 0.14257 10.05267 0 -4.22500 36.00000 6.61568 0.15453 -13
-1.18158 -0.25630 10.05267 0 7.80000 36.80000 6.61568 0.15809 -13
0.10661 -0.17869 33.44638 0 5.40000 -2.22500 33.26373 0.10287 -13
1.75274 0.14498 21.29940 0 -4.32500 -52.72500 10.63913 0.20366 -13
1.78929 -0.25389 21.29940 0 7.70000 -53.87500 10.63913 0.20808 -13
-0.16589 -0.08104 56.68530 0 2.42500 2.40000 55.92594 0.10241 13
0.11913 0.02119 95.04164 0 -0.62500 -5.52500 94.37454 0.10144 -13
-0.88588 -0.13962 15.18376 0 4.25000 24.72500 11.41349 0.13530 -13
-0.67204 -0.09359 93.33864 0 2.82500 23.12500 77.57435 0.12170 13
0.56644 -0.09155 93.82573 0 2.75000 -16.22500 81.72110 0.11610 13
0.84587 -0.09202 88.94342 0 2.77500 -25.90000 68.02703 0.13223 -13
-1.37484 -0.13157 31.59117 0 3.95000 39.30000 18.68709 0.17169 13
-0.96413 0.00050 83.57889 0 -0.02500 27.27500 60.16837 0.13988 13
-0.02701 -0.06399 19.20711 0 1.90000 -2.12500 19.20014 0.10095 13
-0.88029 0.07547 17.67398 0 -2.25000 26.15000 13.28272 0.13437 -13
0.27512 -0.09165 13.85982 0 2.72500 -9.37500 13.36729 0.10484 13
-0.00579 0.13179 32.12195 0 -3.95000 -0.40000 32.12142 0.10157 -13
-0.00596 -0.26778 32.12195 0 8.10000 -0.40000 32.12142 0.10426 -13
1.09498 0.00042 80.67643 0 -0.00000 -33.92500 54.40458 0.14933 -13
-0.11697 0.02390 81.06925 0 -0.72500 4.90000 80.52052 0.10142 -13
-0.50272 -0.20602 64.56813 0 6.20000 15.32500 57.92670 0.11461 13
-1.07928 0.10607 33.56760 0 -3.22500 31.87500 22.88234 0.14857 13
1.22083 -0.23829 80.30962 0 7.17500 -37.35000 51.72831 0.16071 13
0.16589 -0.00764 16.82742 0 0.20000 -3.77500 16.60061 0.10209 13
1.43401 -0.24500 86.84022 0 7.37500 -44.15000 50.64638 0.17776 13
0.78055 -0.24684 9.18498 0 7.37500 -24.95000 7.32092 0.13008 13
-1.71038 -0.05485 16.18527 0 1.72500 51.47500 8.17647 0.19967 -13
-0.89561 -0.20487 7.08958 0 6.07500 26.92500 5.32889 0.13669 13
0.01128 0.11872 97.48864 0 -3.57500 -4.12500 97.48254 0.10142 13
0.01163 -0.28165 97.48864 0 8.50000 -4.15000 97.48254 0.10463 13
0.33358 0.01060 53.19580 0 -0.30000 -10.82500 50.46233 0.10616 -13
0.28356 -0.17397 57.28851 0 5.25000 -9.22500 55.17604 0.10613 13
-1.31878 -0.11383 52.21886 0 3.45000 39.77500 31.68052 0.16707 -13
-1.20097 0.11722 23.37571 0 -3.50000 36.37500 15.01776 0.15781 -13
1.18651 -0.23060 89.83230 0 6.95000 -39.60000 58.76708 0.15797 13
1.76499 -0.04431 58.22390 0 1.32500 -53.22500 28.72295 0.20433 13
0.41406 0.10264 23.25974 0 -3.07500 -10.95000 21.50679 0.10947 -13
0.47302 -0.03507 4.12754 0 1.20000 -12.05000 3.73176 0.11151 -13
2.00853 0.10864 24.46829 0 -3.22500 -60.77500 10.95699 0.22617 -13
0.37452 0.14196 85.48334 0 -4.27500 -10.37500 80.15095 0.10847 -13
0.38286 -0.25712 85.48334 0 7.75000 -10.62500 80.15095 0.11090 -13
0.17762 -0.15583 45.17662 0 4.70000 -4.57500 44.49657 0.10347 13
-1.63914 -0.20568 66.84741 0 6.22500 45.10000 35.34133 0.19449 -13
-1.56387 0.01279 78.04717 0 -0.40000 46.57500 42.04733 0.18693 13
-0.91285 0.11644 86.78535 0 -3.50000 28.72500 64.29124 0.13685 -13
0.48825 -0.24289 99.35049 0 7.32500 -14.10000 89.76031 0.11470 13
0.56011 -0.20667 34.68101 0 6.25000 -17.47500 30.40715 0.11730 -13
-0.54204 -0.24673 35.24426 0 7.42500 18.45000 31.18879 0.11720 13
-0.18404 -0.22856 70.97702 0 6.90000 3.07500 69.86171 0.10495 -13
-1.60483 -0.18423 98.85358 0 5.57500 46.60000 52.90776 0.19133 -13
0.13937 -0.06976 20.95827 0 2.07500 -4.40000 20.75861 0.10192 13
0.70096 0.05745 22.42072 0 -1.75000 -20.22500 18.36951 0.12312 13
-0.13134 0.10783 91.97423 0 -3.25000 4.97500 91.19996 0.10215 13
-1.76434 0.01612 10.54112 0 -0.40000 50.37500 5.19821 0.20424 -13
0.35929 -0.05941 60.49305 0 1.80000 -11.57500 56.94142 0.10717 -13
0.53110 0.04101 30.42085 0 -1.22500 -15.57500 26.87174 0.11410 -13
-0.68722 0.02795 51.61639 0 -0.82500 22.35000 42.54467 0.12222 -13
0.16031 0.09115 56.49723 0 -2.75000 -5.72500 55.79084 0.10240 13
0.60067 0.01814 95.96364 0 -0.55000 -17.55000 82.26722 0.11749 13
-1.82225 -0.05257 17.97905 0 1.52500 53.97500 8.65878 0.20937 13
-0.26241 -0.05954 81.94457 0 1.80000 6.52500 79.27001 0.10429 -13
0.26792 0.04177 35.93359 0 -1.27500 -7.55000 34.71151 0.10434 13
-0.45273 0.06905 87.68966 0 -2.10000 12.20000 79.91652 0.11077 13
-1.22982 0.06270 69.27680 0 -1.90000 36.17500 43.75737 0.15975 13
-0.80974 0.11686 4.70236 0 -3.40000 24.85000 3.66419 0.13008 -13
0.97406 -0.19854 45.18373 0 5.97500 -26.77500 32.66953 0.14198 13
0.91782 -0.03871 7.15787 0 1.07500 -29.80000 5.27521 0.13674 13
-0.42606 0.09682 98.14904 0 -2.92500 15.27500 90.35925 0.10990 13
-0.67241 0.05517 97.17250 0 -1.67500 21.07500 80.67615 0.12148 13
-0.70365 0.06933 29.86743 0 -2.10000 22.35000 24.44595 0.12334 13
-0.16067 -0.19728 39.86444 0 5.95000 3.75000 39.37812 0.10390 13
-0.15423 0.13931 68.38652 0 -4.20000 4.30000 67.60240 0.10286 13
-0.15784 -0.25992 68.38652 0 7.82500 4.40000 67.60240 0.10525 13
0.55766 0.02610 47.57429 0 -0.80000 -20.22500 41.55363 0.11533 13
-1.80514 -0.18637 73.98944 0 5.62500 52.47500 36.32277 0.20868 -13
1.64422 0.03277 96.70134 0 -1.00000 -49.55000 50.26859 0.19383 13
-1.59842 -0.03603 50.67606 0 1.10000 47.75000 26.88968 0.18991 -13
1.12003 -0.17238 97.57643 0 5.20000 -33.60000 65.51498 0.15219 13
-0.68377 0.01636 63.41052 0 -0.47500 19.92500 52.34627 0.12200 -13
0.76017 -0.07683 52.55396 0 2.32500 -23.35000 41.88343 0.12673 -13
0.51182 1.48192 52.55396 0 2.20000 -23.37500 41.88343 0.12695 -13
-4.32140 -3.40969 52.55396 0 2.75000 -24.72500 41.88343 0.14207 -13
-0.98202 -0.94440 52.55396 0 3.57500 -26.50000 41.88343 0.15401 -13
-0.83551 0.69000 52.55396 0 4.00000 -26.52500 41.88343 0.16069 -13
0.07414 -0.39002 52.55396 0 4.72500 -26.35000 41.88343 0.16839 -13
1.85755 -0.16275 83.03334 0 4.90000 -54.80000 39.75872 0.21306 13
-1.05857 -0.10987 6.97922 0 3.40000 35.12500 4.80752 0.14714 -13
-1.33970 -0.10742 2.53235 0 2.90000 41.25000 1.51980 0.16872 13
-0.28737 -0.03910 78.40449 0 1.17500 9.40000 75.35915 0.10485 13
-0.30208 -0.21929 5.31713 0 6.72500 8.52500 5.09972 0.10759 -13
-1.02250 0.01584 79.92366 0 -0.47500 28.40000 55.88588 0.14405 13
1.65853 -0.18123 11.75488 0 5.37500 -48.05000 6.14145 0.19580 13
0.75059 -0.06912 29.42938 0 2.07500 -23.27500 23.55724 0.12610 13
-0.96601 -0.17717 4.70433 0 5.50000 28.05000 3.40870 0.14130 -13
-0.17967 0.11053 54.82740 0 -3.32500 5.42500 53.97355 0.10292 -13
0.94865 -0.14573 84.13768 0 4.40000 -29.85000 61.34349 0.13958 13
-1.56744 -0.09550 98.40793 0 2.90000 45.02500 53.10049 0.18748 -13
-0.00606 -0.06743 46.87266 0 2.02500 0.85000 46.87180 0.10093 13
-0.15497 -0.03138 64.53813 0 0.95000 3.92500 63.77763 0.10196 13
-0.16026 0.05029 44.30056 0 -1.52500 3.15000 43.74378 0.10211 13
-0.95846 0.03934 52.82581 0 -1.17500 29.50000 38.15127 0.13954 -13
-0.68728 -0.19820 39.71959 0 6.00000 20.35000 32.93618 0.12382 -13
0.10553 -0.13224 76.99069 0 3.97500 0.85000 76.57274 0.10214 13
0.51772 0.03958 19.14676 0 -1.22500 -16.97500 17.00619 0.11347 13
1.56755 -0.18921 32.48789 0 5.67500 -49.80000 17.69018 0.18819 13
0.51219 -0.13591 34.36713 0 4.07500 -11.97500 30.64586 0.11396 13
-0.42649 0.13835 31.21025 0 -4.20000 14.37500 28.74972 0.11037 13
-0.43661 -0.26095 31.21025 0 7.85000 14.67500 28.74972 0.11297 13
-0.76733 -0.15096 45.04538 0 4.55000 22.60000 35.88534 0.12783 13
0.14943 0.11594 74.76223 0 -3.50000 -0.70000 73.95193 0.10249 -13
-1.04132 -0.15686 8.00828 0 4.82500 28.55000 5.58169 0.14634 -13
1.26946 -0.00051 65.58795 0 -0.00000 -36.25000 40.58623 0.16274 13
-0.37766 -0.01735 74.59533 0 0.52500 10.77500 69.78579 0.10766 13
0.24108 0.07389 13.63493 0 -2.20000 -7.90000 13.25725 0.10385 -13
0.72263 -0.05523 54.67467 0 1.67500 -20.87500 44.33789 0.12437 -13
-0.81212 -0.19701 69.09201 0 5.92500 25.15000 54.03585 0.13123 13
0.87396 0.01783 61.99583 0 -0.55000 -26.45000 46.68375 0.13375 13
1.21059 -0.11636 73.54566 0 3.52500 -36.82500 47.02594 0.15856 -13
0.17707 0.00060 36.66931 0 -0.00000 -4.02500 36.10764 0.10227 -13
1.51455 -0.18936 83.62236 0 5.70000 -40.92500 46.64038 0.18375 13
-0.85190 -0.22582 10.86816 0 6.87500 27.85000 8.35851 0.13431 -13
-1.71188 0.14692 87.22419 0 -4.42500 53.85000 44.34567 0.20019 -13
-1.74664 -0.25195 87.22419 0 7.60000 54.90000 44.34567 0.20428 -13
-1.04427 -0.02488 37.21505 0 0.72500 31.17500 25.74322 0.14562 13
-0.26832 -0.12056 27.36132 0 3.65000 6.67500 26.43932 0.10498 -13
0.16600 0.07582 68.57991 0 -2.30000 -4.47500 67.65930 0.10237 13
2.15824 -0.11438 80.47387 0 3.45000 -62.90000 34.01250 0.23979 13
1.51410 0.14006 82.22557 0 -4.22500 -46.27500 45.62109 0.18327 -13
1.54892 -0.25908 82.22557 0 7.82500 -47.35000 45.62109 0.18751 -13
-1.89031 0.02570 96.50032 0 -0.77500 57.90000 45.13617 0.21538 13
1.50303 0.00035 26.49842 0 -0.05000 -44.85000 14.67824 0.18180 13
-0.55101 0.08473 8.79219 0 -2.50000 17.40000 7.70677 0.11528 -13
0.35820 -0.19391 59.42795 0 5.85000 -12.60000 56.06269 0.10873 13
-0.79288 0.04006 99.40027 0 -1.22500 22.02500 77.91236 0.12858 13
-1.20239 0.06288 60.77814 0 -1.87500 36.70000 38.90847 0.15761 -13
1.81235 -0.08053 43.31281 0 2.45000 -53.87500 20.97631 0.20862 -13
1.70136 0.12293 90.43520 0 -3.72500 -47.90000 46.07859 0.19914 13
1.75232 -0.27721 90.43520 0 8.35000 -49.42500 46.07859 0.20507 13
-1.61608 -0.06991 57.14627 0 2.12500 47.80000 30.12336 0.19152 -13
-1.33025 -0.07367 76.81891 0 2.22500 40.15000 46.23904 0.16777 -13
0.04869 0.08463 76.77656 0 -2.55000 -0.57500 76.68634 0.10119 13
-1.93109 -0.03334 56.44409 0 1.02500 59.02500 25.96691 0.21902 -13
0.39044 -0.01781 9.15405 0 0.47500 -12.82500 8.52737 0.10812 13
-0.66791 0.00320 38.36373 0 -0.07500 20.75000 31.90244 0.12110 -13
-1.65200 -0.00936 62.52275 0 0.27500 51.10000 32.37789 0.19447 13
-0.50608 -0.03414 32.80927 0 1.02500 13.90000 29.27760 0.11292 13
-1.69232 -0.13455 94.06504 0 4.07500 53.82500 48.17273 0.19842 -13
0.45920 -0.05920 8.80989 0 1.72500 -13.05000 8.00871 0.11097 13
1.14025 -0.16223 28.43521 0 4.87500 -33.60000 18.88672 0.15358 13
-0.96082 -0.06128 25.15148 0 1.82500 30.32500 18.15272 0.13978 13
0.32890 -0.21240 89.33829 0 6.42500 -8.72500 85.04545 0.10815 -13
-0.80690 0.08564 8.51591 0 -2.50000 24.60000 6.63730 0.12966 -13
-0.74843 -0.07381 57.50816 0 2.22500 19.95000 46.08585 0.12601 -13
-0.64799 -0.05584 85.11150 0 1.67500 22.57500 71.45978 0.12012 13
0.04729 0.03420 68.29114 0 -1.05000 -2.10000 68.21501 0.10088 13
0.66790 0.12953 32.75201 0 -3.90000 -21.70000 27.30512 0.12179 -13
0.68605 -0.27010 32.75201 0 8.17500 -22.27500 27.30512 0.12514 -13
1.65358 0.03238 86.19568 0 -1.00000 -49.80000 44.62161 0.19464 13
-0.14120 0.03483 12.23941 0 -1.10000 3.22500 12.11935 0.10177 13
-0.38354 0.11064 10.02842 0 -3.40000 12.75000 9.37064 0.10845 13
-1.64870 0.14730 42.89491 0 -4.47500 51.17500 22.41956 0.19478 13
-1.68198 -0.25160 42.89491 0 7.57500 52.17500 22.41956 0.19865 13
-0.83823 -0.09190 59.99411 0 2.77500 25.92500 46.05820 0.13173 -13
0.26410 0.11827 52.31927 0 -3.57500 -6.55000 50.60766 0.10484 13
0.27251 -0.28214 52.31927 0 8.50000 -6.80000 50.60766 0.10806 13
-0.16099 -0.11221 65.41499 0 3.37500 5.00000 64.59366 0.10262 13
-1.55832 -0.17272 79.46619 0 5.22500 46.82500 43.36562 0.18728 -13
-0.44847 -0.09077 28.12675 0 2.75000 14.05000 25.68166 0.11075 -13
1.05040 0.04594 98.54494 0 -1.37500 -30.50000 67.98511 0.14612 -13
-0.12920 -0.07117 74.99263 0 2.15000 4.92500 74.37751 0.10179 -13
0.13721 -0.00143 93.46277 0 0.05000 -3.45000 92.59523 0.10165 -13
-0.30043 -0.02425 67.83897 0 0.75000 8.97500 64.97175 0.10518 -13
-0.39243 -0.00852 26.34352 0 0.22500 12.12500 24.52284 0.10818 13
-0.90677 -0.15457 40.51469 0 4.67500 26.92500 30.17260 0.13683 -13
0.99266 -0.11969 41.31875 0 3.62500 -31.27500 29.42699 0.14241 -13
0.66352 0.06872 8.49422 0 -2.00000 -17.30000 7.08297 0.12104 -13
-0.02953 -0.06178 26.35854 0 1.85000 0.87500 26.34708 0.10094 13
2.08876 -0.17349 67.26978 0 5.22500 -63.07500 29.39949 0.23384 13
0.56110 -0.08979 89.43358 0 2.70000 -16.02500 78.06947 0.11582 13
-1.92248 -0.09614 50.56687 0 2.87500 56.02500 23.42021 0.21843 13
0.22238 -0.02602 90.24055 0 0.80000 -7.35000 88.09000 0.10320 -13
-0.31074 0.08348 75.58399 0 -2.50000 6.92500 72.20161 0.10578 -13
-0.38174 -0.05461 25.14070 0 1.67500 14.52500 23.49193 0.10794 -13
-1.98551 -0.15602 91.35000 0 4.72500 62.72500 41.48532 0.22444 -13
-0.10683 -0.13305 51.61591 0 4.02500 2.10000 51.32896 0.10217 -13
-0.42002 0.09309 92.13360 0 -2.82500 9.07500 84.99958 0.10963 13
-0.05302 0.12034 67.54067 0 -3.62500 0.12500 67.44732 0.10157 -13
-0.05466 -0.27990 67.54067 0 8.45000 0.17500 67.44732 0.10473 -13
1.81433 0.05097 94.70656 0 -1.52500 -53.40000 45.76072 0.20869 -13
0.28370 -0.06646 73.88743 0 2.00000 -6.67500 71.09393 0.10489 -13
0.81543 -0.07876 64.66527 0 2.37500 -26.65000 50.17709 0.13019 -13
1.10691 -0.08349 93.17190 0 2.50000 -35.40000 62.57917 0.15045 13
-0.69175 -0.15995 73.40759 0 4.82500 21.02500 60.61609 0.12350 13
0.17057 0.13876 55.67871 0 -4.17500 -9.22500 54.90072 0.10311 -13
0.17458 -0.26049 55.67871 0 7.87500 -9.35000 54.90072 0.10555 -13
-0.89336 -0.12000 74.96823 0 3.60000 27.15000 56.08463 0.13557 13
-0.47362 -0.01412 76.69913 0 0.42500 13.87500 69.31875 0.11143 13
0.50437 -0.15194 21.20474 0 4.55000 -15.47500 18.97597 0.11381 13
0.60554 -0.21556 2.38658 0 6.75000 -15.45000 2.05376 0.12004 -13
-1.52653 -0.11452 46.12884 0 3.42500 43.70000 25.39264 0.18412 13
-0.31263 -0.01081 40.02802 0 0.35000 10.07500 38.20479 0.10552 -13
-0.09359 0.06420 95.46027 0 -1.95000 5.87500 95.04662 0.10134 13
0.81980 -0.24451 42.08179 0 7.35000 -25.95000 32.91926 0.13251 13
-0.87890 -0.16516 59.82020 0 4.97500 28.97500 45.19379 0.13509 13
0.87158 0.11674 14.67845 0 -3.47500 -23.95000 11.09713 0.13409 -13
