1.64714 -0.24053 95.94650 0 7.27500 -50.42500 50.81885 0.19556 -13
0.82514 -0.11609 94.06662 0 3.50000 -25.10000 72.75123 0.13108 13
-1.32546 -0.15108 18.85574 0 4.60000 40.65000 11.43940 0.16790 -13
0.28959 -0.04433 88.64155 0 1.35000 -10.60000 85.14962 0.10494 -13
-1.75636 -0.04647 72.25389 0 1.42500 53.77500 35.77937 0.20359 -13
-1.91730 -0.22677 62.13277 0 6.82500 55.77500 29.30219 0.21893 13
1.71923 0.00301 43.06281 0 -0.12500 -52.32500 21.65167 0.20029 13
0.98475 -0.21287 85.77672 0 6.40000 -31.02500 61.77973 0.14294 13
0.18821 -0.19830 71.84841 0 5.97500 -3.25000 70.65454 0.10439 13
0.72864 -0.22840 42.69241 0 6.87500 -22.27500 34.80523 0.12669 13
-0.55400 -0.24729 18.99364 0 7.50000 18.55000 16.72823 0.11782 -13
-0.26331 -0.14367 4.34172 0 4.20000 8.77500 4.20150 0.10510 13
-0.82353 -0.09801 50.17932 0 2.97500 24.92500 38.80906 0.13084 -13
-1.88406 0.10196 79.14820 0 -3.10000 56.00000 37.25730 0.21505 13
1.61486 -0.24300 21.50849 0 7.37500 -49.05000 11.55903 0.19290 -13
0.49966 0.06425 9.89190 0 -1.87500 -13.95000 8.85236 0.11275 -13
0.97528 -0.20882 17.40274 0 6.35000 -31.90000 12.58791 0.14226 -13
1.40757 -0.23168 35.48999 0 7.02500 -44.42500 20.91227 0.17546 -13
-0.80890 -0.00909 69.11674 0 0.27500 26.27500 53.73849 0.12953 -13
0.46670 0.08861 94.50700 0 -2.67500 -16.17500 85.69863 0.11149 -13
-0.74269 -0.16944 9.02612 0 5.17500 21.87500 7.28303 0.12664 -13
-0.19401 -0.04694 32.47326 0 1.42500 5.00000 31.88004 0.10269 -13
-0.82954 0.01645 72.84244 0 -0.50000 25.82500 56.06685 0.13085 -13
1.48071 0.13901 95.51784 0 -4.17500 -45.30000 53.81008 0.18048 -13
1.51545 -0.26021 95.51784 0 7.85000 -46.35000 53.81008 0.18473 -13
0.04136 -0.20832 59.28719 0 6.30000 -0.35000 59.23866 0.10295 -13
-2.14870 -0.21806 9.61734 0 6.70000 64.27500 4.13506 0.23996 -13
-0.63431 0.03356 72.54133 0 -1.02500 17.55000 61.26685 0.11930 13
-1.49449 0.07661 83.46283 0 -2.30000 47.05000 46.50871 0.18125 -13
1.06111 -0.01872 54.50649 0 0.55000 -29.77500 37.38632 0.14684 13
0.66305 -0.07007 22.85978 0 2.07500 -19.92500 19.06649 0.12103 13
-0.20943 -0.21778 13.42580 0 6.60000 6.12500 13.15306 0.10523 -13
-1.45641 -0.23828 17.18024 0 7.25000 44.92500 9.90746 0.17959 -13
1.22821 -0.03228 45.82992 0 1.00000 -35.32500 28.94561 0.15954 -13
-0.65598 0.08833 43.51393 0 -2.65000 19.32500 36.42675 0.12076 -13
0.14590 -0.20099 1.73803 0 6.37500 -1.57500 1.72057 0.10416 -13
0.32631 0.04274 38.96386 0 -1.30000 -9.42500 37.04487 0.10602 13
-2.15253 0.49887 38.96386 0 -1.32500 -9.57500 37.04487 0.11118 13
-0.95812 0.05175 75.60343 0 -1.57500 26.90000 54.62597 0.13956 13
0.09453 0.14489 53.43694 0 -4.37500 -3.02500 53.20465 0.10220 13
0.09651 -0.25410 53.43694 0 7.65000 -3.10000 53.20465 0.10435 13
-1.19944 -0.22461 55.78576 0 6.80000 37.45000 36.24021 0.15889 -13
-0.97929 -0.00583 25.46708 0 0.20000 26.30000 18.19560 0.14095 -13
0.74008 -0.04095 41.70898 0 1.25000 -24.55000 33.53568 0.12535 -13
0.28825 0.01820 42.60056 0 -0.52500 -9.12500 40.93448 0.10482 -13
1.55075 -0.08441 66.24861 0 2.55000 -47.17500 35.99256 0.18602 -13
-0.27900 0.11188 62.50884 0 -3.37500 10.65000 60.23628 0.10516 13
-0.04380 0.01876 24.08541 0 -0.57500 4.22500 24.06235 0.10082 13
-0.05701 0.10541 2.01467 0 -2.92500 1.92500 2.01144 0.10148 -13
1.18864 0.04952 76.88929 0 -1.50000 -34.75000 49.53433 0.15651 13
0.53979 -0.10954 63.77828 0 3.32500 -16.47500 56.19908 0.11497 -13
1.60920 -0.24535 93.60113 0 7.40000 -50.80000 50.44812 0.19237 13
1.21284 0.13992 91.59027 0 -4.22500 -38.75000 58.60187 0.15891 -13
1.24087 -0.25927 91.59027 0 7.82500 -39.60000 58.60187 0.16260 -13
-1.24408 0.13745 70.16922 0 -4.12500 37.77500 44.21099 0.16132 -13
-1.27405 -0.26184 70.16922 0 7.90000 38.67500 44.21099 0.16523 -13
-1.47352 0.01831 68.57250 0 -0.55000 45.00000 38.51287 0.17933 -13
0.63395 -0.21156 88.08834 0 6.37500 -17.05000 74.85902 0.12113 -13
-0.02312 0.12090 94.81037 0 -3.65000 0.67500 94.78541 0.10146 -13
-0.02383 -0.27932 94.81037 0 8.42500 0.67500 94.78541 0.10459 -13
-1.22265 -0.16589 77.95229 0 5.02500 38.20000 49.75315 0.15994 -13
0.32890 -0.19139 32.88297 0 5.80000 -9.50000 31.29078 0.10776 -13
-0.95961 -0.01297 61.53594 0 0.40000 26.52500 44.40178 0.13957 -13
1.44997 -0.07415 25.47564 0 2.20000 -43.47500 14.48978 0.17752 13
-0.67521 0.08188 32.13536 0 -2.50000 19.90000 26.66057 0.12180 13
-0.07799 -0.11627 88.58948 0 3.50000 3.12500 88.32480 0.10169 -13
1.50736 -0.22392 36.34261 0 6.72500 -43.30000 20.43261 0.18352 13
-1.89008 -0.04771 64.45719 0 1.42500 57.02500 30.17017 0.21539 13
-0.33749 0.05577 32.84386 0 -1.67500 9.95000 31.12444 0.10643 -13
-0.21342 0.05378 93.96406 0 -1.62500 5.95000 91.90033 0.10311 13
0.87387 -0.17523 88.31396 0 5.27500 -27.37500 66.93332 0.13489 13
-0.19730 -0.01030 94.11219 0 0.30000 2.82500 92.33242 0.10265 13
0.05079 -0.19692 94.69233 0 5.92500 0.52500 94.57497 0.10276 13
-1.80968 -0.07709 53.35940 0 2.30000 51.10000 25.86669 0.20835 13
-0.02094 -0.10687 53.81980 0 3.22500 0.55000 53.80813 0.10130 -13
1.25984 -0.17786 83.75673 0 5.35000 -39.67500 52.56925 0.16296 13
1.08416 -0.19279 1.89598 0 5.42500 -33.40000 1.29774 0.14972 13
-1.01605 0.05211 31.17590 0 -1.55000 28.90000 21.88316 0.14366 -13
0.31951 -0.18095 53.11506 0 5.47500 -12.57500 50.66969 0.10728 -13
-2.07733 0.05680 16.78077 0 -1.65000 62.47500 7.28863 0.23219 -13
0.23652 0.18606 16.78077 0 -1.82500 61.90000 7.28863 0.23135 -13
-0.53094 -0.11798 16.78077 0 -1.17500 61.32500 7.28863 0.23849 -13
-0.11550 0.10288 71.69943 0 -3.10000 3.62500 71.23087 0.10190 -13
-1.55145 -0.08000 31.92601 0 2.37500 45.35000 17.33648 0.18604 13
0.13868 0.04161 13.09379 0 -1.30000 -6.15000 12.96982 0.10176 13
-0.40970 -0.19236 33.30205 0 5.82500 13.00000 30.89506 0.11055 -13
0.10348 -0.15949 33.72388 0 4.82500 -0.77500 33.54917 0.10251 -13
0.15870 -0.04656 59.45137 0 1.40000 -5.65000 58.71811 0.10207 13
-0.74940 -0.15180 48.68721 0 4.57500 23.22500 39.11989 0.12676 13
-0.64311 0.14345 93.59618 0 -4.32500 19.67500 78.95550 0.12060 -13
-0.65706 -0.25556 93.59618 0 7.72500 20.07500 78.95550 0.12322 -13
-0.22743 -0.23014 11.43378 0 6.97500 6.62500 11.16282 0.10588 -13
-1.34830 0.04300 92.25317 0 -1.30000 40.37500 54.98889 0.16910 13
-1.93686 -0.23913 53.76401 0 7.22500 59.57500 25.20886 0.22086 -13
-0.02519 -0.00667 13.87458 0 0.17500 1.90000 13.87017 0.10074 13
-0.09884 -0.03930 39.93879 0 1.20000 0.17500 39.74538 0.10127 -13
0.65630 0.05483 91.41960 0 -1.65000 -18.72500 76.46416 0.12058 13
0.73641 0.03617 81.23160 0 -1.10000 -21.65000 65.42444 0.12512 13
-0.24132 -0.24413 3.96475 0 7.50000 6.85000 3.86007 0.10662 -13
0.07034 -0.12795 97.29367 0 3.87500 -1.30000 97.05777 0.10177 -13
-0.71580 -0.21147 96.81589 0 6.37500 23.22500 79.30297 0.12567 -13
-1.95011 0.11842 6.50640 0 -3.42500 58.52500 2.98542 0.22090 -13
-1.23005 0.04826 33.91011 0 -1.42500 39.70000 21.40477 0.15972 -13
-0.28927 0.13344 80.11601 0 -4.02500 8.77500 77.01257 0.10569 13
-0.29671 -0.26608 80.11601 0 8.02500 9.00000 77.01257 0.10840 13
-0.16660 -0.12599 40.26054 0 3.80000 4.55000 39.72158 0.10287 13
-1.06602 0.06181 76.86101 0 -1.87500 32.27500 52.63895 0.14732 13
0.08088 -0.19556 15.85017 0 5.87500 -0.05000 15.80047 0.10291 13
-1.73322 -0.09846 32.40201 0 2.95000 52.07500 16.25205 0.20172 13
0.64472 -0.07708 57.79881 0 2.32500 -20.40000 48.62040 0.12007 13
-1.27345 0.14430 51.25954 0 -4.37500 39.27500 31.85986 0.16371 13
-1.30060 -0.25470 51.25954 0 7.67500 40.07500 31.85986 0.16717 13
0.55534 -0.02624 46.23997 0 0.80000 -13.80000 40.42796 0.11522 -13
0.11203 -0.13149 40.74036 0 3.95000 -3.25000 40.49140 0.10219 13
1.92616 -0.05861 13.06049 0 1.85000 -57.15000 6.02580 0.21868 -13
1.85071 -0.17652 35.74066 0 5.35000 -56.50000 17.19284 0.21261 -13
0.22746 -0.01633 55.05006 0 0.47500 -6.07500 53.67943 0.10329 13
0.05333 -0.16340 99.80789 0 4.92500 -2.65000 99.66990 0.10218 -13
0.68817 -0.13063 58.30017 0 3.95000 -21.22500 48.15700 0.12295 -13
1.88928 0.11260 44.81361 0 -3.37500 -56.90000 21.06677 0.21555 -13
-0.18318 -0.21945 11.16564 0 6.57500 4.72500 10.99101 0.10471 13
1.12268 0.04391 48.79531 0 -1.35000 -33.80000 32.47306 0.15147 13
0.31601 -0.07903 28.27284 0 2.40000 -10.52500 26.96614 0.10592 -13
-0.88038 -0.20928 16.21115 0 6.27500 25.47500 12.28089 0.13578 13
0.22170 -0.12782 77.21325 0 3.85000 -7.95000 75.41148 0.10395 13
-1.20217 -0.07341 77.83912 0 2.22500 36.50000 49.85707 0.15765 -13
0.43313 -0.21162 93.63306 0 6.40000 -13.20000 86.21231 0.11179 -13
0.51482 0.12452 77.72876 0 -3.77500 -15.67500 69.21873 0.11396 13
0.52992 -0.27550 77.72876 0 8.30000 -16.12500 69.21873 0.11729 13
-0.98744 0.08122 99.88584 0 -2.45000 29.42500 71.18996 0.14176 13
1.45079 -0.10265 7.97510 0 3.20000 -44.65000 4.54133 0.17786 -13
1.37736 -0.22324 18.77708 0 6.77500 -41.25000 11.20729 0.17293 -13
0.20208 0.00850 73.31993 0 -0.27500 -6.55000 71.86738 0.10274 13
0.59240 0.14320 89.98041 0 -4.32500 -18.87500 77.61932 0.11792 -13
0.60530 -0.25582 89.98041 0 7.72500 -19.27500 77.61932 0.12050 -13
-1.69952 -0.06462 24.15013 0 1.90000 51.07500 12.26611 0.19867 13
0.32240 -0.02944 85.09081 0 0.90000 -10.35000 80.98915 0.10585 -13
1.39690 -0.04703 30.86843 0 1.40000 -42.12500 17.98109 0.17306 13
0.01572 -0.06617 61.05106 0 2.00000 1.07500 61.04354 0.10094 -13
0.43513 -0.15893 78.25337 0 4.80000 -9.12500 71.89583 0.11098 13
0.06161 0.11603 91.86677 0 -3.50000 -0.37500 91.69515 0.10156 -13
-0.63123 0.11773 64.91252 0 -3.55000 18.52500 54.99855 0.11967 -13
-1.63856 -0.01798 82.29927 0 0.52500 50.15000 42.87822 0.19331 13
0.55819 -0.23404 24.11468 0 7.02500 -17.32500 21.18782 0.11769 13
1.34522 -0.02542 10.44698 0 0.70000 -38.15000 6.23359 0.16882 13
0.31410 -0.13073 96.62036 0 3.95000 -10.10000 92.24970 0.10638 -13
-0.01516 -0.15269 54.93439 0 4.62500 -0.87500 54.92822 0.10188 -13
-1.80709 -0.23049 88.33150 0 6.95000 55.32500 43.61970 0.20926 13
-1.61201 -0.20851 73.67433 0 6.27500 49.47500 39.43595 0.19217 13
0.55884 -0.15696 42.12951 0 4.72500 -18.07500 36.88244 0.11643 13
-0.38387 0.04284 17.00395 0 -1.32500 10.30000 15.87635 0.10796 13
-1.61464 -0.19440 97.77341 0 5.85000 50.45000 52.17103 0.19224 13
-1.76981 0.01572 6.01287 0 -0.65000 51.82500 2.95871 0.20474 13
0.48099 -0.05879 80.06904 0 1.77500 -12.85000 72.17934 0.11190 13
-1.21077 0.02580 71.68077 0 -0.77500 35.45000 45.65605 0.15815 -13
-0.84420 0.10248 89.60734 0 -3.07500 24.97500 68.61900 0.13220 -13
-1.11163 0.12026 54.42565 0 -3.65000 34.17500 36.54316 0.15108 13
-1.14613 -0.28004 54.42565 0 8.42500 35.22500 36.54316 0.15574 13
0.05742 -0.14790 50.95342 0 4.47500 -0.57500 50.87142 0.10197 -13
0.27214 -0.10613 99.15622 0 3.20000 -7.52500 95.71363 0.10491 -13
-0.82692 -0.18559 26.77926 0 5.57500 22.62500 20.77778 0.13199 13
-0.31404 -0.09255 27.62696 0 2.80000 7.70000 26.36781 0.10597 -13
0.96296 -0.04397 47.71308 0 1.32500 -29.30000 34.38504 0.13987 13
-0.77322 -0.15604 41.13995 0 4.70000 24.52500 32.69168 0.12825 13
-0.02474 0.01776 42.43112 0 -0.52500 -0.07500 42.41815 0.10075 -13
0.12512 0.03328 39.63092 0 -1.00000 -3.92500 39.32467 0.10154 -13
-0.22503 0.03063 12.50267 0 -0.95000 8.02500 12.19789 0.10327 13
0.25692 0.05037 35.31667 0 -1.50000 -4.97500 34.20842 0.10409 -13
-0.96779 -0.03342 3.99640 0 0.82500 27.85000 2.87263 0.14020 13
0.96770 0.03057 15.82672 0 -0.97500 -28.57500 11.37580 0.14017 13
-1.66001 -0.15165 61.84745 0 4.55000 49.95000 32.17963 0.19574 13
0.04968 -0.17416 78.77758 0 5.25000 -1.82500 78.68340 0.10234 13
-0.72894 -0.24908 91.84571 0 7.52500 24.15000 74.98395 0.12712 -13
0.82621 -0.11897 41.41044 0 3.60000 -23.27500 32.01444 0.13119 -13
1.59753 0.10097 21.01669 0 -3.00000 -48.97500 11.19078 0.19006 -13
-0.10830 -0.07143 17.50330 0 2.17500 1.72500 17.40205 0.10156 -13
-1.21613 -0.04390 14.56073 0 1.37500 37.40000 9.25359 0.15863 -13
-0.00668 0.05343 99.20895 0 -1.60000 -0.10000 99.20675 0.10085 -13
-0.02313 -0.15617 6.42530 0 4.62500 1.20000 6.42364 0.10193 13
-0.29124 -0.05927 14.54546 0 1.82500 10.87500 13.96719 0.10506 -13
0.19940 0.02073 8.08548 0 -0.57500 -6.15000 7.92946 0.10271 -13
-0.03710 -0.10509 22.71939 0 3.20000 1.62500 22.70396 0.10133 -13
0.38989 -0.19160 66.96629 0 5.77500 -12.10000 62.53805 0.10979 13
-0.48378 -0.12501 51.38079 0 3.75000 14.57500 46.32031 0.11257 13
-0.03309 -0.07244 56.16943 0 2.20000 2.22500 56.13886 0.10103 -13
0.93641 -0.23445 47.09188 0 7.07500 -27.02500 34.79995 0.13998 -13
0.89199 -0.12074 42.43505 0 3.65000 -26.80000 31.76867 0.13550 -13
-0.21665 -0.13724 57.77182 0 4.15000 6.82500 56.48534 0.10397 -13
1.18594 0.11888 64.09025 0 -3.57500 -36.20000 41.48376 0.15667 -13
1.22335 -0.28144 64.09025 0 8.50000 -37.30000 41.48376 0.16146 -13
0.67241 0.09606 49.33454 0 -2.87500 -17.25000 40.99838 0.12174 -13
0.56300 0.10370 92.02537 0 -3.12500 -17.57500 80.29214 0.11603 -13
0.61898 -0.02980 50.10633 0 0.90000 -17.95000 42.61028 0.11847 13
1.04928 0.06064 68.61792 0 -1.82500 -32.82500 47.38795 0.14609 13
-1.18358 0.10000 6.36951 0 -3.12500 35.15000 4.12325 0.15642 13
-1.90607 -0.19996 30.46462 0 6.07500 60.20000 14.37125 0.21776 -13
-0.94376 0.09183 75.62354 0 -2.77500 28.35000 55.10668 0.13878 13
0.28010 -0.15647 65.83357 0 4.70000 -9.10000 63.44888 0.10575 13
-1.22214 -0.18337 42.90099 0 5.55000 34.97500 27.43576 0.16011 -13
-0.23957 -0.05130 49.41474 0 1.52500 5.92500 48.05847 0.10368 13
1.05180 -0.21486 50.00571 0 6.50000 -29.10000 34.86213 0.14776 -13
1.06151 -0.24845 51.87546 0 7.50000 -28.75000 36.13161 0.14899 -13
0.63019 0.05337 60.94437 0 -1.60000 -18.62500 51.58079 0.11915 -13
1.35071 -0.22290 28.49308 0 6.70000 -40.62500 17.21965 0.17069 13
0.82330 -0.02050 51.49916 0 0.62500 -23.97500 39.76151 0.13046 -13
1.61945 -0.24407 18.04096 0 7.30000 -47.20000 9.67738 0.19317 13
-0.79738 -0.07787 94.61405 0 2.35000 23.75000 74.06271 0.12903 13
-0.02492 0.12457 36.60646 0 -3.77500 2.55000 36.59529 0.10152 13
-0.02567 -0.27546 36.60646 0 8.30000 2.57500 36.59529 0.10447 13
0.97151 -0.12671 10.55196 0 3.90000 -26.70000 7.59789 0.14102 -13
1.66613 -0.12163 7.17270 0 3.80000 -50.87500 3.71056 0.19622 -13
-0.77395 -0.03998 85.67288 0 1.20000 23.00000 67.77195 0.12740 13
-0.34131 -0.06329 36.09188 0 1.90000 9.40000 34.16421 0.10659 13
-0.64114 0.00519 81.31214 0 -0.15000 18.85000 68.45168 0.11962 13
1.13839 -0.19775 47.14723 0 5.95000 -35.35000 31.44904 0.15388 13
-1.01460 0.11764 31.76154 0 -3.52500 29.87500 22.37308 0.14393 -13
-0.45840 0.07029 86.06723 0 -2.12500 14.50000 78.27240 0.11100 -13
-0.85857 -0.09791 21.46818 0 2.92500 23.95000 16.32132 0.13308 13
-0.33132 0.01095 52.15794 0 -0.32500 10.15000 49.51152 0.10610 -13
0.36491 -0.00170 19.40254 0 0.02500 -9.35000 18.22687 0.10720 13
0.30139 -0.05795 81.50033 0 1.75000 -10.35000 78.04424 0.10534 13
0.81217 -0.09305 80.79763 0 2.82500 -24.22500 62.82590 0.13007 -13
-0.43415 -0.01854 86.80912 0 0.57500 16.07500 79.63053 0.10980 -13
1.38829 0.13661 56.24451 0 -4.12500 -40.80000 33.07276 0.17286 13
1.42222 -0.26277 56.24451 0 7.90000 -41.80000 33.07276 0.17705 13
-0.03052 -0.15420 51.22878 0 4.65000 -0.37500 51.20549 0.10194 -13
-0.15923 0.09619 97.34478 0 -2.90000 7.37500 96.14473 0.10243 13
1.47150 -0.19219 14.47446 0 5.72500 -43.72500 8.23738 0.18012 13
-1.81056 0.00032 71.17383 0 -0.02500 53.70000 34.41060 0.20829 13
-2.09326 -0.08611 23.97605 0 2.65000 62.12500 10.36607 0.23382 -13
-1.11012 -0.13485 69.16847 0 4.05000 32.00000 46.52457 0.15106 13
-0.35368 0.07839 13.69744 0 -2.40000 11.30000 12.91783 0.10712 13
-1.72655 0.02415 27.63952 0 -0.77500 51.67500 13.85571 0.20095 13
0.24297 -0.11870 48.44113 0 3.57500 -6.80000 47.08989 0.10432 13
1.04437 -0.19123 28.52997 0 5.75000 -31.52500 19.91536 0.14686 13
0.28266 -0.02407 87.35727 0 0.72500 -8.02500 84.06534 0.10468 13
-0.00075 0.07733 72.57883 0 -2.32500 -0.40000 72.57881 0.10100 -13
-1.08831 0.07321 73.71653 0 -2.20000 32.40000 49.94919 0.14901 -13
0.08127 -0.09183 68.33923 0 2.77500 -2.75000 68.11651 0.10145 13
-0.01509 -0.15658 19.82505 0 4.75000 0.82500 19.82284 0.10195 -13
-1.58625 -0.04404 25.06367 0 1.37500 46.75000 13.37573 0.18890 -13
-1.00762 0.06603 50.02341 0 -2.00000 29.57500 35.27628 0.14312 13
0.83176 -0.15247 22.05066 0 4.57500 -23.32500 17.03219 0.13186 13
-0.38581 -0.16509 81.81429 0 4.97500 12.52500 76.46191 0.10921 13
-0.08270 0.07069 70.24828 0 -2.12500 3.45000 70.01041 0.10129 -13
0.74895 -0.06743 42.40388 0 2.02500 -26.55000 33.96763 0.12600 13
0.95174 -0.15480 87.11900 0 4.65000 -29.22500 63.46066 0.13989 13
-0.97400 -0.02684 29.79072 0 0.82500 30.37500 21.34454 0.14061 -13
0.31121 -0.05171 30.87526 0 1.57500 -10.67500 29.48403 0.10560 -13
0.71863 0.11868 70.30421 0 -3.57500 -22.30000 57.22659 0.12458 -13
0.74139 -0.28167 70.30421 0 8.50000 -22.97500 57.22659 0.12835 -13
-0.14266 -0.16299 85.64095 0 4.90000 3.00000 84.80448 0.10303 13
-0.65115 0.14740 33.63504 0 -4.42500 17.22500 28.27557 0.12107 -13
-0.66426 -0.25145 33.63504 0 7.60000 17.62500 28.27557 0.12353 -13
2.06470 0.09231 78.91297 0 -2.80000 -64.85000 34.51593 0.23122 13
-0.33599 0.03818 32.72171 0 -1.12500 11.42500 31.02000 0.10630 -13
-0.27662 0.07814 52.72136 0 -2.37500 9.07500 50.82398 0.10478 13
1.04554 -0.02650 2.73982 0 1.05000 -31.87500 1.89404 0.14587 -13
0.40134 -0.20793 77.38891 0 6.27500 -14.20000 72.02793 0.11052 -13
-1.41824 0.04503 50.79109 0 -1.37500 43.15000 29.28859 0.17482 13
-0.15274 0.04784 11.73075 0 -1.47500 4.32500 11.59583 0.10200 13
0.62232 -0.10236 74.42140 0 3.07500 -17.42500 63.27773 0.11905 13
-1.16739 -0.20619 26.45393 0 6.25000 34.85000 17.41643 0.15621 -13
1.76829 -0.06807 55.53952 0 2.02500 -55.25000 27.38728 0.20469 13
-1.26608 -0.13534 47.93268 0 4.07500 36.77500 29.87561 0.16304 13
-0.17862 -0.21711 28.08332 0 6.57500 6.07500 27.66508 0.10462 -13
1.06136 -0.05847 57.22359 0 1.77500 -32.95000 39.27710 0.14697 -13
-0.39942 0.11113 42.98837 0 -3.35000 13.12500 39.95505 0.10901 -13
-0.79430 -0.18958 12.12765 0 5.77500 25.65000 9.56064 0.13006 -13
-0.58022 -0.15341 73.50182 0 4.62500 17.32500 63.76001 0.11744 -13
0.29980 -0.16967 41.36609 0 5.12500 -10.27500 39.66952 0.10652 -13
-0.41356 -0.17320 44.76138 0 5.25000 12.37500 41.45177 0.11038 -13
0.33016 0.13944 4.38110 0 -4.07500 -11.45000 4.16429 0.10694 -13
0.33784 -0.25959 4.38110 0 7.95000 -11.70000 4.16429 0.10960 -13
-0.13900 -0.11561 58.17968 0 3.50000 5.65000 57.63279 0.10234 -13
0.57817 -0.15655 62.23308 0 4.72500 -16.92500 54.03881 0.11738 13
1.61501 0.06583 59.65769 0 -2.00000 -50.30000 31.45549 0.19141 13
-1.34483 0.07225 20.63253 0 -2.15000 40.80000 12.33268 0.16890 -13
0.87288 0.05122 21.68582 0 -1.52500 -27.15000 16.34683 0.13376 -13
0.08869 0.12501 93.80555 0 -3.77500 -2.45000 93.44448 0.10188 -13
0.09126 -0.27496 93.80555 0 8.30000 -2.52500 93.44448 0.10485 -13
0.47130 -0.20324 9.61076 0 6.20000 -14.20000 8.72510 0.11324 -13
0.40528 0.00862 68.38905 0 -0.25000 -14.25000 63.38181 0.10866 -13
-0.32217 0.09179 1.39879 0 -3.12500 9.80000 1.33193 0.10663 13
-0.01266 -0.21045 27.77583 0 6.32500 -0.60000 27.77370 0.10291 13
-0.40954 -0.15311 54.75321 0 4.62500 14.10000 50.75231 0.10991 -13
1.88357 -0.15555 17.42059 0 4.75000 -54.17500 8.24588 0.21538 -13
-0.72729 0.07617 66.66095 0 -2.30000 18.95000 53.96414 0.12476 13
1.96121 0.00470 23.99375 0 -0.10000 -60.02500 10.89896 0.22170 -13
-1.08587 -0.05788 81.93897 0 1.75000 30.17500 55.55734 0.14877 -13
0.38290 -0.13034 17.05327 0 3.97500 -13.07500 15.94301 0.10865 -13
1.96543 0.13962 78.63426 0 -4.20000 -62.00000 35.93317 0.22250 -13
2.01105 -0.25959 78.63426 0 7.85000 -63.40000 35.93317 0.22770 -13
-0.13244 -0.07166 93.46791 0 2.15000 4.17500 92.66285 0.10184 13
1.28790 0.03060 86.32947 0 -0.92500 -38.97500 52.96009 0.16413 -13
1.28790 0.03060 86.32947 0 -0.92500 -39.00000 52.96009 0.16423 -13
0.36875 0.03820 54.12030 0 -1.15000 -12.40000 50.78256 0.10740 -13
2.12804 -0.07873 92.38836 0 2.37500 -62.10000 39.39203 0.23692 -13
-0.81200 0.14100 50.56998 0 -4.27500 26.52500 39.41099 0.13050 13
-0.83041 -0.25815 50.56998 0 7.77500 27.07500 39.41099 0.13344 13
0.65086 -0.04773 15.42412 0 1.40000 -22.67500 12.93198 0.12024 13
-1.72006 -0.21175 61.93116 0 6.40000 53.45000 31.63811 0.20152 -13
-1.49949 -0.01777 54.33846 0 0.52500 46.17500 30.15152 0.18151 13
0.97977 -0.03148 57.03552 0 0.95000 -27.45000 40.74986 0.14102 -13
-1.03389 0.10357 50.49543 0 -3.10000 29.40000 35.20254 0.14522 -13
-0.76381 -0.02276 69.02689 0 0.67500 24.62500 54.86130 0.12674 13
-0.22065 0.10386 71.68703 0 -3.12500 8.37500 70.02056 0.10365 -13
0.99245 -0.01443 52.46535 0 0.45000 -28.67500 37.24108 0.14189 -13
-0.38775 -0.03752 44.84914 0 1.12500 11.72500 41.81949 0.10808 13
-0.89577 -0.12434 6.87897 0 3.85000 29.17500 5.14193 0.13583 -13
0.07876 0.04940 42.54072 0 -1.47500 -1.32500 42.40971 0.10114 -13
-0.26095 -0.17825 98.19398 0 5.37500 8.22500 95.10577 0.10561 13
0.48126 -0.14818 57.14789 0 4.45000 -16.47500 51.59908 0.11275 13
-0.40428 0.10626 78.35488 0 -3.20000 11.12500 72.70020 0.10915 13
0.97728 0.05424 24.31723 0 -1.60000 -29.35000 17.40422 0.14090 -13
-0.56117 0.13450 71.04648 0 -4.05000 15.85000 62.08942 0.11627 -13
-0.57536 -0.26493 71.04648 0 8.00000 16.27500 62.08942 0.11921 -13
1.05695 0.08752 76.80849 0 -2.65000 -30.97500 52.89331 0.14680 13
0.27074 -0.08055 40.05637 0 2.45000 -7.77500 38.67282 0.10465 -13
0.03606 -0.00194 54.43399 0 0.07500 -4.92500 54.39864 0.10077 -13
1.38589 -0.18488 28.80847 0 5.60000 -40.40000 17.04318 0.17313 -13
-0.61631 0.03900 66.21029 0 -1.17500 21.60000 56.37718 0.11835 13
-0.32414 0.11194 76.91837 0 -3.37500 10.55000 73.21360 0.10646 -13
0.27616 -0.02162 75.15214 0 0.65000 -7.75000 72.44180 0.10450 -13
0.33344 0.03782 88.73056 0 -1.12500 -10.15000 84.18062 0.10622 -13
-0.56238 -0.04189 57.13219 0 1.27500 19.12500 49.80820 0.11561 -13
-1.06158 0.14095 58.50805 0 -4.27500 33.65000 40.32641 0.14756 13
-1.08570 -0.25822 58.50805 0 7.77500 34.35000 40.32641 0.15088 13
-0.22512 -0.15401 94.28752 0 4.65000 5.90000 92.03696 0.10438 13
0.27197 -0.15278 79.31949 0 4.62500 -5.92500 76.59942 0.10549 -13
-0.31710 0.06735 12.72065 0 -2.00000 7.92500 12.12822 0.10586 -13
-0.65052 -0.02254 91.16380 0 0.67500 16.97500 76.42313 0.12016 13
-1.38761 -0.01892 32.97281 0 0.60000 43.05000 19.28001 0.17226 -13
1.10912 -0.01474 6.00370 0 0.32500 -36.40000 4.02066 0.15041 13
-1.35240 -0.02935 23.40787 0 0.85000 42.22500 13.92105 0.16940 13
0.97048 -0.06537 89.93745 0 1.97500 -32.75000 64.60785 0.14048 13
0.33504 -0.14820 57.50983 0 4.47500 -9.25000 54.58986 0.10725 -13
0.42328 -0.16043 84.29152 0 4.85000 -13.47500 77.77255 0.11054 -13
-0.73262 -0.17926 50.41126 0 5.40000 23.37500 40.88878 0.12613 13
-1.31593 -0.11016 4.72404 0 3.50000 39.97500 2.86902 0.16697 -13
0.39791 0.07614 35.66383 0 -2.30000 -10.02500 33.14989 0.10866 13
-0.07529 -0.03284 17.54565 0 0.95000 3.30000 17.49614 0.10104 13
1.31914 0.02112 68.43373 0 -0.65000 -39.67500 41.34686 0.16671 13
-0.52871 -0.03137 35.64909 0 0.95000 17.30000 31.51871 0.11396 -13
-2.08181 0.14899 34.90322 0 -4.45000 62.30000 15.24805 0.23301 -13
-2.12241 -0.24968 34.90322 0 7.57500 63.55000 15.24805 0.23765 -13
1.56690 -0.12626 87.72052 0 3.80000 -47.85000 47.45692 0.18760 13
-0.11505 0.05877 37.80730 0 -1.75000 4.22500 37.56038 0.10154 -13
1.13780 -0.05908 35.74221 0 1.75000 -33.90000 23.61933 0.15265 13
0.14109 -0.23017 12.05023 0 6.97500 -3.95000 11.93789 0.10434 -13
-0.40023 -0.03368 22.96469 0 1.05000 13.20000 21.32234 0.10853 -13
-0.10778 0.06719 6.96592 0 -1.95000 3.65000 6.92603 0.10151 -13
0.28106 0.00801 46.81590 0 -0.22500 -11.25000 45.06975 0.10461 -13
-0.86839 -0.14283 16.31594 0 4.35000 25.67500 12.37292 0.13417 -13
-1.81246 -0.07671 39.47639 0 2.30000 56.42500 19.11290 0.20859 13
-0.19281 0.03134 18.20750 0 -0.97500 3.95000 17.87855 0.10261 13
0.52670 0.07046 30.63393 0 -2.15000 -17.15000 27.11868 0.11404 13
0.83739 -0.16478 72.00063 0 4.97500 -26.10000 55.50496 0.13239 -13
-0.61831 -0.22487 54.32238 0 6.77500 22.12500 46.51466 0.12054 13
-0.03075 -0.04823 57.30446 0 1.47500 1.12500 57.27746 0.10087 -13
-1.74556 -0.09410 94.71531 0 2.85000 54.40000 47.23868 0.20281 -13
1.59276 -0.00279 73.06345 0 0.10000 -45.92500 38.84995 0.18938 -13
0.41027 -0.22678 80.16340 0 6.85000 -11.75000 74.42690 0.11123 -13
1.28637 -0.00988 81.81204 0 0.30000 -39.87500 50.21347 0.16408 -13
-0.38376 0.04308 30.72991 0 -1.32500 8.67500 28.69324 0.10796 13
-0.07835 -0.12009 68.27577 0 3.62500 2.72500 68.07008 0.10173 13
1.36517 -0.18375 97.71358 0 5.52500 -41.82500 58.36563 0.17141 13
0.37412 -0.18839 22.21681 0 5.65000 -10.80000 20.85245 0.10917 13
0.91651 -0.10739 53.47221 0 3.25000 -27.47500 39.52284 0.13703 -13
-0.42658 -0.20125 58.48273 0 6.05000 12.85000 53.95465 0.11134 13
0.72449 0.08046 27.82419 0 -2.45000 -24.25000 22.55660 0.12463 13
-0.77657 0.09854 1.51562 0 -2.55000 26.85000 1.19904 0.12806 -13
0.02785 -0.02635 57.43534 0 0.80000 -2.30000 57.41310 0.10078 -13
1.80333 -0.22116 97.15035 0 6.67500 -53.97500 47.97647 0.20886 -13
1.19540 -0.22147 49.53346 0 6.70000 -38.55000 32.22861 0.15855 -13
-0.39155 0.13402 76.32032 0 -4.02500 9.82500 71.15011 0.10898 -13
-0.40152 -0.26544 76.32032 0 8.02500 10.12500 71.15011 0.11176 -13
0.55821 -0.01962 22.46583 0 0.62500 -15.25000 19.61735 0.11535 -13
-0.40208 -0.19908 23.72559 0 5.97500 11.30000 22.07160 0.11036 13
-0.25665 0.09207 42.00908 0 -2.80000 8.65000 40.70090 0.10438 13
-0.79816 -0.12683 14.18826 0 3.87500 20.97500 11.12375 0.12950 -13
0.91593 0.05498 39.83565 0 -1.65000 -26.87500 29.39586 0.13667 -13
0.24138 -0.21548 56.93054 0 6.50000 -7.50000 55.40895 0.10584 13
0.68693 -0.08027 58.33155 0 2.40000 -17.57500 48.12944 0.12244 13
1.33031 -0.07330 35.50222 0 2.20000 -39.25000 21.36807 0.16775 13
0.16083 0.02861 76.18093 0 -0.87500 -6.60000 75.21510 0.10204 13
0.13123 -0.22723 40.36275 0 6.87500 -2.67500 40.03631 0.10412 -13
-1.26318 -0.05877 34.81656 0 1.80000 34.45000 21.63287 0.16236 -13
0.40363 -0.20062 83.66072 0 6.05000 -9.55000 77.79034 0.11047 -13
1.14995 0.10338 86.44705 0 -3.10000 -35.15000 56.89722 0.15381 -13
-1.72458 -0.19445 36.28667 0 5.85000 52.22500 18.45537 0.20167 13
-0.30816 0.01322 29.82155 0 -0.37500 9.70000 28.49932 0.10538 -13
-1.66565 -0.08056 8.76374 0 2.32500 51.12500 4.52113 0.19579 13
-0.21868 -0.05134 24.56096 0 1.57500 7.02500 23.99546 0.10322 -13
-0.02115 0.04808 53.26338 0 -1.45000 1.25000 53.25149 0.10084 13
0.18897 -0.11588 62.22171 0 3.50000 -5.72500 61.15355 0.10315 13
0.43779 0.11264 93.36656 0 -3.40000 -12.30000 85.61543 0.11051 -13
-1.27167 -0.13265 57.97911 0 4.00000 39.47500 36.03219 0.16345 13
0.41315 0.07290 31.47267 0 -2.22500 -10.77500 29.09929 0.10921 13
0.17269 -0.14914 73.27388 0 4.50000 -6.52500 72.22774 0.10329 -13
0.03103 0.02425 25.81810 0 -0.75000 -3.77500 25.80568 0.10079 13
0.69709 0.13899 23.88686 0 -4.17500 -19.62500 19.65676 0.12354 -13
0.71343 -0.26020 23.88686 0 7.87500 -20.12500 19.65676 0.12648 -13
0.98018 -0.15517 66.00119 0 4.67500 -28.77500 47.40876 0.14187 13
1.78992 0.08354 75.30616 0 -2.52500 -51.52500 36.82719 0.20666 13
-0.22828 -0.02722 88.41078 0 0.82500 6.65000 86.19519 0.10333 13
0.54295 -0.11009 23.40782 0 3.35000 -17.77500 20.59907 0.11514 -13
-1.35618 0.04765 24.23023 0 -1.40000 40.97500 14.39046 0.16974 -13
0.31771 0.07475 13.48159 0 -2.30000 -9.75000 12.85200 0.10594 13
-0.41229 0.09143 92.90220 0 -2.77500 12.10000 85.94039 0.10932 13
-0.66529 -0.03364 39.80745 0 1.02500 19.72500 33.14863 0.12100 -13
-0.76984 -0.04631 96.63925 0 1.40000 22.82500 76.60651 0.12717 13
0.74287 0.13689 15.71499 0 -4.17500 -25.72500 12.65664 0.12623 13
0.76091 -0.26248 15.71499 0 7.87500 -26.27500 12.65664 0.12923 13
0.66930 0.07815 85.43845 0 -2.37500 -20.75000 71.06951 0.12144 13
1.48528 -0.16033 57.30533 0 4.85000 -45.87500 32.28364 0.18105 -13
1.80179 -0.11900 31.23400 0 3.55000 -54.05000 15.23823 0.20784 13
-0.37698 0.13836 56.63033 0 -4.17500 11.02500 53.05183 0.10852 -13
-0.38594 -0.26076 56.63033 0 7.87500 11.30000 53.05183 0.11110 -13
0.09511 -0.00731 6.18328 0 0.15000 -1.80000 6.15547 0.10118 13
0.82253 -0.22548 26.69312 0 6.77500 -23.60000 20.81967 0.13234 13
0.11928 -0.00098 24.88387 0 -0.00000 -4.27500 24.70870 0.10142 13
-0.97352 -0.21640 41.67097 0 6.50000 31.62500 30.18921 0.14220 13
-0.66079 -0.02035 72.46941 0 0.60000 22.47500 60.46550 0.12072 13
-1.47017 -0.11241 30.99869 0 3.35000 44.17500 17.50930 0.17939 13
0.39868 -0.13335 69.62769 0 4.02500 -15.67500 64.75472 0.10924 13
0.25069 -0.15493 59.59921 0 4.67500 -6.57500 57.85034 0.10499 -13
-1.88807 0.06144 68.04452 0 -1.87500 58.57500 31.89555 0.21526 13
2.13301 -0.19605 64.59140 0 5.90000 -63.62500 27.84419 0.23803 13
-0.02254 -0.02952 24.04263 0 0.87500 0.90000 24.03653 0.10077 13
-1.83224 0.03306 59.19562 0 -1.02500 58.15000 28.37063 0.21023 13
-0.77949 0.13712 80.50160 0 -4.15000 23.70000 63.71403 0.12843 13
-0.79836 -0.26223 80.50160 0 7.90000 24.25000 63.71403 0.13153 13
0.31086 0.14417 17.74337 0 -4.37500 -8.27500 16.95861 0.10647 13
0.31757 -0.25490 17.74337 0 7.65000 -8.47500 16.95861 0.10871 13
1.60557 -0.11270 85.94731 0 3.40000 -47.55000 45.64421 0.19082 13
0.51175 0.06756 91.80165 0 -2.05000 -16.25000 81.76099 0.11333 13
2.07912 -0.12912 38.71135 0 3.87500 -61.62500 16.89127 0.23268 13
-0.89279 0.13071 71.15991 0 -3.95000 29.07500 53.28208 0.13564 13
-0.91672 -0.26896 71.15991 0 8.10000 29.80000 53.28208 0.13926 13
-0.51837 -0.08491 92.18248 0 2.57500 15.67500 81.90294 0.11375 -13
-0.01910 -0.02494 64.30155 0 0.75000 -0.02500 64.28983 0.10075 13
2.02325 -0.14013 39.76613 0 4.20000 -63.75000 17.75815 0.22769 13
-0.79100 -0.17438 92.26183 0 5.27500 26.22500 72.77524 0.12960 -13
0.07908 -0.12747 97.25243 0 3.85000 -3.47500 96.95454 0.10183 13
-0.98040 -0.22082 18.97477 0 6.62500 30.67500 13.70670 0.14272 13
-0.44978 0.09184 92.08926 0 -2.77500 12.77500 84.04422 0.11081 13
-0.51921 0.13728 90.30295 0 -4.15000 15.42500 80.30216 0.11431 13
-0.53175 -0.26204 90.30295 0 7.90000 15.80000 80.30216 0.11706 13
1.15499 -0.08546 2.41263 0 2.27500 -32.70000 1.58259 0.15410 13
0.17151 -0.16358 50.57329 0 4.95000 -7.17500 49.86420 0.10350 -13
1.50261 -0.09430 42.17606 0 2.87500 -45.60000 23.43862 0.18203 -13
0.29353 0.10339 6.35321 0 -3.05000 -9.22500 6.09860 0.10545 -13
-0.63372 -0.16313 75.61191 0 4.92500 19.77500 64.10610 0.12035 -13
0.58601 -0.10340 22.28774 0 3.10000 -20.12500 19.25539 0.11717 13
-0.74921 0.12124 61.84360 0 -3.65000 24.72500 49.62257 0.12642 -13
-0.77219 -0.27895 61.84360 0 8.42500 25.42500 49.62257 0.13031 -13
0.23532 0.14929 95.14148 0 -4.50000 -7.27500 92.66479 0.10450 -13
0.23987 -0.24949 95.14148 0 7.52500 -7.42500 92.66479 0.10657 -13
0.62539 -0.17403 64.29114 0 5.25000 -19.52500 54.73617 0.12006 13
0.70910 -0.18504 54.55061 0 5.60000 -19.70000 44.74726 0.12486 -13
-0.20660 -0.14888 30.43940 0 4.50000 5.92500 29.82316 0.10392 -13
-0.09779 0.12599 23.46603 0 -3.77500 0.10000 23.35629 0.10197 -13
-0.10061 -0.27391 23.46603 0 8.27500 0.17500 23.35629 0.10492 -13
0.71506 0.12875 87.77672 0 -3.87500 -20.17500 71.59875 0.12447 -13
0.73479 -0.27099 87.77672 0 8.17500 -20.77500 71.59875 0.12792 -13
0.50344 -0.04639 33.56390 0 1.37500 -15.35000 29.98557 0.11284 13
-0.36622 0.13146 97.03281 0 -3.97500 9.85000 91.20671 0.10806 13
-0.37593 -0.26817 97.03281 0 8.07500 10.12500 91.20671 0.11092 13
-0.91996 0.14063 28.30226 0 -4.22500 26.42500 20.92189 0.13755 -13
-0.94088 -0.25851 28.30226 0 7.82500 27.07500 20.92189 0.14073 -13
1.49780 -0.02396 90.06724 0 0.72500 -49.32500 50.02083 0.18138 -13
-0.12759 -0.04871 95.68299 0 1.47500 3.42500 94.91526 0.10164 13
-0.80904 -0.24651 21.86966 0 7.47500 25.42500 17.19838 0.13193 -13
-0.12681 -0.23711 23.98603 0 7.12500 3.60000 23.80549 0.10427 13
0.08376 -0.13439 29.25964 0 4.07500 -3.02500 29.15936 0.10196 -13
1.68399 -0.08786 72.68818 0 2.67500 -50.45000 37.21978 0.19743 -13
-0.32091 -0.24798 51.18815 0 7.47500 9.15000 48.87214 0.10866 13
-1.20891 0.92095 51.18815 0 7.42500 9.17500 48.87214 0.10872 13
-0.78036 -5.07714 51.18815 0 8.32500 10.32500 48.87214 0.12377 13
0.87112 -0.15230 56.96175 0 4.60000 -26.72500 43.16252 0.13444 -13
0.12477 -0.14353 69.45011 0 4.32500 -2.82500 68.92636 0.10251 -13
0.64118 -0.07799 22.70634 0 2.32500 -18.60000 19.13138 0.11987 13
1.13995 -0.07464 44.54520 0 2.27500 -34.47500 29.42158 0.15290 -13
-0.88241 -0.02449 55.00769 0 0.75000 30.07500 41.25140 0.13432 -13
-0.80850 0.03348 91.94389 0 -1.02500 22.57500 71.51465 0.12955 13
-0.44934 0.12383 25.38690 0 -3.75000 16.60000 23.18622 0.11111 13
-0.46267 -0.27629 25.38690 0 8.30000 16.97500 23.18622 0.11437 13
0.69166 -0.10888 19.94736 0 3.32500 -21.97500 16.43639 0.12295 -13
0.14680 0.04160 88.38750 0 -1.25000 -4.15000 87.45187 0.10187 13
0.18602 -0.18826 36.97979 0 5.70000 -2.75000 36.37689 0.10418 -13
0.40245 -0.01735 17.85772 0 0.50000 -9.95000 16.56687 0.10857 13
-0.62393 -0.11148 98.27298 0 3.37500 19.97500 83.51911 0.11923 -13
0.07984 0.07419 45.64420 0 -2.25000 -3.62500 45.50020 0.10130 13
0.42780 0.07539 30.97993 0 -2.25000 -12.90000 28.49547 0.10979 -13
0.14301 0.01906 8.42867 0 -0.52500 -5.75000 8.34379 0.10175 -13
-0.02248 -0.07956 94.48751 0 2.40000 0.02500 94.46379 0.10104 13
2.02114 -0.18413 78.34856 0 5.57500 -62.27500 35.20967 0.22787 -13
-1.53783 -0.08131 90.80424 0 2.45000 45.60000 49.61617 0.18491 -13
-1.71525 -0.21711 2.64899 0 6.15000 51.95000 1.35787 0.20067 13
