-0.64322 0.01676 70.67152 0 -0.50000 19.17500 59.44009 0.11975 -13
-2.11133 -0.12366 94.30307 0 3.72500 60.67500 40.61678 0.23558 13
-1.55974 -0.10004 87.35708 0 3.02500 47.50000 47.31539 0.18686 -13
-2.07034 -0.14090 82.91127 0 4.27500 63.65000 36.34921 0.23198 -13
1.98660 0.05075 79.68700 0 -1.55000 -58.35000 35.86605 0.22404 13
0.91041 -0.15761 18.54106 0 4.72500 -26.20000 13.78612 0.13709 13
1.08549 0.12109 21.99880 0 -3.67500 -34.17500 14.96323 0.14916 13
1.11869 -0.27926 21.99880 0 8.37500 -35.17500 14.96323 0.15367 13
-0.50271 -0.08329 58.20518 0 2.52500 17.57500 52.04012 0.11302 -13
0.24649 -0.01534 91.45872 0 0.47500 -7.02500 88.80149 0.10373 -13
-0.36097 0.14236 18.24226 0 -4.32500 6.52500 17.17826 0.10804 13
-0.36892 -0.25677 18.24226 0 7.72500 6.77500 17.17826 0.11039 13
-0.88327 -0.11240 82.02592 0 3.37500 26.90000 61.64695 0.13483 13
0.16216 -0.19158 81.90503 0 5.77500 -3.95000 80.88572 0.10383 -13
0.14412 -0.18474 17.68522 0 5.55000 -6.52500 17.51032 0.10341 13
-0.15954 0.04526 32.16172 0 -1.37500 2.77500 31.76082 0.10208 13
0.45072 0.12099 39.97454 0 -3.67500 -13.05000 36.48860 0.11114 13
0.46459 -0.27924 39.97454 0 8.40000 -13.47500 36.48860 0.11453 13
-0.76164 0.11354 13.73736 0 -3.47500 23.32500 10.95404 0.12713 13
-0.67166 -0.17141 93.00188 0 5.17500 18.55000 77.54960 0.12254 -13
-0.11766 0.02098 17.30412 0 -0.65000 3.75000 17.18560 0.10142 13
-0.08964 -0.01983 11.71192 0 0.55000 4.55000 11.66517 0.10113 13
-0.10224 -0.14606 9.39073 0 4.45000 3.00000 9.34306 0.10232 -13
0.11418 -0.15255 55.54235 0 4.60000 -2.42500 55.19190 0.10251 13
0.49844 -0.11847 34.43063 0 3.60000 -12.55000 30.85771 0.11315 -13
-1.32350 0.02995 42.61273 0 -0.92500 39.82500 25.69616 0.16708 13
1.10509 -0.07348 81.96567 0 2.22500 -33.10000 55.07793 0.15027 -13
-0.74151 -0.13772 4.71792 0 4.02500 23.05000 3.80223 0.12609 13
-1.96383 0.01624 54.64896 0 -0.47500 59.25000 24.80002 0.22194 -13
-1.58215 -0.11182 45.90439 0 3.40000 46.75000 24.63515 0.18883 -13
-0.11769 -0.02798 74.04320 0 0.85000 2.25000 73.53607 0.10144 -13
-0.18408 -0.21987 48.17678 0 6.65000 5.20000 47.41650 0.10477 -13
-1.89824 -0.19053 83.80086 0 5.75000 56.37500 39.60446 0.21693 -13
1.17718 -0.00870 51.33245 0 0.25000 -35.20000 33.23466 0.15555 13
-0.05511 -0.14440 19.35277 0 4.32500 2.72500 19.32402 0.10188 13
-0.10670 -0.02327 42.40114 0 0.70000 0.52500 42.16190 0.10130 13
0.08783 0.02764 1.42353 0 -1.17500 -4.00000 1.41805 0.10145 13
0.75224 0.11060 44.77481 0 -3.35000 -22.07500 35.85960 0.12651 13
0.72273 0.12210 26.58642 0 -3.70000 -21.65000 21.60284 0.12487 13
0.74464 -0.27810 26.58642 0 8.37500 -22.32500 21.60284 0.12861 13
-1.28311 -0.23642 23.65914 0 7.10000 36.55000 14.78896 0.16550 13
-0.37048 0.05924 72.70805 0 -1.80000 10.95000 68.19403 0.10756 13
0.00179 0.01109 12.23850 0 -0.30000 0.15000 12.23848 0.10071 -13
0.65404 -0.17791 80.78649 0 5.35000 -19.07500 67.92240 0.12165 13
0.50843 0.14083 42.11455 0 -4.22500 -12.60000 37.61633 0.11385 -13
0.51999 -0.25830 42.11455 0 7.80000 -12.95000 37.61633 0.11646 -13
0.22559 -0.12351 5.07111 0 3.62500 -9.35000 4.94856 0.10396 13
-0.54378 0.12474 33.06655 0 -3.75000 14.42500 29.10028 0.11531 -13
-0.55967 -0.27523 33.06655 0 8.32500 14.90000 29.10028 0.11871 -13
-0.39781 0.09539 95.35595 0 -2.87500 11.92500 88.65690 0.10881 13
-1.16477 -0.20569 8.19578 0 6.10000 36.00000 5.40219 0.15589 13
0.02435 0.03654 64.49772 0 -1.10000 0.40000 64.47863 0.10080 13
1.11982 0.12809 26.65013 0 -3.90000 -31.97500 17.83141 0.15175 13
1.15098 -0.27176 26.65013 0 8.17500 -32.90000 17.83141 0.15593 13
0.90046 0.11719 58.29494 0 -3.52500 -26.92500 43.45223 0.13602 -13
0.09905 0.03700 75.43437 0 -1.12500 -5.80000 75.06752 0.10126 13
0.16943 0.01229 2.59783 0 -0.17500 -2.37500 2.56139 0.10222 -13
1.74703 0.02428 26.24354 0 -0.77500 -51.87500 13.03963 0.20273 13
-0.31792 0.14872 87.57450 0 -4.47500 9.80000 83.54142 0.10672 -13
-0.32414 -0.25009 87.57450 0 7.55000 9.97500 83.54142 0.10882 -13
0.43155 -0.11689 29.22947 0 3.55000 -12.75000 26.86536 0.11032 -13
-0.42746 -0.16081 92.16110 0 4.85000 12.67500 84.90902 0.11071 13
-0.15960 -0.17157 24.62632 0 5.20000 5.40000 24.32721 0.10345 -13
-0.50171 0.12760 35.59285 0 -3.87500 15.52500 31.86460 0.11341 13
-0.51578 -0.27227 35.59285 0 8.20000 15.95000 31.86460 0.11657 13
-0.05033 0.05604 12.59614 0 -1.72500 2.07500 12.58026 0.10100 13
-0.03857 0.03947 26.12024 0 -1.17500 2.32500 26.10086 0.10085 -13
-0.42980 -0.01300 45.38180 0 0.40000 10.65000 41.69439 0.10962 -13
0.23182 -0.03351 72.40896 0 1.02500 -5.87500 70.54043 0.10343 -13
0.22094 -0.17843 61.02817 0 5.40000 -8.75000 59.63396 0.10469 -13
0.80388 -0.20577 99.80982 0 6.20000 -25.10000 78.41899 0.13086 -13
0.55796 0.02203 72.89284 0 -0.65000 -14.97500 63.65850 0.11534 -13
-0.56836 -0.23204 67.39263 0 7.00000 15.37500 58.95924 0.11818 -13
-0.62691 0.04962 95.92297 0 -1.50000 18.92500 81.30066 0.11896 -13
-0.17077 0.02056 31.26527 0 -0.62500 6.22500 30.81939 0.10218 13
-1.56088 -0.17313 56.15616 0 5.25000 47.00000 30.61123 0.18750 -13
-0.40792 0.03895 47.10977 0 -1.17500 10.55000 43.62495 0.10883 13
0.48572 -0.00661 17.38617 0 0.17500 -13.22500 15.63923 0.11196 13
-1.14716 -0.22623 42.67429 0 6.85000 33.30000 28.43764 0.15496 -13
-0.91824 -0.18613 67.76558 0 5.60000 28.80000 50.30050 0.13799 13
0.14373 -0.05698 14.20945 0 1.67500 -3.22500 14.06540 0.10189 13
0.94433 -0.02609 33.53198 0 0.80000 -26.35000 24.38360 0.13853 -13
1.51137 -0.07913 8.05391 0 2.27500 -47.85000 4.45361 0.18264 13
-0.41035 -0.08311 9.05845 0 2.45000 13.85000 8.38427 0.10917 13
0.11877 -0.14223 5.93297 0 4.20000 -4.55000 5.89227 0.10239 13
-0.41130 -0.03959 25.12457 0 1.22500 10.42500 23.23855 0.10897 -13
1.45796 0.03601 2.21836 0 -0.70000 -42.30000 1.25568 0.17817 -13
-0.78063 0.07848 81.01935 0 -2.35000 23.07500 63.93816 0.12800 -13
0.00693 0.09871 94.55986 0 -2.97500 -0.75000 94.55761 0.10120 13
0.28771 0.12548 33.46329 0 -3.80000 -10.15000 32.17775 0.10556 13
0.29605 -0.27451 33.46329 0 8.27500 -10.40000 32.17775 0.10859 13
0.28651 -0.20221 99.05195 0 6.10000 -10.00000 95.36295 0.10671 13
0.61507 -0.11267 48.62256 0 3.37500 -17.15000 41.48693 0.11877 13
-0.06976 0.00597 4.21612 0 -0.07500 1.90000 4.20590 0.10098 -13
-2.16768 -0.18538 33.48518 0 5.62500 64.60000 14.22336 0.24117 -13
-0.15297 0.05014 65.50401 0 -1.52500 4.42500 64.75269 0.10200 13
-1.02649 0.01239 65.49825 0 -0.37500 29.90000 45.70616 0.14432 -13
0.59765 0.08017 51.77697 0 -2.42500 -18.55000 44.48154 0.11760 13
-0.49044 -0.11439 23.67901 0 3.42500 16.67500 21.28651 0.11274 13
1.60712 -0.01485 30.69143 0 0.47500 -48.10000 16.21590 0.19063 -13
-0.59353 -0.02515 75.08982 0 0.77500 15.80000 64.57788 0.11713 -13
1.48486 0.11060 25.81750 0 -3.37500 -43.87500 14.48210 0.18065 13
0.03308 0.02786 76.95089 0 -0.82500 -0.60000 76.90885 0.10080 -13
1.19066 -0.00830 59.98784 0 0.25000 -33.15000 38.58130 0.15658 13
1.73274 -0.11253 25.04514 0 3.42500 -52.00000 12.57800 0.20182 -13
0.17994 0.07309 9.17674 0 -2.15000 -4.12500 9.03248 0.10258 -13
-1.42045 -0.05759 17.41959 0 1.70000 45.95000 10.03824 0.17503 13
0.13205 -0.04934 24.91635 0 1.47500 -4.42500 24.70223 0.10170 13
-1.68046 -0.07213 48.81308 0 2.20000 48.70000 25.00984 0.19707 -13
-0.77091 0.04200 44.14644 0 -1.25000 23.87500 34.97448 0.12722 -13
-1.71941 0.08159 84.01155 0 -2.47500 51.55000 42.34135 0.20048 13
-2.01276 -0.19343 34.82969 0 5.87500 61.72500 15.72730 0.22719 -13
-1.16271 0.07551 62.51609 0 -2.27500 35.17500 40.83090 0.15462 -13
1.92793 -0.09363 61.47183 0 2.80000 -56.80000 28.41346 0.21881 13
-1.26748 0.00378 99.56611 0 -0.12500 38.42500 61.67118 0.16245 13
3.61111 0.61469 99.56611 0 -0.12500 38.42500 61.67118 0.16252 13
2.55193 1.12583 99.56611 0 -0.30000 40.95000 61.67118 0.17173 13
-0.68158 0.01183 80.66511 0 -0.37500 20.17500 66.65640 0.12187 13
0.07623 0.01162 4.67306 0 -0.45000 -2.30000 4.65953 0.10103 13
-1.14458 0.07954 56.16278 0 -2.37500 33.50000 37.01821 0.15326 -13
-0.81280 -0.23692 43.13468 0 7.15000 26.37500 33.83207 0.13196 -13
-1.04016 -0.23596 90.37767 0 7.10000 32.75000 63.51335 0.14722 13
-0.70255 -0.03926 90.75322 0 1.20000 18.87500 74.27768 0.12313 -13
-0.31696 -0.22813 72.39038 0 6.90000 8.05000 69.16357 0.10811 -13
-1.25562 -0.16274 64.40761 0 4.90000 37.95000 40.44571 0.16246 13
0.88843 0.09580 48.72538 0 -2.87500 -27.42500 36.49965 0.13505 -13
-0.09792 0.06856 31.41518 0 -2.07500 5.45000 31.26631 0.10142 13
0.15657 0.05988 98.58623 0 -1.80000 -3.20000 97.40381 0.10211 -13
-0.16583 0.10881 88.38173 0 -3.30000 6.27500 87.20476 0.10267 13
0.61433 0.00163 10.01550 0 -0.10000 -16.27500 8.53346 0.11820 13
1.62648 0.00729 75.45766 0 -0.22500 -49.30000 39.52192 0.19227 13
-0.30797 -0.21557 16.12431 0 6.52500 10.75000 15.43981 0.10761 -13
-0.09556 -0.23408 32.94995 0 7.07500 0.90000 32.80821 0.10388 -13
0.91105 -0.15661 11.71469 0 4.67500 -22.77500 8.70638 0.13712 13
-1.91779 -0.16408 20.08293 0 5.00000 59.07500 9.38281 0.21849 -13
-0.31340 -0.24529 65.51666 0 7.40000 7.20000 62.67757 0.10838 13
-0.08561 -0.01467 11.72567 0 0.47500 3.62500 11.68293 0.10109 -13
0.54439 0.00547 64.06777 0 -0.15000 -16.10000 56.27043 0.11466 -13
-0.96963 -0.15058 23.61730 0 4.57500 29.32500 17.04727 0.14111 -13
-0.18553 0.11028 89.02486 0 -3.32500 5.70000 87.54870 0.10302 -13
-1.42681 -0.23591 38.51837 0 7.10000 41.17500 22.50862 0.17703 13
-0.38254 -0.13734 21.88567 0 4.12500 10.07500 20.46540 0.10870 13
-0.46460 0.06060 4.46504 0 -1.70000 15.57500 4.05076 0.11121 -13
-0.61700 0.07242 73.28464 0 -2.17500 16.32500 62.41363 0.11855 -13
0.12122 0.14867 76.32189 0 -4.50000 -2.92500 75.77908 0.10254 13
0.12359 -0.25013 76.32189 0 7.55000 -3.00000 75.77908 0.10454 13
-0.51246 0.12562 62.11976 0 -3.77500 15.05000 55.37278 0.11385 -13
-0.52722 -0.27429 62.11976 0 8.27500 15.50000 55.37278 0.11715 -13
0.16999 0.13775 5.67453 0 -4.07500 -4.20000 5.59580 0.10306 -13
0.17411 -0.26137 5.67453 0 7.97500 -4.32500 5.59580 0.10565 -13
0.28697 0.01135 98.23372 0 -0.35000 -10.02500 94.42308 0.10477 13
0.29869 -0.00858 32.63307 0 0.25000 -7.60000 31.26810 0.10510 13
-0.71550 -0.12892 21.76117 0 3.92500 20.97500 17.74684 0.12452 -13
-0.57660 0.07523 18.73041 0 -2.25000 17.80000 16.23756 0.11648 -13
-1.52994 -0.23916 37.65007 0 7.25000 46.77500 21.00113 0.18566 -13
1.10017 -0.08369 23.77962 0 2.50000 -35.62500 16.02560 0.14994 13
1.88165 -0.03815 16.53950 0 1.10000 -58.60000 7.76637 0.21461 13
-0.80487 -0.04464 63.62196 0 1.32500 26.10000 49.58195 0.12935 13
0.02031 -0.06813 46.43548 0 2.05000 -0.40000 46.42597 0.10096 13
-0.71322 -0.01512 53.46983 0 0.47500 21.97500 43.53389 0.12370 -13
-0.09649 -0.01882 94.57623 0 0.55000 1.07500 94.13917 0.10119 13
-0.18281 0.09635 65.45542 0 -2.90000 5.85000 64.39794 0.10284 -13
1.95421 -0.17248 35.76371 0 5.22500 -60.10000 16.48064 0.22180 -13
0.94682 -0.05745 94.06010 0 1.72500 -28.75000 68.35490 0.13880 13
-1.47480 -0.00579 48.64549 0 0.20000 43.77500 27.30090 0.17945 -13
-1.10258 -0.13731 25.38957 0 4.17500 32.22500 17.14393 0.15056 -13
0.61803 0.09789 94.67723 0 -2.95000 -18.77500 80.64338 0.11880 -13
1.95335 0.03784 4.28005 0 -1.40000 -59.75000 1.95152 0.22116 13
-0.28269 -0.02268 4.83137 0 0.57500 8.42500 4.64922 0.10469 13
-0.70471 -0.00270 23.87552 0 0.05000 21.95000 19.51635 0.12319 13
-1.45500 0.02134 89.75968 0 -0.65000 44.02500 50.84859 0.17781 13
1.09479 0.13191 66.35436 0 -3.97500 -34.70000 44.96101 0.14991 -13
1.12358 -0.26767 66.35436 0 8.07500 -35.57500 44.96101 0.15387 -13
1.11829 0.04445 63.82359 0 -1.35000 -33.50000 42.56691 0.15114 13
1.24164 -0.06711 66.61197 0 2.02500 -35.80000 41.83922 0.16069 -13
-1.10519 -0.16923 22.55040 0 5.07500 32.30000 15.24671 0.15104 13
0.77648 -0.22472 62.63947 0 6.77500 -23.67500 49.92893 0.12948 13
1.11511 -0.16065 89.43510 0 4.82500 -35.42500 60.13048 0.15169 13
-0.08346 0.11699 53.49687 0 -3.55000 4.67500 53.31404 0.10174 13
-1.48134 0.03659 17.74325 0 -1.05000 44.32500 9.93206 0.18002 -13
0.62063 0.08674 62.18771 0 -2.60000 -18.57500 52.89321 0.11884 -13
1.43748 -0.00633 59.51944 0 0.20000 -43.70000 33.99029 0.17634 -13
-0.99489 0.12475 56.51160 0 -3.75000 30.05000 40.21547 0.14260 -13
-1.02394 -0.27519 56.51160 0 8.32500 30.92500 40.21547 0.14679 -13
-0.90779 0.06600 69.02173 0 -1.97500 27.57500 51.15522 0.13616 -13
-0.01531 -0.16376 82.66551 0 4.92500 0.05000 82.65608 0.10205 13
-0.06069 0.11573 30.66684 0 -3.50000 2.65000 30.61127 0.10156 13
0.57343 -0.09234 34.70967 0 2.80000 -17.75000 30.14243 0.11646 -13
0.06588 0.02305 95.86640 0 -0.70000 -0.22500 95.65915 0.10095 -13
-1.22653 -0.09088 54.82959 0 2.72500 34.47500 34.73304 0.15962 13
0.91917 0.10213 12.13385 0 -3.12500 -29.52500 8.95442 0.13720 13
0.68673 -0.17557 81.82416 0 5.30000 -21.57500 67.77598 0.12343 13
-0.37632 0.02694 64.29890 0 -0.82500 11.62500 60.18136 0.10763 13
-0.34108 -0.05581 61.89193 0 1.67500 11.40000 58.58790 0.10655 13
1.34499 -0.06156 78.58533 0 1.87500 -45.40000 46.94560 0.16890 -13
0.49503 -0.20280 72.42523 0 6.12500 -15.07500 65.16130 0.11421 -13
1.17838 0.05833 36.51909 0 -1.77500 -36.62500 23.65267 0.15576 13
-0.27273 -0.17676 12.80050 0 5.30000 7.62500 12.36220 0.10587 13
1.22601 -0.22094 87.13120 0 6.67500 -36.62500 55.85870 0.16088 -13
-0.44840 -0.23177 79.90253 0 6.97500 13.10000 73.22161 0.11280 13
0.42415 0.00284 9.13820 0 -0.02500 -13.85000 8.41262 0.10940 -13
0.75841 -0.05684 69.54981 0 1.72500 -23.87500 55.44797 0.12652 -13
-0.53746 0.14607 8.74609 0 -4.35000 16.17500 7.72190 0.11525 -13
-0.54856 -0.25277 8.74609 0 7.70000 16.52500 7.72190 0.11773 -13
-1.29736 -0.15243 60.56154 0 4.57500 39.37500 37.23826 0.16565 13
1.93455 -0.25034 46.54182 0 7.52500 -58.30000 21.89168 0.22065 13
0.62269 -0.08727 23.54614 0 2.60000 -19.10000 20.00908 0.11895 13
2.12766 -0.01185 8.90873 0 0.47500 -61.50000 3.78979 0.23677 -13
-0.43700 0.00077 48.21112 0 -0.00000 14.72500 44.17805 0.10990 -13
-0.35178 -0.13195 76.06698 0 3.97500 8.30000 71.82404 0.10757 -13
-1.89743 -0.16281 2.97214 0 5.25000 59.25000 1.39997 0.21715 -13
-0.24921 0.09819 39.23828 0 -2.97500 6.32500 38.08446 0.10426 13
0.34561 0.04780 16.46098 0 -1.47500 -10.77500 15.55994 0.10666 13
0.82994 -0.23254 84.99958 0 7.00000 -25.32500 66.10302 0.13294 13
-1.75915 -0.08411 39.19076 0 2.52500 52.52500 19.41915 0.20394 13
-1.11263 0.10301 12.47037 0 -3.17500 34.17500 8.35970 0.15105 13
1.15978 0.01022 37.43124 0 -0.30000 -36.37500 24.44355 0.15422 -13
-0.57618 -0.24786 44.97128 0 7.47500 17.67500 39.25021 0.11887 13
0.49270 -0.02071 29.31134 0 0.65000 -14.85000 26.29443 0.11228 -13
-0.44989 -0.24753 73.19001 0 7.47500 14.15000 67.07325 0.11321 -13
-0.39419 -0.09631 68.05050 0 2.90000 11.32500 63.34866 0.10868 13
-1.25079 -0.02076 38.05542 0 0.65000 39.70000 23.76658 0.16128 -13
0.24661 -0.09706 90.78456 0 2.92500 -7.87500 88.16744 0.10418 -13
0.05139 -0.01805 33.05207 0 0.55000 -1.05000 33.00853 0.10085 -13
-0.02112 -0.12912 78.32858 0 3.90000 -1.30000 78.31140 0.10156 -13
-1.76166 0.09262 38.30546 0 -2.77500 51.95000 18.97087 0.20419 -13
-0.27002 -0.23671 87.72013 0 7.12500 7.57500 84.84047 0.10699 13
0.07865 -0.09782 76.11092 0 2.95000 -1.65000 75.87884 0.10149 13
-0.72256 -0.22806 36.95179 0 6.90000 22.07500 30.20855 0.12636 -13
0.27364 0.08046 86.62137 0 -2.42500 -9.65000 83.56837 0.10472 13
0.46644 -0.02646 90.22957 0 0.80000 -18.12500 81.77710 0.11115 -13
-5.48335 3.69031 90.22957 0 1.27500 -17.10000 81.77710 0.11511 -13
0.87952 0.12121 40.25308 0 -3.65000 -26.65000 30.32239 0.13465 -13
0.90643 -0.27895 40.25308 0 8.42500 -27.47500 30.32239 0.13881 -13
0.39544 -0.02379 7.38583 0 0.77500 -11.52500 6.86838 0.10834 -13
1.03859 0.01228 49.87137 0 -0.37500 -33.32500 34.59180 0.14520 13
-0.79736 -0.10789 1.79643 0 2.90000 24.90000 1.40764 0.12933 13
-0.42497 -0.23822 17.28075 0 7.15000 11.60000 15.96989 0.11200 13
0.52686 0.08727 28.49669 0 -2.65000 -17.12500 25.23241 0.11417 13
-0.06883 0.03451 94.67880 0 -1.05000 -0.05000 94.45559 0.10100 13
0.65066 0.11724 52.81001 0 -3.52500 -19.47500 44.35381 0.12072 -13
1.85851 -0.25088 7.18612 0 7.40000 -56.40000 3.48547 0.21382 13
1.86170 0.06142 4.71673 0 -1.62500 -55.22500 2.23496 0.21288 -13
-0.49547 -0.06535 15.56251 0 2.00000 12.35000 13.95041 0.11259 -13
1.14559 -0.02209 69.96747 0 0.65000 -37.82500 46.01806 0.15315 13
-1.31587 -0.23228 76.94650 0 7.00000 39.37500 47.33183 0.16806 13
0.88695 -0.06246 59.05688 0 1.90000 -29.07500 44.22004 0.13476 -13
0.85692 -0.16358 44.48827 0 4.92500 -28.40000 33.96981 0.13363 13
0.29596 0.01303 37.82014 0 -0.37500 -8.50000 36.26549 0.10503 -13
-0.20853 -0.14990 41.75231 0 4.52500 7.32500 40.89184 0.10398 -13
0.91449 -0.01968 13.29970 0 0.55000 -27.07500 9.81517 0.13648 13
-0.35956 -0.09150 60.26770 0 2.77500 12.75000 56.74003 0.10741 -13
0.50269 -0.16725 30.68128 0 5.05000 -15.45000 27.48784 0.11397 -13
-1.41416 -0.12058 83.19851 0 3.65000 41.57500 48.26751 0.17485 -13
-0.04062 0.08170 10.75486 0 -2.50000 1.10000 10.74606 0.10114 13
-0.63467 0.08724 64.13712 0 -2.62500 17.65000 54.21044 0.11959 -13
0.88900 0.10576 4.31139 0 -3.02500 -26.85000 3.23066 0.13511 -13
0.94357 -0.20372 56.31591 0 6.15000 -28.67500 41.35103 0.13997 -13
-0.02618 0.54445 56.31591 0 5.85000 -28.70000 41.35103 0.14069 -13
1.05210 -0.66625 56.31591 0 6.70000 -27.60000 41.35103 0.15265 -13
-1.20930 -0.22313 14.79545 0 6.77500 37.30000 9.56364 0.15968 -13
0.59090 -0.02857 77.81240 0 0.87500 -17.40000 66.99811 0.11701 -13
-0.47726 -0.17586 69.92355 0 5.30000 15.15000 63.28142 0.11298 13
0.54143 0.14225 22.53954 0 -4.27500 -19.77500 19.86540 0.11540 -13
0.55340 -0.25679 22.53954 0 7.77500 -20.12500 19.86540 0.11799 -13
0.81687 0.02013 43.34901 0 -0.62500 -23.27500 33.57452 0.13005 13
0.54558 -0.07878 83.21266 0 2.37500 -16.57500 73.09940 0.11499 -13
-1.39655 -0.00358 1.48482 0 -0.45000 42.52500 0.86446 0.17344 13
0.00194 -0.07033 44.52101 0 2.12500 3.82500 44.52093 0.10095 -13
-1.12318 -0.19454 37.98548 0 5.85000 35.52500 25.51995 0.15268 13
1.48370 0.08428 51.36502 0 -2.55000 -45.60000 28.77762 0.18039 13
0.67251 -0.11794 8.23422 0 3.47500 -20.27500 6.84656 0.12193 13
-0.22370 -0.15345 60.27260 0 4.62500 7.52500 58.85117 0.10434 13
0.94956 -0.12628 10.49746 0 3.75000 -28.27500 7.64074 0.13942 13
-0.74463 -0.13120 58.40903 0 3.97500 22.97500 46.98968 0.12625 -13
0.07941 -0.19008 70.23205 0 5.75000 -1.35000 70.01933 0.10282 -13
0.58845 0.06393 58.40931 0 -1.95000 -20.32500 50.36653 0.11702 13
0.31954 -0.19872 46.48821 0 6.00000 -12.85000 44.36054 0.10760 -13
0.46630 -0.21031 93.53106 0 6.35000 -15.80000 85.09100 0.11311 13
0.85790 -0.24548 19.71408 0 7.45000 -25.15000 15.14617 0.13500 -13
0.27407 0.07634 12.70698 0 -2.35000 -8.57500 12.25746 0.10472 13
-1.01815 -0.24922 3.42941 0 7.30000 29.40000 2.43974 0.14570 13
-0.55566 0.00895 45.07134 0 -0.25000 14.45000 39.39800 0.11521 -13
-1.12774 -0.03745 98.71557 0 1.12500 33.95000 65.51963 0.15183 13
-0.77429 -0.12406 97.73849 0 3.75000 25.17500 77.50114 0.12797 -13
-0.61797 0.09144 84.79474 0 -2.75000 18.77500 72.21559 0.11873 -13
-0.25841 -0.21734 35.97585 0 6.55000 7.32500 34.88092 0.10628 13
-0.92598 -0.11769 93.61254 0 3.55000 28.05000 68.90544 0.13775 13
-1.01006 -0.02925 4.46608 0 1.02500 32.87500 3.14323 0.14321 -13
-1.17599 0.13158 71.46614 0 -3.95000 34.05000 46.52658 0.15601 -13
-1.20709 -0.26800 71.46614 0 8.10000 35.00000 46.52658 0.16016 -13
1.03456 0.09306 25.52685 0 -2.82500 -29.50000 17.78027 0.14522 13
-1.13355 0.02579 83.09734 0 -0.80000 33.52500 54.98331 0.15224 13
0.58277 -0.22658 73.83343 0 6.82500 -18.20000 64.18990 0.11876 13
1.09821 -0.23801 22.29249 0 7.15000 -34.40000 15.23371 0.15145 13
-1.39276 -0.07046 7.38833 0 2.00000 41.02500 4.31570 0.17280 13
1.74349 -0.06469 42.87800 0 1.92500 -52.25000 21.36694 0.20250 13
-1.19622 0.05920 31.25297 0 -1.80000 38.05000 20.06525 0.15713 13
0.86518 -0.17748 13.45227 0 5.40000 -25.65000 10.24069 0.13439 -13
0.48256 0.06861 52.08992 0 -2.05000 -16.22500 46.93432 0.11202 -13
-0.60228 -0.07374 36.35190 0 2.25000 18.47500 31.16245 0.11780 -13
-0.73616 -0.05975 7.93627 0 1.87500 21.52500 6.39515 0.12523 -13
-0.21825 -0.15421 90.61563 0 4.65000 7.12500 88.57841 0.10423 13
-1.00707 0.06195 85.03443 0 -1.85000 28.97500 59.97436 0.14305 -13
0.32206 -0.06267 82.56281 0 1.90000 -10.37500 78.60209 0.10599 -13
0.21922 -0.23249 29.49383 0 7.02500 -5.87500 28.84367 0.10573 -13
0.79579 -0.21433 91.98612 0 6.45000 -24.92500 72.59790 0.13048 13
-0.37023 0.05471 52.72838 0 -1.65000 12.00000 49.45719 0.10752 13
-1.11424 0.00249 26.61615 0 -0.10000 34.22500 17.77782 0.15077 13
0.04677 0.05786 3.46667 0 -1.87500 -1.05000 3.46288 0.10106 13
-0.48518 -0.24024 67.88847 0 7.25000 17.42500 61.39919 0.11452 -13
1.37802 0.10863 81.81231 0 -3.27500 -38.62500 48.23483 0.17182 13
-0.48414 0.01276 74.19188 0 -0.40000 15.02500 66.77843 0.11189 13
1.26820 -0.10444 73.61305 0 3.15000 -38.20000 45.73282 0.16298 -13
1.33740 -0.13931 64.69802 0 4.22500 -41.67500 38.98231 0.16876 -13
-0.72398 0.00119 64.41831 0 -0.02500 22.35000 52.17916 0.12432 -13
-0.35441 0.08132 15.87221 0 -2.50000 10.72500 14.96515 0.10717 13
-0.65474 -0.16204 61.75607 0 4.90000 17.45000 51.86629 0.12147 -13
0.27609 -0.02010 54.28308 0 0.62500 -8.22500 52.32620 0.10449 -13
-0.64640 -0.09520 44.28757 0 2.85000 19.57500 37.24311 0.12029 13
-1.61044 -0.11147 8.67459 0 3.47500 47.90000 4.59623 0.19133 -13
0.30558 -0.02050 59.52823 0 0.62500 -12.35000 56.93047 0.10532 -13
0.51601 -0.01021 50.59774 0 0.30000 -17.12500 44.96488 0.11332 13
-0.08201 0.01187 44.51092 0 -0.37500 3.00000 44.36198 0.10105 13
-0.13218 -0.19722 17.99893 0 5.97500 3.85000 17.84943 0.10352 -13
-0.80307 -0.11993 12.00282 0 3.55000 22.92500 9.38484 0.12970 13
0.32250 -0.23560 5.43767 0 7.00000 -7.47500 5.18798 0.10838 13
-1.50353 -0.18059 60.73524 0 5.45000 45.27500 34.00902 0.18277 -13
-0.15275 0.01600 47.85451 0 -0.50000 4.10000 47.30596 0.10189 13
-0.82286 0.13263 3.88836 0 -4.15000 24.37500 3.01309 0.13124 13
-0.84407 -0.26707 3.88836 0 7.90000 24.97500 3.01309 0.13438 13
-0.41540 -0.12468 65.62362 0 3.75000 13.75000 60.67132 0.10976 13
1.17672 0.04495 89.67740 0 -1.37500 -35.02500 58.10607 0.15557 13
-1.89722 -0.08487 14.36234 0 2.62500 57.85000 6.71691 0.21615 -13
-0.36571 -0.09885 85.77119 0 2.97500 11.10000 80.59946 0.10769 13
1.33745 -0.02744 91.68358 0 0.82500 -38.65000 54.91491 0.16819 -13
0.77228 -0.14823 44.01727 0 4.47500 -24.50000 34.97882 0.12812 -13
1.32417 -0.07386 66.30562 0 2.25000 -42.62500 40.02828 0.16727 -13
-0.30497 -0.12498 46.91651 0 3.75000 7.40000 44.90544 0.10603 13
0.29451 -0.13969 12.83965 0 4.17500 -8.17500 12.32606 0.10590 13
-0.92962 -0.08114 76.57584 0 2.45000 28.07500 56.17034 0.13774 -13
-1.02313 -0.21556 83.91026 0 6.50000 30.70000 59.32846 0.14570 -13
-0.15862 0.13034 19.22741 0 -3.90000 5.55000 18.99391 0.10280 -13
-0.16289 -0.26929 19.22741 0 8.15000 5.70000 18.99391 0.10560 -13
-0.51260 -0.13027 16.00955 0 3.97500 17.72500 14.27198 0.11394 -13
-0.26437 -0.10640 8.30486 0 3.15000 9.82500 8.03182 0.10470 13
-0.23982 0.06069 49.76850 0 -1.85000 5.22500 48.40109 0.10374 13
0.91227 -0.05206 90.39058 0 1.55000 -26.62500 66.81917 0.13641 13
-0.38985 -0.19542 23.29113 0 5.87500 15.10000 21.75306 0.10985 13
0.60150 0.07182 42.32115 0 -2.17500 -18.52500 36.29047 0.11775 13
1.08950 -0.04081 96.32263 0 1.25000 -34.42500 65.16253 0.14899 -13
0.71813 0.14273 92.07035 0 -4.30000 -22.77500 75.04019 0.12481 -13
0.73386 -0.25632 92.07035 0 7.75000 -23.25000 75.04019 0.12756 -13
0.26504 -0.09168 88.05030 0 2.77500 -7.27500 85.13483 0.10459 -13
0.80215 -0.24341 18.27613 0 7.30000 -24.67500 14.41489 0.13138 13
1.57528 0.10728 26.65842 0 -3.20000 -47.32500 14.34280 0.18822 -13
0.24350 -0.11324 73.11029 0 3.42500 -8.27500 71.06008 0.10427 -13
-0.71368 0.14475 72.21963 0 -4.35000 21.17500 58.98889 0.12458 -13
-0.72879 -0.25420 72.21963 0 7.67500 21.62500 58.98889 0.12723 -13
-0.18402 0.06271 78.65711 0 -1.90000 1.30000 77.36309 0.10259 13
-0.44215 -0.02251 17.66203 0 0.65000 11.72500 16.15429 0.11013 13
-2.01553 0.04834 88.43901 0 -1.47500 61.07500 39.34388 0.22664 13
-0.02515 -0.01759 81.18605 0 0.52500 -0.42500 81.16040 0.10075 -13
0.80129 -0.11292 4.16026 0 3.25000 -24.40000 3.25425 0.12953 13
1.31412 0.05959 26.88587 0 -1.82500 -38.70000 16.29967 0.16641 13
-0.35102 -0.05368 5.29155 0 1.52500 9.80000 4.99369 0.10687 13
-1.09098 0.02076 84.09841 0 -0.62500 31.00000 56.83241 0.14904 13
-1.30427 0.01388 65.29422 0 -0.40000 37.20000 39.73099 0.16551 -13
0.57104 -0.18545 42.18267 0 5.57500 -17.32500 36.78190 0.11745 13
0.18466 0.01829 32.40411 0 -0.52500 -5.47500 31.86553 0.10242 -13
0.49704 0.07048 25.80382 0 -2.15000 -15.70000 23.11823 0.11269 13
-0.88031 0.11474 41.76259 0 -3.47500 26.02500 31.43632 0.13467 13
0.60357 -0.24587 41.46441 0 7.40000 -17.47500 35.77273 0.12019 13
0.19868 -0.09569 88.12226 0 2.90000 -4.25000 86.44768 0.10312 -13
-0.08080 -0.03558 33.91331 0 1.07500 3.67500 33.80328 0.10110 -13
0.66866 0.07437 45.78631 0 -2.25000 -21.05000 38.09328 0.12138 13
0.39087 0.04868 34.76861 0 -1.47500 -10.50000 32.38787 0.10823 13
-0.78240 -0.22673 99.34636 0 6.82500 24.95000 78.98028 0.12988 13
-0.14335 -0.05311 13.50324 0 1.57500 3.00000 13.36700 0.10187 13
1.50837 -0.24394 16.43073 0 7.30000 -45.15000 9.26174 0.18381 13
-2.07166 0.01461 89.13200 0 -0.42500 61.57500 38.75028 0.23166 -13
-1.02549 0.14051 88.34866 0 -4.22500 29.50000 61.98943 0.14493 -13
-1.04893 -0.25864 88.34866 0 7.80000 30.20000 61.98943 0.14826 -13
-0.69079 0.14504 89.63152 0 -4.37500 21.47500 73.99317 0.12326 -13
-0.70532 -0.25390 89.63152 0 7.67500 21.90000 73.99317 0.12586 -13
-0.92473 0.03849 87.68238 0 -1.15000 26.87500 64.39806 0.13721 -13
-0.58970 -0.06111 7.30348 0 1.77500 15.62500 6.29383 0.11707 13
-0.36101 -0.18669 79.71144 0 5.62500 12.85000 75.12157 0.10870 13
-0.09432 -0.13576 99.14693 0 4.10000 -0.70000 98.71670 0.10207 -13
0.36467 -0.21610 8.68336 0 6.45000 -9.17500 8.17922 0.10934 13
1.56613 0.11723 31.90703 0 -3.57500 -47.12500 17.25404 0.18752 13
0.58395 0.11480 4.52206 0 -3.32500 -17.25000 3.91147 0.11717 -13
-1.04961 0.11232 63.12470 0 -3.37500 30.72500 43.68613 0.14643 -13
-0.45100 0.07015 37.74077 0 -2.12500 11.45000 34.41790 0.11070 13
0.44664 -0.02502 20.53173 0 0.72500 -15.15000 18.74772 0.11032 13
-2.18223 0.07969 41.34204 0 -2.37500 63.57500 17.26642 0.24188 -13
-0.61607 -0.24529 70.07332 0 7.40000 18.60000 60.13107 0.12084 -13
0.98556 -0.07224 36.79443 0 2.15000 -30.47500 26.23933 0.14158 13
0.82007 0.02998 33.99304 0 -0.92500 -26.87500 26.28955 0.13027 13
-0.73008 0.05773 57.03796 0 -1.72500 21.72500 46.09366 0.12482 -13
-1.26250 -0.23243 79.64736 0 7.02500 40.92500 50.25010 0.16388 -13
-1.43095 -0.24659 59.54525 0 7.45000 43.22500 34.78532 0.17756 -13
0.31297 -0.10641 39.27333 0 3.22500 -9.00000 37.49908 0.10607 -13
-0.93537 -0.05234 92.89163 0 1.57500 27.65000 67.88286 0.13799 13
0.90468 0.01470 45.04335 0 -0.42500 -25.75000 33.40424 0.13580 -13
-0.24764 -0.23126 84.11337 0 6.97500 8.82500 81.76696 0.10633 -13
0.49186 -0.14688 86.04069 0 4.42500 -14.37500 77.36604 0.11319 13
0.07959 -0.09023 92.81236 0 2.72500 -1.15000 92.52206 0.10143 -13
-1.66556 -0.07929 57.79972 0 2.40000 49.05000 29.82059 0.19580 -13
-0.52354 0.07323 28.48319 0 -2.22500 14.52500 25.24882 0.11391 13
-0.07354 0.07631 53.87405 0 -2.30000 1.12500 53.72985 0.10126 13
-0.08033 -0.10786 11.77470 0 3.30000 1.57500 11.73733 0.10163 -13
0.13496 -0.22618 56.54082 0 6.82500 -5.65000 56.05725 0.10414 -13
0.78480 -0.19329 12.31339 0 5.87500 -23.25000 9.75393 0.12953 -13
-0.13476 -0.06501 60.63948 0 1.95000 5.77500 60.09846 0.10182 13
-0.03642 -0.14067 87.89626 0 4.25000 1.07500 87.83914 0.10176 13
0.31256 -0.13938 45.84916 0 4.20000 -7.42500 43.79847 0.10644 13
0.34073 -0.08313 83.58316 0 2.50000 -9.60000 79.14483 0.10672 13
-1.09515 -0.20822 39.58867 0 6.27500 37.40000 27.00238 0.15080 13
-2.05503 -0.04697 40.90061 0 1.40000 61.32500 17.91248 0.23018 13
1.25255 -0.24275 4.30928 0 7.52500 -36.07500 2.73637 0.16350 -13
0.13163 -0.04120 13.36163 0 1.27500 -4.60000 13.24755 0.10166 -13
-0.76767 0.12972 60.85598 0 -3.90000 22.15000 48.42095 0.12762 -13
-0.78856 -0.26998 60.85598 0 8.15000 22.80000 48.42095 0.13111 -13
0.74306 0.11417 24.60279 0 -3.42500 -23.22500 19.79350 0.12597 -13
-0.45636 -0.11731 38.87977 0 3.52500 14.00000 35.41205 0.11132 13
-1.20241 0.04267 36.42174 0 -1.30000 36.32500 23.30152 0.15755 13
-1.11823 -0.20161 35.13102 0 6.05000 35.67500 23.67633 0.15241 13
0.98128 0.13808 40.87484 0 -4.17500 -29.35000 29.30948 0.14179 13
1.00468 -0.26121 40.87484 0 7.85000 -30.05000 29.30948 0.14513 13
-0.09226 0.07488 29.78140 0 -2.27500 3.17500 29.65619 0.10142 13
-0.80468 -0.05184 37.70362 0 1.57500 21.05000 29.38950 0.12936 -13
-0.20241 0.08605 92.97764 0 -2.60000 7.12500 91.14274 0.10311 13
0.29539 0.11741 83.05786 0 -3.55000 -8.00000 79.69880 0.10567 13
-0.19929 -0.10065 28.88917 0 3.05000 6.10000 28.33748 0.10319 -13
-0.32144 -0.16775 17.89993 0 5.02500 9.77500 17.06252 0.10710 13
-0.00173 0.10151 26.63672 0 -3.05000 0.40000 26.63668 0.10122 -13
-0.39032 -0.12445 37.05896 0 3.75000 12.17500 34.55669 0.10882 13
1.68353 0.11908 42.49668 0 -3.62500 -50.55000 21.81516 0.19758 13
1.73658 -0.28131 42.49668 0 8.45000 -52.12500 21.81516 0.20374 13
-0.97659 -0.05638 45.26887 0 1.67500 26.07500 32.41204 0.14087 13
-1.07955 -0.15176 18.77528 0 4.55000 33.97500 12.83787 0.14893 13
1.97468 -0.05334 66.95812 0 1.60000 -60.10000 30.28573 0.22295 13
1.45379 -0.15477 39.45906 0 4.65000 -43.15000 22.54189 0.17836 13
-0.36956 0.00976 78.99892 0 -0.30000 9.35000 74.10114 0.10737 -13
-1.10678 -0.15258 35.52688 0 4.62500 33.62500 23.96798 0.15102 -13
1.14622 -0.13143 96.56260 0 3.97500 -32.20000 63.78928 0.15377 -13
1.32876 -0.18099 86.80470 0 5.47500 -39.65000 52.73455 0.16846 -13
0.50310 0.12444 24.39393 0 -3.72500 -16.07500 21.82555 0.11341 -13
0.51785 -0.27550 24.39393 0 8.32500 -16.52500 21.82555 0.11677 -13
0.98163 0.11811 16.35909 0 -3.60000 -31.20000 11.71389 0.14164 13
1.01293 -0.28245 16.35909 0 8.47500 -32.12500 11.71389 0.14609 13
-2.03913 0.02760 57.57361 0 -0.82500 58.42500 25.35798 0.22871 -13
0.57742 0.14687 60.08841 0 -4.42500 -17.97500 52.17446 0.11722 -13
0.58916 -0.25200 60.08841 0 7.60000 -18.32500 52.17446 0.11961 -13
0.61649 0.03506 22.63303 0 -1.02500 -20.60000 19.26932 0.11836 -13
0.81344 -0.14567 72.55367 0 4.37500 -26.97500 56.51755 0.13064 13
-0.47819 -0.07922 5.22775 0 2.50000 14.50000 4.71867 0.11197 -13
-1.41741 -0.09037 44.47732 0 2.70000 44.25000 25.71020 0.17491 13
0.87826 -0.08659 9.94689 0 2.67500 -26.80000 7.48602 0.13434 -13
-1.10779 0.11246 2.20098 0 -3.72500 35.47500 1.47960 0.15112 13
-1.14576 -0.28863 2.20098 0 8.35000 36.47500 1.47960 0.15563 13
-0.72835 0.09799 52.74474 0 -2.97500 19.77500 42.70505 0.12498 13
-1.68381 -0.13078 67.60762 0 3.95000 53.80000 34.73852 0.19767 -13
-1.87020 -0.07470 79.70768 0 2.27500 57.37500 37.66510 0.21372 -13
0.81390 -0.12936 66.69500 0 3.90000 -27.00000 51.89791 0.13049 13
1.48139 0.00738 20.55879 0 -0.27500 -44.55000 11.50266 0.18000 13
0.89193 0.15316 4.46153 0 -4.47500 -27.97500 3.34605 0.13578 -13
0.90819 -0.24524 4.46153 0 7.55000 -28.50000 3.34605 0.13845 -13
1.23045 -0.05869 58.11282 0 1.77500 -35.70000 36.68887 0.15979 -13
1.28135 -0.01484 53.92780 0 0.45000 -37.90000 33.18066 0.16369 -13
2.02812 0.09518 11.19193 0 -2.97500 -61.35000 4.96725 0.22800 13
1.40891 -0.12561 32.90628 0 3.82500 -41.50000 19.14493 0.17446 -13
-0.31305 -0.08576 29.02033 0 2.60000 8.80000 27.70408 0.10588 -13
1.49143 -0.09564 38.64836 0 2.85000 -45.10000 21.59152 0.18108 13
1.02301 -0.10368 44.36735 0 3.15000 -30.60000 31.09878 0.14445 -13
0.64968 -0.11333 52.94187 0 3.42500 -19.67500 44.47859 0.12064 -13
2.02483 -0.09602 7.67437 0 2.75000 -60.42500 3.41077 0.22738 13
0.37672 0.24845 7.67437 0 2.75000 -60.40000 3.41077 0.22741 13
-0.36734 -0.05429 7.67437 0 4.92500 -61.72500 3.41077 0.24156 13
-1.72074 1.92955 7.67437 0 3.20000 -60.55000 3.41077 0.25069 13
0.91280 10.51404 7.67437 0 4.00000 -30.87500 3.41077 0.48827 13
-1.06077 -1.03168 7.67437 0 4.90000 -33.47500 3.41077 0.50580 13
-1.09311 0.68756 7.67437 0 3.45000 -33.45000 3.41077 0.51374 13
1.05640 -0.07940 7.67437 0 4.07500 -32.47500 3.41077 0.52120 13
1.65511 -0.08571 36.26092 0 2.55000 -48.05000 18.80187 0.19491 13
0.71229 0.09218 87.79688 0 -2.80000 -20.77500 71.61225 0.12398 13
0.37351 -0.00619 94.59955 0 0.20000 -11.70000 88.61996 0.10750 -13
-1.59664 -0.14189 16.20746 0 4.32500 48.72500 8.66466 0.19031 -13
0.76820 0.00785 59.08033 0 -0.25000 -21.45000 46.85221 0.12699 13
1.48305 -0.07078 87.51626 0 2.12500 -45.30000 49.01139 0.18027 13
1.57779 0.12508 63.61467 0 -3.75000 -46.42500 34.24338 0.18853 -13
1.62372 -0.27485 63.61467 0 8.30000 -47.82500 34.24338 0.19405 -13
0.16599 -0.15022 74.45623 0 4.52500 -2.67500 73.47298 0.10319 13
0.00446 -0.04228 26.15293 0 1.30000 0.77500 26.15266 0.10080 -13
0.60159 -0.05303 31.20499 0 1.57500 -19.95000 26.74910 0.11764 13
-0.01221 0.12904 16.42154 0 -3.92500 1.40000 16.42034 0.10156 13
-0.01258 -0.27076 16.42154 0 8.12500 1.40000 16.42034 0.10431 13
0.83052 0.02967 3.70583 0 -0.72500 -23.70000 2.85133 0.13098 -13
0.18667 -0.03071 24.45999 0 0.90000 -6.32500 24.04494 0.10249 13
