-0.12458 -0.11701 62.09531 0 3.52500 5.10000 61.62543 0.10216 13
0.74261 0.04831 76.40461 0 -1.47500 -21.50000 61.36573 0.12553 13
-0.77182 -0.02965 1.40543 0 0.45000 23.65000 1.11270 0.12757 13
-0.05317 0.07383 22.27177 0 -2.25000 1.02500 22.24053 0.10113 13
0.13096 0.06325 15.39291 0 -1.87500 -3.72500 15.26310 0.10176 -13
-0.03334 0.04881 89.55524 0 -1.47500 3.12500 89.50563 0.10088 13
1.15124 0.12488 88.90740 0 -3.77500 -32.10000 58.56033 0.15408 13
1.18484 -0.27512 88.90740 0 8.30000 -33.10000 58.56033 0.15856 13
0.11026 -0.11989 43.78113 0 3.60000 -1.02500 43.52110 0.10202 13
0.48561 -0.17333 56.01631 0 5.25000 -12.67500 50.52983 0.11331 -13
-0.85932 -0.02511 52.20567 0 0.75000 26.27500 39.60014 0.13280 13
0.02696 0.08314 37.13335 0 -2.52500 -0.97500 37.11997 0.10109 13
-1.76757 0.00361 6.97738 0 -0.25000 52.02500 3.43570 0.20455 13
-0.95705 -0.02382 68.91449 0 0.72500 29.97500 49.79373 0.13941 -13
-0.29595 0.02439 62.37273 0 -0.75000 7.92500 59.80995 0.10505 13
0.72556 -0.14351 8.16136 0 4.40000 -20.70000 6.62858 0.12532 -13
1.11485 -0.04145 42.58129 0 1.22500 -34.67500 28.44603 0.15087 13
0.16420 -0.21923 47.85997 0 6.60000 -6.37500 47.25581 0.10440 13
-0.92758 -0.23822 65.32630 0 7.20000 31.30000 48.50047 0.13944 -13
-0.87994 0.11846 55.53756 0 -3.55000 26.77500 41.82086 0.13466 -13
2.05195 0.02253 92.30390 0 -0.70000 -62.92500 40.44515 0.22988 13
0.07022 -0.00132 30.36866 0 0.05000 -1.37500 30.29407 0.10096 -13
-0.07045 -0.12914 67.76976 0 3.90000 3.15000 67.60496 0.10178 13
1.14297 -0.20876 20.70412 0 6.32500 -35.97500 13.79720 0.15442 -13
0.81007 0.04303 36.35251 0 -1.32500 -23.65000 28.25784 0.12967 13
2.09426 -0.21920 79.57596 0 6.62500 -63.75000 34.94664 0.23477 -13
-0.63677 0.12220 46.49844 0 -3.70000 19.37500 39.30538 0.12003 13
-0.65603 -0.27795 46.49844 0 8.37500 19.95000 39.30538 0.12364 13
0.39012 0.07549 37.23977 0 -2.25000 -12.87500 34.70627 0.10836 -13
-1.06457 0.02966 14.40237 0 -0.95000 33.02500 9.86269 0.14713 13
-0.35827 -0.08102 25.38749 0 2.47500 10.82500 23.90860 0.10729 -13
0.91167 -0.14056 96.16893 0 4.22500 -28.45000 71.38210 0.13700 13
-1.48582 0.10938 82.99721 0 -3.30000 45.17500 46.53041 0.18070 13
0.23865 0.13135 53.28111 0 -3.95000 -4.32500 51.84935 0.10437 -13
0.24498 -0.26825 53.28111 0 8.10000 -4.50000 51.84935 0.10715 -13
-0.50896 0.07574 84.81614 0 -2.27500 13.90000 75.63394 0.11325 -13
-0.25311 0.10958 11.57935 0 -3.35000 7.75000 11.22936 0.10448 13
0.12730 0.08030 31.29624 0 -2.45000 -4.05000 31.04721 0.10184 13
0.01701 -0.20232 59.27979 0 6.10000 1.05000 59.27157 0.10277 -13
-1.64168 -0.23835 4.62075 0 7.40000 47.82500 2.45212 0.19545 -13
1.37470 -0.18354 89.35573 0 5.52500 -40.25000 53.13264 0.17218 13
-1.78474 0.03623 39.69349 0 -1.12500 53.00000 19.41250 0.20605 13
0.34620 0.08107 63.18840 0 -2.42500 -9.35000 59.73222 0.10688 -13
-2.06619 -0.22250 18.90633 0 6.77500 62.97500 8.39938 0.23233 -13
0.37301 -0.21799 32.91880 0 6.55000 -8.95000 30.92894 0.10969 13
-0.09769 -0.17572 4.81732 0 5.20000 2.82500 4.79517 0.10268 13
-0.79662 -0.03860 15.41441 0 1.20000 22.25000 12.06037 0.12881 -13
-0.32177 0.07470 57.08797 0 -2.25000 10.77500 54.35815 0.10605 -13
0.18681 -0.11832 55.63774 0 3.55000 -4.80000 54.70447 0.10314 13
0.02455 -0.05087 73.54710 0 1.55000 -0.80000 73.52505 0.10086 -13
-0.14899 -0.02935 3.91128 0 1.00000 0.97500 3.86859 0.10191 -13
-0.36177 -0.04254 60.90430 0 1.30000 9.02500 57.27755 0.10718 -13
1.38753 0.07598 83.74844 0 -2.27500 -44.92500 49.05834 0.17241 -13
-1.28869 -0.07615 42.41403 0 2.32500 38.32500 26.04910 0.16445 -13
-0.85819 0.02864 48.53138 0 -0.85000 26.07500 36.83498 0.13273 -13
-0.33360 0.05707 55.98145 0 -1.72500 8.90000 53.11295 0.10631 13
-1.85547 -0.22118 21.93740 0 6.72500 56.32500 10.60111 0.21349 -13
-0.14347 0.02034 51.87924 0 -0.60000 5.07500 51.35361 0.10176 -13
0.02555 -0.13115 61.23514 0 3.95000 -0.17500 61.21555 0.10159 13
-0.71983 0.12125 8.14150 0 -3.57500 18.67500 6.62418 0.12465 -13
-0.74191 -0.27893 8.14150 0 8.50000 19.37500 6.62418 0.12859 -13
-1.24207 0.10516 29.31390 0 -3.20000 35.90000 18.44483 0.16094 13
-0.13398 -0.02161 29.68693 0 0.67500 2.72500 29.42414 0.10163 -13
-0.32292 -0.05811 49.93718 0 1.77500 8.62500 47.52851 0.10599 -13
1.61964 0.14245 24.02569 0 -4.25000 -50.05000 12.71323 0.19220 -13
1.65552 -0.25658 24.02569 0 7.77500 -51.17500 12.71323 0.19654 -13
-1.21479 0.01025 55.85821 0 -0.30000 36.60000 35.50294 0.15845 -13
-1.73953 -0.24626 22.56741 0 7.47500 52.82500 11.49761 0.20363 -13
0.13616 0.00958 93.04598 0 -0.27500 -1.65000 92.19534 0.10164 -13
0.03844 -0.02706 73.57424 0 0.80000 -2.92500 73.51999 0.10081 13
0.09723 -0.20490 28.74961 0 6.15000 -1.40000 28.62015 0.10325 13
-0.08169 0.01735 24.07666 0 -0.55000 5.17500 23.99676 0.10105 13
0.88513 -0.04019 99.15166 0 1.22500 -26.92500 74.27162 0.13455 -13
0.06401 -0.00093 59.70033 0 0.02500 -1.02500 59.57839 0.10091 -13
-0.39551 0.06678 51.41339 0 -2.00000 13.00000 47.82424 0.10850 -13
-0.55300 -0.02512 52.81818 0 0.77500 16.62500 46.22521 0.11510 -13
1.85636 -0.12560 80.07473 0 3.80000 -55.72500 38.20710 0.21273 -13
-0.62570 0.08324 33.22021 0 -2.50000 18.55000 28.18893 0.11908 -13
1.64640 -0.05440 38.11837 0 1.67500 -51.37500 19.81016 0.19407 -13
-0.01803 -0.09437 32.64641 0 2.82500 0.32500 32.64113 0.10116 13
1.42603 0.07197 12.73003 0 -2.25000 -42.25000 7.32214 0.17557 13
-1.98965 0.05711 25.39929 0 -1.77500 58.12500 11.42101 0.22433 13
1.03547 -0.07541 27.04633 0 2.30000 -31.70000 18.81598 0.14517 -13
-1.16833 -0.16871 36.04428 0 5.10000 36.35000 23.62793 0.15581 -13
1.37043 -0.02667 26.39097 0 0.82500 -42.00000 15.55994 0.17087 -13
0.85479 -0.23342 31.27000 0 7.02500 -26.57500 24.03344 0.13452 13
-0.97864 -0.14509 12.47449 0 4.42500 29.85000 8.96080 0.14170 -13
0.22283 -0.19479 37.14402 0 5.87500 -6.62500 36.28619 0.10502 13
-1.79350 -0.23987 55.26703 0 7.22500 54.62500 27.49090 0.20817 13
-1.00761 -0.06716 13.80679 0 1.97500 29.52500 9.73687 0.14311 13
0.02112 -0.24934 35.69564 0 7.50000 1.32500 35.68815 0.10380 13
-0.23224 0.03967 16.73451 0 -1.17500 4.92500 16.30123 0.10346 -13
0.38349 0.04348 33.76966 0 -1.30000 -11.87500 31.53441 0.10794 -13
0.03698 -0.18751 47.60469 0 5.65000 0.00000 47.57325 0.10252 13
0.20321 0.04284 68.18177 0 -1.30000 -6.65000 66.81865 0.10285 13
0.14671 0.07126 9.43203 0 -2.20000 -5.55000 9.33253 0.10205 13
0.36512 -0.15629 27.21908 0 4.70000 -11.77500 25.60420 0.10834 13
-1.38495 0.10260 17.94244 0 -3.15000 42.25000 10.53955 0.17237 13
0.82774 0.07737 48.88786 0 -2.35000 -26.50000 37.70594 0.13096 13
1.48632 0.05296 59.32493 0 -1.60000 -45.47500 33.14722 0.18048 13
0.83252 0.05357 88.63206 0 -1.60000 -28.20000 68.15644 0.13114 -13
-0.98402 -0.10701 68.51621 0 3.22500 28.90000 48.97310 0.14169 13
0.42774 -0.06228 18.87396 0 1.85000 -14.92500 17.35821 0.10970 13
0.37582 0.14122 81.04414 0 -4.25000 -13.62500 75.95523 0.10851 -13
0.38431 -0.25789 81.04414 0 7.77500 -13.87500 75.95523 0.11097 -13
0.58677 -0.22034 67.75640 0 6.65000 -17.85000 58.78873 0.11885 -13
-0.53922 0.10860 48.55933 0 -3.27500 14.45000 42.79792 0.11493 -13
-0.45295 -0.00627 79.02999 0 0.17500 15.60000 71.98958 0.11055 13
-1.90618 -0.11844 44.66367 0 3.60000 57.27500 20.86212 0.21712 -13
0.07083 -0.17715 64.91872 0 5.35000 -3.62500 64.76132 0.10252 -13
-0.67877 0.03510 88.44918 0 -1.07500 19.67500 73.19699 0.12176 13
-0.98510 -0.18742 70.42246 0 5.65000 30.52500 50.59314 0.14260 13
1.24306 0.11280 95.55185 0 -3.40000 -38.05000 60.12355 0.16105 -13
-0.12402 -0.06838 64.88090 0 2.05000 2.80000 64.38985 0.10170 13
0.71088 0.14504 97.53741 0 -4.37500 -20.05000 79.77339 0.12442 13
0.72585 -0.25392 97.53741 0 7.65000 -20.50000 79.77339 0.12703 13
0.93054 -0.03389 98.90690 0 1.02500 -29.65000 72.42585 0.13760 13
0.89297 -0.01393 12.19528 0 0.47500 -25.60000 9.09674 0.13502 -13
0.95165 0.11278 97.14563 0 -3.40000 -27.90000 70.58346 0.13948 -13
-0.14496 0.14863 22.84603 0 -4.45000 4.25000 22.61470 0.10284 -13
-0.14778 -0.25020 22.84603 0 7.57500 4.32500 22.61470 0.10489 -13
0.54031 -0.04810 92.22816 0 1.45000 -17.00000 81.16266 0.11457 -13
-1.16730 -0.08415 3.85716 0 2.72500 33.95000 2.51502 0.15513 -13
-1.07469 -0.04177 90.26235 0 1.25000 34.85000 61.51619 0.14790 13
1.34867 -0.10704 49.02218 0 3.25000 -42.90000 29.30481 0.16943 -13
-2.07450 0.07090 43.41511 0 -2.12500 60.17500 18.89012 0.23202 -13
-1.61807 -0.17800 80.29432 0 5.37500 46.27500 42.68949 0.19240 -13
-0.01522 -0.07983 80.76027 0 2.40000 1.75000 80.75096 0.10104 13
0.48009 -0.24422 86.17443 0 7.37500 -13.52500 78.09820 0.11438 -13
0.06658 -0.16849 37.93685 0 5.10000 1.05000 37.85533 0.10235 -13
1.08235 -0.17667 5.57943 0 5.20000 -33.40000 3.81699 0.14939 13
0.48507 0.08608 54.27166 0 -2.60000 -15.42500 48.86437 0.11226 13
1.19199 -0.13562 78.46220 0 4.10000 -36.07500 50.69783 0.15728 -13
0.47718 -0.10242 18.37006 0 3.05000 -16.50000 16.59520 0.11205 13
-1.46404 0.02995 7.43024 0 -0.80000 42.90000 4.19208 0.17857 -13
1.69930 -0.24443 60.95621 0 7.35000 -49.90000 31.58389 0.20005 13
-0.46976 -0.10636 73.35664 0 3.22500 16.52500 66.46269 0.11178 -13
-0.27753 0.08616 80.19191 0 -2.60000 6.70000 77.29189 0.10487 -13
1.96526 0.05016 10.52005 0 -1.62500 -57.62500 4.77631 0.22213 13
-0.85015 -0.21897 53.01164 0 6.62500 22.07500 40.78224 0.13402 -13
0.67759 -0.08954 33.90749 0 2.72500 -18.65000 28.10562 0.12198 -13
-1.81024 -0.19930 54.24293 0 6.02500 56.70000 26.62212 0.20924 -13
-0.43171 0.00720 1.69301 0 -0.52500 12.65000 1.55449 0.10991 13
0.39476 -0.22227 26.27851 0 6.72500 -14.07500 24.52069 0.11057 -13
0.18278 -0.15346 4.82464 0 4.72500 -5.20000 4.74773 0.10361 -13
-0.80265 0.00144 58.32647 0 -0.05000 25.07500 45.48644 0.12913 13
-1.94086 0.07241 65.70752 0 -2.20000 58.95000 30.15728 0.22000 13
-0.75669 -0.02778 72.14603 0 0.82500 23.55000 57.53984 0.12632 13
-1.68826 -0.06840 9.52902 0 1.97500 49.67500 4.86529 0.19766 13
-0.38730 0.14155 68.86139 0 -4.27500 13.57500 64.29583 0.10892 -13
-0.39600 -0.25754 68.86139 0 7.77500 13.82500 64.29583 0.11138 -13
0.60416 0.12205 7.63564 0 -3.60000 -19.97500 6.54831 0.11827 -13
0.62244 -0.27787 7.63564 0 8.47500 -20.55000 6.54831 0.12198 -13
-0.16432 -0.03371 44.59275 0 1.00000 4.32500 44.00331 0.10211 13
-1.37885 -0.11210 83.52950 0 3.40000 41.30000 49.24171 0.17190 -13
0.79870 -0.13684 12.23825 0 4.07500 -24.55000 9.59706 0.12959 13
0.14987 -0.22103 72.95795 0 6.65000 -3.67500 72.18913 0.10423 13
1.61980 -0.24200 25.32566 0 7.32500 -49.90000 13.57867 0.19330 -13
-0.13641 0.07003 2.34895 0 -1.90000 6.15000 2.32739 0.10194 -13
-0.18398 -0.05521 48.46731 0 1.65000 3.37500 47.66967 0.10254 13
0.78475 -0.24677 8.33183 0 7.52500 -23.25000 6.62770 0.13048 -13
-0.17381 -0.03415 12.91119 0 1.00000 5.27500 12.72075 0.10227 13
0.38553 -0.06732 11.35582 0 1.97500 -11.25000 10.59876 0.10813 13
-0.38974 -0.20213 86.23758 0 6.10000 10.40000 80.55891 0.10999 -13
-1.39054 -0.14268 41.30262 0 4.32500 41.85000 24.27436 0.17310 -13
-0.86677 -0.06470 47.66086 0 1.97500 28.95000 36.04733 0.13343 -13
1.17955 -0.23770 36.93128 0 7.20000 -34.07500 24.26207 0.15758 -13
-0.07107 -0.03038 48.32629 0 0.92500 2.40000 48.20483 0.10100 -13
0.75337 -0.02615 96.85064 0 0.80000 -22.45000 77.36478 0.12611 -13
0.75066 0.04590 25.66669 0 -1.40000 -25.97500 20.53458 0.12601 13
1.69616 0.12404 74.74830 0 -3.75000 -51.30000 38.17805 0.19869 13
1.74626 -0.27605 74.74830 0 8.30000 -52.80000 38.17805 0.20451 13
-0.38806 -0.11144 3.24801 0 3.20000 9.77500 3.03051 0.10859 13
-0.90888 0.06394 56.22977 0 -1.95000 27.47500 41.64992 0.13624 13
-2.96082 1.84451 56.22977 0 -1.80000 26.77500 41.64992 0.15172 13
-0.69224 -0.01027 23.07770 0 0.27500 20.35000 18.97529 0.12248 13
-0.56313 -0.13508 61.49878 0 4.07500 16.37500 53.70239 0.11636 13
2.10104 -0.16458 49.07013 0 4.95000 -63.97500 21.31863 0.23488 13
1.93382 0.02160 66.80177 0 -0.67500 -61.52500 30.68995 0.21925 13
-0.28730 -0.17890 80.87961 0 5.40000 7.92500 77.82709 0.10632 -13
-1.29902 -0.07742 28.35878 0 2.37500 39.92500 17.33081 0.16529 -13
-0.22126 0.07998 57.16018 0 -2.40000 6.77500 55.81864 0.10345 -13
1.43823 -0.10314 29.71102 0 3.15000 -42.10000 17.02187 0.17671 -13
-1.38193 0.10858 66.65770 0 -3.30000 42.57500 39.22681 0.17214 13
-0.77318 0.14805 62.75359 0 -4.47500 23.45000 49.84520 0.12817 13
-0.78851 -0.25079 62.75359 0 7.55000 23.92500 49.84520 0.13070 13
1.22558 -0.03312 14.64183 0 0.95000 -37.42500 9.25964 0.15932 13
0.63461 0.08922 28.41802 0 -2.67500 -21.35000 24.02157 0.11960 -13
0.09054 -0.07613 89.56508 0 2.30000 -2.20000 89.20228 0.10141 -13
0.54021 -0.11629 84.99926 0 3.52500 -16.22500 74.89771 0.11506 -13
0.34776 0.10414 4.36528 0 -3.02500 -10.30000 4.12563 0.10712 -13
0.09387 -0.22731 43.75806 0 6.85000 -1.30000 43.57593 0.10369 13
-0.08768 -0.09203 90.47602 0 2.77500 2.70000 90.13306 0.10152 -13
0.20167 0.13263 80.63004 0 -4.00000 -6.32500 79.06566 0.10359 -13
0.20691 -0.26690 80.63004 0 8.05000 -6.50000 79.06566 0.10629 -13
0.88812 -0.00831 21.81240 0 0.22500 -27.05000 16.30913 0.13469 13
0.47516 0.03342 61.73415 0 -1.00000 -16.37500 55.76533 0.11155 -13
0.90038 -0.01199 77.86929 0 0.35000 -24.87500 57.87084 0.13551 13
1.41412 0.01426 62.56651 0 -0.42500 -42.95000 36.12678 0.17442 -13
0.67202 0.07953 53.82923 0 -2.40000 -18.07500 44.72176 0.12159 -13
0.54203 -0.10559 42.44683 0 3.17500 -16.92500 37.36429 0.11503 13
1.53729 0.04295 32.04707 0 -1.27500 -46.17500 17.48606 0.18472 -13
-0.36753 -0.08251 11.45687 0 2.52500 8.30000 10.75789 0.10763 -13
-0.80162 -0.15528 59.59118 0 4.70000 23.90000 46.71203 0.13001 -13
0.70109 0.01170 79.35087 0 -0.35000 -21.77500 64.97514 0.12299 -13
-0.64308 -0.15289 21.98912 0 4.57500 20.00000 18.55667 0.12070 13
0.28121 -0.03279 78.06184 0 0.97500 -11.40000 75.15007 0.10466 13
0.03998 -0.01257 93.85275 0 0.37500 0.22500 93.77782 0.10079 13
-0.99097 -0.07276 9.61378 0 2.12500 28.15000 6.83716 0.14196 13
1.31627 0.03821 55.18006 0 -1.15000 -38.12500 33.39621 0.16651 -13
-1.75658 -0.09666 42.64658 0 2.90000 55.87500 21.17212 0.20377 13
-1.55772 0.14224 2.19619 0 -3.87500 48.67500 1.19473 0.18686 -13
-1.59103 -0.25657 2.19619 0 8.17500 49.95000 1.19473 0.19201 -13
0.07148 -0.23424 24.43971 0 7.05000 -1.67500 24.38079 0.10366 13
-0.41436 -0.13616 87.99852 0 4.12500 13.92500 81.40441 0.10987 -13
-1.06944 -0.08729 60.36757 0 2.65000 32.67500 41.31488 0.14771 -13
0.12128 0.05783 15.30691 0 -1.72500 -3.17500 15.19600 0.10160 -13
1.28369 -0.08657 22.08254 0 2.65000 -37.95000 13.60221 0.16412 -13
-1.05218 -0.11220 31.47689 0 3.40000 31.42500 21.75557 0.14663 -13
0.20758 0.12444 28.22787 0 -3.77500 -7.90000 27.64734 0.10362 13
0.21367 -0.27560 28.22787 0 8.30000 -8.10000 27.64734 0.10663 13
0.09450 0.12425 75.10498 0 -3.75000 -4.67500 74.77685 0.10192 -13
0.09728 -0.27575 75.10498 0 8.32500 -4.75000 74.77685 0.10493 -13
1.51118 -0.23306 63.07816 0 7.05000 -46.42500 35.45006 0.18400 -13
1.27371 0.09195 28.45080 0 -2.80000 -37.35000 17.61517 0.16335 13
-1.75716 0.07186 6.60283 0 -2.02500 52.25000 3.27149 0.20373 -13
-2.00292 0.06022 42.56891 0 -1.80000 58.70000 19.04295 0.22551 -13
1.49545 0.04355 9.21205 0 -1.22500 -44.42500 5.12422 0.18119 -13
1.31915 0.14602 43.50937 0 -4.42500 -41.97500 26.46058 0.16736 13
1.34636 -0.25292 43.50937 0 7.60000 -42.77500 26.46058 0.17077 13
0.49030 -0.02109 72.73944 0 0.65000 -15.02500 65.31515 0.11218 -13
-0.16645 0.02108 1.29189 0 -1.02500 4.97500 1.27434 0.10249 13
0.66447 -0.10407 30.84284 0 3.12500 -21.15000 25.73124 0.12135 13
1.14818 0.08037 37.39029 0 -2.45000 -33.82500 24.60149 0.15355 13
-1.11886 0.02955 84.06180 0 -0.87500 32.60000 56.03188 0.15114 -13
-0.64085 0.07957 72.03817 0 -2.40000 15.97500 60.70824 0.11987 -13
1.98967 -0.12081 80.03598 0 3.65000 -62.85000 36.15050 0.22458 -13
-0.91250 -0.22207 31.49599 0 6.67500 26.32500 23.51776 0.13813 13
0.29732 -0.22932 38.18039 0 6.92500 -11.32500 36.67156 0.10758 -13
0.28344 -0.02795 84.23697 0 0.82500 -9.82500 81.04672 0.10471 13
0.61210 0.04768 84.50272 0 -1.42500 -18.40000 72.09513 0.11817 -13
-1.51211 0.07047 50.13418 0 -2.15000 45.45000 27.70292 0.18271 13
0.75095 0.11278 95.45033 0 -3.40000 -22.10000 76.49914 0.12644 -13
-0.87993 -0.13840 64.81176 0 4.17500 28.30000 48.85713 0.13487 -13
-0.35644 0.07625 56.79518 0 -2.30000 10.95000 53.51586 0.10718 -13
0.87544 -0.01199 96.41784 0 0.37500 -25.12500 72.54847 0.13385 -13
0.23266 -0.23638 86.94825 0 7.15000 -9.10000 84.80188 0.10611 -13
0.22649 -0.09063 82.80106 0 2.75000 -7.45000 80.77160 0.10366 -13
-0.69607 -0.14559 5.63268 0 4.27500 21.25000 4.63883 0.12353 13
1.97969 0.10899 34.50047 0 -3.25000 -60.62500 15.62848 0.22359 -13
-1.10455 -0.00297 82.96017 0 0.07500 33.27500 55.67903 0.15005 13
-0.09284 0.06036 10.79991 0 -1.77500 1.32500 10.75379 0.10131 -13
0.16705 0.14818 65.99418 0 -4.47500 -4.15000 65.11113 0.10318 13
0.17036 -0.25065 65.99418 0 7.55000 -4.25000 65.11113 0.10522 13
1.82536 -0.12729 6.35593 0 4.00000 -56.32500 3.07213 0.21020 -13
-0.68967 -0.13786 13.05962 0 4.10000 19.80000 10.78347 0.12309 13
1.52992 0.10509 18.77632 0 -3.12500 -43.67500 10.31237 0.18434 -13
0.54563 0.01059 32.68675 0 -0.30000 -18.07500 28.69393 0.11472 -13
-0.90174 -0.06829 89.52213 0 2.05000 30.22500 66.55318 0.13577 13
-0.92804 0.12937 9.11210 0 -3.97500 27.87500 6.70467 0.13806 13
-0.95338 -0.27035 9.11210 0 8.07500 28.60000 6.70467 0.14170 13
0.68136 -0.13604 6.50616 0 4.20000 -14.62500 5.39206 0.12270 -13
-0.47837 -0.11925 7.34910 0 3.52500 15.77500 6.63820 0.11225 13
0.71088 -0.24888 82.94624 0 7.52500 -20.15000 68.27681 0.12608 -13
0.31100 -0.16281 91.82607 0 4.90000 -9.30000 87.78345 0.10672 13
-0.50757 0.03019 18.33610 0 -0.95000 14.55000 16.35188 0.11298 13
-0.14627 -0.01565 78.19498 0 0.47500 3.52500 77.37185 0.10179 -13
-0.48440 -0.17694 43.92576 0 5.35000 15.20000 39.64641 0.11331 -13
-1.02275 -0.13657 59.17165 0 4.10000 29.25000 41.56241 0.14470 13
-0.32188 -0.12024 52.97575 0 3.62500 10.60000 50.46164 0.10648 13
-0.88310 0.01403 3.13794 0 -0.62500 25.37500 2.35249 0.13443 13
-1.00094 -0.20619 3.14201 0 6.45000 29.97500 2.24347 0.14432 -13
0.84418 0.07555 72.72546 0 -2.27500 -26.15000 55.63758 0.13201 -13
0.09964 -0.02576 20.96894 0 0.75000 -1.32500 20.86572 0.10123 13
1.04364 -0.07787 60.51099 0 2.35000 -32.15000 41.93061 0.14577 -13
0.19552 -0.10785 52.60905 0 3.25000 -2.82500 51.64246 0.10318 13
1.16563 0.06274 30.72708 0 -1.92500 -38.02500 20.03000 0.15480 13
-0.91401 0.06098 53.31985 0 -1.85000 28.40000 39.38988 0.13657 13
0.51184 0.14399 68.69288 0 -4.32500 -17.37500 61.27774 0.11405 -13
0.52284 -0.25500 68.69288 0 7.70000 -17.70000 61.27774 0.11651 -13
0.32361 -0.05116 2.81247 0 1.72500 -7.92500 2.67618 0.10608 -13
0.35957 0.01923 76.30950 0 -0.57500 -12.62500 71.80975 0.10703 -13
1.47681 -0.06399 84.59064 0 1.92500 -44.42500 47.49504 0.17972 13
-0.10669 0.06297 44.51755 0 -1.90000 1.82500 44.26736 0.10147 13
0.30750 0.06310 40.40584 0 -1.90000 -11.77500 38.62762 0.10555 -13
-0.37917 -0.03307 52.33275 0 0.97500 10.45000 48.93655 0.10775 13
0.42398 -0.18324 9.92780 0 5.47500 -10.82500 9.16273 0.11090 13
1.04283 -0.16485 64.36686 0 4.97500 -33.37500 44.85993 0.14645 -13
0.11970 0.11583 3.47468 0 -3.62500 -3.60000 3.45043 0.10219 13
0.12369 -0.28497 3.47468 0 8.45000 -3.70000 3.45043 0.10536 13
0.72026 -0.18803 58.01082 0 5.67500 -22.30000 47.34782 0.12555 -13
0.11787 -0.19991 29.60535 0 6.05000 -3.40000 29.40958 0.10340 -13
1.29544 0.11711 8.53021 0 -3.45000 -39.30000 5.23459 0.16518 -13
-1.27584 -0.24338 94.17439 0 7.32500 39.90000 59.12824 0.16506 13
0.30128 -0.07894 52.17655 0 2.37500 -9.02500 49.97129 0.10548 13
-0.87658 0.01324 35.92724 0 -0.42500 24.35000 27.01769 0.13392 13
-1.48199 0.09201 25.93748 0 -2.80000 47.42500 14.55038 0.18029 13
-1.14480 -0.00867 92.77864 0 0.27500 34.70000 61.03748 0.15308 -13
0.46730 -0.14274 60.38885 0 4.30000 -13.60000 54.80811 0.11207 13
1.10525 -0.24338 21.80049 0 7.37500 -31.40000 14.85640 0.15213 -13
-1.50838 -0.22999 39.42286 0 6.95000 45.15000 22.17453 0.18374 -13
0.88868 -0.09929 61.12196 0 3.00000 -27.80000 45.78668 0.13510 -13
2.14031 -0.09385 3.13032 0 3.20000 -63.22500 1.32948 0.23857 -13
0.72121 0.06238 41.29875 0 -1.87500 -22.37500 33.51817 0.12432 -13
-1.46040 -0.09916 39.98610 0 2.97500 42.77500 22.66675 0.17851 13
-0.88182 0.02531 62.18651 0 -0.77500 25.45000 46.64850 0.13429 13
0.96770 -0.09231 68.32138 0 2.77500 -31.42500 49.19703 0.14044 13
0.02974 -0.17585 93.93049 0 5.30000 -2.10000 93.89024 0.10229 13
-1.09317 -0.09667 61.89558 0 2.92500 35.00000 41.88262 0.14952 -13
-0.47120 -0.22191 82.12890 0 6.70000 18.05000 74.61306 0.11355 -13
-1.42112 0.10001 55.70117 0 -3.00000 43.32500 32.16092 0.17527 -13
1.67334 -0.09410 26.79271 0 2.80000 -50.45000 13.78939 0.19650 13
1.32377 -0.08727 79.50090 0 2.65000 -39.65000 48.03576 0.16730 -13
0.97412 -0.14481 24.48401 0 4.35000 -32.72500 17.62678 0.14132 13
-1.44367 -0.20967 55.24956 0 6.30000 41.55000 31.91673 0.17810 13
-1.95637 -0.21786 60.27894 0 6.55000 57.40000 27.94177 0.22231 13
-0.06646 0.09266 95.59917 0 -2.80000 2.45000 95.39051 0.10135 -13
-0.82296 -0.10407 49.38935 0 3.15000 24.35000 38.21867 0.13085 -13
-0.79536 -0.00320 17.21193 0 0.05000 25.57500 13.47061 0.12867 13
-1.06620 -0.03905 96.83855 0 1.17500 32.42500 66.27390 0.14726 -13
-1.37682 -0.13621 14.01605 0 4.05000 42.60000 8.28615 0.17187 13
0.13565 -0.06979 22.31733 0 2.12500 -3.77500 22.11581 0.10187 -13
-0.43422 0.05915 5.09990 0 -1.90000 11.42500 4.67916 0.11000 13
-1.32497 0.05608 72.97801 0 -1.70000 39.65000 44.00755 0.16726 13
-0.99116 -0.02622 75.97816 0 0.80000 28.32500 53.97147 0.14181 -13
1.76266 -0.16843 54.26844 0 5.05000 -54.15000 27.06242 0.20477 13
-0.23503 -0.12489 20.44080 0 3.80000 10.02500 19.90630 0.10422 -13
1.53249 -0.18058 32.52970 0 5.47500 -43.75000 17.97623 0.18521 -13
0.22664 -0.16154 62.61131 0 4.87500 -4.70000 61.10070 0.10454 -13
-0.51206 -0.23494 56.46560 0 7.10000 14.32500 50.53510 0.11559 -13
-1.14665 0.04414 33.58664 0 -1.30000 34.95000 22.08769 0.15328 -13
-0.15306 0.04633 10.74107 0 -1.45000 7.42500 10.61758 0.10200 13
-0.76287 -0.18063 86.87418 0 5.45000 21.47500 69.47505 0.12797 -13
0.66650 -0.09435 25.15602 0 2.87500 -20.12500 20.96146 0.12140 -13
0.42114 -0.00107 6.53848 0 0.12500 -12.17500 6.02605 0.10928 -13
-1.94630 -0.12317 12.59867 0 3.80000 58.62500 5.79196 0.22079 -13
-0.74863 -0.19482 32.32848 0 5.85000 24.35000 26.05113 0.12731 13
0.88431 0.07788 92.08486 0 -2.35000 -26.20000 69.07369 0.13466 -13
0.24803 0.04578 81.80840 0 -1.37500 -6.67500 79.40711 0.10385 -13
1.25531 -0.03581 30.80055 0 1.10000 -39.85000 19.19854 0.16167 -13
0.42355 -0.22593 80.14104 0 6.82500 -12.40000 74.06885 0.11171 -13
-0.03941 -0.01261 55.09847 0 0.37500 2.05000 55.05574 0.10079 13
0.37872 -0.06964 41.63087 0 2.10000 -12.45000 38.94425 0.10792 -13
-1.55585 0.08109 88.92830 0 -2.42500 47.15000 48.19323 0.18643 -13
1.19249 0.13549 44.37466 0 -4.10000 -37.17500 28.66531 0.15733 13
1.22219 -0.26396 44.37466 0 7.95000 -38.05000 28.66531 0.16120 13
-0.21054 -0.05002 28.73632 0 1.52500 9.35000 28.12117 0.10304 -13
0.13679 0.01440 18.72686 0 -0.40000 -2.82500 18.55409 0.10165 -13
1.26151 0.00781 9.34606 0 -0.32500 -40.65000 5.80582 0.16213 13
-1.78729 0.02412 67.80496 0 -0.75000 52.95000 33.11491 0.20625 13
-0.95029 -0.11750 30.73505 0 3.57500 26.82500 22.35228 0.13943 -13
-0.51282 -0.13299 19.79321 0 4.05000 16.52500 17.64440 0.11398 -13
0.88618 0.00004 71.35328 0 -0.00000 -27.35000 53.40177 0.13456 13
-1.15623 0.13159 86.23419 0 -3.97500 34.60000 56.68789 0.15452 13
-1.18681 -0.26804 86.23419 0 8.07500 35.52500 56.68789 0.15859 13
-0.04146 0.06738 78.94116 0 -2.05000 2.17500 78.87370 0.10102 13
-1.68070 -0.04965 59.22369 0 1.52500 52.02500 30.31018 0.19702 -13
-0.47750 -0.24186 24.15587 0 7.32500 14.27500 21.91123 0.11425 -13
-1.11692 -0.17421 50.03221 0 5.27500 34.30000 33.64958 0.15200 -13
-0.16523 0.04084 3.48923 0 -1.10000 4.87500 3.44260 0.10218 -13
-1.26087 -0.09713 76.02761 0 2.92500 35.77500 47.37940 0.16235 13
-0.24363 -0.23915 9.39538 0 7.27500 6.97500 9.14220 0.10646 -13
-0.17376 -0.15063 99.50472 0 4.55000 5.30000 98.06753 0.10334 -13
-1.10529 -0.11662 83.79977 0 3.50000 32.40000 56.42997 0.15055 13
-0.94940 -0.17438 30.57259 0 5.22500 28.15000 22.32839 0.13995 13
0.20347 -0.03721 43.03700 0 1.12500 -6.12500 42.17397 0.10283 13
1.34906 -0.08957 26.24042 0 2.72500 -40.37500 15.66565 0.16937 -13
0.85516 -0.02484 8.74653 0 0.82500 -25.67500 6.64847 0.13254 -13
-0.51787 0.10377 54.33921 0 -3.12500 13.50000 48.30740 0.11388 -13
0.54234 0.00652 44.71259 0 -0.17500 -16.15000 39.30441 0.11456 -13
0.88864 0.13615 12.33886 0 -4.05000 -27.12500 9.25851 0.13541 -13
0.91046 -0.26301 12.33886 0 8.00000 -27.82500 9.25851 0.13884 -13
2.92328 -1.09301 12.33886 0 -3.85000 -27.42500 9.25851 0.13661 -13
-2.45903 -0.71054 12.33886 0 -3.27500 -47.57500 9.25851 0.21804 -13
-5.27531 -2.56964 12.33886 0 -3.55000 -41.57500 9.25851 0.19718 -13
-0.79051 -0.04060 34.76012 0 1.25000 24.92500 27.27735 0.12844 -13
-0.07455 -0.00762 94.98021 0 0.22500 1.05000 94.71740 0.10099 13
-0.34414 0.05916 35.82561 0 -1.77500 11.27500 33.88172 0.10667 -13
-0.81097 -0.08609 53.05547 0 2.57500 24.80000 41.26825 0.12994 13
0.40615 -0.17418 78.19138 0 5.25000 -12.25000 72.59575 0.11010 13
-0.42793 -0.06458 83.79581 0 1.95000 13.72500 77.06314 0.10973 -13
-0.52222 -0.11180 63.10719 0 3.37500 16.35000 56.01284 0.11416 13
-0.45508 0.07906 74.30199 0 -2.40000 15.42500 67.66460 0.11092 13
-0.63738 -0.23581 44.76307 0 7.10000 18.35000 38.03798 0.12175 13
0.60953 0.13400 71.05575 0 -4.05000 -19.62500 60.81875 0.11871 13
0.62506 -0.26550 71.05575 0 8.00000 -20.10000 60.81875 0.12172 13
0.40856 -0.04665 33.30544 0 1.40000 -8.32500 30.83618 0.10888 13
1.53909 -0.23331 91.55935 0 7.02500 -44.82500 50.81441 0.18632 13
-0.17800 -0.19358 66.56063 0 5.82500 3.62500 65.56679 0.10412 13
-0.29678 -0.07014 2.71352 0 2.30000 10.97500 2.60177 0.10541 -13
0.13328 -0.19380 76.44190 0 5.85000 -4.27500 75.79583 0.10345 13
-2.03671 0.04984 39.14673 0 -1.47500 62.67500 17.27009 0.22854 -13
-0.30450 0.05772 53.57298 0 -1.72500 8.12500 51.25681 0.10543 -13
-0.13534 0.14531 87.89232 0 -4.37500 4.85000 87.11458 0.10267 -13
-0.13818 -0.25363 87.89232 0 7.65000 4.92500 87.11458 0.10482 -13
0.30726 0.12287 3.89486 0 -3.57500 -9.42500 3.72547 0.10605 -13
0.31625 -0.27671 3.89486 0 8.50000 -9.72500 3.72547 0.10935 -13
-1.21869 -0.23363 95.52676 0 7.05000 38.85000 61.55586 0.16048 13
-0.19457 0.06416 40.78912 0 -1.95000 4.95000 40.04133 0.10280 13
-0.83272 -0.12407 58.63787 0 3.75000 25.05000 45.20156 0.13164 -13
1.02665 0.02821 34.33086 0 -0.87500 -31.90000 23.95936 0.14435 13
-0.53411 -0.17967 14.38559 0 5.37500 16.82500 12.73279 0.11557 13
0.42523 -0.16128 76.78993 0 4.87500 -13.95000 70.80396 0.11063 -13
0.88181 -0.08564 75.75480 0 2.57500 -25.87500 56.90942 0.13454 13
-0.68837 -0.00498 42.39113 0 0.17500 20.27500 34.91816 0.12226 -13
-1.61463 0.13940 6.73125 0 -4.05000 48.12500 3.56871 0.19168 -13
-1.65113 -0.25951 6.73125 0 7.97500 49.35000 3.56871 0.19651 -13
-1.37804 -0.09888 52.70721 0 2.97500 42.95000 31.05461 0.17174 13
-1.38967 -0.07213 89.02871 0 2.17500 40.00000 52.08942 0.17256 13
1.93722 -0.23920 55.48032 0 7.22500 -60.70000 26.00961 0.22090 -13
-0.11199 0.13138 98.01644 0 -3.95000 2.20000 97.41777 0.10208 -13
-0.11496 -0.26822 98.01644 0 8.10000 2.30000 97.41777 0.10490 -13
-0.10510 1.63193 98.01644 0 -3.97500 2.20000 97.41777 0.10222 -13
-0.56633 -1.92768 98.01644 0 7.87500 1.95000 97.41777 0.10562 -13
-5.44367 -36.95001 98.01644 0 7.72500 1.75000 97.41777 0.10653 -13
5.45933 -2.24143 98.01644 0 7.55000 1.50000 97.41777 0.11027 -13
0.82976 -0.21718 63.04766 0 6.55000 -28.65000 48.97151 0.13269 -13
1.13021 -0.08327 39.23055 0 2.52500 -37.37500 26.04636 0.15221 -13
-0.69229 -0.10114 25.22885 0 3.02500 22.35000 20.77753 0.12289 13
0.06395 0.04194 22.70681 0 -1.25000 -1.32500 22.66059 0.10100 -13
0.90303 -0.09255 76.80299 0 2.80000 -25.60000 57.11031 0.13601 -13
-1.33720 0.10860 93.09927 0 -3.27500 42.75000 55.96578 0.16850 -13
0.44828 0.12681 74.10230 0 -3.82500 -11.57500 67.70859 0.11110 13
0.46100 -0.27307 74.10230 0 8.22500 -11.95000 67.70859 0.11424 13
-1.13315 0.07069 69.53963 0 -2.15000 33.47500 46.07854 0.15236 13
1.45605 -0.07304 29.55538 0 2.17500 -45.72500 16.76306 0.17801 13
-0.77294 -0.16712 28.62267 0 5.07500 23.87500 22.76203 0.12840 -13
-0.93098 -0.19996 16.19691 0 6.00000 30.20000 11.96176 0.13902 13
1.52325 -0.10716 70.54635 0 3.25000 -44.47500 38.87082 0.18382 -13
-0.85163 -0.11037 99.90184 0 3.32500 24.95000 76.25113 0.13274 13
-0.23541 0.12419 3.89988 0 -3.60000 4.97500 3.79755 0.10419 -13
-0.24245 -0.27529 3.89988 0 8.45000 5.17500 3.79755 0.10744 -13
-0.11478 -0.08397 23.47793 0 2.52500 4.75000 23.32590 0.10171 13
-0.91362 0.02120 56.53777 0 -0.65000 28.55000 41.74453 0.13642 13
-0.21171 -0.16759 88.57460 0 5.05000 5.45000 86.70487 0.10431 13
-0.58281 -0.24915 82.42563 0 7.50000 17.50000 71.74743 0.11922 13
0.74438 0.14913 84.96026 0 -4.50000 -21.35000 68.41746 0.12643 -13
0.75885 -0.24965 84.96026 0 7.52500 -21.77500 68.41746 0.12890 -13
-0.49879 0.05396 38.97227 0 -1.65000 13.45000 34.88486 0.11267 13
0.93110 0.05009 65.66375 0 -1.50000 -27.77500 48.08511 0.13768 -13
0.28246 -0.14129 15.08813 0 4.22500 -8.47500 14.53062 0.10559 13
-1.56461 -0.20602 61.54883 0 6.20000 47.80000 33.63564 0.18812 13
-0.45000 -0.20511 45.85593 0 6.20000 14.85000 41.95969 0.11235 -13
-1.31918 -0.17801 53.04710 0 5.35000 38.72500 32.36292 0.16765 13
0.60303 0.06777 51.92917 0 -2.05000 -17.92500 44.49664 0.11780 13
0.21289 0.05728 25.30031 0 -1.70000 -6.27500 24.74752 0.10312 -13
-0.07642 -0.04934 75.00571 0 1.50000 4.42500 74.78821 0.10112 -13
-0.17335 -0.17295 75.78811 0 5.22500 2.57500 74.70610 0.10368 -13
1.27620 -0.07001 61.43353 0 2.12500 -39.47500 37.94864 0.16343 -13
-0.35116 -0.17740 49.19023 0 5.35000 10.72500 46.48978 0.10821 13
0.90019 0.04670 28.20063 0 -1.42500 -25.77500 20.96970 0.13558 13
0.98003 -0.12731 74.03533 0 3.82500 -28.90000 53.08365 0.14158 13
2.00020 -0.09250 66.59324 0 2.80000 -61.30000 29.88107 0.22538 -13
0.51645 -0.04316 25.47154 0 1.27500 -14.10000 22.63600 0.11342 13
-0.67749 -0.15150 43.00644 0 4.57500 21.52500 35.73078 0.12260 -13
0.37794 -0.15026 79.54100 0 4.52500 -13.40000 74.50721 0.10871 13
1.24812 0.09373 9.82720 0 -2.75000 -35.35000 6.16020 0.16132 -13
2.13482 -0.20103 71.14007 0 6.07500 -63.87500 30.66864 0.23829 -13
-1.19524 0.13879 79.53127 0 -4.20000 33.92500 51.32003 0.15756 13
-1.22340 -0.26048 79.53127 0 7.85000 34.77500 51.32003 0.16125 13
0.70238 0.03606 83.07559 0 -1.07500 -20.07500 67.99683 0.12312 -13
-0.52130 -0.00630 21.05112 0 0.17500 13.65000 18.66698 0.11357 13
0.04282 -0.09410 76.62775 0 2.85000 -1.10000 76.55820 0.10125 -13
-0.51238 0.01504 9.09288 0 -0.52500 15.22500 8.09259 0.11317 13
0.42918 0.02657 72.62728 0 -0.80000 -11.32500 66.74403 0.10962 13
-1.49426 -0.23695 11.10693 0 7.07500 44.22500 6.29335 0.18255 13
0.07352 -0.21588 79.67053 0 6.52500 -2.80000 79.46559 0.10329 -13
0.60275 -0.04005 31.85311 0 1.20000 -16.90000 27.28627 0.11765 13
-0.81684 -0.02497 77.63043 0 0.75000 23.45000 60.12952 0.13005 -13
0.44042 0.12762 45.20880 0 -3.85000 -12.70000 41.42780 0.11078 -13
0.45277 -0.27219 45.20880 0 8.22500 -13.07500 41.42780 0.11391 -13
-2.12516 -0.21827 86.12893 0 6.57500 63.75000 37.37337 0.23752 13
1.21264 0.06030 93.02489 0 -1.82500 -38.25000 59.24833 0.15841 13
0.08762 0.13084 73.50633 0 -3.95000 -3.80000 73.23051 0.10195 -13
0.08996 -0.26879 73.50633 0 8.12500 -3.87500 73.23051 0.10468 -13
0.37170 0.02900 82.52653 0 -0.87500 -12.07500 77.35950 0.10747 13
1.43692 -0.21557 58.72797 0 6.47500 -43.35000 34.06032 0.17760 13
0.92415 -0.00849 6.02308 0 0.15000 -26.47500 4.42347 0.13715 13
-1.07336 -0.24672 50.31689 0 7.45000 32.27500 34.83848 0.14982 -13
0.78015 0.09446 66.63808 0 -2.85000 -25.87500 52.62900 0.12808 13
-0.18757 -0.13001 54.63575 0 3.92500 4.47500 53.71456 0.10329 13
0.28532 0.09331 50.42337 0 -2.82500 -10.80000 48.50400 0.10515 13
-0.37221 -0.14164 12.48544 0 4.22500 11.15000 11.71508 0.10838 13
2.02952 0.08906 62.04978 0 -2.67500 -60.92500 27.51193 0.22801 -13
-1.78978 0.04120 46.44320 0 -1.22500 55.95000 22.66647 0.20651 -13
-1.86306 -0.17368 22.85372 0 5.20000 56.85000 10.93324 0.21360 13
0.16711 -0.19044 24.43456 0 5.72500 -4.17500 24.11175 0.10387 13
0.71292 -0.06585 79.43891 0 1.97500 -21.30000 64.73095 0.12385 13
-7.23057 2.41021 79.43891 0 2.57500 -22.22500 64.73095 0.12639 13
-0.19249 -0.08853 13.27143 0 2.62500 3.27500 13.03395 0.10293 13
-0.94087 -0.04440 9.77346 0 1.40000 25.75000 7.12143 0.13836 -13
0.64906 0.10499 4.29231 0 -3.02500 -19.22500 3.60616 0.12050 -13
0.02366 0.13804 51.98868 0 -4.17500 -3.67500 51.97441 0.10169 13
0.02420 -0.26124 51.98868 0 7.87500 -3.70000 51.97441 0.10410 13
-0.05722 -0.12067 67.89027 0 3.62500 2.57500 67.78097 0.10160 13
0.19486 0.03735 64.10268 0 -1.12500 -4.50000 62.92085 0.10267 -13
-0.90363 0.14006 42.96538 0 -4.25000 28.25000 32.01709 0.13647 13
-0.92445 -0.25914 42.96538 0 7.80000 28.87500 32.01709 0.13959 13
-1.34060 -0.22360 21.29751 0 6.70000 38.82500 12.93371 0.16987 13
0.35475 -0.13641 96.25173 0 4.10000 -10.10000 90.80567 0.10773 13
