-0.11063 0.13115 69.50747 0 -3.97500 2.37500 69.09314 0.10218 13
-0.11358 -0.26849 69.50747 0 8.10000 2.45000 69.09314 0.10489 13
0.03865 0.13709 49.91440 0 -4.12500 -2.97500 49.87785 0.10172 -13
0.03958 -0.26220 49.91440 0 7.92500 -3.00000 49.87785 0.10419 -13
-0.30810 -0.16820 10.48055 0 5.02500 10.02500 10.02773 0.10670 13
-0.66288 -0.17552 93.31212 0 5.30000 20.50000 78.13318 0.12211 -13
0.15006 -0.09957 28.69611 0 3.02500 -3.35000 28.38137 0.10233 -13
-0.12467 -0.14688 79.65700 0 4.42500 3.87500 79.05789 0.10255 13
0.30182 0.11273 70.66622 0 -3.40000 -9.47500 67.68753 0.10580 -13
1.02311 0.03357 96.08760 0 -1.00000 -30.97500 67.18296 0.14411 -13
0.35009 -0.05057 33.70572 0 1.50000 -13.10000 31.81709 0.10681 13
1.40223 -0.10358 57.55214 0 3.15000 -43.35000 33.53433 0.17376 -13
0.04719 -0.09042 59.96673 0 2.72500 -0.42500 59.90062 0.10123 13
0.78312 -0.15749 16.42736 0 4.80000 -24.15000 12.99295 0.12892 -13
-0.11098 -0.21436 9.74749 0 6.42500 5.30000 9.69065 0.10356 13
0.55422 0.08837 60.37303 0 -2.65000 -16.50000 52.85386 0.11547 -13
0.03471 -0.18416 15.85364 0 5.52500 -1.47500 15.84442 0.10244 13
0.96562 -0.09685 73.32505 0 2.92500 -31.82500 52.86598 0.14033 -13
-1.88637 0.07276 54.13969 0 -2.17500 58.15000 25.41024 0.21512 -13
-0.34925 0.02464 89.74072 0 -0.75000 12.65000 84.72506 0.10670 13
0.59493 -0.18787 96.69129 0 5.67500 -16.85000 83.47040 0.11869 13
-0.42616 0.10714 53.17549 0 -3.22500 13.42500 48.96148 0.10999 -13
0.86068 -0.17405 93.84161 0 5.25000 -22.47500 71.57450 0.13401 13
-0.84392 0.09318 12.25089 0 -2.87500 24.45000 9.37901 0.13214 13
0.19648 0.10670 8.91535 0 -3.15000 -6.87500 8.74988 0.10318 -13
1.38484 -0.03377 25.02055 0 0.97500 -42.37500 14.65315 0.17205 13
-1.42873 0.06479 69.28317 0 -1.95000 43.22500 39.78337 0.17573 -13
-0.11703 -0.05424 50.17484 0 1.62500 4.22500 49.83572 0.10153 13
1.54622 -0.05084 45.91503 0 1.52500 -46.82500 24.95707 0.18550 13
-0.79387 -0.20084 9.15823 0 5.97500 26.30000 7.22732 0.13010 13
-1.33413 -0.11646 3.44176 0 3.75000 41.37500 2.07245 0.16861 -13
1.73214 -0.19763 83.63512 0 5.95000 -51.75000 42.41845 0.20238 13
0.61704 0.10148 68.27658 0 -3.05000 -18.10000 58.18736 0.11877 -13
1.47541 -0.21649 37.39394 0 6.50000 -45.07500 21.30914 0.18078 13
-1.20586 -0.13548 48.73787 0 4.07500 37.67500 31.27834 0.15834 13
0.00490 0.06592 40.93883 0 -2.00000 0.32500 40.93834 0.10093 13
-1.91080 0.11863 34.51691 0 -3.60000 55.02500 16.09321 0.21752 13
-1.97138 -0.28175 34.51691 0 8.47500 56.82500 16.09321 0.22433 13
0.06427 -0.00212 48.30797 0 0.07500 -2.90000 48.20852 0.10091 -13
0.56954 0.10936 81.28854 0 -3.30000 -18.50000 70.73794 0.11642 13
-0.51050 -0.10765 95.38418 0 3.25000 16.22500 85.05467 0.11358 13
-2.14775 -0.07423 36.21521 0 2.20000 63.90000 15.32170 0.23866 13
1.29692 -0.00693 21.22791 0 0.17500 -38.47500 12.96227 0.16492 13
-0.38120 0.11163 37.67142 0 -3.37500 12.50000 35.22793 0.10836 13
0.41004 0.05340 63.64656 0 -1.60000 -12.02500 58.90052 0.10897 -13
0.06769 -0.01983 22.80976 0 0.57500 -0.95000 22.75769 0.10095 13
0.20326 -0.24537 30.97019 0 7.37500 -6.52500 30.38383 0.10568 13
-1.59801 -0.11449 3.87040 0 3.67500 50.62500 2.06273 0.19044 -13
0.18498 -0.01110 30.79890 0 0.32500 -4.20000 30.28520 0.10242 13
-1.96600 -0.22401 7.54781 0 6.60000 57.75000 3.48863 0.22306 13
-1.68902 -0.15343 12.25128 0 4.55000 49.95000 6.29571 0.19819 13
-0.91909 -0.12729 17.93117 0 3.80000 26.90000 13.25096 0.13735 13
-1.04047 -0.18992 89.77381 0 5.72500 31.25000 62.77901 0.14659 -13
0.46809 0.11478 46.86841 0 -3.45000 -14.50000 42.49769 0.11179 -13
0.99518 -0.04004 60.69688 0 1.20000 -32.75000 43.03985 0.14213 13
1.51881 0.11934 4.17026 0 -3.40000 -47.82500 2.30415 0.18346 -13
0.97577 0.01047 66.98723 0 -0.30000 -28.20000 47.94555 0.14071 -13
-0.77778 -0.15094 91.18897 0 4.55000 21.60000 72.28447 0.12848 -13
0.01217 -0.05457 96.32002 0 1.65000 -4.60000 96.31292 0.10086 -13
1.98768 -0.22579 50.84048 0 6.82500 -60.97500 23.30446 0.22526 -13
1.70617 -0.01859 32.27868 0 0.60000 -49.47500 16.32381 0.19916 -13
-0.89902 0.08188 41.60384 0 -2.47500 26.80000 30.98532 0.13567 13
-0.44681 -0.21932 87.33370 0 6.60000 16.00000 80.04281 0.11248 13
-1.64932 0.10310 79.81879 0 -3.12500 50.10000 41.54313 0.19452 13
1.07971 0.00646 87.35594 0 -0.20000 -35.37500 59.35990 0.14819 13
-0.25472 -0.19689 85.07450 0 5.92500 7.57500 82.53591 0.10579 13
-0.93650 0.10688 1.10267 0 -3.85000 27.07500 0.80701 0.13936 13
-0.97083 -0.29587 1.10267 0 8.22500 27.87500 0.80701 0.14329 13
1.30744 0.09014 17.84617 0 -2.67500 -39.60000 10.86951 0.16599 -13
0.30916 -0.05076 32.29899 0 1.52500 -9.47500 30.86136 0.10552 13
0.60826 0.08838 20.52353 0 -2.62500 -19.52500 17.55273 0.11820 -13
1.92570 -0.35099 20.52353 0 -2.55000 -19.80000 17.55273 0.11925 -13
-1.36648 0.60763 20.52353 0 -2.15000 -20.65000 17.55273 0.12350 -13
1.53029 -0.12847 65.47301 0 3.90000 -46.15000 36.02118 0.18456 -13
-0.62076 0.14616 66.69251 0 -4.40000 19.20000 56.82800 0.11943 -13
-0.63355 -0.25274 66.69251 0 7.62500 19.60000 56.82800 0.12191 -13
-0.45742 -0.20627 82.41452 0 6.22500 11.72500 75.21221 0.11267 -13
-0.74883 -0.05482 55.12877 0 1.67500 23.45000 44.15138 0.12593 -13
1.43546 -0.07077 49.75949 0 2.12500 -45.45000 28.49043 0.17631 13
1.06210 -0.08289 9.40667 0 2.57500 -30.85000 6.45964 0.14719 -13
-0.03768 -0.11712 88.57486 0 3.52500 1.75000 88.51287 0.10146 13
2.06539 0.05987 14.63484 0 -1.87500 -64.87500 6.38743 0.23119 13
0.34687 -0.18166 30.89544 0 5.45000 -12.00000 29.23943 0.10815 13
-0.19836 -0.21564 97.24185 0 6.50000 5.65000 95.46393 0.10493 13
0.75296 -0.00309 6.55064 0 0.17500 -22.50000 5.23303 0.12607 -13
-1.95695 -0.09980 65.44278 0 3.02500 57.05000 29.89600 0.22155 -13
0.16241 0.03725 56.11049 0 -1.12500 -5.87500 55.38589 0.10209 -13
-1.57287 0.13953 27.35294 0 -4.17500 47.65000 14.77637 0.18819 -13
-1.60948 -0.25962 27.35294 0 7.87500 48.77500 14.77637 0.19265 -13
-1.23042 -0.10282 95.89431 0 3.10000 36.55000 60.67134 0.16000 13
-0.88953 -0.16044 51.84943 0 4.82500 24.65000 38.95720 0.13574 13
-0.70300 0.01145 10.35681 0 -0.30000 20.75000 8.47286 0.12311 -13
1.08723 -0.13737 44.19219 0 4.15000 -32.30000 30.06798 0.14941 -13
2.03747 -0.18650 91.96603 0 5.62500 -63.37500 41.07995 0.22935 -13
-1.67379 0.08172 28.33686 0 -2.42500 52.52500 14.56829 0.19651 -13
-0.17278 0.12329 29.41135 0 -3.72500 5.85000 28.98824 0.10295 13
-0.17794 -0.27692 29.41135 0 8.32500 6.00000 28.98824 0.10600 13
0.37303 0.02916 13.31818 0 -0.85000 -10.17500 12.47904 0.10752 -13
-0.00576 -0.09856 92.00495 0 2.97500 1.20000 92.00344 0.10119 -13
0.04834 -0.20628 12.64676 0 6.17500 -4.27500 12.63264 0.10291 13
0.06677 0.06920 71.82498 0 -2.10000 -3.87500 71.66613 0.10116 13
-1.05060 -0.18362 59.45201 0 5.55000 30.95000 41.34450 0.14724 -13
0.05628 -0.11278 74.59222 0 3.40000 -2.85000 74.47586 0.10150 -13
0.82895 -0.23357 28.55793 0 7.07500 -22.45000 22.22085 0.13293 -13
-0.40278 -0.19831 2.98382 0 5.80000 11.37500 2.77509 0.11032 13
0.08965 -0.15124 23.63112 0 4.57500 -1.72500 23.53888 0.10226 -13
-1.00054 -0.19557 23.63112 0 3.72500 -3.10000 23.53888 0.11434 -13
1.01957 0.44509 23.63112 0 4.00000 -2.62500 23.53888 0.11967 -13
-0.95278 -0.05083 91.59470 0 1.52500 30.00000 66.35492 0.13919 13
-1.72267 -0.24172 33.80426 0 7.25000 52.02500 17.33271 0.20201 13
-0.18210 -0.14471 51.29007 0 4.37500 5.82500 50.47682 0.10340 -13
1.37003 -0.21236 94.49847 0 6.40000 -43.35000 56.51429 0.17213 13
0.85635 -0.05405 87.88849 0 1.62500 -26.30000 66.79724 0.13269 13
1.66306 0.10628 44.94785 0 -3.22500 -51.32500 23.25828 0.19573 13
0.05492 -0.02369 76.58571 0 0.70000 -2.62500 76.47057 0.10089 13
-0.88305 -0.14586 93.82393 0 4.40000 28.20000 70.65099 0.13514 13
1.88172 0.12421 79.31322 0 -3.72500 -56.15000 37.44249 0.21495 -13
1.93711 -0.27581 79.31322 0 8.32500 -57.82500 37.44249 0.22131 -13
-0.20861 -0.00119 9.11351 0 -0.02500 7.80000 8.92141 0.10288 13
0.47646 0.05510 97.37527 0 -1.67500 -17.07500 87.93182 0.11169 13
1.33069 0.12163 95.54770 0 -3.67500 -39.32500 57.67062 0.16808 13
1.37126 -0.27856 95.54770 0 8.40000 -40.55000 57.67062 0.17319 13
0.91373 -0.04067 33.40834 0 1.20000 -27.87500 24.67242 0.13648 13
-1.03428 -0.14976 84.65019 0 4.50000 28.70000 59.17606 0.14565 13
-0.20056 -0.05931 43.11584 0 1.77500 5.25000 42.27684 0.10288 13
-0.50986 -0.22151 42.75308 0 6.70000 13.52500 38.27321 0.11523 -13
-0.34936 0.13904 49.70830 0 -4.20000 11.65000 46.97539 0.10759 13
-0.35756 -0.26022 49.70830 0 7.85000 11.90000 46.97539 0.11010 13
-0.88905 0.02190 52.07518 0 -0.67500 27.60000 38.92240 0.13476 13
2.20520 -0.05862 48.91797 0 1.80000 -64.60000 20.23127 0.24392 -13
0.73043 -0.10427 20.35096 0 3.12500 -20.37500 16.46477 0.12514 13
0.20435 0.12054 79.75773 0 -3.62500 -8.90000 78.16540 0.10350 -13
0.21067 -0.27969 79.75773 0 8.45000 -9.07500 78.16540 0.10671 -13
-0.84711 0.07146 81.66105 0 -2.17500 23.65000 62.37558 0.13218 13
-1.29155 -0.13906 61.73953 0 4.20000 40.87500 38.02355 0.16510 -13
-0.28404 -0.02461 34.42351 0 0.75000 6.75000 33.11447 0.10472 -13
0.13442 -0.22751 50.69194 0 6.85000 -1.85000 50.26199 0.10416 13
-0.03004 0.00389 24.20595 0 -0.12500 0.55000 24.19503 0.10075 13
0.60757 0.04017 81.58485 0 -1.20000 -17.67500 69.73926 0.11790 -13
-0.23167 -0.23617 43.32573 0 7.12500 6.57500 42.26473 0.10608 -13
-1.93005 -0.19433 79.48125 0 5.85000 58.05000 37.09932 0.21976 13
-0.45660 -0.10764 31.72606 0 3.22500 14.85000 28.88835 0.11123 13
-0.73318 -0.03395 79.89481 0 1.02500 21.82500 64.44520 0.12492 13
0.53098 -0.13749 80.16185 0 4.15000 -12.80000 70.94547 0.11485 13
1.52946 -0.10098 49.38360 0 3.07500 -46.22500 27.12061 0.18431 -13
-0.77959 -0.17317 92.13877 0 5.22500 22.40000 73.06939 0.12887 13
-0.03348 0.12069 41.92797 0 -3.65000 2.22500 41.90479 0.10149 13
-0.03452 -0.27958 41.92797 0 8.42500 2.27500 41.90479 0.10461 13
-0.33049 0.11073 27.17085 0 -3.32500 10.82500 25.81364 0.10664 -13
2.01182 -0.07742 10.61074 0 2.42500 -59.92500 4.73578 0.22637 -13
0.20469 -0.10567 23.36285 0 3.17500 -6.25000 22.89346 0.10333 13
0.90469 -0.02247 10.07324 0 0.75000 -27.42500 7.47090 0.13583 -13
0.79175 -0.11151 55.13103 0 3.35000 -23.97500 43.32629 0.12893 13
1.04603 -0.03621 45.69536 0 1.07500 -32.37500 31.58761 0.14577 13
1.03795 0.04850 74.20785 0 -1.45000 -31.37500 51.51823 0.14522 -13
-0.62625 -0.13290 92.31393 0 4.00000 19.17500 78.43012 0.11957 13
0.19534 -0.14196 79.84073 0 4.30000 -6.92500 78.38817 0.10360 -13
1.58282 -0.06814 90.34491 0 2.05000 -48.50000 48.33437 0.18867 13
0.34184 -0.02265 97.09311 0 0.70000 -9.45000 91.87598 0.10645 -13
0.82765 -0.00372 19.68777 0 0.07500 -26.37500 15.16716 0.13072 13
-1.47932 -0.15339 91.17514 0 4.62500 47.30000 51.46871 0.18047 13
-1.94484 -0.13509 14.77679 0 4.00000 60.40000 6.80609 0.22056 13
0.36177 0.07217 88.68483 0 -2.17500 -11.55000 83.42025 0.10734 13
1.99909 -0.16754 81.55742 0 5.07500 -61.80000 36.89242 0.22574 -13
-0.33580 0.01065 37.93327 0 -0.30000 10.10000 35.96008 0.10623 -13
-0.07947 -0.20507 66.94234 0 6.17500 2.52500 66.74043 0.10310 13
1.49499 -0.18571 44.72958 0 5.62500 -44.62500 25.15900 0.18212 -13
0.48513 -0.24247 60.85913 0 7.30000 -16.20000 55.04765 0.11455 13
-1.10271 0.05710 47.83948 0 -1.70000 32.87500 32.16500 0.15003 -13
-1.41962 0.11612 64.82712 0 -3.50000 43.00000 37.49937 0.17525 -13
-1.53807 0.08255 7.22817 0 -2.37500 47.92500 3.94931 0.18490 -13
0.37586 -0.09598 34.86113 0 2.90000 -12.55000 32.65062 0.10802 -13
0.83006 -0.03508 21.97967 0 1.10000 -28.80000 16.91664 0.13093 -13
-0.88720 -0.10495 55.68198 0 3.17500 27.45000 41.75221 0.13505 -13
1.38481 -0.05520 98.11999 0 1.67500 -41.80000 57.50021 0.17211 -13
1.31124 -0.12269 64.91762 0 3.72500 -39.12500 39.55297 0.16653 -13
2.05201 -0.04102 22.99822 0 1.30000 -60.65000 10.08201 0.22993 -13
-0.98353 0.13066 37.24675 0 -3.92500 31.37500 26.66555 0.14185 -13
-1.00991 -0.26897 37.24675 0 8.12500 32.17500 26.66555 0.14569 -13
2.20647 -0.11223 84.77216 0 3.40000 -64.97500 35.17559 0.24395 -13
0.39333 -0.19066 2.31690 0 5.52500 -11.35000 2.16116 0.10987 13
0.43680 0.04289 73.96640 0 -1.27500 -16.75000 67.79223 0.10997 -13
-0.21122 -0.03271 59.36981 0 1.00000 7.70000 58.08934 0.10297 -13
0.02139 0.11007 70.58428 0 -3.32500 0.20000 70.56833 0.10134 13
-0.19159 -0.04726 52.38228 0 1.42500 4.82500 51.44860 0.10264 13
0.38681 0.09994 55.42583 0 -3.00000 -10.35000 51.72641 0.10845 -13
0.95094 -0.20060 50.27226 0 6.02500 -27.05000 36.76910 0.14042 13
0.13363 -0.05453 41.36012 0 1.62500 -5.25000 40.99692 0.10174 13
-0.09977 0.08124 3.52329 0 -2.57500 2.45000 3.50602 0.10162 13
-0.43927 -0.06575 67.67757 0 2.00000 14.17500 61.98454 0.11019 -13
-1.34729 0.12323 50.49252 0 -3.72500 40.80000 30.23956 0.16943 13
-1.38753 -0.27686 50.49252 0 8.32500 42.00000 30.23956 0.17445 13
-0.96534 0.12142 8.93242 0 -3.75000 29.97500 6.44970 0.14055 13
-0.99487 -0.27892 8.93242 0 8.32500 30.82500 6.44970 0.14469 13
-0.09065 -0.04055 18.71030 0 1.25000 3.65000 18.63401 0.10120 -13
0.60834 -0.22087 11.20813 0 6.72500 -17.32500 9.63680 0.12000 -13
1.11116 0.02641 41.68150 0 -0.77500 -34.10000 27.88794 0.15056 -13
-0.13941 0.06756 63.65643 0 -2.02500 4.82500 63.04943 0.10190 -13
-0.23296 -0.18208 40.16426 0 5.47500 7.17500 39.14909 0.10501 13
1.50889 0.03982 58.48832 0 -1.22500 -45.35000 32.32842 0.18233 13
0.76371 -0.03160 28.60707 0 0.97500 -23.17500 22.73953 0.12676 -13
1.43520 0.03663 70.56134 0 -1.12500 -44.52500 40.35615 0.17620 13
-0.50118 0.01843 2.93939 0 -0.75000 15.25000 2.62813 0.11274 13
-0.48782 -0.18472 37.53037 0 5.57500 16.15000 33.83829 0.11359 -13
1.23123 -0.16324 55.15393 0 4.95000 -37.15000 35.04741 0.16059 -13
0.82125 0.11090 30.60994 0 -3.37500 -24.62500 23.71404 0.13080 13
-0.07267 -0.07490 19.66585 0 2.22500 1.65000 19.61442 0.10124 13
0.44603 -0.11571 69.16331 0 3.47500 -13.57500 63.23433 0.11088 13
0.61059 -0.06262 41.58450 0 1.87500 -15.87500 35.51049 0.11816 13
-0.60108 -0.01110 51.87995 0 0.32500 19.57500 44.46622 0.11750 13
-0.13393 -0.20438 35.48312 0 6.17500 6.55000 35.18141 0.10368 -13
-0.07715 -0.05116 30.85131 0 1.52500 4.62500 30.76024 0.10113 13
1.44013 -0.13906 47.25768 0 4.22500 -40.60000 27.12856 0.17713 -13
-2.05490 -0.15610 99.15520 0 4.72500 62.65000 43.81366 0.23068 -13
0.12956 0.01421 95.19595 0 -0.42500 -6.57500 94.40711 0.10155 13
-0.74386 -0.17663 80.85495 0 5.32500 19.00000 65.22703 0.12677 -13
-0.73835 0.08129 6.49694 0 -2.55000 20.42500 5.23295 0.12549 13
-0.38128 -0.09975 47.09625 0 3.02500 11.57500 44.03338 0.10825 -13
-1.67611 0.04647 48.59260 0 -1.37500 50.02500 24.91779 0.19660 -13
1.23839 0.02406 38.58958 0 -0.75000 -36.27500 24.24805 0.16031 13
0.84187 -0.06469 75.77767 0 1.95000 -27.45000 58.02016 0.13180 13
-0.34275 -0.03933 92.65736 0 1.17500 11.05000 87.65863 0.10653 13
0.85426 -0.22894 96.43603 0 6.92500 -27.00000 74.10638 0.13445 -13
1.52874 -0.02141 42.48740 0 0.67500 -43.50000 23.26237 0.18397 -13
0.82805 0.02626 91.34336 0 -0.80000 -27.47500 70.36417 0.13078 13
0.05609 0.12297 1.15266 0 -4.12500 -3.30000 1.15086 0.10223 13
0.05736 -0.27794 1.15266 0 7.92500 -3.35000 1.15086 0.10473 13
-1.78681 -0.01656 74.37102 0 0.47500 51.70000 36.32239 0.20623 13
-0.24097 -0.19295 23.28154 0 5.85000 9.32500 22.65602 0.10541 -13
-0.11627 -0.16776 36.61360 0 5.07500 4.20000 36.37520 0.10279 -13
-0.21528 -0.05521 60.50663 0 1.65000 7.52500 59.15542 0.10315 13
1.14076 -0.00122 67.89663 0 0.05000 -34.72500 44.75666 0.15277 -13
1.17289 -0.05054 74.90866 0 1.52500 -34.80000 48.63669 0.15530 13
0.31705 -0.03549 43.60794 0 1.05000 -9.87500 41.57091 0.10570 13
0.46445 -0.08802 73.30422 0 2.65000 -11.25000 66.52881 0.11139 -13
-0.37396 0.10308 6.93596 0 -3.17500 8.37500 6.50072 0.10805 13
0.26277 -0.21945 97.40328 0 6.62500 -6.62500 94.34535 0.10644 -13
-0.67819 -0.11224 71.25060 0 3.40000 19.55000 59.08440 0.12221 -13
-0.53819 0.08688 55.96276 0 -2.60000 14.70000 49.32109 0.11469 -13
-1.86015 0.05149 98.28909 0 -1.55000 55.67500 46.58764 0.21273 -13
-0.98568 0.13354 33.08732 0 -4.05000 30.45000 23.66846 0.14204 13
-1.01096 -0.26598 33.08732 0 8.00000 31.20000 23.66846 0.14564 13
-0.01157 -0.04847 76.20687 0 1.47500 1.05000 76.20178 0.10083 -13
-0.46656 0.05803 99.10905 0 -1.75000 13.72500 89.84148 0.11128 13
-0.52782 -0.14677 76.43909 0 4.42500 13.52500 67.75695 0.11483 -13
-0.93017 0.11925 4.61922 0 -3.75000 29.02500 3.39302 0.13819 13
-0.95984 -0.28144 4.61922 0 8.32500 29.85000 3.39302 0.14227 13
0.09208 0.04807 66.24458 0 -1.45000 -0.57500 65.96613 0.10125 13
-0.99167 -0.12845 84.67009 0 3.87500 28.67500 60.36434 0.14242 -13
0.98623 0.08090 61.71528 0 -2.42500 -29.95000 44.01166 0.14167 -13
-0.36206 0.02661 54.88688 0 -0.80000 10.85000 51.61057 0.10713 -13
-0.92106 -0.08028 91.04199 0 2.42500 29.77500 67.06411 0.13715 13
-0.22723 -0.04067 91.98664 0 1.22500 5.97500 89.70359 0.10335 13
-0.34462 -0.01810 51.72234 0 0.55000 8.37500 48.90081 0.10653 -13
0.01526 -0.22377 14.10329 0 6.72500 -2.97500 14.10172 0.10318 13
-0.34623 -0.06594 40.82456 0 1.97500 9.97500 38.58658 0.10678 13
-0.53008 -0.06397 3.34484 0 2.10000 16.30000 2.95665 0.11426 -13
0.38955 -0.22381 99.51703 0 6.75000 -13.00000 93.02261 0.11026 -13
0.38955 -0.22380 99.51703 0 6.75000 -13.00000 93.02261 0.11040 -13
-0.79378 -0.09059 83.46053 0 2.72500 22.57500 65.47287 0.12889 13
-0.37000 -0.09759 20.11278 0 2.97500 11.32500 18.87395 0.10783 -13
0.23107 -0.01221 36.30359 0 0.37500 -6.85000 35.37172 0.10336 -13
-0.15986 -0.20560 37.99124 0 6.22500 4.60000 37.53391 0.10407 -13
0.29437 0.09890 48.30535 0 -2.97500 -6.70000 46.35729 0.10544 -13
0.38380 0.14304 87.66152 0 -4.30000 -12.72500 81.94629 0.10882 -13
0.39219 -0.25600 87.66152 0 7.72500 -12.97500 81.94629 0.11120 -13
-0.92968 0.01945 65.15904 0 -0.57500 30.35000 47.72576 0.13752 -13
-1.71943 -0.15926 57.05105 0 4.77500 52.45000 28.95142 0.20093 13
0.71639 -0.23985 16.44965 0 7.20000 -20.17500 13.49745 0.12618 13
-1.00641 -0.22870 30.03019 0 6.87500 32.47500 21.43651 0.14469 13
-0.11791 -0.20823 19.88786 0 6.25000 4.20000 19.75662 0.10353 13
-0.33596 -0.08316 42.44436 0 2.50000 10.77500 40.24894 0.10656 13
0.04355 -0.13021 35.34792 0 3.92500 -2.07500 35.31498 0.10164 13
-0.92964 -0.10077 63.64620 0 3.02500 27.40000 46.72325 0.13787 13
-0.75474 -0.19809 66.94490 0 5.97500 21.40000 53.80408 0.12773 13
-2.05661 0.09468 55.87922 0 -2.87500 61.15000 24.52336 0.23049 13
0.18189 -0.20232 80.85730 0 6.10000 -3.77500 79.60211 0.10437 -13
0.03057 0.02912 32.14952 0 -0.90000 -0.15000 32.13454 0.10079 13
-0.97172 0.02483 52.49533 0 -0.72500 27.45000 37.65407 0.14044 -13
1.63720 0.03649 95.85300 0 -1.10000 -49.77500 49.98809 0.19323 13
-1.52031 0.02519 73.07982 0 -0.75000 42.75000 40.16924 0.18326 -13
-1.20368 -0.01408 36.93460 0 0.40000 38.50000 23.60293 0.15760 13
0.07264 0.09164 35.35475 0 -2.77500 -1.12500 35.26250 0.10139 13
-0.93373 -0.21443 18.45436 0 6.42500 28.30000 13.62865 0.13943 13
-1.62156 0.12516 5.27442 0 -3.95000 49.15000 2.78392 0.19246 13
-1.66869 -0.27522 5.27442 0 8.12500 50.47500 2.78392 0.19762 13
-1.31173 -0.06156 63.12428 0 1.87500 40.62500 38.31554 0.16622 -13
-0.57954 -0.15034 28.79721 0 4.55000 18.25000 24.98502 0.11738 -13
0.77709 -0.09806 65.81424 0 2.97500 -25.62500 52.06123 0.12792 -13
0.21763 -0.02190 75.71759 0 0.65000 -4.67500 73.98649 0.10308 13
-0.27208 0.10070 16.82143 0 -3.00000 8.50000 16.23697 0.10485 -13
-1.35987 -0.03639 30.49750 0 1.07500 43.40000 18.07526 0.17002 13
-0.12000 -0.12561 40.20744 0 3.77500 2.95000 39.92552 0.10221 13
0.49178 -0.00026 4.68212 0 0.12500 -12.85000 4.20142 0.11225 -13
-0.55280 -0.15488 10.77772 0 4.72500 17.37500 9.45839 0.11615 -13
-0.60827 0.13583 52.53288 0 -4.10000 17.82500 44.99224 0.11867 13
-0.62333 -0.26355 52.53288 0 7.95000 18.27500 44.99224 0.12159 13
1.33395 0.12629 83.89728 0 -3.80000 -43.20000 50.57876 0.16836 -13
1.37208 -0.27358 83.89728 0 8.25000 -44.35000 50.57876 0.17319 -13
-0.95394 -0.08670 79.91951 0 2.62500 28.30000 57.93066 0.13946 -13
-1.14823 0.12591 7.73375 0 -3.90000 31.82500 5.10165 0.15394 13
-1.18153 -0.27445 7.73375 0 8.15000 32.77500 5.10165 0.15816 13
0.97737 0.09523 22.97072 0 -2.90000 -29.42500 16.46377 0.14116 13
-0.53742 -0.06291 50.72400 0 1.90000 15.92500 44.70009 0.11450 -13
0.34646 -0.23468 87.73971 0 7.07500 -9.85000 83.13792 0.10916 13
1.67164 0.07264 96.89164 0 -2.17500 -48.37500 49.83739 0.19629 -13
-0.25859 -0.07074 81.72852 0 2.15000 10.52500 79.13811 0.10426 -13
-1.26906 -0.22378 3.24951 0 6.47500 39.27500 2.04124 0.16405 13
-0.40414 -0.09713 1.50017 0 3.27500 11.57500 1.39190 0.10945 -13
-1.05911 -0.08820 84.40570 0 2.65000 32.60000 58.06461 0.14695 13
-0.01282 -0.06251 20.22296 0 1.90000 0.37500 20.22130 0.10091 -13
0.07078 0.11298 36.22964 0 -3.42500 -2.22500 36.14038 0.10160 13
-1.19828 -0.04471 5.96469 0 1.47500 35.10000 3.82389 0.15730 -13
0.06705 -0.20835 68.94578 0 6.30000 -1.82500 68.79775 0.10309 -13
-0.56724 -0.23654 4.67456 0 7.00000 19.60000 4.09265 0.11812 13
0.72703 0.01358 96.25546 0 -0.42500 -22.35000 77.85684 0.12451 13
-1.10801 0.07225 84.74416 0 -2.17500 32.57500 56.85912 0.15047 -13
1.07392 0.04570 3.95523 0 -1.57500 -31.40000 2.69703 0.14793 13
0.98301 -0.04395 36.93194 0 1.35000 -31.57500 26.34990 0.14128 -13
1.53301 -0.25039 7.04390 0 7.42500 -45.92500 3.93185 0.18582 13
-1.01804 -0.16442 98.16028 0 4.95000 31.50000 69.25157 0.14465 13
1.34599 -0.02501 33.59106 0 0.72500 -40.42500 20.03699 0.16888 13
1.52947 -0.10409 12.23824 0 3.07500 -46.35000 6.72497 0.18421 13
0.41559 -0.18876 69.33029 0 5.70000 -12.27500 64.18453 0.11070 -13
-1.01886 0.01370 63.20862 0 -0.42500 32.35000 44.27781 0.14378 13
0.87537 0.00293 75.17149 0 -0.07500 -24.67500 56.56224 0.13384 -13
-0.24849 -0.15051 39.04993 0 4.55000 4.92500 37.92171 0.10487 -13
-0.66127 0.06054 29.87351 0 -1.85000 22.52500 24.93207 0.12089 13
-1.12201 0.01018 68.49583 0 -0.30000 32.02500 45.57481 0.15136 -13
0.56093 0.03975 10.24203 0 -1.15000 -16.80000 8.93451 0.11553 -13
-0.07678 -0.21482 2.02942 0 6.22500 3.72500 2.02373 0.10325 13
1.14492 0.02925 38.11086 0 -0.87500 -32.02500 25.07642 0.15311 -13
0.29553 0.01930 42.43974 0 -0.60000 -9.95000 40.70021 0.10503 13
-1.22425 0.08456 8.16316 0 -2.65000 37.35000 5.17512 0.15947 13
0.31926 -0.05183 30.03787 0 1.55000 -7.77500 28.61839 0.10584 13
-0.45667 -0.22363 6.78136 0 6.82500 15.22500 6.19429 0.11305 -13
-0.11365 -0.00667 1.28144 0 -0.17500 4.57500 1.27324 0.10170 13
-1.56818 -0.17810 59.55341 0 5.40000 49.92500 32.37566 0.18817 -13
0.25358 -0.16369 70.27042 0 4.92500 -6.60000 68.16785 0.10519 13
-0.29136 -0.11237 85.60569 0 3.40000 8.60000 82.22833 0.10550 -13
1.55042 -0.20668 29.42402 0 6.27500 -48.35000 16.18396 0.18700 -13
0.59329 -0.06233 87.78272 0 1.87500 -20.12500 75.53363 0.11726 -13
-0.01054 -0.00864 3.87400 0 0.37500 0.10000 3.87379 0.10075 -13
-0.87632 -0.10576 23.90425 0 3.17500 27.35000 18.02161 0.13431 13
0.00328 -0.11323 17.53954 0 3.40000 -1.02500 17.53945 0.10134 13
0.35593 -0.21510 40.76886 0 6.50000 -10.85000 38.50450 0.10908 -13
-0.23954 0.10015 70.15459 0 -3.02500 6.50000 68.24302 0.10405 -13
1.00362 -0.10399 34.83714 0 3.12500 -28.07500 24.65550 0.14305 13
0.03596 0.13877 43.28156 0 -4.17500 -0.35000 43.25416 0.10173 -13
0.03681 -0.26047 43.28156 0 7.87500 -0.37500 43.25416 0.10414 -13
0.50032 -0.24717 26.23810 0 7.47500 -14.20000 23.60139 0.11534 -13
-0.26373 0.02529 93.09512 0 -0.75000 5.20000 90.01895 0.10418 -13
-1.37679 -0.12649 59.19064 0 3.80000 42.30000 34.96530 0.17182 13
-0.02347 -0.07497 69.01288 0 2.25000 0.25000 68.99397 0.10101 13
0.43514 0.14486 12.88580 0 -4.32500 -13.02500 11.83528 0.11077 -13
0.44436 -0.25398 12.88580 0 7.70000 -13.30000 11.83528 0.11317 -13
-0.56993 -0.03289 17.02901 0 0.95000 18.12500 14.79673 0.11596 13
-0.45227 -0.17719 27.18518 0 5.37500 13.22500 24.83398 0.11197 -13
0.21797 0.03629 11.43767 0 -1.15000 -4.87500 11.17555 0.10314 13
0.09786 0.10558 75.46213 0 -3.17500 -1.07500 75.10732 0.10174 -13
0.90017 -0.07577 85.36994 0 2.30000 -27.45000 63.52995 0.13571 -13
-0.56577 -0.17337 66.24663 0 5.25000 18.47500 57.86311 0.11702 -13
-1.84757 -0.31815 66.24663 0 5.07500 18.87500 57.86311 0.11858 -13
2.29852 1.86926 66.24663 0 5.47500 19.77500 57.86311 0.12266 -13
-1.97025 -0.13406 96.63571 0 4.05000 59.25000 44.04798 0.22292 -13
1.14309 0.14150 29.49849 0 -4.30000 -33.47500 19.53148 0.15363 13
1.16879 -0.25765 29.49849 0 7.75000 -34.22500 19.53148 0.15703 13
-0.13259 0.01105 27.89579 0 -0.35000 3.92500 27.65384 0.10159 13
1.43670 -0.22268 55.18971 0 6.72500 -42.12500 32.04283 0.17772 -13
-1.33957 -0.10779 53.04801 0 3.22500 40.40000 31.85193 0.16868 13
0.75676 -0.07796 39.81038 0 2.32500 -23.70000 31.78004 0.12653 13
0.00693 0.07234 42.22922 0 -2.20000 0.12500 42.22821 0.10097 13
-0.13747 -0.17959 68.74504 0 5.42500 4.47500 68.12432 0.10325 -13
0.46561 -0.14760 94.58816 0 4.45000 -16.22500 85.91225 0.11208 -13
0.50809 -0.15099 82.72919 0 4.55000 -18.00000 73.92428 0.11397 13
1.07891 0.02031 51.68253 0 -0.62500 -33.80000 35.13633 0.14815 13
0.19637 -0.10625 82.69821 0 3.20000 -6.45000 81.16525 0.10318 13
-0.28644 -0.20178 23.98632 0 6.07500 6.35000 23.09332 0.10669 13
-1.08173 0.09016 50.26827 0 -2.70000 33.97500 34.19784 0.14862 -13
-0.13542 -0.04085 68.01747 0 1.25000 2.95000 67.40324 0.10170 -13
0.58138 -0.24947 8.99247 0 7.45000 -18.57500 7.83238 0.11911 13
-2.04942 -0.04758 36.37902 0 1.47500 63.82500 15.96748 0.22972 -13
1.01303 0.11857 7.62884 0 -3.47500 -30.15000 5.37791 0.14381 -13
0.43277 -0.21620 23.48367 0 6.50000 -12.05000 21.62844 0.11185 13
0.04726 -0.10499 40.50682 0 3.15000 0.40000 40.46215 0.10136 13
-0.84595 -0.12822 89.11978 0 3.85000 22.70000 68.27086 0.13253 13
0.05978 0.14882 47.59181 0 -4.47500 -4.50000 47.50882 0.10198 -13
0.06095 -0.24997 47.59181 0 7.55000 -4.55000 47.50882 0.10399 -13
-0.76306 -0.02347 47.69615 0 0.70000 23.17500 37.92168 0.12669 13
-0.16130 0.00158 22.02521 0 -0.07500 5.30000 21.74417 0.10201 13
0.79424 0.01954 76.84765 0 -0.60000 -25.40000 60.18096 0.12862 13
-0.44558 0.11564 80.84116 0 -3.50000 15.60000 73.92345 0.11087 13
1.23790 0.13973 60.55885 0 -4.22500 -37.67500 38.27684 0.16088 13
1.26662 -0.25949 60.55885 0 7.82500 -38.52500 38.27684 0.16458 13
-0.64332 0.12897 73.47120 0 -3.87500 18.65000 61.93786 0.12044 -13
-0.66100 -0.27077 73.47120 0 8.17500 19.20000 61.93786 0.12376 -13
-1.28731 -0.24472 24.11627 0 7.35000 39.37500 15.06303 0.16595 13
0.44306 0.06686 4.82269 0 -2.12500 -13.95000 4.41069 0.11041 13
0.51994 0.08466 85.21505 0 -2.55000 -14.20000 75.66295 0.11382 13
1.20449 -0.21027 88.91034 0 6.35000 -37.60000 57.51837 0.15908 -13
-1.84387 -0.24058 37.23121 0 7.22500 55.25000 18.13695 0.21257 13
-1.89354 -0.08782 45.99370 0 2.62500 58.80000 21.54339 0.21580 13
-0.56600 -0.11158 13.67519 0 3.32500 17.22500 11.91920 0.11624 13
-1.64357 0.01256 87.29917 0 -0.37500 52.65000 45.37934 0.19374 -13
-0.04797 0.12598 31.67065 0 -3.77500 3.47500 31.63484 0.10161 -13
-0.04935 -0.27390 31.67065 0 8.27500 3.50000 31.63484 0.10454 -13
-1.35947 -0.10332 34.39762 0 3.15000 44.87500 20.45122 0.17029 -13
0.17321 0.11570 65.85923 0 -3.47500 -6.20000 64.90539 0.10286 -13
0.54651 0.06851 60.64435 0 -2.07500 -14.72500 53.24439 0.11497 13
1.37274 0.01904 28.49101 0 -0.55000 -41.17500 16.77780 0.17104 -13
-0.38932 -0.09344 13.02692 0 2.77500 14.15000 12.14627 0.10846 13
-0.79711 0.07969 80.48740 0 -2.40000 22.80000 63.01562 0.12903 -13
0.55606 0.05106 83.85846 0 -1.55000 -19.17500 73.31237 0.11534 13
-0.94385 0.12953 64.30174 0 -3.92500 26.97500 46.94483 0.13909 13
-0.96959 -0.27018 64.30174 0 8.15000 27.75000 46.94483 0.14287 13
0.46927 -0.18387 23.14119 0 5.57500 -14.45000 21.01122 0.11279 -13
-1.91939 0.12670 83.64520 0 -3.80000 57.42500 38.88965 0.21832 -13
-1.97395 -0.27316 83.64520 0 8.25000 59.07500 38.88965 0.22455 -13
-0.43328 0.00241 49.52049 0 -0.05000 12.00000 45.43846 0.10975 -13
0.37042 0.00657 97.49006 0 -0.20000 -13.52500 91.41968 0.10739 -13
0.65161 -0.16120 11.76777 0 4.92500 -22.62500 9.89705 0.12132 -13
1.28954 -0.22577 63.19282 0 6.82500 -38.10000 39.32466 0.16592 -13
-1.87861 0.12754 63.70439 0 -3.82500 57.70000 30.12118 0.21469 -13
-1.93141 -0.27227 63.70439 0 8.22500 59.30000 30.12118 0.22077 -13
1.05521 -0.18233 30.37432 0 5.52500 -31.37500 21.07275 0.14757 -13
-0.16215 0.08050 7.37586 0 -2.35000 5.50000 7.28141 0.10233 -13
-0.79886 0.11233 59.00735 0 -3.37500 25.45000 46.21491 0.12938 -13
-1.77424 -0.15356 35.35091 0 4.60000 54.35000 17.51141 0.20564 13
-2.01736 0.10654 48.96648 0 -3.20000 57.42500 21.84648 0.22697 -13
-0.18575 0.18183 48.96648 0 -3.17500 57.15000 21.84648 0.22629 -13
0.27815 -0.30584 48.96648 0 -1.05000 57.92500 21.84648 0.24091 -13
-122.73325 -19.35809 48.96648 0 -1.67500 60.05000 21.84648 0.25122 -13
-0.27641 -0.33048 48.96648 0 -2.65000 61.67500 21.84648 0.26944 -13
0.54627 -0.16622 48.96648 0 -1.12500 62.55000 21.84648 0.27822 -13
-0.03497 -0.13090 11.22614 0 3.90000 1.35000 11.21939 0.10161 13
1.35300 -0.08464 90.61473 0 2.57500 -40.97500 53.98338 0.16965 -13
0.14224 0.03915 3.11440 0 -1.02500 -4.35000 3.08344 0.10183 -13
1.50942 0.07155 44.08085 0 -2.15000 -44.45000 24.38901 0.18247 -13
0.06753 -0.04410 16.85822 0 1.30000 -2.52500 16.82000 0.10103 13
1.97196 0.08097 19.31275 0 -2.37500 -61.42500 8.75848 0.22275 -13
1.64599 -0.06064 18.52805 0 1.77500 -47.12500 9.63270 0.19403 13
-1.22734 -0.24036 34.70942 0 7.27500 38.07500 22.29327 0.16128 -13
2.00631 -0.18459 18.09481 0 5.50000 -60.85000 8.18037 0.22643 13
-1.38825 -0.07900 23.82040 0 2.35000 41.10000 13.95055 0.17247 13
-0.13364 -0.02908 46.99252 0 0.90000 3.27500 46.57880 0.10164 -13
-0.27185 -0.18008 79.11897 0 5.42500 8.75000 76.43073 0.10592 13
-0.38523 -0.09551 70.23754 0 2.90000 9.92500 65.58052 0.10835 -13
-0.72377 -0.16702 28.09742 0 5.02500 20.55000 22.86824 0.12543 13
-0.98008 0.09143 75.52919 0 -2.75000 28.35000 54.05149 0.14130 -13
-0.60362 0.05485 32.46940 0 -1.67500 19.02500 27.80886 0.11776 13
0.13769 0.01703 16.29318 0 -0.55000 -2.70000 16.14094 0.10167 13
0.86928 0.05823 89.49883 0 -1.77500 -28.05000 67.59480 0.13356 13
0.73043 0.03567 36.30185 0 -1.05000 -23.05000 29.32110 0.12476 -13
0.46319 -0.15598 32.20098 0 4.72500 -15.62500 29.28036 0.11210 -13
-0.34947 -0.19135 52.83662 0 5.77500 10.87500 49.97463 0.10840 13
-0.67674 -0.17717 52.81582 0 5.32500 18.27500 43.95161 0.12289 13
-1.03145 -0.08798 50.10747 0 2.65000 30.67500 34.94741 0.14494 13
-0.18823 -0.23155 74.42239 0 7.00000 5.37500 73.20182 0.10510 -13
-0.91300 -0.09406 58.61405 0 2.82500 27.05000 43.37273 0.13668 13
-1.33894 -0.14083 82.24227 0 4.22500 40.82500 49.52309 0.16888 13
0.97277 0.01052 73.45839 0 -0.32500 -28.90000 52.65599 0.14049 13
-1.15966 0.07148 62.67641 0 -2.17500 34.37500 40.98960 0.15438 13
-0.64801 0.13250 92.79353 0 -4.00000 15.95000 78.07253 0.12073 -13
-0.66490 -0.26704 92.79353 0 8.07500 16.45000 78.07253 0.12389 -13
-0.10590 -0.19058 78.52428 0 5.75000 2.70000 78.10277 0.10306 13
0.39712 -0.12062 10.73206 0 3.60000 -7.65000 9.98372 0.10903 13
0.41864 -0.08049 99.22784 0 2.42500 -13.37500 91.57466 0.10947 13
-1.75295 0.11219 27.88089 0 -3.35000 51.17500 13.88048 0.20352 -13
-0.09755 0.11654 81.14663 0 -3.50000 2.97500 80.76837 0.10186 -13
-1.97610 0.00406 18.56777 0 -0.17500 59.47500 8.38372 0.22304 13
-0.09893 0.12091 6.82902 0 -3.72500 4.12500 6.79627 0.10197 13
-0.10197 -0.27932 6.82902 0 8.35000 4.22500 6.79627 0.10501 13
1.38547 -0.06042 38.85422 0 1.80000 -40.80000 22.76681 0.17217 13
0.93086 -0.03809 58.97965 0 1.15000 -29.15000 43.18511 0.13763 13
0.56542 0.02599 72.47191 0 -0.80000 -18.57500 63.09108 0.11572 13
0.09229 0.06973 70.49181 0 -2.10000 -2.62500 70.19493 0.10137 -13
-0.61109 0.09092 64.84925 0 -2.72500 17.90000 55.39732 0.11837 -13
0.22405 0.07085 17.39186 0 -2.10000 -8.57500 16.97327 0.10344 -13
0.91898 -0.15658 6.31691 0 4.82500 -28.72500 4.67711 0.13777 -13
-1.21333 -0.24403 44.66510 0 7.37500 37.67500 28.89576 0.16025 -13
-1.10414 1.32326 44.66510 0 7.27500 37.65000 28.89576 0.16024 -13
1.18929 -1.13492 44.66510 0 7.80000 39.95000 28.89576 0.17691 -13
0.59876 0.02363 38.25408 0 -0.72500 -16.55000 32.82285 0.11740 13
-1.70892 -0.17099 63.63690 0 5.15000 51.30000 32.48497 0.20012 13
-0.14789 -0.08746 85.63147 0 2.65000 2.95000 84.71704 0.10218 -13
0.74020 -0.13952 95.71281 0 4.20000 -24.85000 77.19215 0.12607 13
1.14285 0.05886 24.23110 0 -1.75000 -34.65000 15.97226 0.15303 -13
-1.17632 -0.22688 20.72094 0 6.80000 35.65000 13.61606 0.15710 13
0.66212 0.08998 68.95201 0 -2.70000 -19.72500 57.56256 0.12111 -13
1.62730 -0.07382 44.31336 0 2.25000 -48.22500 23.24666 0.19249 -13
0.25519 0.02129 9.63281 0 -0.60000 -7.30000 9.33385 0.10395 -13
0.26993 0.04693 60.31104 0 -1.42500 -5.92500 58.23142 0.10442 13
0.67447 -0.01309 93.17064 0 0.40000 -19.42500 77.24558 0.12147 13
0.35282 -0.09001 85.80264 0 2.72500 -12.42500 80.95000 0.10717 -13
0.40916 0.03852 24.82687 0 -1.17500 -11.37500 22.98037 0.10888 13
0.40691 -0.01288 41.04615 0 0.40000 -12.20000 38.01949 0.10873 -13
0.50633 -0.19818 49.84671 0 5.97500 -18.67500 44.64317 0.11462 13
0.42487 0.05988 60.67286 0 -1.82500 -12.45000 55.85705 0.10958 13
-1.81548 -0.24286 94.77398 0 7.35000 56.87500 46.73456 0.21017 -13
-0.35506 0.04991 67.81880 0 -1.50000 11.05000 63.91831 0.10698 -13
