-0.69630 -0.09631 64.82750 0 2.90000 21.22500 53.28136 0.12309 13
1.54228 0.06906 27.39937 0 -2.12500 -48.45000 14.93114 0.18525 13
1.11505 -0.08547 57.92646 0 2.57500 -34.40000 38.75252 0.15107 13
0.05862 -0.19992 87.13587 0 6.02500 -3.20000 86.99229 0.10287 -13
1.16457 0.05171 76.89699 0 -1.55000 -33.95000 50.13423 0.15467 -13
-0.15336 -0.13105 37.08494 0 3.95000 5.05000 36.66357 0.10272 13
-0.34713 -0.02354 73.59955 0 0.72500 10.77500 69.53200 0.10662 -13
1.01687 -0.20564 22.79181 0 6.17500 -30.42500 16.14817 0.14508 13
-0.49132 -0.06506 71.01892 0 1.95000 13.12500 63.76750 0.11239 13
1.15516 0.04300 73.43054 0 -1.30000 -34.77500 48.08599 0.15392 13
-1.45884 0.00636 17.77934 0 -0.25000 44.02500 10.05238 0.17811 13
1.61045 -0.21899 15.89394 0 6.55000 -47.95000 8.52623 0.19210 13
-1.40778 0.07208 91.56093 0 -2.17500 41.57500 53.11545 0.17404 -13
0.74951 0.14559 81.74957 0 -4.40000 -23.20000 65.66082 0.12671 13
0.76513 -0.25335 81.74957 0 7.62500 -23.67500 65.66082 0.12933 13
-0.03440 -0.38079 81.74957 0 -4.37500 -23.17500 65.66082 0.12666 13
-0.32031 1.08333 81.74957 0 -3.02500 -23.05000 65.66082 0.13313 13
-1.12212 -0.20973 30.59756 0 6.30000 32.15000 20.60078 0.15280 13
-0.11167 -0.06711 8.17328 0 1.97500 1.82500 8.12306 0.10155 13
-1.08550 0.09071 46.24243 0 -2.72500 32.77500 31.40121 0.14890 -13
1.79672 -0.02574 81.71302 0 0.80000 -55.92500 39.74899 0.20709 -13
0.61652 0.07696 13.04505 0 -2.37500 -20.62500 11.11300 0.11858 13
-1.68841 -0.18663 12.90387 0 5.70000 53.05000 6.65907 0.19860 -13
0.03034 -0.25958 1.12130 0 7.35000 0.22500 1.12082 0.10416 13
0.93294 0.00424 8.75282 0 -0.20000 -30.15000 6.39996 0.13774 13
-1.56382 -0.14871 16.66820 0 4.42500 44.80000 9.05069 0.18746 13
0.07060 -0.01309 56.24770 0 0.37500 -0.25000 56.10809 0.10096 13
0.89391 -0.11804 92.47524 0 3.55000 -28.50000 69.15593 0.13559 13
-0.12419 0.05854 71.46402 0 -1.75000 4.20000 70.92112 0.10164 -13
-0.45953 0.07753 76.49507 0 -2.35000 14.07500 69.54394 0.11110 13
1.11716 0.11196 15.08174 0 -3.32500 -32.95000 10.09431 0.15138 -13
-1.58221 -0.18457 25.71697 0 5.60000 51.82500 13.90415 0.18944 -13
0.37978 -0.19598 53.10272 0 5.92500 -11.45000 49.75954 0.10952 -13
-0.04818 -0.00552 31.78257 0 0.17500 1.10000 31.74575 0.10083 -13
0.49232 -0.01676 63.80261 0 0.52500 -11.80000 57.24298 0.11226 -13
-0.52129 0.11115 73.53150 0 -3.35000 14.27500 65.28954 0.11411 -13
-0.50549 -0.00753 7.16203 0 0.30000 17.50000 6.39171 0.11286 -13
0.26216 -0.00580 26.68468 0 0.15000 -4.87500 25.81241 0.10411 13
1.08775 -0.19355 71.70086 0 5.82500 -31.27500 49.00855 0.15006 13
0.23544 0.04597 38.11065 0 -1.40000 -10.45000 37.09854 0.10356 13
0.71072 0.00555 49.16805 0 -0.17500 -21.15000 40.07724 0.12355 13
-0.13987 -0.18584 20.76532 0 5.57500 3.10000 20.57175 0.10338 13
1.56768 -0.02245 23.58444 0 0.72500 -48.82500 12.68529 0.18728 -13
1.29707 -0.21685 29.80324 0 6.57500 -39.20000 18.45904 0.16640 -13
0.60827 0.05054 23.55958 0 -1.55000 -18.42500 20.13485 0.11799 13
1.33265 -0.11474 71.74505 0 3.45000 -41.35000 43.24145 0.16817 13
-1.10292 -0.10940 82.31938 0 3.30000 32.50000 55.47383 0.15032 13
0.25759 0.10193 27.85521 0 -3.10000 -6.85000 26.98350 0.10450 13
0.00029 -0.05942 51.53116 0 1.80000 -0.42500 51.53116 0.10088 -13
0.17568 -0.21871 99.65602 0 6.60000 -7.17500 98.21986 0.10459 -13
-1.81122 -0.13639 9.60691 0 4.00000 54.47500 4.67586 0.20873 13
-1.24008 0.04816 50.25989 0 -1.47500 39.05000 31.57137 0.16050 13
1.10058 -0.16490 49.12310 0 5.00000 -33.45000 33.27667 0.15068 -13
-0.26649 -0.04673 40.10654 0 1.40000 8.70000 38.75685 0.10432 13
0.71091 -0.01521 31.20598 0 0.45000 -20.87500 25.43499 0.12356 13
0.33819 -0.22211 38.40199 0 6.67500 -7.40000 36.46631 0.10862 13
-2.09662 0.06404 61.24252 0 -1.92500 64.17500 26.40831 0.23400 -13
-0.31925 0.07773 41.40143 0 -2.35000 11.72500 39.45147 0.10600 13
0.88312 -0.11330 61.21259 0 3.42500 -25.70000 46.01024 0.13485 -13
-0.83551 -0.10678 29.11558 0 3.25000 26.07500 22.39501 0.13168 -13
0.21374 -0.13881 48.51439 0 4.17500 -6.82500 47.46233 0.10392 13
0.65881 -0.19954 36.23300 0 6.00000 -20.07500 30.43402 0.12224 13
-0.26091 -0.15954 46.88723 0 4.82500 8.72500 45.40423 0.10532 -13
-1.30930 0.05978 41.58891 0 -1.77500 37.65000 25.27237 0.16601 -13
-0.90692 0.07422 9.29494 0 -2.17500 28.27500 6.89407 0.13613 -13
-0.28275 0.14300 28.21562 0 -4.30000 7.72500 27.17120 0.10563 -13
-0.28896 -0.25602 28.21562 0 7.75000 7.90000 27.17120 0.10796 -13
1.37915 -0.17938 27.12850 0 5.37500 -42.07500 16.08925 0.17247 13
-0.49461 -0.18431 6.78932 0 5.47500 13.75000 6.10554 0.11382 13
-0.37518 -0.21231 51.50832 0 6.40000 9.57500 48.35456 0.10965 13
0.82671 -0.12485 3.92460 0 3.60000 -24.00000 3.03394 0.13123 13
0.50329 0.12825 58.67293 0 -3.87500 -16.52500 52.49526 0.11348 13
0.51729 -0.27154 58.67293 0 8.17500 -16.95000 52.49526 0.11662 13
0.28276 0.05770 44.63632 0 -1.72500 -9.70000 42.95755 0.10481 -13
-0.58914 -0.12189 38.39670 0 3.70000 17.87500 33.14505 0.11753 -13
-0.04543 0.01941 12.22687 0 -0.62500 2.25000 12.21426 0.10083 13
0.77030 0.12771 78.64592 0 -3.85000 -21.27500 62.49137 0.12776 -13
0.79188 -0.27209 78.64592 0 8.22500 -21.95000 62.49137 0.13135 -13
-0.42929 0.01389 94.56117 0 -0.42500 9.45000 86.89411 0.10960 -13
0.44861 0.10988 97.81174 0 -3.32500 -12.70000 89.33277 0.11093 13
0.02233 -0.07424 77.37615 0 2.22500 2.52500 77.35695 0.10101 13
1.05384 -0.00596 11.93799 0 0.12500 -28.17500 8.21712 0.14631 13
1.79450 -0.13936 61.33864 0 4.22500 -54.95000 30.07775 0.20737 -13
-1.18525 -0.12733 78.76116 0 3.85000 35.75000 51.02766 0.15670 -13
-0.48569 0.09354 36.07464 0 -2.80000 12.87500 32.47639 0.11234 -13
1.76049 0.12614 84.50481 0 -3.82500 -52.50000 41.98723 0.20430 13
1.81096 -0.27379 84.50481 0 8.25000 -54.02500 41.98723 0.21012 13
-0.77848 -0.06012 74.01270 0 1.82500 23.62500 58.44157 0.12777 -13
-1.41830 -0.10519 94.76615 0 3.17500 42.50000 54.80919 0.17508 -13
-0.63322 -0.14878 60.76915 0 4.50000 20.20000 51.50160 0.12014 -13
0.23484 -0.14029 47.83274 0 4.22500 -5.10000 46.58951 0.10440 13
-0.76305 -0.18614 87.19405 0 5.62500 21.07500 69.74965 0.12806 -13
0.90763 -0.06048 17.52778 0 1.77500 -25.25000 12.98958 0.13613 13
0.74251 -0.10853 28.09289 0 3.30000 -20.35000 22.60171 0.12592 -13
-0.43580 -0.02334 28.53701 0 0.72500 14.97500 26.16189 0.10988 -13
-0.78959 0.13683 52.38747 0 -4.12500 24.25000 41.26102 0.12904 -13
-0.80879 -0.26248 52.38747 0 7.92500 24.85000 41.26102 0.13220 -13
0.05690 -0.12594 94.34490 0 3.80000 -3.20000 94.19493 0.10167 -13
-1.04201 -0.17002 64.44193 0 5.12500 30.67500 44.95052 0.14643 13
0.29870 0.00378 99.85686 0 -0.12500 -8.40000 95.67975 0.10510 13
-0.15068 0.04716 9.32261 0 -1.37500 4.95000 9.21876 0.10195 -13
0.16995 0.13156 10.57515 0 -4.02500 -3.70000 10.42814 0.10303 13
0.17441 -0.26810 10.57515 0 8.05000 -3.85000 10.42814 0.10569 13
-1.23633 0.38399 10.57515 0 -3.67500 -32.67500 10.42814 0.34530 13
-0.84184 0.04834 42.11684 0 -1.45000 25.72500 32.23535 0.13173 -13
2.20992 -0.21375 3.27325 0 6.07500 -64.62500 1.37448 0.24477 13
0.54093 -0.10982 18.62298 0 3.27500 -17.52500 16.40192 0.11502 13
0.10095 -0.08459 62.60973 0 2.55000 0.02500 62.29534 0.10157 -13
-1.64759 -0.13322 61.56401 0 4.02500 47.25000 32.14781 0.19457 -13
-0.06707 -0.19964 71.48751 0 6.02500 2.72500 71.33336 0.10292 -13
0.45510 0.01507 91.05615 0 -0.45000 -13.00000 82.87893 0.11064 13
0.93481 0.03788 48.04413 0 -1.15000 -28.12500 35.10856 0.13791 13
-0.82732 -0.01644 51.03359 0 0.50000 27.10000 39.32332 0.13071 -13
-1.54750 0.07399 51.15714 0 -2.22500 49.92500 27.81870 0.18569 -13
1.00047 -0.02998 89.87468 0 0.90000 -28.15000 63.55006 0.14248 -13
0.65716 -0.01678 43.91583 0 0.52500 -19.30000 36.70189 0.12052 -13
0.68143 0.01983 86.90386 0 -0.60000 -18.75000 71.81973 0.12188 13
0.51618 -0.15846 32.03459 0 4.80000 -17.97500 28.53942 0.11446 -13
-0.85232 -0.11827 39.93931 0 3.57500 23.22500 30.48529 0.13286 -13
-0.25649 0.11979 91.43877 0 -3.62500 8.85000 88.61022 0.10466 13
-0.26450 -0.28051 91.43877 0 8.45000 9.07500 88.61022 0.10792 13
-0.09376 0.14510 77.21315 0 -4.37500 2.12500 76.88288 0.10219 -13
-0.09573 -0.25385 77.21315 0 7.67500 2.17500 76.88288 0.10435 -13
-0.72109 -0.04658 33.95305 0 1.42500 22.70000 27.54997 0.12425 -13
0.12582 0.07476 7.43993 0 -2.32500 -7.62500 7.38208 0.10180 13
0.14417 -0.13164 74.73652 0 3.97500 -6.40000 73.98452 0.10260 13
-0.82830 -0.12457 71.84015 0 3.77500 27.45000 55.49834 0.13137 -13
-0.03489 0.01353 13.02075 0 -0.37500 0.02500 13.01284 0.10078 -13
-0.94071 -0.13324 21.72188 0 4.00000 30.22500 15.88703 0.13889 13
0.65499 -0.08812 99.18790 0 2.67500 -19.22500 83.06930 0.12071 -13
0.14361 -0.13545 20.35363 0 4.05000 -4.42500 20.15050 0.10264 13
0.18887 0.01423 1.92071 0 -0.67500 -5.70000 1.88736 0.10266 13
0.71572 -0.11904 47.93194 0 3.60000 -19.40000 39.06979 0.12442 -13
-0.50800 0.13797 98.90527 0 -4.15000 16.10000 88.34932 0.11380 -13
-0.52014 -0.26130 98.90527 0 7.90000 16.45000 88.34932 0.11653 -13
-0.71154 -0.03339 22.71096 0 1.02500 23.07500 18.50808 0.12364 -13
-0.82106 0.08217 9.08008 0 -2.40000 24.45000 7.02707 0.13055 -13
1.11887 0.09159 43.29170 0 -2.77500 -33.90000 28.91642 0.15141 13
1.90840 0.13760 94.37533 0 -4.15000 -57.77500 44.12644 0.21739 -13
1.95423 -0.26170 94.37533 0 7.90000 -59.17500 44.12644 0.22265 -13
-1.29063 -0.24010 36.69417 0 7.22500 37.00000 22.86691 0.16616 13
-1.98321 0.00503 35.76621 0 -0.12500 61.80000 16.10327 0.22367 -13
0.80200 -0.00210 49.73307 0 0.07500 -25.45000 38.79712 0.12909 -13
-0.78490 -0.23197 44.96269 0 6.97500 23.25000 35.71671 0.13013 13
1.16889 -0.08732 65.76677 0 2.65000 -34.30000 42.84731 0.15516 -13
0.16550 -0.20064 73.25988 0 6.05000 -4.12500 72.31400 0.10405 13
-0.99942 -0.20059 1.59753 0 5.57500 31.57500 1.14070 0.14374 13
-0.52417 -0.03437 37.07583 0 1.02500 14.97500 32.84192 0.11375 13
-0.70133 0.06287 68.82667 0 -1.90000 22.00000 56.38618 0.12316 -13
-0.10644 0.11619 49.42753 0 -3.50000 2.27500 49.15355 0.10194 -13
-1.06585 0.10188 39.49648 0 -3.10000 32.92500 27.09780 0.14755 13
0.01884 0.09788 84.74110 0 -2.95000 -0.82500 84.72622 0.10120 13
0.45933 0.12328 42.94518 0 -3.72500 -15.87500 39.07603 0.11151 13
0.47300 -0.27684 42.94518 0 8.32500 -16.30000 39.07603 0.11482 13
0.59323 -0.00595 2.02673 0 -0.10000 -17.60000 1.74299 0.11725 13
-0.02696 -0.08893 64.59545 0 2.67500 -2.30000 64.57217 0.10113 13
0.41005 0.06626 73.21516 0 -2.00000 -11.87500 67.76251 0.10904 -13
0.43316 -0.21492 59.98664 0 6.50000 -12.85000 55.23775 0.11187 -13
-0.10769 -0.16381 2.48407 0 5.15000 2.27500 2.47014 0.10283 -13
-0.04355 0.01639 42.28543 0 -0.50000 -0.20000 42.24542 0.10081 13
-2.07606 -0.05919 90.39925 0 1.80000 62.42500 39.28509 0.23215 -13
1.53387 0.01843 3.34207 0 -0.30000 -45.82500 1.82541 0.18448 -13
1.56902 -0.06128 36.62317 0 1.87500 -46.57500 19.70969 0.18748 -13
1.41548 0.08691 28.96611 0 -2.60000 -43.75000 16.75589 0.17473 -13
-0.01889 -0.02963 93.38903 0 0.90000 2.97500 93.37239 0.10077 -13
1.10610 -0.08888 49.68298 0 2.67500 -35.80000 33.39118 0.15042 13
-0.64277 -0.03241 78.11442 0 0.97500 21.75000 65.72094 0.11976 -13
-0.47668 0.02261 47.10548 0 -0.67500 13.72500 42.52360 0.11158 -13
0.14688 -0.06419 6.69499 0 1.87500 -5.27500 6.62417 0.10199 13
1.47115 0.06499 58.21508 0 -1.95000 -43.72500 32.77389 0.17925 -13
0.09989 -0.10053 67.53912 0 3.05000 -2.72500 67.20796 0.10171 -13
0.67626 -0.11446 94.21086 0 3.45000 -20.85000 78.19944 0.12212 13
1.32772 0.03241 40.07523 0 -1.00000 -42.45000 24.11801 0.16742 13
0.03387 -0.12756 38.89805 0 3.85000 -3.92500 38.87613 0.10158 -13
-1.02541 -0.17980 12.50652 0 5.37500 30.67500 8.80267 0.14533 13
-0.40870 0.06886 69.58358 0 -2.07500 12.00000 64.43338 0.10901 -13
0.78998 -0.24462 45.43661 0 7.37500 -22.45000 36.04723 0.13066 13
0.11087 -0.00058 58.29110 0 0.02500 -2.92500 57.93612 0.10132 -13
1.23981 0.03184 50.23549 0 -0.95000 -37.32500 31.54783 0.16044 -13
0.43591 -0.01828 10.03564 0 0.50000 -11.65000 9.19985 0.10987 13
-0.95217 -0.21243 13.51248 0 6.35000 30.17500 9.88843 0.14064 13
-0.75542 0.10609 45.02669 0 -3.17500 21.27500 36.00047 0.12665 -13
-0.39067 -0.00435 5.87657 0 0.05000 12.37500 5.47379 0.10813 13
0.15163 0.05021 38.79402 0 -1.52500 -6.37500 38.35677 0.10198 13
1.02379 -0.13410 74.86006 0 4.02500 -30.65000 52.54600 0.14474 13
-2.02925 -0.06803 59.30526 0 2.07500 60.42500 26.26333 0.22793 -13
-0.24430 -0.08038 97.45848 0 2.42500 7.97500 94.69144 0.10398 -13
0.07078 0.04653 81.57962 0 -1.40000 -0.77500 81.37647 0.10106 -13
0.23789 0.05469 28.37583 0 -1.62500 -6.27500 27.60759 0.10366 -13
-1.43921 0.08867 35.68209 0 -2.65000 44.30000 20.41485 0.17669 -13
-1.58414 0.09507 4.60152 0 -2.67500 48.15000 2.46437 0.18882 -13
-1.75586 -0.06934 38.53103 0 2.07500 54.45000 19.10266 0.20360 13
-0.19891 -0.24612 75.41949 0 7.42500 5.15000 74.05104 0.10563 -13
0.56570 -0.17000 38.01970 0 5.15000 -17.15000 33.20497 0.11697 -13
-0.22627 -0.17531 24.08111 0 5.30000 7.70000 23.50464 0.10476 -13
-0.09259 0.02677 10.83265 0 -0.85000 3.97500 10.78655 0.10118 13
-0.81890 -0.15676 70.30510 0 4.75000 22.85000 54.65708 0.13112 -13
-1.66252 -0.02121 32.78941 0 0.60000 49.32500 16.90387 0.19538 13
-0.21819 -0.06936 90.12108 0 2.10000 8.05000 88.05896 0.10331 -13
-0.64193 -0.19230 29.08502 0 5.82500 22.10000 24.60456 0.12124 -13
-0.64199 -0.17732 70.46889 0 5.35000 17.65000 59.56591 0.12099 13
-0.79012 -0.13001 14.81580 0 3.87500 25.70000 11.66094 0.12901 13
-1.29863 0.02318 93.60180 0 -0.70000 40.10000 57.11736 0.16507 -13
0.19242 -0.07641 43.54083 0 2.30000 -5.05000 42.76094 0.10284 13
-0.29198 -0.03640 78.42451 0 1.10000 6.92500 75.28500 0.10498 -13
-0.71753 0.07818 50.40203 0 -2.37500 21.95000 40.99325 0.12420 13
-1.36708 -0.16210 17.34792 0 4.95000 38.25000 10.32872 0.17139 -13
-0.25796 0.12137 21.16618 0 -3.67500 8.72500 20.50476 0.10469 13
-0.26586 -0.27907 21.16618 0 8.37500 8.97500 20.50476 0.10790 13
1.85062 0.12249 37.65518 0 -3.67500 -54.97500 18.00495 0.21216 -13
1.90623 -0.27755 37.65518 0 8.40000 -56.67500 18.00495 0.21863 -13
-0.86423 -0.10506 41.87675 0 3.17500 26.32500 31.75807 0.13353 -13
0.15193 -0.10844 81.48991 0 3.27500 -1.05000 80.57596 0.10245 -13
-1.06776 -0.13079 72.95274 0 3.95000 32.00000 50.09359 0.14792 -13
1.17724 -0.02955 1.35048 0 1.45000 -36.20000 0.87441 0.15619 -13
1.16833 0.10050 15.90302 0 -3.07500 -38.02500 10.37166 0.15521 13
-1.66666 0.12326 6.28354 0 -3.87500 49.45000 3.25129 0.19625 13
-1.71619 -0.27719 6.28354 0 8.20000 50.85000 3.25129 0.20170 13
-0.11646 0.02323 77.50816 0 -0.70000 4.22500 76.98817 0.10141 -13
-0.72559 0.06198 49.17036 0 -1.87500 22.02500 39.82422 0.12457 13
-0.01670 -0.12954 62.42561 0 3.92500 0.45000 62.41705 0.10157 -13
1.41490 0.12860 17.45436 0 -3.82500 -41.05000 10.12944 0.17492 -13
1.45406 -0.27105 17.45436 0 8.22500 -42.25000 10.12944 0.17987 -13
1.65192 -0.01955 31.16878 0 0.62500 -50.60000 16.14390 0.19446 -13
0.35463 -0.08677 69.48117 0 2.60000 -9.77500 65.51308 0.10720 13
-0.62006 -0.14117 69.48117 0 2.65000 -9.65000 65.51308 0.10738 13
0.60180 -0.34212 69.48117 0 4.05000 -7.80000 65.51308 0.11950 13
-0.51763 -0.06746 69.48117 0 2.60000 -6.92500 65.51308 0.13335 13
0.97900 0.86084 69.48117 0 3.57500 -5.95000 65.51308 0.13962 13
-0.14118 0.07317 12.29601 0 -2.25000 2.77500 12.17592 0.10198 13
-0.02068 0.06273 6.07248 0 -1.97500 0.90000 6.07121 0.10096 13
0.39803 -0.06616 24.85363 0 1.97500 -12.75000 23.09862 0.10859 13
-0.59206 -0.01627 95.80286 0 0.47500 19.50000 82.44061 0.11704 13
0.61676 -0.02971 93.85890 0 0.90000 -18.32500 79.89617 0.11836 13
-0.12539 -0.16856 76.90583 0 5.10000 5.47500 76.32456 0.10291 -13
-0.04450 -0.06163 54.44808 0 1.87500 5.17500 54.39448 0.10100 -13
-1.33630 -0.11574 45.58069 0 3.50000 37.95000 27.42516 0.16850 -13
0.72775 0.14247 72.49552 0 -4.30000 -19.37500 58.81934 0.12537 -13
0.74381 -0.25657 72.49552 0 7.75000 -19.85000 58.81934 0.12815 -13
-1.02213 -0.04501 34.55975 0 1.37500 31.02500 24.18127 0.14408 -13
0.00738 -0.14152 22.53544 0 4.25000 -0.77500 22.53484 0.10170 13
0.09820 0.01230 91.27708 0 -0.37500 -4.45000 90.84021 0.10119 13
1.08227 -0.14747 7.54505 0 4.55000 -32.87500 5.14942 0.14923 -13
0.47293 0.03406 33.24579 0 -1.05000 -14.37500 30.05760 0.11145 13
0.84166 0.09441 33.46174 0 -2.82500 -26.42500 25.64796 0.13196 -13
-0.71908 0.09645 82.75070 0 -2.92500 24.35000 67.29041 0.12441 13
0.58806 0.09039 25.74465 0 -2.75000 -15.02500 22.21501 0.11719 13
-0.15596 -0.19256 64.07145 0 5.82500 5.40000 63.33314 0.10375 -13
0.47086 -0.21155 69.22486 0 6.40000 -17.17500 62.87424 0.11334 -13
-1.53889 -0.00296 18.37532 0 0.15000 48.90000 10.01297 0.18481 -13
-1.54381 -0.05262 34.32701 0 1.62500 44.82500 18.68067 0.18531 -13
0.20552 -0.16752 6.86540 0 4.97500 -6.67500 6.72855 0.10415 13
0.07617 0.07534 41.14264 0 -2.27500 -2.70000 41.02448 0.10128 13
-1.33361 0.07536 59.41069 0 -2.30000 41.42500 35.70619 0.16804 13
1.41529 0.02964 60.84864 0 -0.90000 -42.72500 35.12344 0.17453 13
-1.74450 0.10048 4.73163 0 -2.82500 53.87500 2.36342 0.20254 -13
-1.23902 -0.06474 42.11494 0 1.92500 37.22500 26.48376 0.16047 13
0.46047 -0.18666 1.81782 0 5.95000 -14.57500 1.65624 0.11285 -13
-1.74932 -0.24520 64.36833 0 7.37500 50.77500 32.65025 0.20439 13
-0.69948 -0.04832 5.38974 0 1.35000 22.90000 4.41831 0.12300 13
-0.50612 -0.23281 10.52132 0 7.07500 17.07500 9.43699 0.11533 -13
-0.39141 0.12218 49.08718 0 -3.70000 10.72500 45.75525 0.10884 13
-0.40325 -0.27799 49.08718 0 8.37500 11.07500 45.75525 0.11212 13
0.22812 0.04911 43.69950 0 -1.50000 -6.27500 42.60750 0.10341 13
0.58116 0.10222 47.70479 0 -3.10000 -18.20000 41.29965 0.11693 13
0.81036 -0.22864 56.20777 0 6.87500 -25.92500 44.10546 0.13163 13
-0.35580 0.12903 6.40857 0 -3.80000 12.55000 6.04319 0.10766 -13
-0.36556 -0.27059 6.40857 0 8.25000 12.85000 6.04319 0.11073 -13
-0.80885 -0.24697 27.74808 0 7.47500 23.47500 21.82274 0.13192 -13
1.51565 0.08046 64.26278 0 -2.45000 -43.95000 35.47069 0.18304 13
1.10108 0.09567 41.70140 0 -2.87500 -34.00000 28.10575 0.15009 -13
-0.36983 -0.19870 64.97275 0 5.97500 10.80000 61.07823 0.10921 13
-0.64097 0.04946 20.63038 0 -1.52500 17.02500 17.37486 0.11973 13
0.28652 -0.16863 24.52116 0 5.07500 -7.87500 23.59747 0.10611 13
0.96838 0.01537 81.34679 0 -0.47500 -27.97500 58.44099 0.14019 13
-0.75752 -0.12805 91.01518 0 3.85000 20.07500 72.76351 0.12699 13
-0.85416 -0.11387 6.32911 0 3.55000 25.17500 4.82558 0.13301 -13
-0.33399 0.04603 89.65964 0 -1.40000 10.85000 85.05079 0.10628 13
-0.10369 -0.06509 81.11032 0 1.95000 1.97500 80.67952 0.10145 13
1.37867 0.10249 20.60802 0 -3.12500 -40.87500 12.14118 0.17185 13
-0.19524 0.05395 2.76492 0 -1.80000 6.20000 2.71383 0.10286 13
-0.33809 0.05196 25.81021 0 -1.57500 7.72500 24.45384 0.10644 13
0.22727 0.09532 23.24244 0 -2.90000 -5.12500 22.66961 0.10372 13
-0.47961 0.09234 38.05296 0 -2.77500 13.22500 34.33807 0.11207 -13
-1.40131 -0.18893 80.81252 0 5.70000 39.97500 47.48724 0.17439 13
0.75235 -0.01646 33.34347 0 0.52500 -23.62500 26.64601 0.12603 -13
-0.00401 0.01849 85.18531 0 -0.57500 3.55000 85.18462 0.10072 13
-0.73634 -0.19225 43.19925 0 5.77500 22.67500 35.00610 0.12654 13
-1.08824 -0.03045 66.39160 0 0.90000 32.80000 44.93313 0.14886 13
-0.72898 0.03541 44.73143 0 -1.05000 22.20000 36.15448 0.12467 -13
-0.27306 -0.02833 74.34251 0 0.85000 9.20000 71.71921 0.10443 13
-0.78194 -0.16902 37.70387 0 5.12500 23.52500 29.85903 0.12898 -13
-0.41996 -0.20973 47.35698 0 6.32500 13.10000 43.80148 0.11123 13
-0.71164 0.03406 82.57273 0 -1.02500 20.32500 67.28942 0.12365 -13
1.14406 0.02143 15.85356 0 -0.60000 -34.47500 10.43449 0.15303 -13
-0.08329 0.13407 13.80117 0 -4.00000 2.50000 13.75440 0.10194 -13
-0.08541 -0.26528 13.80117 0 8.05000 2.55000 13.75440 0.10458 -13
0.44232 -0.21259 6.54185 0 6.50000 -14.30000 6.00416 0.11225 -13
0.60649 -0.21967 63.87034 0 6.62500 -18.30000 54.95273 0.11983 13
-1.58892 0.09451 67.04114 0 -2.82500 46.75000 35.82277 0.18930 -13
-2.07763 -0.19524 46.56558 0 5.92500 63.05000 20.50373 0.23306 -13
-0.26104 -0.09201 60.61021 0 2.77500 9.57500 58.66074 0.10449 13
0.30619 0.14630 97.78381 0 -4.42500 -9.85000 93.58312 0.10635 13
0.31248 -0.25261 97.78381 0 7.62500 -10.05000 93.58312 0.10852 13
0.74668 0.13273 45.25744 0 -4.02500 -22.00000 36.37676 0.12639 13
0.76610 -0.26684 45.25744 0 8.02500 -22.57500 36.37676 0.12966 13
-1.72857 -0.18854 19.70543 0 5.75000 50.15000 9.99749 0.20205 -13
0.19747 0.13445 21.65525 0 -4.02500 -5.62500 21.25207 0.10352 -13
0.20246 -0.26496 21.65525 0 8.02500 -5.77500 21.25207 0.10617 -13
0.46045 0.03295 22.28546 0 -1.02500 -13.52500 20.24455 0.11092 13
0.37955 -0.03637 52.05822 0 1.10000 -12.42500 48.67425 0.10778 -13
1.54014 0.08020 83.81398 0 -2.42500 -45.92500 45.74548 0.18510 13
0.36443 0.06437 95.72403 0 -1.92500 -10.80000 89.95937 0.10738 -13
0.05329 -0.09444 29.71963 0 2.82500 -1.35000 29.67792 0.10129 13
0.57161 -0.15487 69.71023 0 4.67500 -16.75000 60.69581 0.11704 -13
-0.80395 -0.12688 72.05652 0 3.82500 27.45000 56.33390 0.12984 -13
-0.25556 0.02513 90.72576 0 -0.77500 9.95000 87.90251 0.10397 13
0.67636 0.09992 24.91793 0 -3.05000 -21.62500 20.67267 0.12200 13
-2.02415 -0.19994 3.75174 0 6.35000 61.95000 1.68754 0.22889 -13
0.22242 -0.05587 52.46852 0 1.67500 -4.62500 51.22065 0.10332 13
0.46560 -0.06764 11.17551 0 2.00000 -14.70000 10.13552 0.11128 13
-0.24004 -0.15273 93.79401 0 4.62500 6.92500 91.25983 0.10470 -13
0.03742 -0.04228 74.82567 0 1.27500 -0.97500 74.77342 0.10086 -13
-0.71942 0.10122 48.70930 0 -3.05000 24.57500 39.60854 0.12447 -13
1.58062 -0.15086 16.42336 0 4.60000 -45.75000 8.85032 0.18904 -13
-0.22321 -0.15231 16.34643 0 4.55000 7.00000 15.96241 0.10430 13
-0.28431 0.00644 29.80402 0 -0.20000 8.07500 28.66788 0.10470 13
0.40320 -0.07905 60.77564 0 2.37500 -10.87500 56.39076 0.10887 13
0.05017 0.02143 97.61630 0 -0.65000 -1.20000 97.49376 0.10085 13
-2.08602 -0.24697 26.81283 0 7.40000 63.27500 11.87278 0.23417 13
2.01935 -0.10139 31.91073 0 3.02500 -60.47500 14.21906 0.22713 13
1.66030 -0.12715 63.55350 0 3.85000 -52.20000 32.98331 0.19561 -13
-0.17334 0.01043 12.66003 0 -0.35000 5.07500 12.47405 0.10221 13
-1.61459 -0.24705 6.29747 0 7.30000 48.35000 3.38707 0.19266 13
0.01055 -0.06143 27.82351 0 1.82500 -1.47500 27.82198 0.10090 13
0.31395 -0.10742 22.17352 0 3.22500 -10.65000 21.16614 0.10609 13
1.92459 -0.13240 16.37602 0 3.92500 -55.65000 7.60272 0.21875 13
0.25215 -0.08400 34.61980 0 2.55000 -8.25000 33.57606 0.10420 -13
0.21115 -0.09191 11.34680 0 2.82500 -5.60000 11.10401 0.10336 -13
-1.59411 0.12827 97.73682 0 -3.85000 48.65000 52.24207 0.18994 -13
-1.63841 -0.27149 97.73682 0 8.20000 50.00000 52.24207 0.19524 -13
-0.39059 0.13519 90.37401 0 -4.07500 12.42500 84.28082 0.10897 13
-0.40034 -0.26424 90.37401 0 7.97500 12.70000 84.28082 0.11168 13
0.23394 -0.23800 47.45617 0 7.17500 -5.82500 46.27294 0.10615 13
0.33959 0.09503 48.37792 0 -2.85000 -8.72500 45.82985 0.10678 -13
0.29891 -0.00549 8.79064 0 0.22500 -7.40000 8.42244 0.10512 -13
0.99551 0.11090 7.96485 0 -3.42500 -30.65000 5.66241 0.14258 13
-0.24852 -0.04539 35.04429 0 1.37500 7.67500 34.01179 0.10387 -13
1.70365 -0.08268 59.51086 0 2.47500 -48.95000 30.20166 0.19909 13
0.46493 -0.02239 91.61056 0 0.67500 -12.52500 83.07476 0.11108 -13
-0.07204 -0.12135 8.23116 0 3.72500 1.65000 8.21022 0.10173 -13
0.13190 -0.08560 18.42089 0 2.55000 -3.92500 18.26387 0.10193 13
0.09571 -0.17272 25.49717 0 5.20000 -2.35000 25.38448 0.10264 13
-0.20813 -0.17573 79.67961 0 5.30000 4.05000 78.05651 0.10438 -13
-0.65956 0.05443 8.00991 0 -1.72500 20.07500 6.68919 0.12079 13
-0.73421 0.00859 25.46890 0 -0.27500 22.30000 20.52970 0.12494 13
-1.44601 -0.03167 7.91007 0 1.07500 45.37500 4.50043 0.17713 -13
0.92498 0.05741 68.73024 0 -1.72500 -28.62500 50.49360 0.13730 -13
-0.81065 -0.23147 17.00825 0 7.02500 24.10000 13.34706 0.13177 -13
0.52791 0.06787 42.77933 0 -2.02500 -18.22500 37.85021 0.11408 -13
-0.43376 -0.00519 5.43751 0 0.05000 12.07500 4.98849 0.10979 13
-0.03312 0.03769 99.50877 0 -1.15000 1.60000 99.45430 0.10083 13
-0.65800 -0.17438 32.19295 0 5.25000 21.05000 27.01414 0.12181 13
1.93486 -0.11491 39.68981 0 3.50000 -58.20000 18.31672 0.21966 -13
-0.87087 -0.02363 67.90842 0 0.70000 23.80000 51.21715 0.13356 13
0.29199 -0.22428 89.39483 0 6.75000 -8.62500 85.97343 0.10731 13
-0.25306 -0.19807 95.77003 0 5.97500 7.47500 92.94912 0.10578 -13
-0.34490 0.00083 12.68193 0 -0.07500 11.27500 11.98919 0.10653 13
0.29782 -0.19485 97.77707 0 5.87500 -7.85000 93.84948 0.10690 -13
-0.72988 -0.13511 13.49539 0 4.12500 22.65000 10.93491 0.12544 -13
0.47792 -0.17055 32.68662 0 5.12500 -16.32500 29.56985 0.11291 13
1.69423 0.08136 23.72026 0 -2.50000 -50.57500 12.08736 0.19830 13
-0.33489 -0.05608 75.10194 0 1.70000 9.70000 71.22570 0.10635 -13
0.27046 -0.10031 18.58335 0 3.00000 -8.05000 17.94514 0.10480 13
-1.99952 -0.14186 7.93349 0 4.42500 58.90000 3.57742 0.22573 -13
0.06642 0.00855 11.28711 0 -0.22500 -4.02500 11.26232 0.10093 -13
-0.22429 -0.22966 14.43192 0 6.90000 8.50000 14.09901 0.10574 13
-1.03215 -0.20028 22.61466 0 6.07500 32.12500 15.89485 0.14616 -13
0.90422 -0.14506 25.70912 0 4.35000 -26.82500 19.15907 0.13652 13
1.24085 -0.15279 81.73799 0 4.62500 -39.65000 51.64910 0.16123 -13
-1.63892 0.06692 78.02598 0 -2.00000 47.10000 40.70658 0.19345 -13
-0.51049 0.01666 25.29267 0 -0.47500 15.55000 22.52779 0.11308 -13
-0.65713 0.02837 52.77196 0 -0.85000 23.35000 44.10757 0.12053 -13
1.20401 -0.15543 63.66913 0 4.70000 -33.60000 40.96636 0.15840 -13
-0.83711 0.02622 94.09338 0 -0.80000 26.12500 72.16048 0.13136 13
0.42328 0.03903 65.49198 0 -1.17500 -12.80000 60.31855 0.10943 13
0.26900 -0.06242 98.18196 0 1.87500 -8.05000 94.82386 0.10447 13
-0.43319 0.13059 58.27182 0 -3.92500 11.15000 53.54136 0.11053 -13
-0.44484 -0.26906 58.27182 0 8.12500 11.50000 53.54136 0.11351 -13
1.18075 -0.09990 62.12534 0 3.02500 -37.17500 40.26594 0.15615 -13
0.06619 -0.21253 2.71646 0 6.60000 -4.27500 2.71080 0.10338 -13
0.11228 -0.03754 79.73116 0 1.15000 -3.55000 79.23399 0.10141 -13
-0.23608 -0.23953 89.87148 0 7.22500 6.42500 87.59258 0.10624 13
-1.37679 0.01419 27.87332 0 -0.40000 39.57500 16.38145 0.17136 -13
1.43009 0.07395 55.37800 0 -2.25000 -43.30000 31.79185 0.17589 13
-0.37067 -0.18779 88.49610 0 5.67500 10.62500 83.15014 0.10906 -13
0.77661 -0.16397 62.46530 0 4.92500 -22.40000 49.57967 0.12856 13
-0.22660 -0.18501 79.45588 0 5.60000 8.02500 77.55402 0.10493 -13
-0.79247 0.12094 32.19444 0 -3.62500 21.17500 25.30248 0.12906 -13
-0.81683 -0.27925 32.19444 0 8.45000 21.92500 25.30248 0.13306 -13
-0.01493 0.02746 18.00787 0 -0.80000 0.95000 18.00586 0.10075 -13
-0.20261 -0.21859 74.34940 0 6.60000 5.02500 72.93442 0.10507 13
-1.16654 -0.06138 70.09441 0 1.85000 34.02500 45.66820 0.15486 -13
0.29293 0.07812 71.31510 0 -2.35000 -10.50000 68.45575 0.10522 13
0.59629 0.03722 89.05283 0 -1.12500 -20.22500 76.50122 0.11731 13
0.66348 0.08268 63.36610 0 -2.50000 -20.95000 52.85624 0.12114 13
-0.91128 -0.16176 58.57059 0 4.87500 27.15000 43.54416 0.13721 13
-0.92238 0.10965 77.01937 0 -3.32500 29.05000 56.76892 0.13745 13
0.26818 -0.22151 21.41749 0 6.70000 -8.22500 20.71899 0.10664 -13
1.04668 -0.09172 88.30689 0 2.75000 -33.22500 61.13688 0.14606 13
-0.10417 -0.19639 79.48366 0 5.92500 4.22500 79.07166 0.10317 -13
0.08408 -0.24565 54.19616 0 7.42500 -3.35000 54.01638 0.10405 -13
-2.18179 0.03611 78.54211 0 -1.07500 64.55000 32.74191 0.24173 -13
-1.60557 -0.14758 15.02404 0 4.40000 48.87500 8.00486 0.19100 13
0.02106 -0.05894 9.62117 0 1.72500 -1.40000 9.61904 0.10089 13
0.21073 0.08270 54.88837 0 -2.47500 -3.55000 53.71652 0.10325 -13
-0.08322 -0.01214 82.66484 0 0.37500 0.50000 82.38010 0.10106 -13
-0.06171 -0.24856 44.60583 0 7.47500 2.77500 44.52605 0.10395 13
-1.86080 -0.12896 86.91557 0 3.90000 54.55000 41.40646 0.21315 -13
-1.63584 -0.12328 63.41957 0 3.72500 50.80000 33.25921 0.19349 -13
0.75451 0.07726 17.70422 0 -2.30000 -20.17500 14.14773 0.12639 -13
-0.18309 -0.13073 29.88992 0 3.92500 4.57500 29.40922 0.10321 13
-0.44467 0.00442 27.02858 0 -0.12500 19.10000 24.69679 0.11021 -13
1.22414 -0.00408 11.09222 0 0.20000 -37.32500 7.01716 0.15920 -13
-1.66388 -0.19438 94.16795 0 5.85000 50.10000 49.17067 0.19645 13
1.17740 0.01986 36.84508 0 -0.57500 -34.92500 23.85417 0.15557 -13
0.80103 -0.21445 25.34318 0 6.50000 -24.02500 19.95192 0.13085 -13
0.44933 -0.22032 98.61827 0 6.65000 -13.95000 90.30644 0.11261 -13
0.93313 -0.09798 93.53829 0 2.95000 -27.90000 68.54004 0.13809 -13
-0.70366 0.02982 10.95033 0 -0.85000 21.05000 8.95666 0.12317 -13
2.14608 -0.07995 57.55952 0 2.40000 -64.37500 24.37481 0.23855 13
0.34507 0.06031 35.29165 0 -1.82500 -10.55000 33.36765 0.10671 13
-1.61979 -0.20503 6.66650 0 6.05000 47.75000 3.55452 0.19264 13
0.22910 -0.05640 16.68547 0 1.67500 -7.00000 16.26537 0.10347 13
-0.08455 0.10578 65.95885 0 -3.17500 4.62500 65.72692 0.10162 -13
0.20621 0.12986 23.91952 0 -3.90000 -5.07500 23.43458 0.10364 -13
0.21183 -0.26979 23.91952 0 8.15000 -5.25000 23.43458 0.10649 -13
-0.70705 -0.14400 76.05510 0 4.32500 23.37500 62.31141 0.12418 13
-0.75473 -0.07877 68.65921 0 2.37500 21.60000 54.86443 0.12642 -13
0.83977 -0.22816 44.51651 0 6.87500 -26.80000 34.44439 0.13348 13
0.29024 -0.22808 4.49543 0 6.75000 -11.15000 4.32547 0.10728 13
0.91721 -0.01585 78.76308 0 0.47500 -26.55000 58.04838 0.13666 -13
0.31578 0.10491 54.94753 0 -3.17500 -10.52500 52.42307 0.10613 13
-0.96816 0.14638 86.33045 0 -4.42500 29.50000 62.34153 0.14094 13
-0.98802 -0.25253 86.33045 0 7.60000 30.07500 62.34153 0.14382 13
-1.66152 -0.16708 56.29270 0 5.02500 52.42500 29.32255 0.19599 13
-1.59021 0.06870 78.23842 0 -2.07500 50.22500 41.71983 0.18930 13
-0.37875 0.07863 76.16620 0 -2.37500 10.87500 71.25571 0.10798 -13
-0.08661 -0.20258 59.08711 0 6.12500 3.87500 58.87549 0.10312 -13
0.42501 -0.00751 89.21261 0 0.22500 -13.77500 82.10527 0.10942 13
-0.27550 0.12363 77.42345 0 -3.72500 7.80000 74.68218 0.10519 -13
-0.28367 -0.27642 77.42345 0 8.35000 8.05000 74.68218 0.10832 -13
-1.13181 -0.09035 21.29936 0 2.67500 33.85000 14.13472 0.15235 13
-0.20754 -0.23102 6.03315 0 6.87500 9.42500 5.91341 0.10540 13
0.96345 0.11478 54.39314 0 -3.47500 -27.12500 39.29580 0.14031 13
1.15310 0.00508 54.57778 0 -0.17500 -34.65000 35.75797 0.15371 13
0.29300 -0.12042 14.42349 0 3.60000 -8.15000 13.84945 0.10562 13
-0.07603 -0.15773 28.50656 0 4.77500 0.30000 28.42654 0.10225 -13
1.16034 0.12298 55.62712 0 -3.70000 -36.50000 36.47165 0.15474 -13
1.19505 -0.27709 55.62712 0 8.37500 -37.55000 36.47165 0.15940 -13
-0.26614 -0.18126 76.78032 0 5.47500 6.30000 74.27572 0.10580 -13
-0.65343 0.10897 72.43185 0 -3.27500 18.67500 60.74125 0.12079 -13
-0.12379 0.09653 67.53121 0 -2.90000 6.12500 67.02444 0.10193 -13
2.52772 -11.29070 67.53121 0 -2.37500 6.35000 67.02444 0.10911 -13
0.16682 -0.47787 67.53121 0 -3.30000 5.77500 67.02444 0.14749 -13
-0.15697 0.87314 67.53121 0 -2.75000 6.05000 67.02444 0.15431 -13
-1.06258 0.04810 27.18831 0 -1.42500 28.77500 18.64457 0.14701 -13
-1.45309 -0.00831 30.14568 0 0.22500 46.85000 17.09013 0.17764 13
-1.64032 0.14403 25.03444 0 -4.37500 48.15000 13.12886 0.19404 13
-1.67566 -0.25503 25.03444 0 7.65000 49.17500 13.12886 0.19811 13
-0.45590 -0.14860 43.99713 0 4.47500 12.40000 40.10768 0.11168 13
0.35650 -0.19797 57.23383 0 5.97500 -7.05000 54.02555 0.10876 -13
-1.74299 -0.14071 56.62582 0 4.25000 53.72500 28.38690 0.20288 -13
0.84962 -0.17754 32.74435 0 5.37500 -27.17500 25.11521 0.13336 -13
1.60034 -0.01695 22.58994 0 0.55000 -49.40000 11.97163 0.19006 -13
-0.47190 -0.11077 44.65435 0 3.32500 16.92500 40.42838 0.11191 13
-0.73422 -0.07643 43.67075 0 2.30000 24.22500 35.23770 0.12517 13
0.66787 0.05846 61.59192 0 -1.77500 -20.12500 51.24628 0.12124 13
0.14586 -0.12402 37.02594 0 3.72500 -4.50000 36.64427 0.10252 13
-0.72774 -0.21273 83.36617 0 6.40000 23.85000 67.91730 0.12637 13
0.05786 -0.10228 29.38665 0 3.07500 -1.00000 29.33809 0.10139 13
-1.72005 0.04844 38.50409 0 -1.47500 50.57500 19.36937 0.20044 13
0.21705 0.08949 42.95500 0 -2.67500 -8.10000 41.98518 0.10344 -13
0.45455 -0.10321 78.63512 0 3.12500 -13.90000 71.65104 0.11111 -13
-0.50570 -0.22244 50.77607 0 6.72500 17.15000 45.53069 0.11506 -13
1.65933 -0.01860 34.27109 0 0.52500 -50.10000 17.69179 0.19510 13
-0.08705 0.08157 95.87801 0 -2.45000 0.82500 95.51923 0.10141 -13
-0.51889 -0.12335 59.90119 0 3.72500 16.62500 53.25397 0.11413 -13
0.38733 0.13896 62.50963 0 -4.20000 -9.72500 58.36178 0.10890 13
0.39642 -0.26028 62.50963 0 7.85000 -10.00000 58.36178 0.11144 13
0.13989 0.06976 84.25204 0 -2.10000 -5.02500 83.44344 0.10192 13
0.18650 -0.12818 2.94974 0 4.05000 -8.87500 2.90049 0.10339 -13
0.27998 0.07453 6.47853 0 -2.17500 -8.20000 6.23991 0.10484 -13
-0.11660 0.06540 88.13280 0 -1.97500 2.60000 87.54231 0.10160 -13
-1.00078 -0.10960 17.43099 0 3.35000 32.40000 12.35761 0.14292 -13
-0.28081 -0.18734 27.31543 0 5.67500 9.12500 26.33099 0.10630 -13
-0.19755 -0.21182 10.88035 0 6.35000 8.27500 10.68281 0.10482 13
-0.19289 -0.16473 85.10690 0 4.97500 6.07500 83.60615 0.10390 -13
1.90749 -0.08681 52.50403 0 2.65000 -57.87500 24.45032 0.21707 -13
-0.70570 0.06808 96.79481 0 -2.05000 24.10000 79.14558 0.12345 13
