-0.56483 0.07692 62.77832 0 -2.32500 17.67500 54.70026 0.11592 13
1.37128 -0.09549 61.84030 0 2.90000 -42.55000 36.54477 0.17119 -13
1.70278 -0.22635 4.73863 0 6.60000 -49.87500 2.44375 0.19995 13
-0.01440 -0.23627 79.53939 0 7.12500 1.70000 79.53158 0.10349 -13
-0.78230 -0.03303 47.68765 0 0.97500 24.32500 37.56748 0.12790 13
-1.74005 -0.01094 46.76665 0 0.30000 50.35000 23.30384 0.20210 13
0.74582 0.04646 64.13369 0 -1.40000 -24.52500 51.43001 0.12572 13
0.15061 -0.20826 60.72714 0 6.30000 -6.02500 60.07758 0.10398 -13
0.73483 0.03162 78.91251 0 -0.95000 -22.87500 63.60119 0.12501 13
0.11365 -0.00803 58.35930 0 0.22500 -4.70000 57.98606 0.10136 13
-0.51181 0.05880 5.49585 0 -1.87500 18.05000 4.89414 0.11332 13
0.03801 -0.24433 4.49432 0 7.25000 -0.40000 4.49124 0.10367 13
-0.01061 0.10336 49.70775 0 -3.10000 -1.85000 49.70498 0.10124 -13
-1.34706 -0.23594 86.00339 0 7.12500 42.25000 52.15683 0.17063 -13
1.22761 -0.19746 54.21830 0 5.95000 -37.05000 34.63516 0.16067 13
-1.22528 -0.19009 73.06033 0 5.72500 34.95000 46.68685 0.16041 13
-0.86557 -0.19176 5.03797 0 5.90000 26.15000 3.83861 0.13471 -13
-0.74264 0.09803 27.91184 0 -2.92500 24.15000 22.44614 0.12582 -13
0.79839 0.10167 88.94703 0 -3.07500 -23.75000 69.64920 0.12927 13
1.49479 0.10912 64.99252 0 -3.27500 -44.92500 36.28562 0.18143 -13
0.01773 -0.14197 79.46242 0 4.30000 1.35000 79.45018 0.10173 -13
0.35562 -0.16657 77.34362 0 5.02500 -10.07500 72.98367 0.10819 -13
1.33626 0.00500 55.45280 0 -0.12500 -40.35000 33.22540 0.16807 -13
0.28303 -0.10378 5.15499 0 3.22500 -8.67500 4.96200 0.10524 -13
0.93618 0.06685 77.79661 0 -2.02500 -30.00000 56.85201 0.13811 13
0.73392 0.12851 58.11323 0 -3.87500 -21.77500 46.98340 0.12558 -13
0.75423 -0.27124 58.11323 0 8.20000 -22.40000 46.98340 0.12907 -13
0.61767 0.11041 60.96247 0 -3.35000 -15.90000 51.95269 0.11889 13
0.85527 -0.08368 60.69033 0 2.52500 -22.77500 46.19071 0.13278 -13
0.97911 -0.20230 24.16228 0 6.12500 -29.25000 17.43324 0.14243 -13
0.47411 -0.12920 19.15155 0 3.92500 -13.60000 17.33127 0.11222 -13
-0.41029 0.11270 45.62891 0 -3.40000 13.17500 42.25158 0.10944 -13
0.30068 0.07624 49.44554 0 -2.30000 -8.95000 47.36259 0.10544 13
0.02537 -0.21347 43.83827 0 6.45000 0.97500 43.82480 0.10301 -13
0.55380 -0.09464 24.56845 0 2.82500 -14.67500 21.51499 0.11550 13
-0.11976 -0.13863 65.37860 0 4.17500 5.87500 64.92337 0.10237 13
-0.00721 -0.16993 70.91680 0 5.12500 -0.27500 70.91501 0.10216 -13
0.71028 -0.00051 5.51932 0 -0.10000 -21.22500 4.49974 0.12354 13
-0.89735 -0.13100 20.25940 0 3.92500 25.77500 15.13552 0.13593 13
1.04239 -0.02672 7.20444 0 0.70000 -32.50000 4.98838 0.14549 13
0.46801 -0.02402 72.80830 0 0.72500 -11.85000 65.94708 0.11121 13
-0.07196 -0.03567 80.54477 0 1.07500 0.90000 80.33728 0.10103 -13
-1.09772 0.11611 58.43308 0 -3.50000 34.17500 39.49504 0.14998 -13
0.58120 -0.03762 46.41736 0 1.12500 -15.47500 40.13876 0.11654 13
-1.02393 -0.16989 5.37529 0 5.25000 29.52500 3.78236 0.14530 -13
1.20714 -0.13284 9.01406 0 3.92500 -35.25000 5.78080 0.15836 13
0.87801 -0.16453 83.79481 0 4.97500 -25.75000 63.33284 0.13503 -13
1.00735 -0.06027 83.83559 0 1.82500 -31.97500 59.11718 0.14307 -13
0.59037 -0.15199 44.86441 0 4.57500 -18.57500 38.74736 0.11793 13
-1.54534 0.12134 84.49739 0 -3.67500 47.87500 46.14162 0.18577 13
-1.59262 -0.27889 84.49739 0 8.40000 49.30000 46.14162 0.19143 13
0.79250 -0.15582 54.49116 0 4.70000 -24.90000 42.90304 0.12944 13
0.75429 -0.05865 35.56110 0 1.77500 -21.30000 28.40788 0.12628 -13
1.20945 -0.16782 99.09671 0 5.07500 -36.25000 63.66607 0.15895 -13
-0.28995 0.08825 62.19523 0 -2.67500 10.37500 59.75279 0.10523 13
-0.10126 -0.18203 75.62788 0 5.50000 2.52500 75.25535 0.10287 -13
1.01355 -0.04369 36.34805 0 1.32500 -32.35000 25.54081 0.14346 -13
-1.71871 -0.09958 98.77230 0 3.00000 50.10000 49.85533 0.20049 13
0.91393 -0.15215 20.25162 0 4.55000 -27.70000 15.02623 0.13727 13
-0.27370 -0.08436 54.12755 0 2.52500 7.97500 52.22016 0.10475 13
0.75874 -0.00174 50.99604 0 0.05000 -19.85000 40.62552 0.12641 13
0.63552 0.09893 25.47051 0 -2.95000 -20.80000 21.52699 0.11972 -13
-0.24294 -0.13368 43.97204 0 4.05000 8.75000 42.75007 0.10451 -13
0.68402 0.00600 36.65817 0 -0.17500 -23.10000 30.25721 0.12201 -13
0.00175 -0.03132 27.75709 0 0.95000 1.47500 27.75704 0.10076 -13
-0.19644 -0.12119 22.41722 0 3.62500 3.57500 22.00284 0.10334 13
0.97684 0.11489 89.85588 0 -3.47500 -30.87500 64.48260 0.14126 13
1.45378 0.11679 6.03652 0 -3.37500 -44.62500 3.43689 0.17801 -13
0.99734 0.08524 4.15583 0 -2.40000 -28.45000 2.94803 0.14246 -13
0.16693 0.11573 60.38521 0 -3.47500 -3.27500 59.57162 0.10276 -13
1.60143 0.03481 20.77738 0 -1.00000 -46.30000 11.01033 0.19014 -13
1.55714 0.03811 15.08150 0 -1.10000 -47.07500 8.15411 0.18639 -13
-0.36541 0.01512 68.21884 0 -0.47500 12.15000 64.07569 0.10722 13
-1.25916 0.00805 67.17666 0 -0.22500 37.65000 41.77959 0.16192 -13
0.94772 -0.07680 49.80706 0 2.32500 -28.62500 36.20148 0.13896 -13
-0.09762 -0.21392 31.95414 0 6.47500 3.95000 31.80954 0.10346 -13
-0.08879 0.03430 57.64653 0 -1.02500 2.95000 57.42086 0.10116 -13
-1.62129 -0.07858 18.17066 0 2.32500 51.00000 9.56024 0.19197 13
1.74860 -0.20008 38.12220 0 6.00000 -52.35000 19.20537 0.20382 13
-5.65903 -1.54973 38.12220 0 6.00000 -52.32500 19.20537 0.20349 13
-1.89831 3.87686 38.12220 0 6.35000 -52.47500 19.20537 0.20594 13
-2620.63086 -1234.15325 38.12220 0 6.17500 -48.82500 19.20537 0.23880 13
-2.01908 0.08187 96.67415 0 -2.47500 59.02500 43.02039 0.22706 13
-1.74422 -0.21062 61.32675 0 6.35000 53.45000 31.00232 0.20355 13
-0.27162 0.09071 14.61981 0 -2.77500 6.05000 14.11245 0.10477 13
-0.58792 0.14184 17.00430 0 -4.25000 17.70000 14.69624 0.11767 -13
-0.60105 -0.25716 17.00430 0 7.80000 18.10000 14.69624 0.12035 -13
-0.40702 0.00167 58.46574 0 -0.05000 14.95000 54.15221 0.10873 -13
-1.10032 -0.23371 17.34462 0 7.10000 30.75000 11.83471 0.15162 -13
0.28592 -0.02281 34.38385 0 0.67500 -8.20000 33.05974 0.10477 13
0.31735 0.09444 29.97688 0 -2.87500 -8.40000 28.58421 0.10609 13
-1.20634 0.10246 19.79429 0 -3.05000 36.95000 12.67106 0.15812 -13
1.08054 0.04453 3.44791 0 -1.55000 -32.02500 2.34291 0.14846 13
0.51767 -0.05018 3.00254 0 1.32500 -18.87500 2.66718 0.11354 13
0.41376 -0.14440 29.35311 0 4.32500 -10.62500 27.16373 0.10994 13
-0.83568 0.03583 16.23540 0 -1.12500 21.80000 12.46046 0.13130 13
-0.40328 -0.07916 83.36969 0 2.40000 13.10000 77.35282 0.10887 -13
0.06590 0.10153 83.59630 0 -3.05000 -3.15000 83.41721 0.10143 -13
-0.48656 -0.07627 26.27358 0 2.32500 15.52500 23.63867 0.11227 -13
1.58108 -0.13418 34.19710 0 4.02500 -45.95000 18.39569 0.18886 13
0.88726 -0.16670 83.87575 0 5.02500 -29.97500 63.11724 0.13568 -13
0.78040 -0.00812 21.84855 0 0.27500 -24.30000 17.22436 0.12774 -13
1.33889 -0.19991 5.83075 0 6.17500 -39.22500 3.53249 0.16969 -13
-0.82676 -0.18880 54.82152 0 5.67500 23.70000 42.54894 0.13204 13
0.20734 0.00749 62.22940 0 -0.22500 -4.32500 60.93353 0.10284 13
-0.47943 -0.15228 26.67802 0 4.57500 15.05000 24.10731 0.11272 13
0.98367 -0.00499 58.78060 0 0.15000 -27.17500 41.90506 0.14126 -13
0.43569 -0.04078 56.32067 0 1.25000 -12.80000 51.63955 0.10992 -13
-0.29655 0.11984 7.98017 0 -3.55000 9.95000 7.65535 0.10571 -13
-0.12390 -0.17852 48.41060 0 5.40000 2.77500 48.05446 0.10306 -13
0.31978 0.09835 42.09829 0 -2.97500 -8.50000 40.11593 0.10619 13
0.67983 0.06108 83.95199 0 -1.82500 -19.52500 69.46849 0.12193 -13
-0.71711 -0.05236 89.81690 0 1.57500 20.47500 73.02350 0.12403 13
1.44755 -0.15282 28.86532 0 4.57500 -44.05000 16.53542 0.17781 13
0.46638 0.04831 38.06734 0 -1.47500 -12.55000 34.50707 0.11122 13
-0.17614 -0.15742 23.01346 0 4.72500 6.17500 22.67278 0.10347 13
0.08710 -0.04612 95.33436 0 1.37500 -2.80000 94.97545 0.10119 13
0.27032 -0.09557 42.16200 0 2.87500 -7.10000 40.71364 0.10476 13
1.08081 -0.11186 76.86123 0 3.37500 -33.45000 52.37342 0.14871 -13
-0.00871 0.10126 37.83708 0 -3.05000 1.35000 37.83566 0.10122 -13
-1.89955 0.14071 68.86673 0 -4.25000 53.50000 32.32670 0.21665 13
-1.94281 -0.25846 68.86673 0 7.77500 54.80000 32.32670 0.22155 13
-0.89370 -0.04410 72.42705 0 1.35000 25.35000 54.02674 0.13513 -13
0.75242 -0.02483 76.11877 0 0.75000 -21.30000 60.83118 0.12605 -13
-0.08657 0.05169 99.69439 0 -1.55000 5.92500 99.32393 0.10122 -13
0.66828 -0.00546 91.53883 0 0.17500 -20.47500 76.10849 0.12112 -13
-0.16289 0.08866 17.32524 0 -2.65000 4.10000 17.10170 0.10241 -13
0.58187 -0.10318 87.17892 0 3.10000 -16.12500 75.45208 0.11697 13
1.94090 -0.22882 24.99673 0 6.85000 -57.50000 11.67962 0.22102 13
-0.02708 0.13797 68.93568 0 -4.17500 0.55000 68.91089 0.10170 13
-0.02771 -0.26133 68.93568 0 7.87500 0.57500 68.91089 0.10412 13
1.67043 -0.23547 80.46765 0 7.12500 -48.92500 42.15589 0.19749 -13
0.93384 -0.13538 9.93733 0 4.15000 -26.35000 7.29305 0.13852 -13
0.21602 -0.24698 22.83641 0 7.42500 -5.72500 22.35011 0.10597 13
-0.04035 0.00841 7.15585 0 -0.17500 -0.52500 7.15003 0.10080 -13
1.61309 0.03190 37.48290 0 -0.95000 -49.17500 19.75635 0.19115 -13
0.12065 -0.24734 24.74690 0 7.45000 -4.60000 24.57897 0.10443 13
-0.47074 0.09902 77.58429 0 -2.97500 13.50000 70.25753 0.11175 -13
-0.60334 -0.12777 63.89829 0 3.85000 20.90000 54.82896 0.11831 13
-0.23732 0.13726 77.23444 0 -4.15000 6.90000 75.18424 0.10442 13
-0.24306 -0.26207 77.23444 0 7.90000 7.07500 75.18424 0.10694 13
-0.40932 0.04869 94.72112 0 -1.47500 12.97500 87.67626 0.10892 -13
-0.93020 -0.69321 94.72112 0 -1.40000 13.02500 87.67626 0.10915 -13
0.95034 0.74295 94.72112 0 0.10000 14.75000 87.67626 0.11813 -13
0.04282 -0.84645 94.72112 0 -0.87500 14.85000 87.67626 0.13921 -13
0.06176 0.74079 94.72112 0 0.62500 14.87500 87.67626 0.14540 -13
0.76104 -0.16259 8.17825 0 4.82500 -25.05000 6.53853 0.12757 13
0.24685 0.11050 61.45960 0 -3.35000 -5.92500 59.68917 0.10432 13
0.29848 -0.13115 49.77928 0 3.97500 -7.97500 47.73261 0.10592 -13
-0.21071 0.12952 33.16912 0 -3.92500 6.07500 32.46769 0.10374 13
-0.21645 -0.27023 33.16912 0 8.12500 6.25000 32.46769 0.10655 13
-0.83646 0.10196 72.90625 0 -3.07500 26.02500 56.04029 0.13169 -13
-1.28640 -0.15104 45.12892 0 4.57500 38.02500 27.89226 0.16480 -13
1.91588 0.02631 48.72677 0 -0.82500 -59.15000 22.55273 0.21766 13
2.01496 -0.21348 76.06961 0 6.42500 -59.02500 34.42409 0.22752 13
0.12548 -0.15852 34.53069 0 4.77500 -1.90000 34.26843 0.10274 13
-1.60116 -0.24106 26.72280 0 7.22500 48.02500 14.44488 0.19158 13
1.70247 -0.09381 17.01357 0 2.90000 -50.82500 8.64457 0.19911 -13
1.78723 0.04156 7.38422 0 -1.40000 -53.77500 3.60762 0.20637 13
-1.89637 -0.07999 7.87114 0 2.55000 57.00000 3.68111 0.21612 -13
-0.80689 -0.13857 49.80830 0 4.20000 21.25000 38.90824 0.13015 -13
-0.15556 -0.15327 4.78823 0 4.52500 3.20000 4.73265 0.10305 13
-0.57852 0.08525 12.18444 0 -2.62500 14.55000 10.55615 0.11668 13
-0.24267 0.13344 98.02785 0 -4.02500 6.17500 95.30949 0.10449 13
-0.24890 -0.26608 98.02785 0 8.02500 6.35000 95.30949 0.10717 13
0.01405 0.05175 16.50513 0 -1.60000 1.32500 16.50351 0.10086 13
0.66570 -0.21232 84.98094 0 6.40000 -18.75000 71.21322 0.12285 13
-1.66138 -0.13007 64.62522 0 3.90000 50.22500 33.53221 0.19571 13
-1.41735 0.10843 37.00458 0 -3.30000 41.90000 21.41694 0.17503 13
0.87677 0.01299 88.78954 0 -0.37500 -28.47500 66.76525 0.13393 -13
1.36637 0.07020 77.15900 0 -2.12500 -39.22500 45.64250 0.17066 13
0.46727 -0.17360 30.90784 0 5.25000 -12.40000 28.07515 0.11253 -13
0.46510 -0.01687 62.92457 0 0.52500 -13.55000 57.05669 0.11107 -13
0.03518 0.12287 70.31042 0 -3.72500 -4.30000 70.26759 0.10153 13
0.03625 -0.27725 70.31042 0 8.35000 -4.32500 70.26759 0.10456 13
1.38150 0.00732 44.41814 0 -0.20000 -41.15000 26.04567 0.17174 -13
1.64647 -0.12071 95.75344 0 3.65000 -50.57500 49.96952 0.19438 -13
0.03948 0.05780 79.56190 0 -1.75000 -0.42500 79.50016 0.10095 13
0.91707 -0.02233 85.56417 0 0.67500 -28.42500 63.06841 0.13665 13
0.15852 -0.00586 51.44548 0 0.17500 -3.95000 50.81111 0.10196 -13
-1.48006 0.08254 31.53043 0 -2.45000 45.30000 17.69360 0.18006 -13
-0.52095 -0.09292 93.30970 0 2.80000 15.92500 82.82958 0.11394 -13
0.53659 -0.05711 13.19135 0 1.67500 -17.47500 11.62825 0.11442 13
0.87055 -0.11134 56.07544 0 3.35000 -25.10000 42.40628 0.13398 13
-0.26700 -0.04647 1.21600 0 1.82500 7.05000 1.17482 0.10482 -13
1.29640 0.01037 55.70853 0 -0.30000 -37.82500 34.02651 0.16488 -13
0.39402 -0.18229 76.46988 0 5.50000 -12.90000 71.30104 0.10979 -13
0.37205 -0.05313 21.58152 0 1.57500 -11.50000 20.23016 0.10757 13
-0.05420 0.08993 48.48259 0 -2.72500 3.52500 48.41209 0.10126 13
0.46072 -0.17692 10.57271 0 5.27500 -13.27500 9.62824 0.11227 13
-0.30053 -0.25807 1.88140 0 7.50000 10.25000 1.80643 0.10824 13
0.62373 -0.24778 95.38312 0 7.47500 -18.57500 81.59464 0.12127 13
0.60467 -0.05300 67.58247 0 1.60000 -17.50000 57.85378 0.11780 13
-0.70071 -0.09244 74.73923 0 2.77500 21.42500 61.29381 0.12331 13
-0.74529 0.08926 8.69327 0 -2.62500 21.75000 6.98024 0.12590 -13
-0.40264 0.01502 85.51553 0 -0.45000 10.02500 79.32769 0.10857 -13
0.65742 0.12610 67.43103 0 -3.80000 -21.60000 56.47886 0.12117 -13
0.67625 -0.27379 67.43103 0 8.27500 -22.17500 56.47886 0.12466 -13
-0.38124 -0.18579 3.88035 0 5.45000 11.77500 3.63361 0.10933 13
-0.61854 -0.02055 40.22940 0 0.62500 16.47500 34.21523 0.11843 -13
1.27539 -0.08668 28.72913 0 2.65000 -39.17500 17.76801 0.16345 -13
1.21387 -0.06355 9.70764 0 2.00000 -34.00000 6.18020 0.15854 -13
1.27482 -0.04828 39.81283 0 1.47500 -37.65000 24.58957 0.16324 -13
-0.12190 -0.19001 87.27067 0 5.75000 -0.57500 86.65161 0.10324 -13
0.12238 0.08226 60.32858 0 -2.47500 -2.92500 59.88478 0.10179 -13
-1.30947 0.12417 72.45314 0 -3.75000 41.67500 44.18700 0.16640 13
-1.34801 -0.27589 72.45314 0 8.30000 42.82500 44.18700 0.17128 13
0.55663 0.08990 60.90327 0 -2.70000 -16.85000 53.26557 0.11560 -13
-0.37814 -0.01533 56.17597 0 0.45000 11.37500 52.54538 0.10768 13
-0.68595 0.09319 48.87294 0 -2.80000 20.30000 40.35779 0.12247 -13
1.10785 0.12976 22.16911 0 -3.87500 -34.92500 14.92297 0.15084 -13
1.13786 -0.26990 22.16911 0 8.17500 -35.85000 14.92297 0.15500 -13
1.01655 0.04878 31.25679 0 -1.50000 -29.10000 21.93312 0.14369 13
0.98431 -0.10141 18.09993 0 3.10000 -28.17500 12.93213 0.14168 -13
1.02229 -0.09372 39.82458 0 2.85000 -30.20000 27.91084 0.14433 -13
1.31176 -0.24611 55.75635 0 7.40000 -37.82500 34.43070 0.16793 13
1.54467 0.11554 79.51514 0 -3.50000 -50.22500 43.41379 0.18568 13
-1.93402 -0.03446 44.07674 0 1.02500 56.12500 20.25451 0.21927 13
0.59553 0.06771 18.99972 0 -2.00000 -16.25000 16.33394 0.11740 -13
0.39024 -0.09503 76.16033 0 2.87500 -12.00000 70.99114 0.10852 -13
0.93526 -0.20337 13.91724 0 6.17500 -27.82500 10.26019 0.13944 -13
-0.63577 0.04614 65.78573 0 -1.37500 20.17500 55.53286 0.11942 -13
-0.50052 0.10016 45.23307 0 -3.02500 15.22500 40.48955 0.11307 13
0.29075 -0.03691 30.76542 0 1.12500 -11.87500 29.54362 0.10495 -13
0.66995 0.01352 56.52385 0 -0.40000 -20.15000 46.96134 0.12122 -13
-0.12836 -0.00863 9.97563 0 0.20000 6.67500 9.89442 0.10154 13
-0.14405 -0.05596 68.13242 0 1.67500 4.45000 67.43845 0.10190 13
-0.68647 0.12704 38.60470 0 -3.82500 20.45000 31.90808 0.12281 -13
-0.70590 -0.27280 38.60470 0 8.25000 21.05000 31.90808 0.12631 -13
-1.31620 -0.07751 64.42806 0 2.35000 40.45000 39.05015 0.16665 -13
0.71320 -0.00137 87.39263 0 0.05000 -22.05000 71.15108 0.12369 -13
-0.45629 0.05901 29.52368 0 -1.80000 15.97500 26.86769 0.11086 13
-0.10976 -0.04783 74.55711 0 1.45000 3.35000 74.11308 0.10142 -13
1.68207 -0.07895 58.58495 0 2.40000 -49.17500 30.00641 0.19724 -13
-2.06107 0.06461 46.63897 0 -1.92500 63.67500 20.39310 0.23078 -13
1.78609 0.12134 25.54340 0 -3.70000 -55.52500 12.54787 0.20653 13
1.84087 -0.27886 25.54340 0 8.37500 -57.15000 12.54787 0.21274 13
-0.79679 -0.11186 70.56266 0 3.37500 23.22500 55.31976 0.12925 -13
-0.48871 0.11832 80.91273 0 -3.57500 14.32500 72.79308 0.11272 13
-0.50427 -0.28208 80.91273 0 8.50000 14.77500 72.79308 0.11617 13
-0.28370 -0.08296 4.66778 0 2.40000 6.57500 4.49183 0.10500 13
-1.25240 -0.03019 54.53709 0 0.92500 38.80000 34.03843 0.16142 -13
-0.88565 -0.12530 25.13003 0 3.75000 25.95000 18.87665 0.13510 13
0.46496 -0.09577 94.39711 0 2.87500 -14.40000 85.66609 0.11147 13
0.65824 -0.06802 91.45690 0 2.05000 -20.32500 76.44584 0.12076 -13
0.33705 0.11492 68.67961 0 -3.47500 -12.10000 65.12550 0.10690 13
-1.26908 0.07843 59.49730 0 -2.37500 38.07500 36.89384 0.16290 13
0.01497 -0.14350 19.54760 0 4.35000 0.90000 19.54546 0.10176 -13
0.48665 0.01948 66.40435 0 -0.60000 -17.00000 59.71158 0.11201 13
-1.95785 -0.13937 43.33278 0 4.22500 60.35000 19.86065 0.22186 -13
1.13041 -0.10631 29.40356 0 3.22500 -36.85000 19.54336 0.15238 -13
0.08988 0.03868 50.57372 0 -1.15000 -2.60000 50.37093 0.10119 -13
0.08957 -0.21440 91.17773 0 6.47500 -2.02500 90.83005 0.10339 -13
-1.19010 -0.22281 14.72542 0 6.77500 36.75000 9.60717 0.15820 -13
1.01786 0.01563 77.87570 0 -0.45000 -30.65000 54.57997 0.14370 -13
-1.80436 -0.06218 69.31367 0 1.85000 55.62500 33.64917 0.20783 13
-1.42128 0.09104 24.98743 0 -2.70000 43.10000 14.41866 0.17522 -13
1.83824 -0.13932 79.94610 0 4.20000 -56.70000 38.48741 0.21119 13
0.01342 -0.12068 87.26608 0 3.65000 -1.25000 87.25833 0.10145 -13
0.31246 -0.11785 62.93117 0 3.55000 -9.62500 60.10392 0.10617 13
-0.69730 -0.23788 45.36103 0 7.15000 19.00000 37.53718 0.12507 13
0.22056 0.08414 96.70036 0 -2.52500 -6.12500 94.44615 0.10347 -13
-0.54703 -0.23251 22.97458 0 7.05000 18.32500 20.27578 0.11717 -13
1.03917 -0.07820 35.34998 0 2.35000 -32.40000 24.55033 0.14544 13
1.30025 0.11851 90.94525 0 -3.57500 -36.15000 55.68726 0.16561 -13
0.89498 -0.20989 84.33415 0 6.35000 -24.77500 63.43987 0.13679 -13
-0.62290 -0.05974 50.62838 0 1.82500 18.57500 42.99512 0.11880 -13
-1.42458 0.07180 64.77600 0 -2.17500 46.10000 37.28060 0.17543 13
0.99398 -0.07248 22.76598 0 2.22500 -30.45000 16.16810 0.14218 -13
0.96243 0.12151 25.40414 0 -3.65000 -27.17500 18.36832 0.14029 -13
0.99182 -0.27858 25.40414 0 8.42500 -28.07500 18.36832 0.14462 -13
0.86897 0.09991 17.61501 0 -2.97500 -27.55000 13.32440 0.13378 -13
-1.46671 -0.13161 8.88650 0 3.87500 44.42500 5.03588 0.17918 13
-0.38619 -0.08136 52.64697 0 2.47500 9.97500 49.13270 0.10827 -13
0.80195 -0.12545 47.75985 0 3.80000 -23.40000 37.37307 0.12971 -13
0.19542 0.10233 42.90694 0 -3.07500 -6.60000 42.11839 0.10312 -13
-0.55424 0.05772 83.41092 0 -1.75000 12.87500 72.98365 0.11528 13
-0.36212 -0.06821 95.38999 0 2.05000 8.40000 89.71480 0.10732 -13
0.10527 0.00846 66.80238 0 -0.25000 -4.60000 66.43524 0.10126 -13
1.06670 -0.09288 38.93011 0 2.77500 -29.35000 26.68606 0.14754 13
1.59852 -0.15861 72.57924 0 4.80000 -46.50000 38.83622 0.19056 -13
-0.74762 -0.12370 76.59291 0 3.72500 25.40000 61.51045 0.12635 13
-0.66448 -0.09058 29.69008 0 2.75000 18.67500 24.75954 0.12126 -13
-1.15787 -0.00732 55.59295 0 0.22500 35.75000 36.33769 0.15407 -13
-0.77792 -0.00705 63.13070 0 0.20000 24.27500 49.82951 0.12759 13
-0.79456 -0.09811 64.74942 0 2.97500 22.15000 50.78840 0.12901 -13
1.09897 -0.23682 78.32575 0 7.15000 -33.95000 53.49791 0.15152 -13
0.81178 0.09666 4.73820 0 -2.77500 -23.92500 3.68584 0.13004 -13
-0.18076 -0.07535 21.87589 0 2.25000 5.30000 21.52905 0.10261 13
-0.77689 -0.11630 2.51661 0 3.27500 22.55000 1.99283 0.12804 13
1.34814 -0.02376 9.27677 0 0.80000 -42.80000 5.52795 0.16907 -13
-0.66315 0.01894 80.71033 0 -0.57500 19.35000 67.26777 0.12085 -13
-0.06976 0.02127 28.15748 0 -0.62500 1.97500 28.08927 0.10097 -13
-0.70224 -0.01657 74.77703 0 0.50000 19.35000 61.19963 0.12305 13
-1.04889 -0.04919 25.95770 0 1.50000 33.72500 17.92294 0.14604 -13
-0.90993 -0.04422 99.80082 0 1.32500 29.40000 73.84850 0.13622 13
0.85884 -0.01743 50.53285 0 0.52500 -23.05000 38.33786 0.13276 13
-0.98862 0.00057 13.14328 0 -0.07500 27.50000 9.34670 0.14161 13
-0.02297 0.02979 31.64758 0 -0.87500 0.80000 31.63925 0.10077 -13
-0.78790 -0.22290 11.68450 0 6.67500 20.65000 9.26219 0.13012 13
-0.65876 -0.01396 94.34142 0 0.42500 19.17500 78.78517 0.12060 -13
-0.44939 -0.05430 59.32335 0 1.65000 13.65000 54.12364 0.11054 -13
-2.06348 0.11122 1.34841 0 -4.20000 63.80000 0.58990 0.23316 13
-0.31618 -0.11763 91.99310 0 3.55000 7.55000 87.76768 0.10628 -13
-1.37975 0.00761 93.43245 0 -0.22500 45.40000 54.83146 0.17161 -13
0.09104 -0.22217 84.85017 0 6.70000 -5.27500 84.51709 0.10357 -13
0.27193 -0.00261 49.27184 0 0.10000 -9.20000 47.54545 0.10436 -13
-0.19315 0.04582 54.74956 0 -1.37500 7.50000 53.75801 0.10267 -13
0.69357 0.09890 60.58047 0 -2.97500 -21.55000 49.85787 0.12295 -13
-1.09677 -0.12616 75.13687 0 3.82500 33.22500 50.84187 0.15001 -13
0.89881 -0.24344 54.06284 0 7.32500 -25.25000 40.72079 0.13759 13
-0.43480 -0.22079 76.23787 0 6.65000 9.12500 70.17497 0.11203 13
-0.62372 -0.10983 28.42413 0 3.32500 17.10000 24.15782 0.11921 -13
0.75529 -0.11100 40.39397 0 3.32500 -24.70000 32.30468 0.12669 13
-1.43258 0.01455 37.17086 0 -0.42500 41.42500 21.27769 0.17594 -13
-0.42187 -0.10097 13.24912 0 3.00000 11.72500 12.21656 0.10976 13
-0.76921 -0.14513 81.95427 0 4.37500 22.35000 65.20986 0.12788 13
-1.18300 -0.15926 54.37064 0 4.82500 34.47500 35.35604 0.15682 -13
-0.00008 -0.23059 58.66538 0 6.95000 1.57500 58.66538 0.10334 13
-0.44294 0.02454 27.74163 0 -0.72500 12.37500 25.36585 0.11017 -13
0.17049 0.14614 89.22055 0 -4.42500 -5.65000 87.97762 0.10321 13
0.17400 -0.25280 89.22055 0 7.62500 -5.77500 87.97762 0.10533 13
0.08179 -0.24408 92.00393 0 7.37500 -2.25000 91.71485 0.10399 -13
-0.19682 0.12865 32.38794 0 -3.90000 5.22500 31.78789 0.10345 13
-0.20226 -0.27111 32.38794 0 8.17500 5.37500 31.78789 0.10629 13
1.11442 -0.01821 67.07022 0 0.52500 -33.20000 44.79795 0.15080 13
-1.07196 0.03153 45.16006 0 -0.92500 32.12500 30.81594 0.14765 -13
0.33905 -0.04236 13.15752 0 1.32500 -11.25000 12.46195 0.10643 -13
-1.62920 -0.17424 62.74613 0 5.25000 47.95000 33.18071 0.19328 13
-0.34771 -0.06052 68.60904 0 1.82500 10.10000 64.81603 0.10679 -13
-1.34491 -0.03804 68.73265 0 1.12500 41.75000 41.03008 0.16881 13
1.09327 0.09409 68.40570 0 -2.82500 -33.05000 46.27923 0.14950 -13
-1.30153 0.13283 62.96035 0 -4.00000 38.70000 38.57052 0.16582 -13
-1.33530 -0.26669 62.96035 0 8.05000 39.72500 38.57052 0.17015 -13
-1.10073 -0.01224 94.34739 0 0.35000 32.07500 63.44463 0.14977 13
-2.00137 -0.19979 13.06446 0 5.95000 60.97500 5.93184 0.22606 13
-0.39284 0.03128 36.60834 0 -0.92500 11.97500 34.07563 0.10824 -13
-1.25088 -0.22673 77.24987 0 6.85000 39.25000 48.97222 0.16290 -13
-1.04320 0.13278 5.18008 0 -4.15000 34.12500 3.60089 0.14626 13
-1.07059 -0.26696 5.18008 0 7.90000 34.90000 3.60089 0.14979 13
-1.66438 -0.16479 95.18049 0 4.97500 48.15000 49.50284 0.19625 -13
-0.18024 -0.09308 66.66689 0 2.80000 3.57500 65.61860 0.10275 13
-0.09235 0.13426 90.27115 0 -4.05000 3.70000 89.89537 0.10203 -13
-0.09469 -0.26519 90.27115 0 8.00000 3.77500 89.89537 0.10463 -13
0.28336 -0.09383 77.21242 0 2.82500 -9.07500 74.31196 0.10509 13
-0.82924 0.02997 67.99983 0 -0.92500 25.95000 52.35347 0.13086 13
-1.70601 -0.20341 56.76976 0 6.12500 49.40000 29.14251 0.20017 13
0.82607 -0.09143 2.42846 0 3.02500 -22.37500 1.87561 0.13117 -13
0.88618 -0.09564 97.11622 0 2.87500 -25.07500 72.82843 0.13490 13
-0.67545 0.11257 41.01725 0 -3.37500 21.20000 34.05645 0.12204 -13
0.38493 -0.11207 14.42537 0 3.35000 -10.75000 13.47305 0.10848 13
1.58588 0.06146 29.48052 0 -1.90000 -46.87500 15.73934 0.18899 13
0.66504 0.13770 29.55388 0 -4.12500 -19.87500 24.67919 0.12172 -13
0.68094 -0.26158 29.55388 0 7.90000 -20.37500 24.67919 0.12467 -13
0.39878 0.07642 87.31343 0 -2.30000 -10.92500 81.13468 0.10869 13
0.79606 -0.20908 33.58328 0 6.32500 -24.90000 26.49047 0.13044 -13
-2.16073 -0.01925 29.87238 0 0.62500 64.87500 12.54879 0.23978 -13
0.05402 -0.05767 29.40490 0 1.75000 -0.72500 29.36223 0.10102 -13
-0.68981 0.02364 67.36949 0 -0.70000 21.45000 55.46010 0.12236 -13
0.10594 -0.15938 31.61572 0 4.82500 -2.32500 31.44411 0.10254 -13
1.18109 0.04537 17.44327 0 -1.32500 -34.85000 11.27815 0.15591 -13
-0.48698 -0.20388 72.00102 0 6.15000 12.20000 64.98207 0.11388 -13
-0.90239 -0.24445 51.92974 0 7.35000 24.82500 39.05017 0.13785 13
0.32655 -0.18231 4.41142 0 5.62500 -9.67500 4.19984 0.10762 -13
0.84499 0.09647 27.05925 0 -2.92500 -25.70000 20.70809 0.13221 13
-0.41093 0.05949 73.86370 0 -1.80000 10.92500 68.33772 0.10904 13
-0.21906 0.00106 35.74341 0 -0.02500 8.90000 34.91549 0.10309 -13
0.26192 0.11256 22.76465 0 -3.37500 -6.47500 22.03058 0.10471 -13
-1.24016 -0.02698 91.62959 0 0.80000 37.67500 57.52876 0.16045 13
-0.02972 0.10860 13.97447 0 -3.30000 0.30000 13.96838 0.10135 13
1.25042 0.04948 58.30754 0 -1.50000 -38.62500 36.44421 0.16132 13
0.98390 0.02319 72.68642 0 -0.70000 -29.35000 51.81928 0.14130 13
1.08568 -0.13775 59.90724 0 4.15000 -35.35000 40.79228 0.14928 13
0.70923 0.08687 44.77250 0 -2.62500 -20.95000 36.56549 0.12378 13
0.10409 0.11954 74.57716 0 -3.62500 -3.82500 74.18195 0.10196 13
0.10735 -0.28080 74.57716 0 8.45000 -3.92500 74.18195 0.10515 13
-0.70295 -0.12514 80.32218 0 3.77500 24.05000 65.87928 0.12373 13
-1.98408 -0.05684 18.11054 0 1.65000 59.60000 8.16154 0.22380 13
-1.92335 -0.19825 38.80411 0 5.95000 57.82500 18.17343 0.21916 13
0.14215 0.08226 7.30095 0 -2.42500 -2.07500 7.22875 0.10204 -13
1.71804 -0.10709 15.26211 0 3.17500 -50.70000 7.71017 0.20044 13
-1.22441 -0.00399 21.15986 0 0.07500 35.57500 13.38483 0.15920 13
1.35986 0.02816 29.28999 0 -0.87500 -39.12500 17.35639 0.17001 13
-0.33661 0.03742 37.81828 0 -1.15000 10.90000 35.84498 0.10632 13
-1.23040 -0.10119 84.33542 0 3.05000 38.57500 53.35400 0.15999 13
-1.31019 -0.11415 47.76207 0 3.45000 40.72500 29.09635 0.16640 -13
-1.04683 0.14212 77.12274 0 -4.30000 31.02500 53.55095 0.14648 13
-1.07011 -0.25699 77.12274 0 7.75000 31.72500 53.55095 0.14973 13
-0.78720 0.05055 1.18850 0 -2.05000 22.92500 0.93404 0.12895 13
-0.28034 -0.05176 74.91075 0 1.57500 5.02500 72.13691 0.10472 -13
0.11597 -0.02868 39.94222 0 0.87500 -3.97500 39.67651 0.10142 -13
0.17654 -0.22336 14.74554 0 6.77500 -5.10000 14.53144 0.10473 -13
1.08008 0.09288 11.42637 0 -2.87500 -34.05000 7.78074 0.14856 13
-0.32893 0.02272 16.60619 0 -0.72500 10.17500 15.77505 0.10604 13
-1.12471 -0.03311 43.13406 0 0.97500 34.32500 28.66974 0.15158 13
-0.26221 0.05740 53.09317 0 -1.72500 6.72500 51.36247 0.10427 -13
-0.21210 -0.02902 97.81908 0 0.87500 6.02500 95.69211 0.10299 -13
0.18929 -0.01375 61.31226 0 0.42500 -6.12500 60.24272 0.10250 -13
-1.58642 0.08089 55.08491 0 -2.42500 47.92500 29.44254 0.18901 -13
-0.65883 0.05862 67.26771 0 -1.75000 21.02500 56.20165 0.12074 -13
-0.02456 -0.02878 11.73386 0 0.90000 1.15000 11.73033 0.10079 -13
-1.55472 -0.14122 34.75000 0 4.22500 47.20000 18.92988 0.18667 13
-0.49180 0.03089 4.71046 0 -1.05000 16.55000 4.22736 0.11231 13
0.14501 -0.16971 84.56257 0 5.12500 -3.47500 83.71143 0.10319 -13
0.11354 -0.07618 91.69581 0 2.30000 -5.62500 91.11384 0.10163 13
0.08180 0.00043 34.09121 0 -0.00000 -2.65000 33.97771 0.10104 -13
0.10800 0.04695 94.31606 0 -1.40000 1.12500 93.77192 0.10140 -13
-0.77236 0.06834 95.26588 0 -2.07500 24.00000 75.46151 0.12743 13
1.85716 -0.16331 94.94598 0 4.92500 -56.97500 45.47336 0.21304 13
0.23373 -0.09268 93.37627 0 2.80000 -4.12500 90.94572 0.10384 -13
-1.31149 -0.23096 42.88433 0 6.95000 38.32500 26.42921 0.16769 13
-1.95114 0.05098 56.74149 0 -1.55000 59.82500 25.90683 0.22086 13
0.72641 0.02459 76.39348 0 -0.75000 -19.55000 61.81371 0.12449 13
0.83532 -0.08333 7.60031 0 2.60000 -26.77500 5.84140 0.13152 -13
-0.18105 -0.11674 75.83258 0 3.52500 5.47500 74.63525 0.10301 13
1.09348 -0.09985 20.00576 0 2.97500 -34.67500 13.53718 0.14954 13
0.06317 0.14419 62.32624 0 -4.35000 -2.37500 62.20474 0.10194 -13
0.06452 -0.25480 62.32624 0 7.70000 -2.42500 62.20474 0.10413 -13
-0.81610 -0.19053 94.31677 0 5.75000 23.72500 73.58868 0.13139 -13
-0.64916 -0.04901 66.74002 0 1.47500 23.15000 55.99907 0.12016 13
-1.96367 0.04192 31.34942 0 -1.30000 59.90000 14.23615 0.22197 13
-0.57111 -0.14812 94.07012 0 4.45000 17.70000 81.90360 0.11692 13
1.13538 0.05581 74.41623 0 -1.70000 -32.47500 49.22824 0.15247 13
-0.30452 -0.23848 41.56134 0 7.17500 9.62500 39.84983 0.10796 13
0.27745 -0.08673 76.92201 0 2.62500 -6.27500 74.14174 0.10487 -13
1.29187 -0.08950 37.19174 0 2.72500 -38.12500 22.82268 0.16477 -13
0.91972 -0.10854 31.66347 0 3.30000 -28.47500 23.36728 0.13727 -13
0.33112 -0.09818 19.35058 0 2.92500 -8.30000 18.37857 0.10653 13
-0.72286 -0.09780 25.21994 0 2.92500 20.97500 20.47252 0.12464 13
1.36629 -0.20094 85.93883 0 6.07500 -39.07500 51.41062 0.17164 -13
0.25471 0.68512 85.93883 0 6.07500 -39.07500 51.41062 0.17170 -13
-0.04945 -0.37557 85.93883 0 7.75000 -39.65000 51.41062 0.18906 -13
-0.35448 0.77816 85.93883 0 5.87500 -38.87500 51.41062 0.19906 -13
0.23268 -1.03224 85.93883 0 7.02500 -38.37500 51.41062 0.21359 -13
-0.61248 -0.03948 50.89035 0 1.20000 20.07500 43.40651 0.11817 -13
-0.36398 -0.19477 86.43972 0 5.87500 11.00000 81.40058 0.10894 13
0.16821 0.07301 63.05715 0 -2.20000 -3.55000 62.18813 0.10238 13
-0.46072 0.06247 61.68919 0 -1.90000 14.27500 56.04775 0.11106 13
-0.68055 0.12693 76.95613 0 -3.82500 19.02500 63.78069 0.12248 -13
-0.69985 -0.27290 76.95613 0 8.25000 19.60000 63.78069 0.12596 -13
1.91374 0.03991 85.22048 0 -1.20000 -56.50000 39.49248 0.21748 -13
0.58858 0.14531 40.34994 0 -4.37500 -18.80000 34.86754 0.11775 -13
0.60092 -0.25361 40.34994 0 7.67500 -19.17500 34.86754 0.12024 -13
1.46531 -0.20606 15.90941 0 6.15000 -44.32500 9.09528 0.17979 13
0.72683 -0.18949 43.71057 0 5.70000 -19.32500 35.57115 0.12594 13
0.51519 -0.15958 93.84150 0 4.80000 -13.40000 83.63970 0.11441 13
-0.71182 -0.21495 38.86933 0 6.47500 22.17500 31.90416 0.12547 13
-0.72719 -0.19536 25.24356 0 5.92500 22.65000 20.54738 0.12608 -13
1.28191 -0.16842 17.74927 0 5.12500 -35.72500 11.00974 0.16468 -13
0.58198 0.12219 50.22267 0 -3.67500 -19.77500 43.48784 0.11716 -13
0.59956 -0.27793 50.22267 0 8.40000 -20.30000 43.48784 0.12072 -13
-0.16123 -0.05256 69.62472 0 1.60000 1.47500 68.73952 0.10214 -13
0.76941 -0.09359 42.40703 0 2.80000 -24.40000 33.66459 0.12740 13
0.91910 -0.22873 93.94246 0 6.90000 -27.22500 69.96737 0.13870 13
0.83167 0.10723 18.15309 0 -3.27500 -25.40000 13.98928 0.13144 13
-1.63282 0.02938 9.39515 0 -0.97500 50.80000 4.90806 0.19288 13
-1.28725 0.10148 54.70459 0 -3.05000 40.90000 33.66695 0.16446 -13
1.61757 -0.02497 96.27566 0 0.77500 -49.92500 50.63686 0.19153 -13
1.35361 -0.05819 20.01083 0 1.80000 -38.45000 11.90348 0.16959 -13
0.09880 0.09183 37.71345 0 -2.77500 -0.57500 37.53224 0.10162 13
0.76531 -0.23676 74.71834 0 7.12500 -22.40000 59.92602 0.12902 13
0.07784 -0.08670 13.90736 0 2.57500 -1.25000 13.86573 0.10138 13
0.66051 0.12741 12.31629 0 -3.80000 -20.62500 10.30219 0.12135 -13
0.67914 -0.27240 12.31629 0 8.27500 -21.17500 10.30219 0.12484 -13
-0.47243 0.11476 30.16285 0 -3.45000 13.97500 27.30510 0.11197 -13
0.04660 0.12067 68.66594 0 -3.62500 -0.60000 68.59258 0.10154 -13
0.04803 -0.27956 68.66594 0 8.45000 -0.62500 68.59258 0.10468 -13
-0.01284 0.06128 38.91126 0 -1.85000 2.47500 38.90808 0.10090 13
-1.67501 -0.18948 37.67177 0 5.70000 52.35000 19.56148 0.19736 13
-0.60793 -0.08307 35.99887 0 2.50000 18.50000 30.78898 0.11815 13
0.09683 0.09834 42.53191 0 -2.95000 -3.67500 42.33574 0.10165 -13
0.04469 -0.02282 20.84452 0 0.70000 -1.87500 20.82374 0.10083 -13
0.36283 -0.18428 40.35211 0 5.57500 -12.22500 38.00513 0.10873 -13
0.64672 0.13343 5.46467 0 -4.12500 -19.12500 4.60040 0.12076 13
0.66345 -0.26615 5.46467 0 7.92500 -19.60000 4.60040 0.12369 13
-1.17455 -0.22526 69.25379 0 6.80000 33.72500 45.53585 0.15701 -13
2.02376 -0.09799 1.46539 0 2.25000 -60.32500 0.65245 0.22741 13
-1.44918 0.04573 37.81313 0 -1.35000 42.65000 21.49093 0.17736 -13
0.29482 0.04805 7.19783 0 -1.37500 -8.15000 6.90469 0.10510 -13
-0.05392 -0.04380 27.18348 0 1.35000 0.75000 27.14413 0.10095 -13
-0.16574 -0.05459 89.19858 0 1.65000 6.17500 88.00161 0.10222 13
0.61211 0.04037 60.61041 0 -1.22500 -17.60000 51.70634 0.11815 13
-0.62058 -0.22952 58.45191 0 6.92500 20.20000 50.01478 0.12076 -13
1.43937 -0.04647 83.50421 0 1.40000 -44.62500 47.67952 0.17656 13
1.13584 0.02472 81.85596 0 -0.75000 -33.35000 54.09972 0.15241 -13
-1.18917 0.00564 88.40111 0 -0.15000 36.07500 56.89625 0.15647 -13
1.20506 -0.09150 41.86419 0 2.77500 -34.00000 26.80053 0.15797 -13
0.63458 0.02679 22.54692 0 -0.77500 -18.37500 19.03925 0.11929 -13
-0.41851 0.09057 36.25635 0 -2.75000 10.95000 33.46582 0.10955 13
-1.18473 -0.03298 4.18322 0 1.17500 37.87500 2.69895 0.15625 -13
0.71735 -0.08796 73.68034 0 2.65000 -20.17500 59.94776 0.12425 13
1.82861 0.04799 51.64137 0 -1.47500 -53.65000 24.80027 0.20993 13
0.68052 0.00734 98.51409 0 -0.22500 -21.17500 81.44509 0.12181 -13
0.57351 0.07781 43.15626 0 -2.35000 -14.70000 37.46454 0.11636 13
0.35602 -0.04350 97.03067 0 1.32500 -11.77500 91.42010 0.10698 -13
0.12450 0.14582 34.99004 0 -4.37500 -5.27500 34.72748 0.10253 -13
0.12709 -0.25308 34.99004 0 7.65000 -5.35000 34.72748 0.10468 -13
-1.96934 -0.08013 40.42549 0 2.45000 58.75000 18.34999 0.22258 -13
-1.57731 -0.11020 96.74923 0 3.32500 47.27500 52.02714 0.18839 13
1.33717 0.06582 12.47568 0 -2.05000 -40.20000 7.48202 0.16831 13
