0.45446 0.13614 16.24201 0 -4.15000 -15.20000 14.80903 0.11148 13
0.46552 -0.26321 16.24201 0 7.90000 -15.55000 14.80903 0.11418 13
-0.76901 -0.14055 14.23919 0 4.20000 23.02500 11.32863 0.12780 13
-0.60079 0.00323 60.17824 0 -0.10000 19.05000 51.58444 0.11747 13
0.50779 -0.04246 1.09099 0 0.77500 -15.07500 0.97311 0.11347 13
-0.51905 -0.16672 17.32616 0 5.00000 16.62500 15.42253 0.11468 13
-0.34129 0.12018 77.36216 0 -3.62500 14.02500 73.26995 0.10710 13
-0.35189 -0.28011 77.36216 0 8.45000 14.32500 73.26995 0.11041 13
-1.74572 -0.19107 55.15064 0 5.75000 52.55000 27.78410 0.20349 13
0.38585 -0.03817 28.21466 0 1.12500 -10.60000 26.32572 0.10801 13
0.09486 0.10821 30.78272 0 -3.27500 -4.00000 30.64670 0.10175 13
-0.47753 -0.01935 11.85921 0 0.62500 15.02500 10.70189 0.11162 -13
0.43320 -0.00086 13.86700 0 -0.00000 -11.22500 12.72443 0.10975 13
1.13501 -0.09146 77.99493 0 2.77500 -34.82500 51.68143 0.15261 -13
0.18071 0.09676 13.48800 0 -2.95000 -2.85000 13.27488 0.10281 13
-0.92160 -0.04447 95.73823 0 1.35000 27.75000 70.43240 0.13703 -13
-0.32649 -0.23381 11.45465 0 7.10000 8.47500 10.91634 0.10856 -13
-0.04781 -0.02550 12.21659 0 0.72500 1.17500 12.20265 0.10085 13
0.50268 0.01533 10.40352 0 -0.40000 -16.67500 9.29547 0.11272 -13
-0.31623 0.11625 17.55917 0 -3.52500 9.17500 16.75205 0.10628 13
1.30159 0.06476 80.14507 0 -1.95000 -40.95000 48.89216 0.16542 -13
-0.40859 -0.00655 96.62306 0 0.20000 11.10000 89.44506 0.10878 -13
-0.85408 0.04531 79.00386 0 -1.37500 24.60000 60.10096 0.13251 13
-0.03291 0.13510 9.91751 0 -4.12500 -1.07500 9.91220 0.10170 13
-0.03377 -0.26439 9.91751 0 7.92500 -1.05000 9.91220 0.10418 13
1.85657 -0.17371 8.77867 0 5.12500 -55.77500 4.21138 0.21295 13
-1.84382 0.12885 56.50650 0 -3.87500 55.65000 27.11114 0.21161 -13
-1.89454 -0.27089 56.50650 0 8.20000 57.20000 27.11114 0.21749 -13
-1.39862 -0.21817 94.52120 0 6.57500 41.20000 55.82096 0.17452 13
-1.50216 -0.00153 73.58302 0 0.05000 45.30000 40.77562 0.18173 -13
1.89430 -0.05438 53.54861 0 1.62500 -56.82500 25.02768 0.21577 13
0.70368 -0.22891 81.95723 0 6.92500 -21.22500 67.58568 0.12528 -13
1.03475 -0.11243 70.51107 0 3.37500 -31.52500 49.15861 0.14535 13
0.91157 0.11159 10.42560 0 -3.42500 -28.97500 7.72627 0.13677 13
-0.52636 0.06891 91.08606 0 -2.07500 14.82500 80.64352 0.11401 13
-0.28923 -0.20610 46.53991 0 6.22500 8.87500 44.77784 0.10687 -13
-0.45539 0.07219 64.13332 0 -2.17500 14.55000 58.39232 0.11089 13
0.06107 0.08475 80.02558 0 -2.55000 -3.37500 79.87780 0.10125 13
0.06706 -0.22721 68.28797 0 6.85000 -2.85000 68.14243 0.10350 -13
-0.16364 0.03986 53.56203 0 -1.20000 6.02500 52.86002 0.10212 -13
0.21135 0.07404 83.57366 0 -2.25000 -3.32500 81.77694 0.10320 13
-0.25803 -0.01549 29.76607 0 0.47500 8.27500 28.82223 0.10401 -13
-2.13029 -0.05827 45.77719 0 1.72500 64.25000 19.47887 0.23705 13
-1.37509 0.09367 15.69924 0 -2.87500 43.80000 9.26006 0.17151 13
-1.81161 0.03934 22.24037 0 -1.15000 55.80000 10.75396 0.20842 -13
-0.14632 -0.08781 75.71352 0 2.65000 3.47500 74.92180 0.10216 -13
-0.66184 0.12528 10.74009 0 -3.72500 20.35000 8.97749 0.12139 -13
-0.68109 -0.27462 10.74009 0 8.32500 20.95000 8.97749 0.12499 -13
-0.77655 0.05067 42.85938 0 -1.55000 23.62500 33.86751 0.12761 13
0.03996 -0.07314 29.79789 0 2.20000 0.37500 29.77427 0.10105 13
0.06819 0.03990 21.85119 0 -1.17500 -2.45000 21.80065 0.10102 -13
1.00738 -0.01752 43.59673 0 0.55000 -34.95000 30.71646 0.14295 -13
0.09134 0.08594 95.69448 0 -2.60000 -3.57500 95.30076 0.10149 13
0.53123 -0.19220 17.70263 0 5.82500 -14.22500 15.69498 0.11569 -13
0.13170 0.12852 20.62210 0 -3.85000 -2.47500 20.44837 0.10239 -13
0.13534 -0.27124 20.62210 0 8.20000 -2.57500 20.44837 0.10525 -13
1.41703 -0.20228 96.21585 0 6.10000 -40.82500 56.21918 0.17583 13
-1.12437 -0.03376 23.03885 0 1.05000 33.40000 15.31582 0.15158 -13
1.99963 -0.03621 42.92100 0 1.12500 -61.45000 19.20717 0.22518 -13
0.27700 -0.17404 79.45351 0 5.25000 -8.80000 76.65058 0.10595 13
0.10043 -0.07135 29.18650 0 2.17500 -3.17500 29.04119 0.10147 -13
-0.09928 0.08088 36.96108 0 -2.42500 2.25000 36.78138 0.10153 -13
0.74697 0.11459 32.21689 0 -3.47500 -20.25000 25.87138 0.12624 13
0.27900 -0.20418 2.62534 0 6.35000 -8.15000 2.53253 0.10677 -13
0.19115 0.02056 80.44471 0 -0.62500 -5.47500 79.01468 0.10255 13
2.03874 0.09745 72.94019 0 -2.92500 -62.62500 32.24452 0.22886 -13
2.03971 -0.24544 48.05055 0 7.37500 -62.85000 21.65370 0.23005 13
-0.22967 -0.00971 51.29408 0 0.27500 9.02500 49.99262 0.10333 13
0.67290 0.11362 14.69070 0 -3.40000 -19.80000 12.21250 0.12190 -13
0.01623 -0.10472 50.82592 0 3.15000 -1.00000 50.81929 0.10127 13
-0.42367 0.07349 74.44660 0 -2.20000 15.22500 68.57621 0.10962 -13
0.61685 -0.15645 41.41045 0 4.70000 -17.85000 35.36120 0.11936 13
-0.20608 -0.02315 60.17129 0 0.70000 5.87500 58.93344 0.10284 13
0.17987 -0.03340 15.70762 0 1.05000 -7.82500 15.45982 0.10237 -13
0.06077 -0.22413 79.81424 0 6.75000 -4.20000 79.67428 0.10338 13
0.79971 0.12012 77.27955 0 -3.62500 -22.37500 60.52202 0.12951 13
0.82458 -0.28016 77.27955 0 8.45000 -23.12500 60.52202 0.13353 13
-0.14823 0.10048 35.80182 0 -3.05000 3.05000 35.41873 0.10231 13
1.70240 -0.11412 85.92224 0 3.42500 -50.72500 43.72801 0.19915 13
-0.32127 -0.24013 56.90734 0 7.25000 8.62500 54.31853 0.10851 -13
0.48864 -0.08106 53.33001 0 2.42500 -15.85000 47.94567 0.11238 13
0.54022 -0.12490 18.18869 0 3.72500 -15.30000 16.03063 0.11513 13
0.44709 -0.08542 66.77552 0 2.57500 -13.50000 60.99673 0.11065 -13
0.79708 0.02743 52.46465 0 -0.82500 -26.45000 41.03234 0.12881 -13
-1.72958 -0.04634 69.83952 0 1.37500 53.80000 34.98494 0.20125 13
-0.73486 -0.17138 12.09209 0 5.12500 24.50000 9.79316 0.12612 13
0.34616 0.07653 89.86625 0 -2.30000 -11.45000 84.94852 0.10684 -13
1.39797 -0.18578 26.30953 0 5.57500 -40.77500 15.47888 0.17406 13
0.64119 0.10909 71.52261 0 -3.30000 -22.80000 60.31215 0.12013 13
-1.25960 -0.13239 38.26367 0 3.97500 35.35000 23.91757 0.16250 13
-0.88635 0.01557 29.58141 0 -0.50000 29.05000 22.13850 0.13458 13
0.48389 -0.11699 72.68537 0 3.52500 -14.82500 65.51213 0.11249 13
1.37538 -0.19670 51.64131 0 5.92500 -39.85000 30.74570 0.17237 13
0.16900 -0.13196 74.83791 0 3.97500 -4.12500 73.80897 0.10300 -13
-0.17798 -0.22997 63.87010 0 6.95000 6.70000 62.93058 0.10488 -13
-1.35678 -0.08443 60.94958 0 2.55000 40.55000 36.24418 0.16996 -13
-2.04715 -0.11686 3.31522 0 3.17500 60.55000 1.46304 0.22958 13
-0.59532 0.09404 21.48192 0 -2.80000 21.02500 18.47996 0.11757 -13
0.68877 -0.21109 76.35764 0 6.37500 -21.85000 63.32066 0.12412 -13
-1.34222 -0.16658 36.76439 0 5.00000 39.77500 22.15857 0.16937 13
-0.19746 0.06235 98.04888 0 -1.87500 7.10000 96.19855 0.10284 -13
1.24359 -0.16031 10.37506 0 4.75000 -39.70000 6.55150 0.16146 13
1.99713 0.11157 78.30513 0 -3.37500 -61.80000 35.23338 0.22520 13
0.25255 0.05621 23.70155 0 -1.72500 -8.75000 22.98225 0.10402 13
0.96528 -0.11360 65.20315 0 3.45000 -29.30000 47.05740 0.14044 -13
0.01372 0.03586 87.01501 0 -1.07500 -0.22500 87.00683 0.10078 -13
-0.30197 -0.19652 58.93263 0 5.95000 7.02500 56.50446 0.10705 -13
0.92825 0.07438 97.37319 0 -2.22500 -28.77500 71.45668 0.13761 -13
0.16129 0.14780 7.30227 0 -4.37500 -5.75000 7.21115 0.10306 -13
0.16463 -0.25095 7.30227 0 7.65000 -5.85000 7.21115 0.10521 -13
-0.53040 -0.09760 50.03608 0 2.95000 14.05000 44.24878 0.11442 -13
0.38559 -0.16841 42.70503 0 5.07500 -11.75000 39.91683 0.10925 13
-0.34737 -0.15256 7.97335 0 4.67500 11.15000 7.54123 0.10775 -13
0.30519 -0.20921 19.17235 0 6.27500 -6.87500 18.37005 0.10736 13
-0.29030 -0.15266 5.83661 0 4.70000 7.80000 5.61021 0.10605 -13
-1.16255 0.14628 95.21095 0 -4.42500 33.27500 62.46594 0.15513 13
-1.18644 -0.25263 95.21095 0 7.60000 34.00000 62.46594 0.15830 13
-1.32883 -0.23623 90.92725 0 7.12500 37.72500 55.62112 0.16915 13
-0.09013 0.02543 37.17514 0 -0.75000 1.25000 37.02514 0.10114 -13
-0.46852 -0.06830 24.52042 0 2.07500 16.25000 22.21342 0.11143 -13
-0.84288 -0.11957 19.12521 0 3.57500 24.70000 14.66721 0.13223 13
-0.24710 -0.13320 94.04539 0 4.02500 8.57500 91.34510 0.10459 13
-0.22774 0.01103 53.53865 0 -0.32500 6.87500 52.20210 0.10329 -13
-0.99192 -0.24792 68.55232 0 7.47500 31.80000 49.38529 0.14401 13
-0.32461 0.02258 28.41978 0 -0.70000 7.42500 27.03197 0.10590 13
0.16403 -0.06293 36.26792 0 1.90000 -3.70000 35.79159 0.10225 -13
-1.21059 -0.09376 92.26290 0 2.82500 39.17500 58.91350 0.15840 13
0.25459 -0.08039 43.97659 0 2.42500 -9.45000 42.62552 0.10423 -13
1.41696 0.05804 44.12145 0 -1.77500 -44.02500 25.46938 0.17475 13
-0.15913 -0.13781 91.47875 0 4.15000 6.07500 90.36284 0.10291 -13
-1.12024 0.11395 45.72848 0 -3.42500 36.25000 30.56146 0.15165 -13
-0.46696 -0.12828 49.74767 0 3.87500 15.02500 45.14076 0.11190 -13
0.28410 -0.08777 35.51512 0 2.62500 -7.67500 34.17305 0.10506 13
1.35636 -0.15737 51.30259 0 4.77500 -43.40000 30.68549 0.17045 -13
1.80848 -0.14962 89.67177 0 4.52500 -52.95000 43.76007 0.20867 -13
0.16946 -0.04935 58.80321 0 1.50000 -5.35000 57.97850 0.10226 -13
0.52447 -0.18007 21.50643 0 5.45000 -17.67500 19.11083 0.11517 -13
-0.27031 0.03788 26.24345 0 -1.15000 7.62500 25.33550 0.10439 13
-0.45460 0.13769 59.48556 0 -4.17500 14.20000 54.23898 0.11149 13
-0.46550 -0.26162 59.48556 0 7.87500 14.52500 54.23898 0.11415 13
-0.06406 0.00855 12.59894 0 -0.22500 3.82500 12.57315 0.10091 -13
-0.31288 0.00194 32.81507 0 -0.07500 8.85000 31.31799 0.10552 13
0.16709 0.03845 71.13455 0 -1.17500 -4.80000 70.16318 0.10217 13
1.12286 0.14474 31.88648 0 -4.40000 -32.10000 21.32931 0.15213 13
1.14664 -0.25424 31.88648 0 7.65000 -32.82500 21.32931 0.15531 13
2.01051 0.02342 99.50149 0 -0.70000 -57.50000 44.32196 0.22614 -13
-0.78553 -0.00329 17.40665 0 0.12500 26.25000 13.68848 0.12806 -13
-0.53828 0.03731 93.82297 0 -1.12500 17.45000 82.62752 0.11443 13
-0.33409 0.11549 85.60800 0 -3.50000 11.52500 81.25002 0.10676 13
-1.94347 0.55282 85.60800 0 -3.50000 11.55000 81.25002 0.10690 13
9.45857 -4.80002 85.60800 0 -2.52500 16.05000 81.25002 0.12536 13
1.40892 -2.24549 85.60800 0 -2.10000 20.12500 81.25002 0.14760 13
0.16470 -0.05393 85.60800 0 -3.97500 20.72500 81.25002 0.15696 13
-0.31144 0.02625 85.60800 0 -2.35000 20.32500 81.25002 0.16768 13
1.03297 -0.80824 85.60800 0 -3.72500 20.20000 81.25002 0.17711 13
0.94743 2.02981 85.60800 0 -3.02500 19.82500 81.25002 0.18104 13
2.29419 -0.22777 85.60800 0 -2.40000 21.10000 81.25002 0.19027 13
0.16823 0.05985 25.43091 0 -1.82500 -6.35000 25.07974 0.10230 13
1.96272 0.02389 55.35692 0 -0.75000 -58.20000 25.13528 0.22186 13
1.00401 -0.09025 65.27418 0 2.70000 -31.07500 46.15747 0.14298 13
1.04259 0.13520 27.07069 0 -4.10000 -31.75000 18.82652 0.14614 13
1.06867 -0.26426 27.07069 0 7.95000 -32.52500 18.82652 0.14974 13
-1.75831 -0.12130 15.80941 0 3.72500 55.12500 7.85938 0.20411 -13
-1.54378 0.07121 80.29171 0 -2.15000 41.95000 43.72915 0.18537 13
-0.24791 -0.00485 19.22619 0 0.17500 8.32500 18.66160 0.10375 -13
1.77916 0.02864 37.37860 0 -0.90000 -55.27500 18.32014 0.20555 13
0.84817 -0.04848 61.13690 0 1.47500 -27.95000 46.64749 0.13214 -13
1.01984 0.00762 60.09408 0 -0.25000 -28.40000 42.07427 0.14384 13
0.03238 0.08068 27.96149 0 -2.42500 -1.12500 27.94694 0.10108 -13
-0.04550 0.13835 98.73560 0 -4.17500 1.75000 98.63543 0.10177 13
-0.04658 -0.26092 98.73560 0 7.87500 1.77500 98.63543 0.10417 13
-1.33862 -0.18334 6.01925 0 5.37500 41.35000 3.64015 0.16918 13
-1.22960 -0.17542 24.54820 0 5.32500 38.60000 15.63042 0.16060 -13
-1.50371 0.00126 97.71907 0 -0.02500 46.32500 54.11180 0.18185 -13
-0.81348 0.11531 94.60783 0 -3.47500 22.12500 73.58388 0.13033 13
1.59716 0.11103 42.18176 0 -3.37500 -46.67500 22.48314 0.19011 13
0.24769 -0.14136 39.66024 0 4.27500 -3.62500 38.51865 0.10472 -13
0.32945 0.13436 59.55668 0 -4.05000 -10.75000 56.61500 0.10688 -13
0.33780 -0.26509 59.55668 0 8.00000 -11.00000 56.61500 0.10960 -13
-0.53555 -0.11256 17.67743 0 3.37500 17.75000 15.60537 0.11478 13
-0.01839 -0.05399 38.49850 0 1.65000 3.80000 38.49202 0.10087 -13
1.23008 0.11434 85.59471 0 -3.45000 -34.32500 54.20475 0.16006 13
0.38355 -0.11562 82.78083 0 3.47500 -12.20000 77.35616 0.10848 13
-0.69513 0.12875 53.03349 0 -3.90000 23.35000 43.66208 0.12333 13
-0.71432 -0.27104 53.03349 0 8.17500 23.92500 43.66208 0.12671 13
-1.19229 -0.17405 11.95033 0 5.17500 36.65000 7.74712 0.15762 13
-0.40910 -0.09843 68.38946 0 2.95000 11.52500 63.34099 0.10925 13
-0.55147 0.10359 31.65134 0 -3.15000 16.52500 27.75040 0.11548 13
-1.77775 0.04171 8.99970 0 -1.37500 54.10000 4.41563 0.20547 13
-0.54991 -0.02725 90.04005 0 0.82500 14.55000 78.90423 0.11496 -13
-0.85902 0.03060 80.80652 0 -0.92500 27.20000 61.30804 0.13279 -13
1.32557 0.05236 37.89250 0 -1.60000 -39.27500 22.84058 0.16731 13
-1.37229 -0.08674 70.10069 0 2.62500 38.87500 41.38505 0.17121 -13
0.02981 -0.05229 62.35334 0 1.57500 0.87500 62.32572 0.10088 13
0.91661 0.09995 80.55274 0 -3.02500 -30.30000 59.51561 0.13698 13
-0.62709 -0.10805 12.91439 0 3.30000 17.72500 10.95893 0.11938 -13
-1.19548 0.02363 66.48457 0 -0.72500 34.45000 42.66377 0.15698 13
0.34984 -0.20784 23.53642 0 6.30000 -11.02500 22.26650 0.10874 -13
-0.26945 0.11763 75.80270 0 -3.55000 8.87500 73.22605 0.10496 -13
-0.02703 0.11883 61.43917 0 -3.60000 2.02500 61.41705 0.10145 13
-0.02789 -0.28154 61.43917 0 8.47500 2.05000 61.41705 0.10465 13
-1.03341 -0.21751 53.68454 0 6.55000 31.05000 37.77511 0.14645 13
0.93386 -0.09803 1.79557 0 3.32500 -27.50000 1.31521 0.13855 -13
-0.57950 0.04737 50.79792 0 -1.45000 18.10000 43.96360 0.11649 13
-0.47874 -0.23360 94.20080 0 7.05000 13.62500 85.37878 0.11409 13
-0.06145 0.01162 24.07171 0 -0.32500 -0.30000 24.02641 0.10090 -13
-0.06137 -0.00326 59.14177 0 0.10000 2.60000 59.03071 0.10089 13
-0.47953 -0.16582 14.51936 0 4.95000 14.42500 13.12482 0.11290 13
-0.74933 -0.18814 65.47034 0 5.67500 23.55000 52.71838 0.12725 13
-1.32042 -0.15530 33.52165 0 4.65000 43.75000 20.39087 0.16752 13
1.18638 0.02878 13.80682 0 -0.92500 -34.55000 8.90021 0.15630 13
-0.75108 -0.14077 49.27038 0 4.25000 20.92500 39.53456 0.12675 -13
-0.29490 0.08160 38.23233 0 -2.47500 9.22500 36.68062 0.10532 13
-0.32639 -0.23365 48.86232 0 7.02500 10.55000 46.56708 0.10850 13
0.46901 -0.24438 11.31497 0 7.32500 -11.82500 10.29646 0.11388 13
-1.43043 0.10195 21.04025 0 -3.10000 42.37500 12.09778 0.17607 13
1.36633 -0.05307 2.85542 0 1.92500 -41.02500 1.68673 0.17094 -13
-1.55548 -0.10882 65.55093 0 3.30000 47.17500 35.59623 0.18655 -13
0.44797 -0.17703 74.71523 0 5.35000 -13.77500 68.36004 0.11178 -13
1.75220 0.11909 56.18677 0 -3.60000 -53.42500 27.99836 0.20353 13
1.80740 -0.28127 56.18677 0 8.47500 -55.07500 27.99836 0.20989 13
-0.68569 0.05251 2.59433 0 -1.80000 21.17500 2.14049 0.12238 13
-0.70515 -0.10033 13.10302 0 3.07500 20.00000 10.72606 0.12366 -13
1.14239 -0.08122 3.08559 0 2.20000 -35.52500 2.03559 0.15314 13
0.52621 0.09092 79.82748 0 -2.75000 -16.15000 70.70660 0.11416 13
-1.40614 -0.04774 6.00614 0 1.57500 44.35000 3.48396 0.17387 -13
-1.22345 -0.08334 27.84968 0 2.47500 36.32500 17.66195 0.15933 13
1.60900 -0.19246 34.15577 0 5.82500 -49.40000 18.26612 0.19179 -13
0.10099 -0.14769 71.54343 0 4.45000 -4.45000 71.18900 0.10230 13
1.03407 -0.03678 90.49015 0 1.10000 -32.07500 62.92701 0.14491 13
-0.29713 -0.18301 23.28575 0 5.50000 7.35000 22.35071 0.10665 13
-0.68372 -0.01660 1.57837 0 0.15000 18.15000 1.30320 0.12225 13
-0.95668 -0.00171 70.34789 0 0.05000 27.10000 50.83258 0.13936 13
1.10622 -0.14769 49.66172 0 4.47500 -33.70000 33.50025 0.15091 -13
-1.44592 0.11860 18.64590 0 -3.52500 41.32500 10.65608 0.17741 -13
-0.28272 -0.13210 17.05156 0 3.95000 10.32500 16.41863 0.10548 13
-0.71906 -0.11245 40.10415 0 3.40000 20.45000 32.62977 0.12456 -13
0.40964 -0.04185 89.72845 0 1.27500 -10.00000 83.04211 0.10891 -13
0.56763 0.00155 55.67769 0 -0.05000 -17.90000 48.42076 0.11580 13
0.22933 0.04687 25.47980 0 -1.40000 -6.95000 24.83648 0.10342 -13
0.74125 0.02048 60.75989 0 -0.60000 -23.15000 48.81583 0.12537 -13
0.32464 0.01733 9.39397 0 -0.47500 -13.22500 8.93508 0.10589 -13
-0.31162 -0.16164 4.68893 0 4.75000 10.57500 4.48170 0.10669 13
0.55256 -0.18167 56.14261 0 5.47500 -16.05000 49.32427 0.11649 13
1.37237 -0.20200 46.05500 0 6.10000 -42.10000 27.47707 0.17222 -13
0.53844 -0.01992 40.57425 0 0.57500 -17.90000 35.72656 0.11439 13
0.69846 -0.24218 53.28973 0 7.30000 -20.25000 44.09079 0.12522 13
0.45558 -0.03059 60.82688 0 0.92500 -14.20000 55.35755 0.11070 13
-0.13039 0.05377 31.19828 0 -1.65000 6.10000 30.93711 0.10170 13
-0.11444 0.13666 99.79020 0 -4.12500 0.42500 99.15478 0.10229 -13
-0.11723 -0.26267 99.79020 0 7.92500 0.52500 99.15478 0.10479 -13
-1.01408 -0.17490 17.58791 0 5.32500 29.22500 12.44352 0.14454 -13
0.39222 0.05201 67.36093 0 -1.57500 -12.80000 62.72118 0.10830 13
-0.44187 -0.21105 79.90949 0 6.35000 14.45000 73.34781 0.11212 13
0.23589 0.00762 7.91063 0 -0.30000 -6.52500 7.69928 0.10349 13
0.37772 0.09274 15.06185 0 -2.77500 -8.77500 14.09751 0.10804 -13
0.84366 -0.17010 56.45061 0 5.15000 -26.20000 43.40126 0.13287 -13
-0.75171 -0.15386 42.76612 0 4.65000 22.15000 34.32806 0.12694 -13
-0.32915 0.10331 25.65249 0 -3.10000 13.07500 24.37903 0.10652 -13
-0.84251 0.09356 60.73072 0 -2.82500 25.52500 46.52821 0.13202 13
-0.36223 -0.21993 70.11479 0 6.62500 10.60000 66.10062 0.10936 13
-0.79886 0.05902 60.61760 0 -1.80000 25.42500 47.39261 0.12903 13
-1.56530 -0.12622 36.87386 0 3.82500 50.80000 19.96317 0.18750 -13
-1.29258 0.00186 16.51683 0 -0.00000 39.80000 10.10701 0.16457 -13
-1.23473 -0.12628 7.88794 0 3.70000 37.60000 4.98815 0.16047 13
-0.97637 0.05605 63.00981 0 -1.70000 30.67500 45.11892 0.14086 13
0.53965 0.14130 65.14404 0 -4.25000 -15.15000 57.45588 0.11531 -13
0.55181 -0.25782 65.14404 0 7.77500 -15.50000 57.45588 0.11792 -13
0.73822 -0.03868 2.70237 0 1.40000 -20.95000 2.17479 0.12536 -13
0.73947 -0.16597 15.66867 0 4.97500 -22.42500 12.65875 0.12633 13
-0.00895 0.11995 27.97042 0 -3.60000 1.52500 27.96931 0.10142 -13
-0.00923 -0.28029 27.97042 0 8.47500 1.52500 27.96931 0.10461 -13
-0.05419 -0.12043 45.66136 0 3.65000 -0.32500 45.59541 0.10158 -13
1.26681 0.13461 97.03637 0 -4.05000 -40.30000 60.45582 0.16308 -13
1.29875 -0.26482 97.03637 0 8.00000 -41.25000 60.45582 0.16721 -13
0.44480 0.07359 66.18752 0 -2.22500 -14.15000 60.50199 0.11047 13
0.91324 0.04660 98.18391 0 -1.40000 -26.42500 72.53611 0.13646 13
2.00323 0.00228 23.24131 0 -0.02500 -60.22500 10.38078 0.22546 -13
0.18566 -0.08612 86.63157 0 2.60000 -6.40000 85.18631 0.10279 13
0.16257 -0.03997 74.23873 0 1.20000 -6.17500 73.27821 0.10211 13
1.46233 0.10209 84.30994 0 -3.10000 -43.30000 47.76025 0.17869 13
0.39530 -0.03850 86.43695 0 1.17500 -12.95000 80.39225 0.10836 -13
0.34888 -0.07650 68.32838 0 2.30000 -11.32500 64.53520 0.10693 13
-1.12196 -0.07315 84.25171 0 2.20000 33.82500 56.14107 0.15153 13
0.34349 -0.04164 7.79175 0 1.20000 -12.15000 7.36981 0.10656 13
-0.88448 -0.06457 38.99521 0 1.97500 24.47500 29.23609 0.13460 -13
1.40903 -0.07969 38.16090 0 2.42500 -41.72500 22.13302 0.17419 -13
1.26800 -0.12442 97.51616 0 3.75000 -40.87500 60.67167 0.16311 -13
-0.02749 -0.17847 7.77782 0 5.45000 -0.72500 7.77498 0.10238 -13
-0.17758 0.14854 95.56096 0 -4.47500 4.87500 94.12002 0.10336 -13
-0.18106 -0.25028 95.56096 0 7.55000 4.97500 94.12002 0.10540 -13
1.59637 0.04489 16.01589 0 -1.30000 -47.05000 8.50816 0.18974 -13
-1.77091 0.13380 12.19619 0 -3.95000 53.80000 6.03746 0.20518 -13
-1.81617 -0.26549 12.19619 0 8.10000 55.22500 6.03746 0.21064 -13
0.60262 0.00903 94.98937 0 -0.27500 -19.55000 81.35918 0.11757 -13
-1.01698 -0.09715 17.46507 0 2.90000 31.92500 12.27435 0.14396 13
-1.80270 -0.06284 75.61978 0 1.87500 57.22500 36.73787 0.20769 13
1.90215 -0.05657 96.97696 0 1.70000 -55.20000 45.18315 0.21649 13
-1.75457 -0.22067 60.07265 0 6.67500 54.00000 30.28076 0.20461 -13
-0.57089 0.02566 59.18697 0 -0.77500 17.57500 51.40468 0.11598 13
-0.10350 0.10409 96.66450 0 -3.12500 3.20000 96.15642 0.10177 -13
-0.86131 -0.10480 50.93879 0 3.17500 26.67500 38.68589 0.13333 -13
1.34156 0.13971 3.22275 0 -3.97500 -40.87500 1.93842 0.16896 -13
1.37305 -0.25910 3.22275 0 8.07500 -41.95000 1.93842 0.17342 -13
2.00638 0.04216 57.42662 0 -1.30000 -60.90000 25.63524 0.22580 13
-0.21274 0.10640 24.49826 0 -3.22500 3.87500 23.96784 0.10352 13
0.40906 -0.01748 91.16104 0 0.52500 -13.32500 84.37664 0.10882 -13
-0.09043 -0.09391 60.39497 0 2.85000 2.75000 60.15159 0.10156 -13
-0.20448 0.10029 47.50027 0 -3.02500 4.27500 46.54651 0.10328 -13
-0.17275 -0.16048 85.91588 0 4.82500 3.37500 84.69271 0.10346 13
0.90813 0.14460 20.50571 0 -4.40000 -25.95000 15.25081 0.13683 13
0.92742 -0.25423 20.50571 0 7.65000 -26.50000 15.25081 0.13967 13
-0.99823 0.00026 2.33046 0 0.27500 28.95000 1.64926 0.14245 -13
1.12472 0.11947 76.46989 0 -3.60000 -34.50000 51.01185 0.15203 -13
1.15997 -0.28082 76.46989 0 8.47500 -35.57500 51.01185 0.15681 -13
-1.44425 0.05337 68.65587 0 -1.60000 44.00000 39.12066 0.17698 -13
-0.50832 -0.02859 69.84956 0 0.85000 14.82500 62.27208 0.11300 13
-0.99860 -0.19121 96.49845 0 5.77500 31.15000 68.89154 0.14362 -13
-1.86508 -0.23016 69.94429 0 6.92500 56.70000 33.71649 0.21434 13
0.82483 0.14350 47.55376 0 -4.32500 -23.32500 36.83549 0.13133 -13
0.84268 -0.25549 47.55376 0 7.72500 -23.87500 36.83549 0.13420 -13
-0.53834 -0.23284 97.86304 0 7.02500 18.22500 86.67204 0.11675 -13
-0.67483 0.00199 34.22786 0 -0.05000 21.82500 28.37203 0.12149 -13
0.98160 -0.02917 32.64729 0 0.85000 -29.35000 23.30313 0.14114 13
0.00144 -0.13273 42.75268 0 4.00000 -0.70000 42.75264 0.10158 13
-0.32245 -0.21279 95.05888 0 6.42500 8.30000 90.65718 0.10795 13
-0.53263 -0.01791 79.15801 0 0.55000 16.75000 69.86840 0.11411 -13
0.05304 0.07751 31.74887 0 -2.32500 -2.92500 31.70458 0.10114 -13
-0.59242 0.01376 12.56063 0 -0.37500 15.67500 10.80682 0.11706 -13
0.67348 0.08779 4.11054 0 -2.77500 -21.92500 3.41339 0.12183 13
1.80438 -0.11415 81.60284 0 3.45000 -55.05000 39.75282 0.20807 -13
1.23809 -0.00726 79.84794 0 0.22500 -38.62500 50.17203 0.16027 -13
-0.82090 0.11532 7.40719 0 -3.40000 22.05000 5.74025 0.13079 -13
0.77612 -0.20958 77.48294 0 6.32500 -22.65000 61.70051 0.12922 -13
-1.10250 0.05528 22.36181 0 -1.62500 32.20000 15.03619 0.14999 -13
-0.17498 -0.15253 13.43622 0 4.65000 5.32500 13.23952 0.10341 -13
-0.50240 -0.21735 82.26837 0 6.55000 16.75000 73.84851 0.11480 13
0.12006 -0.14006 73.40162 0 4.22500 -3.35000 72.88821 0.10241 -13
2.05963 -0.04104 92.79060 0 1.25000 -64.22500 40.55536 0.23061 -13
-0.39251 -0.15179 12.24960 0 4.62500 10.70000 11.41994 0.10929 -13
0.84130 -0.10781 95.33214 0 3.25000 -27.72500 73.12394 0.13205 13
0.22213 -0.16286 16.48889 0 4.87500 -6.10000 16.10625 0.10444 13
-1.92027 -0.11897 89.02855 0 3.60000 57.52500 41.34900 0.21835 -13
0.64598 0.06141 35.30229 0 -1.82500 -18.65000 29.66950 0.12004 -13
1.18140 -0.16302 77.16538 0 4.90000 -34.87500 50.23502 0.15673 13
-0.12435 -0.00367 4.19652 0 0.22500 1.37500 4.16438 0.10152 -13
-0.27175 0.01429 20.55870 0 -0.40000 6.85000 19.83926 0.10437 -13
0.90299 0.00971 59.80485 0 -0.27500 -27.22500 44.38739 0.13569 -13
0.60925 0.14833 37.76718 0 -4.45000 -18.15000 32.34715 0.11886 -13
0.62130 -0.25047 37.76718 0 7.57500 -18.52500 32.34715 0.12123 -13
-0.84968 -0.15861 50.90940 0 4.80000 22.47500 38.99712 0.13312 -13
1.80734 -0.03846 3.35846 0 1.47500 -55.57500 1.62663 0.20828 -13
2.06688 0.11465 41.15479 0 -3.42500 -62.80000 18.01898 0.23150 -13
1.01318 -0.14221 58.47343 0 4.30000 -27.07500 41.28370 0.14408 -13
-0.80738 -0.20977 44.92086 0 6.32500 25.12500 35.24584 0.13113 13
0.79165 0.00418 66.44819 0 -0.12500 -24.20000 52.09885 0.12844 13
1.47241 0.12828 45.10493 0 -3.90000 -45.67500 25.48282 0.17972 13
1.51324 -0.27157 45.10493 0 8.17500 -46.90000 25.48282 0.18467 13
0.01888 -0.22970 7.14246 0 6.85000 0.85000 7.14123 0.10330 13
-1.37361 -0.00949 67.64437 0 0.30000 43.40000 39.81405 0.17110 -13
-0.91492 0.01770 11.94966 0 -0.60000 28.05000 8.81704 0.13651 13
0.50182 -0.23149 1.48561 0 6.60000 -15.40000 1.33469 0.11503 13
-1.84127 -0.24055 15.86563 0 7.32500 54.47500 7.73693 0.21251 -13
-0.95484 0.00403 24.29584 0 -0.10000 29.22500 17.57199 0.13924 -13
-2.05793 0.13939 20.04590 0 -4.15000 61.10000 8.82861 0.23081 -13
-2.10584 -0.25976 20.04590 0 7.90000 62.57500 8.82861 0.23635 -13
0.04763 -0.16194 50.32163 0 4.87500 -2.05000 50.26609 0.10212 13
-1.21224 0.01414 65.94621 0 -0.42500 37.07500 41.96677 0.15826 13
-0.92087 -0.14822 71.11375 0 4.47500 28.90000 52.57204 0.13771 -13
1.93834 -0.16520 95.30267 0 4.97500 -55.20000 44.15949 0.22027 13
1.19205 0.09532 26.97821 0 -2.90000 -35.47500 17.38429 0.15700 13
-0.84465 -0.02481 56.79574 0 0.75000 24.35000 43.39475 0.13184 -13
-0.44470 0.00571 6.49396 0 -0.25000 12.85000 5.93361 0.11023 13
-1.49500 -0.16821 86.32036 0 5.07500 43.45000 48.45624 0.18192 -13
0.54228 -0.16696 58.83526 0 5.02500 -15.57500 51.87997 0.11578 13
0.31777 0.14744 20.88703 0 -4.47500 -9.60000 19.92570 0.10672 13
0.32415 -0.25144 20.88703 0 7.55000 -9.77500 19.92570 0.10883 13
0.06711 0.08748 81.61095 0 -2.65000 -0.60000 81.42922 0.10131 13
-0.52396 -0.13805 46.48053 0 4.17500 15.25000 41.25437 0.11454 -13
0.29980 0.01899 23.63017 0 -0.60000 -8.00000 22.63509 0.10515 13
-1.02072 0.01237 48.22256 0 -0.40000 29.75000 33.74829 0.14390 13
9.88433 10.30403 48.22256 0 0.75000 31.30000 33.74829 0.15735 13
1.73578 0.51774 48.22256 0 1.52500 34.50000 33.74829 0.18279 13
-0.59422 0.42736 48.22256 0 1.35000 34.80000 33.74829 0.18466 13
1.56983 -0.41436 48.22256 0 2.72500 36.80000 33.74829 0.19759 13
-1.00635 1.37868 48.22256 0 1.90000 35.95000 33.74829 0.21236 13
0.25013 -0.76120 48.22256 0 1.82500 35.90000 33.74829 0.22754 13
-0.69134 -0.08827 48.22256 0 2.42500 35.20000 33.74829 0.23461 13
0.67157 -0.22422 83.20937 0 6.75000 -21.62500 69.59716 0.12338 13
0.53863 0.02904 99.89929 0 -0.87500 -18.90000 87.96069 0.11442 -13
-0.42887 0.02415 81.46237 0 -0.72500 14.17500 74.87135 0.10960 13
-0.47398 -0.01181 8.82032 0 0.30000 14.75000 7.97054 0.11145 13
-1.25746 0.04975 86.70594 0 -1.50000 37.32500 54.00906 0.16187 -13
0.36502 -0.19796 12.39648 0 6.02500 -12.35000 11.67076 0.10907 -13
-0.84137 0.08934 25.83551 0 -2.72500 25.40000 19.80236 0.13192 13
-1.33851 -0.09385 99.35816 0 2.85000 37.42500 59.63412 0.16852 -13
-0.18980 -0.09832 83.31941 0 2.95000 7.90000 81.87151 0.10298 13
0.15274 0.06531 55.42253 0 -1.95000 -6.20000 54.78978 0.10208 -13
-1.08284 -0.03407 84.10699 0 1.02500 32.60000 57.08003 0.14848 -13
-0.33955 -0.11004 5.34608 0 3.42500 10.57500 5.06519 0.10699 -13
-0.63530 -0.17965 7.58815 0 5.50000 18.95000 6.43418 0.12073 -13
1.64356 -0.18632 42.06023 0 5.65000 -49.45000 22.13507 0.19467 -13
-1.34126 -0.01653 82.45356 0 0.50000 41.52500 49.28878 0.16849 13
1.88372 -0.20565 20.23391 0 6.15000 -58.22500 9.64218 0.21567 13
0.25656 0.00431 6.28356 0 -0.20000 -6.80000 6.08648 0.10398 13
-0.52756 0.06801 54.60180 0 -2.05000 15.65000 48.31752 0.11406 -13
0.82035 -0.09698 11.10765 0 2.97500 -26.60000 8.60383 0.13065 -13
-1.09530 -0.13160 40.46713 0 3.95000 34.32500 27.41306 0.14993 13
0.42762 -0.05140 28.05496 0 1.57500 -9.65000 25.80053 0.10965 -13
0.49211 -0.19991 68.30852 0 6.02500 -17.30000 61.52011 0.11402 13
-0.08215 0.04759 11.41639 0 -1.40000 4.22500 11.37811 0.10115 -13
-0.30613 -0.14785 55.84706 0 4.45000 9.90000 53.44989 0.10636 13
0.89328 0.08392 6.23101 0 -2.42500 -27.50000 4.65403 0.13528 -13
0.30270 0.14183 85.47084 0 -4.27500 -8.47500 81.87283 0.10618 13
0.30947 -0.25728 85.47084 0 7.75000 -8.67500 81.87283 0.10855 13
0.71358 -0.06321 49.74806 0 1.92500 -23.12500 40.52217 0.12388 -13
-0.32573 -0.18712 22.96608 0 5.62500 9.50000 21.87235 0.10756 13
0.93192 0.14734 22.26010 0 -4.42500 -32.50000 16.36628 0.13843 -13
0.95076 -0.25150 22.26010 0 7.62500 -33.07500 16.36628 0.14127 -13
-1.51439 -0.10730 76.38458 0 3.25000 44.97500 42.25832 0.18309 -13
0.98962 0.13385 66.41423 0 -4.05000 -28.25000 47.41322 0.14233 13
1.01488 -0.26565 66.41423 0 8.00000 -29.00000 47.41322 0.14594 13
-0.37819 -0.13083 91.13346 0 3.95000 8.82500 85.33129 0.10847 -13
0.42909 -0.05149 47.48998 0 1.55000 -11.60000 43.65096 0.10970 13
-1.52852 -0.19796 50.91986 0 5.95000 45.75000 28.25361 0.18499 13
0.29867 -0.16359 95.91971 0 4.92500 -9.72500 92.00637 0.10638 13
0.88352 -0.19500 67.35564 0 5.87500 -28.10000 50.88664 0.13579 13
0.87668 0.05813 49.04848 0 -1.75000 -28.62500 36.90904 0.13404 -13
0.94242 -0.22221 71.68538 0 6.70000 -29.32500 52.75618 0.14017 13
-1.43190 -0.03694 15.96933 0 1.17500 42.07500 9.14772 0.17594 -13
-0.70025 0.09054 33.16869 0 -2.75000 21.90000 27.20610 0.12328 13
0.71037 -0.12966 75.26679 0 3.92500 -18.10000 61.53128 0.12422 -13
-1.81979 0.10478 49.38988 0 -3.15000 54.87500 23.88518 0.20936 -13
-0.57646 0.06968 87.43951 0 -2.10000 19.60000 75.79985 0.11645 13
-1.15507 0.01055 35.08911 0 -0.35000 34.02500 22.96740 0.15386 13
0.56040 0.08376 61.16848 0 -2.52500 -15.60000 53.40611 0.11575 13
1.30965 0.02386 23.56369 0 -0.67500 -38.92500 14.30330 0.16594 -13
1.88011 -0.23879 85.13181 0 7.22500 -56.00000 40.84535 0.21582 -13
0.87637 0.08933 75.61097 0 -2.70000 -26.37500 56.96252 0.13421 13
1.53786 -0.03605 55.97147 0 1.10000 -49.00000 30.52604 0.18477 -13
1.69049 -0.10544 82.35626 0 3.20000 -48.40000 42.10251 0.19809 -13
0.41317 -0.06586 40.15894 0 2.00000 -10.87500 37.12758 0.10916 -13
0.02852 -0.20187 56.67661 0 6.07500 -1.57500 56.65446 0.10277 13
0.58704 0.13470 37.87366 0 -4.05000 -18.82500 32.73646 0.11755 -13
0.60183 -0.26472 37.87366 0 8.00000 -19.27500 32.73646 0.12053 -13
0.74233 0.04783 42.59065 0 -1.42500 -23.07500 34.21153 0.12551 -13
1.42740 -0.14371 37.26164 0 4.32500 -43.57500 21.52617 0.17609 13
-0.04476 -0.07360 61.53293 0 2.22500 5.00000 61.47170 0.10108 -13
0.14417 -0.06816 96.00804 0 2.05000 -4.75000 95.03007 0.10198 13
-0.21355 -0.24409 12.26441 0 7.40000 6.70000 12.00864 0.10590 -13
-1.60752 0.05951 68.87398 0 -1.80000 47.37500 36.42593 0.19075 13
1.65832 -0.10791 96.14592 0 3.25000 -50.00000 49.86007 0.19530 13
0.42359 -0.12597 64.24603 0 3.80000 -9.80000 59.22813 0.11009 13
-0.85762 -0.07285 34.72554 0 2.17500 26.60000 26.38876 0.13286 13
-0.42224 -0.00256 14.30184 0 0.05000 12.20000 13.17551 0.10932 13
-0.04997 0.03537 62.54628 0 -1.07500 2.60000 62.46842 0.10089 13
-1.15118 -0.19251 81.71802 0 5.80000 34.00000 54.14467 0.15478 13
0.27197 -0.08987 94.20495 0 2.70000 -9.30000 90.92814 0.10475 13
-0.11452 -0.24364 6.74993 0 7.27500 3.52500 6.70852 0.10424 13
0.97626 0.12620 38.37899 0 -3.80000 -32.02500 27.56785 0.14130 -13
1.00424 -0.27365 38.37899 0 8.27500 -32.87500 27.56785 0.14537 -13
1.07679 -0.00809 68.44523 0 0.22500 -31.87500 46.57753 0.14799 13
0.74749 0.14512 26.82424 0 -4.35000 -22.32500 21.56531 0.12657 -13
0.76322 -0.25380 26.82424 0 7.67500 -22.80000 21.56531 0.12926 -13
-0.04118 -0.01175 62.42976 0 0.35000 -0.32500 62.37690 0.10080 -13
0.14982 0.00509 13.91101 0 -0.12500 -3.97500 13.75746 0.10183 -13
-0.64092 0.09471 87.55177 0 -2.87500 18.50000 73.80730 0.11999 13
-0.55340 -0.22882 6.92591 0 6.82500 14.32500 6.09575 0.11732 13
-2.11389 -0.14999 53.74357 0 4.55000 64.47500 23.19167 0.23600 -13
2.03258 -0.04516 59.99531 0 1.37500 -61.25000 26.50662 0.22817 -13
-0.44052 -0.23780 30.38800 0 7.20000 11.87500 27.93115 0.11263 -13
-0.28591 -0.13327 7.20878 0 4.10000 7.87500 6.93555 0.10564 -13
-0.08606 -0.06465 84.61585 0 1.95000 2.25000 84.30554 0.10129 -13
0.55820 -0.15107 32.13083 0 4.55000 -15.02500 28.13047 0.11632 13
1.29579 -0.24823 81.99482 0 7.50000 -37.85000 51.03141 0.16673 -13
-1.27402 -0.22573 83.61135 0 6.82500 40.10000 52.41621 0.16468 -13
-1.18934 -0.07416 91.55031 0 2.22500 35.30000 59.01160 0.15666 13
-1.80483 -0.21401 81.26042 0 6.47500 56.50000 40.05922 0.20892 -13
0.42762 0.09959 17.14928 0 -2.97500 -12.17500 15.78003 0.10998 -13
-0.12446 0.13241 93.79508 0 -4.00000 4.52500 93.08908 0.10236 13
-0.12771 -0.26717 93.79508 0 8.05000 4.62500 93.08908 0.10502 13
0.05652 -0.07875 89.71599 0 2.37500 -1.25000 89.57396 0.10118 -13
0.55676 -0.04749 43.36845 0 1.42500 -16.85000 37.90153 0.11536 13
1.25868 0.10164 73.03032 0 -3.07500 -39.30000 45.57164 0.16222 13
0.40800 -0.17259 9.69658 0 5.15000 -12.10000 8.99681 0.11011 13
0.04479 0.08875 9.69658 0 5.67500 -12.15000 8.99681 0.11346 13
-0.22546 -0.20440 9.69658 0 6.80000 -13.30000 8.99681 0.12869 13
0.92716 0.11963 7.64403 0 -3.70000 -26.10000 5.62382 0.13792 13
0.95630 -0.28105 7.64403 0 8.37500 -26.95000 5.62382 0.14207 13
-1.37057 -0.22320 15.08911 0 6.67500 38.15000 9.03454 0.17226 13
1.63226 -0.06918 81.30366 0 2.07500 -49.40000 42.54725 0.19289 13
-0.19680 0.05439 73.66739 0 -1.65000 5.20000 72.28496 0.10279 13
-0.29420 -0.00914 2.18295 0 0.05000 8.90000 2.09429 0.10509 13
-1.49763 0.14940 33.31364 0 -4.47500 43.85000 18.64081 0.18194 -13
-1.52647 -0.24936 33.31364 0 7.55000 44.75000 18.64081 0.18552 -13
-1.86236 -0.02813 51.03735 0 0.82500 55.20000 24.15176 0.21289 13
-0.16908 0.05934 72.88101 0 -1.77500 2.00000 71.86461 0.10231 -13
-1.88854 -0.14189 7.45864 0 4.15000 55.42500 3.51770 0.21555 13
1.11885 -0.05872 51.21177 0 1.75000 -32.67500 34.16014 0.15122 13
0.29072 -0.18155 16.95904 0 5.50000 -6.47500 16.30512 0.10647 -13
