-0.16633 -0.15401 7.63043 0 4.57500 6.00000 7.52936 0.10323 13
0.12453 -0.23073 25.33852 0 6.95000 -4.95000 25.15405 0.10409 13
1.43685 -0.03227 82.16763 0 0.97500 -46.07500 46.95396 0.17632 13
0.28103 0.08599 1.19719 0 -3.02500 -8.20000 1.15300 0.10549 13
-1.26194 -0.06234 25.42602 0 1.90000 37.55000 15.81007 0.16228 -13
-2.03296 0.04249 51.66900 0 -1.30000 62.42500 22.82270 0.22820 13
1.44251 -0.01550 97.69922 0 0.45000 -44.25000 55.66629 0.17676 13
0.34004 0.12931 94.81249 0 -3.90000 -9.20000 89.84139 0.10716 -13
0.34934 -0.27041 94.81249 0 8.15000 -9.50000 89.84139 0.11010 -13
-0.77217 0.01185 14.99336 0 -0.40000 26.90000 11.86742 0.12724 13
0.73913 -0.07656 71.34127 0 2.30000 -20.35000 57.42988 0.12546 13
-0.20276 0.08783 40.16019 0 -2.65000 7.17500 39.36514 0.10314 13
1.07582 -0.04284 66.48668 0 1.27500 -31.62500 45.28803 0.14797 13
-1.38725 -0.13680 90.84743 0 4.12500 42.55000 53.44719 0.17276 13
-0.71991 -0.04788 61.00530 0 1.45000 23.37500 49.52923 0.12418 -13
-0.01177 0.08194 17.74201 0 -2.45000 0.97500 17.74079 0.10104 -13
0.42531 0.09030 22.38125 0 -2.70000 -11.07500 20.60875 0.10981 -13
-1.16925 -0.24646 84.66343 0 7.42500 34.72500 55.96140 0.15690 13
1.71874 -0.13111 56.13260 0 3.97500 -51.05000 28.40841 0.20070 -13
-0.26318 0.07192 83.51357 0 -2.17500 7.20000 80.77708 0.10438 -13
0.13149 -0.14983 24.44122 0 4.50000 -3.72500 24.23705 0.10267 13
-1.07438 -0.00091 34.57573 0 0.05000 32.47500 23.55634 0.14781 -13
0.43836 -0.18504 17.79795 0 5.55000 -9.85000 16.34413 0.11150 13
-0.67326 0.00613 43.89743 0 -0.17500 18.85000 36.41416 0.12140 -13
0.30491 -0.06005 94.04221 0 1.80000 -7.85000 89.96735 0.10545 13
1.23374 -0.05258 18.83974 0 1.62500 -35.72500 11.87277 0.16003 -13
0.44153 -0.02962 55.26947 0 0.87500 -13.22500 50.56400 0.11012 13
-0.04077 0.05496 16.16403 0 -1.70000 1.55000 16.15069 0.10095 13
-0.60602 -0.20892 55.67117 0 6.32500 16.62500 47.88025 0.11963 -13
-1.87159 0.03910 43.86671 0 -1.20000 54.75000 20.68513 0.21373 13
1.14886 0.11567 99.70209 0 -3.50000 -31.05000 65.70641 0.15383 13
2.06760 -0.09925 46.21096 0 3.02500 -63.90000 20.20048 0.23152 -13
0.88967 -0.24007 37.91338 0 7.25000 -25.90000 28.67277 0.13696 -13
0.62068 0.08021 9.97872 0 -2.47500 -17.95000 8.48513 0.11884 13
0.38821 0.00016 92.51742 0 -0.00000 -13.12500 86.24657 0.10803 -13
-0.28104 -0.20831 50.05161 0 6.30000 7.40000 48.25813 0.10659 -13
-1.90897 -0.90127 50.05161 0 6.30000 7.45000 48.25813 0.10674 -13
1.83758 1.63357 50.05161 0 7.25000 8.57500 48.25813 0.11277 -13
-0.92341 -0.43804 50.05161 0 7.37500 8.75000 48.25813 0.11366 -13
0.07611 -1.13164 50.05161 0 -3.67500 10.15000 48.25813 0.12652 -13
1.17526 -0.09668 10.85032 0 2.97500 -36.20000 7.04989 0.15570 -13
0.46732 -0.06318 81.51703 0 1.90000 -13.32500 73.87743 0.11134 13
1.06144 -0.20044 6.11194 0 6.17500 -31.90000 4.23459 0.14837 -13
-0.28480 -0.17300 78.67712 0 5.22500 6.17500 75.75084 0.10614 13
1.03180 0.01403 98.65903 0 -0.42500 -30.15000 68.66556 0.14471 -13
-1.02228 -0.07168 21.32446 0 2.20000 31.87500 14.93156 0.14420 -13
-0.02703 0.01911 36.89358 0 -0.60000 -1.40000 36.88010 0.10076 13
-1.67042 0.03381 78.54903 0 -1.00000 49.30000 40.36308 0.19609 -13
-0.05229 -0.14940 22.97785 0 4.47500 1.30000 22.94718 0.10194 13
0.97196 -0.21562 89.47027 0 6.52500 -28.95000 64.86177 0.14211 -13
-1.16188 -0.09685 69.70050 0 2.90000 33.25000 45.58989 0.15468 13
-0.67531 0.11468 31.15697 0 -3.45000 18.12500 25.87338 0.12206 -13
0.13700 0.02988 18.64426 0 -0.92500 -3.12500 18.47190 0.10169 13
-1.48992 0.08684 64.72540 0 -2.62500 43.87500 36.16417 0.18092 13
0.70346 -0.24937 19.02074 0 7.50000 -18.97500 15.70927 0.12564 13
-1.00768 -0.03204 86.77885 0 0.97500 30.90000 61.14248 0.14300 -13
1.17723 -0.02361 19.27377 0 0.67500 -36.82500 12.47987 0.15556 13
-1.88858 0.06286 69.77597 0 -1.87500 59.17500 32.70155 0.21528 -13
-0.88682 0.11104 79.63233 0 -3.35000 26.60000 59.73988 0.13506 13
1.00785 -0.21356 63.38694 0 6.42500 -27.87500 45.14437 0.14457 13
0.87693 -0.09013 35.66185 0 2.70000 -25.87500 26.85982 0.13424 13
-2.15627 0.06699 72.60193 0 -2.00000 63.92500 30.59544 0.23949 -13
-0.59317 -0.21476 10.61022 0 6.42500 18.55000 9.17845 0.11903 13
-2.13273 -0.15625 53.37437 0 4.70000 64.20000 22.88524 0.23769 13
-0.20202 0.02088 48.99445 0 -0.65000 5.80000 48.02470 0.10276 13
-0.18027 -0.10448 68.59909 0 3.15000 5.62500 67.52225 0.10286 13
-0.49263 -0.17443 29.96572 0 5.27500 14.97500 26.95869 0.11364 -13
-0.41903 0.09934 42.17202 0 -3.00000 14.02500 38.92344 0.10965 13
-0.56579 0.14097 43.98707 0 -4.27500 18.92500 38.37442 0.11658 13
-0.57862 -0.25819 43.98707 0 7.77500 19.32500 38.37442 0.11920 13
0.45516 -0.09249 48.00662 0 2.77500 -11.12500 43.72549 0.11103 13
-1.02850 -0.10252 61.20707 0 3.10000 30.45000 42.78265 0.14483 -13
0.41960 0.11731 91.30399 0 -3.55000 -14.97500 84.27805 0.10985 13
-0.08519 -0.04255 97.12915 0 1.27500 2.40000 96.77926 0.10116 13
0.35993 -0.10335 73.65824 0 3.10000 -12.67500 69.34751 0.10753 13
-1.34405 -0.22138 9.55824 0 6.77500 41.52500 5.79301 0.17029 -13
0.98975 0.09479 10.24300 0 -2.92500 -29.10000 7.29681 0.14204 13
0.73320 -0.11931 17.18801 0 3.57500 -23.37500 13.89562 0.12543 13
1.20367 0.08557 68.95419 0 -2.57500 -35.17500 44.15926 0.15782 -13
-0.50986 -0.17860 84.17447 0 5.40000 13.47500 75.22982 0.11447 -13
0.66059 0.02853 81.56698 0 -0.85000 -19.17500 68.06649 0.12073 -13
1.09213 -0.24350 54.31940 0 7.35000 -33.80000 37.25465 0.15114 -13
-1.90814 -0.03807 77.80692 0 1.12500 57.60000 36.13806 0.21697 13
1.27289 0.05658 90.29186 0 -1.70000 -38.02500 55.83478 0.16311 -13
0.19113 -0.00560 48.23958 0 0.17500 -6.85000 47.38192 0.10253 -13
-1.84060 0.13416 58.98100 0 -4.02500 55.07500 28.35099 0.21136 -13
-1.88723 -0.26526 58.98100 0 8.02500 56.50000 28.35099 0.21678 -13
1.77570 -0.12914 52.72189 0 3.90000 -51.95000 26.03385 0.20565 -13
-0.14925 -0.22776 5.04667 0 6.97500 4.37500 4.99402 0.10447 -13
-0.00269 0.13176 19.02184 0 -3.95000 -0.50000 19.02177 0.10156 -13
-0.00280 -0.26780 19.02184 0 8.10000 -0.50000 19.02177 0.10428 -13
-0.75099 0.04616 29.73084 0 -1.37500 22.65000 23.78218 0.12602 -13
-1.01843 -0.18376 17.41515 0 5.57500 31.45000 12.30408 0.14496 -13
-0.14627 -0.06561 30.01605 0 2.00000 3.92500 29.70140 0.10199 -13
0.40593 0.06752 4.42793 0 -2.15000 -9.95000 4.10413 0.10895 13
1.89052 -0.09328 38.44695 0 2.80000 -57.75000 18.03748 0.21557 13
0.74501 -0.06897 78.74628 0 2.10000 -22.05000 63.20146 0.12577 -13
0.43896 0.11817 60.02314 0 -3.57500 -12.90000 55.02218 0.11062 13
0.45296 -0.28226 60.02314 0 8.50000 -13.32500 55.02218 0.11399 13
-1.28493 0.13579 86.08283 0 -4.07500 42.85000 53.17165 0.16453 -13
-1.31673 -0.26359 86.08283 0 7.95000 43.80000 53.17165 0.16862 -13
-0.09403 0.08464 69.64725 0 -2.55000 1.42500 69.34358 0.10150 -13
-0.94099 0.14758 34.89669 0 -4.42500 29.10000 25.54295 0.13905 -13
-0.95978 -0.25126 34.89669 0 7.60000 29.67500 25.54295 0.14187 -13
1.05802 -0.18232 32.13861 0 5.47500 -29.57500 22.26611 0.14773 13
-0.87791 -0.04765 3.60850 0 1.62500 24.25000 2.71275 0.13421 -13
-0.68174 0.08823 84.84713 0 -2.67500 19.52500 70.19120 0.12221 13
1.35392 -0.19197 83.85219 0 5.77500 -42.10000 50.40129 0.17059 13
1.25881 0.04113 65.16482 0 -1.25000 -37.07500 40.55516 0.16195 13
0.15859 0.04142 70.09041 0 -1.25000 -3.40000 69.22668 0.10205 -13
-0.18643 -0.07146 16.24806 0 2.17500 7.57500 15.97442 0.10270 -13
-0.66090 0.07367 48.07026 0 -2.20000 19.70000 40.13631 0.12093 -13
-0.59926 0.14856 86.78405 0 -4.47500 17.67500 74.65439 0.11835 -13
-0.61103 -0.25024 86.78405 0 7.55000 18.02500 74.65439 0.12068 -13
0.82372 -0.01444 68.35643 0 0.45000 -23.77500 52.76345 0.13048 -13
0.18381 -0.14762 22.87680 0 4.47500 -5.20000 22.50774 0.10347 -13
0.49452 0.02532 46.60231 0 -0.77500 -15.65000 41.77621 0.11238 13
-1.20939 -0.01901 54.68619 0 0.55000 36.30000 34.85212 0.15804 13
1.41120 -0.09987 14.62654 0 3.07500 -42.45000 8.48515 0.17449 -13
-0.17468 -0.08055 62.80617 0 2.45000 6.25000 61.87478 0.10256 -13
-0.31520 0.02523 88.81352 0 -0.77500 8.62500 84.70773 0.10562 13
0.81556 -0.23155 41.71189 0 6.97500 -24.05000 32.65840 0.13200 13
0.58220 0.03832 75.19055 0 -1.17500 -16.77500 64.99182 0.11659 13
0.74110 0.13104 19.49671 0 -3.97500 -23.55000 15.71084 0.12606 13
0.76078 -0.26867 19.49671 0 8.07500 -24.15000 15.71084 0.12937 13
-1.82763 -0.04681 54.68123 0 1.40000 55.10000 26.26931 0.20985 13
-2.07293 -0.05729 16.24681 0 1.80000 60.35000 7.06872 0.23187 -13
-0.44154 0.02189 5.50539 0 -0.57500 11.27500 5.03655 0.11012 -13
-0.15205 -0.21498 61.57744 0 6.50000 4.65000 60.90807 0.10414 -13
-1.24244 -0.23604 84.85424 0 7.12500 38.30000 54.07687 0.16237 -13
-0.90602 -0.09265 92.74725 0 2.77500 26.10000 68.86454 0.13621 13
0.18689 -0.05893 7.27286 0 1.85000 -4.37500 7.14953 0.10265 -13
-0.75390 -0.12730 99.21567 0 3.85000 22.77500 79.45400 0.12677 -13
-0.80947 -0.01952 65.08484 0 0.60000 24.42500 50.59242 0.12957 -13
-0.66146 0.03179 26.23361 0 -0.97500 21.25000 21.88393 0.12078 13
0.77204 -0.01634 33.11457 0 0.47500 -22.52500 26.21303 0.12723 13
1.11634 0.01773 88.08437 0 -0.55000 -34.42500 58.77754 0.15094 13
-1.30098 0.00825 13.56350 0 -0.20000 39.02500 8.26560 0.16526 -13
-0.01241 -0.06393 76.27555 0 1.92500 -2.90000 76.26970 0.10092 -13
-0.93760 0.12405 39.56356 0 -3.72500 29.35000 28.96424 0.13860 -13
-0.96526 -0.27596 39.56356 0 8.35000 30.17500 28.96424 0.14272 -13
-0.94240 -0.19868 11.52702 0 6.05000 28.35000 8.46467 0.13987 -13
-1.13910 -0.03100 72.96492 0 0.95000 37.87500 48.15023 0.15268 -13
1.46384 -0.07781 3.15843 0 2.60000 -45.32500 1.78496 0.17897 -13
-0.20896 0.02604 4.83619 0 -0.67500 6.12500 4.73401 0.10293 -13
-0.81355 -0.16620 6.58806 0 4.92500 23.85000 5.13827 0.13084 13
-0.61910 0.11445 25.37730 0 -3.47500 16.67500 21.61572 0.11901 13
-1.26318 -0.15991 26.32771 0 4.80000 38.07500 16.46787 0.16301 13
-0.56081 0.13797 76.66306 0 -4.17500 17.37500 67.01586 0.11629 13
-0.57421 -0.26132 76.66306 0 7.87500 17.77500 67.01586 0.11906 13
0.62114 0.03839 34.50938 0 -1.15000 -17.52500 29.32043 0.11861 -13
-0.83714 -0.06188 57.18043 0 1.85000 26.65000 43.87935 0.13147 13
0.01359 -0.12654 72.83671 0 3.80000 -2.75000 72.83009 0.10151 13
1.68573 -0.09284 68.10573 0 2.77500 -51.85000 34.85685 0.19760 13
1.96629 -0.07529 21.90464 0 2.32500 -61.97500 9.95229 0.22228 -13
0.76060 0.08091 20.87578 0 -2.47500 -23.32500 16.63579 0.12679 13
-0.24725 -0.19617 90.82438 0 5.90000 7.67500 88.26359 0.10560 13
0.96191 0.09358 88.61971 0 -2.82500 -28.07500 64.00183 0.14005 13
0.93845 0.08054 65.45049 0 -2.42500 -28.50000 47.79828 0.13834 -13
0.53803 -0.21717 77.82064 0 6.55000 -15.12500 68.88014 0.11643 -13
-0.09450 -0.09221 45.28350 0 2.77500 4.75000 45.08429 0.10158 13
-0.31621 -0.05228 67.49672 0 1.57500 9.80000 64.36399 0.10575 -13
-0.71404 -0.18786 89.22758 0 5.67500 21.10000 73.03759 0.12518 -13
-0.41271 -0.09992 23.94427 0 3.00000 11.82500 22.14960 0.10940 13
0.00471 -0.12527 93.96155 0 3.77500 -1.12500 93.96052 0.10149 13
-0.93166 -0.16777 69.52173 0 5.05000 27.22500 51.19341 0.13866 13
-0.08740 -0.01831 28.87191 0 0.52500 1.50000 28.76232 0.10110 13
-0.94309 0.04357 46.85265 0 -1.30000 32.42500 34.10071 0.13848 -13
0.71117 -0.10482 86.13712 0 3.15000 -23.25000 70.32441 0.12402 13
1.10385 -0.20756 1.53785 0 5.77500 -33.47500 1.04506 0.15124 13
1.17353 0.00768 45.05796 0 -0.22500 -33.47500 29.22415 0.15528 -13
-0.64244 -0.11703 2.33206 0 3.27500 19.35000 1.96582 0.12029 13
-0.56860 0.00356 82.27142 0 -0.10000 16.82500 71.51869 0.11584 -13
0.28564 -0.01190 3.25793 0 0.52500 -8.37500 3.13276 0.10480 -13
-0.15708 0.03132 59.45331 0 -0.92500 5.70000 58.73379 0.10199 -13
-0.22402 -0.02126 16.92873 0 0.67500 7.67500 16.51943 0.10322 -13
-0.57098 -0.15384 33.20292 0 4.62500 16.87500 28.91611 0.11698 13
0.03872 -0.06918 32.72882 0 2.07500 -2.95000 32.70442 0.10102 13
0.64458 -0.19446 30.09541 0 5.85000 -19.22500 25.43194 0.12138 13
-0.27102 -0.22560 42.48732 0 6.82500 4.52500 41.07604 0.10679 -13
0.28048 -0.22163 19.01860 0 6.65000 -9.02500 18.34348 0.10692 13
-0.61692 -0.14525 49.59252 0 4.37500 16.47500 42.32786 0.11922 13
1.19353 -0.19278 86.58530 0 5.82500 -36.65000 56.20180 0.15801 -13
-0.41463 -0.08566 2.00109 0 2.85000 12.65000 1.84950 0.10959 -13
0.98646 0.09421 44.50531 0 -2.85000 -30.97500 31.75281 0.14178 13
0.18635 -0.09885 84.23475 0 3.00000 -6.60000 82.82254 0.10292 -13
0.73643 -0.18540 74.13248 0 5.57500 -21.82500 60.04448 0.12645 13
-0.70462 -0.00305 3.54477 0 0.25000 22.85000 2.89776 0.12325 -13
-0.43119 -0.24807 85.35133 0 7.50000 10.67500 78.73429 0.11248 -13
0.25306 -0.04740 22.67655 0 1.45000 -7.97500 21.98508 0.10399 -13
0.04848 -0.14151 32.31148 0 4.27500 -1.97500 32.27434 0.10183 -13
-0.12191 -0.05570 71.79566 0 1.67500 4.90000 71.26965 0.10161 -13
-0.02118 -0.12148 22.40994 0 3.65000 1.40000 22.40499 0.10146 13
0.65659 -0.22837 83.98825 0 6.87500 -18.22500 70.73708 0.12264 13
-0.98060 -0.07643 60.92625 0 2.32500 30.97500 43.56400 0.14126 -13
-0.85561 0.02367 27.94184 0 -0.75000 28.10000 21.23349 0.13256 13
-2.02883 -0.23363 37.88659 0 7.02500 59.02500 17.11040 0.22894 13
-1.39819 -0.12018 82.90541 0 3.62500 39.62500 48.45695 0.17352 13
-0.32151 -0.13834 85.68739 0 4.17500 11.05000 81.64688 0.10669 13
0.79827 -0.23267 4.66250 0 6.87500 -25.42500 3.68029 0.13089 13
-1.95233 -0.21429 20.91484 0 6.52500 59.75000 9.70497 0.22203 -13
0.55413 -0.22860 80.01025 0 6.90000 -17.45000 70.39554 0.11740 13
-1.74486 -0.21808 28.99210 0 6.55000 54.32500 14.66863 0.20366 13
-0.19624 -0.24875 57.84760 0 7.50000 6.75000 56.82660 0.10563 13
1.72445 -0.02314 55.11013 0 0.72500 -52.55000 27.65120 0.20076 -13
-1.91914 -0.18680 35.90062 0 5.60000 55.85000 16.81404 0.21869 13
-1.44309 -0.17181 82.23530 0 5.17500 45.85000 47.29948 0.17765 13
-1.42607 0.03574 25.87037 0 -1.05000 42.90000 14.85959 0.17543 -13
-0.58429 -0.23996 7.94572 0 7.17500 19.00000 6.90876 0.11905 13
1.15315 0.09289 59.52983 0 -2.80000 -33.85000 39.09649 0.15399 -13
0.29664 0.01029 75.95082 0 -0.30000 -9.75000 72.81508 0.10505 -13
-0.34726 0.00386 30.17168 0 -0.10000 8.17500 28.50204 0.10660 -13
-0.03857 -0.14495 74.16628 0 4.37500 0.57500 74.11231 0.10182 13
0.71644 0.01486 13.69113 0 -0.40000 -23.45000 11.12997 0.12389 -13
1.41729 -0.13709 70.26453 0 4.15000 -42.97500 40.76042 0.17523 -13
-0.08205 -0.20562 27.74354 0 6.22500 3.00000 27.65435 0.10315 -13
-1.19992 0.06134 97.63292 0 -1.85000 37.05000 62.57443 0.15742 13
-0.37982 -0.09710 63.86929 0 2.92500 10.02500 59.74273 0.10816 13
0.36421 -0.05093 18.16716 0 1.50000 -9.45000 17.07280 0.10729 13
0.02086 -0.23223 27.10213 0 7.02500 -0.65000 27.09654 0.10342 -13
-1.05157 -0.12920 30.87964 0 3.87500 29.85000 21.37183 0.14670 13
-0.00734 -0.01965 61.90337 0 0.57500 0.15000 61.90171 0.10073 13
-0.35920 -0.05772 24.70977 0 1.72500 14.45000 23.25945 0.10716 13
-0.01813 0.09431 89.10593 0 -2.85000 0.37500 89.09141 0.10117 13
-1.46395 -0.07114 81.98717 0 2.12500 43.67500 46.32465 0.17867 13
-0.21143 -0.09058 56.51557 0 2.75000 3.72500 55.30265 0.10334 -13
-0.44668 -0.00001 43.31681 0 -0.02500 12.97500 39.55056 0.11030 13
-1.08846 0.05658 92.40514 0 -1.70000 31.45000 62.57131 0.14895 -13
0.52151 -0.14796 88.08625 0 4.45000 -14.20000 78.28289 0.11454 13
1.22896 0.02074 73.51722 0 -0.62500 -37.12500 46.40647 0.15957 -13
0.03723 0.06359 29.69594 0 -1.90000 -2.87500 29.67545 0.10097 -13
-0.12990 -0.14103 83.00505 0 4.25000 2.15000 82.32682 0.10254 -13
-0.30704 -0.24406 81.98723 0 7.37500 11.15000 78.56636 0.10818 -13
-0.01323 -0.02757 95.28033 0 0.82500 1.92500 95.27200 0.10075 13
0.15821 -0.02058 12.07894 0 0.65000 -2.72500 11.93059 0.10198 -13
-0.55218 0.13827 4.36543 0 -4.05000 15.57500 3.82979 0.11585 -13
-0.56554 -0.26069 4.36543 0 8.00000 16.00000 3.82979 0.11880 -13
-0.88988 -0.15886 22.26451 0 4.82500 28.90000 16.72362 0.13577 -13
0.69443 -0.08685 79.83495 0 2.60000 -19.05000 65.65462 0.12291 13
0.19202 0.06446 26.07555 0 -1.97500 -3.15000 25.60965 0.10275 13
-0.46123 0.13140 31.89825 0 -3.95000 17.27500 29.00884 0.11168 -13
-0.47347 -0.26819 31.89825 0 8.10000 17.65000 29.00884 0.11466 -13
0.88216 -0.25049 7.50168 0 7.47500 -25.47500 5.70006 0.13654 13
0.78343 -0.08752 19.84683 0 2.60000 -24.65000 15.64562 0.12822 13
-0.73026 -0.04159 75.71796 0 1.25000 19.92500 61.16683 0.12477 -13
-0.11900 0.03805 1.00711 0 -1.65000 2.62500 1.00008 0.10213 13
-0.31800 -0.22268 72.72350 0 6.70000 9.25000 69.45452 0.10802 13
0.57364 -0.19546 24.09195 0 5.87500 -21.45000 20.99386 0.11773 13
-0.82473 -0.23248 25.98742 0 7.02500 23.22500 20.26000 0.13264 -13
1.86453 -0.02189 6.81369 0 0.82500 -56.82500 3.22108 0.21312 -13
0.61164 -0.00189 60.18327 0 0.05000 -18.45000 51.34146 0.11805 13
-0.56243 -0.00776 3.61238 0 0.40000 15.62500 3.14842 0.11560 -13
-1.21310 -0.21694 91.58214 0 6.55000 39.22500 59.04898 0.15983 -13
-0.69132 -0.15925 35.54862 0 4.77500 19.92500 29.35904 0.12339 13
3.58551 -0.67629 35.54862 0 5.35000 21.17500 29.35904 0.12911 13
-0.64694 -0.23353 35.54862 0 4.67500 33.12500 29.35904 0.18629 13
0.70214 0.83633 35.54862 0 5.65000 33.97500 29.35904 0.19218 13
-1.55140 -0.17677 38.20669 0 5.30000 45.40000 20.92466 0.18671 13
-0.08964 -0.23312 78.45538 0 7.02500 0.65000 78.15811 0.10379 13
-0.04722 0.02793 51.41811 0 -0.85000 0.32500 51.36093 0.10086 13
-0.10968 -0.10281 8.53881 0 3.05000 1.42500 8.48846 0.10182 13
-0.01326 -0.07276 97.48588 0 2.20000 -1.22500 97.47735 0.10098 -13
-0.05674 0.08125 72.32351 0 -2.45000 3.42500 72.20814 0.10120 13
0.89326 0.07152 36.04673 0 -2.17500 -27.30000 26.91384 0.13523 13
0.00323 -0.03698 60.67677 0 1.12500 0.87500 60.67645 0.10077 -13
0.18863 -0.15555 51.54250 0 4.67500 -5.12500 50.67006 0.10366 13
-0.52358 -0.21937 97.50748 0 6.62500 16.35000 86.81323 0.11580 -13
-0.13876 -0.10754 51.40476 0 3.22500 4.40000 50.92243 0.10224 13
0.28081 0.04170 75.14691 0 -1.27500 -11.20000 72.35311 0.10468 13
-0.03155 -0.06499 21.32554 0 1.95000 2.32500 21.31499 0.10096 13
0.03585 0.00518 34.74196 0 -0.15000 -0.50000 34.71965 0.10077 -13
1.41639 -0.00879 51.48689 0 0.27500 -46.17500 29.69599 0.17460 -13
-0.80283 0.11452 53.29041 0 -3.45000 21.87500 41.66110 0.12965 -13
0.31962 0.14466 61.04886 0 -4.37500 -12.17500 58.20607 0.10672 13
0.32640 -0.25434 61.04886 0 7.67500 -12.37500 58.20607 0.10898 13
-1.44117 0.07671 87.64298 0 -2.30000 40.50000 50.06337 0.17681 -13
0.53952 -0.23840 1.67894 0 6.82500 -16.45000 1.48698 0.11682 13
1.15120 -0.04756 65.88587 0 1.45000 -33.72500 43.23489 0.15363 -13
-0.40769 -0.06661 93.22457 0 2.00000 13.37500 86.35300 0.10896 13
-0.08855 -0.12241 58.97213 0 3.67500 1.42500 58.74564 0.10184 13
-1.15858 -0.06269 27.23267 0 1.85000 35.92500 17.81410 0.15423 13
0.10393 0.01777 6.27708 0 -0.62500 -6.50000 6.24345 0.10128 13
0.13487 0.08719 36.55033 0 -2.65000 -4.67500 36.22487 0.10199 13
1.91092 0.02852 12.45540 0 -0.95000 -58.50000 5.77708 0.21722 13
0.17194 -0.10843 62.04384 0 3.27500 -5.10000 61.15678 0.10276 13
-1.04479 -0.04793 71.56385 0 1.42500 30.45000 49.51251 0.14572 13
-2.12267 -0.16993 14.19046 0 5.05000 64.92500 6.11931 0.23677 13
0.50688 -0.17650 24.42685 0 5.30000 -17.67500 21.85514 0.11428 13
-1.80129 -0.06599 64.84735 0 1.97500 51.90000 31.52776 0.20757 13
-0.20302 0.07548 16.69092 0 -2.30000 7.05000 16.35894 0.10305 13
-2.05070 0.08660 17.73662 0 -2.67500 60.57500 7.79627 0.23000 13
0.96077 -0.13751 82.27564 0 4.15000 -28.15000 59.59602 0.14034 -13
0.89978 0.11066 2.47429 0 -3.57500 -26.17500 1.84379 0.13620 13
1.66661 0.05451 25.42240 0 -1.67500 -51.85000 13.09453 0.19582 13
-0.85404 0.09225 64.19098 0 -2.80000 23.62500 48.89950 0.13276 13
0.84575 -0.13978 31.50397 0 4.22500 -24.15000 24.15103 0.13265 -13
-1.06963 -0.17768 61.70368 0 5.37500 33.52500 42.48999 0.14854 -13
-1.98154 0.10651 34.83021 0 -3.17500 59.35000 15.76169 0.22377 -13
-0.71891 -0.09790 67.72320 0 2.95000 21.42500 55.07699 0.12442 -13
0.34914 0.06821 95.69667 0 -2.07500 -9.47500 90.37076 0.10689 13
-1.37949 -0.04447 98.84198 0 1.35000 39.92500 58.04981 0.17164 -13
0.32143 0.00065 88.03515 0 -0.02500 -9.20000 83.81187 0.10578 -13
0.07098 -0.07875 97.03569 0 2.37500 -4.00000 96.79365 0.10127 -13
0.16789 -0.08617 45.94684 0 2.60000 -3.05000 45.31727 0.10248 13
-0.17331 0.14575 34.95690 0 -4.37500 5.20000 34.45394 0.10325 -13
-0.17692 -0.25320 34.95690 0 7.65000 5.32500 34.45394 0.10541 -13
-0.54096 0.11900 42.17055 0 -3.60000 16.37500 37.14977 0.11513 13
-0.55803 -0.28134 42.17055 0 8.47500 16.90000 37.14977 0.11874 13
-0.06670 -0.00940 53.15132 0 0.30000 1.95000 53.03345 0.10093 -13
0.24501 -0.22654 92.01420 0 6.85000 -7.80000 89.49441 0.10616 -13
-0.11962 -0.06251 49.55529 0 1.87500 4.67500 49.20586 0.10162 13
0.23205 -0.04058 75.41862 0 1.22500 -5.95000 73.46958 0.10346 13
-0.56858 -0.14497 33.07055 0 4.35000 18.52500 28.82108 0.11675 13
-0.32863 -0.14510 60.13631 0 4.37500 10.10000 57.18784 0.10700 13
1.26819 -0.17003 60.96811 0 5.12500 -39.45000 38.08199 0.16352 13
-1.45571 0.00466 65.94804 0 -0.15000 44.22500 37.36481 0.17775 13
-0.61146 -0.11547 44.92445 0 3.47500 19.77500 38.39612 0.11860 13
0.95709 -0.24418 58.82274 0 7.35000 -29.60000 43.07887 0.14153 13
0.86181 0.04262 44.53012 0 -1.30000 -26.02500 33.74490 0.13301 13
0.60825 0.02177 35.00889 0 -0.65000 -20.00000 29.91234 0.11789 -13
-0.35552 0.10910 13.62450 0 -3.25000 13.82500 12.84585 0.10743 -13
0.79485 -0.12580 27.18269 0 3.82500 -24.15000 21.34387 0.12927 -13
1.18629 0.04228 69.00019 0 -1.27500 -36.90000 44.49547 0.15631 -13
0.36586 0.09786 15.71387 0 -2.92500 -9.90000 14.76575 0.10767 -13
0.26505 -0.13008 21.38310 0 3.95000 -8.57500 20.68067 0.10501 -13
0.14959 0.07221 55.12902 0 -2.17500 -4.10000 54.52549 0.10208 -13
0.75055 -0.01622 63.82556 0 0.50000 -22.97500 51.04932 0.12592 -13
0.75009 0.04847 80.06851 0 -1.47500 -23.30000 64.07910 0.12598 13
0.23145 -0.22556 37.48177 0 6.80000 -7.32500 36.56140 0.10582 13
0.55081 -0.20799 21.62901 0 6.30000 -14.55000 19.03760 0.11688 -13
1.46147 -0.10958 7.32326 0 3.20000 -44.47500 4.15122 0.17866 13
-0.37265 0.00519 39.81413 0 -0.15000 12.45000 37.30790 0.10747 -13
-0.03040 -0.13246 56.60311 0 3.97500 -2.30000 56.57745 0.10163 13
-1.21768 -0.12026 4.88733 0 3.47500 37.57500 3.11470 0.15909 13
0.92957 -0.15204 62.31929 0 4.60000 -26.95000 45.88602 0.13835 -13
0.78862 -0.12007 74.93438 0 3.62500 -21.92500 58.99985 0.12881 13
-0.48250 -0.21828 2.08398 0 6.32500 12.80000 1.88500 0.11390 13
0.67876 -0.07338 76.37822 0 2.20000 -20.32500 63.24874 0.12193 13
-0.01842 0.02533 74.62890 0 -0.75000 -0.45000 74.61624 0.10075 -13
0.40153 0.07238 67.26812 0 -2.20000 -14.75000 62.44610 0.10876 13
0.19191 0.14428 32.33033 0 -4.35000 -5.97500 31.76255 0.10356 -13
0.19602 -0.25472 32.33033 0 7.70000 -6.10000 31.76255 0.10579 -13
-1.01572 -0.20104 30.15508 0 6.07500 28.25000 21.36787 0.14498 -13
-0.66350 0.10744 57.00962 0 -3.22500 20.20000 47.58741 0.12133 -13
0.83587 0.06062 35.38095 0 -1.85000 -23.80000 27.16654 0.13140 13
-0.06033 -0.21384 91.63503 0 6.45000 -0.92500 91.47598 0.10315 13
-0.53662 -0.22358 83.94475 0 6.75000 15.95000 74.36454 0.11649 -13
0.17895 -0.00249 66.20920 0 0.07500 -4.42500 65.17382 0.10230 13
-0.21403 -0.04605 51.64425 0 1.40000 7.50000 50.50295 0.10309 -13
1.26268 -0.17701 59.35263 0 5.35000 -38.27500 37.19838 0.16319 -13
1.63164 0.14793 75.57195 0 -4.45000 -47.10000 39.80058 0.19328 -13
1.66415 -0.25089 75.57195 0 7.57500 -48.10000 39.80058 0.19715 -13
0.95355 -0.09606 63.74052 0 2.90000 -30.02500 46.23064 0.13949 -13
-1.87660 -0.13137 91.13871 0 3.95000 56.10000 43.14726 0.21452 13
-0.30518 -0.19274 10.20972 0 5.77500 10.52500 9.77987 0.10703 13
-0.37134 -0.03667 80.11856 0 1.12500 10.35000 75.11463 0.10748 -13
0.03062 0.13570 27.31106 0 -4.12500 -0.92500 27.29848 0.10168 13
0.03139 -0.26374 27.31106 0 7.92500 -0.95000 27.29848 0.10418 13
-0.34409 0.01170 57.87497 0 -0.35000 10.30000 54.72617 0.10650 -13
-1.57217 -0.08080 17.62756 0 2.37500 47.17500 9.48266 0.18779 13
0.96295 -0.20190 20.30153 0 6.12500 -28.30000 14.76348 0.14130 -13
-0.82496 0.01486 1.48214 0 -0.87500 25.97500 1.14361 0.13091 13
-0.05922 0.04533 55.38573 0 -1.35000 2.87500 55.28904 0.10098 -13
-0.21093 -0.10532 57.42859 0 3.17500 4.45000 56.20533 0.10347 -13
1.66288 -0.18147 21.61877 0 5.42500 -49.50000 11.27368 0.19622 13
0.02220 0.05794 64.77826 0 -1.75000 0.27500 64.76235 0.10090 -13
0.03812 -0.11518 82.37264 0 3.47500 -0.40000 82.31363 0.10144 -13
0.22830 0.10050 90.95798 0 -3.02500 -7.95000 88.69843 0.10379 -13
-0.53836 -0.07261 13.48791 0 2.22500 14.80000 11.88314 0.11462 -13
0.98632 -0.05914 5.79917 0 1.90000 -31.40000 4.13225 0.14163 -13
-0.52827 -0.15982 83.13344 0 4.82500 17.17500 73.70744 0.11502 13
-0.10245 -0.07156 50.68287 0 2.17500 2.47500 50.42034 0.10149 -13
0.54701 -0.04581 63.49328 0 1.37500 -16.87500 55.71730 0.11488 13
-0.21423 -0.13131 22.07026 0 3.97500 5.32500 21.58858 0.10385 -13
-1.96477 -0.10804 57.52304 0 3.25000 56.67500 26.21220 0.22226 13
-1.56767 -0.11081 45.99910 0 3.35000 47.40000 24.84547 0.18760 -13
1.48173 -0.19804 36.61336 0 6.00000 -45.92500 20.75242 0.18115 -13
-0.34423 0.04814 27.45447 0 -1.42500 10.52500 25.96263 0.10661 -13
-0.76125 -0.04479 58.84915 0 1.35000 19.12500 46.84228 0.12664 -13
-0.23958 0.06208 23.01324 0 -1.85000 6.55000 22.38234 0.10374 -13
1.55987 -0.07178 41.98726 0 2.15000 -44.52500 22.70165 0.18672 13
-0.85836 0.05955 10.69140 0 -1.85000 23.75000 8.11899 0.13287 13
-0.58399 0.10276 63.42265 0 -3.10000 17.70000 54.84019 0.11708 -13
-0.97326 -0.16183 96.16048 0 4.87500 27.80000 69.34242 0.14146 13
-0.28943 0.04699 99.44823 0 -1.42500 7.70000 95.53555 0.10494 -13
0.84723 -0.09858 97.63552 0 2.97500 -25.55000 74.64405 0.13236 -13
-0.23688 0.05866 40.41808 0 -1.77500 5.60000 39.33325 0.10366 13
-1.49410 -0.19013 9.49352 0 5.82500 46.47500 5.34533 0.18218 -13
-0.70906 -0.18575 3.41687 0 5.77500 22.85000 2.80218 0.12508 -13
-0.64923 -0.14646 64.36334 0 4.40000 18.55000 54.15260 0.12096 13
-0.66625 -0.23739 49.51817 0 7.15000 19.10000 41.55108 0.12334 13
0.09695 -0.05755 92.91984 0 1.75000 -0.70000 92.48766 0.10134 -13
0.33834 0.02457 57.87272 0 -0.75000 -9.65000 54.82167 0.10634 13
-0.02411 -0.24013 55.96005 0 7.25000 -1.62500 55.94467 0.10360 -13
-0.04688 0.13840 90.30323 0 -4.17500 0.45000 90.20602 0.10177 -13
-0.04798 -0.26086 90.30323 0 7.87500 0.47500 90.20602 0.10419 -13
-0.21778 0.00931 56.79407 0 -0.30000 5.57500 55.49352 0.10307 13
-0.26427 -0.16565 45.08218 0 4.97500 11.00000 43.62381 0.10548 13
-1.13498 -0.18365 60.67739 0 5.52500 32.62500 40.48581 0.15344 13
1.46309 -0.06436 36.36141 0 1.92500 -47.42500 20.54636 0.17858 13
1.05069 -0.06095 60.99318 0 1.82500 -32.02500 42.09069 0.14620 13
0.94633 -0.12859 60.20959 0 3.87500 -30.27500 43.90059 0.13924 13
-0.67271 -0.01645 35.49922 0 0.47500 19.60000 29.45601 0.12138 13
-0.20641 0.08417 90.98118 0 -2.52500 5.32500 89.11558 0.10317 -13
-0.82375 -0.05454 15.97527 0 1.67500 25.97500 12.33755 0.13060 -13
-0.79044 -0.13647 51.41739 0 4.10000 21.82500 40.48037 0.12909 13
1.08603 0.14667 65.18353 0 -4.42500 -29.05000 44.40637 0.14941 13
1.10821 -0.25223 65.18353 0 7.60000 -29.70000 44.40637 0.15244 13
0.35350 0.03498 59.05940 0 -1.05000 -9.82500 55.68668 0.10687 -13
-1.36012 0.14380 10.97251 0 -4.40000 40.97500 6.54327 0.17067 13
-1.38955 -0.25526 10.97251 0 7.62500 41.82500 6.54327 0.17419 13
0.80384 0.12605 95.67175 0 -3.80000 -21.42500 74.79703 0.12983 -13
0.82691 -0.27386 95.67175 0 8.27500 -22.12500 74.79703 0.13356 -13
0.71584 -0.08505 23.97825 0 2.55000 -19.00000 19.52184 0.12413 13
-0.04394 -0.00222 19.29464 0 0.05000 2.67500 19.27603 0.10080 13
-0.21600 0.14479 16.35629 0 -4.40000 5.72500 15.99502 0.10407 13
-0.22055 -0.25427 16.35629 0 7.62500 5.87500 15.99502 0.10623 13
0.32499 0.08222 78.05671 0 -2.47500 -9.22500 74.25850 0.10621 -13
-0.91841 0.11613 41.73618 0 -3.47500 30.07500 30.83325 0.13723 -13
-1.50371 -0.11666 10.25877 0 3.60000 45.35000 5.70685 0.18232 -13
1.20094 0.02988 60.65839 0 -0.90000 -36.92500 38.82507 0.15740 -13
0.04336 -0.24581 95.43362 0 7.40000 0.82500 95.34911 0.10379 13
-0.08053 0.07888 48.92770 0 -2.37500 2.65000 48.77079 0.10134 -13
-1.35635 -0.08200 89.88262 0 2.47500 41.75000 53.45362 0.16990 13
-1.84112 -0.20132 74.37318 0 6.05000 55.07500 36.04416 0.21194 13
0.73916 0.03524 38.55815 0 -1.05000 -21.72500 31.01378 0.12528 -13
-2.13397 -0.10812 93.93246 0 3.27500 62.25000 40.04781 0.23759 -13
-1.55711 -0.11360 33.79967 0 3.45000 48.57500 18.34786 0.18672 -13
-0.09542 0.01937 88.36979 0 -0.60000 2.60000 87.97039 0.10118 13
1.75080 -0.16779 77.27339 0 5.07500 -54.85000 38.72756 0.20375 -13
-1.22066 -0.02944 86.14437 0 0.87500 35.75000 54.60630 0.15893 13
-1.92254 -0.06356 66.18575 0 1.92500 60.80000 30.58980 0.21834 -13
-0.22987 0.13196 67.80269 0 -4.00000 8.75000 66.10768 0.10418 13
-0.23591 -0.26764 67.80269 0 8.07500 8.95000 66.10768 0.10691 13
-0.72331 -0.21137 77.47482 0 6.37500 21.85000 63.24139 0.12610 -13
-0.58374 0.03816 80.34547 0 -1.15000 20.07500 69.40103 0.11667 -13
-0.03302 -0.02072 92.36274 0 0.62500 0.72500 92.31248 0.10078 -13
-0.11677 -0.13361 90.76868 0 4.02500 3.15000 90.16680 0.10227 13
-1.01798 0.11299 77.64604 0 -3.40000 34.75000 54.58791 0.14415 -13
0.34791 0.11084 90.98811 0 -3.35000 -11.57500 85.99192 0.10721 13
-0.72961 -0.04303 13.99268 0 1.25000 21.82500 11.30731 0.12473 13
0.04394 0.05005 66.41904 0 -1.50000 -1.00000 66.35520 0.10092 -13
1.05129 -0.21378 43.84572 0 6.47500 -30.90000 30.57227 0.14770 -13
-0.38439 -0.16607 59.87365 0 5.00000 10.05000 55.98413 0.10917 13
-1.67675 0.03765 81.68276 0 -1.12500 52.20000 41.85998 0.19665 -13
-1.72475 -0.07820 81.42017 0 2.37500 51.32500 40.93225 0.20093 -13
-0.33144 -0.02855 88.40542 0 0.85000 12.35000 83.91952 0.10613 13
-0.36323 -0.21918 7.85676 0 6.55000 15.47500 7.40451 0.10935 13
-0.75023 0.12014 60.45413 0 -3.62500 22.50000 48.48266 0.12647 -13
-0.77355 -0.28011 60.45413 0 8.45000 23.20000 48.48266 0.13042 -13
2.03789 -0.10234 59.38960 0 3.07500 -61.57500 26.27352 0.22881 13
-1.15623 0.10779 21.40045 0 -3.30000 35.30000 14.04504 0.15435 13
0.00377 -0.01425 24.24613 0 0.45000 0.92500 24.24595 0.10072 -13
-0.51328 -0.17306 55.73930 0 5.22500 15.25000 49.73933 0.11453 -13
1.59169 0.02239 77.12244 0 -0.67500 -48.70000 41.03521 0.18931 -13
1.36990 -0.22112 31.77195 0 6.70000 -39.72500 19.02417 0.17228 -13
1.32877 0.00200 66.93720 0 -0.05000 -38.35000 40.25034 0.16747 -13
0.62382 -0.05052 30.72955 0 1.50000 -20.02500 26.08189 0.11880 13
-0.36573 0.14354 75.82364 0 -4.32500 11.40000 71.29533 0.10820 13
-0.37365 -0.25549 75.82364 0 7.70000 11.62500 71.29533 0.11053 13
0.29539 0.09788 25.34978 0 -2.97500 -7.37500 24.32059 0.10547 13
0.97791 -0.13883 98.05756 0 4.20000 -28.30000 70.43432 0.14155 -13
-0.99098 -0.01597 17.33305 0 0.52500 29.45000 12.31275 0.14179 -13
-0.62459 -0.20491 30.04105 0 6.20000 21.75000 25.62507 0.12053 -13
0.40482 0.03988 66.35241 0 -1.20000 -14.15000 61.51064 0.10872 13
-0.73579 0.05138 5.89974 0 -1.45000 19.87500 4.75393 0.12514 -13
1.13177 -0.20622 76.84410 0 6.22500 -33.25000 51.47415 0.15352 -13
0.18938 -0.17569 5.75394 0 5.40000 -5.35000 5.65653 0.10408 -13
1.24875 0.10640 34.06931 0 -3.17500 -39.82500 21.36921 0.16145 -13
-0.12940 0.14590 83.16677 0 -4.40000 4.97500 82.49325 0.10260 13
-0.13208 -0.25303 83.16677 0 7.62500 5.05000 82.49325 0.10472 13
-1.11407 0.06656 33.71989 0 -2.02500 30.47500 22.55175 0.15091 13
0.46009 0.12039 90.50422 0 -3.62500 -13.52500 82.32237 0.11151 -13
0.47434 -0.27985 90.50422 0 8.45000 -13.95000 82.32237 0.11497 -13
-1.33481 0.06196 50.62966 0 -1.85000 42.45000 30.39323 0.16807 -13
-0.73682 0.03703 31.58575 0 -1.10000 22.85000 25.43465 0.12514 -13
-0.20660 -0.04728 49.08965 0 1.42500 5.47500 48.07648 0.10294 13
-1.65647 -0.11926 45.61938 0 3.62500 51.30000 23.69857 0.19524 -13
0.40246 0.11576 68.16855 0 -3.47500 -11.90000 63.29728 0.10917 -13
0.43565 -0.07426 14.21684 0 2.27500 -13.90000 13.03904 0.11011 -13
0.56468 0.06369 31.25139 0 -1.90000 -15.47500 27.22575 0.11582 -13
-1.21177 0.00312 92.42188 0 -0.10000 35.82500 58.82575 0.15822 13
0.44459 -0.17857 5.57399 0 5.27500 -14.37500 5.10623 0.11162 13
-0.80956 -0.19034 65.94068 0 5.72500 27.97500 51.60932 0.13097 13
-1.08619 0.02684 97.56261 0 -0.80000 32.52500 66.09316 0.14870 -13
1.97997 -0.13126 52.88627 0 3.97500 -60.37500 24.00471 0.22379 -13
1.79131 0.11291 49.64620 0 -3.37500 -55.02500 24.31671 0.20689 -13
0.71604 -0.10133 53.24154 0 3.07500 -20.92500 43.36299 0.12428 -13
-0.12727 0.05647 21.14765 0 -1.67500 2.77500 20.97889 0.10167 -13
0.32677 -0.12685 23.47976 0 3.80000 -10.30000 22.33553 0.10670 13
1.49179 -0.00410 84.40012 0 0.12500 -46.15000 46.99570 0.18086 -13
-0.36554 0.07221 29.68635 0 -2.15000 12.30000 27.89028 0.10747 -13
-1.48250 -0.07965 88.20483 0 2.40000 44.65000 49.43224 0.18026 13
-0.83870 -0.09339 54.78434 0 2.82500 25.77500 42.05060 0.13177 -13
0.75835 -0.14359 34.66358 0 4.32500 -22.12500 27.72238 0.12720 13
-1.99123 -0.14827 20.29646 0 4.42500 58.37500 9.18853 0.22482 13
-0.04241 0.00324 95.30247 0 -0.10000 1.90000 95.21686 0.10079 -13
0.93191 -0.17098 88.85940 0 5.15000 -27.70000 65.44013 0.13872 13
0.88712 0.11455 91.75539 0 -3.45000 -29.42500 68.83565 0.13511 13
-1.87730 0.05623 17.29637 0 -1.62500 55.47500 8.14122 0.21427 -13
