-1.93523 0.14545 55.62269 0 -4.37500 56.25000 25.74668 0.21982 -13
-1.97563 -0.25346 55.62269 0 7.67500 57.47500 25.74668 0.22447 -13
1.09361 -0.09793 57.58794 0 2.97500 -32.77500 38.96194 0.14956 -13
0.30914 -0.19639 47.91859 0 5.92500 -10.75000 45.85515 0.10724 13
-0.81125 -0.01988 73.40263 0 0.60000 23.00000 57.00804 0.12969 13
0.15622 0.10606 23.01173 0 -3.17500 -6.05000 22.73902 0.10248 -13
-0.40112 -0.22092 16.23897 0 6.62500 13.15000 15.12092 0.11073 13
-1.04982 0.13939 4.68541 0 -4.35000 30.67500 3.24822 0.14680 13
-1.07432 -0.25989 4.68541 0 7.67500 31.37500 3.24822 0.14994 13
-0.70763 -0.09805 77.25239 0 2.95000 21.00000 63.16117 0.12376 13
0.22176 0.09455 67.70642 0 -2.85000 -6.37500 66.11403 0.10359 13
-0.62690 0.02731 44.15654 0 -0.85000 17.10000 37.41717 0.11889 13
0.41317 -0.13108 80.21703 0 3.95000 -15.37500 74.22977 0.10975 13
1.60942 -0.22543 56.90872 0 6.82500 -51.17500 30.57199 0.19218 -13
0.80843 -0.22390 10.32883 0 6.82500 -23.27500 8.10965 0.13150 -13
1.85647 -0.09349 12.02127 0 2.72500 -58.00000 5.71968 0.21253 13
1.83746 0.13176 77.99561 0 -4.00000 -56.45000 37.53148 0.21109 13
1.88592 -0.26783 77.99561 0 8.07500 -57.92500 37.53148 0.21663 13
0.85609 -0.10107 47.57085 0 3.07500 -25.32500 36.21500 0.13296 -13
-0.03845 0.10737 22.43136 0 -3.25000 0.65000 22.41497 0.10137 13
-1.00653 -0.08192 48.49679 0 2.45000 32.12500 34.23772 0.14312 13
-0.33586 0.07491 47.05371 0 -2.25000 11.40000 44.61783 0.10649 -13
-1.82619 -0.07402 67.48220 0 2.22500 54.12500 32.47993 0.20979 13
-1.82881 -0.02970 3.22620 0 1.22500 55.52500 1.54859 0.21008 -13
-0.63355 -0.00266 60.77304 0 0.10000 18.65000 51.33729 0.11921 -13
-0.48285 -0.19453 30.01455 0 5.87500 15.55000 27.12236 0.11354 -13
-1.57447 -0.08874 73.39848 0 2.67500 45.65000 39.46130 0.18804 13
0.35976 -0.16429 3.37617 0 5.10000 -10.10000 3.18164 0.10844 -13
1.43115 0.04668 85.98251 0 -1.40000 -40.90000 49.28454 0.17588 -13
-1.92839 -0.07820 36.62571 0 2.40000 58.40000 16.90179 0.21889 -13
-0.32172 -0.06711 67.60166 0 2.02500 10.95000 64.36672 0.10600 13
-0.02321 0.09020 9.73763 0 -2.77500 -3.70000 9.73501 0.10116 13
1.08559 -0.22081 2.84733 0 6.92500 -35.50000 1.95375 0.15069 -13
-0.05961 0.05581 4.20657 0 -1.80000 2.07500 4.19916 0.10109 13
-0.72555 -0.06834 64.23235 0 2.07500 23.92500 52.03096 0.12460 -13
1.09986 0.11973 61.06059 0 -3.62500 -31.70000 41.23659 0.15019 13
1.13421 -0.28057 61.06059 0 8.45000 -32.72500 41.23659 0.15486 13
-1.11055 -0.07601 62.35237 0 2.30000 34.70000 41.78932 0.15069 -13
0.44013 -0.07674 37.32151 0 2.30000 -14.67500 34.17548 0.11029 13
1.61098 0.07077 28.74206 0 -2.10000 -47.17500 15.18595 0.19106 -13
-1.09483 0.03992 96.37029 0 -1.20000 34.27500 65.02101 0.14938 13
-0.22667 0.05883 93.02898 0 -1.77500 6.40000 90.73508 0.10343 -13
0.04422 -0.15823 19.65232 0 4.80000 -1.02500 19.63362 0.10205 -13
-0.27397 -0.22088 50.46657 0 6.65000 7.47500 48.75222 0.10675 13
-0.38344 -0.17677 17.86324 0 5.37500 12.02500 16.71134 0.10933 -13
0.81844 -0.17159 13.09963 0 5.22500 -25.45000 10.19613 0.13131 -13
0.93714 -0.00349 69.83818 0 0.12500 -25.60000 50.95902 0.13801 -13
1.24628 0.13285 68.20310 0 -4.00000 -37.75000 42.91100 0.16145 -13
1.27859 -0.26667 68.20310 0 8.05000 -38.72500 42.91100 0.16567 -13
0.94356 0.00700 60.57238 0 -0.20000 -26.12500 44.05653 0.13846 -13
-1.51180 -0.05965 45.31042 0 1.77500 47.45000 25.02956 0.18262 13
-0.62444 -0.11893 60.45412 0 3.60000 17.87500 51.37865 0.11933 -13
-0.52612 -0.23965 64.64022 0 7.25000 15.30000 57.54574 0.11633 -13
-0.32961 -0.18920 29.83827 0 5.72500 8.90000 28.38671 0.10774 -13
0.19677 0.07852 94.08481 0 -2.37500 -4.15000 92.32514 0.10294 -13
-0.74393 -0.18032 97.04119 0 5.42500 20.12500 78.29967 0.12682 13
-0.36385 -0.21546 51.28957 0 6.50000 9.90000 48.32367 0.10933 13
-1.01549 0.03873 98.30978 0 -1.17500 30.65000 69.00473 0.14358 13
-0.28933 0.10058 60.77468 0 -3.05000 9.42500 58.40282 0.10532 13
-0.14749 0.13143 87.19530 0 -3.97500 3.05000 86.27772 0.10265 13
-0.15139 -0.26820 87.19530 0 8.07500 3.17500 86.27772 0.10537 13
0.13842 0.11231 87.02101 0 -3.37500 -3.97500 86.20924 0.10229 -13
-1.19020 0.00192 80.84980 0 -0.05000 36.22500 52.00940 0.15655 -13
-0.14937 -0.02828 75.60722 0 0.85000 2.02500 74.77827 0.10186 13
-1.67552 -0.13341 19.86977 0 3.97500 49.22500 10.24904 0.19693 13
1.12684 -0.14907 70.27065 0 4.50000 -32.42500 46.92908 0.15246 -13
-0.89602 -0.24188 78.99127 0 7.30000 25.65000 59.56760 0.13740 -13
-0.51990 0.08332 65.20968 0 -2.50000 15.17500 57.89950 0.11380 -13
1.92156 0.07426 35.48955 0 -2.27500 -59.75000 16.41749 0.21830 13
-0.10668 -0.03240 17.69689 0 1.00000 3.67500 17.59715 0.10133 -13
0.15167 -0.22616 63.42206 0 6.82500 -5.77500 62.73925 0.10436 13
0.01457 -0.14852 35.13155 0 4.47500 2.55000 35.12790 0.10181 13
0.88194 -0.14578 39.23289 0 4.42500 -25.02500 29.55939 0.13508 -13
-1.55150 -0.06276 68.19930 0 1.87500 44.82500 36.99913 0.18598 13
-0.98774 0.01611 4.24074 0 -0.32500 29.60000 3.01741 0.14158 -13
1.40765 -0.09407 61.61706 0 2.85000 -42.40000 35.78954 0.17415 -13
0.85101 0.10606 43.88107 0 -3.22500 -26.40000 33.49623 0.13267 13
0.20048 -0.03287 99.33919 0 0.97500 -6.77500 97.40313 0.10276 13
0.25403 -0.06253 37.17036 0 1.87500 -6.77500 36.03022 0.10409 13
-1.13543 0.04439 18.47940 0 -1.37500 33.05000 12.22030 0.15245 13
0.04537 -0.16786 39.93509 0 5.05000 0.12500 39.89519 0.10220 13
2.04750 0.13156 78.17579 0 -3.97500 -59.67500 34.54615 0.22986 13
2.10172 -0.26811 78.17579 0 8.07500 -61.27500 34.54615 0.23590 13
-0.19150 -0.10933 50.24926 0 3.30000 4.70000 49.36272 0.10312 -13
1.02769 -0.23885 43.42958 0 7.17500 -30.62500 30.71565 0.14637 13
-0.23443 -0.17339 91.33077 0 5.22500 9.65000 88.98764 0.10489 13
-1.48366 -0.17438 21.46653 0 5.22500 46.40000 12.12130 0.18099 13
1.84926 0.11174 6.01581 0 -3.52500 -55.05000 2.87583 0.21213 13
0.46944 -0.20001 24.43138 0 6.05000 -15.45000 22.19295 0.11308 -13
-0.08505 -0.09752 60.32236 0 2.95000 4.12500 60.10741 0.10155 -13
-0.94386 -0.20773 34.08448 0 6.30000 26.87500 25.03253 0.14007 -13
1.16265 0.00904 74.76269 0 -0.25000 -35.82500 48.75248 0.15443 -13
0.26130 0.13012 70.89842 0 -3.92500 -8.80000 68.63197 0.10490 -13
0.26836 -0.26956 70.89842 0 8.15000 -9.00000 68.63197 0.10775 -13
-0.37160 -0.12301 55.09701 0 3.70000 14.95000 51.69321 0.10814 13
-0.09090 -0.21717 60.21996 0 6.55000 3.92500 59.98380 0.10346 -13
-1.59425 0.02882 33.26589 0 -0.90000 48.50000 17.68190 0.18955 13
-1.43713 -0.16923 44.27585 0 5.07500 41.77500 25.52901 0.17712 13
-1.04896 -0.22081 15.59177 0 6.70000 31.32500 10.89238 0.14768 -13
-1.12873 -0.24548 93.58047 0 7.42500 35.12500 63.06872 0.15387 -13
-0.22280 0.06802 13.85545 0 -2.07500 6.05000 13.52538 0.10341 13
0.18431 -0.18573 98.79342 0 5.60000 -4.80000 97.21021 0.10410 -13
1.30790 -0.15924 6.76050 0 4.67500 -41.32500 4.13857 0.16649 13
-0.47373 -0.20650 25.98369 0 6.20000 13.55000 23.57044 0.11334 13
-0.22463 -0.02805 83.25803 0 0.85000 8.40000 81.23541 0.10325 13
-2.11074 -0.18670 40.19370 0 5.65000 62.72500 17.44985 0.23601 -13
0.94333 -0.15425 64.42158 0 4.65000 -27.62500 47.11962 0.13931 13
-0.83730 -0.21993 47.24609 0 6.62500 23.92500 36.57323 0.13319 13
0.46627 -0.22707 19.73169 0 6.82500 -13.32500 17.96190 0.11342 13
-0.13620 0.04995 11.68317 0 -1.55000 6.60000 11.57659 0.10177 13
1.13468 0.07166 96.35834 0 -2.17500 -35.22500 63.80112 0.15248 13
0.72209 0.13802 9.00631 0 -4.10000 -20.00000 7.32516 0.12496 -13
0.73944 -0.26107 9.00631 0 7.95000 -20.55000 7.32516 0.12805 -13
-0.67469 -0.11039 6.61705 0 3.42500 20.77500 5.49561 0.12204 -13
-0.01761 0.14793 17.29255 0 -4.42500 -0.35000 17.28993 0.10180 -13
-0.01794 -0.25083 17.29255 0 7.60000 -0.32500 17.28993 0.10387 -13
-0.48890 -0.06185 13.30828 0 1.90000 13.12500 11.96012 0.11228 -13
0.77173 -0.05451 62.38862 0 1.62500 -22.90000 49.41818 0.12731 13
0.92665 -0.18480 34.31679 0 5.55000 -27.97500 25.36512 0.13852 13
-0.22330 0.12205 59.85896 0 -3.67500 5.52500 58.44068 0.10391 -13
-0.23007 -0.27808 59.85896 0 8.40000 5.72500 58.44068 0.10707 -13
0.18752 -0.02560 76.50971 0 0.77500 -5.82500 75.19981 0.10249 -13
0.31079 -0.24625 55.96173 0 7.42500 -9.67500 53.57536 0.10834 -13
1.97289 0.01765 21.67601 0 -0.47500 -58.67500 9.80080 0.22263 -13
-0.92728 -0.15554 77.56968 0 4.70000 28.80000 57.19239 0.13824 -13
-1.00625 -0.21809 66.22398 0 6.57500 30.05000 47.22373 0.14454 13
0.13698 -0.20846 70.92810 0 6.27500 -5.02500 70.29881 0.10378 13
0.12672 -0.20516 37.13907 0 6.17500 -7.52500 36.85624 0.10359 13
0.39377 -0.10501 42.19787 0 3.15000 -13.70000 39.29258 0.10874 13
-0.70194 0.05248 51.79822 0 -1.57500 21.92500 42.41532 0.12315 -13
-0.81776 -0.18942 35.95914 0 5.70000 23.00000 28.03171 0.13146 13
-0.03206 0.05606 17.84280 0 -1.72500 0.30000 17.83368 0.10092 13
0.25319 0.06373 26.80918 0 -1.90000 -7.30000 25.99221 0.10407 -13
-0.19521 0.09170 56.65956 0 -2.77500 2.40000 55.61849 0.10302 13
1.87893 -0.00906 87.23791 0 0.27500 -55.72500 40.98732 0.21435 -13
-0.25228 0.00014 30.72837 0 -0.02500 8.65000 29.79466 0.10386 13
0.10298 0.14560 29.45412 0 -4.37500 -2.07500 29.30240 0.10228 -13
0.10512 -0.25331 29.45412 0 7.65000 -2.12500 29.30240 0.10444 -13
-1.77033 -0.04518 25.90099 0 1.40000 54.12500 12.74819 0.20482 -13
0.00245 -0.22395 80.32551 0 6.75000 -0.97500 80.32529 0.10320 -13
1.99085 -0.21566 89.26115 0 6.50000 -58.72500 40.79573 0.22539 13
0.16321 -0.11706 72.76444 0 3.55000 -3.50000 71.82680 0.10272 -13
1.23467 -0.14746 10.81360 0 4.37500 -33.87500 6.84979 0.16065 13
-0.93736 -0.12427 31.82427 0 3.72500 27.37500 23.30184 0.13858 13
1.90608 -0.04296 3.20484 0 1.62500 -59.17500 1.48963 0.21710 -13
-0.03102 0.11572 62.66269 0 -3.50000 -0.67500 62.63295 0.10143 13
-0.78692 -0.10445 41.14627 0 3.12500 25.25000 32.40226 0.12856 13
-0.79059 -0.13280 33.43808 0 4.00000 23.92500 26.31890 0.12906 13
-0.34723 -0.16251 42.78680 0 4.92500 12.22500 40.47548 0.10786 -13
-0.99005 -0.05259 9.95216 0 1.52500 28.97500 7.07719 0.14179 13
-0.86032 -0.16159 1.56566 0 5.30000 26.65000 1.19294 0.13449 -13
0.30300 -0.08922 75.19143 0 2.67500 -10.07500 71.98437 0.10560 13
0.44112 -0.22345 9.02323 0 6.80000 -12.57500 8.28801 0.11240 -13
0.09839 -0.03121 43.82878 0 0.92500 -1.02500 43.61840 0.10124 13
-1.39124 -0.06340 48.18511 0 1.90000 43.07500 28.16029 0.17266 13
1.53490 -0.09938 19.00535 0 3.05000 -46.85000 10.41013 0.18479 -13
1.56426 -0.10992 97.32829 0 3.30000 -48.60000 52.64716 0.18729 13
1.70507 0.05098 16.07004 0 -1.47500 -50.12500 8.13771 0.19911 -13
-1.29983 -0.17635 44.19431 0 5.30000 40.65000 27.20720 0.16608 13
-0.06320 -0.15884 6.96748 0 4.87500 0.85000 6.95394 0.10221 -13
-0.13418 -0.10150 47.70153 0 3.07500 6.02500 47.28206 0.10212 -13
0.03497 -0.19526 21.81110 0 5.87500 -1.67500 21.79827 0.10265 13
0.69479 0.07002 29.94552 0 -2.10000 -23.72500 24.61214 0.12282 -13
1.61505 -0.04433 85.84213 0 1.32500 -46.97500 45.22222 0.19134 13
-0.02020 -0.11839 22.92506 0 3.60000 1.30000 22.92044 0.10144 -13
0.99761 -0.23900 49.45961 0 7.20000 -30.32500 35.49712 0.14425 13
-1.05921 -0.20668 4.63320 0 6.07500 32.70000 3.21611 0.14802 13
-0.85888 0.09335 59.57973 0 -2.80000 24.47500 45.28041 0.13308 -13
-0.31892 -0.05388 46.96775 0 1.62500 10.10000 44.75345 0.10583 13
1.59078 -0.01824 89.67989 0 0.55000 -48.95000 47.73388 0.18922 -13
-1.28708 -0.04017 18.55940 0 1.25000 39.85000 11.39239 0.16420 -13
1.38182 -0.18939 28.90776 0 5.67500 -39.72500 17.14342 0.17280 13
-1.40705 0.01066 60.68210 0 -0.32500 42.37500 35.15448 0.17384 13
-1.43891 -0.15340 79.87872 0 4.65000 44.00000 45.94334 0.17715 -13
-0.40714 -0.05787 34.24856 0 1.72500 11.57500 31.72757 0.10888 13
-0.06586 0.04043 49.33620 0 -1.22500 2.02500 49.22971 0.10100 13
1.57743 0.11001 76.58169 0 -3.32500 -48.82500 41.17914 0.18842 13
0.25907 -0.10273 81.90585 0 3.10000 -6.27500 79.31434 0.10454 -13
-0.67067 0.12362 71.68370 0 -3.72500 21.60000 59.67352 0.12190 13
-0.69057 -0.27646 71.68370 0 8.32500 22.20000 59.67352 0.12550 13
-1.50509 -0.24571 51.44460 0 7.40000 44.82500 29.04902 0.18363 13
0.20324 0.10487 90.87875 0 -3.15000 -4.95000 89.07725 0.10330 -13
0.93706 -0.00863 79.09525 0 0.25000 -27.35000 57.71682 0.13801 13
-0.16392 0.06769 57.90454 0 -2.02500 7.85000 57.14538 0.10227 -13
-0.96525 -0.10719 63.62420 0 3.22500 31.60000 45.90297 0.14038 13
-0.61552 -0.01819 38.61708 0 0.57500 20.40000 32.88804 0.11827 -13
-0.13872 0.02870 65.04927 0 -0.87500 6.72500 64.43273 0.10171 13
1.72860 0.14092 59.62177 0 -4.22500 -50.40000 30.07460 0.20160 -13
1.76781 -0.25818 59.62177 0 7.80000 -51.57500 30.07460 0.20621 -13
-1.97367 0.01753 32.72551 0 -0.50000 59.00000 14.79266 0.22281 -13
-0.68304 0.02630 40.03811 0 -0.77500 19.85000 33.06497 0.12198 -13
0.06829 0.12055 24.90101 0 -3.65000 -1.60000 24.84397 0.10168 13
0.07041 -0.27974 24.90101 0 8.42500 -1.67500 24.84397 0.10479 13
0.91878 -0.08381 72.70184 0 2.52500 -26.10000 53.62108 0.13701 13
-0.58630 0.14860 78.23593 0 -4.50000 16.25000 67.67862 0.11769 13
-0.59781 -0.25023 78.23593 0 7.55000 16.60000 67.67862 0.11999 13
0.44225 -0.14032 97.65362 0 4.22500 -8.80000 89.45077 0.11101 13
0.78019 -0.01765 24.24520 0 0.55000 -22.37500 19.11673 0.12774 -13
1.63178 -0.02249 51.29740 0 0.65000 -49.75000 26.80866 0.19273 13
1.59134 0.11352 61.95560 0 -3.40000 -45.42500 33.11678 0.18960 -13
0.76980 -0.10149 72.28104 0 3.07500 -23.50000 57.38497 0.12750 -13
0.14683 0.13553 64.08995 0 -4.10000 -6.17500 63.42209 0.10270 13
0.15048 -0.26388 64.08995 0 7.95000 -6.27500 63.42209 0.10524 13
-0.34767 -0.16086 95.23482 0 4.85000 8.85000 90.07553 0.10784 -13
-0.52601 -0.17938 43.82224 0 5.42500 14.45000 38.91591 0.11522 -13
1.05187 0.10030 42.95009 0 -3.05000 -32.67500 29.67125 0.14650 13
0.28761 -0.06291 38.07672 0 1.87500 -9.05000 36.59882 0.10498 13
0.91547 0.05319 45.14421 0 -1.62500 -25.02500 33.31943 0.13663 13
-0.91171 -0.06181 66.11949 0 1.85000 26.90000 48.90281 0.13641 13
-1.81361 0.11993 81.31977 0 -3.62500 54.17500 39.48024 0.20892 13
-1.87013 -0.28043 81.31977 0 8.45000 55.87500 39.48024 0.21540 13
-0.40409 -0.10548 68.64538 0 3.20000 11.32500 63.69500 0.10913 -13
-0.53392 -0.07215 45.32771 0 2.20000 18.07500 40.00837 0.11439 -13
1.48207 -0.18237 93.82452 0 5.50000 -46.85000 53.06813 0.18098 -13
-0.13583 -0.13674 41.59998 0 4.12500 2.65000 41.22830 0.10256 -13
0.09188 0.09913 64.98910 0 -3.00000 -3.82500 64.71912 0.10162 13
0.41926 -0.22318 33.24125 0 6.72500 -14.87500 30.76516 0.11148 13
-2.06070 -0.06615 18.71606 0 1.92500 59.62500 8.18570 0.23073 13
0.05593 -0.16635 80.52565 0 5.02500 -1.62500 80.40338 0.10225 -13
-0.67075 0.04639 88.14941 0 -1.40000 20.75000 73.23104 0.12135 13
-0.86690 0.07783 21.33506 0 -2.37500 24.62500 16.14093 0.13352 13
-0.04638 -0.17029 2.94270 0 5.32500 0.25000 2.93964 0.10243 -13
0.27915 0.13033 25.74895 0 -3.92500 -8.25000 24.81541 0.10537 -13
0.28668 -0.26931 25.74895 0 8.15000 -8.47500 24.81541 0.10823 -13
0.37557 -0.10667 86.99309 0 3.22500 -7.32500 81.49544 0.10811 -13
1.60701 0.10398 37.48613 0 -3.15000 -49.20000 19.88196 0.19092 13
-0.01788 0.07949 28.24119 0 -2.42500 0.67500 28.23670 0.10104 13
1.26991 0.05677 7.68979 0 -1.62500 -38.47500 4.76282 0.16284 -13
-1.24971 -0.00946 54.32512 0 0.27500 36.22500 33.94243 0.16118 13
0.11479 -0.19029 39.09463 0 5.72500 -3.50000 38.84850 0.10315 13
1.04550 -0.02179 84.16679 0 0.67500 -32.42500 58.18413 0.14571 -13
-1.39418 -0.07171 56.30958 0 2.15000 45.40000 32.87396 0.17294 13
0.10206 0.05053 2.09976 0 -1.75000 -4.27500 2.08897 0.10153 13
1.72534 0.14365 61.79502 0 -4.32500 -53.52500 31.22462 0.20133 -13
1.76257 -0.25536 61.79502 0 7.72500 -54.67500 31.22462 0.20572 -13
-0.50901 -0.15631 77.60957 0 4.72500 14.17500 69.33554 0.11409 -13
-0.95304 -0.08752 26.08835 0 2.62500 28.82500 18.91977 0.13938 13
-0.57908 -0.08209 23.14021 0 2.50000 17.02500 20.04172 0.11667 -13
-0.96023 0.11424 52.01105 0 -3.42500 29.22500 37.63285 0.14008 -13
0.05131 0.06869 82.90641 0 -2.07500 -1.45000 82.79802 0.10107 -13
-2.01108 -0.22089 62.34951 0 6.67500 61.27500 28.29307 0.22730 -13
-1.26650 0.12747 27.69413 0 -3.82500 36.62500 17.24729 0.16299 -13
-1.30203 -0.27228 27.69413 0 8.25000 37.70000 17.24729 0.16763 -13
0.99041 -0.10742 11.65177 0 3.30000 -30.95000 8.30201 0.14218 -13
-0.99784 0.13732 80.37903 0 -4.12500 33.10000 57.16282 0.14293 -13
-1.02192 -0.26199 80.37903 0 7.90000 33.82500 57.16282 0.14639 -13
0.52180 -0.04496 50.45596 0 1.35000 -14.80000 44.74199 0.11368 13
-0.14784 -0.12993 82.07573 0 3.92500 6.22500 81.20767 0.10264 -13
-1.95612 -0.23019 16.67562 0 7.00000 59.45000 7.74727 0.22255 -13
-0.40345 -0.11399 27.07546 0 3.45000 14.05000 25.13164 0.10921 -13
-1.00800 -0.04490 12.50792 0 1.40000 31.20000 8.81414 0.14306 -13
0.94558 -0.02042 85.27091 0 0.62500 -29.65000 61.96392 0.13860 -13
2.01694 -0.09430 97.32241 0 2.85000 -61.72500 43.38467 0.22691 -13
0.57991 0.05824 11.12775 0 -1.80000 -14.65000 9.63042 0.11657 13
-0.00973 -0.12637 1.46289 0 4.17500 2.57500 1.46282 0.10193 -13
-1.15531 0.06070 51.64122 0 -1.82500 35.50000 33.83247 0.15399 -13
-1.05743 -0.21702 58.64147 0 6.55000 31.87500 40.78007 0.14820 -13
-0.03661 -0.00450 93.89728 0 0.12500 0.27500 93.83443 0.10077 13
0.83347 -0.24372 47.60571 0 7.35000 -25.32500 36.99637 0.13336 13
-2.12968 -0.14230 69.72383 0 4.27500 64.42500 29.87905 0.23734 13
-0.00382 -0.18535 56.69967 0 5.57500 -4.02500 56.69927 0.10242 13
1.15552 0.07551 76.63556 0 -2.30000 -34.95000 50.23032 0.15408 13
0.62814 -0.15745 53.43624 0 4.75000 -20.07500 45.40581 0.11998 -13
1.31821 -0.21771 4.11134 0 6.35000 -39.37500 2.52142 0.16785 13
-0.49770 -0.23196 7.18262 0 6.92500 14.75000 6.46307 0.11482 13
0.13211 -0.14523 21.44160 0 4.40000 -2.70000 21.26075 0.10264 -13
0.35770 0.01159 28.52139 0 -0.37500 -10.80000 26.85539 0.10696 13
-0.45970 0.03636 71.06817 0 -1.10000 11.25000 64.57922 0.11090 -13
-0.82133 0.03234 54.08824 0 -0.97500 25.50000 41.80612 0.13036 13
-0.25633 0.02881 86.58711 0 -0.87500 7.82500 83.87755 0.10400 -13
0.75948 -0.09175 44.97082 0 2.75000 -23.90000 35.86780 0.12679 13
0.45598 0.07388 17.47823 0 -2.20000 -13.45000 15.91032 0.11092 -13
-0.02868 -0.10310 93.04283 0 3.10000 0.07500 93.00498 0.10128 13
1.21994 -0.13989 49.37224 0 4.22500 -38.55000 31.48160 0.15948 -13
-1.15610 0.00343 14.66957 0 -0.05000 34.52500 9.59700 0.15394 -13
1.90845 -0.00161 97.15076 0 0.02500 -58.25000 45.09049 0.21697 13
-0.30186 -0.15617 87.31264 0 4.70000 10.75000 83.67074 0.10636 13
0.09982 -0.20283 55.10371 0 6.12500 -0.72500 54.84191 0.10325 -13
-0.07730 -0.19097 85.39477 0 5.75000 3.72500 85.14970 0.10282 13
-0.73814 -0.04791 35.71879 0 1.47500 24.27500 28.74946 0.12527 -13
0.09863 -0.14329 60.37204 0 4.32500 -3.82500 60.08638 0.10222 -13
0.62457 0.03316 78.00286 0 -1.00000 -17.25000 66.16914 0.11878 -13
0.23070 0.03238 83.51395 0 -0.97500 -6.10000 81.37872 0.10340 -13
-0.46245 -0.17140 36.75045 0 5.15000 13.07500 33.44043 0.11228 13
-0.50376 -0.22311 76.11805 0 6.72500 15.30000 68.30813 0.11498 -13
0.80204 -0.22959 83.03084 0 6.92500 -24.17500 65.41597 0.13114 13
-0.25797 0.09721 13.35009 0 -2.97500 7.10000 12.93085 0.10447 13
0.40546 -0.19519 67.65130 0 5.90000 -11.42500 62.85697 0.11044 -13
0.52701 -0.23049 9.01911 0 6.87500 -14.95000 8.02296 0.11613 13
-1.53636 -0.01588 57.46015 0 0.47500 48.02500 31.34731 0.18461 13
-1.25378 -0.22697 79.37052 0 6.85000 38.00000 50.24867 0.16312 -13
0.04296 -0.20197 86.39030 0 6.07500 -1.37500 86.31379 0.10282 13
-1.43636 -0.21867 53.47383 0 6.57500 44.35000 31.03407 0.17760 13
1.31114 -0.01095 81.14642 0 0.32500 -40.62500 49.21268 0.16606 13
-0.31616 -1.70561 81.14642 0 0.07500 -46.12500 49.21268 0.22553 13
0.42577 0.02194 68.67234 0 -0.67500 -14.27500 63.18612 0.10947 13
1.63895 -0.09816 64.52606 0 2.97500 -50.10000 33.72603 0.19361 -13
1.13989 -0.23220 56.39030 0 7.02500 -34.17500 37.73730 0.15450 -13
1.57328 -0.00889 7.26882 0 0.40000 -46.27500 3.89943 0.18776 -13
-2.10487 -0.02373 10.13205 0 0.60000 60.37500 4.34941 0.23465 13
-1.47651 -0.11883 41.18186 0 3.60000 44.87500 23.20415 0.18000 -13
0.44455 -0.18659 45.34669 0 5.65000 -15.20000 41.55240 0.11180 -13
0.74132 -0.05561 78.04424 0 1.67500 -22.70000 62.72979 0.12548 -13
2.01671 -0.06906 10.94368 0 2.20000 -61.90000 4.87077 0.22687 -13
-0.48005 -0.20283 60.81598 0 6.10000 14.67500 55.02975 0.11355 13
-0.10149 -0.18113 94.26520 0 5.45000 1.37500 93.79867 0.10285 13
0.70830 -0.18062 21.91653 0 5.42500 -19.42500 17.97995 0.12472 13
0.25338 -0.03158 21.19630 0 0.97500 -8.17500 20.54755 0.10394 -13
1.69159 -0.10282 12.12660 0 3.17500 -52.07500 6.19495 0.19824 -13
-1.14283 0.13853 20.41666 0 -4.15000 35.65000 13.51640 0.15354 -13
-1.16981 -0.26073 20.41666 0 7.90000 36.47500 13.51640 0.15724 -13
-0.96346 -0.12039 59.23480 0 3.65000 31.45000 42.80476 0.14037 -13
-1.63131 0.14284 2.36829 0 -3.90000 49.67500 1.24666 0.19311 -13
-1.66667 -0.25529 2.36829 0 8.12500 51.02500 1.24666 0.19834 -13
-0.82419 -0.02610 49.73942 0 0.80000 23.17500 38.38809 0.13053 -13
0.04743 0.03776 17.53867 0 -1.10000 -1.92500 17.51906 0.10089 -13
-1.91281 -0.19185 11.05376 0 5.70000 58.65000 5.19389 0.21811 13
1.77825 -0.00585 52.38344 0 0.20000 -55.35000 25.67645 0.20545 -13
1.19858 -0.18046 25.59513 0 5.42500 -38.00000 16.55210 0.15821 13
0.91587 -0.02084 31.82983 0 0.65000 -27.70000 23.47517 0.13658 -13
0.17294 0.08847 41.16964 0 -2.67500 -6.50000 40.57211 0.10259 13
0.60273 0.13546 88.89569 0 -4.10000 -18.30000 76.31946 0.11838 13
0.61773 -0.26394 88.89569 0 7.95000 -18.75000 76.31946 0.12131 13
-0.69807 -0.01264 73.67341 0 0.37500 19.17500 60.41165 0.12282 13
1.48727 -0.19066 63.22698 0 5.75000 -43.75000 35.71339 0.18148 13
0.42791 -0.20659 82.60564 0 6.22500 -12.92500 76.18652 0.11150 -13
-1.15520 -0.00313 52.63430 0 0.07500 36.15000 34.44856 0.15387 13
0.23087 0.00781 38.56874 0 -0.22500 -10.37500 37.58019 0.10336 -13
-0.41503 -0.22057 19.09483 0 6.67500 14.57500 17.69679 0.11129 -13
-1.12618 -0.19435 56.76133 0 5.85000 32.97500 38.07625 0.15291 13
-0.06184 -0.21468 23.30648 0 6.45000 0.67500 23.26405 0.10317 13
0.37000 0.04333 42.77160 0 -1.30000 -9.65000 40.11843 0.10746 -13
1.74046 -0.02092 19.98983 0 0.67500 -52.97500 9.96037 0.20215 -13
-0.33800 -0.08528 40.11329 0 2.55000 7.90000 38.01527 0.10664 13
-1.13022 -0.04785 91.37581 0 1.45000 31.80000 60.58852 0.15205 -13
-0.62069 -0.23404 9.78775 0 7.00000 21.52500 8.37688 0.12080 13
0.20704 0.05701 97.47895 0 -1.72500 -4.82500 95.46088 0.10300 -13
0.37976 -0.17175 63.34645 0 5.20000 -12.27500 59.32705 0.10911 -13
-0.50068 0.08843 56.24756 0 -2.65000 15.42500 50.33476 0.11297 -13
1.42326 -0.17302 15.69882 0 5.27500 -41.12500 9.11344 0.17611 -13
-0.21915 -0.10539 8.42544 0 3.12500 5.22500 8.23241 0.10362 13
0.16735 0.08394 98.64897 0 -2.52500 -5.20000 97.30529 0.10246 13
1.13010 0.03437 49.30492 0 -1.05000 -35.50000 32.68442 0.15201 13
1.85810 -0.13824 40.18948 0 4.15000 -56.20000 19.18635 0.21292 13
-0.07777 -0.12166 83.11965 0 3.67500 0.52500 82.87308 0.10175 13
0.86667 -0.05500 51.07550 0 1.67500 -27.12500 38.62233 0.13338 -13
-1.39358 0.11578 46.91021 0 -3.47500 43.47500 27.46843 0.17312 -13
0.23139 0.04678 75.27855 0 -1.40000 -3.05000 73.34489 0.10347 -13
1.98058 0.07188 21.49174 0 -2.22500 -61.20000 9.70662 0.22358 13
0.31909 -0.19181 90.01614 0 5.77500 -10.25000 85.89720 0.10745 13
1.63352 -0.17100 31.29499 0 5.20000 -50.75000 16.51100 0.19367 -13
-0.21541 0.09054 91.60821 0 -2.72500 4.32500 89.57031 0.10341 13
-1.90271 0.00578 78.34321 0 -0.17500 59.30000 36.44803 0.21646 13
-0.20566 -0.05500 38.86535 0 1.67500 6.22500 38.07081 0.10296 -13
1.35042 -0.17982 37.29804 0 5.40000 -42.32500 22.42451 0.17015 13
-0.80855 0.03628 88.92284 0 -1.10000 22.40000 69.16568 0.12955 13
-1.51015 0.07438 48.93356 0 -2.22500 45.47500 27.06643 0.18256 -13
0.61409 -0.00340 79.80042 0 0.10000 -19.32500 68.00226 0.11817 -13
1.12335 -0.20010 68.50247 0 6.02500 -34.85000 46.04440 0.15278 13
-0.89372 0.09757 12.22615 0 -3.00000 27.12500 9.13544 0.13544 13
0.81039 0.05101 56.98586 0 -1.52500 -22.62500 44.29598 0.12972 -13
-0.51945 -0.15719 28.95976 0 4.75000 13.30000 25.76573 0.11459 -13
-0.79431 -0.14848 43.56354 0 4.50000 24.77500 34.25543 0.12948 -13
-0.58271 0.02467 27.79968 0 -0.72500 16.90000 24.02103 0.11658 -13
0.01809 0.08236 6.03986 0 -2.40000 -0.77500 6.03888 0.10105 -13
1.86692 -0.03568 38.51932 0 1.05000 -57.67500 18.19707 0.21330 13
-0.50535 0.13581 68.34450 0 -4.10000 15.27500 61.11091 0.11366 13
-0.51785 -0.26358 68.34450 0 7.95000 15.65000 61.11091 0.11646 13
0.96722 0.03376 80.43423 0 -1.02500 -28.92500 57.83137 0.14014 13
0.19675 -0.06322 62.44909 0 1.92500 -4.95000 61.27888 0.10283 -13
0.55832 -0.00588 80.42390 0 0.17500 -17.25000 70.22066 0.11534 13
-1.70974 0.11939 74.29340 0 -3.60000 50.90000 37.70567 0.19982 -13
-1.76338 -0.28089 74.29340 0 8.50000 52.52500 37.70567 0.20613 -13
-0.03069 0.08460 53.87711 0 -2.55000 -1.37500 53.85192 0.10111 -13
-0.53776 0.02479 3.19163 0 -0.92500 16.52500 2.81128 0.11444 13
0.03630 -0.10224 35.74725 0 3.07500 -1.50000 35.72395 0.10129 13
-0.48323 -0.09696 28.55222 0 2.90000 14.95000 25.73096 0.11226 13
-2.00807 -0.14305 16.78051 0 4.25000 58.60000 7.54073 0.22631 13
1.80384 -0.02554 70.17458 0 0.77500 -55.97500 34.03262 0.20772 -13
-1.76216 -0.22402 42.35358 0 6.72500 52.85000 21.29199 0.20525 13
0.07032 -0.13225 62.32369 0 3.97500 -0.17500 62.17282 0.10182 13
1.29590 -0.24210 11.64369 0 7.37500 -39.15000 7.24055 0.16672 -13
0.52405 -0.22502 46.23346 0 6.77500 -16.15000 41.16455 0.11592 13
1.35794 -0.18904 47.05539 0 5.67500 -42.50000 28.22006 0.17087 13
0.24368 -0.09710 3.19434 0 2.77500 -9.10000 3.10426 0.10412 13
0.82334 -0.20288 35.19674 0 6.10000 -24.15000 27.39157 0.13202 13
0.22867 -0.03230 47.77066 0 0.97500 -9.35000 46.56978 0.10335 13
-0.08386 -0.09387 78.93202 0 2.82500 1.40000 78.65828 0.10150 13
1.02849 -0.06949 12.15538 0 2.15000 -33.15000 8.48372 0.14466 -13
-0.54960 -0.15938 33.40400 0 4.82500 17.80000 29.35857 0.11604 -13
-1.28539 -0.20133 63.56170 0 6.05000 37.35000 39.51210 0.16523 13
-1.84725 0.13512 69.12717 0 -4.10000 55.07500 33.13970 0.21198 13
-1.89353 -0.26434 69.12717 0 7.95000 56.47500 33.13970 0.21724 13
0.63972 0.11727 7.49229 0 -3.45000 -17.72500 6.32353 0.12011 -13
-0.76401 0.14842 35.50382 0 -4.45000 22.52500 28.32463 0.12760 -13
-0.77907 -0.25040 35.50382 0 7.57500 22.97500 28.32463 0.13015 -13
-1.45876 -0.05967 14.65792 0 1.85000 43.15000 8.29778 0.17823 -13
0.01491 -0.21427 45.32493 0 6.47500 1.32500 45.32011 0.10301 -13
1.12527 -0.09230 19.13282 0 2.75000 -36.50000 12.73967 0.15187 13
0.66865 0.00003 70.45234 0 -0.00000 -21.12500 58.56638 0.12114 -13
0.89268 -0.19314 75.54216 0 5.82500 -27.00000 56.80930 0.13639 -13
-0.93389 -0.07561 38.33662 0 2.30000 26.97500 28.05575 0.13801 -13
1.33898 -0.11276 8.77903 0 3.50000 -40.12500 5.27508 0.16873 -13
0.19885 0.13197 9.62855 0 -3.92500 -6.80000 9.44659 0.10352 -13
0.20410 -0.26755 9.62855 0 8.12500 -6.97500 9.44659 0.10631 -13
-0.96117 -0.24909 1.09679 0 6.85000 26.50000 0.80259 0.14179 13
1.10545 0.12725 34.74014 0 -3.85000 -34.90000 23.40780 0.15067 13
1.13662 -0.27260 34.74014 0 8.20000 -35.82500 23.40780 0.15488 13
0.50675 -0.16429 80.42599 0 4.95000 -14.27500 71.93419 0.11410 -13
-0.15314 -0.07484 88.12007 0 2.25000 4.17500 87.11008 0.10216 -13
-0.76734 0.04118 25.50256 0 -1.22500 22.60000 20.23869 0.12700 -13
1.50277 0.03575 20.46162 0 -1.12500 -45.42500 11.33921 0.18184 13
-1.33748 0.14897 29.72334 0 -4.47500 42.07500 17.92351 0.16882 -13
-1.36353 -0.24979 29.72334 0 7.57500 42.87500 17.92351 0.17217 -13
-1.75752 0.09882 92.30348 0 -3.00000 54.12500 45.81469 0.20388 13
0.29399 -0.04508 69.45424 0 1.37500 -9.62500 66.63978 0.10506 -13
0.39303 -0.10963 29.18704 0 3.32500 -13.90000 27.18598 0.10877 -13
0.99631 -0.07505 84.03923 0 2.27500 -29.45000 59.61739 0.14236 -13
-0.66578 -0.13959 27.44902 0 4.20000 21.72500 22.91609 0.12178 13
0.49042 -0.18413 13.68557 0 5.60000 -15.95000 12.32657 0.11372 -13
0.76248 0.03239 30.86974 0 -0.95000 -22.05000 24.55265 0.12668 -13
0.86816 -0.11156 68.45562 0 3.35000 -24.97500 51.83001 0.13382 13
-0.66792 -0.08719 38.85291 0 2.62500 22.42500 32.34693 0.12141 13
-0.16769 -0.07548 90.78616 0 2.27500 9.72500 89.54304 0.10239 13
-0.78915 -0.06811 79.53196 0 2.05000 25.37500 62.48852 0.12847 -13
-0.35667 -0.18755 81.53381 0 5.67500 9.40000 76.94288 0.10857 -13
-1.42863 -0.05798 78.19311 0 1.72500 44.90000 44.89008 0.17570 13
0.64418 -0.21624 99.72833 0 6.52500 -20.15000 84.39311 0.12175 13
-1.44262 -0.15554 54.26504 0 4.70000 43.32500 31.16394 0.17748 -13
0.99290 -0.06918 38.53465 0 2.07500 -31.05000 27.37736 0.14208 13
-0.25088 -0.19722 91.74386 0 5.95000 9.65000 89.08511 0.10570 13
-0.15232 0.05082 39.46260 0 -1.55000 2.02500 39.01375 0.10199 13
0.63210 -0.01046 42.72608 0 0.30000 -19.15000 36.11648 0.11914 13
1.35868 -0.25397 1.57507 0 7.12500 -40.90000 0.95237 0.17151 13
0.27026 -0.23801 29.42095 0 7.20000 -9.60000 28.45391 0.10705 -13
1.09059 -0.12666 19.06640 0 3.77500 -34.47500 12.94127 0.14953 13
0.05058 -0.19749 38.83627 0 5.97500 0.05000 38.78853 0.10278 -13
0.15226 -0.19196 31.63222 0 5.77500 -4.45000 31.28440 0.10367 13
0.94605 -0.05727 71.65262 0 1.72500 -25.72500 52.09013 0.13875 13
0.30121 -0.16339 67.68269 0 4.92500 -9.75000 64.87681 0.10645 -13
-1.59967 -0.00295 60.95667 0 0.10000 47.47500 32.31173 0.18999 -13
1.03939 -0.20438 94.87190 0 6.15000 -28.72500 66.47276 0.14669 13
-0.54058 -0.20982 54.13130 0 6.32500 16.42500 47.84753 0.11640 13
-1.07406 0.00804 28.76847 0 -0.22500 32.37500 19.60396 0.14778 -13
0.18131 0.10845 24.41215 0 -3.25000 -8.52500 24.02509 0.10292 -13
-0.62655 -0.15117 83.52636 0 4.57500 17.97500 71.00492 0.11981 -13
1.21535 -0.23283 42.08522 0 7.00000 -37.42500 27.15942 0.16019 13
1.01199 -0.18402 81.45346 0 5.55000 -30.50000 57.73195 0.14447 -13
-2.15948 0.03996 2.87123 0 -1.60000 61.17500 1.20695 0.24007 13
0.71080 -0.12149 34.28977 0 3.67500 -18.55000 28.01733 0.12416 -13
-0.53724 0.09980 75.59255 0 -3.00000 17.02500 66.66458 0.11476 -13
1.91045 -0.09085 66.64347 0 2.75000 -57.40000 31.00580 0.21735 -13
-0.39338 0.06070 44.47369 0 -1.82500 13.17500 41.39677 0.10838 -13
-0.27791 -0.18414 3.68006 0 5.42500 6.90000 3.55001 0.10612 13
0.66324 -0.08900 60.80840 0 2.70000 -19.37500 50.73598 0.12118 -13
-1.33455 -0.09961 9.45036 0 3.10000 40.77500 5.68445 0.16830 -13
0.85923 0.00205 59.62239 0 -0.07500 -27.10000 45.22204 0.13277 13
0.12255 -0.21418 67.28384 0 6.45000 -1.45000 66.80593 0.10372 13
1.65446 0.01093 54.87550 0 -0.30000 -49.57500 28.38722 0.19468 -13
0.28794 -0.24603 83.58636 0 7.42500 -9.07500 80.49902 0.10768 13
0.46583 -0.12860 18.71939 0 3.90000 -11.95000 16.99325 0.11186 -13
0.79685 -0.20702 75.49459 0 6.25000 -23.85000 59.51880 0.13045 -13
-0.60424 -0.16569 80.15195 0 5.00000 17.72500 68.84782 0.11884 -13
-0.24123 0.12191 90.27483 0 -3.67500 7.02500 87.79301 0.10432 -13
-0.24856 -0.27824 90.27483 0 8.40000 7.22500 87.79301 0.10749 -13
0.22065 -0.06709 48.01296 0 2.02500 -7.12500 46.89014 0.10334 13
-0.38949 -0.04545 75.34926 0 1.37500 13.65000 70.22100 0.10817 13
-0.57612 0.05839 2.74145 0 -1.97500 18.67500 2.37645 0.11651 13
-0.71615 0.03505 26.98519 0 -1.07500 23.00000 21.94382 0.12392 13
-1.44561 -0.01066 43.06616 0 0.30000 45.22500 24.50116 0.17702 13
-0.23418 0.13540 12.90139 0 -4.12500 6.75000 12.56757 0.10434 13
-0.24006 -0.26407 12.90139 0 7.92500 6.92500 12.56757 0.10689 13
1.77418 -0.06512 33.87002 0 1.92500 -54.50000 16.65722 0.20519 13
0.38184 -0.03825 40.70994 0 1.15000 -12.27500 38.03501 0.10787 13
1.36514 -0.08750 69.49418 0 2.62500 -40.72500 41.16958 0.17063 13
1.87041 -0.11591 88.56271 0 3.50000 -57.25000 41.97344 0.21391 -13
-0.13494 -0.02792 71.91189 0 0.82500 3.42500 71.26647 0.10165 13
-2.03623 -0.12469 28.48653 0 3.72500 62.37500 12.63478 0.22876 13
0.73981 -0.21443 53.50525 0 6.45000 -21.70000 43.35795 0.12709 13
-2.11627 -0.25240 3.98633 0 7.32500 64.52500 1.74665 0.23659 13
-1.50686 -0.04328 15.21863 0 1.25000 44.37500 8.42113 0.18215 13
-0.05831 -0.13670 93.35995 0 4.12500 1.05000 93.20452 0.10181 -13
-0.12851 0.09185 19.65783 0 -2.80000 4.72500 19.49883 0.10194 13
0.05781 -1.12134 19.65783 0 -2.80000 4.72500 19.49883 0.10198 13
0.23201 0.86994 19.65783 0 -1.75000 4.70000 19.49883 0.10665 13
-1.58579 -0.04662 84.41612 0 1.42500 47.87500 45.06260 0.18885 -13
-1.49487 0.10115 91.67719 0 -3.05000 47.22500 51.15306 0.18140 13
-0.17065 -0.01551 17.17368 0 0.45000 4.62500 16.92901 0.10217 13
-0.51852 0.10090 12.51621 0 -3.00000 18.07500 11.12264 0.11389 -13
0.11068 -0.18360 3.25059 0 5.40000 -1.75000 3.23155 0.10296 13
0.21766 -0.22720 34.93202 0 6.87500 -5.45000 34.17082 0.10558 -13
0.76195 0.14104 98.10736 0 -4.25000 -25.67500 78.31718 0.12740 -13
0.77919 -0.25807 98.10736 0 7.80000 -26.20000 78.31718 0.13029 -13
0.34668 -0.22736 38.41405 0 6.87500 -12.52500 36.39113 0.10902 -13
-0.10172 0.02979 99.70238 0 -0.90000 3.00000 99.19099 0.10127 -13
0.16784 0.08019 46.21466 0 -2.40000 -5.62500 45.58102 0.10243 -13
0.53357 -0.02400 7.73525 0 0.80000 -16.77500 6.82479 0.11419 -13
-0.80130 0.07061 67.42867 0 -2.15000 23.05000 52.67090 0.12924 13
0.77617 -0.17166 79.40560 0 5.17500 -21.92500 63.06829 0.12864 13
0.53998 -0.13926 34.85295 0 4.22500 -15.90000 30.73359 0.11531 -13
