-1.04409 -0.06869 75.89916 0 2.07500 30.67500 52.56318 0.14576 -13
0.95928 0.02964 37.13849 0 -0.90000 -31.35000 26.80642 0.13958 13
0.99357 -0.23116 15.52073 0 7.02500 -30.85000 11.15135 0.14392 -13
-0.01188 -0.16389 60.57591 0 4.92500 1.17500 60.57175 0.10205 13
0.35118 -0.17812 73.48836 0 5.37500 -9.17500 69.45431 0.10824 -13
1.60796 -0.17819 97.64014 0 5.37500 -51.70000 52.14732 0.19153 -13
-2.09873 0.00274 29.45132 0 -0.05000 63.25000 12.66762 0.23401 -13
-1.38530 -0.03713 99.52299 0 1.10000 42.95000 58.27720 0.17209 13
-0.37377 -0.05045 10.70442 0 1.57500 13.22500 10.02829 0.10764 -13
-0.02520 -0.11323 60.56017 0 3.42500 1.87500 60.54123 0.10138 -13
-0.32603 -0.00709 67.65828 0 0.22500 8.52500 64.32615 0.10592 -13
0.60062 -0.09180 27.28110 0 2.75000 -18.05000 23.41293 0.11783 13
-1.96008 0.12700 97.39536 0 -3.82500 61.27500 44.54266 0.22196 -13
-2.01555 -0.27284 97.39536 0 8.25000 62.95000 44.54266 0.22827 -13
-1.67180 0.02335 81.85511 0 -0.72500 53.27500 42.02729 0.19619 13
-0.97849 0.11591 57.88884 0 -3.47500 32.12500 41.51087 0.14137 -13
-1.18981 -0.07408 35.39478 0 2.20000 39.52500 22.80957 0.15669 13
0.17264 -0.16880 67.69122 0 5.10000 -2.85000 66.73126 0.10360 -13
1.39526 0.04505 41.66476 0 -1.35000 -40.87500 24.28765 0.17292 -13
-1.60001 -0.18562 48.57964 0 5.57500 47.10000 26.06061 0.19091 13
-0.38333 -0.21185 87.80046 0 6.37500 13.17500 82.20999 0.10993 13
0.09400 0.08194 94.19075 0 -2.47500 -0.17500 93.78011 0.10148 -13
0.01769 0.06701 40.91770 0 -2.02500 -1.50000 40.91133 0.10095 13
0.81713 -0.02683 34.66348 0 0.82500 -23.82500 26.84598 0.13008 -13
0.42203 -0.21005 85.13113 0 6.35000 -12.07500 78.68405 0.11134 -13
0.85764 -0.05300 67.79028 0 1.60000 -26.30000 51.48792 0.13277 -13
1.18058 -0.22039 7.97445 0 6.75000 -35.60000 5.22465 0.15751 -13
-1.74672 -0.00097 72.76027 0 0.05000 50.97500 36.14971 0.20269 -13
0.31014 -0.21432 41.19556 0 6.45000 -8.92500 39.42272 0.10761 13
0.26428 -0.01093 88.07565 0 0.32500 -5.80000 85.15255 0.10417 -13
0.92195 0.11961 45.89147 0 -3.62500 -28.02500 33.85067 0.13750 13
0.95084 -0.28073 45.89147 0 8.45000 -28.90000 33.85067 0.14178 13
1.26667 -0.23189 51.27013 0 6.97500 -37.72500 32.28043 0.16417 13
0.43280 0.02098 26.34631 0 -0.65000 -15.77500 24.17965 0.10976 13
-0.36336 -0.17709 50.78122 0 5.32500 9.57500 47.81314 0.10861 13
0.46716 -0.10841 44.62194 0 3.25000 -13.92500 40.47016 0.11168 13
-0.71886 -0.18662 61.93605 0 5.62500 24.00000 50.58160 0.12543 13
0.44885 0.13019 74.04461 0 -3.92500 -15.72500 67.64644 0.11116 -13
0.46097 -0.26948 74.04461 0 8.12500 -16.07500 67.64644 0.11417 -13
-0.91958 0.00040 63.64804 0 -0.02500 28.30000 46.85043 0.13681 13
1.57635 -0.14394 87.31909 0 4.32500 -48.47500 47.11842 0.18854 13
-1.05010 0.02019 75.80107 0 -0.60000 30.37500 52.27973 0.14604 -13
-1.21479 0.04455 17.34331 0 -1.30000 36.70000 11.02923 0.15850 -13
-0.20421 -0.07617 35.47120 0 2.30000 6.97500 34.75794 0.10307 -13
-0.87920 -0.00355 12.03036 0 0.05000 25.20000 9.03460 0.13410 13
0.64755 -0.12025 17.42770 0 3.65000 -20.87500 14.65963 0.12060 -13
-0.14800 -0.03529 74.44053 0 1.07500 6.77500 73.63939 0.10186 -13
0.39375 -0.01499 32.39349 0 0.42500 -12.22500 30.14141 0.10823 13
-1.32471 0.10638 90.35551 0 -3.20000 41.32500 54.63340 0.16749 -13
0.78516 -0.23898 3.67503 0 7.40000 -22.20000 2.92034 0.13053 -13
1.89118 0.14849 77.73357 0 -4.47500 -56.90000 36.64617 0.21594 -13
1.92838 -0.25027 77.73357 0 7.57500 -58.05000 36.64617 0.22023 -13
-0.17372 -0.22601 49.40184 0 6.80000 8.37500 48.70764 0.10471 13
0.23172 -0.02928 52.23778 0 0.87500 -6.50000 50.89055 0.10341 13
1.03029 0.05623 73.11664 0 -1.70000 -30.50000 50.96556 0.14471 13
-0.89075 -0.09764 96.09662 0 2.95000 27.85000 71.90709 0.13521 13
0.31597 -0.19449 45.23053 0 5.87500 -9.42500 43.20028 0.10742 -13
-0.28241 -0.05817 37.03735 0 1.77500 8.10000 35.64761 0.10481 -13
0.25630 -0.20218 70.29004 0 6.10000 -8.30000 68.17176 0.10594 -13
-0.01597 -0.12582 80.75872 0 3.80000 -1.42500 80.74858 0.10150 13
1.91322 -0.14843 48.75085 0 4.50000 -57.05000 22.77524 0.21793 -13
-0.57175 -0.22486 40.07037 0 6.77500 18.85000 34.99435 0.11818 13
0.43376 -0.23240 62.40953 0 7.02500 -13.10000 57.48933 0.11224 -13
1.56612 -0.12631 80.98719 0 3.80000 -45.50000 43.82937 0.18755 13
0.74330 -0.07581 8.44101 0 2.20000 -22.17500 6.78166 0.12569 13
-0.06573 -0.12985 57.35496 0 3.90000 -0.30000 57.23347 0.10176 13
0.49269 0.07595 15.74492 0 -2.25000 -14.92500 14.13298 0.11250 -13
-0.92000 -0.24797 27.61641 0 7.45000 29.50000 20.59909 0.13908 13
-0.48781 -0.02782 85.04317 0 0.82500 18.65000 76.43964 0.11208 13
0.88850 -0.18352 18.32008 0 5.57500 -25.80000 13.79515 0.13600 -13
0.04123 0.11810 63.93593 0 -3.55000 -2.10000 63.88238 0.10149 -13
-0.17805 -0.12814 1.39356 0 4.22500 2.45000 1.37239 0.10356 -13
1.17732 -0.16754 46.04919 0 5.02500 -32.40000 30.05057 0.15646 13
-1.47993 -0.16066 5.50750 0 4.67500 45.62500 3.11063 0.18047 13
0.17551 -0.06599 82.67131 0 2.00000 -3.65000 81.43192 0.10246 -13
1.95472 0.03865 24.29601 0 -1.12500 -59.30000 11.07181 0.22113 -13
0.25216 -0.08077 28.30881 0 2.42500 -5.22500 27.45473 0.10417 13
0.44088 -0.05092 67.08776 0 1.52500 -14.57500 61.39941 0.11017 13
1.12042 -0.04420 61.94545 0 1.32500 -34.85000 41.27027 0.15129 13
-0.75923 -0.00293 6.06216 0 -0.02500 20.35000 4.82838 0.12645 13
0.23831 -0.01456 70.77873 0 0.45000 -7.57500 68.85109 0.10354 -13
-0.16128 -0.06952 91.58388 0 2.10000 5.70000 90.42101 0.10225 -13
0.55697 -0.20044 13.93070 0 6.00000 -13.42500 12.22662 0.11700 13
1.87037 -0.20289 56.57881 0 6.10000 -55.70000 27.09668 0.21453 13
-1.24436 0.05772 96.57457 0 -1.72500 38.55000 60.55572 0.16087 -13
0.51629 -0.20821 35.01415 0 6.27500 -14.67500 31.24921 0.11524 13
-1.57835 -0.21943 58.31554 0 6.62500 50.20000 31.73540 0.18932 -13
0.00388 -0.23792 50.64720 0 7.17500 -0.05000 50.64684 0.10352 -13
-0.85522 0.14319 51.67579 0 -4.32500 27.67500 39.44069 0.13330 13
-0.87384 -0.25586 51.67579 0 7.70000 28.25000 39.44069 0.13618 13
-1.68296 -0.17429 7.20742 0 5.12500 49.42500 3.72227 0.19780 13
0.50734 -0.19779 98.90625 0 5.97500 -14.95000 88.54567 0.11467 -13
0.22677 0.02061 43.79481 0 -0.62500 -5.20000 42.71086 0.10328 13
-0.65024 -0.15635 74.32626 0 4.72500 18.15000 62.53332 0.12115 -13
-1.98806 -0.23419 19.18342 0 7.00000 61.50000 8.80515 0.22524 13
-0.08037 -0.17738 9.91943 0 5.30000 1.00000 9.88850 0.10257 13
0.19735 0.08381 61.65132 0 -2.52500 -4.97500 60.49253 0.10299 -13
0.48145 0.10548 29.27839 0 -3.20000 -15.30000 26.40762 0.11228 13
0.48637 -0.03627 22.24167 0 1.07500 -12.57500 20.00401 0.11204 13
-1.03784 -0.14236 95.26176 0 4.30000 33.55000 66.44153 0.14585 -13
1.10291 0.14449 25.66992 0 -4.32500 -33.82500 17.34019 0.15061 -13
1.12638 -0.25443 25.66992 0 7.70000 -34.55000 17.34019 0.15387 -13
-1.42225 -0.17595 52.05508 0 5.30000 44.82500 30.24525 0.17596 13
0.65717 -0.08850 78.63465 0 2.67500 -21.20000 65.79152 0.12083 -13
1.82243 0.13677 64.30482 0 -4.15000 -56.40000 31.15507 0.20980 13
1.86678 -0.26259 64.30482 0 7.90000 -57.72500 31.15507 0.21487 13
1.61773 0.12003 7.75279 0 -3.75000 -47.65000 4.09695 0.19204 13
1.66806 -0.28042 7.75279 0 8.32500 -49.10000 4.09695 0.19772 13
0.70829 -0.19784 39.31658 0 5.95000 -21.80000 32.28755 0.12499 13
-0.13320 0.01843 53.74764 0 -0.57500 3.52500 53.27730 0.10161 13
1.29726 -0.12964 23.17294 0 3.87500 -40.77500 14.22096 0.16544 13
0.92384 0.13226 88.69461 0 -3.97500 -27.20000 65.40796 0.13774 -13
0.94806 -0.26732 88.69461 0 8.07500 -27.95000 65.40796 0.14136 -13
-0.34153 -0.13370 61.47558 0 4.05000 11.00000 58.22971 0.10727 -13
0.23257 -0.13403 73.19715 0 4.02500 -7.52500 71.32674 0.10426 13
-0.71725 -0.24480 47.98960 0 7.37500 22.30000 39.37617 0.12634 13
-0.93586 0.00708 45.31362 0 -0.20000 27.72500 33.08569 0.13792 -13
-1.32629 0.04260 72.81903 0 -1.27500 38.72500 43.86461 0.16732 -13
-1.73701 0.00550 83.00940 0 -0.15000 51.50000 41.41613 0.20184 -13
1.17642 0.05964 96.33975 0 -1.80000 -34.70000 62.45957 0.15561 -13
-0.94125 -0.07857 79.11232 0 2.37500 27.15000 57.69140 0.13852 -13
0.68442 -0.01475 70.92336 0 0.42500 -21.20000 58.52994 0.12204 13
-0.46159 -0.08048 79.60136 0 2.42500 15.10000 72.31461 0.11120 13
1.58429 -0.12781 46.71107 0 3.87500 -48.90000 25.07715 0.18912 -13
1.36983 -0.21626 21.13361 0 6.57500 -41.25000 12.64710 0.17222 -13
-0.76110 0.14721 38.88230 0 -4.45000 25.95000 31.06096 0.12743 13
-0.77645 -0.25168 38.88230 0 7.57500 26.42500 31.06096 0.12998 13
-0.60155 0.11065 65.20085 0 -3.32500 17.92500 55.96085 0.11804 -13
0.13027 -0.16071 98.05786 0 4.85000 -4.70000 97.25668 0.10283 13
-0.89475 -0.20536 51.57507 0 6.20000 26.02500 38.78655 0.13671 -13
0.60106 0.11907 15.20159 0 -3.55000 -16.47500 13.05357 0.11808 -13
-1.12038 0.07338 59.33201 0 -2.22500 32.92500 39.56770 0.15142 13
1.99225 0.12345 22.20090 0 -3.77500 -60.87500 10.02121 0.22484 13
2.05157 -0.27672 22.20090 0 8.30000 -62.65000 10.02121 0.23139 13
-0.12314 0.12636 84.74446 0 -3.82500 1.62500 84.11906 0.10226 13
-0.12666 -0.27356 84.74446 0 8.25000 1.75000 84.11906 0.10517 13
0.57619 -0.16309 73.83368 0 4.90000 -15.55000 64.18116 0.11738 13
-1.91764 -0.23203 91.20913 0 7.00000 56.47500 43.04700 0.21906 -13
-0.85765 -0.07141 49.92015 0 2.15000 22.87500 37.93365 0.13286 13
0.03925 0.07476 76.50700 0 -2.25000 0.72500 76.44843 0.10106 -13
-1.60317 -0.09539 25.45406 0 2.92500 48.72500 13.51441 0.19056 -13
-0.28601 0.02540 24.53348 0 -0.77500 7.80000 23.58823 0.10478 13
-0.40368 0.13143 14.36923 0 -4.00000 12.87500 13.34055 0.10942 13
-0.41446 -0.26820 14.36923 0 8.05000 13.20000 13.34055 0.11227 13
-0.72921 -0.06474 53.04028 0 1.95000 21.77500 42.88718 0.12481 13
-0.59956 0.11709 21.43148 0 -3.55000 16.32500 18.41402 0.11802 13
0.93494 0.05071 30.27949 0 -1.50000 -28.52500 22.13174 0.13795 -13
0.92764 -0.18930 72.02856 0 5.70000 -28.60000 53.23434 0.13867 13
-1.17711 -0.13143 26.81796 0 4.00000 38.55000 17.44894 0.15612 -13
-1.22278 -0.00901 95.96712 0 0.27500 34.80000 60.75503 0.15907 13
0.78728 0.05287 85.75343 0 -1.60000 -22.62500 67.41396 0.12828 -13
-2.10098 -0.06610 63.01135 0 1.97500 63.52500 27.12881 0.23440 13
-0.01276 -0.18518 60.91699 0 5.60000 1.70000 60.91220 0.10243 -13
-0.40355 -0.14489 82.95937 0 4.37500 13.70000 77.04248 0.10957 -13
-0.66890 -0.04377 79.60752 0 1.32500 20.25000 66.18860 0.12124 -13
-0.08281 -0.20149 2.57050 0 6.27500 3.17500 2.56208 0.10329 -13
0.54678 0.05104 44.88190 0 -1.55000 -16.02500 39.39136 0.11489 13
0.32158 -0.07945 95.26148 0 2.40000 -10.32500 90.71443 0.10608 13
0.41981 0.01855 76.74940 0 -0.55000 -12.70000 70.76843 0.10923 -13
0.12842 0.10799 65.43228 0 -3.27500 -6.27500 64.90544 0.10211 13
1.03192 -0.21795 28.41607 0 6.55000 -30.92500 20.01051 0.14633 13
-0.00890 -0.16539 52.07221 0 5.00000 2.00000 52.07021 0.10208 -13
-0.77283 0.01687 57.96804 0 -0.50000 19.95000 45.86904 0.12728 -13
1.29944 -0.16490 90.43318 0 4.97500 -40.50000 55.61824 0.16596 -13
0.62970 0.12500 58.85802 0 -3.75000 -19.82500 49.91521 0.11966 -13
0.64802 -0.27499 58.85802 0 8.30000 -20.37500 49.91521 0.12316 -13
-0.36517 -0.16325 77.15703 0 4.92500 12.05000 72.58681 0.10846 -13
1.57893 -0.16055 5.91991 0 5.00000 -47.20000 3.19596 0.18910 -13
1.55245 0.13831 30.66484 0 -4.20000 -46.32500 16.71675 0.18651 13
1.58923 -0.26096 30.66484 0 7.85000 -47.42500 16.71675 0.19087 13
0.51015 -0.05877 91.09498 0 1.77500 -15.25000 81.17464 0.11320 13
0.08196 -0.05408 80.94938 0 1.65000 -1.25000 80.67966 0.10119 -13
-0.28475 -0.11184 32.46746 0 3.40000 6.35000 31.24068 0.10532 -13
0.76193 -0.17859 95.30614 0 5.40000 -22.52500 76.24247 0.12788 -13
0.05466 -0.24203 17.80568 0 7.27500 1.67500 17.78061 0.10374 13
-0.50537 0.02251 27.30989 0 -0.70000 13.70000 24.37529 0.11285 13
0.30501 0.07909 83.11933 0 -2.40000 -7.20000 79.52437 0.10559 13
0.42846 -0.05675 26.18687 0 1.70000 -12.47500 24.07646 0.10970 13
-2.02851 -0.01661 17.69226 0 0.55000 61.92500 7.82402 0.22776 -13
-1.20103 -0.05146 65.37168 0 1.57500 38.17500 41.86151 0.15747 -13
-0.61491 -0.07623 4.28154 0 2.45000 20.67500 3.65006 0.11855 -13
0.04464 -0.12023 94.58580 0 3.62500 -2.72500 94.49305 0.10153 -13
0.48546 -0.13949 8.69925 0 4.15000 -16.95000 7.84019 0.11280 13
-1.31289 -0.20024 67.18788 0 6.02500 40.45000 41.21717 0.16740 13
1.72469 0.08476 77.26254 0 -2.55000 -51.35000 38.85797 0.20094 -13
-0.15682 -0.07947 8.86084 0 2.35000 5.42500 8.75448 0.10224 13
-0.36528 -0.13902 41.18428 0 4.20000 12.57500 38.72748 0.10812 -13
-0.87337 -0.17577 9.07510 0 5.37500 26.30000 6.88024 0.13493 -13
0.88424 -0.13582 52.51860 0 4.07500 -24.97500 39.50060 0.13512 13
0.36029 -0.22359 63.41296 0 6.72500 -13.40000 59.82261 0.10938 13
0.05015 0.00530 15.96919 0 -0.20000 -1.92500 15.94915 0.10083 13
-1.73983 -0.14379 39.39089 0 4.32500 54.70000 19.78047 0.20258 13
0.55319 -0.24884 5.27856 0 7.40000 -15.27500 4.65079 0.11771 13
-0.73787 -0.10640 83.69820 0 3.20000 21.72500 67.48207 0.12560 13
-0.18452 -0.05496 56.77305 0 1.67500 4.75000 55.83341 0.10255 -13
0.60374 -0.01270 13.15708 0 0.42500 -18.70000 11.26351 0.11765 -13
-0.04396 -0.04837 15.40016 0 1.50000 0.82500 15.38535 0.10093 -13
0.13479 0.06444 65.33377 0 -1.95000 -1.52500 64.75052 0.10182 13
-1.86952 0.05703 14.21426 0 -1.80000 55.95000 6.71263 0.21363 13
-0.25796 0.00819 33.94602 0 -0.25000 10.17500 32.87006 0.10400 13
-1.29618 -0.21549 89.30949 0 6.50000 38.22500 55.32875 0.16627 13
0.27661 -0.12556 69.84774 0 3.77500 -7.62500 67.35705 0.10524 13
1.59314 -0.06818 36.55617 0 2.07500 -45.57500 19.46676 0.18956 -13
-0.00226 -0.10608 52.23365 0 3.20000 0.52500 52.23352 0.10127 13
-0.04246 -0.07771 79.26201 0 2.32500 2.32500 79.19112 0.10109 13
-0.22421 -0.19075 6.68586 0 5.82500 7.65000 6.52942 0.10504 -13
0.18451 -0.11824 90.33910 0 3.55000 -4.65000 88.85965 0.10309 13
-1.45732 -0.02209 36.63216 0 0.65000 46.15000 20.72961 0.17800 13
-1.88178 -0.18788 60.53830 0 5.67500 56.25000 28.79379 0.21546 -13
0.60646 0.08531 81.05812 0 -2.57500 -15.95000 69.37488 0.11809 13
-0.34824 -0.10671 57.91734 0 3.22500 8.10000 54.72909 0.10718 -13
0.35819 -0.09120 55.19381 0 2.75000 -7.52500 51.98540 0.10736 13
-0.24054 -0.03572 94.99041 0 1.07500 8.00000 92.35937 0.10363 13
1.49062 -0.22122 14.72671 0 6.60000 -47.00000 8.34005 0.18205 13
-1.19470 -0.20612 26.39350 0 6.17500 34.37500 17.14717 0.15823 13
-1.03066 -0.03842 91.96392 0 1.17500 31.32500 64.06358 0.14467 -13
-0.54798 0.09670 9.05683 0 -2.97500 15.60000 7.95097 0.11528 13
1.03166 -0.24419 17.63772 0 7.32500 -33.25000 12.45786 0.14672 13
-0.31650 -0.03523 80.45654 0 1.07500 9.70000 76.71069 0.10569 -13
0.12297 -0.00054 81.06438 0 0.02500 -5.42500 80.45834 0.10146 -13
-0.63457 -0.22702 44.39123 0 6.85000 19.60000 37.74824 0.12146 -13
0.17244 0.13597 24.27319 0 -4.12500 -2.32500 23.92644 0.10311 13
0.17674 -0.26344 24.27319 0 7.92500 -2.45000 23.92644 0.10563 13
-1.05648 -0.18612 35.92400 0 5.60000 31.07500 24.91587 0.14767 13
0.82031 -0.20499 7.63373 0 6.27500 -22.65000 5.95072 0.13195 -13
1.59912 0.00373 2.56204 0 -0.47500 -48.17500 1.35860 0.19009 13
1.35057 -0.11088 14.30169 0 3.40000 -40.47500 8.54332 0.16965 -13
0.28291 -0.08051 37.04922 0 2.42500 -10.62500 35.65852 0.10497 13
-0.19190 -0.08555 78.89466 0 2.57500 7.17500 77.49090 0.10290 13
-0.52680 0.10963 71.85589 0 -3.32500 14.00000 63.65654 0.11436 13
-1.78372 0.00471 54.06433 0 -0.15000 52.20000 26.43822 0.20594 13
0.37760 0.03525 44.68047 0 -1.05000 -10.42500 41.80304 0.10770 -13
-0.52449 -0.00622 77.92801 0 0.20000 18.85000 69.01196 0.11372 -13
1.88294 -0.19332 56.43501 0 5.80000 -57.07500 26.85035 0.21555 13
0.16910 -0.04877 23.53502 0 1.50000 -4.22500 23.20629 0.10225 -13
-0.22872 -0.24396 10.51586 0 7.40000 5.75000 10.26529 0.10623 -13
-0.46048 0.12154 67.51127 0 -3.65000 12.97500 61.40027 0.11154 -13
-0.47453 -0.27864 67.51127 0 8.42500 13.40000 61.40027 0.11495 -13
0.91004 0.00411 87.12062 0 -0.12500 -28.82500 64.43384 0.13616 -13
-0.72766 0.11886 39.94575 0 -3.60000 18.05000 32.37736 0.12512 13
-0.75070 -0.28155 39.94575 0 8.47500 18.75000 32.37736 0.12905 13
0.30241 0.14374 81.95203 0 -4.32500 -8.67500 78.51044 0.10620 -13
0.30892 -0.25526 81.95203 0 7.70000 -8.87500 78.51044 0.10849 -13
-1.45816 0.14734 43.52749 0 -4.47500 44.20000 24.79763 0.17869 13
-1.48753 -0.25153 43.52749 0 7.57500 45.07500 24.79763 0.18224 13
-0.37241 -0.02135 8.89383 0 0.57500 10.67500 8.33486 0.10748 13
0.70103 0.13462 56.56401 0 -4.05000 -19.50000 46.45257 0.12373 -13
0.71870 -0.26481 56.56401 0 8.00000 -20.02500 46.45257 0.12687 -13
1.08367 -0.08427 67.36094 0 2.52500 -33.85000 45.76853 0.14873 13
-1.31686 -0.20463 50.34253 0 6.20000 39.70000 30.84134 0.16780 -13
-0.47428 -0.09695 19.29638 0 2.95000 17.45000 17.44970 0.11190 -13
-2.12640 -0.18619 56.73505 0 5.60000 63.30000 24.48327 0.23735 13
-0.76214 0.04101 95.10609 0 -1.22500 23.82500 75.66520 0.12669 -13
0.25698 0.00434 16.28735 0 -0.15000 -6.45000 15.77484 0.10398 13
0.62301 0.05014 25.88835 0 -1.52500 -19.57500 21.98081 0.11875 13
-0.73922 -0.14005 97.85248 0 4.22500 24.85000 78.95606 0.12602 -13
0.95242 0.06136 51.17218 0 -1.87500 -29.87500 37.08853 0.13921 13
-0.41431 -0.08196 81.80947 0 2.47500 10.30000 75.61662 0.10932 -13
1.05906 -0.06418 43.17442 0 1.92500 -33.72500 29.67298 0.14682 13
1.86096 -0.13907 89.86189 0 4.17500 -58.45000 42.85259 0.21320 13
0.11746 -0.22159 26.36548 0 6.70000 -1.80000 26.19383 0.10384 -13
0.50808 -0.06777 35.78917 0 2.05000 -16.50000 31.92194 0.11317 -13
-0.01654 0.11046 85.80365 0 -3.35000 -0.80000 85.79206 0.10133 13
-2.02091 -0.20669 68.65724 0 6.25000 61.45000 30.96253 0.22804 -13
0.64899 -0.11441 45.47932 0 3.47500 -17.72500 38.22294 0.12061 -13
-1.11578 0.13131 44.00966 0 -3.97500 34.97500 29.51148 0.15148 13
-1.14544 -0.26834 44.00966 0 8.07500 35.85000 29.51148 0.15547 13
-0.24869 -0.11134 22.45773 0 3.32500 5.32500 21.80163 0.10437 13
0.18015 -0.09054 37.04160 0 2.75000 -5.32500 36.45950 0.10273 -13
-1.22468 -0.04127 36.44431 0 1.22500 35.52500 23.06171 0.15927 13
0.29400 0.11478 59.26139 0 -3.47500 -9.17500 56.88447 0.10560 13
-0.80020 -0.05765 4.21316 0 1.87500 24.90000 3.29153 0.12920 -13
-0.07234 -0.00672 38.76387 0 0.22500 1.12500 38.66283 0.10097 -13
-1.93870 0.14269 62.42705 0 -4.32500 57.10000 28.84610 0.22016 13
-1.98129 -0.25639 62.42705 0 7.72500 58.37500 28.84610 0.22495 13
1.20990 0.09929 52.69215 0 -2.97500 -36.97500 33.66642 0.15838 -13
-1.13300 0.08370 50.01861 0 -2.55000 32.10000 33.16388 0.15242 13
0.71751 -0.07449 16.52172 0 2.20000 -20.22500 13.43643 0.12416 13
0.32313 -0.05921 4.77463 0 1.67500 -12.22500 4.54408 0.10600 13
-1.16898 0.10284 75.85774 0 -3.10000 34.35000 49.46020 0.15528 13
-0.29106 0.03517 16.20058 0 -1.02500 10.70000 15.55592 0.10494 -13
1.81012 -0.02206 44.83126 0 0.70000 -54.07500 21.68240 0.20827 -13
0.38728 -0.08193 73.17250 0 2.47500 -13.35000 68.26374 0.10830 13
1.58317 0.01324 33.16647 0 -0.42500 -46.90000 17.71311 0.18858 13
2.01965 -0.20758 76.51858 0 6.27500 -60.22500 34.53190 0.22791 -13
1.29285 -0.13687 16.13345 0 4.07500 -39.80000 9.92814 0.16514 13
-0.31573 -0.15981 95.47212 0 4.82500 9.60000 91.14505 0.10682 13
-1.12248 -0.03898 43.33910 0 1.20000 34.67500 28.84096 0.15145 -13
0.32107 0.07609 69.00625 0 -2.30000 -7.77500 65.72068 0.10605 13
-0.31842 -0.19946 3.16126 0 5.85000 7.95000 3.01753 0.10753 13
1.04889 0.06621 7.90445 0 -2.10000 -31.62500 5.46191 0.14610 13
-1.65845 -0.10487 2.11860 0 3.62500 50.72500 1.09818 0.19592 -13
1.41340 0.11501 32.52859 0 -3.50000 -43.97500 18.86932 0.17477 13
-0.68386 0.09885 55.17754 0 -2.97500 20.52500 45.61614 0.12240 -13
-0.86505 -0.05625 35.14868 0 1.67500 23.42500 26.60056 0.13327 13
0.90005 -0.22566 10.06475 0 6.87500 -24.45000 7.56389 0.13744 -13
0.18432 0.05673 39.56771 0 -1.72500 -7.30000 38.91427 0.10256 13
-0.90518 -0.04447 30.39218 0 1.37500 27.32500 22.54229 0.13591 -13
1.61261 -0.17754 11.16231 0 5.45000 -48.55000 5.95017 0.19198 -13
1.53024 0.07159 95.82256 0 -2.17500 -46.20000 52.51233 0.18424 13
-0.45001 0.12423 31.86099 0 -3.72500 12.95000 29.09169 0.11113 -13
-0.46325 -0.27577 31.86099 0 8.32500 13.35000 29.09169 0.11442 -13
-0.71795 -0.04316 16.37293 0 1.35000 21.12500 13.30428 0.12405 -13
0.15610 -0.05397 12.02157 0 1.67500 -5.05000 11.87814 0.10209 -13
-0.76496 0.14389 22.43168 0 -4.37500 22.60000 17.88352 0.12763 13
-0.78144 -0.25519 22.43168 0 7.67500 23.07500 17.88352 0.13033 13
0.06135 0.13620 13.82556 0 -4.07500 -2.82500 13.80010 0.10181 -13
0.06285 -0.26317 13.82556 0 7.97500 -2.85000 13.80010 0.10436 -13
-1.26006 0.12048 8.95588 0 -3.72500 38.67500 5.59132 0.16254 13
-1.29894 -0.27991 8.95588 0 8.35000 39.80000 5.59132 0.16738 13
-0.69096 -0.23583 10.08764 0 7.17500 23.02500 8.37089 0.12475 -13
-0.02654 0.09518 23.98315 0 -2.85000 0.75000 23.97479 0.10119 -13
0.84548 0.02066 90.92688 0 -0.62500 -26.65000 69.44174 0.13189 13
-0.06727 -0.03863 40.80814 0 1.15000 4.30000 40.71601 0.10100 13
0.25084 0.13762 56.74270 0 -4.15000 -8.57500 55.06771 0.10475 13
0.25686 -0.26169 56.74270 0 7.87500 -8.75000 55.06771 0.10725 13
-1.49254 0.07602 66.25922 0 -2.27500 44.42500 36.95446 0.18107 -13
-0.45030 -0.13084 83.33262 0 3.95000 14.12500 76.09241 0.11123 -13
0.25334 0.00122 67.68267 0 -0.05000 -6.60000 65.61005 0.10388 13
0.98003 0.13891 4.86704 0 -4.05000 -30.50000 3.49228 0.14164 -13
1.00293 -0.26009 4.86704 0 8.00000 -31.25000 3.49228 0.14523 -13
0.88776 0.10129 3.58856 0 -3.25000 -27.30000 2.68926 0.13521 13
-0.08789 0.08104 24.02038 0 -2.42500 3.62500 23.92870 0.10142 -13
-1.82065 -0.05540 10.28475 0 1.77500 55.72500 4.95745 0.20929 -13
-0.65360 0.00649 81.04803 0 -0.20000 19.75000 67.84239 0.12031 -13
-0.88887 0.06374 36.72639 0 -1.95000 25.02500 27.47374 0.13489 13
-0.01506 0.01757 37.79095 0 -0.55000 0.90000 37.78667 0.10073 13
-1.60584 -0.22545 61.85180 0 6.77500 47.12500 33.28018 0.19184 13
-0.61556 -0.19703 86.08258 0 5.92500 18.77500 73.68632 0.11990 13
1.76990 0.10381 10.07378 0 -3.02500 -53.12500 4.97559 0.20491 -13
0.79182 -0.00306 9.21748 0 0.02500 -23.02500 7.22631 0.12846 13
-0.18647 -0.20563 82.06645 0 6.20000 6.95000 80.73085 0.10452 -13
1.61244 0.05397 52.08550 0 -1.60000 -49.77500 27.48055 0.19114 -13
-0.37194 -0.03431 83.94963 0 1.02500 12.75000 78.68901 0.10750 13
-0.87937 0.07537 33.17348 0 -2.25000 27.95000 24.94235 0.13430 -13
-0.63122 0.00569 35.86106 0 -0.20000 22.42500 30.32509 0.11909 13
-1.00291 -0.07500 3.54260 0 2.45000 29.02500 2.50508 0.14294 -13
-0.40519 -0.02473 55.18104 0 0.72500 10.27500 51.14465 0.10869 13
0.06729 -0.07835 81.57974 0 2.35000 -1.45000 81.39677 0.10123 13
0.81662 0.08466 28.61792 0 -2.57500 -23.55000 22.19849 0.13030 13
-0.58733 0.00725 58.52109 0 -0.20000 17.67500 50.46162 0.11679 -13
-0.29094 0.11104 16.86961 0 -3.32500 8.77500 16.20595 0.10546 -13
1.25922 0.10488 80.03402 0 -3.17500 -38.27500 49.93898 0.16229 13
0.54452 -0.01307 1.37357 0 0.80000 -17.52500 1.20653 0.11503 -13
0.98799 -0.03613 95.21020 0 1.10000 -29.75000 67.75096 0.14161 -13
0.02846 0.06714 99.68567 0 -2.02500 0.60000 99.64551 0.10097 13
0.19493 -0.18735 26.39285 0 5.62500 -4.62500 25.92150 0.10430 13
-0.85047 -0.12971 85.01454 0 3.90000 25.75000 64.98718 0.13284 13
-0.10875 0.10113 66.95080 0 -3.05000 1.02500 66.56237 0.10181 -13
2.24396 0.11899 8.11903 0 -3.45000 -63.85000 3.32409 0.24759 -13
-2.00586 -0.10341 71.78321 0 3.10000 60.52500 32.16387 0.22593 13
0.70071 -0.11123 7.58020 0 3.42500 -20.32500 6.22004 0.12353 -13
1.20057 -0.05340 31.43908 0 1.57500 -37.02500 20.13793 0.15743 13
0.57648 0.01380 26.21549 0 -0.40000 -15.70000 22.71233 0.11625 -13
0.67166 -0.12075 31.36864 0 3.65000 -19.65000 26.09859 0.12193 -13
-0.24256 -0.17904 2.15962 0 5.15000 4.67500 2.10065 0.10515 13
-0.24173 0.04811 78.44749 0 -1.45000 8.50000 76.25618 0.10372 13
0.94781 0.09910 49.63063 0 -3.00000 -27.00000 36.10526 0.13911 13
1.76701 0.00653 96.22471 0 -0.17500 -53.80000 47.39385 0.20447 -13
0.40228 -0.05872 48.12145 0 1.75000 -11.65000 44.65510 0.10869 13
1.09370 -0.09220 97.79108 0 2.77500 -30.65000 66.14019 0.14952 13
0.10921 0.06086 98.51619 0 -1.85000 -4.40000 97.93599 0.10149 13
-0.41544 -0.10645 99.39458 0 3.22500 12.12500 91.86477 0.10957 -13
-2.08648 0.04494 70.71215 0 -1.37500 62.50000 30.58648 0.23290 13
4.49456 1.40500 70.71215 0 -1.35000 62.52500 30.58648 0.23308 13
-1.37891 -0.90348 70.71215 0 -1.27500 62.82500 30.58648 0.23426 13
1.38718 -0.07248 70.71215 0 -0.25000 64.92500 30.58648 0.24390 13
-0.30713 -0.06788 53.37251 0 2.05000 8.95000 51.03043 0.10557 -13
2.14192 0.12481 22.35495 0 -3.82500 -62.95000 9.51668 0.23845 13
2.20449 -0.27520 22.35495 0 8.25000 -64.80000 9.51668 0.24526 13
-0.14759 0.12409 53.20079 0 -3.72500 4.47500 52.63925 0.10255 -13
-0.15195 -0.27593 53.20079 0 8.32500 4.62500 52.63925 0.10558 -13
1.12527 -0.02089 70.33990 0 0.65000 -31.77500 46.73069 0.15162 -13
-0.87457 0.12016 94.48161 0 -3.62500 27.45000 71.33976 0.13432 -13
-0.90176 -0.28010 94.48161 0 8.45000 28.27500 71.33976 0.13851 -13
1.88857 -0.16799 73.53734 0 5.05000 -56.75000 34.78615 0.21585 13
-0.68579 -0.02085 10.44975 0 0.67500 19.50000 8.61849 0.12214 -13
-0.31626 0.00492 54.17520 0 -0.15000 9.60000 51.65356 0.10562 13
-0.85517 0.10381 44.61953 0 -3.15000 25.42500 33.98700 0.13292 13
0.49951 0.11006 56.26066 0 -3.30000 -17.07500 50.39090 0.11311 -13
-0.85319 -0.35743 56.26066 0 -4.32500 -18.30000 50.39090 0.12283 -13
0.31528 0.37046 56.26066 0 -3.52500 -17.47500 50.39090 0.13000 -13
0.74969 -0.10265 32.64787 0 3.12500 -21.87500 26.17145 0.12629 -13
1.13877 0.14451 74.08718 0 -4.35000 -33.72500 49.17047 0.15330 -13
1.16300 -0.25444 74.08718 0 7.67500 -34.45000 49.17047 0.15658 -13
0.69438 -0.16100 6.68352 0 4.77500 -21.57500 5.51291 0.12362 13
0.73331 -0.00845 5.08675 0 0.37500 -19.85000 4.10209 0.12491 -13
-0.71509 -0.20795 35.96497 0 6.30000 19.77500 29.46164 0.12557 -13
-0.34108 0.13235 61.80594 0 -4.00000 13.20000 58.54957 0.10723 13
-0.34999 -0.26724 61.80594 0 8.05000 13.47500 58.54957 0.11003 13
-0.04510 0.14286 73.40961 0 -4.30000 2.50000 73.33656 0.10183 -13
-0.04609 -0.25619 73.40961 0 7.72500 2.52500 73.33656 0.10407 -13
-0.10632 -0.17814 53.29537 0 5.37500 4.37500 53.00571 0.10284 13
0.08815 0.01235 71.93825 0 -0.37500 -1.30000 71.66038 0.10110 -13
0.17324 0.05827 17.00700 0 -1.72500 -2.25000 16.75823 0.10237 -13
-0.71365 0.01383 92.80213 0 -0.40000 20.70000 75.54127 0.12372 -13
0.54649 -0.19182 94.20682 0 5.77500 -15.27500 83.00738 0.11637 13
-0.72502 -0.01578 76.48025 0 0.47500 23.77500 61.92132 0.12440 -13
0.10807 0.10649 58.50397 0 -3.22500 -2.62500 58.16908 0.10186 13
1.77943 0.10900 86.41541 0 -3.27500 -51.57500 42.52438 0.20584 -13
0.14687 -0.20261 32.60449 0 6.12500 -4.67500 32.27179 0.10382 -13
0.20214 -0.11648 14.00013 0 3.47500 -7.87500 13.72601 0.10340 13
0.34723 -0.20743 36.11395 0 6.25000 -11.42500 34.19160 0.10862 13
0.39704 -0.03132 41.91717 0 0.95000 -11.07500 38.96125 0.10840 -13
0.65630 -0.15789 51.74160 0 4.77500 -18.80000 43.41700 0.12151 -13
0.06155 -0.22736 52.73436 0 6.85000 -0.97500 52.63962 0.10345 13
-0.49180 -0.10570 10.55229 0 3.12500 16.65000 9.47915 0.11272 13
0.14363 -0.05763 62.17163 0 1.72500 -3.82500 61.54224 0.10190 13
1.65722 -0.18856 5.51228 0 5.50000 -52.77500 2.88467 0.19564 13
-1.24083 -0.24199 98.09581 0 7.30000 37.90000 62.61403 0.16231 13
0.52139 -0.00585 86.96591 0 0.17500 -12.30000 77.11386 0.11357 -13
-1.41219 -0.05104 99.26050 0 1.55000 41.47500 57.41215 0.17434 -13
0.17699 -0.21045 52.82121 0 6.35000 -7.20000 52.04628 0.10443 13
-1.15913 -0.09303 89.53379 0 2.80000 35.62500 58.62995 0.15445 13
-0.20456 -0.19350 22.98052 0 5.85000 5.05000 22.53084 0.10463 -13
-0.23518 -0.21322 3.04678 0 6.25000 9.20000 2.96931 0.10559 13
0.53875 0.14366 32.42736 0 -4.35000 -14.22500 28.61328 0.11531 13
0.55041 -0.25539 32.42736 0 7.67500 -14.57500 28.61328 0.11777 13
-0.42795 -0.23255 21.01317 0 7.00000 12.62500 19.39563 0.11199 13
-0.99203 -0.14822 23.65086 0 4.50000 29.15000 16.88096 0.14265 -13
-0.55852 -0.06780 31.77831 0 2.07500 17.30000 27.75939 0.11556 -13
0.46724 -0.06918 18.74841 0 2.12500 -11.45000 16.99312 0.11138 -13
-0.03817 0.05337 19.53036 0 -1.62500 0.80000 19.51618 0.10092 13
-0.84226 0.01680 47.94869 0 -0.52500 25.00000 36.67621 0.13168 13
0.34401 -0.16381 63.07083 0 4.92500 -10.02500 59.72314 0.10776 13
0.61070 0.04537 65.79192 0 -1.35000 -18.50000 56.16504 0.11809 -13
0.38525 -0.05468 97.81863 0 1.65000 -13.45000 91.29676 0.10806 -13
0.33845 0.13208 48.34037 0 -4.00000 -10.50000 45.82952 0.10715 13
0.34733 -0.26751 48.34037 0 8.05000 -10.75000 45.82952 0.10995 13
-0.44622 -0.24941 3.93922 0 7.37500 12.50000 3.61506 0.11301 13
-0.37946 -0.02116 62.32914 0 0.62500 10.80000 58.27637 0.10773 13
0.37230 0.02521 83.56157 0 -0.75000 -14.27500 78.31328 0.10748 -13
0.49629 -0.20262 52.87034 0 6.12500 -15.25000 47.54405 0.11427 -13
-1.04306 -0.17968 93.36761 0 5.42500 31.55000 65.14857 0.14664 -13
1.47887 0.05129 72.72343 0 -1.55000 -44.92500 40.76954 0.17987 13
-1.02326 -0.15280 8.21394 0 4.70000 34.10000 5.77438 0.14498 -13
-0.85978 -0.02687 4.82127 0 0.67500 24.67500 3.65620 0.13286 13
-0.13460 -0.22648 71.36939 0 6.85000 6.82500 70.76229 0.10414 -13
0.05959 0.08446 52.67224 0 -2.55000 -3.92500 52.57964 0.10124 13
-0.18422 -0.06817 83.90227 0 2.05000 6.82500 82.52009 0.10263 -13
-1.73129 -0.08907 50.41299 0 2.70000 51.90000 25.28979 0.20155 -13
0.15457 0.08250 65.26299 0 -2.47500 -3.12500 64.50212 0.10224 -13
1.82936 -0.16541 11.25941 0 5.07500 -54.67500 5.45675 0.21072 -13
-0.53217 -0.00592 84.36601 0 0.17500 15.90000 74.47684 0.11408 -13
-0.30346 0.03266 32.34561 0 -0.97500 7.70000 30.95334 0.10529 -13
0.80501 0.08782 78.18204 0 -2.65000 -23.85000 60.99210 0.12959 13
0.36630 0.00939 73.98653 0 -0.27500 -11.05000 69.47271 0.10725 -13
-1.31259 -0.01854 90.80276 0 0.55000 39.75000 55.03380 0.16618 13
0.11567 0.04413 94.98465 0 -1.32500 -0.12500 94.35676 0.10147 13
1.01203 -0.01738 84.32911 0 0.52500 -32.35000 59.27655 0.14328 -13
-0.39878 -0.19582 12.25502 0 5.95000 10.67500 11.41227 0.11023 -13
-0.32704 -0.19244 93.66974 0 5.80000 8.80000 89.18297 0.10771 13
-0.77714 0.07213 49.68856 0 -2.20000 22.15000 39.27235 0.12775 13
-0.19285 -0.11104 29.40908 0 3.37500 3.72500 28.88314 0.10318 -13
0.97963 -0.14139 29.98521 0 4.30000 -28.25000 21.52370 0.14170 -13
-1.59160 0.03496 22.05240 0 -1.10000 49.37500 11.73740 0.18933 13
-1.71296 0.14192 86.80929 0 -4.27500 51.72500 44.09121 0.20026 -13
-1.75111 -0.25715 86.80929 0 7.77500 52.87500 44.09121 0.20475 -13
-0.29850 -0.24543 53.89520 0 7.40000 9.12500 51.76392 0.10795 13
-1.45163 -0.02778 52.39201 0 0.85000 44.37500 29.72974 0.17754 -13
-0.94887 0.13729 81.34816 0 -4.12500 29.05000 59.27117 0.13951 -13
-0.97177 -0.26201 81.34816 0 7.90000 29.75000 59.27117 0.14289 -13
0.80771 0.05044 90.60095 0 -1.52500 -24.15000 70.51711 0.12955 -13
-0.44220 -0.01002 82.69265 0 0.30000 11.65000 75.62889 0.11011 13
-0.20463 0.03958 2.22994 0 -1.42500 5.90000 2.18474 0.10302 13
0.32718 -0.18628 23.57942 0 5.65000 -10.40000 22.44679 0.10762 -13
0.30178 0.14153 22.71919 0 -4.25000 -7.55000 21.76835 0.10614 -13
0.30856 -0.25753 22.71919 0 7.80000 -7.75000 21.76835 0.10855 -13
-1.29611 -0.18941 25.81193 0 5.75000 40.45000 15.94184 0.16599 -13
0.05711 -0.00015 85.87026 0 -0.00000 0.87500 85.73058 0.10087 13
0.05916 0.01772 1.56455 0 -0.85000 0.10000 1.56181 0.10115 13
1.19330 -0.06956 44.01320 0 2.12500 -34.35000 28.30913 0.15695 -13
-1.16816 -0.15744 32.51551 0 4.77500 31.82500 21.29416 0.15568 -13
1.76256 -0.06255 58.82447 0 1.90000 -50.95000 29.07044 0.20418 -13
-0.01801 0.13630 11.41023 0 -4.07500 0.55000 11.40841 0.10163 -13
-0.01845 -0.26298 11.41023 0 7.97500 0.57500 11.40841 0.10419 -13
-1.93360 0.08379 88.93281 0 -2.52500 58.92500 40.96519 0.21938 -13
-1.41693 0.02693 7.90214 0 -0.70000 42.42500 4.55748 0.17467 -13
0.56695 -0.05847 97.30949 0 1.75000 -18.32500 84.68615 0.11591 13
-1.14147 0.10470 18.96042 0 -3.20000 36.82500 12.53298 0.15320 13
-1.78303 -0.00848 7.45810 0 0.12500 53.02500 3.64860 0.20587 13
-0.91425 0.06888 85.88454 0 -2.07500 28.30000 63.45479 0.13663 13
-0.62871 -0.03385 90.52134 0 1.02500 17.32500 76.64649 0.11900 13
1.25179 -0.20113 17.80817 0 6.12500 -38.72500 11.24883 0.16267 -13
-1.47017 -0.11135 57.69697 0 3.37500 43.87500 32.58638 0.17942 -13
-1.77159 -0.23726 6.63920 0 7.00000 54.50000 3.33202 0.20600 13
0.45884 0.12854 7.02640 0 -3.80000 -13.65000 6.39507 0.11153 -13
0.47154 -0.27106 7.02640 0 8.25000 -14.05000 6.39507 0.11473 -13
-0.80902 -0.04595 59.19208 0 1.37500 20.47500 46.03713 0.12962 13
0.21411 0.14586 23.88142 0 -4.37500 -4.97500 23.36275 0.10402 -13
0.21853 -0.25300 23.88142 0 7.65000 -5.10000 23.36275 0.10620 -13
1.35932 0.01495 5.09146 0 -0.60000 -39.45000 3.01726 0.17000 13
0.32358 -0.15484 2.60053 0 4.47500 -9.15000 2.47694 0.10697 13
-1.80397 -0.20171 4.51634 0 6.32500 56.17500 2.22398 0.20900 -13
-1.56503 -0.04405 87.61230 0 1.35000 47.97500 47.20616 0.18708 -13
0.00368 0.08773 45.16830 0 -2.65000 0.05000 45.16799 0.10109 13
0.56078 -0.22120 47.97506 0 6.65000 -16.97500 42.07946 0.11758 13
-1.51965 -0.01539 33.89941 0 0.42500 47.75000 18.63636 0.18320 13
-0.81284 0.03476 36.19731 0 -1.07500 25.27500 28.09507 0.12982 13
-0.04639 -0.18439 15.37127 0 5.60000 0.75000 15.35530 0.10254 -13
