1.15641 -0.27113 44.78907 0 8.15000 -36.82500 29.88739 0.15634 13
0.57002 -0.00756 7.09244 0 0.30000 -17.65000 6.16148 0.11594 -13
1.44506 -0.24367 65.87970 0 7.32500 -45.37500 38.22001 0.17864 13
-1.02867 -0.09536 59.97352 0 2.90000 28.42500 41.90084 0.14481 -13
-0.67938 -0.19225 72.38682 0 5.80000 23.27500 60.21572 0.12327 13
0.44191 -0.24395 26.12961 0 7.37500 -10.87500 24.01069 0.11282 -13
-0.38865 0.11726 39.92310 0 -3.52500 11.12500 37.24449 0.10868 -13
0.10540 -0.13288 70.75124 0 4.00000 -0.67500 70.36812 0.10214 13
0.55815 -0.20323 15.46731 0 6.10000 -17.27500 13.56992 0.11711 13
0.02936 0.04881 15.65943 0 -1.50000 -1.02500 15.65271 0.10088 13
0.39031 0.06420 91.45271 0 -1.95000 -11.10000 85.21642 0.10829 13
-0.30856 0.01904 87.08865 0 -0.57500 10.67500 83.21853 0.10541 13
-0.04427 -0.24174 20.85570 0 7.32500 0.60000 20.83642 0.10372 -13
-0.98732 -0.20794 52.62285 0 6.30000 29.60000 37.83509 0.14307 -13
-1.58650 0.01628 18.83022 0 -0.45000 49.97500 10.04177 0.18886 -13
1.41639 0.10700 24.25410 0 -3.25000 -44.12500 14.04164 0.17497 13
-0.09010 -0.09101 7.85840 0 2.80000 3.00000 7.82701 0.10155 -13
-0.27916 0.18197 7.85840 0 2.80000 3.15000 7.82701 0.10949 -13
-0.82403 0.05564 18.81856 0 -1.65000 26.87500 14.53177 0.13061 -13
0.09946 -0.10331 5.93144 0 3.02500 -3.37500 5.90263 0.10172 13
-0.64338 -0.09627 9.55744 0 2.97500 18.40000 8.04831 0.12017 -13
-0.32428 0.10369 81.03068 0 -3.12500 10.50000 77.11806 0.10638 -13
-0.02476 -0.21258 57.39428 0 6.42500 0.25000 57.37745 0.10299 -13
-0.31810 -0.18784 84.27041 0 5.65000 7.55000 80.43153 0.10735 13
1.75269 0.03190 95.51825 0 -0.95000 -54.02500 47.35401 0.20322 -13
0.67133 0.13640 61.58337 0 -4.10000 -19.12500 51.27557 0.12206 -13
0.68778 -0.26296 61.58337 0 7.95000 -19.62500 51.27557 0.12507 -13
-0.47404 -0.06321 79.84426 0 1.90000 14.85000 72.17494 0.11163 13
-1.57070 -0.15890 59.19998 0 4.77500 46.12500 32.07574 0.18818 13
-0.23502 0.09204 3.82523 0 -2.90000 6.77500 3.72478 0.10394 13
-0.49487 0.06988 93.09950 0 -2.12500 14.32500 83.48108 0.11258 13
0.59957 -0.12670 38.49713 0 3.80000 -17.42500 33.08580 0.11810 13
-0.18949 0.02688 13.55875 0 -0.85000 5.25000 13.32195 0.10254 13
-1.41481 -0.05318 57.68607 0 1.62500 42.60000 33.32637 0.17456 -13
-1.77784 0.03096 23.28707 0 -0.90000 53.17500 11.41980 0.20544 -13
0.09579 -0.00547 51.91662 0 0.15000 -2.77500 51.68010 0.10117 13
0.09595 -0.21572 23.63610 0 6.47500 -4.45000 23.53278 0.10346 13
0.59265 -0.17264 24.09704 0 5.22500 -15.00000 20.80851 0.11836 -13
-0.93477 0.04091 45.33239 0 -1.25000 27.42500 33.12998 0.13791 13
-1.41793 -0.18597 5.25850 0 5.77500 43.65000 3.06596 0.17590 -13
-1.11265 0.07450 73.44462 0 -2.25000 31.35000 49.16910 0.15084 -13
0.20819 -0.00599 58.38640 0 0.20000 -7.60000 57.16072 0.10286 -13
0.44230 0.12427 91.04590 0 -3.75000 -11.90000 83.36880 0.11082 -13
0.45529 -0.27573 91.04590 0 8.32500 -12.30000 83.36880 0.11408 -13
0.95765 0.00242 91.45666 0 -0.07500 -30.92500 66.05298 0.13943 -13
-0.21868 -0.14346 77.74843 0 4.32500 4.90000 75.98856 0.10409 -13
-0.97782 -0.11027 47.05168 0 3.35000 28.02500 33.74077 0.14129 -13
-0.18811 -0.22598 75.93939 0 6.82500 6.12500 74.69251 0.10497 -13
-0.03706 -0.04030 12.18186 0 1.17500 1.90000 12.17351 0.10085 13
0.18071 0.03748 97.96960 0 -1.12500 -7.07500 96.41013 0.10240 -13
-0.45365 -0.20338 15.78180 0 6.10000 12.65000 14.42085 0.11244 13
-0.67632 -0.16286 59.68727 0 4.92500 21.55000 49.64306 0.12268 -13
0.18255 -0.09963 3.63572 0 3.15000 -2.82500 3.57705 0.10295 -13
0.98576 -0.19171 82.96487 0 5.80000 -27.35000 59.60664 0.14273 -13
0.04906 -0.19750 96.68285 0 5.95000 -0.82500 96.57109 0.10277 13
0.48719 0.02214 38.73670 0 -0.65000 -16.30000 34.82542 0.11204 -13
-2.01367 0.11520 72.96260 0 -3.45000 61.60000 32.62367 0.22670 -13
0.56097 0.14438 45.54884 0 -4.35000 -17.15000 39.82278 0.11637 -13
0.57292 -0.25460 45.54884 0 7.70000 -17.50000 39.82278 0.11887 -13
0.07634 -0.06984 24.33594 0 2.07500 -6.02500 24.26570 0.10124 13
-0.28795 -0.19048 82.86837 0 5.75000 9.77500 79.73972 0.10654 -13
-0.30933 0.05732 55.09919 0 -1.72500 11.65000 52.64585 0.10557 -13
-1.55819 -0.14086 42.81701 0 4.22500 43.12500 23.28716 0.18697 13
-0.11950 -0.21350 59.70256 0 6.42500 1.42500 59.29908 0.10367 13
0.16228 -0.03019 92.88652 0 0.90000 -5.75000 91.68824 0.10207 13
0.03788 -0.00285 30.70379 0 0.10000 0.72500 30.68178 0.10078 -13
1.27374 -0.00924 89.14977 0 0.27500 -36.22500 55.05319 0.16308 13
1.47825 0.02499 83.10343 0 -0.77500 -44.07500 46.57391 0.17974 13
-1.87554 -0.06381 83.31122 0 1.92500 56.42500 39.25864 0.21414 -13
-0.49840 0.07298 44.43693 0 -2.20000 16.47500 39.79207 0.11276 -13
-0.28740 -0.05562 87.62725 0 1.67500 10.35000 84.22797 0.10493 -13
0.21753 -0.09256 97.59543 0 2.80000 -8.17500 95.38370 0.10348 -13
1.62729 -0.10491 45.52035 0 3.17500 -48.92500 23.92786 0.19264 -13
0.94074 -0.22263 33.22917 0 6.70000 -27.05000 24.47565 0.14005 13
-1.30536 -0.05982 80.99663 0 1.80000 38.17500 49.31247 0.16570 13
-0.78397 -0.23098 95.81114 0 6.97500 23.22500 76.13917 0.13006 -13
0.25124 -0.05324 20.65194 0 1.57500 -7.80000 20.03110 0.10397 13
-0.37708 -0.17951 37.28698 0 5.40000 10.07500 34.95704 0.10912 13
1.54947 -0.14618 65.40217 0 4.40000 -45.72500 35.72969 0.18627 13
1.60536 0.01363 16.70296 0 -0.47500 -49.50000 8.83202 0.19048 13
1.16049 -0.19525 22.65693 0 5.92500 -33.17500 14.94850 0.15556 -13
0.36659 0.10355 30.55083 0 -3.10000 -13.17500 28.70215 0.10776 -13
0.41813 -0.01224 48.89653 0 0.35000 -15.17500 45.11252 0.10916 13
0.00783 -0.19944 69.10497 0 6.00000 2.95000 69.10293 0.10268 13
-0.21054 0.09158 40.14547 0 -2.75000 5.27500 39.29110 0.10332 -13
-0.38132 0.04803 50.10717 0 -1.45000 10.07500 46.82578 0.10789 13
-1.19506 0.07320 48.07043 0 -2.20000 37.47500 30.89692 0.15710 -13
-0.66450 -0.01793 74.29153 0 0.55000 18.50000 61.87915 0.12092 -13
-0.68665 -0.24388 84.85681 0 7.35000 20.15000 70.59119 0.12459 13
0.90567 -0.20504 79.62280 0 6.20000 -25.12500 59.56044 0.13743 -13
0.08406 -0.22134 17.59335 0 6.65000 -2.20000 17.53444 0.10347 13
0.52228 -0.03021 14.10013 0 0.95000 -17.45000 12.49946 0.11366 -13
-0.23301 -0.14437 97.31468 0 4.35000 4.92500 94.82559 0.10441 13
0.21208 -0.00191 51.22149 0 0.05000 -6.90000 50.10703 0.10294 13
0.92558 0.11526 51.57397 0 -3.47500 -25.95000 37.96433 0.13770 -13
-0.90373 -0.09023 49.02669 0 2.70000 28.20000 36.43972 0.13603 13
0.35847 -0.03419 85.60853 0 1.02500 -9.55000 80.59240 0.10703 13
-0.06974 -0.23973 24.77163 0 7.25000 1.85000 24.71489 0.10381 -13
-1.71041 0.08447 89.15559 0 -2.55000 51.75000 45.11773 0.19971 13
-0.86313 -0.08190 81.77749 0 2.47500 25.97500 61.99498 0.13329 -13
1.08521 -0.10612 90.69339 0 3.20000 -29.75000 61.64425 0.14899 -13
-0.06207 -0.02051 89.24162 0 0.62500 1.95000 89.07028 0.10091 13
-0.09813 -0.06507 77.33878 0 1.97500 3.00000 76.97070 0.10140 -13
-0.59938 -0.23086 60.35167 0 6.97500 19.82500 52.11495 0.11970 -13
0.11091 -0.05261 14.03960 0 1.55000 -5.00000 13.95428 0.10146 13
-1.22426 -0.18132 98.17498 0 5.45000 37.30000 62.70739 0.16023 13
-1.93312 -0.08011 25.75841 0 2.45000 56.55000 11.86510 0.21935 -13
-0.62744 -0.12636 68.72547 0 3.82500 20.15000 58.34465 0.11957 -13
-0.39169 0.09550 99.77598 0 -2.87500 10.30000 92.95965 0.10858 -13
0.24474 0.03066 74.07709 0 -0.92500 -4.60000 71.95546 0.10372 -13
0.28586 0.13174 32.59159 0 -3.95000 -10.85000 31.35663 0.10557 -13
0.29340 -0.26783 32.59159 0 8.10000 -11.10000 31.35663 0.10838 -13
-0.45098 -0.14593 39.97778 0 4.40000 14.57500 36.50773 0.11144 13
0.68376 -0.10887 74.54712 0 3.30000 -18.50000 61.65222 0.12249 -13
0.95977 0.06134 40.03664 0 -1.87500 -27.02500 28.91117 0.13972 13
0.19995 -0.10196 71.90824 0 3.07500 -4.75000 70.52646 0.10321 -13
0.25782 -0.00330 97.66860 0 0.10000 -7.30000 94.57586 0.10400 -13
0.35280 -0.17884 75.67127 0 5.40000 -10.57500 71.48317 0.10829 13
-1.63817 -0.14486 40.68408 0 4.35000 49.12500 21.35818 0.19380 13
0.45250 -0.10734 10.98276 0 3.20000 -14.60000 10.01592 0.11105 13
0.30291 -0.09764 71.79573 0 2.95000 -8.12500 68.73989 0.10568 13
1.01227 -0.14738 60.00205 0 4.42500 -29.02500 42.39688 0.14404 13
0.58270 -0.08232 89.11225 0 2.47500 -19.37500 77.06056 0.11685 13
-0.63583 -0.06313 2.31172 0 2.15000 16.25000 1.95180 0.11970 -13
-0.44552 -0.19660 49.25735 0 5.95000 13.12500 45.13334 0.11202 -13
-1.66370 0.14071 23.10271 0 -4.27500 49.70000 11.98742 0.19603 13
-1.70178 -0.25856 23.10271 0 7.75000 50.80000 11.98742 0.20039 13
1.48764 -0.22262 95.08595 0 6.72500 -42.42500 53.93030 0.18191 -13
-0.72137 -0.15504 25.96472 0 4.65000 23.30000 21.14256 0.12514 13
-0.60005 0.05190 88.61720 0 -1.55000 19.70000 76.01372 0.11756 -13
-0.71989 -0.01230 70.33523 0 0.35000 21.82500 57.08400 0.12409 13
1.32705 -0.16532 15.62089 0 4.92500 -42.57500 9.48186 0.16811 13
0.53005 0.06526 71.46372 0 -1.95000 -18.47500 63.17158 0.11417 -13
0.54754 0.10811 25.71942 0 -3.25000 -18.00000 22.58934 0.11532 -13
0.46835 0.14237 88.72482 0 -4.30000 -14.02500 80.49259 0.11212 -13
0.47871 -0.25669 88.72482 0 7.75000 -14.32500 80.49259 0.11461 -13
-0.46565 -0.23211 58.53324 0 7.00000 14.60000 53.30610 0.11351 13
1.26729 0.13039 49.32208 0 -3.95000 -39.27500 30.71188 0.16311 13
1.30142 -0.26932 49.32208 0 8.10000 -40.30000 30.71188 0.16747 13
0.16130 -0.20082 72.45514 0 6.07500 -6.00000 71.56587 0.10400 -13
-0.24444 -0.08632 35.17787 0 2.60000 9.95000 34.17887 0.10403 13
0.66671 -0.15545 22.87019 0 4.72500 -16.90000 19.09824 0.12206 -13
-0.07401 -0.20840 69.88349 0 6.27500 0.85000 69.70075 0.10313 13
-1.07295 -0.24061 17.89945 0 7.30000 32.57500 12.38655 0.14973 -13
-0.26712 -0.11261 28.55639 0 3.37500 9.50000 27.60095 0.10484 13
-0.16489 0.13024 39.29335 0 -3.92500 6.05000 38.77842 0.10290 -13
-0.16933 -0.26942 39.29335 0 8.15000 6.17500 38.77842 0.10569 -13
1.52945 -0.15046 63.76465 0 4.52500 -47.25000 35.16746 0.18464 13
0.53783 -0.25032 9.10038 0 7.47500 -15.67500 8.06787 0.11705 13
-2.01596 0.04190 12.39790 0 -1.35000 61.02500 5.51295 0.22671 13
-0.91988 0.03281 79.48892 0 -1.00000 28.65000 58.51622 0.13688 13
1.04429 0.11050 87.15186 0 -3.35000 -30.60000 60.46629 0.14603 13
0.54914 -0.13856 60.62692 0 4.17500 -15.77500 53.25735 0.11573 13
1.40612 -0.01453 61.22262 0 0.42500 -42.17500 35.48473 0.17376 13
-1.72230 -0.11099 5.21605 0 3.15000 52.72500 2.63071 0.20080 13
-0.26601 0.02675 31.91242 0 -0.80000 9.90000 30.84072 0.10424 -13
-1.29099 -0.01781 71.28967 0 0.52500 38.97500 43.65992 0.16436 13
-1.29099 -0.01782 71.28967 0 0.52500 39.00000 43.65992 0.16445 13
2.14958 0.05796 22.22566 0 -1.70000 -63.07500 9.38803 0.23880 -13
1.71652 -0.12151 55.79775 0 3.67500 -52.05000 28.24231 0.20043 -13
-0.07008 -0.09826 55.61802 0 2.97500 1.92500 55.48330 0.10144 -13
-0.04545 0.08854 82.63871 0 -2.67500 3.40000 82.55411 0.10120 13
-0.06626 0.00561 98.20740 0 -0.17500 2.80000 97.99250 0.10093 13
0.76691 -0.03174 88.03587 0 0.97500 -24.25000 69.87092 0.12695 -13
-1.45066 -0.11916 81.15396 0 3.60000 44.87500 46.27952 0.17785 -13
0.57677 0.00772 65.27580 0 -0.25000 -17.12500 56.54509 0.11626 13
0.39115 -0.23883 60.55604 0 7.20000 -10.85000 56.59828 0.11077 13
-1.17093 -0.22217 39.38725 0 6.67500 32.85000 25.93471 0.15664 13
0.46240 0.01685 63.02344 0 -0.50000 -11.92500 57.20538 0.11096 -13
-0.80281 0.05282 85.51924 0 -1.57500 24.07500 66.72469 0.12924 -13
0.11752 -0.08154 72.95239 0 2.47500 -6.05000 72.45703 0.10173 -13
0.29052 -0.15652 93.41756 0 4.72500 -9.85000 89.79207 0.10604 -13
1.04028 0.10393 90.65744 0 -3.12500 -34.02500 63.00221 0.14567 -13
0.64002 -0.01556 12.87722 0 0.50000 -18.65000 10.84642 0.11958 -13
0.45762 0.12419 26.59056 0 -3.77500 -12.90000 24.21092 0.11146 13
0.47108 -0.27588 26.59056 0 8.30000 -13.30000 24.21092 0.11471 13
-1.86680 0.04604 6.93306 0 -1.52500 56.70000 3.27619 0.21340 13
0.83631 -0.03481 95.05797 0 1.05000 -25.77500 72.93726 0.13132 -13
0.51527 0.12137 61.41908 0 -3.67500 -15.50000 54.68046 0.11395 13
0.53103 -0.27884 61.41908 0 8.40000 -15.97500 54.68046 0.11742 13
0.65377 0.13718 66.94054 0 -4.12500 -18.67500 56.18457 0.12110 -13
0.66959 -0.26213 66.94054 0 7.92500 -19.15000 56.18457 0.12405 -13
0.03135 0.08755 76.94780 0 -2.62500 -0.52500 76.91030 0.10114 -13
-0.55971 -0.22081 2.60070 0 6.90000 17.22500 2.28206 0.11782 -13
0.04553 0.06317 8.67324 0 -1.85000 -2.65000 8.66429 0.10100 -13
-0.20085 -0.11784 66.65151 0 3.55000 4.95000 65.36368 0.10340 -13
-0.90404 -0.07632 54.87254 0 2.30000 28.87500 40.75775 0.13597 13
-0.04275 -0.03607 94.17772 0 1.07500 1.55000 94.09190 0.10086 13
1.86583 0.04390 32.52455 0 -1.30000 -55.55000 15.37519 0.21321 -13
1.44302 -0.06846 33.23625 0 2.10000 -43.82500 18.96144 0.17694 -13
0.34921 -0.08633 82.80977 0 2.60000 -11.97500 78.21120 0.10702 -13
0.63539 0.01047 97.97829 0 -0.30000 -17.10000 82.69846 0.11932 -13
-1.87520 0.04574 63.61893 0 -1.40000 54.05000 29.95978 0.21408 13
0.57082 0.01147 41.47634 0 -0.32500 -17.37500 36.02152 0.11596 -13
-0.29968 0.06141 19.18973 0 -1.87500 9.42500 18.38485 0.10532 13
-1.64632 -0.16842 99.24937 0 5.07500 47.55000 52.05250 0.19471 13
0.02925 -0.07153 66.92688 0 2.15000 0.17500 66.89841 0.10100 13
-1.69739 -0.24092 95.13007 0 7.25000 51.07500 49.30191 0.19986 13
-1.27330 0.10685 70.70550 0 -3.22500 39.95000 43.82497 0.16340 13
1.07102 -0.18681 22.90736 0 5.60000 -33.62500 15.77660 0.14872 13
-0.68805 0.14601 90.11580 0 -4.40000 20.70000 74.49050 0.12311 -13
-0.70227 -0.25290 90.11580 0 7.62500 21.12500 74.49050 0.12567 -13
0.34490 -0.07024 83.17561 0 2.10000 -8.52500 78.65052 0.10676 13
-0.96331 0.09853 29.97872 0 -3.00000 31.57500 21.64075 0.14020 13
0.09499 0.12170 87.56862 0 -3.67500 -1.47500 87.18192 0.10189 -13
0.09788 -0.27847 87.56862 0 8.40000 -1.57500 87.18192 0.10500 -13
-0.39758 -0.03860 10.83890 0 1.12500 11.85000 10.07306 0.10844 13
-0.46831 -0.21947 64.59175 0 6.60000 14.87500 58.73840 0.11337 13
-0.89272 0.05661 70.72810 0 -1.70000 28.62500 52.79950 0.13511 -13
0.36399 -0.13903 42.37545 0 4.20000 -10.65000 39.86360 0.10809 -13
1.35825 0.07105 11.40319 0 -2.22500 -40.92500 6.77174 0.17004 13
1.34891 0.00041 2.03975 0 -0.40000 -41.80000 1.21525 0.16927 13
1.62435 0.13513 89.52922 0 -4.07500 -47.35000 47.24444 0.19257 -13
1.66497 -0.26429 89.52922 0 7.97500 -48.60000 47.24444 0.19741 -13
1.69325 -0.20162 46.18008 0 6.05000 -48.85000 23.83151 0.19904 13
-0.76522 -0.08567 92.50507 0 2.60000 23.70000 73.56330 0.12709 -13
-0.47010 0.10137 68.80906 0 -3.05000 16.25000 62.32890 0.11174 -13
-1.45026 0.04071 36.96089 0 -1.20000 44.22500 20.99324 0.17745 -13
1.08959 0.10840 86.95281 0 -3.25000 -35.90000 58.98071 0.14933 -13
-1.06667 -0.01629 47.02042 0 0.50000 33.45000 32.16145 0.14724 -13
0.40059 -0.06800 60.05736 0 2.05000 -12.85000 55.76805 0.10870 13
1.17190 -0.05518 96.46667 0 1.67500 -36.70000 62.67327 0.15524 -13
-0.80790 0.07099 59.52652 0 -2.12500 24.42500 46.34928 0.12966 -13
1.08347 0.14213 75.34391 0 -4.30000 -33.67500 51.37561 0.14918 13
1.10756 -0.25699 75.34391 0 7.75000 -34.40000 51.37561 0.15247 13
0.51295 -0.10152 55.11250 0 3.07500 -12.30000 49.08957 0.11365 -13
-0.49006 -0.08777 10.38342 0 2.70000 15.65000 9.33100 0.11251 -13
-0.30574 0.09616 79.53022 0 -2.90000 8.07500 76.08468 0.10575 13
0.62576 -0.19804 64.00944 0 5.97500 -18.62500 54.55223 0.12045 13
1.78805 -0.09714 46.55201 0 2.90000 -50.52500 22.80468 0.20652 13
0.95985 -0.15443 82.28914 0 4.65000 -30.17500 59.70109 0.14044 13
1.94572 0.11693 54.92876 0 -3.55000 -59.25000 25.24284 0.22064 13
-0.17528 -0.02938 39.99025 0 0.90000 4.00000 39.39022 0.10228 -13
1.18488 0.08030 72.25329 0 -2.42500 -34.72500 46.68904 0.15634 -13
0.97040 -0.08600 72.07687 0 2.60000 -30.05000 51.81873 0.14059 -13
0.28664 0.00219 63.82298 0 -0.05000 -7.92500 61.35220 0.10476 -13
0.77439 0.05468 3.40304 0 -1.85000 -22.57500 2.69202 0.12760 13
-0.20635 -0.06355 63.14493 0 1.92500 7.70000 61.84705 0.10302 -13
0.21623 0.04682 57.35611 0 -1.40000 -3.92500 56.06329 0.10314 -13
-0.69794 -0.02236 52.24349 0 0.67500 20.02500 42.84433 0.12283 13
0.28867 -0.11116 24.25690 0 3.32500 -10.60000 23.31625 0.10540 13
-0.44526 -0.07329 32.79160 0 2.20000 15.17500 29.96941 0.11048 13
-0.64429 -0.06129 95.25324 0 1.85000 22.85000 80.11673 0.11995 13
0.80660 -0.05258 56.75443 0 1.57500 -23.57500 44.19943 0.12948 13
-0.83765 -0.09584 39.85928 0 2.90000 26.77500 30.61291 0.13173 -13
-0.12886 -0.05819 86.95978 0 1.75000 5.10000 86.24912 0.10171 -13
-0.89390 0.08121 90.58825 0 -2.45000 30.75000 67.63677 0.13532 13
1.40804 0.05870 33.83257 0 -1.80000 -43.22500 19.61296 0.17402 13
0.03393 0.02021 35.31460 0 -0.60000 2.10000 35.29430 0.10078 -13
-1.23949 0.09963 90.28297 0 -3.02500 36.30000 56.85818 0.16070 13
-1.04728 -0.11487 31.67487 0 3.45000 32.67500 21.94940 0.14626 13
-0.60095 0.03331 58.18820 0 -1.00000 20.02500 49.88208 0.11754 -13
2.10218 -0.07011 25.31525 0 2.17500 -63.77500 10.89496 0.23460 -13
0.55406 -0.00572 90.71629 0 0.17500 -15.42500 79.35106 0.11513 -13
0.06054 0.07212 40.51553 0 -2.17500 -0.57500 40.44191 0.10116 13
-1.18685 0.01657 96.62606 0 -0.50000 35.10000 62.26543 0.15630 -13
-0.44225 -0.12320 13.92012 0 3.75000 11.25000 12.74636 0.11083 -13
-0.46750 -0.12768 1.49544 0 3.50000 14.47500 1.35679 0.11201 13
0.27895 -0.05628 53.00629 0 1.70000 -7.70000 51.06287 0.10471 -13
0.74725 -0.01975 24.79839 0 0.57500 -24.10000 19.86614 0.12573 13
-0.70919 0.02835 83.15202 0 -0.85000 19.45000 67.83569 0.12349 -13
-0.41487 -0.22952 76.66650 0 6.92500 11.87500 71.07598 0.11146 -13
-1.62281 0.00006 16.10867 0 -0.05000 49.62500 8.45055 0.19196 13
2.17492 -0.14179 34.81531 0 4.32500 -62.52500 14.66322 0.24154 -13
-0.88833 0.11999 68.05659 0 -3.62500 28.52500 51.03950 0.13525 13
-0.91599 -0.28032 68.05659 0 8.45000 29.35000 51.03950 0.13944 13
0.64878 -0.16644 96.77171 0 5.02500 -18.50000 81.50890 0.12120 13
1.49810 -0.07926 71.94654 0 2.37500 -45.55000 40.02954 0.18156 13
-1.68235 0.01625 54.25655 0 -0.50000 51.67500 27.72576 0.19709 13
-0.45040 -0.05254 50.10343 0 1.60000 11.67500 45.69408 0.11058 -13
-0.17956 -0.13454 55.55829 0 4.07500 4.35000 54.69915 0.10321 -13
1.12035 0.00838 51.55923 0 -0.27500 -34.27500 34.33370 0.15123 13
-1.66914 -0.11946 49.69809 0 3.62500 49.62500 25.67493 0.19633 -13
-1.79690 -0.24000 98.53017 0 7.22500 57.32500 48.94110 0.20848 13
0.47368 0.02030 85.59487 0 -0.60000 -15.25000 77.35835 0.11145 -13
0.32935 -0.06082 65.23115 0 1.85000 -9.70000 61.96836 0.10620 -13
1.25608 -0.11644 16.16515 0 3.45000 -37.65000 10.11047 0.16207 13
1.88253 0.01181 35.76572 0 -0.32500 -56.95000 16.77874 0.21468 -13
-1.23161 -0.18527 73.43538 0 5.60000 38.20000 46.75863 0.16086 -13
-0.92624 0.04775 93.55122 0 -1.45000 26.40000 68.66919 0.13735 13
0.48257 -0.08844 95.80823 0 2.67500 -13.90000 86.34981 0.11217 -13
-1.64563 -0.05685 52.83565 0 1.72500 48.05000 27.47013 0.19402 -13
1.71739 -0.05783 46.91536 0 1.72500 -52.52500 23.63676 0.20021 13
0.28958 0.00231 11.60370 0 -0.10000 -10.15000 11.14568 0.10485 13
0.04612 -0.05933 46.18743 0 1.80000 -1.57500 46.13857 0.10099 -13
-0.23594 -0.18272 61.12361 0 5.52500 7.20000 59.54077 0.10510 -13
-0.32751 -0.20807 75.66586 0 6.27500 10.50000 72.05270 0.10802 -13
-1.42127 -0.06651 38.73087 0 1.97500 45.62500 22.32030 0.17513 13
-1.06672 -0.18505 60.92570 0 5.57500 31.75000 42.04083 0.14841 13
1.79293 0.02010 71.21534 0 -0.62500 -54.27500 34.69464 0.20675 13
0.42109 0.09012 39.43028 0 -2.72500 -10.70000 36.36199 0.10965 13
-1.84991 -0.04983 21.95305 0 1.45000 55.92500 10.45031 0.21180 13
0.00457 0.08058 36.71372 0 -2.45000 0.27500 36.71334 0.10104 13
-0.29333 -0.03684 19.38872 0 1.07500 8.02500 18.60584 0.10501 13
1.28376 -0.00941 46.58133 0 0.30000 -38.85000 28.62652 0.16387 -13
-1.22065 -0.01313 9.34531 0 0.47500 34.92500 5.92299 0.15892 -13
0.41600 -0.20210 1.98152 0 6.37500 -11.92500 1.83504 0.11130 -13
-0.29647 -0.04567 10.31800 0 1.32500 8.15000 9.89324 0.10514 13
-0.45150 0.06346 35.95653 0 -1.90000 12.42500 32.78240 0.11067 -13
-0.74368 -0.21427 91.99907 0 6.47500 25.97500 74.40624 0.12734 -13
-1.59561 -0.20703 72.79452 0 6.25000 48.40000 39.24021 0.19079 -13
-0.68091 -0.21867 85.03062 0 6.60000 19.15000 70.79823 0.12381 -13
-1.22743 -0.05326 32.67665 0 1.57500 38.92500 20.65692 0.15952 13
-1.04643 0.09104 84.97962 0 -2.75000 30.72500 58.83740 0.14605 -13
-0.29604 -0.10287 69.40999 0 3.10000 10.07500 66.58283 0.10553 13
0.83412 -0.22683 70.42972 0 6.82500 -26.07500 54.63610 0.13311 13
0.55147 0.00123 31.74167 0 -0.05000 -16.12500 27.79534 0.11500 13
0.78853 0.00232 54.06382 0 -0.07500 -24.40000 42.45337 0.12824 13
-0.86073 0.01516 53.41993 0 -0.47500 27.87500 40.48936 0.13288 13
-0.55943 0.05243 86.38069 0 -1.60000 17.10000 75.41072 0.11551 13
-0.88727 0.03633 85.40110 0 -1.10000 29.12500 63.89923 0.13468 13
-2.11443 0.05412 12.73036 0 -1.72500 64.40000 5.44903 0.23566 13
0.11481 -0.14815 49.17987 0 4.45000 -1.65000 48.86571 0.10245 13
1.63528 -0.02609 69.90321 0 0.77500 -48.22500 36.47760 0.19304 13
-0.76266 0.14023 53.56259 0 -4.25000 24.60000 42.74154 0.12743 13
-0.78019 -0.25897 53.56259 0 7.80000 25.12500 42.74154 0.13034 13
-1.43625 -0.10482 35.16957 0 3.15000 43.90000 20.17031 0.17654 13
-1.54198 0.14143 57.96382 0 -4.25000 44.12500 31.75939 0.18561 -13
-1.57662 -0.25768 57.96382 0 7.80000 45.17500 31.75939 0.18983 -13
0.84717 -0.10926 11.78500 0 3.35000 -23.97500 9.01388 0.13248 -13
0.27853 -0.08795 79.94310 0 2.65000 -8.25000 77.03284 0.10491 -13
2.00976 0.04962 63.32858 0 -1.47500 -60.40000 28.23968 0.22610 -13
-0.08057 0.02883 78.00735 0 -0.87500 0.30000 77.75558 0.10107 13
-0.61403 -0.20179 30.94522 0 6.10000 18.17500 26.51341 0.11992 -13
-0.30854 -0.07648 71.74425 0 2.32500 6.37500 68.57309 0.10567 -13
0.32431 -0.09820 88.27743 0 2.97500 -8.90000 84.01014 0.10632 -13
-0.45744 -0.14045 36.96960 0 4.25000 12.32500 33.67531 0.11165 -13
-0.22605 -0.18596 79.76616 0 5.62500 4.52500 77.86644 0.10494 -13
0.46077 -0.23271 80.80391 0 7.02500 -13.27500 73.72033 0.11332 13
1.46949 0.10037 6.09079 0 -3.17500 -42.75000 3.43839 0.17940 13
1.34096 -0.09911 89.60786 0 2.97500 -40.32500 53.73586 0.16875 13
-0.34560 -0.03315 82.15611 0 1.00000 8.10000 77.65424 0.10660 13
-1.24459 -0.11968 1.06845 0 4.35000 38.27500 0.67234 0.16250 -13
0.42107 0.04834 15.22625 0 -1.42500 -11.67500 14.03556 0.10937 -13
0.36403 -0.17656 11.64651 0 5.37500 -11.02500 10.96350 0.10866 -13
-0.65567 -0.14373 49.00482 0 4.32500 20.85000 41.10704 0.12128 13
-0.18609 -0.21498 71.76254 0 6.50000 6.17500 70.60359 0.10470 -13
0.27395 -0.06231 15.07699 0 1.90000 -8.02500 14.54329 0.10461 -13
0.46997 0.00757 47.77151 0 -0.22500 -14.52500 43.23512 0.11127 -13
0.69276 -0.15456 43.09290 0 4.65000 -22.70000 35.55784 0.12348 13
-0.34167 -0.08643 33.97521 0 2.62500 12.32500 32.16288 0.10678 -13
0.87925 -0.21284 52.74068 0 6.40000 -27.32500 39.98768 0.13579 13
0.24530 0.07515 90.32488 0 -2.25000 -7.65000 87.73813 0.10397 -13
0.03904 0.05854 60.49013 0 -1.75000 -0.75000 60.44423 0.10095 -13
1.03596 0.10198 83.29660 0 -3.07500 -29.80000 58.00476 0.14536 -13
-0.03863 0.11202 24.95345 0 -3.35000 1.80000 24.93509 0.10140 -13
-0.12188 0.10883 79.80809 0 -3.27500 2.50000 79.22869 0.10204 -13
1.10734 -0.02217 18.65952 0 0.70000 -32.37500 12.50761 0.15028 -13
1.29049 -0.22070 68.07609 0 6.67500 -39.00000 42.31702 0.16569 -13
1.29049 -0.22069 68.07609 0 6.67500 -39.02500 42.31702 0.16591 -13
-0.33862 -0.08248 13.01342 0 2.45000 12.00000 12.33029 0.10664 13
-0.86138 -0.08441 63.88002 0 2.55000 26.12500 48.47271 0.13319 -13
0.30723 0.05991 33.32075 0 -1.80000 -7.60000 31.85634 0.10552 -13
-1.43962 -0.17012 95.05936 0 5.12500 44.50000 54.75258 0.17734 13
-0.52707 -0.12900 22.86365 0 3.87500 16.75000 20.26230 0.11456 13
1.30887 0.11915 21.76895 0 -3.55000 -42.52500 13.27428 0.16630 -13
0.91010 0.08348 33.42141 0 -2.50000 -26.60000 24.75660 0.13642 -13
-1.47198 0.10157 9.09425 0 -2.97500 45.80000 5.12821 0.17946 -13
0.67761 0.14542 29.39190 0 -4.37500 -16.60000 24.41174 0.12251 -13
0.69179 -0.25353 29.39190 0 7.67500 -17.02500 24.41174 0.12510 -13
-1.87659 0.08551 2.62441 0 -3.00000 56.32500 1.23727 0.21485 13
0.23510 -0.01478 51.89441 0 0.42500 -6.90000 50.51736 0.10346 13
-0.07338 -0.10200 68.37034 0 3.07500 3.25000 68.18888 0.10150 -13
-0.67606 0.01275 41.89589 0 -0.40000 22.50000 34.70914 0.12156 13
-0.36478 -0.23070 83.90834 0 6.95000 12.42500 79.06211 0.10968 13
0.77058 0.04783 43.50206 0 -1.42500 -20.60000 34.47276 0.12722 -13
-0.67118 -0.22977 8.56506 0 6.85000 18.45000 7.16747 0.12342 13
-0.83842 0.05694 51.44258 0 -1.70000 24.00000 39.44701 0.13154 -13
1.23286 -0.11064 34.78983 0 3.32500 -38.92500 21.99593 0.16024 13
0.38475 -0.16761 16.52682 0 5.10000 -12.50000 15.45181 0.10924 -13
0.62492 0.05252 12.02264 0 -1.52500 -18.52500 10.19972 0.11886 -13
1.18261 -0.02063 79.80699 0 0.62500 -33.67500 51.53702 0.15587 13
1.78673 -5.74180 79.80699 0 0.67500 -33.67500 51.53702 0.15604 13
0.42459 20.02308 79.80699 0 1.07500 -33.62500 51.53702 0.15769 13
-0.03854 1.48714 79.80699 0 1.57500 -33.40000 51.53702 0.15901 13
-0.39371 0.64021 79.80699 0 0.70000 -33.27500 51.53702 0.16958 13
0.60829 0.16154 79.80699 0 1.82500 -32.32500 51.53702 0.17841 13
-0.24614 -0.22050 8.30365 0 6.72500 7.32500 8.07372 0.10611 -13
0.17460 -0.12801 38.61893 0 3.87500 -4.45000 38.05252 0.10304 -13
-0.77273 0.04039 49.98654 0 -1.20000 22.27500 39.56569 0.12733 -13
1.57392 -0.04280 81.69554 0 1.30000 -43.45000 43.83933 0.18784 -13
-0.20109 -0.14566 86.91288 0 4.40000 5.35000 85.24154 0.10376 13
0.24341 0.07556 74.83287 0 -2.27500 -7.10000 72.72157 0.10393 13
1.52826 -0.09367 63.25753 0 2.80000 -45.92500 34.74121 0.18416 13
1.24318 -0.08119 29.12375 0 2.42500 -35.72500 18.29039 0.16087 13
0.90726 -0.03591 18.73917 0 1.05000 -30.57500 13.88250 0.13601 13
2.00700 -0.00562 66.94645 0 0.15000 -63.07500 29.85606 0.22581 13
-0.57645 -0.24795 17.68841 0 7.50000 18.45000 15.43665 0.11892 -13
1.29259 -0.06413 91.73854 0 1.92500 -40.12500 56.20725 0.16469 13
-1.43245 -0.17633 83.69850 0 5.30000 43.25000 48.40384 0.17681 13
-0.74942 0.05841 17.27625 0 -1.72500 23.72500 13.83365 0.12597 -13
1.24136 -0.08637 2.91749 0 2.32500 -37.10000 1.83465 0.16072 13
1.82603 -0.02386 67.43291 0 0.72500 -52.97500 32.39672 0.20967 -13
-0.08459 -0.09347 97.90610 0 2.82500 6.57500 97.56073 0.10150 13
1.35459 0.09367 89.02886 0 -2.82500 -41.77500 53.02557 0.16982 13
0.92354 0.04799 60.57078 0 -1.42500 -27.60000 44.52108 0.13716 -13
-0.58624 -0.01492 40.23842 0 0.42500 16.12500 34.71397 0.11674 13
-0.91845 -0.16961 45.94565 0 5.12500 28.72500 34.05771 0.13780 -13
-1.36989 -0.03666 96.01297 0 1.10000 40.37500 56.63404 0.17083 13
0.87304 0.07957 34.04713 0 -2.37500 -26.25000 25.68302 0.13391 -13
0.59304 0.09628 38.11073 0 -2.92500 -19.52500 32.81889 0.11749 13
0.04592 -0.21928 93.05279 0 6.62500 -1.85000 92.95939 0.10320 -13
-1.29955 -0.09164 88.02717 0 2.75000 38.47500 53.82345 0.16539 13
-0.41243 -0.17016 49.31364 0 5.12500 14.35000 45.68229 0.11026 13
0.59931 0.00878 97.12814 0 -0.27500 -20.30000 83.31340 0.11741 13
0.02425 -0.09912 12.99906 0 2.95000 -0.62500 12.99528 0.10121 13
0.08697 -0.24898 77.17212 0 7.52500 -4.05000 76.89873 0.10415 -13
0.87264 0.13404 38.11084 0 -4.02500 -23.65000 28.82539 0.13432 -13
0.89483 -0.26540 38.11084 0 8.02500 -24.32500 28.82539 0.13777 -13
0.15679 -0.12214 89.66760 0 3.70000 -5.05000 88.60112 0.10267 -13
-0.62571 -0.12259 28.14667 0 3.67500 17.00000 23.91055 0.11943 13
1.03399 -0.04884 10.64823 0 1.40000 -33.80000 7.40695 0.14494 13
1.12852 -0.13936 67.17099 0 4.20000 -32.17500 44.78781 0.15248 13
-0.68214 -0.19097 76.83469 0 5.77500 20.57500 63.83119 0.12341 -13
-0.38161 -0.04627 33.03167 0 1.37500 10.27500 30.86507 0.10788 13
1.05278 -0.04069 88.55476 0 1.22500 -32.10000 61.01425 0.14628 -13
0.24404 0.03364 68.09402 0 -1.00000 -7.50000 66.15476 0.10371 -13
0.65847 -0.08379 47.98928 0 2.55000 -17.40000 40.12283 0.12087 -13
0.03962 -0.15255 3.38218 0 4.45000 -1.57500 3.37958 0.10192 13
-0.72333 -0.20458 1.21521 0 6.67500 22.35000 0.99124 0.12694 -13
-0.59138 -0.18364 55.99733 0 5.55000 17.37500 48.40468 0.11846 -13
-1.47591 0.08885 24.29879 0 -2.65000 42.00000 13.66567 0.17976 -13
-0.63454 0.08333 16.01775 0 -2.47500 18.17500 13.53782 0.11955 -13
-0.65921 -0.10788 94.74668 0 3.25000 22.12500 79.24376 0.12110 13
0.21940 -0.10411 70.49555 0 3.12500 -9.57500 68.87457 0.10363 13
-0.47497 -0.00516 54.87211 0 0.15000 15.22500 49.56566 0.11149 13
1.90056 -0.02782 49.30438 0 0.82500 -59.52500 22.96537 0.21628 13
1.02125 -0.19144 98.07976 0 5.77500 -32.40000 69.24793 0.14523 -13
-1.58532 -0.22475 15.41947 0 6.72500 46.40000 8.37156 0.19002 13
-0.78271 -0.00209 22.14228 0 0.10000 23.30000 17.43637 0.12788 -13
0.82680 -0.02258 43.13144 0 0.70000 -24.90000 33.24450 0.13069 -13
-0.04745 0.14212 68.15269 0 -4.27500 3.60000 68.07761 0.10183 -13
-0.04850 -0.25695 68.15269 0 7.75000 3.62500 68.07761 0.10410 -13
1.18545 0.04509 19.96968 0 -1.32500 -36.60000 12.88333 0.15625 -13
-1.61711 -0.16921 12.14880 0 5.02500 47.80000 6.45497 0.19216 13
-0.49229 0.01326 94.42827 0 -0.40000 15.32500 84.72016 0.11225 -13
0.77009 0.05633 50.32417 0 -1.70000 -25.20000 39.89503 0.12723 13
0.34348 -0.10737 24.69775 0 3.25000 -10.85000 23.37226 0.10704 -13
0.27954 -0.07614 37.99771 0 2.27500 -7.27500 36.60264 0.10484 13
-1.02227 -0.00393 27.18188 0 0.15000 33.05000 19.00780 0.14401 -13
0.55774 -0.10675 60.18019 0 3.22500 -16.15000 52.62882 0.11581 -13
1.77474 -0.24097 15.98521 0 7.32500 -52.52500 8.01575 0.20667 -13
1.54585 0.11505 81.52403 0 -3.47500 -45.87500 44.48462 0.18578 13
-1.64565 0.06608 7.93493 0 -2.12500 50.37500 4.12739 0.19409 13
-1.61108 -0.24758 59.98109 0 7.45000 47.52500 32.31227 0.19255 13
-0.31417 -0.17766 56.02244 0 5.37500 9.62500 53.52060 0.10707 -13
-0.85240 0.04838 45.15597 0 -1.47500 31.00000 34.38217 0.13242 13
-0.18294 -0.21482 13.31237 0 6.45000 5.15000 13.10442 0.10462 13
-0.22843 -0.05406 72.76914 0 1.65000 5.22500 70.94682 0.10344 -13
0.17807 -0.13966 45.74945 0 4.20000 -6.15000 45.05421 0.10324 13
-1.83036 -0.15960 75.09777 0 4.80000 55.65000 36.35516 0.21064 13
0.23019 -0.20387 23.40785 0 6.17500 -8.85000 22.83422 0.10537 -13
-0.11783 -0.18490 54.74067 0 5.57500 5.15000 54.37689 0.10310 -13
0.62742 0.09472 41.66896 0 -2.85000 -18.65000 35.34108 0.11926 -13
0.82900 -0.13541 8.25037 0 4.00000 -24.15000 6.37494 0.13149 13
-1.77417 0.03330 11.50289 0 -1.10000 53.70000 5.65059 0.20514 13
-1.20776 -0.24706 41.89722 0 7.47500 36.70000 27.18778 0.15988 -13
1.44505 -0.04688 71.37444 0 1.42500 -43.95000 40.64567 0.17703 -13
0.27075 -0.17903 84.53794 0 5.40000 -6.60000 81.68661 0.10587 13
-0.09398 0.00906 17.99288 0 -0.30000 0.27500 17.91398 0.10116 13
1.42248 0.08076 3.86600 0 -2.65000 -41.97500 2.22865 0.17542 13
-0.35887 0.12498 56.87417 0 -3.75000 10.40000 53.57848 0.10772 -13
-0.36931 -0.27498 56.87417 0 8.30000 10.70000 53.57848 0.11088 -13
0.50675 -0.22675 89.81383 0 6.82500 -17.70000 80.51768 0.11518 13
-0.82857 -0.06630 43.01844 0 1.97500 24.00000 33.15494 0.13095 13
-1.77540 0.04375 93.22349 0 -1.32500 51.62500 45.78394 0.20524 13
-0.90091 -0.03426 44.08157 0 1.05000 28.65000 32.75916 0.13559 -13
-1.40942 -0.12283 32.20560 0 3.67500 41.67500 18.72903 0.17445 13
-0.45158 -0.03696 56.02008 0 1.12500 10.07500 51.06172 0.11056 -13
1.26727 -0.13311 99.96365 0 4.00000 -37.02500 62.25814 0.16311 13
1.65440 -0.21280 55.98356 0 6.42500 -51.65000 29.43083 0.19587 -13
1.74373 0.08475 59.12673 0 -2.55000 -54.87500 29.49402 0.20259 -13
0.63480 0.11623 27.64953 0 -3.52500 -23.20000 23.38820 0.11986 13
0.66415 -0.01857 4.23256 0 0.42500 -21.00000 3.52581 0.12094 13
0.49076 -0.02993 85.14518 0 0.90000 -13.92500 76.44331 0.11222 13
1.44910 0.06251 21.75996 0 -1.92500 -43.77500 12.37541 0.17743 13
0.91588 -0.19949 26.26103 0 6.00000 -28.62500 19.53737 0.13801 13
-0.08412 -0.06196 42.03120 0 1.85000 3.00000 41.88386 0.10125 13
0.55443 -0.15297 27.32752 0 4.62500 -18.50000 23.96446 0.11618 -13
0.12460 -0.09567 86.65313 0 2.87500 -2.25000 85.99414 0.10194 13
0.69173 -0.11431 89.26538 0 3.45000 -25.00000 73.56648 0.12299 13
0.27336 -0.11957 82.90693 0 3.60000 -8.10000 80.01186 0.10509 13
-1.23359 -0.02179 11.19145 0 0.72500 39.60000 7.04865 0.15994 -13
0.27472 0.05884 99.48786 0 -1.77500 -8.15000 95.94541 0.10460 13
1.29806 -0.23722 59.31765 0 7.17500 -38.12500 36.82139 0.16674 -13
-0.34483 0.10555 51.16132 0 -3.20000 9.40000 48.39495 0.10705 13
-1.24814 -0.19440 50.98835 0 5.87500 36.75000 32.23993 0.16226 -13
0.07428 -0.18166 28.97077 0 5.47500 -3.20000 28.89369 0.10262 13
0.34541 -0.20486 26.74209 0 6.15000 -12.37500 25.33100 0.10851 13
-0.47319 -0.08046 85.44374 0 2.42500 16.05000 77.27881 0.11169 13
0.00368 -0.22731 24.80233 0 6.87500 0.42500 24.80217 0.10329 -13
-0.58056 0.09840 71.72451 0 -2.97500 18.32500 62.10369 0.11687 13
-1.74880 0.10939 44.18537 0 -3.32500 51.75000 22.03203 0.20318 13
0.99555 -0.19531 12.72131 0 5.82500 -33.45000 9.09924 0.14340 13
-0.85878 0.12210 15.68843 0 -3.65000 28.75000 11.93952 0.13329 -13
-0.88487 -0.27797 15.68843 0 8.42500 29.55000 11.93952 0.13739 -13
0.05466 -0.19488 61.55181 0 5.87500 -1.72500 61.46339 0.10275 -13
-0.88765 0.07601 73.15204 0 -2.27500 26.15000 54.77761 0.13487 -13
-0.73905 0.07069 40.33884 0 -2.12500 20.47500 32.46899 0.12542 -13
0.65131 -0.17134 86.14354 0 5.15000 -19.30000 72.49217 0.12140 13
