-0.49531 -0.16461 91.04192 0 4.95000 13.42500 81.79557 0.11359 13
-0.21975 -0.19557 91.36971 0 5.90000 9.67500 89.31599 0.10497 -13
0.84802 -0.07744 18.16945 0 2.30000 -25.87500 13.87506 0.13225 13
0.21840 -0.12295 10.11128 0 3.75000 -9.05000 9.88170 0.10384 -13
-0.95184 -0.12735 64.59248 0 3.82500 30.82500 46.96457 0.13962 13
-0.32826 -0.05895 67.47133 0 1.77500 10.80000 64.11671 0.10615 13
-1.62521 -0.21183 86.64850 0 6.40000 48.87500 46.13245 0.19336 -13
2.19404 -0.09182 64.32196 0 2.75000 -63.90000 26.76879 0.24298 13
0.83230 0.12864 42.00045 0 -3.87500 -27.62500 32.39034 0.13165 -13
0.85529 -0.27112 42.00045 0 8.20000 -28.32500 32.39034 0.13531 -13
0.02994 0.09089 62.02083 0 -2.72500 -2.42500 61.99328 0.10116 -13
-1.01270 0.12408 7.08437 0 -3.62500 30.40000 4.99661 0.14384 -13
-1.04260 -0.27590 7.08437 0 8.42500 31.35000 4.99661 0.14828 -13
0.64303 -0.05123 77.89073 0 1.55000 -16.17500 65.54007 0.11984 -13
-0.17218 0.12624 48.82567 0 -3.80000 7.05000 48.12836 0.10297 -13
-0.17711 -0.27362 48.82567 0 8.27500 7.20000 48.12836 0.10593 -13
-0.27244 -0.14511 49.66139 0 4.37500 7.82500 47.94937 0.10540 -13
-0.98505 0.05494 70.88528 0 -1.67500 29.55000 50.53723 0.14146 13
0.31406 -0.05126 53.32659 0 1.55000 -10.47500 50.88273 0.10568 -13
-0.04915 -0.05939 31.60295 0 1.77500 3.67500 31.56498 0.10100 13
1.24756 -0.21327 22.18650 0 6.47500 -37.50000 14.06376 0.16248 -13
0.68610 0.06373 40.63541 0 -1.92500 -22.75000 33.52856 0.12230 13
0.49575 -0.00803 37.47068 0 0.22500 -15.27500 33.57175 0.11240 13
-1.85155 -0.22831 62.50814 0 6.90000 56.85000 30.29083 0.21319 -13
0.17427 0.14312 35.88314 0 -4.30000 -4.50000 35.36076 0.10323 -13
0.17807 -0.25591 35.88314 0 7.72500 -4.62500 35.36076 0.10550 -13
-0.17015 -0.12355 16.46712 0 3.70000 5.25000 16.23734 0.10290 13
0.24577 -0.09222 88.82408 0 2.77500 -5.97500 86.27780 0.10412 -13
0.90526 -0.08557 77.62948 0 2.60000 -26.45000 57.64498 0.13611 -13
-1.59872 -0.05547 7.43164 0 1.80000 48.17500 3.94512 0.19006 -13
1.05204 -0.16019 21.74685 0 4.87500 -29.70000 15.08283 0.14708 -13
1.64629 -0.04495 47.09903 0 1.37500 -50.25000 24.46950 0.19403 -13
0.20278 0.14001 49.25983 0 -4.22500 -6.72500 48.29557 0.10372 13
0.20745 -0.25919 49.25983 0 7.80000 -6.85000 48.29557 0.10610 13
-0.78394 -0.08903 33.13202 0 2.70000 23.10000 26.11383 0.12828 -13
1.54158 0.14951 35.90062 0 -4.47500 -43.47500 19.68944 0.18563 -13
1.57133 -0.24925 35.90062 0 7.55000 -44.40000 19.68944 0.18927 -13
-1.12755 0.12865 2.59887 0 -3.62500 36.62500 1.73306 0.15221 -13
-1.15832 -0.27005 2.59887 0 8.45000 37.70000 1.73306 0.15696 -13
1.81768 -0.00932 15.86748 0 0.35000 -54.40000 7.64851 0.20893 -13
-0.98038 -0.06591 22.17130 0 1.95000 30.25000 15.84870 0.14118 13
0.01233 0.00331 68.98537 0 -0.10000 -1.62500 68.98013 0.10071 -13
1.16549 0.13263 83.65120 0 -4.00000 -35.47500 54.74402 0.15523 13
1.19581 -0.26695 83.65120 0 8.05000 -36.40000 54.74402 0.15925 13
0.97203 -0.12187 57.46791 0 3.67500 -26.55000 41.35540 0.14096 13
0.41845 -0.12660 85.27774 0 3.82500 -13.70000 78.76053 0.10991 -13
-1.17458 -0.19526 20.93349 0 5.92500 36.07500 13.71650 0.15663 -13
-0.94686 -0.24873 66.92579 0 7.50000 27.97500 49.28111 0.14092 13
-0.82119 -0.13147 42.82485 0 3.97500 24.02500 33.20919 0.13099 -13
-0.32251 -0.01528 78.11634 0 0.45000 8.02500 74.34640 0.10582 13
1.07883 -0.14642 79.31632 0 4.40000 -33.02500 54.22652 0.14886 13
0.11699 0.02206 20.55416 0 -0.65000 -4.02500 20.41497 0.10142 -13
0.72724 -0.12829 7.39625 0 3.77500 -22.75000 5.99872 0.12515 13
0.27811 -0.09278 1.83691 0 3.07500 -12.15000 1.77043 0.10520 -13
-0.59291 -0.23257 7.92813 0 7.10000 19.05000 6.86558 0.11947 -13
-1.01900 -0.07505 91.76637 0 2.25000 29.72500 64.36651 0.14397 13
-0.29789 -0.10866 35.54455 0 3.27500 9.42500 34.08134 0.10564 13
-1.53659 0.00346 79.94370 0 -0.10000 44.42500 43.60594 0.18462 -13
0.09727 0.11778 88.76321 0 -3.55000 -3.27500 88.35178 0.10187 13
-0.14581 0.04813 67.83148 0 -1.45000 2.57500 67.12332 0.10188 13
0.37264 -0.12808 95.47738 0 3.87500 -12.90000 89.55575 0.10824 -13
-0.55554 -0.11531 35.43802 0 3.50000 17.55000 31.02650 0.11579 -13
-0.11442 -0.17327 17.57643 0 5.25000 3.72500 17.46570 0.10287 -13
0.53072 0.10741 76.58898 0 -3.22500 -14.95000 67.73693 0.11451 -13
-0.56197 -0.23319 45.30426 0 7.02500 14.80000 39.74187 0.11787 13
1.76754 -0.01408 62.71528 0 0.40000 -52.00000 30.88458 0.20450 13
-1.77654 -0.00666 22.53946 0 0.15000 51.75000 11.05644 0.20529 13
-0.49960 -0.03391 11.26298 0 1.07500 14.12500 10.07684 0.11263 -13
-1.77323 0.03379 21.13137 0 -0.97500 50.62500 10.38436 0.20502 -13
-0.44793 -0.24687 43.59424 0 7.45000 14.97500 39.97786 0.11312 -13
-0.60682 -0.04289 18.67970 0 1.27500 18.65000 15.97330 0.11787 13
-0.24480 -0.16796 18.74268 0 5.10000 6.10000 18.21939 0.10507 -13
0.05365 0.13485 61.57338 0 -4.05000 -0.57500 61.48654 0.10175 -13
0.05502 -0.26455 61.57338 0 8.00000 -0.60000 61.48654 0.10432 -13
-1.69370 0.05796 79.87068 0 -1.75000 52.40000 40.65802 0.19816 13
-0.05318 0.07971 15.01741 0 -2.42500 4.77500 14.99636 0.10118 13
-0.12297 0.04733 76.15107 0 -1.42500 2.97500 75.58299 0.10157 13
-1.12166 -0.14216 56.31101 0 4.27500 33.80000 37.68203 0.15200 13
-0.04816 -0.01995 93.89990 0 0.60000 3.72500 93.79121 0.10084 13
-0.79152 0.07669 86.60747 0 -2.30000 24.72500 67.98642 0.12866 -13
-0.35621 -0.07507 79.64158 0 2.27500 11.90000 75.04774 0.10717 -13
0.17175 0.04073 16.18879 0 -1.25000 -4.92500 15.95556 0.10227 13
-1.73286 -0.12721 26.52193 0 3.87500 56.22500 13.33625 0.20192 -13
0.25312 0.04760 32.67201 0 -1.42500 -7.72500 31.67515 0.10399 -13
-0.16084 -0.24922 41.93926 0 7.50000 5.12500 41.43770 0.10504 13
0.96855 -0.14142 88.99068 0 4.25000 -29.85000 64.22867 0.14091 13
-0.66894 -0.15513 62.92159 0 4.70000 19.77500 52.49022 0.12217 -13
0.47813 -0.07027 38.00207 0 2.10000 -15.07500 34.30062 0.11184 13
1.83235 -0.21742 59.60639 0 6.57500 -55.87500 29.06487 0.21138 -13
0.99948 0.07006 73.66456 0 -2.12500 -27.65000 52.16538 0.14256 13
-0.38356 0.14302 87.72461 0 -4.30000 10.87500 82.01165 0.10881 -13
-0.39195 -0.25601 87.72461 0 7.72500 11.12500 82.01165 0.11120 -13
1.77054 0.01641 84.20527 0 -0.47500 -55.05000 41.41458 0.20478 -13
2.10438 0.00729 65.28119 0 -0.25000 -64.25000 28.01930 0.23464 13
0.51316 -0.18246 29.80453 0 5.52500 -16.52500 26.60654 0.11468 -13
0.36345 -0.24332 68.08010 0 7.35000 -10.62500 64.19482 0.10992 -13
-0.39406 -0.13048 22.69080 0 3.92500 10.87500 21.13467 0.10903 13
-0.74810 -0.06017 27.55968 0 1.80000 24.87500 22.08192 0.12591 13
0.11080 0.09528 61.06287 0 -2.87500 -1.45000 60.69484 0.10178 13
-0.50071 -0.24503 54.15837 0 7.40000 15.37500 48.70455 0.11530 -13
0.82926 0.07641 48.30247 0 -2.30000 -23.60000 37.22507 0.13105 -13
0.03481 -0.17876 86.14703 0 5.40000 2.32500 86.09650 0.10236 13
-0.51864 0.03442 46.07693 0 -1.05000 14.45000 40.90827 0.11350 13
0.90406 -0.18256 86.76181 0 5.52500 -27.50000 64.83116 0.13700 -13
0.62848 0.04245 99.05744 0 -1.27500 -19.10000 83.89063 0.11902 -13
-0.00337 -0.22279 12.44269 0 6.67500 0.30000 12.44262 0.10315 13
-1.23925 0.05982 16.51791 0 -1.85000 35.50000 10.38384 0.16050 13
0.83872 0.07065 54.83362 0 -2.15000 -23.57500 42.05583 0.13163 13
0.14001 -0.10913 43.90670 0 3.30000 -2.47500 43.48748 0.10228 -13
-1.78014 0.12415 84.72506 0 -3.72500 54.97500 41.73724 0.20599 -13
-1.83253 -0.27586 84.72506 0 8.32500 56.57500 41.73724 0.21209 -13
0.15911 -0.05020 50.13987 0 1.52500 -6.70000 49.51857 0.10209 -13
1.92369 -0.09016 69.67684 0 2.72500 -57.85000 32.24016 0.21851 -13
0.54146 0.12689 95.62520 0 -3.82500 -16.15000 84.24095 0.11523 13
0.55681 -0.27300 95.62520 0 8.22500 -16.60000 84.24095 0.11849 13
-1.33843 -0.15145 7.47291 0 4.67500 39.47500 4.50530 0.16906 -13
0.62338 0.06311 87.26167 0 -1.90000 -21.67500 74.09274 0.11883 -13
0.68915 -0.13921 33.10751 0 4.17500 -19.95000 27.34451 0.12309 13
0.67582 -0.13594 90.25993 0 4.10000 -20.75000 74.99672 0.12231 13
-1.11256 0.07453 25.10603 0 -2.27500 31.77500 16.80836 0.15085 13
0.73986 -0.20894 99.29489 0 6.30000 -19.62500 80.41994 0.12703 -13
0.48862 0.14485 70.79356 0 -4.35000 -14.15000 63.73310 0.11302 -13
0.49894 -0.25411 70.79356 0 7.67500 -14.45000 63.73310 0.11542 -13
-0.95892 -0.22671 59.51020 0 6.82500 28.77500 43.46499 0.14137 13
1.26110 -0.12442 62.63875 0 3.77500 -37.90000 39.10219 0.16257 -13
-1.86867 -0.13739 89.39547 0 4.12500 54.35000 42.48568 0.21387 13
0.04312 -0.17263 16.55211 0 5.22500 -3.45000 16.53721 0.10231 -13
-1.01107 -0.00495 35.36853 0 0.17500 30.22500 24.87160 0.14321 -13
-0.17489 0.07455 27.78293 0 -2.27500 4.17500 27.36978 0.10252 13
-1.70993 0.12175 44.82557 0 -3.65000 52.25000 22.75323 0.19984 -13
-1.76187 -0.27836 44.82557 0 8.42500 53.85000 22.75323 0.20598 -13
-0.25278 0.04259 30.97430 0 -1.30000 6.42500 30.03139 0.10396 13
-1.43544 0.08373 41.93579 0 -2.55000 44.35000 24.02772 0.17638 13
0.42771 -0.00679 50.46869 0 0.20000 -13.95000 46.40244 0.10953 13
1.26971 -0.07866 15.71479 0 2.32500 -36.32500 9.74138 0.16293 13
-1.46344 0.07953 85.05334 0 -2.40000 42.77500 48.08838 0.17868 13
-0.85849 -0.20004 78.70565 0 6.05000 25.30000 60.21115 0.13425 -13
-0.55995 0.10693 25.17052 0 -3.25000 14.42500 21.99150 0.11593 13
-0.18986 -0.08536 94.68131 0 2.57500 7.70000 93.03219 0.10286 13
0.08664 0.11927 5.07960 0 -3.70000 -0.12500 5.06090 0.10185 13
0.08945 -0.28123 5.07960 0 8.37500 -0.20000 5.06090 0.10493 13
0.99977 -0.10833 64.81418 0 3.25000 -27.20000 45.96936 0.14281 13
0.55963 -0.04689 30.17362 0 1.42500 -15.92500 26.33772 0.11551 -13
1.56147 -0.12173 14.86039 0 3.60000 -48.47500 8.05512 0.18711 13
-0.52472 -0.21958 34.43644 0 6.65000 14.85000 30.64595 0.11587 -13
1.68630 0.02726 79.28013 0 -0.82500 -51.67500 40.44940 0.19745 13
-1.34467 0.00866 89.44336 0 -0.27500 41.15000 53.37621 0.16876 13
1.37836 -0.23263 70.09632 0 7.00000 -42.90000 41.87304 0.17307 13
0.14469 -0.14530 1.05978 0 4.85000 -4.15000 1.04907 0.10355 -13
-1.51316 0.07635 1.00186 0 -3.15000 46.47500 0.55320 0.18441 13
-1.01470 -0.22040 30.86382 0 6.67500 29.97500 21.92308 0.14520 -13
-2.08083 -0.09151 25.07889 0 2.80000 61.52500 10.90016 0.23270 -13
1.36639 -0.21895 45.54678 0 6.57500 -39.80000 27.30958 0.17191 13
0.47254 -0.02153 55.67737 0 0.65000 -11.10000 50.34216 0.11140 -13
-0.02262 -0.05922 92.87234 0 1.80000 -0.47500 92.84865 0.10091 -13
-0.55334 0.13971 30.67323 0 -4.20000 17.60000 26.89839 0.11594 -13
-0.56618 -0.25949 30.67323 0 7.85000 18.00000 26.89839 0.11866 -13
-1.14818 -0.16551 21.13174 0 5.02500 34.35000 13.98525 0.15426 -13
1.00172 -0.24486 15.82076 0 7.35000 -28.80000 11.33953 0.14461 13
-0.01102 0.00626 36.05237 0 -0.17500 0.00000 36.05018 0.10071 -13
0.94546 -0.05621 96.71088 0 1.70000 -28.45000 70.32702 0.13870 13
-1.91310 0.01004 81.09485 0 -0.30000 56.17500 37.56819 0.21739 -13
-0.08764 -0.15759 18.88887 0 4.77500 4.40000 18.81847 0.10234 -13
2.09677 -0.08833 23.87144 0 2.70000 -61.82500 10.30675 0.23418 -13
1.97399 -0.22521 69.42865 0 6.77500 -57.45000 31.99461 0.22398 13
0.15470 -0.07038 54.90063 0 2.12500 -4.22500 54.25833 0.10215 13
-0.44186 -0.17669 11.24023 0 5.27500 13.30000 10.30694 0.11150 13
0.19027 -0.09043 57.74452 0 2.72500 -6.70000 56.73488 0.10291 13
-0.83061 -0.14884 98.13658 0 4.47500 25.62500 75.82802 0.13169 13
0.40347 -0.96090 98.13658 0 4.50000 25.62500 75.82802 0.13178 13
-0.48573 0.63184 98.13658 0 5.55000 25.00000 75.82802 0.13708 13
-0.14876 1.98518 98.13658 0 3.97500 24.62500 75.82802 0.15058 13
-0.61190 5.15241 98.13658 0 4.25000 24.30000 75.82802 0.15728 13
-0.39113 -0.15289 60.25571 0 4.62500 12.02500 56.20128 0.10923 -13
0.72542 -0.18368 11.14703 0 5.47500 -20.20000 9.07399 0.12574 13
-0.67308 0.02062 76.91205 0 -0.62500 20.85000 63.80939 0.12141 13
1.09280 0.15321 1.83536 0 -4.20000 -33.27500 1.24752 0.14984 -13
1.11226 -0.24471 1.83536 0 7.82500 -34.05000 1.24752 0.15332 -13
1.27448 -0.24481 58.56229 0 7.40000 -40.52500 36.80020 0.16501 -13
0.00998 0.01022 88.74328 0 -0.32500 -0.35000 88.73886 0.10071 13
1.95956 0.09497 44.63925 0 -2.85000 -59.30000 20.36307 0.22173 -13
-1.68647 -0.06803 41.04791 0 2.07500 52.10000 20.97193 0.19757 -13
0.98971 -0.02942 72.36828 0 0.90000 -27.20000 51.44714 0.14172 -13
-1.44913 0.10700 35.25978 0 -3.25000 42.47500 20.10354 0.17765 13
-0.24312 -0.12328 97.00352 0 3.72500 8.05000 94.29728 0.10437 13
0.22577 -0.10482 29.49492 0 3.15000 -6.55000 28.77830 0.10377 13
0.58684 0.04107 52.82280 0 -1.22500 -18.67500 45.56716 0.11683 -13
0.00481 0.07989 63.34771 0 -2.40000 1.57500 63.34698 0.10102 -13
0.91580 -0.09593 29.71915 0 2.87500 -27.60000 21.96223 0.13689 13
0.25197 -0.04338 59.47268 0 1.32500 -6.65000 57.67345 0.10395 -13
0.68840 0.05859 3.58516 0 -1.60000 -20.45000 2.95482 0.12241 -13
1.23469 -0.19032 42.17301 0 5.75000 -36.60000 26.82768 0.16117 -13
0.63541 0.13707 86.78300 0 -4.15000 -17.50000 73.44216 0.12011 13
0.65081 -0.26227 86.78300 0 7.90000 -17.97500 73.44216 0.12301 13
-1.33840 -0.03523 33.93668 0 1.07500 40.90000 20.32065 0.16828 -13
-0.16067 -0.14647 82.91437 0 4.42500 5.77500 81.88561 0.10306 -13
1.39903 0.01404 76.24258 0 -0.42500 -41.52500 44.33806 0.17318 13
-0.25382 -0.11121 48.84507 0 3.37500 6.40000 47.36128 0.10450 -13
-1.12637 -0.12994 21.22224 0 3.87500 34.42500 14.15502 0.15223 13
-0.29719 -0.22516 68.25286 0 6.77500 8.30000 65.55322 0.10747 13
0.43128 -0.16171 13.79171 0 4.85000 -10.85000 12.68958 0.11085 13
0.28375 -0.18888 73.45568 0 5.70000 -7.65000 70.75711 0.10639 13
-0.26367 -0.09858 14.37848 0 2.95000 10.02500 13.90758 0.10461 13
0.41202 -0.11384 87.09733 0 3.42500 -12.95000 80.60470 0.10952 13
-0.50527 0.07996 37.98443 0 -2.40000 15.65000 33.92444 0.11311 -13
0.23713 -0.14983 2.32440 0 4.75000 -4.97500 2.26291 0.10482 -13
-1.30492 -0.16989 99.96835 0 5.12500 39.95000 61.35128 0.16643 13
-0.52146 -0.09005 52.34320 0 2.72500 13.17500 46.45242 0.11394 -13
1.62298 -0.13342 40.98369 0 4.00000 -48.52500 21.63732 0.19242 13
1.78389 -0.00559 69.21333 0 0.17500 -53.90000 33.84427 0.20595 -13
-0.32445 -0.17866 24.24095 0 5.40000 7.67500 23.09171 0.10740 -13
0.17206 -0.05959 56.86739 0 1.80000 -3.72500 56.04676 0.10236 -13
0.25632 -0.04089 6.10136 0 1.32500 -8.65000 5.91071 0.10406 -13
-0.47572 -0.02771 7.79016 0 0.90000 16.47500 7.03519 0.11157 -13
0.33666 0.09451 98.41980 0 -2.85000 -12.30000 93.31785 0.10668 13
-0.84914 -0.10573 4.91329 0 3.32500 25.27500 3.75379 0.13264 -13
-0.95399 0.13812 6.01065 0 -4.27500 31.60000 4.36878 0.13996 13
-0.97657 -0.26149 6.01065 0 7.75000 32.25000 4.36878 0.14308 13
-1.34452 -0.13330 41.04209 0 4.00000 41.37500 24.63142 0.16927 13
1.09939 0.13505 90.49835 0 -4.07500 -32.02500 61.19455 0.15027 -13
1.12694 -0.26436 90.49835 0 7.97500 -32.87500 61.19455 0.15405 -13
1.89803 -0.11958 68.06647 0 3.62500 -54.90000 31.90424 0.21639 -13
-0.07876 0.14172 7.26219 0 -4.35000 2.02500 7.24022 0.10206 13
-0.08053 -0.25749 7.26219 0 7.70000 2.07500 7.24022 0.10426 13
0.64150 -0.07818 84.58688 0 2.35000 -19.65000 71.26009 0.11990 13
1.37558 0.13443 10.23404 0 -3.97500 -41.95000 6.05425 0.17171 -13
1.41024 -0.26482 10.23404 0 8.07500 -43.02500 6.05425 0.17623 -13
-1.96303 0.04463 29.48862 0 -1.37500 61.10000 13.39502 0.22193 13
0.63677 0.13549 89.71518 0 -4.07500 -18.87500 75.87265 0.12016 -13
0.65261 -0.26389 89.71518 0 7.97500 -19.37500 75.87265 0.12316 -13
1.20742 -0.10607 67.92000 0 3.20000 -35.45000 43.46606 0.15823 13
0.52931 0.06204 71.03240 0 -1.87500 -15.62500 62.80654 0.11411 -13
1.97234 -0.22478 12.85357 0 6.87500 -58.25000 5.92666 0.22399 -13
0.99317 -0.22996 25.77300 0 6.90000 -29.22500 18.51960 0.14377 13
1.25155 -0.20323 38.27399 0 6.15000 -36.85000 24.18671 0.16263 -13
0.52091 -0.11935 63.39510 0 3.60000 -14.27500 56.30841 0.11418 -13
-0.67856 0.11375 7.62911 0 -3.35000 21.05000 6.32570 0.12221 -13
0.72388 0.05062 40.54840 0 -1.55000 -19.35000 32.86038 0.12443 13
-0.13976 0.04095 22.43035 0 -1.22500 3.67500 22.21481 0.10177 -13
0.25076 -0.22715 60.74300 0 6.85000 -6.25000 59.00443 0.10631 13
0.60563 -0.01644 34.79786 0 0.47500 -17.65000 29.76590 0.11774 13
-0.36450 -0.02654 8.37473 0 0.75000 13.80000 7.86874 0.10722 13
1.98019 0.02486 45.72597 0 -0.72500 -58.50000 20.61776 0.22340 -13
-1.40138 0.01776 45.68089 0 -0.52500 41.62500 26.53677 0.17337 -13
-0.22950 0.12406 32.13705 0 -3.72500 9.00000 31.33466 0.10407 -13
-0.23631 -0.27595 32.13705 0 8.35000 9.20000 31.33466 0.10716 -13
-0.77934 -0.00659 56.47343 0 0.20000 25.15000 44.54437 0.12768 -13
-0.21289 -0.17549 55.32250 0 5.30000 4.85000 54.14508 0.10447 -13
0.74431 0.04620 23.61340 0 -1.37500 -21.75000 18.94955 0.12562 -13
-0.66212 0.05505 61.86678 0 -1.65000 19.07500 51.60795 0.12090 -13
-1.19744 0.06325 68.37996 0 -1.92500 38.60000 43.88225 0.15723 13
-0.30553 -0.10476 1.90642 0 3.42500 10.20000 1.82394 0.10610 -13
-0.72837 -0.05744 84.64408 0 1.72500 20.80000 68.45786 0.12472 13
1.02903 0.10308 16.12454 0 -3.07500 -30.87500 11.26879 0.14484 -13
0.05892 0.01313 49.28425 0 -0.37500 -4.00000 49.19896 0.10089 -13
-0.28268 0.11336 46.51764 0 -3.40000 8.77500 44.78445 0.10527 -13
-0.86796 0.07966 86.09630 0 -2.40000 23.92500 65.10876 0.13359 13
-0.12608 -0.17900 70.29522 0 5.40000 4.62500 69.76008 0.10309 -13
-1.04053 0.10301 87.22263 0 -3.12500 30.55000 60.60426 0.14570 13
-0.00945 -0.23534 23.84593 0 7.12500 -0.62500 23.84492 0.10348 -13
0.68115 0.08870 87.22432 0 -2.67500 -23.95000 72.17895 0.12217 -13
0.00396 0.05442 74.71632 0 -1.62500 -0.85000 74.71573 0.10085 -13
-0.58705 0.12867 88.48492 0 -3.87500 19.82500 76.46853 0.11739 -13
-0.60329 -0.27112 88.48492 0 8.17500 20.32500 76.46853 0.12074 -13
0.38743 0.01231 40.44052 0 -0.37500 -8.95000 37.70962 0.10800 13
-0.20253 -0.06991 47.90095 0 2.10000 4.87500 46.95231 0.10299 13
0.33559 0.08586 26.36774 0 -2.57500 -10.20000 25.00686 0.10657 -13
0.41940 0.09174 54.37451 0 -2.75000 -12.90000 50.17447 0.10959 -13
0.54762 -0.02808 89.66807 0 0.85000 -14.95000 78.65453 0.11485 13
0.87162 -0.20889 45.65160 0 6.32500 -24.67500 34.72768 0.13525 -13
0.65347 0.00828 19.76773 0 -0.27500 -20.77500 16.54818 0.12030 13
0.33781 0.05993 9.85088 0 -1.85000 -8.97500 9.33444 0.10648 13
-1.04436 0.09262 84.45920 0 -2.80000 32.97500 58.54170 0.14591 13
1.06725 -0.23124 41.11031 0 7.00000 -30.10000 28.49624 0.14914 -13
0.16939 -0.12890 20.66488 0 3.87500 -5.32500 20.37923 0.10295 13
0.18447 0.06107 59.61918 0 -1.82500 -5.52500 58.63355 0.10258 -13
0.57869 -0.03535 2.84713 0 1.27500 -18.10000 2.46439 0.11653 -13
-0.26002 -0.19760 43.83001 0 5.97500 10.77500 42.47002 0.10594 -13
-0.30206 -0.19978 61.06282 0 6.02500 10.25000 58.54838 0.10711 -13
0.14511 -0.07371 41.47360 0 2.20000 -4.52500 41.04600 0.10203 13
0.12593 0.05041 89.00734 0 -1.52500 -4.17500 88.31170 0.10163 13
0.01084 0.13525 90.43485 0 -4.07500 0.35000 90.42964 0.10163 -13
0.01110 -0.26416 90.43485 0 7.97500 0.35000 90.42964 0.10417 -13
-0.15267 0.09698 6.36471 0 -2.85000 4.12500 6.29243 0.10233 -13
-0.96820 0.13462 87.52937 0 -4.05000 29.00000 63.15728 0.14082 -13
-0.99260 -0.26481 87.52937 0 8.00000 29.75000 63.15728 0.14439 -13
0.15139 0.00820 65.65601 0 -0.25000 -1.65000 64.91639 0.10186 13
0.07505 -0.02390 77.61216 0 0.72500 -2.57500 77.39459 0.10102 -13
0.35791 0.02167 31.99561 0 -0.67500 -10.62500 30.12513 0.10698 13
-0.71543 0.14607 63.09909 0 -4.42500 22.55000 51.50062 0.12470 13
-0.73021 -0.25285 63.09909 0 7.62500 23.00000 51.50062 0.12726 13
-0.21376 0.07293 1.60565 0 -1.90000 4.85000 1.57031 0.10340 -13
0.89750 0.05141 49.33376 0 -1.55000 -28.05000 36.73715 0.13541 -13
-1.12682 -0.11795 76.23921 0 3.57500 31.75000 50.80078 0.15219 -13
1.70850 -0.13572 67.43687 0 4.07500 -51.02500 34.29764 0.19981 13
-0.61367 -0.05921 50.11405 0 1.80000 22.80000 42.73290 0.11830 -13
-0.72610 -0.08441 73.74217 0 2.55000 21.80000 59.74380 0.12474 13
0.73581 -0.01090 37.27915 0 0.35000 -20.95000 30.02757 0.12503 -13
0.21184 -0.06757 24.06076 0 2.02500 -7.17500 23.54076 0.10316 13
-0.35566 -0.03144 49.16036 0 0.95000 11.27500 46.32069 0.10693 -13
-0.14428 -0.13395 81.52613 0 4.02500 0.95000 80.70503 0.10263 13
0.07300 -0.23997 83.16753 0 7.25000 -5.12500 82.95879 0.10383 -13
-0.37669 0.09474 95.94122 0 -2.87500 10.22500 89.83219 0.10803 13
-0.81406 -0.13298 17.72333 0 4.05000 22.82500 13.79217 0.13057 -13
0.79879 0.07655 31.29649 0 -2.27500 -24.72500 24.48066 0.12912 -13
0.72131 -0.07592 9.68480 0 2.35000 -20.05000 7.86288 0.12442 -13
0.61639 -0.23322 98.84614 0 7.02500 -19.20000 84.74923 0.12060 13
2.14053 0.14530 59.48406 0 -4.40000 -64.70000 25.39354 0.23839 13
-0.18582 0.02561 2.98628 0 -0.60000 4.80000 2.93601 0.10251 -13
0.18219 0.13447 25.86826 0 -4.02500 -5.97500 25.45658 0.10325 -13
0.18679 -0.26492 25.86826 0 8.02500 -6.12500 25.45658 0.10588 -13
0.73036 -0.04165 99.62220 0 1.25000 -22.92500 80.47417 0.12477 13
0.39350 -0.00967 92.69504 0 0.30000 -8.62500 86.25773 0.10822 -13
-0.53486 -0.21927 32.71242 0 6.60000 14.97500 28.99420 0.11630 13
0.97542 -0.11663 30.81166 0 3.55000 -28.27500 22.12917 0.14118 -13
0.98569 0.05164 74.01645 0 -1.57500 -24.77500 52.74769 0.14150 13
0.30507 0.05601 1.73102 0 -2.00000 -8.32500 1.65576 0.10571 13
1.91388 -0.15446 39.92746 0 4.70000 -55.10000 18.66095 0.21806 -13
0.02517 0.01134 23.63237 0 -0.32500 -2.67500 23.62488 0.10074 -13
0.01843 0.02109 99.98452 0 -0.65000 -0.32500 99.96755 0.10074 13
-1.43231 -0.20224 27.91084 0 6.12500 42.30000 16.19231 0.17714 -13
0.37413 -0.01681 48.16854 0 0.50000 -9.37500 45.11530 0.10753 13
0.31305 -0.13050 65.30371 0 3.92500 -9.42500 62.36802 0.10634 13
0.83789 -0.11713 49.07717 0 3.55000 -26.52500 37.72314 0.13191 -13
0.55641 0.05508 99.22706 0 -1.67500 -16.92500 86.73963 0.11538 13
1.88788 0.02039 86.58315 0 -0.62500 -56.80000 40.53462 0.21515 13
-1.03615 -0.16447 21.36444 0 4.92500 29.82500 14.93897 0.14593 13
1.55234 0.02285 64.94728 0 -0.70000 -47.05000 35.17865 0.18597 13
1.25596 -0.05698 44.13696 0 1.72500 -37.45000 27.51935 0.16178 -13
0.55602 -0.24286 20.26925 0 7.35000 -18.30000 17.83245 0.11782 -13
0.79632 -0.19587 95.86997 0 5.92500 -21.90000 75.53947 0.13024 -13
-0.73086 -0.00040 10.20991 0 0.07500 21.07500 8.24297 0.12474 -13
0.90321 -0.05930 64.86249 0 1.77500 -28.92500 48.17229 0.13583 13
-1.53982 -0.16269 14.24424 0 4.97500 47.65000 7.82946 0.18569 -13
-2.04740 0.04268 54.79841 0 -1.30000 62.55000 24.06699 0.22951 13
0.38560 -0.07665 71.79220 0 2.30000 -10.90000 67.01003 0.10820 13
-1.09378 0.10520 71.92637 0 -3.17500 33.82500 48.67893 0.14961 -13
-1.82861 0.12650 72.33174 0 -3.82500 54.20000 34.91863 0.21027 13
-1.88076 -0.27345 72.33174 0 8.22500 55.77500 34.91863 0.21623 13
0.50484 0.13407 36.26673 0 -4.05000 -16.37500 32.43318 0.11363 13
0.51769 -0.26539 36.26673 0 8.00000 -16.75000 32.43318 0.11649 13
-0.25831 -11.88134 36.26673 0 8.05000 -16.72500 32.43318 0.11657 13
-1.74260 -13.80018 36.26673 0 8.15000 -16.72500 32.43318 0.11696 13
0.13773 -0.56330 36.26673 0 -3.80000 -16.72500 32.43318 0.12156 13
0.29230 -0.05183 36.26673 0 -3.85000 -14.72500 32.43318 0.13621 13
0.40102 0.01223 22.44259 0 -0.40000 -13.37500 20.83031 0.10851 13
0.19724 -0.23569 59.32728 0 7.12500 -5.55000 58.26336 0.10536 -13
0.45077 -0.13519 91.53549 0 4.07500 -14.77500 83.57583 0.11130 -13
-0.58443 -0.06958 78.24159 0 2.10000 21.72500 67.59224 0.11686 -13
0.05428 -0.01312 13.37700 0 0.35000 -0.30000 13.35735 0.10086 13
-0.53033 -0.03637 51.78069 0 1.10000 18.27500 45.75246 0.11405 -13
1.06479 -0.03563 6.34202 0 0.95000 -32.75000 4.34317 0.14715 13
-1.91243 -0.24336 13.35937 0 7.42500 59.10000 6.33204 0.21881 -13
0.03708 -0.07835 86.36790 0 2.37500 -0.15000 86.30894 0.10108 -13
-0.63613 0.12000 88.94415 0 -3.62500 19.07500 75.20021 0.11996 13
-0.65594 -0.28028 88.94415 0 8.45000 19.67500 75.20021 0.12369 13
1.55738 -0.08115 30.42809 0 2.42500 -47.65000 16.47954 0.18654 13
0.75590 0.08124 17.05373 0 -2.42500 -23.10000 13.62097 0.12649 -13
0.73970 -0.06244 15.57792 0 1.85000 -21.92500 12.53282 0.12541 13
0.35243 -0.13055 30.88592 0 3.92500 -9.82500 29.15673 0.10758 13
1.96312 -0.06922 18.74089 0 2.02500 -60.95000 8.52193 0.22197 13
0.70224 0.13950 33.34833 0 -4.22500 -20.32500 27.37762 0.12386 13
0.71857 -0.25974 33.34833 0 7.82500 -20.80000 27.37762 0.12672 13
-0.52026 -0.17779 2.31489 0 5.12500 14.05000 2.06050 0.11487 13
2.04394 0.02919 62.05782 0 -0.90000 -63.77500 27.28187 0.22918 13
-1.45646 -0.05835 54.52286 0 1.77500 41.42500 30.89806 0.17801 -13
0.90276 -0.23794 36.23132 0 7.15000 -26.35000 27.22315 0.13775 13
-0.05712 -0.23999 48.02474 0 7.22500 0.10000 47.95083 0.10371 13
0.21704 -0.20135 18.55273 0 6.10000 -4.70000 18.14650 0.10504 -13
1.20674 0.11260 13.07428 0 -3.32500 -38.17500 8.37255 0.15822 -13
-1.00933 -0.14148 17.94928 0 4.30000 30.02500 12.69579 0.14382 -13
0.44260 -0.22169 66.38190 0 6.67500 -10.37500 60.93627 0.11236 13
1.34472 0.13605 71.00361 0 -4.12500 -41.17500 42.62082 0.16932 13
1.37790 -0.26335 71.00361 0 7.92500 -42.17500 42.62082 0.17347 13
1.14282 0.05192 17.70936 0 -1.52500 -35.10000 11.67102 0.15300 -13
1.02541 -0.04061 28.39496 0 1.25000 -32.42500 19.83322 0.14430 -13
1.01497 -0.06945 48.03148 0 2.07500 -30.95000 33.75115 0.14365 13
0.85948 0.10608 13.23415 0 -3.25000 -27.27500 10.05985 0.13325 13
-1.48360 -0.15902 36.92553 0 4.77500 41.60000 20.81527 0.18088 13
-0.10366 0.00632 43.77312 0 -0.20000 3.90000 43.53978 0.10125 13
1.51070 -0.07753 94.95055 0 2.32500 -48.02500 52.51921 0.18260 13
-0.01659 -0.05415 56.41293 0 1.62500 0.02500 56.40520 0.10086 13
-0.99821 0.06857 97.34818 0 -2.07500 31.67500 68.97760 0.14246 13
0.27666 -0.09396 99.93550 0 2.82500 -8.77500 96.34736 0.10491 13
-0.56589 -0.00247 93.63061 0 0.07500 16.47500 81.48793 0.11571 -13
-1.18734 0.09897 20.10848 0 -2.95000 36.32500 12.99109 0.15662 -13
-0.34635 -0.00160 67.47009 0 0.05000 9.87500 63.75456 0.10657 13
-1.66677 -0.03295 18.17432 0 1.05000 49.00000 9.35407 0.19578 -13
0.68675 0.07052 84.98913 0 -2.12500 -22.35000 70.11518 0.12237 13
1.43229 0.09957 41.65109 0 -2.97500 -43.67500 23.92192 0.17619 -13
0.02596 -0.11577 48.69149 0 3.50000 0.00000 48.67530 0.10141 -13
-0.02010 -0.12157 27.37903 0 3.67500 -0.75000 27.37358 0.10148 -13
-1.99896 -0.03471 37.59160 0 1.02500 59.35000 16.82632 0.22512 13
0.03681 -0.10300 69.02537 0 3.12500 -2.00000 68.97912 0.10131 -13
-0.32636 0.05859 34.54594 0 -1.77500 8.30000 32.84650 0.10610 13
0.63560 -0.07273 14.59928 0 2.22500 -19.27500 12.33033 0.11957 -13
0.04373 -0.12510 19.58960 0 3.75000 -3.70000 19.57117 0.10158 13
0.03788 -0.17864 45.31191 0 5.37500 2.27500 45.28043 0.10236 13
1.84729 -0.06650 46.42520 0 2.02500 -53.40000 22.13771 0.21167 -13
2.10820 -0.22462 53.12027 0 6.75000 -59.05000 23.22565 0.23602 13
-0.47100 -0.09505 27.28068 0 2.87500 15.67500 24.70025 0.11173 -13
1.52272 -0.07207 60.20295 0 2.20000 -47.15000 33.10758 0.18360 -13
0.17450 0.10611 22.32414 0 -3.17500 -4.95000 21.99541 0.10278 -13
1.70203 0.07731 90.79808 0 -2.32500 -52.85000 46.09778 0.19895 -13
-0.24613 0.10522 66.17143 0 -3.17500 6.95000 64.27393 0.10425 13
-0.18001 -0.03392 38.87506 0 1.02500 4.85000 38.26078 0.10238 -13
0.10412 -0.20653 52.88928 0 6.22500 -4.22500 52.61654 0.10336 13
2.04822 0.07412 23.34770 0 -2.27500 -61.75000 10.26589 0.22968 13
-1.66762 -0.14965 69.88474 0 4.52500 49.92500 36.23134 0.19642 -13
0.52062 -0.15964 88.89761 0 4.82500 -16.80000 79.06097 0.11467 -13
0.33175 -0.14103 68.15995 0 4.25000 -7.60000 64.75525 0.10705 -13
-0.66070 -0.11134 76.97538 0 3.37500 20.72500 64.34356 0.12122 -13
-1.15606 -0.03180 69.26599 0 0.97500 35.12500 45.32810 0.15397 -13
-0.55044 0.11394 75.20127 0 -3.45000 17.47500 65.97895 0.11552 13
0.43254 -0.08364 80.38045 0 2.52500 -12.87500 73.81542 0.11004 13
-1.24898 -0.07031 22.89156 0 2.15000 38.60000 14.32925 0.16129 -13
-1.79859 -0.11292 47.30559 0 3.37500 52.50000 23.09884 0.20753 13
0.53850 0.10765 25.77560 0 -3.22500 -14.05000 22.72337 0.11488 -13
0.03767 -0.17689 82.01239 0 5.35000 -2.70000 81.95601 0.10234 -13
-0.14392 -0.14713 1.49472 0 4.10000 3.97500 1.47975 0.10292 13
-1.20051 0.06447 90.58916 0 -1.92500 34.45000 58.05180 0.15747 -13
0.60597 0.08289 23.96087 0 -2.47500 -16.40000 20.51100 0.11804 -13
-0.36351 -0.11212 95.76442 0 3.37500 9.30000 90.06767 0.10774 13
1.68186 -0.06830 76.55721 0 2.07500 -49.67500 39.19249 0.19707 -13
1.80933 0.11268 76.86760 0 -3.37500 -52.95000 37.36271 0.20848 -13
-0.15735 -0.22644 48.13044 0 6.82500 4.70000 47.57341 0.10446 13
0.55163 -0.19017 52.13684 0 5.72500 -13.95000 45.83877 0.11658 13
0.96047 -0.12978 34.14119 0 3.92500 -28.27500 24.72190 0.14025 -13
-0.07937 0.11305 67.37274 0 -3.40000 2.85000 67.16419 0.10166 -13
0.69895 -0.20323 37.73678 0 6.12500 -19.77500 31.13340 0.12455 13
0.18231 -0.02626 49.90691 0 0.80000 -6.05000 49.09814 0.10240 -13
0.02606 -0.08138 9.76638 0 2.50000 -1.47500 9.76307 0.10109 -13
-1.01209 0.06635 48.70130 0 -1.97500 30.50000 34.26782 0.14343 -13
0.84258 -0.05846 75.97447 0 1.77500 -25.02500 58.14146 0.13182 -13
-1.62965 -0.22585 66.34929 0 6.80000 49.20000 35.33039 0.19385 13
-0.96457 -0.07400 83.54832 0 2.22500 29.15000 60.21266 0.14011 13
1.18195 -0.10983 52.51846 0 3.32500 -35.25000 34.04104 0.15631 -13
0.51428 -0.18513 1.06886 0 6.12500 -13.85000 0.95418 0.11568 -13
0.16965 0.03269 94.91308 0 -0.97500 -4.27500 93.57750 0.10219 -13
-0.30471 -0.16859 77.81685 0 5.07500 5.90000 74.52546 0.10663 13
0.91606 0.03811 85.77112 0 -1.15000 -28.50000 63.26594 0.13662 -13
0.17553 -0.20367 46.11703 0 6.12500 -4.72500 45.44967 0.10427 13
-1.11423 0.11938 94.67130 0 -3.60000 35.05000 63.48109 0.15125 -13
-1.14920 -0.28092 94.67130 0 8.47500 36.10000 63.48109 0.15601 -13
-0.50183 0.12160 64.36775 0 -3.67500 17.55000 57.61446 0.11334 13
-0.51715 -0.27860 64.36775 0 8.40000 18.00000 57.61446 0.11678 13
1.79251 -0.15532 29.33808 0 4.72500 -55.30000 14.42338 0.20733 -13
0.83161 -0.20271 3.39629 0 6.30000 -25.27500 2.63270 0.13279 -13
-1.25507 -0.02427 96.25600 0 0.72500 37.00000 59.99297 0.16162 13
-0.21369 -0.07629 12.80829 0 2.25000 5.25000 12.52719 0.10325 13
0.55963 0.00991 12.53805 0 -0.25000 -18.70000 10.94134 0.11541 -13
-0.34936 0.10594 23.99202 0 -3.22500 10.67500 22.66347 0.10721 13
0.21054 -0.08707 21.58873 0 2.65000 -3.65000 21.12907 0.10329 -13
0.84841 -0.11167 89.56581 0 3.37500 -28.00000 68.47522 0.13254 -13
0.46418 -0.04038 13.43517 0 1.25000 -12.42500 12.18815 0.11111 -13
-0.69513 -0.07173 61.55472 0 2.15000 24.22500 50.58539 0.12285 13
-0.38970 0.04763 81.83181 0 -1.42500 13.10000 76.25817 0.10818 -13
0.49827 -0.22151 52.66830 0 6.67500 -14.27500 47.36152 0.11469 13
0.41336 -0.01425 37.36284 0 0.42500 -12.02500 34.52990 0.10898 13
-0.87706 -0.10485 26.19735 0 3.17500 28.17500 19.74146 0.13438 -13
1.86095 -0.13911 16.71482 0 4.15000 -57.85000 7.97024 0.21317 13
-0.16478 -0.08625 44.83867 0 2.60000 7.70000 44.24642 0.10243 13
0.17472 -0.17438 73.22908 0 5.25000 -5.05000 72.16790 0.10372 13
0.69445 0.08297 50.28597 0 -2.52500 -19.55000 41.34961 0.12289 13
-0.56064 0.09448 52.32543 0 -2.85000 15.12500 45.68983 0.11585 13
-0.12394 -0.23735 52.37922 0 7.17500 5.20000 52.00250 0.10426 -13
-11.52178 3.81204 52.37922 0 7.52500 2.80000 52.00250 0.12092 -13
0.39114 1.04573 52.37922 0 7.32500 3.02500 52.00250 0.11928 -13
-1.21199 0.07869 87.46750 0 -2.37500 35.05000 55.76840 0.15843 -13
0.01995 -0.14150 19.17966 0 4.30000 -0.05000 19.17592 0.10174 -13
0.33555 0.04888 83.01428 0 -1.47500 -9.90000 78.71119 0.10634 -13
0.96717 -0.14843 2.03145 0 4.82500 -27.60000 1.46768 0.14135 -13
-1.32491 -0.21519 37.82584 0 6.52500 41.40000 23.11558 0.16859 -13
-0.37326 0.13870 15.65363 0 -4.15000 11.92500 14.68222 0.10838 -13
-0.38209 -0.26051 15.65363 0 7.90000 12.20000 14.68222 0.11098 -13
-0.96659 -0.24527 87.79820 0 7.40000 28.42500 64.01187 0.14221 13
0.27746 0.06986 6.08700 0 -2.20000 -7.52500 5.86647 0.10478 13
-1.58455 0.00317 15.79908 0 -0.05000 48.57500 8.43178 0.18870 -13
-0.35160 -0.15614 15.56565 0 4.75000 9.10000 14.70387 0.10792 -13
-0.03474 -0.22497 97.36968 0 6.80000 0.52500 97.31382 0.10328 -13
-1.49059 0.09190 39.39285 0 -2.75000 43.07500 22.01034 0.18098 -13
-0.25882 0.06600 94.74325 0 -1.97500 6.50000 91.73376 0.10423 -13
0.17264 -0.19213 41.48065 0 5.80000 -6.92500 40.89704 0.10402 -13
-1.40435 -0.19047 42.95554 0 5.77500 40.95000 25.21056 0.17469 -13
1.40661 -0.21471 73.99662 0 6.50000 -41.62500 43.51644 0.17515 -13
0.16503 -0.18215 49.09752 0 5.47500 -5.62500 48.46298 0.10369 13
0.78681 -0.16345 73.13401 0 4.95000 -26.35000 57.76383 0.12920 -13
1.24466 -0.02549 91.74549 0 0.75000 -35.20000 57.47356 0.16081 13
0.71830 -0.10597 97.63517 0 3.20000 -21.80000 79.44853 0.12445 13
0.21273 0.01589 51.26152 0 -0.47500 -7.07500 50.13977 0.10297 -13
0.38926 -0.01107 79.39340 0 0.35000 -11.52500 73.98630 0.10807 -13
-0.44705 0.05130 47.86247 0 -1.52500 13.32500 43.70439 0.11043 -13
-1.01564 -0.00551 26.00146 0 0.20000 30.25000 18.24245 0.14354 -13
-0.92656 0.01040 14.39479 0 -0.35000 30.25000 10.55933 0.13730 13
0.82037 -0.02969 23.50034 0 0.87500 -23.22500 18.17217 0.13028 13
0.68595 -0.01140 8.25824 0 0.27500 -16.65000 6.81038 0.12213 13
1.21880 -0.16122 96.96856 0 4.85000 -37.80000 61.97804 0.15959 13
1.18894 0.01157 71.82509 0 -0.35000 -34.50000 46.23415 0.15646 -13
1.43196 -0.10617 10.06229 0 3.30000 -43.32500 5.78356 0.17626 -13
-0.97218 -0.19573 67.34732 0 5.92500 30.07500 48.72727 0.14183 -13
