0.96798 -0.26877 11.77910 0 8.05000 -27.47500 8.60521 0.14267 13
-1.97407 -0.05082 66.29198 0 1.55000 60.17500 29.98725 0.22291 -13
-0.71258 0.13941 33.07358 0 -4.17500 22.65000 27.02181 0.12444 -13
-0.72920 -0.25975 33.07358 0 7.85000 23.17500 27.02181 0.12737 -13
-0.64949 -0.04161 36.42419 0 1.27500 19.10000 30.55431 0.12016 -13
-0.22252 -0.23296 94.17310 0 7.02500 7.10000 92.03652 0.10580 -13
-0.18908 -0.04884 5.67168 0 1.55000 5.02500 5.57310 0.10264 -13
-0.61277 0.07244 34.01078 0 -2.17500 17.37500 29.02015 0.11833 -13
1.98820 0.06835 98.44409 0 -2.07500 -61.67500 44.31575 0.22424 13
-1.00220 0.13353 27.48695 0 -4.05000 31.65000 19.50022 0.14322 13
-1.02789 -0.26601 27.48695 0 8.00000 32.42500 19.50022 0.14685 13
0.59214 0.08242 13.01376 0 -2.52500 -20.80000 11.20761 0.11735 13
0.26768 0.10441 2.40918 0 -2.95000 -7.12500 2.32799 0.10482 -13
0.82082 0.00794 70.73479 0 -0.25000 -23.87500 54.67581 0.13029 13
-1.38672 -0.02643 23.38902 0 0.75000 42.85000 13.68373 0.17218 13
0.38714 0.10936 73.07150 0 -3.30000 -11.00000 68.19634 0.10855 13
-1.72903 0.02447 23.82836 0 -0.70000 51.87500 11.93258 0.20115 -13
1.08202 -0.05393 50.87047 0 1.62500 -34.87500 34.55397 0.14847 13
0.02398 -0.07508 28.58018 0 2.25000 -0.57500 28.57201 0.10101 13
0.15896 -0.13140 52.36452 0 3.97500 -2.97500 51.72608 0.10283 -13
0.86892 -0.03751 64.81033 0 1.15000 -25.75000 48.93674 0.13347 -13
-1.28567 -0.14623 5.60580 0 4.55000 40.37500 3.46431 0.16483 -13
-0.47356 -0.17947 75.27323 0 5.40000 14.02500 68.22561 0.11288 13
1.53310 0.11319 24.72149 0 -3.45000 -45.85000 13.56671 0.18470 13
-1.24875 -0.20768 95.76010 0 6.25000 39.22500 60.62659 0.16246 13
-0.04665 -0.05143 85.99264 0 1.55000 -0.72500 85.89948 0.10094 -13
-1.52069 -0.17316 31.36700 0 5.20000 43.97500 17.41180 0.18408 13
-0.44465 -0.11689 24.07287 0 3.50000 14.40000 22.02083 0.11083 13
-0.31231 -0.12617 94.35143 0 3.80000 9.40000 90.12408 0.10626 13
0.31289 0.11759 6.87944 0 -3.47500 -7.77500 6.56951 0.10616 -13
-0.18093 -0.07494 31.15196 0 2.27500 5.12500 30.65674 0.10262 -13
1.17751 -0.00147 41.63380 0 0.05000 -34.92500 26.95021 0.15557 -13
-0.14233 -0.20249 17.47734 0 6.15000 4.45000 17.30989 0.10376 -13
1.56167 0.14219 69.12585 0 -4.27500 -47.30000 37.54055 0.18728 -13
1.59625 -0.25686 69.12585 0 7.77500 -48.35000 37.54055 0.19147 -13
0.09927 0.13878 83.98807 0 -4.17500 -7.57500 83.58492 0.10216 -13
0.10159 -0.26045 83.98807 0 7.85000 -7.65000 83.58492 0.10457 -13
1.46559 -0.08432 36.24373 0 2.52500 -44.62500 20.47688 0.17886 13
-0.63750 0.05187 79.85122 0 -1.57500 21.37500 67.35897 0.11954 13
-0.52465 -0.20065 97.04731 0 6.05000 15.00000 86.29898 0.11550 13
-0.34472 -0.10346 6.66791 0 3.05000 10.90000 6.30779 0.10701 13
0.23304 -0.18660 10.26433 0 5.67500 -8.12500 10.00512 0.10513 -13
-0.46083 -0.17086 3.44747 0 5.00000 14.80000 3.13868 0.11217 13
0.13979 0.05942 54.41025 0 -1.80000 -4.82500 53.88809 0.10186 13
-1.72163 -0.21351 31.38127 0 6.40000 53.52500 16.02581 0.20160 13
-0.33739 0.13332 20.05994 0 -4.00000 10.17500 19.02436 0.10711 -13
-0.34612 -0.26617 20.05994 0 8.05000 10.42500 19.02436 0.10991 -13
0.18181 -0.06875 7.21783 0 2.15000 -4.97500 7.10190 0.10262 -13
-1.52415 0.02593 60.23557 0 -0.80000 45.15000 33.05130 0.18359 13
0.02577 -0.11683 56.97368 0 3.52500 -2.47500 56.95503 0.10142 13
-1.02375 -0.22256 24.73645 0 6.67500 31.15000 17.49712 0.14582 13
0.55980 0.06227 3.49817 0 -1.72500 -17.57500 3.05396 0.11559 -13
1.81006 -0.09844 17.00745 0 2.90000 -54.55000 8.25524 0.20844 13
-0.66255 0.00376 60.81355 0 -0.12500 19.47500 50.69606 0.12081 13
-0.84644 -0.04696 46.51720 0 1.40000 26.75000 35.52174 0.13202 13
-0.50531 -0.17460 98.82716 0 5.27500 14.67500 88.47175 0.11420 -13
0.11879 -0.22642 40.50207 0 6.85000 -1.25000 40.23298 0.10395 -13
-0.80940 -0.20423 49.39508 0 6.15000 24.97500 38.70211 0.13117 13
0.64232 0.08510 5.58262 0 -2.67500 -22.22500 4.70174 0.12006 13
0.19506 0.05434 60.66351 0 -1.65000 -4.92500 59.54451 0.10275 13
-0.93632 -0.12481 29.82434 0 3.75000 24.87500 21.84926 0.13851 13
-0.13957 0.05385 80.95207 0 -1.62500 5.07500 80.17713 0.10182 -13
0.13876 -0.15786 60.89690 0 4.77500 -6.72500 60.33288 0.10291 -13
0.11197 0.02398 72.09612 0 -0.72500 -3.77500 71.64860 0.10137 13
0.49280 -0.16902 48.57178 0 5.07500 -14.25000 43.68726 0.11354 13
1.33169 -0.01848 37.79116 0 0.52500 -41.45000 22.69452 0.16772 13
0.56582 -0.12527 40.51421 0 3.80000 -15.35000 35.32696 0.11640 -13
-1.38910 0.01732 14.33947 0 -0.45000 41.60000 8.37841 0.17238 -13
0.57748 -0.04204 4.47778 0 1.40000 -17.00000 3.87853 0.11642 -13
0.05176 -0.24583 60.49613 0 7.42500 -0.42500 60.41986 0.10384 -13
-1.60120 -0.19738 20.33790 0 5.90000 46.80000 10.92227 0.19108 13
-2.09335 -0.07160 73.47741 0 2.17500 61.75000 31.73916 0.23374 -13
0.77324 -0.06504 14.73091 0 1.92500 -21.92500 11.66285 0.12745 13
-1.67714 -0.18197 31.10866 0 5.52500 48.47500 16.12296 0.19753 -13
-0.29592 -0.17886 10.82888 0 5.45000 9.65000 10.39687 0.10659 -13
-0.28227 -0.11628 77.56758 0 3.52500 7.75000 74.68750 0.10529 -13
-0.40716 -0.22511 48.04467 0 6.77500 13.40000 44.65036 0.11106 13
-0.71740 0.00680 84.21568 0 -0.20000 23.10000 68.42862 0.12394 -13
1.61349 -0.07433 26.03115 0 2.27500 -47.15000 13.74121 0.19131 -13
-0.23267 0.09590 71.52211 0 -2.90000 6.52500 69.67766 0.10385 13
-1.03688 -0.13071 90.18744 0 3.92500 31.60000 62.88095 0.14567 13
-1.09504 -0.04971 84.31496 0 1.50000 32.55000 56.89463 0.14942 -13
-1.20799 -0.23720 16.06226 0 7.20000 36.75000 10.40846 0.15978 -13
-0.60380 -0.23692 42.97981 0 7.15000 18.25000 37.05730 0.12004 -13
-1.58367 -0.10630 61.24376 0 3.20000 44.72500 32.82987 0.18891 13
1.11985 -0.16595 95.63301 0 5.02500 -32.25000 64.17745 0.15212 -13
0.10605 0.08625 13.62155 0 -2.65000 -2.50000 13.54608 0.10165 13
0.41884 -0.08950 17.05605 0 2.67500 -13.85000 15.74128 0.10955 13
0.29817 0.00904 18.67831 0 -0.30000 -6.42500 17.89970 0.10509 13
-0.39877 0.06140 11.94961 0 -1.90000 10.30000 11.10254 0.10860 13
0.07111 -0.16310 69.92670 0 4.92500 -2.25000 69.75512 0.10228 13
0.17497 0.02569 9.69902 0 -0.72500 -5.62500 9.55387 0.10227 -13
1.46673 -0.14303 83.11435 0 4.30000 -44.22500 47.14344 0.17934 13
-0.67870 -0.02341 46.10560 0 0.72500 19.40000 38.15218 0.12173 -13
-0.02284 -0.04049 43.60343 0 1.20000 0.27500 43.59208 0.10081 13
-0.38680 -0.15767 73.45121 0 4.75000 10.17500 68.61340 0.10913 13
1.22295 0.08791 63.11752 0 -2.67500 -38.02500 40.04592 0.15934 13
1.49151 -0.15568 38.14310 0 4.72500 -46.72500 21.41639 0.18154 -13
-0.35138 0.12209 66.42176 0 -3.70000 12.32500 62.71642 0.10744 13
-0.36202 -0.27807 66.42176 0 8.37500 12.62500 62.71642 0.11069 13
0.06581 0.02238 6.30121 0 -0.60000 -6.30000 6.28761 0.10095 -13
0.30281 -0.02225 76.40691 0 0.67500 -9.17500 73.12923 0.10524 13
0.74569 -0.09849 94.18166 0 2.97500 -24.05000 75.63109 0.12601 13
-1.11916 -0.15945 50.93703 0 4.82500 33.15000 34.17530 0.15200 -13
0.67589 0.07446 15.53998 0 -2.27500 -19.57500 12.88600 0.12180 13
1.74972 -0.11954 63.58658 0 3.62500 -50.32500 31.72014 0.20331 -13
-0.15427 -0.20735 92.38810 0 6.25000 4.87500 91.35172 0.10402 -13
-0.06425 -0.11083 93.98150 0 3.35000 4.32500 93.79045 0.10153 -13
0.66822 -0.02269 16.71648 0 0.72500 -18.62500 13.90001 0.12115 -13
-0.03068 0.04664 71.17798 0 -1.42500 1.30000 71.14458 0.10086 13
-0.06052 -0.06972 86.38949 0 2.10000 1.52500 86.23248 0.10113 13
0.88142 0.07107 79.36045 0 -2.15000 -25.52500 59.60079 0.13443 13
-0.60192 0.06974 17.80505 0 -2.07500 18.77500 15.26469 0.11774 -13
-0.24173 -0.08120 49.57081 0 2.45000 9.00000 48.19185 0.10393 -13
-0.25876 -0.05492 47.62412 0 1.67500 7.85000 46.11002 0.10417 -13
1.07122 -0.21891 29.71731 0 6.57500 -32.70000 20.53066 0.14919 13
-0.19551 0.04473 92.14187 0 -1.35000 6.30000 90.43299 0.10271 13
-1.97916 -0.21935 13.81912 0 6.70000 59.35000 6.34946 0.22451 -13
-0.67797 -0.18248 92.43051 0 5.50000 20.22500 76.89643 0.12305 -13
-0.65030 -0.07722 17.02468 0 2.30000 18.07500 14.28478 0.12037 13
1.64362 -0.17149 78.53375 0 5.15000 -47.02500 41.25201 0.19450 13
-0.74592 -0.06358 65.15581 0 1.90000 22.92500 52.26423 0.12579 13
-1.20431 -0.12371 91.92895 0 3.75000 36.35000 58.99035 0.15814 -13
-0.34870 -0.12917 91.80967 0 3.90000 13.30000 86.76762 0.10744 -13
1.12890 0.06402 14.47575 0 -1.87500 -33.92500 9.60935 0.15200 -13
0.12586 -0.24145 33.21338 0 7.27500 -3.95000 32.96758 0.10436 13
-1.20484 0.11024 53.98290 0 -3.30000 36.25000 34.60031 0.15806 -13
-1.13900 -0.05969 65.20294 0 1.82500 33.75000 43.06186 0.15275 -13
0.74279 -0.03099 33.16687 0 0.92500 -23.17500 26.63010 0.12548 13
0.02215 -0.19115 1.09966 0 5.30000 1.82500 1.09940 0.10275 13
-0.87900 0.02815 79.36840 0 -0.85000 26.00000 59.62283 0.13411 -13
0.20717 -0.21183 68.12586 0 6.40000 -4.00000 66.76848 0.10504 -13
-0.65193 -0.12145 79.45555 0 3.65000 19.77500 66.70432 0.12083 13
0.34276 0.11046 76.81258 0 -3.35000 -9.57500 72.70884 0.10704 13
0.20350 0.00173 85.37985 0 -0.05000 -6.25000 83.66508 0.10277 -13
1.17575 -0.03398 81.29638 0 1.02500 -35.62500 52.68731 0.15547 13
-0.07272 0.08635 88.85416 0 -2.60000 2.47500 88.62191 0.10135 13
0.13124 -0.06459 38.27006 0 1.92500 -3.87500 37.94609 0.10177 13
1.02844 0.07317 23.50476 0 -2.17500 -33.45000 16.40821 0.14463 -13
-0.08439 -0.17642 50.98060 0 5.32500 5.02500 50.80542 0.10260 13
0.55147 -0.18896 61.14322 0 5.70000 -15.87500 53.75794 0.11656 13
-1.87266 -0.16516 70.55597 0 5.00000 55.90000 33.58347 0.21445 -13
1.47461 0.01776 58.29283 0 -0.52500 -41.92500 32.72088 0.17944 -13
-0.38229 0.08328 22.42158 0 -2.52500 11.22500 20.95239 0.10815 13
1.36053 -0.05004 8.05728 0 1.60000 -39.27500 4.77625 0.17014 -13
-1.80146 -0.24146 32.58466 0 7.25000 52.20000 16.15728 0.20887 13
0.05584 -0.02705 49.01237 0 0.80000 1.52500 48.93618 0.10090 13
0.76219 0.09822 55.08166 0 -2.97500 -26.70000 43.88507 0.12701 13
1.66346 0.00773 69.29733 0 -0.22500 -51.20000 35.70444 0.19546 -13
0.01730 0.13758 72.49303 0 -4.15000 -0.15000 72.48240 0.10166 -13
0.01771 -0.26171 72.49303 0 7.90000 -0.15000 72.48240 0.10411 -13
0.98384 0.14368 57.56438 0 -4.35000 -30.65000 41.23949 0.14202 13
1.00507 -0.25536 57.56438 0 7.70000 -31.30000 41.23949 0.14506 13
-1.71544 0.00945 52.73414 0 -0.27500 51.45000 26.55890 0.19996 -13
0.49713 -0.01245 61.82229 0 0.37500 -15.72500 55.35971 0.11246 13
0.07369 0.07536 45.61835 0 -2.25000 -2.07500 45.49579 0.10126 -13
-1.08886 0.01035 22.47937 0 -0.35000 34.17500 15.20550 0.14889 13
0.68051 -0.21019 64.11826 0 6.35000 -20.42500 53.36659 0.12365 -13
1.65005 -0.07283 7.80996 0 2.07500 -49.72500 4.05580 0.19439 13
-0.74161 -0.08704 99.05355 0 2.62500 25.07500 79.66834 0.12568 13
-0.99978 0.11618 31.83045 0 -3.47500 29.25000 22.58551 0.14287 -13
-0.81250 -0.08040 98.90074 0 2.42500 24.45000 76.85642 0.13000 13
-1.94100 0.02875 35.35252 0 -0.82500 58.80000 16.19622 0.21988 -13
0.15100 -0.14275 99.96817 0 4.30000 -4.95000 98.86962 0.10285 13
-1.46410 -0.08571 49.72755 0 2.60000 45.12500 28.11690 0.17876 -13
-2.07495 0.09075 68.87290 0 -2.72500 62.82500 30.00058 0.23213 -13
-1.16442 0.14218 22.00793 0 -4.32500 34.75000 14.42087 0.15526 13
-1.19034 -0.25696 22.00793 0 7.72500 35.52500 14.42087 0.15864 13
1.13277 -0.16535 34.23568 0 4.95000 -33.40000 22.82762 0.15306 13
-1.89078 -0.15281 4.80574 0 4.40000 57.57500 2.26656 0.21583 13
-1.03147 0.03997 15.26989 0 -1.15000 29.62500 10.63341 0.14472 -13
-0.06219 -0.01936 10.00093 0 0.62500 1.37500 9.98169 0.10092 -13
-0.94925 -0.03384 38.73379 0 1.05000 24.95000 28.10004 0.13890 -13
-0.66573 -0.14671 61.48855 0 4.42500 16.87500 51.34956 0.12189 -13
1.56284 -0.05420 96.82541 0 1.62500 -48.67500 52.23988 0.18692 13
4.51455 -0.27922 96.82541 0 1.67500 -48.95000 52.23988 0.18759 13
0.07427 0.11777 14.27997 0 -3.52500 -3.02500 14.24127 0.10166 -13
0.29893 0.07395 70.48720 0 -2.22500 -9.72500 67.54951 0.10537 -13
-0.83019 -0.17683 14.85817 0 5.30000 23.00000 11.50348 0.13206 13
-0.46447 0.04329 71.89908 0 -1.30000 13.62500 65.21922 0.11112 -13
0.52641 -0.02751 17.69956 0 0.85000 -14.52500 15.66336 0.11383 -13
0.20523 0.04837 58.58457 0 -1.45000 -3.95000 57.39079 0.10292 -13
-1.85429 -0.20554 73.00690 0 6.17500 54.62500 35.21107 0.21314 13
1.04384 -0.03097 69.21929 0 0.92500 -31.85000 47.89629 0.14561 13
-0.92930 -0.03815 79.61660 0 1.15000 28.45000 58.34085 0.13753 -13
-0.54874 -0.03265 80.99760 0 0.97500 15.62500 71.01786 0.11491 13
-1.29036 -0.05801 66.90918 0 1.75000 37.32500 41.02851 0.16450 13
1.41159 -0.01008 33.02207 0 0.27500 -41.25000 19.08990 0.17421 13
-0.97065 0.14634 46.20698 0 -4.42500 28.57500 33.32585 0.14112 13
-0.99061 -0.25263 46.20698 0 7.60000 29.17500 33.32585 0.14399 13
-0.97400 0.12394 96.01362 0 -3.72500 30.82500 69.03506 0.14113 -13
-1.00275 -0.27608 96.01362 0 8.32500 31.70000 69.03506 0.14531 -13
0.08768 0.00054 18.75474 0 -0.00000 -5.32500 18.68308 0.10109 -13
1.13131 -0.09899 80.81043 0 2.97500 -35.62500 53.66572 0.15238 13
-1.77561 0.00074 57.20999 0 -0.05000 53.57500 28.07426 0.20521 13
0.81767 -0.23964 42.09679 0 7.25000 -25.15000 32.94936 0.13232 -13
0.35494 -0.13570 73.71612 0 4.10000 -8.77500 69.53983 0.10772 13
1.08312 -0.15732 50.15695 0 4.72500 -32.62500 34.24775 0.14929 13
1.15299 0.12018 31.49000 0 -3.65000 -33.77500 20.71721 0.15418 13
1.18884 -0.28014 31.49000 0 8.42500 -34.85000 20.71721 0.15892 13
-0.31176 -0.08504 2.49552 0 2.35000 12.35000 2.38302 0.10588 13
1.29167 -0.14553 30.28138 0 4.37500 -40.30000 18.65862 0.16514 13
-0.32701 0.13647 5.96440 0 -4.20000 8.67500 5.67404 0.10690 13
-0.33516 -0.26306 5.96440 0 7.85000 8.90000 5.67404 0.10939 13
0.12317 0.01135 90.79614 0 -0.35000 -5.17500 90.11521 0.10147 13
0.88329 -0.19879 29.64086 0 6.02500 -28.05000 22.40323 0.13586 -13
-0.50771 -0.11445 82.27734 0 3.45000 13.97500 73.46103 0.11353 -13
-0.00497 -0.10595 25.75344 0 3.22500 1.67500 25.75312 0.10128 -13
-0.90368 -0.09298 14.29136 0 2.85000 27.42500 10.62409 0.13607 -13
0.16643 0.06390 4.01712 0 -2.05000 -6.32500 3.96284 0.10235 13
-0.49319 -0.14824 29.87492 0 4.50000 12.75000 26.85015 0.11329 -13
-1.00947 0.06008 9.30174 0 -1.72500 29.20000 6.55188 0.14322 -13
1.16208 0.05960 5.28232 0 -1.95000 -34.60000 3.44879 0.15459 13
0.67771 -0.17427 65.04340 0 5.25000 -20.87500 54.09499 0.12291 13
-0.93089 -0.12855 50.85430 0 3.87500 27.27500 37.36372 0.13818 13
0.39497 0.10052 99.16765 0 -3.02500 -9.77500 92.29615 0.10874 13
-0.45795 -0.15901 70.86735 0 4.80000 14.00000 64.57040 0.11191 13
0.20717 0.13251 5.03012 0 -3.90000 -7.82500 4.92720 0.10369 -13
0.21266 -0.26678 5.03012 0 8.15000 -8.00000 4.92720 0.10645 -13
-1.28309 0.12839 30.74227 0 -3.90000 39.37500 18.99374 0.16435 13
-1.31878 -0.27148 30.74227 0 8.15000 40.45000 18.99374 0.16885 13
0.04909 -0.04685 99.54185 0 1.42500 -1.57500 99.42245 0.10094 -13
1.42336 0.00826 50.67491 0 -0.27500 -41.15000 29.13166 0.17519 13
0.06747 -0.04850 77.72469 0 1.45000 -3.12500 77.54882 0.10105 13
0.95358 -0.18235 22.76832 0 5.47500 -27.97500 16.60578 0.14032 13
1.58219 -0.06696 39.65024 0 2.05000 -49.00000 21.21719 0.18862 -13
1.37058 -0.06083 16.60544 0 1.87500 -41.57500 9.79846 0.17099 -13
-1.09567 0.05899 61.14636 0 -1.80000 31.37500 41.25907 0.14951 13
-0.22456 -0.13801 87.16476 0 4.17500 11.27500 85.08496 0.10415 -13
0.61575 0.11790 54.14620 0 -3.57500 -18.60000 46.19369 0.11886 13
-0.24341 0.10873 7.76783 0 -3.22500 11.27500 7.54996 0.10421 -13
1.52972 -0.22507 61.36146 0 6.77500 -48.05000 34.15676 0.18541 13
0.16342 0.00954 12.06643 0 -0.25000 -1.42500 11.90846 0.10205 -13
1.00274 -0.08203 74.27372 0 2.47500 -30.02500 52.53524 0.14285 13
-0.10936 -0.12044 5.58921 0 3.55000 3.42500 5.55662 0.10201 13
0.48793 -0.08381 21.23382 0 2.55000 -15.65000 19.09651 0.11238 -13
1.50424 0.07867 45.85544 0 -2.35000 -43.35000 25.44090 0.18206 -13
-0.86991 0.10367 82.30708 0 -3.12500 28.80000 62.24163 0.13388 -13
0.13646 -0.12500 52.47269 0 3.75000 -5.75000 51.99823 0.10241 13
-0.17235 0.02936 1.93856 0 -1.15000 7.12500 1.91045 0.10241 13
1.76779 0.06443 8.94299 0 -2.05000 -53.25000 4.41029 0.20469 13
0.35866 0.12302 62.10376 0 -3.72500 -14.05000 58.50721 0.10770 13
0.36939 -0.27710 62.10376 0 8.35000 -14.37500 58.50721 0.11091 13
1.17540 -0.12050 76.33858 0 3.65000 -36.00000 49.67327 0.15588 -13
1.70259 -0.13784 90.13573 0 4.17500 -51.60000 45.96780 0.19935 -13
-1.07637 0.05005 85.73499 0 -1.50000 34.62500 58.39398 0.14804 -13
-0.30080 -0.08735 17.51104 0 2.60000 7.35000 16.77403 0.10552 13
-0.70140 0.03800 5.68211 0 -1.05000 20.27500 4.65289 0.12308 -13
0.18390 0.00051 75.68216 0 -0.00000 -5.02500 74.43405 0.10240 -13
1.38601 -0.25037 11.50374 0 7.47500 -42.80000 6.86524 0.17386 13
-0.28450 -0.01936 45.87356 0 0.57500 5.85000 44.12327 0.10472 13
2.04980 -3.08823 45.87356 0 0.70000 5.77500 44.12327 0.10495 13
-1.01350 2.56333 45.87356 0 1.25000 5.42500 44.12327 0.10738 13
-0.66350 0.03082 82.92876 0 -0.92500 21.02500 69.11188 0.12089 13
-0.47514 0.01977 39.58109 0 -0.57500 14.97500 35.75221 0.11151 -13
-1.45661 -0.13184 36.34642 0 4.00000 43.87500 20.69225 0.17844 -13
-0.30162 -0.02998 83.25761 0 0.90000 11.12500 79.71371 0.10523 13
0.27235 -0.06995 68.74672 0 2.12500 -8.95000 66.34186 0.10461 -13
-0.10132 -0.08391 37.54260 0 2.52500 3.80000 37.35274 0.10157 13
0.41602 -0.10817 63.11000 0 3.25000 -12.02500 58.31863 0.10961 13
-0.07913 0.01410 73.50222 0 -0.42500 2.70000 73.27333 0.10103 -13
-1.73802 -0.17823 18.08270 0 5.42500 53.72500 9.12456 0.20278 -13
-0.64864 -0.05175 26.76723 0 1.57500 19.47500 22.46582 0.12015 -13
-0.43282 0.11174 57.57059 0 -3.35000 12.75000 52.88541 0.11030 -13
1.41261 -0.02685 89.26914 0 0.80000 -43.45000 51.59083 0.17431 13
0.37600 -0.01019 9.65636 0 0.25000 -9.17500 9.03879 0.10759 13
0.68504 0.06470 53.14039 0 -1.97500 -18.40000 43.86944 0.12224 13
-0.39467 -0.18930 47.44032 0 5.70000 11.60000 44.23130 0.10992 13
0.47384 -0.20512 19.49421 0 6.15000 -15.95000 17.68214 0.11332 13
-0.15212 0.04930 87.40352 0 -1.50000 7.00000 86.41170 0.10198 13
-1.53615 -0.13493 37.16523 0 4.10000 47.22500 20.40524 0.18509 -13
-0.96781 0.09248 32.74368 0 -2.77500 30.55000 23.57747 0.14045 -13
-0.29086 0.14791 23.75658 0 -4.47500 8.97500 22.83023 0.10594 13
-0.29662 -0.25096 23.75658 0 7.55000 9.15000 22.83023 0.10802 13
-0.94373 0.04262 53.43862 0 -1.27500 28.15000 38.88103 0.13853 -13
-1.49995 -0.10798 87.63263 0 3.27500 42.65000 48.80590 0.18188 -13
-1.17834 0.05170 38.86581 0 -1.57500 35.92500 25.16776 0.15573 13
-1.65393 0.03262 65.58258 0 -0.97500 49.02500 33.94605 0.19466 -13
-0.36370 -0.06214 55.05841 0 1.87500 13.27500 51.75420 0.10734 13
0.23957 -0.16982 99.25105 0 5.12500 -7.77500 96.59342 0.10496 -13
0.93358 0.06492 9.03854 0 -1.87500 -27.82500 6.61362 0.13790 -13
0.61578 0.14904 92.97657 0 -4.50000 -21.10000 79.40768 0.11921 -13
0.62777 -0.24974 92.97657 0 7.55000 -21.45000 79.40768 0.12154 -13
-0.20394 -0.00590 80.05065 0 0.17500 6.37500 78.43602 0.10278 13
1.12206 -0.01134 69.59706 0 0.35000 -32.85000 46.30666 0.15136 -13
-0.87843 0.10997 61.46334 0 -3.32500 24.80000 46.29814 0.13450 13
-0.10176 0.04303 52.80445 0 -1.30000 2.05000 52.53364 0.10132 13
1.94660 -0.03295 66.86738 0 1.00000 -57.67500 30.56819 0.22041 -13
-1.95993 -0.05775 82.13278 0 1.75000 59.30000 37.37698 0.22166 -13
1.87774 -0.14688 83.00026 0 4.42500 -56.32500 39.34002 0.21473 13
0.36245 0.13699 71.18780 0 -4.12500 -13.20000 66.99903 0.10799 -13
0.37125 -0.26232 71.18780 0 7.92500 -13.45000 66.99903 0.11062 -13
-1.12281 0.02134 7.35176 0 -0.55000 36.62500 4.89000 0.15144 -13
0.87908 0.08811 41.30451 0 -2.65000 -26.45000 31.07455 0.13437 -13
-0.94322 -0.19377 99.89224 0 5.85000 28.72500 73.29389 0.13979 13
0.61844 0.14040 86.47038 0 -4.25000 -18.22500 73.74023 0.11925 13
0.63260 -0.25877 86.47038 0 7.80000 -18.65000 73.74023 0.12197 13
-0.48806 -0.02600 33.15794 0 0.80000 13.62500 29.80026 0.11209 -13
-1.35580 -0.06169 7.43695 0 1.97500 40.57500 4.41963 0.16983 -13
0.07263 0.04078 84.40019 0 -1.22500 -1.37500 84.17880 0.10105 13
0.23127 0.07406 95.19555 0 -2.22500 -6.85000 92.76040 0.10363 -13
-0.56980 -0.06719 48.05470 0 2.02500 18.10000 41.77512 0.11610 13
-0.01140 -0.11127 15.67306 0 3.32500 1.45000 15.67205 0.10132 13
0.45922 -0.15938 85.41340 0 4.82500 -12.45000 77.78818 0.11197 -13
-1.48316 -0.20057 67.86916 0 6.02500 48.20000 38.45665 0.18124 13
0.17744 -0.11216 34.56701 0 3.40000 -7.32500 34.04182 0.10291 -13
-0.87454 -0.20735 5.64044 0 6.12500 28.07500 4.28430 0.13531 13
-0.21536 -0.09582 73.38708 0 2.87500 7.35000 71.75690 0.10346 13
0.23553 -0.22997 81.67304 0 6.92500 -6.47500 79.60289 0.10601 13
-0.60828 0.11539 78.11206 0 -3.47500 17.37500 66.85437 0.11844 -13
-0.37234 -0.13107 14.34969 0 3.92500 11.82500 13.46157 0.10825 13
0.70148 0.10961 74.68651 0 -3.30000 -21.87500 61.26347 0.12350 -13
-0.37461 -0.09393 57.55774 0 2.82500 12.62500 53.92897 0.10795 13
0.26732 -0.49554 57.55774 0 2.85000 12.60000 53.92897 0.10801 13
-0.20818 0.39259 57.55774 0 4.90000 12.12500 53.92897 0.11786 13
-31.08823 -8.47122 57.55774 0 4.10000 12.15000 53.92897 0.13832 13
-0.56390 -0.02553 57.55774 0 3.87500 14.02500 53.92897 0.15810 13
0.24725 0.21911 57.55774 0 5.12500 15.25000 53.92897 0.16708 13
-6.34048 14.19720 57.55774 0 3.70000 15.25000 53.92897 0.17822 13
0.59975 -1.26294 57.55774 0 3.65000 15.25000 53.92897 0.17868 13
-1.42896 -0.01236 78.61442 0 0.35000 42.07500 45.07628 0.17564 13
-1.21522 0.13989 59.82638 0 -4.20000 36.72500 38.23350 0.15911 -13
-1.24327 -0.25926 59.82638 0 7.82500 37.57500 38.23350 0.16281 -13
-1.36077 -0.02703 23.99229 0 0.77500 38.72500 14.21097 0.17008 13
0.00858 -0.13070 89.64156 0 3.95000 -2.50000 89.63832 0.10157 -13
0.26809 0.06688 67.86807 0 -2.02500 -9.40000 65.56306 0.10448 13
1.42378 -0.17010 52.49753 0 5.12500 -41.40000 30.46179 0.17603 13
-0.73545 -0.16995 59.78293 0 5.12500 22.92500 48.39947 0.12617 13
-0.80687 -0.23097 81.23296 0 6.97500 24.32500 63.86064 0.13147 -13
-0.41029 -0.12014 80.69070 0 3.62500 12.32500 74.72801 0.10952 13
1.80084 -0.13300 49.31872 0 4.02500 -53.65000 24.10381 0.20789 -13
-0.72828 -0.14651 59.29914 0 4.42500 21.87500 48.10956 0.12546 -13
-1.45086 0.12223 54.41158 0 -3.70000 43.45000 31.03334 0.17789 13
-1.49469 -0.27797 54.41158 0 8.37500 44.77500 31.03334 0.18324 13
0.66254 -0.01567 21.15631 0 0.50000 -20.77500 17.63742 0.12081 -13
1.77708 -0.13102 55.57872 0 3.97500 -56.25000 27.43257 0.20577 -13
-0.32149 -0.24409 21.37004 0 7.32500 10.90000 20.39856 0.10858 13
0.15549 -0.08304 51.27700 0 2.50000 -5.32500 50.67227 0.10226 13
0.67973 -0.04464 81.31510 0 1.35000 -21.87500 67.27134 0.12185 -13
-1.62531 -0.02036 67.41960 0 0.60000 45.45000 35.33482 0.19217 13
0.28986 0.11260 30.77329 0 -3.37500 -8.87500 29.57061 0.10546 -13
-1.92210 -0.00174 61.84277 0 0.07500 56.57500 28.54345 0.21819 -13
0.47475 0.11090 38.79939 0 -3.32500 -13.35000 35.08929 0.11203 -13
-0.25311 -0.18259 54.84024 0 5.52500 7.22500 53.21547 0.10550 -13
-0.83196 -0.15060 89.97890 0 4.52500 26.40000 69.48676 0.13187 13
1.02491 0.10712 29.54807 0 -3.20000 -29.47500 20.69560 0.14459 -13
-0.83048 -0.15226 25.02161 0 4.62500 26.35000 19.33885 0.13182 -13
-0.75731 -0.19149 75.80924 0 5.77500 21.82500 60.82827 0.12778 13
0.02200 -0.01100 27.69451 0 0.32500 -1.47500 27.68782 0.10074 13
-0.89072 0.03715 9.75670 0 -1.05000 27.62500 7.28785 0.13490 -13
-0.17815 0.14512 44.89913 0 -4.37500 5.37500 44.21738 0.10332 -13
-0.18189 -0.25382 44.89913 0 7.67500 5.47500 44.21738 0.10550 -13
0.63397 -0.10238 86.75775 0 3.07500 -21.80000 73.38258 0.11968 13
0.33922 -0.24363 20.63591 0 7.37500 -8.70000 19.59861 0.10916 -13
0.23403 -0.18710 84.08077 0 5.62500 -6.45000 81.94073 0.10512 13
-0.68202 -0.18757 97.88154 0 5.65000 19.07500 81.30420 0.12334 13
-0.58231 0.00753 45.98643 0 -0.22500 15.97500 39.74007 0.11654 -13
0.90302 -0.13379 5.65134 0 4.15000 -22.67500 4.21093 0.13645 -13
-0.14804 -0.22259 72.14866 0 6.72500 5.40000 71.40706 0.10424 -13
-0.28730 0.09708 74.48440 0 -2.92500 8.40000 71.61405 0.10523 -13
-1.07776 -0.08374 4.95278 0 2.37500 35.32500 3.37524 0.14826 13
0.99052 -0.08628 94.70583 0 2.60000 -29.67500 67.40898 0.14200 13
-1.26822 -0.04493 36.72990 0 1.32500 38.75000 22.75646 0.16270 13
-0.75688 0.05011 8.98718 0 -1.57500 20.95000 7.16876 0.12643 13
0.22844 -0.21889 54.81003 0 6.60000 -8.92500 53.49426 0.10563 -13
0.47573 -0.20545 59.25672 0 6.20000 -14.35000 53.71155 0.11343 -13
-0.31529 -0.04182 22.16372 0 1.27500 8.65000 21.13972 0.10568 -13
0.26375 -0.07790 9.98940 0 2.30000 -8.20000 9.66084 0.10444 13
0.07693 0.12034 7.85833 0 -3.70000 -3.30000 7.83554 0.10176 13
0.07930 -0.28010 7.85833 0 8.37500 -3.37500 7.83554 0.10483 13
1.16357 0.08064 17.20591 0 -2.40000 -34.45000 11.23543 0.15470 -13
-1.53262 -0.17260 58.51000 0 5.22500 46.82500 32.30215 0.18513 -13
-0.42597 0.12182 47.16804 0 -3.67500 14.45000 43.44398 0.11014 -13
-0.43892 -0.27832 47.16804 0 8.40000 14.85000 43.44398 0.11350 -13
-0.53239 -0.09754 88.25369 0 2.95000 16.00000 77.98244 0.11451 -13
0.46833 0.00866 94.25446 0 -0.25000 -15.22500 85.35799 0.11120 -13
0.81749 0.07670 18.79842 0 -2.27500 -21.00000 14.57067 0.13029 -13
0.84378 -0.11487 86.47232 0 3.45000 -24.95000 66.26925 0.13226 13
2.08564 0.08371 73.61014 0 -2.55000 -62.35000 31.91581 0.23308 13
-0.62138 -0.22241 70.70757 0 6.70000 19.17500 60.45540 0.12065 13
-0.10080 -0.21168 55.63766 0 6.37500 1.17500 55.36912 0.10343 13
-1.81016 -0.13873 30.69763 0 4.22500 53.15000 14.95279 0.20876 -13
-0.53036 -0.22067 60.60317 0 6.65000 16.97500 53.81466 0.11613 13
-0.32852 -0.08459 63.90639 0 2.55000 9.87500 60.73510 0.10634 13
1.19444 0.00680 60.32512 0 -0.22500 -35.82500 38.72534 0.15687 13
0.90728 0.13001 76.04369 0 -3.92500 -23.77500 56.53112 0.13661 13
0.93186 -0.26970 76.04369 0 8.12500 -24.52500 56.53112 0.14030 13
0.62254 -0.24070 79.47879 0 7.27500 -17.02500 67.99423 0.12108 -13
0.35104 -0.01456 42.91827 0 0.45000 -8.42500 40.49597 0.10673 -13
0.20019 -0.21594 61.83506 0 6.52500 -7.02500 60.68422 0.10498 -13
0.41184 0.12812 27.16754 0 -3.87500 -11.70000 25.15009 0.10968 13
0.42331 -0.27173 27.16754 0 8.17500 -12.05000 25.15009 0.11271 13
-1.94407 -0.05565 17.02984 0 1.75000 56.60000 7.79948 0.22025 -13
-1.22361 -0.12906 52.76157 0 3.90000 34.57500 33.55392 0.15967 -13
-0.82355 -0.16756 52.39386 0 5.07500 26.12500 40.66975 0.13155 -13
-0.13191 -0.08432 70.41760 0 2.52500 2.55000 69.81698 0.10193 13
0.73613 -0.07263 68.29051 0 2.20000 -23.60000 55.04702 0.12526 -13
-0.34763 0.02307 11.20430 0 -0.75000 9.77500 10.58342 0.10664 13
-1.00967 0.09905 27.57865 0 -2.95000 30.22500 19.45475 0.14344 -13
0.32836 -0.02439 88.24910 0 0.72500 -12.22500 83.84679 0.10602 13
1.52057 -0.12282 71.52166 0 3.72500 -43.57500 39.50507 0.18370 -13
0.43983 0.10640 5.63805 0 -3.12500 -16.42500 5.16559 0.11052 -13
0.03735 -0.10770 68.38887 0 3.25000 -3.35000 68.34176 0.10135 13
1.59013 0.05452 7.15717 0 -1.52500 -45.07500 3.81441 0.18922 -13
1.74398 -0.20026 8.00260 0 6.17500 -53.67500 4.04023 0.20362 -13
-0.59115 -0.18766 58.75599 0 5.67500 19.17500 50.80403 0.11850 -13
-0.34917 0.04435 76.45228 0 -1.32500 11.60000 72.18627 0.10676 -13
-0.18794 -0.02206 53.76560 0 0.67500 5.97500 52.84102 0.10249 -13
-0.25962 -0.14466 11.31943 0 4.40000 9.65000 10.96335 0.10509 -13
0.66364 0.07068 99.92259 0 -2.15000 -19.75000 83.32031 0.12107 13
1.21162 -0.17917 10.86714 0 5.35000 -37.92500 6.98317 0.15916 13
0.04727 0.07250 68.29987 0 -2.17500 0.67500 68.22409 0.10108 -13
0.28767 -0.00985 30.74106 0 0.32500 -10.15000 29.54298 0.10479 -13
0.99635 0.02755 73.97752 0 -0.82500 -28.65000 52.41561 0.14218 -13
-1.34821 -0.10288 43.96811 0 3.07500 43.47500 26.28274 0.16934 13
-0.97640 0.08096 45.45864 0 -2.42500 29.80000 32.57735 0.14097 -13
1.97759 -0.16865 75.73578 0 5.07500 -59.37500 34.55858 0.22379 13
0.68926 0.02767 56.47895 0 -0.82500 -21.87500 46.50828 0.12234 -13
2.08942 -0.05309 53.48991 0 1.62500 -61.17500 23.11900 0.23333 -13
-0.15926 -0.06864 33.86398 0 2.05000 3.45000 33.44436 0.10220 13
2.12281 0.12919 68.29371 0 -3.92500 -62.95000 29.30116 0.23668 13
2.18099 -0.27059 68.29371 0 8.15000 -64.70000 29.30116 0.24311 13
-1.17706 -0.14817 36.77993 0 4.50000 37.55000 23.96274 0.15628 -13
0.07903 -0.13404 72.03913 0 4.05000 -3.42500 71.81910 0.10192 -13
-0.36566 0.06637 12.82020 0 -2.05000 10.47500 12.04355 0.10745 13
0.20441 -0.23499 53.24634 0 7.07500 -6.70000 52.22235 0.10547 13
0.08342 -0.21334 34.48838 0 6.42500 -2.15000 34.37422 0.10330 13
-0.18370 -0.15356 34.48838 0 6.40000 -2.07500 34.37422 0.10341 13
0.08079 -0.49413 34.48838 0 -3.52500 -1.65000 34.37422 0.11863 13
0.40020 -0.57559 34.48838 0 6.40000 -1.37500 34.37422 0.13143 13
-0.42851 0.41277 34.48838 0 7.95000 -1.85000 34.37422 0.13853 13
5.01339 -15.43095 34.48838 0 6.40000 -1.65000 34.37422 0.16862 13
-119.98439 182.11808 34.48838 0 6.57500 -1.20000 34.37422 0.17860 13
2.12247 0.10842 90.90420 0 -3.25000 -64.02500 38.92975 0.23651 -13
-0.49221 -0.08752 65.59171 0 2.62500 15.10000 58.89261 0.11258 13
-0.47780 -0.22325 62.14425 0 6.75000 13.10000 56.32155 0.11386 -13
0.41879 -0.05599 79.66749 0 1.70000 -13.62500 73.50076 0.10932 -13
-0.37073 0.03557 2.45474 0 -0.87500 12.60000 2.30192 0.10753 -13
0.83889 0.09389 27.74414 0 -2.80000 -25.52500 21.29395 0.13177 -13
-1.20412 -0.20355 37.94332 0 6.15000 39.82500 24.53280 0.15896 -13
1.03238 -0.02045 9.02925 0 0.55000 -29.72500 6.28315 0.14474 13
0.88046 0.09431 60.56533 0 -2.82500 -24.37500 45.54495 0.13450 -13
1.37249 0.03500 64.28954 0 -1.05000 -40.85000 37.87360 0.17104 -13
0.43647 -0.01352 22.68315 0 0.42500 -14.50000 20.78959 0.10989 -13
0.80117 0.08671 15.52948 0 -2.57500 -26.30000 12.13729 0.12932 -13
0.14909 0.10755 31.59822 0 -3.22500 -4.52500 31.25680 0.10239 -13
-0.81398 -0.03336 79.37162 0 1.00000 26.62500 61.57007 0.12989 13
-1.04859 -0.14775 8.98307 0 4.52500 30.70000 6.23535 0.14672 -13
-0.30238 0.02768 97.72294 0 -0.82500 9.12500 93.54315 0.10524 -13
0.69628 -0.07883 38.61662 0 2.37500 -18.50000 31.72321 0.12296 13
-1.41148 0.01954 84.48506 0 -0.57500 42.55000 48.84679 0.17422 -13
-1.11675 0.08013 82.43832 0 -2.40000 32.67500 55.09119 0.15117 -13
1.10938 -0.11145 43.24998 0 3.35000 -32.60000 29.05621 0.15081 13
0.21655 0.01816 94.12553 0 -0.55000 -7.52500 91.99402 0.10306 13
0.70073 -0.16402 18.10815 0 4.97500 -20.65000 14.89387 0.12410 -13
2.05930 -0.05881 17.92242 0 1.82500 -63.10000 7.84112 0.23060 -13
0.40582 0.05781 67.82736 0 -1.75000 -12.02500 62.86412 0.10884 13
-0.44908 0.09022 25.07023 0 -2.70000 14.07500 22.88555 0.11076 -13
0.59679 -0.06139 39.15201 0 1.87500 -16.82500 33.63648 0.11744 -13
1.19983 -0.13999 90.54515 0 4.22500 -38.60000 58.30194 0.15793 -13
1.99579 0.05394 66.20901 0 -1.60000 -57.40000 29.69375 0.22487 -13
0.12807 -0.19135 69.33511 0 5.77500 -5.10000 68.79290 0.10333 13
1.09387 -0.02312 79.45491 0 0.70000 -32.62500 53.61846 0.14927 13
0.11788 -0.07211 25.41788 0 2.20000 -5.92500 25.24408 0.10166 -13
0.76132 0.01210 69.31330 0 -0.35000 -22.15000 55.15101 0.12657 -13
-0.50986 -0.09396 10.79424 0 2.87500 15.85000 9.62498 0.11346 -13
0.86140 -0.06478 94.21320 0 1.95000 -26.77500 71.44534 0.13307 13
0.15989 0.00999 93.79569 0 -0.30000 -4.60000 92.61937 0.10199 -13
-0.78864 0.00577 73.84437 0 -0.17500 24.32500 57.98299 0.12826 -13
0.19913 -0.04272 84.26728 0 1.30000 -6.77500 82.64754 0.10277 -13
0.79760 -0.06508 19.84347 0 1.92500 -23.60000 15.52573 0.12898 13
1.76417 -0.17691 39.50430 0 5.37500 -52.35000 19.70851 0.20502 -13
-1.45014 0.05669 42.56106 0 -1.72500 44.62500 24.18757 0.17749 13
-0.43072 -0.13417 66.36184 0 4.05000 14.67500 61.03316 0.11047 13
0.09343 -0.23000 93.64905 0 6.92500 -5.35000 93.26323 0.10375 13
0.16970 0.01963 10.76891 0 -0.55000 -4.55000 10.61720 0.10216 -13
1.03169 0.06804 81.39281 0 -2.05000 -30.35000 56.71656 0.14486 -13
-0.78828 0.05369 64.18768 0 -1.60000 24.97500 50.43680 0.12834 -13
-1.48715 0.11893 10.22420 0 -3.50000 42.72500 5.73348 0.18080 -13
1.11784 -0.22837 10.62160 0 6.95000 -34.55000 7.18115 0.15287 -13
0.61761 -0.12551 98.87942 0 3.77500 -18.17500 84.30838 0.11903 13
0.05703 0.08942 14.65019 0 -2.72500 -4.65000 14.62660 0.10128 13
0.67312 -0.17301 52.75484 0 5.20000 -20.30000 43.96369 0.12263 13
-1.14869 -0.14464 55.90219 0 4.37500 36.00000 36.92186 0.15406 -13
-0.01662 -0.13714 20.18149 0 4.15000 1.00000 20.17875 0.10167 -13
-0.18580 -0.24417 13.63994 0 7.40000 4.80000 13.42305 0.10537 -13
-1.61093 -0.12464 35.10389 0 3.77500 47.02500 18.61763 0.19137 -13
0.78931 -0.00493 13.81560 0 0.10000 -23.15000 10.84445 0.12830 13
-1.51296 0.14468 22.66254 0 -4.40000 47.57500 12.58630 0.18324 13
-1.54511 -0.25437 22.66254 0 7.62500 48.52500 12.58630 0.18704 13
1.47696 -0.14153 98.93962 0 4.27500 -43.22500 55.84780 0.18019 -13
0.56710 0.08372 85.64124 0 -2.52500 -18.92500 74.55912 0.11607 -13
-0.35237 -0.18929 25.07582 0 5.72500 10.35000 23.69516 0.10847 -13
0.30673 -0.15771 42.29236 0 4.77500 -7.55000 40.47540 0.10653 -13
-1.21884 -0.10282 36.74949 0 3.12500 35.72500 23.38283 0.15911 -13
0.09791 -0.14006 77.81519 0 4.22500 -1.35000 77.45194 0.10216 13
0.30937 -0.02809 77.07482 0 0.85000 -10.52500 73.63419 0.10545 -13
0.82108 0.12099 1.76719 0 -3.27500 -24.25000 1.37006 0.13090 -13
0.30641 0.08825 90.89653 0 -2.65000 -7.00000 86.93710 0.10570 -13
-0.21735 0.05456 16.70991 0 -1.67500 9.02500 16.32982 0.10321 13
