1.28515 -1.20835 0.01238 0 7.42500 -29.80000 0.01017 1.37309 11
-0.84633 0.56683 0.01238 0 -2.52500 -46.77500 0.01017 1.45819 11
0.87713 -0.44508 0.01238 0 5.27500 50.60000 0.01017 0.91015 11
-0.97311 -0.13337 0.01238 0 7.87500 29.32500 0.01017 1.01579 11
-0.88271 0.00171 0.01238 0 -4.20000 28.65000 0.01017 1.01909 11
0.84733 -0.15318 0.01238 0 5.85000 11.82500 0.01017 1.10259 11
-0.80545 0.09821 0.01238 0 -3.17500 -9.82500 0.01017 1.22210 11
0.76320 -0.20606 0.01238 0 6.72500 -25.50000 0.01017 1.30472 11
-1.25376 -0.27699 0.01238 0 8.02500 -48.37500 0.01017 1.41834 11
-1.24989 0.06132 0.01238 0 -4.05000 -49.32500 0.01017 1.42243 11
0.88544 0.20679 0.01238 0 -1.60000 49.15000 0.01017 0.87298 11
-0.94771 -0.12451 0.01238 0 -0.90000 25.02500 0.01017 0.98958 11
1.13214 0.54432 0.01238 0 -1.15000 10.35000 0.01017 1.06010 11
-0.98327 -0.26391 0.01238 0 -1.90000 -15.42500 0.01017 1.18619 11
0.82290 0.20799 0.01238 0 -2.17500 -29.65000 0.01017 1.25642 11
-0.71134 -0.12878 0.01238 0 -1.10000 -49.92500 0.01017 1.36847 11
0.57564 0.09616 0.01238 0 -2.27500 -62.62500 0.01017 1.43969 11
-0.85098 0.02774 0.01238 0 6.32500 52.27500 0.01017 0.82116 11
0.82336 -0.23161 0.01238 0 1.35000 31.80000 0.01017 0.92952 11
-0.77836 -0.02455 0.01238 0 5.62500 8.45000 0.01017 1.04873 11
0.64295 -0.15456 0.01238 0 0.40000 -8.70000 0.01017 1.14804 11
-0.46479 0.14076 0.01238 0 6.32500 -26.22500 0.01017 1.26044 11
0.46044 -0.27160 0.01238 0 -0.30000 -37.95000 0.01017 1.36482 11
-0.46638 0.26452 0.01238 0 6.10000 -49.97500 0.01017 1.46550 11
0.46813 -0.66024 0.01238 0 0.97500 -64.35000 0.01017 1.58086 11
-0.11569 -0.45020 0.01238 0 -2.20000 -62.70000 0.01017 3.30044 11
-0.23888 0.39260 0.01238 0 -1.25000 -64.37500 0.01017 3.35992 11
-2.66804 -0.48168 0.01238 0 3.57500 31.00000 0.01017 0.84883 11
2.02460 0.83325 0.01238 0 0.45000 22.55000 0.01017 0.88022 11
-1.50244 -0.50021 0.01238 0 1.55000 -8.07500 0.01017 0.99638 11
2.02983 0.22861 0.01238 0 -0.45000 -16.25000 0.01017 1.02578 11
-1.87734 -0.34478 0.01238 0 2.22500 -24.75000 0.01017 1.05850 11
1.83476 1.49893 0.01238 0 0.85000 -27.32500 0.01017 1.06903 11
-0.33268 -0.39121 0.01238 0 0.60000 -38.42500 0.01017 1.12375 11
0.98852 0.15358 0.01238 0 -1.67500 -40.52500 0.01017 1.13542 11
-0.91797 -0.21052 0.01238 0 0.80000 -44.87500 0.01017 1.15644 11
1.16995 0.50942 0.01238 0 -1.32500 -46.47500 0.01017 1.16659 11
-1.17961 -0.08604 0.01238 0 0.82500 -50.52500 0.01017 1.18593 11
1.88491 -1.28121 0.01238 0 -0.85000 -55.42500 0.01017 1.20792 11
-1.68984 1.32252 0.01238 0 0.15000 -56.55000 0.01017 1.21349 11
-0.56911 -0.16488 0.01238 0 -1.47500 -56.00000 0.01017 1.23148 11
0.74797 0.79232 0.01238 0 -0.05000 -54.80000 0.01017 1.23921 11
-0.80714 -0.55046 0.01238 0 -1.25000 -52.67500 0.01017 1.25432 11
0.67635 0.68410 0.01238 0 -0.25000 -51.97500 0.01017 1.25958 11
-0.31378 -0.53125 0.01238 0 -1.65000 -54.65000 0.01017 1.28434 11
0.51831 -0.17353 0.01238 0 3.75000 52.75000 0.01017 0.92885 11
-0.60422 0.22496 0.01238 0 -2.52500 33.72500 0.01017 1.05544 11
0.70439 -0.24902 0.01238 0 3.80000 19.85000 0.01017 1.14903 11
-0.93301 -0.13271 0.01238 0 7.60000 -0.35000 0.01017 1.26053 11
-0.93035 0.17078 0.01238 0 -4.40000 -0.92500 0.01017 1.26340 11
0.90481 -0.22497 0.01238 0 5.02500 -18.15000 0.01017 1.35153 11
-0.74623 -0.23976 0.01238 0 8.22500 -38.20000 0.01017 1.46291 11
-0.67202 0.08225 0.01238 0 -3.82500 -38.77500 0.01017 1.46638 11
0.61302 -0.23540 0.01238 0 4.17500 -52.82500 0.01017 1.55445 11
0.88591 0.42597 0.01238 0 5.05000 -55.60000 0.01017 2.46136 11
-1.31614 -1.27277 0.01238 0 7.77500 -38.25000 0.01017 2.55175 11
0.81177 0.52578 0.01238 0 5.95000 -27.80000 0.01017 2.60699 11
-1.51459 -0.52409 0.01238 0 -2.27500 -10.12500 0.01017 2.69700 11
1.44465 0.43949 0.01238 0 4.47500 1.02500 0.01017 2.74354 11
-1.86811 -0.14533 0.01238 0 -2.20000 19.42500 0.01017 2.81933 11
1.63397 0.07422 0.01238 0 4.17500 36.97500 0.01017 2.88612 11
-1.21439 -0.08722 0.01238 0 -0.60000 50.87500 0.01017 2.93826 11
1.03628 0.11250 0.01238 0 6.85000 62.40000 0.01017 2.99133 11
-1.13743 -0.40197 0.01238 0 7.62500 59.20000 0.01017 0.83509 11
0.82617 -0.03856 0.01238 0 5.92500 43.07500 0.01017 0.91337 11
-1.10416 -0.43225 0.01238 0 8.45000 19.37500 0.01017 1.03909 11
-0.75193 0.06486 0.01238 0 -3.65000 18.60000 0.01017 1.04313 11
0.71702 -0.17922 0.01238 0 5.15000 5.10000 0.01017 1.12331 11
-0.62958 0.06430 0.01238 0 -3.35000 -13.75000 0.01017 1.23820 11
0.60696 -0.14547 0.01238 0 4.72500 -26.02500 0.01017 1.32053 11
-0.87409 -0.18468 0.01238 0 7.42500 -44.20000 0.01017 1.42658 11
0.71134 -0.28448 0.01238 0 5.07500 -62.00000 0.01017 1.52302 11
0.64413 -0.16025 0.01238 0 -2.67500 51.60000 0.01017 0.92608 11
-0.74305 0.13277 0.01238 0 2.72500 31.97500 0.01017 1.03922 11
0.74788 -0.11573 0.01238 0 -1.97500 12.45000 0.01017 1.14491 11
-0.81987 -0.04082 0.01238 0 1.40000 -10.72500 0.01017 1.26234 11
0.76265 0.13436 0.01238 0 -2.67500 -26.72500 0.01017 1.35189 11
-0.40486 0.07802 0.01238 0 3.67500 -40.82500 0.01017 1.46927 11
0.28163 -0.11441 0.01238 0 -3.22500 -49.07500 0.01017 1.56638 11
-0.29585 0.12415 0.01238 0 3.65000 -57.12500 0.01017 1.67347 11
0.27558 -0.15123 0.01238 0 -1.62500 -63.67500 0.01017 1.76090 11
0.68487 -0.02855 0.01238 0 -0.20000 49.05000 0.01017 0.92787 11
-0.74061 -0.03479 0.01238 0 5.10000 28.32500 0.01017 1.04900 11
0.82235 -0.06311 0.01238 0 0.80000 11.65000 0.01017 1.14147 11
-0.62108 0.00406 0.01238 0 5.57500 -8.25000 0.01017 1.25793 11
0.53059 -0.56796 0.01238 0 1.12500 -26.37500 0.01017 1.36124 11
-0.57690 0.35896 0.01238 0 7.07500 -38.97500 0.01017 1.45379 11
0.70451 -0.50901 0.01238 0 2.57500 -57.17500 0.01017 1.57166 11
-0.58556 -0.23303 0.01238 0 5.17500 62.80000 0.01017 0.82252 11
0.64464 0.25602 0.01238 0 0.07500 50.35000 0.01017 0.90429 11
-0.89923 -0.37066 0.01238 0 3.67500 27.22500 0.01017 1.04304 11
0.96945 0.20261 0.01238 0 2.27500 11.60000 0.01017 1.11847 11
-1.02042 -0.28130 0.01238 0 3.62500 -15.62500 0.01017 1.24890 11
1.10617 -0.12480 0.01238 0 2.17500 -32.25000 0.01017 1.32859 11
-1.48605 -0.10075 0.01238 0 1.35000 -60.90000 0.01017 1.44597 11
-0.56414 0.24185 0.01238 0 6.57500 51.32500 0.01017 1.04256 11
0.69957 -0.41842 0.01238 0 0.47500 32.77500 0.01017 1.15935 11
-0.55534 0.14094 0.01238 0 8.10000 19.25000 0.01017 1.26740 11
-0.63677 0.48919 0.01238 0 -3.60000 18.70000 0.01017 1.27099 11
0.61729 -0.38027 0.01238 0 3.00000 1.67500 0.01017 1.37594 11
-1.15528 0.05762 0.01238 0 6.05000 -15.85000 0.01017 1.47312 11
1.48706 -0.64136 0.01238 0 6.50000 -38.25000 0.01017 1.57199 11
-2.73373 -0.49591 0.01238 0 4.27500 -59.87500 0.01017 1.66145 11
-0.32597 0.07685 0.01238 0 -0.90000 52.92500 0.01017 1.06007 11
0.33460 -0.15125 0.01238 0 3.45000 44.92500 0.01017 1.14895 11
-0.36805 0.09186 0.01238 0 -1.10000 33.00000 0.01017 1.27644 11
0.39625 -0.13057 0.01238 0 4.50000 23.82500 0.01017 1.36097 11
-0.46224 0.10705 0.01238 0 -1.35000 9.25000 0.01017 1.48280 11
0.70465 -0.30982 0.01238 0 5.70000 -5.27500 0.01017 1.57520 11
-0.83213 0.26526 0.01238 0 -2.72500 -27.25000 0.01017 1.69338 11
0.81104 -0.42073 0.01238 0 5.80000 -46.15000 0.01017 1.79645 11
0.60455 -0.35274 0.01238 0 1.60000 51.72500 0.01017 0.91535 11
-0.59825 0.19937 0.01238 0 6.80000 35.67500 0.01017 1.01534 11
0.70666 -0.55925 0.01238 0 2.20000 16.72500 0.01017 1.13167 11
-0.71271 0.22304 0.01238 0 7.27500 1.32500 0.01017 1.22814 11
0.69185 -0.50951 0.01238 0 3.30000 -17.15000 0.01017 1.33839 11
-0.74655 0.16006 0.01238 0 7.02500 -32.70000 0.01017 1.43087 11
1.10824 -0.66119 0.01238 0 4.97500 -53.75000 0.01017 1.53757 11
0.63971 -0.78367 0.01238 0 6.47500 52.20000 0.01017 0.93069 11
-0.57494 0.29369 0.01238 0 1.75000 38.15000 0.01017 1.03610 11
0.79397 -0.76829 0.01238 0 7.72500 19.85000 0.01017 1.15420 11
-0.60016 0.30613 0.01238 0 1.70000 5.30000 0.01017 1.25551 11
0.65460 -0.33337 0.01238 0 -3.57500 -12.75000 0.01017 1.36853 11
-0.79379 0.35495 0.01238 0 1.25000 -27.32500 0.01017 1.46073 11
0.70552 -0.29591 0.01238 0 -3.12500 -46.37500 0.01017 1.57334 11
-0.70600 0.41359 0.01238 0 0.82500 -61.77500 0.01017 1.66464 11
-0.97867 -0.01752 0.01238 0 0.72500 55.15000 0.01017 0.83776 11
1.24847 0.03035 0.01238 0 -1.77500 34.27500 0.01017 0.93315 11
-1.45397 -0.08405 0.01238 0 -1.95000 4.92500 0.01017 1.05367 11
1.96781 0.38270 0.01238 0 -0.25000 -17.45000 0.01017 1.14068 11
-1.54210 -0.18605 0.01238 0 -2.65000 -50.07500 0.01017 1.27019 11
2.41034 -0.79844 0.00157 0 7.67500 -53.50000 0.00146 1.29690 11
-1.59941 1.29588 0.00157 0 8.07500 -53.87500 0.00146 1.29904 11
1.60828 0.14740 0.00157 0 8.32500 -54.45000 0.00146 1.30171 11
0.44803 -0.09687 0.01238 0 -0.22500 -17.37500 0.01017 1.14039 11
-0.46420 -0.58191 0.01238 0 1.12500 -18.82500 0.01017 1.15084 11
-1.12104 -0.03784 0.01238 0 -2.52500 61.82500 0.01017 0.83078 11
3.45354 2.07985 0.01238 0 -3.77500 41.92500 0.01017 0.91781 11
1.43623 0.74902 0.01238 0 7.42500 40.30000 0.01017 0.92441 11
1.70409 0.71874 0.01238 0 7.97500 -6.67500 0.01017 1.12514 11
-0.67753 -0.14031 0.01238 0 -2.87500 55.40000 0.01017 0.85664 11
0.94488 -0.09695 0.01238 0 6.85000 41.35000 0.01017 0.93176 11
-0.76865 -0.07299 0.01238 0 -3.17500 14.67500 0.01017 1.06347 11
0.63772 -0.02922 0.01238 0 5.35000 1.35000 0.01017 1.14282 11
-0.31833 0.27244 0.01238 0 -0.87500 -9.47500 0.01017 1.24825 11
0.37539 -0.49133 0.01238 0 4.20000 -15.85000 0.01017 1.34696 11
-0.51339 0.44615 0.01238 0 -2.02500 -25.05000 0.01017 1.44246 11
0.53447 -0.70181 0.01238 0 5.20000 -35.07500 0.01017 1.54089 11
-0.42893 0.52762 0.01238 0 -2.87500 -43.40000 0.01017 1.61970 11
0.68560 -0.46999 0.01238 0 5.90000 -55.32500 0.01017 1.70849 11
1.24100 -0.01661 0.00683 0 -2.27500 57.87500 0.00099 1.07539 11
-1.21764 0.05164 0.00683 0 1.45000 50.97500 0.00099 1.10549 11
1.01612 0.55911 0.00683 0 -2.37500 45.25000 0.00099 1.13215 11
-1.06107 -0.29831 0.00683 0 2.52500 36.85000 0.00099 1.17689 11
0.72667 -0.19687 0.00683 0 -0.82500 31.80000 0.00099 1.19996 11
-0.66886 0.23359 0.00683 0 3.30000 28.30000 0.00099 1.22253 11
0.73112 0.02629 0.00683 0 -0.50000 23.62500 0.00099 1.24831 11
-0.75165 -0.03085 0.00683 0 3.35000 19.25000 0.00099 1.27368 11
4.35959 -1.34213 0.00683 0 1.20000 13.05000 0.00099 1.29780 11
7.34000 -2.94127 0.00683 0 1.25000 12.92500 0.00099 1.29829 11
-4.15193 1.03718 0.00683 0 1.60000 12.17500 0.00099 1.30147 11
0.75527 -1.09654 0.00683 0 -0.00000 4.50000 0.00099 1.32886 11
-0.51745 1.05394 0.00683 0 2.00000 3.55000 0.00099 1.33735 11
1.33574 -1.48545 0.00683 0 -0.02500 0.30000 0.00099 1.35765 11
-0.63175 1.35127 0.00683 0 1.25000 -0.55000 0.00099 1.36336 11
1.00740 -1.81933 0.00683 0 -0.25000 -3.65000 0.00099 1.38526 11
-0.63121 1.22404 0.00683 0 0.60000 -4.05000 0.00099 1.38874 11
-0.94640 -0.07575 0.00683 0 -2.00000 -3.45000 0.00099 1.41634 11
0.41503 -0.20691 0.00683 0 -0.85000 -2.25000 0.00099 1.42473 11
17.11867 -0.13865 0.00683 0 -0.70000 -2.45000 0.00099 1.42665 11
1.16558 1.02902 0.01243 0 1.92500 -64.25000 0.01218 3.38769 -11
-0.70169 0.88142 0.01388 0 5.95000 49.37500 0.01372 0.55203 -11
2.19510 -4.17847 0.01388 0 -1.30000 46.62500 0.01372 0.57099 -11
-0.65854 0.92289 0.01388 0 6.62500 30.75000 0.01372 0.69449 -11
0.89903 -1.96108 0.01388 0 -0.47500 28.20000 0.01372 0.71366 -11
-0.58748 0.62721 0.01388 0 6.40000 14.00000 0.01372 0.81239 -11
0.73688 -1.49273 0.01388 0 -0.00000 10.90000 0.01372 0.83503 -11
-0.36292 0.55101 0.01388 0 6.15000 0.67500 0.01372 0.92429 -11
0.56102 -1.00331 0.01388 0 0.35000 -1.70000 0.01372 0.94819 -11
-0.62504 0.70566 0.01388 0 6.37500 -11.05000 0.01372 1.03251 -11
0.84531 -1.66561 0.01388 0 -0.72500 -14.07500 0.01372 1.05290 -11
-0.36419 0.66474 0.01388 0 6.80000 -22.67500 0.01372 1.13590 -11
0.89053 -1.73371 0.01388 0 -0.02500 -24.67500 0.01372 1.15599 -11
-0.49513 0.37934 0.01388 0 7.05000 -34.52500 0.01372 1.23118 -11
-0.55330 1.85783 0.01388 0 -4.47500 -34.72500 0.01372 1.23369 -11
0.20071 -1.46003 0.01388 0 -1.90000 -35.47500 0.01372 1.24301 -11
-0.05811 0.32674 0.01388 0 5.57500 -36.72500 0.01372 1.29775 -11
-0.18216 -0.87204 0.01388 0 -1.37500 -36.70000 0.01372 1.31708 -11
0.13465 -0.09385 0.01388 0 5.37500 -34.07500 0.01372 1.35974 -11
0.00115 -0.47092 0.01388 0 -1.45000 -32.87500 0.01372 1.38175 -11
-0.15743 -0.05469 0.01388 0 5.40000 -34.72500 0.01372 1.42051 -11
0.29921 -0.36878 0.01388 0 -1.32500 -36.85000 0.01372 1.44744 -11
0.02386 0.01892 0.01388 0 6.42500 -39.87500 0.01372 1.48193 -11
-0.44119 0.70533 0.01388 0 -1.57500 -35.60000 0.01372 1.51499 -11
-0.61115 0.74032 0.01388 0 -1.55000 -30.65000 0.01372 1.56529 -11
-1.20073 1.60868 0.01388 0 -1.57500 -24.25000 0.01372 1.61458 -11
1.26650 -1.61159 0.01388 0 -3.95000 -22.77500 0.01372 1.62458 -11
0.05552 1.56065 0.01388 0 -3.92500 -15.85000 0.01372 1.66885 -11
-0.15946 0.21839 0.01388 0 -2.57500 -15.20000 0.01372 1.69555 -11
0.49461 -1.22300 0.01388 0 6.82500 -14.40000 0.01372 1.70817 -11
-0.25645 0.12981 0.01388 0 -2.62500 -13.47500 0.01372 1.72502 -11
-0.65975 1.62311 0.01388 0 8.47500 -13.10000 0.01372 1.73071 -11
0.57914 -1.34358 0.01388 0 7.15000 -12.45000 0.01372 1.73632 -11
13.70457 -52.53020 0.01388 0 -3.65000 -13.35000 0.01372 1.74870 -11
0.47861 0.24050 0.01388 0 -2.40000 -8.55000 0.01372 1.78862 -11
-1.74208 0.13320 0.01388 0 -2.65000 -8.55000 0.01372 1.79239 -11
-0.22290 -0.32675 0.01388 0 -0.42500 28.20000 0.01372 0.71368 -11
-0.07257 0.35435 0.01388 0 1.00000 28.52500 0.01372 0.72141 -11
-0.50780 -0.26179 0.01388 0 0.30000 30.42500 0.01372 0.73215 -11
0.41694 -0.22709 0.01388 0 1.40000 30.85000 0.01372 0.73918 -11
-0.43704 0.68370 0.01388 0 1.30000 30.97500 0.01372 0.74014 -11
0.12014 -0.20512 0.01388 0 1.97500 31.20000 0.01372 0.74736 -11
-0.35476 1.30317 0.01388 0 -2.52500 63.75000 0.01372 3.07488 -11
0.88924 -1.01716 0.01388 0 3.32500 60.27500 0.01372 3.09943 -11
-0.37389 0.84779 0.01388 0 -3.12500 51.52500 0.01372 3.16986 -11
0.76102 -0.67453 0.01388 0 3.60000 48.42500 0.01372 3.19776 -11
-0.84329 0.53266 0.01388 0 -3.00000 39.82500 0.01372 3.25743 -11
0.93157 -0.19103 0.01388 0 3.02500 31.70000 0.01372 3.29752 -11
-1.07863 0.35820 0.01388 0 -2.67500 21.30000 0.01372 3.34802 -11
1.21356 -0.91043 0.01388 0 1.27500 17.05000 0.01372 3.36884 -11
-1.22372 0.60697 0.01388 0 -2.37500 3.70000 0.01372 3.42900 -11
0.78593 -0.59770 0.01388 0 2.62500 -0.70000 0.01372 3.45426 -11
-5.00219 5.12719 0.01388 0 -0.57500 -7.15000 0.01372 3.49520 -11
-6.81090 6.70430 0.01388 0 -0.27500 -7.47500 0.01372 3.49697 -11
1.63719 -0.22503 0.01388 0 0.25000 -8.12500 0.01372 3.49943 -11
-1.19468 0.07139 0.01388 0 -2.07500 -12.97500 0.01372 3.52000 -11
-1.02385 0.11346 0.01388 0 -2.07500 -13.00000 0.01372 3.52006 -11
2.55813 2.11270 0.01388 0 -0.47500 -16.82500 0.01372 3.53548 -11
3.03922 2.40837 0.01388 0 -0.72500 -17.12500 0.01372 3.53660 -11
-1.38017 -0.79025 0.01388 0 -2.60000 -19.67500 0.01372 3.54866 -11
2.40540 0.83802 0.01388 0 -2.75000 -20.12500 0.01372 3.55039 -11
-1.04921 -0.21626 0.01388 0 -3.72500 -21.95000 0.01372 3.55814 -11
-0.80934 1.75309 0.01388 0 -2.07500 -23.80000 0.01372 3.57536 -11
0.28940 -0.44448 0.01388 0 -3.02500 -23.20000 0.01372 3.57978 -11
0.18696 0.84300 0.01388 0 -1.87500 -21.22500 0.01372 3.59571 -11
-0.14228 -0.64406 0.01388 0 -3.32500 -21.32500 0.01372 3.60240 -11
-0.45901 0.28757 0.01388 0 -1.45000 -23.92500 0.01372 3.61880 -11
0.18902 -0.41262 0.01388 0 -2.25000 -23.82500 0.01372 3.62452 -11
-2.76139 0.84362 0.01388 0 7.47500 11.80000 0.01372 2.29957 -11
-0.25329 1.47872 0.01388 0 -3.95000 11.20000 0.01372 2.30364 -11
-0.54357 -1.72843 0.01388 0 -1.87500 11.12500 0.01372 2.31109 -11
0.13931 0.51241 0.01388 0 7.95000 12.95000 0.01372 2.34539 -11
0.45131 0.01029 0.01388 0 8.07500 17.90000 0.01372 2.38796 -11
0.27283 1.24267 0.01388 0 -2.95000 18.27500 0.01372 2.39325 -11
-0.36594 0.17497 0.01388 0 0.30000 18.45000 0.01372 2.41002 -11
0.36872 -0.39233 0.01388 0 -1.95000 19.70000 0.01372 2.42075 -11
0.11128 0.63240 0.01388 0 0.52500 19.50000 0.01372 2.43925 -11
-0.14068 -0.63265 0.01388 0 -1.50000 19.05000 0.01372 2.44806 -11
-2.68146 -2.69891 0.01388 0 -0.42500 18.20000 0.01372 2.46842 -11
-0.37924 -0.28424 0.01388 0 0.32500 19.50000 0.01372 2.48593 -11
1.66161 0.33048 0.01388 0 -0.72500 19.65000 0.01372 2.49940 -11
0.43508 0.16543 0.01388 0 -1.07500 20.82500 0.01372 2.51699 -11
-0.59684 -1.44165 0.00335 0 6.07500 26.07500 0.00301 0.49967 11
2.78911 3.73165 0.00335 0 3.70000 24.87500 0.00301 0.50920 11
-0.56549 -1.48116 0.00335 0 5.52500 -4.12500 0.00301 0.68331 11
0.28524 1.28690 0.00335 0 0.87500 -12.12500 0.00301 0.75610 11
4.07207 33.07184 0.00161 0 -0.42500 64.00000 0.00161 1.18938 11
-1.32243 -0.26539 0.00161 0 0.47500 64.35000 0.00161 1.21741 11
-1.00511 1.63715 0.01740 0 -0.80000 -49.52500 0.00160 1.69855 -11
-0.28881 -2.42658 0.01740 0 0.02500 -49.92500 0.00160 1.70199 -11
1.03876 2.20954 0.01740 0 -2.20000 -46.97500 0.00160 1.74271 -11
-1.57384 -3.83670 0.01740 0 -1.37500 -46.42500 0.00160 1.74620 -11
-1.00604 -0.21141 0.00402 0 1.37500 -61.30000 0.00386 0.22813 11
1.06125 0.30709 0.00402 0 5.82500 -55.50000 0.00386 0.25679 11
-1.19966 0.54711 0.00402 0 1.65000 -48.77500 0.00386 0.28820 11
1.60248 1.17346 0.00402 0 -2.50000 -21.95000 0.00386 0.44215 11
1.61683 1.62441 0.00402 0 -2.55000 -9.27500 0.00386 0.50838 11
-1.88874 -2.29899 0.00402 0 -4.17500 -0.77500 0.00386 0.56580 11
2.54011 2.17095 0.00402 0 -2.45000 0.70000 0.00386 0.57367 11
55.25994 65.16398 0.00402 0 -2.72500 24.22500 0.00386 0.67884 11
-0.02387 -1.76336 0.00402 0 -2.17500 24.52500 0.00386 0.68085 11
0.28261 1.67522 0.00402 0 -0.35000 24.42500 0.00386 0.68744 11
-0.98563 0.78561 0.00402 0 -2.32500 27.62500 0.00386 0.71977 11
0.76086 -0.50723 0.00402 0 -0.42500 31.45000 0.00386 0.74272 11
0.05551 0.20622 0.00402 0 -3.05000 32.82500 0.00386 0.75513 11
0.14784 -0.03676 0.00402 0 -0.07500 32.82500 0.00386 0.77401 11
-0.27558 -0.11871 0.00402 0 -3.00000 32.70000 0.00386 0.79089 11
0.23303 0.01346 0.00402 0 -0.27500 33.72500 0.00386 0.80582 11
0.07038 0.05972 0.00402 0 -3.00000 33.60000 0.00386 0.82052 11
-0.21072 -0.16851 0.00402 0 -0.45000 32.87500 0.00386 0.83608 11
-0.42180 -0.37897 0.00402 0 -2.72500 34.37500 0.00386 0.85045 11
0.14681 0.43261 0.00402 0 -0.52500 35.17500 0.00386 0.86135 11
0.02586 -0.35392 0.00402 0 -2.67500 34.65000 0.00386 0.87648 11
0.07118 0.29935 0.00402 0 -0.70000 34.55000 0.00386 0.88574 11
-0.26836 1.28099 0.00402 0 -2.00000 35.17500 0.00386 0.89209 11
1.00442 -0.81334 0.00402 0 -0.97500 37.32500 0.00386 0.90750 11
1.27428 -0.01162 0.00853 0 1.07500 64.00000 0.00038 1.07118 11
-1.00489 -0.35554 0.00853 0 6.40000 52.75000 0.00038 1.12082 11
0.49443 0.80709 0.00853 0 0.65000 49.15000 0.00038 1.14761 11
-0.17718 -0.48743 0.00853 0 5.92500 44.80000 0.00038 1.19669 11
0.33719 0.56923 0.00853 0 0.32500 43.22500 0.00038 1.22004 11
-0.56873 -1.22426 0.00853 0 5.32500 40.20000 0.00038 1.27065 11
1.27441 3.21841 0.00853 0 0.95000 38.55000 0.00038 1.28819 11
-0.75825 -0.74874 0.00853 0 3.37500 31.92500 0.00038 1.33510 11
5.54510 3.48128 0.00853 0 1.80000 30.62500 0.00038 1.34260 11
0.45809 -1.30020 0.00853 0 2.72500 24.00000 0.00038 1.38155 11
0.66581 1.86581 0.00853 0 0.17500 24.02500 0.00038 1.39151 11
1.19962 -1.24036 0.00853 0 1.75000 18.60000 0.00038 1.43388 11
-0.41315 0.06627 0.00853 0 1.07500 14.47500 0.00038 1.47029 11
-0.55711 0.88809 0.00348 0 7.80000 13.62500 0.00137 0.10397 11
-0.86885 0.73027 0.00348 0 7.12500 24.72500 0.00137 0.16764 11
0.25595 -1.13182 0.00348 0 -1.97500 29.85000 0.00137 0.21498 11
-0.30929 0.13399 0.00348 0 6.27500 30.45000 0.00137 0.22967 11
0.62868 -2.20487 0.00348 0 -3.02500 34.37500 0.00137 0.26257 11
1.79465 0.24573 0.00348 0 -3.42500 34.30000 0.00137 0.26429 11
-3.08659 -0.10059 0.00348 0 -1.32500 28.72500 0.00137 0.28680 11
0.16347 -0.58592 0.00348 0 -1.22500 28.22500 0.00137 0.28861 11
-0.13698 0.68076 0.00348 0 1.72500 27.85000 0.00137 0.30079 11
0.37170 -0.37443 0.00348 0 -1.15000 26.45000 0.00137 0.32530 11
-0.34614 0.19410 0.00348 0 1.80000 25.00000 0.00137 0.33995 11
0.91256 0.02519 0.00348 0 -0.67500 21.70000 0.00137 0.35954 11
-0.94756 -0.03647 0.00348 0 1.37500 18.05000 0.00137 0.37729 11
-0.36431 0.25878 0.01389 0 -1.12500 57.90000 0.01338 1.35471 -11
0.31885 -0.36819 0.01389 0 4.22500 51.27500 0.01338 1.42751 -11
-0.30937 0.38258 0.01389 0 0.02500 38.85000 0.01338 1.57259 -11
0.32897 -0.62905 0.01389 0 3.65000 34.02500 0.01338 1.63435 -11
-0.33528 0.52291 0.01389 0 1.32500 22.47500 0.01338 1.78254 -11
0.26513 -0.78846 0.01389 0 1.32500 18.47500 0.01338 1.82750 -11
-0.26085 0.65468 0.01389 0 0.17500 9.30000 0.01338 1.97545 -11
0.47581 -0.63681 0.01389 0 1.82500 5.75000 0.01338 2.02718 -11
-0.50093 0.45437 0.01389 0 1.00000 -12.02500 0.01338 2.16711 -11
0.42788 -0.64163 0.01389 0 2.10000 -18.30000 0.01338 2.22054 -11
-0.37159 0.70077 0.01389 0 1.35000 -30.85000 0.01338 2.35751 -11
0.42970 -0.75164 0.01389 0 0.87500 -34.40000 0.01338 2.40052 -11
-0.37631 0.52177 0.01389 0 1.30000 -49.17500 0.01338 2.53695 -11
0.55553 -0.52874 0.01389 0 1.10000 -53.17500 0.01338 2.58213 -11
0.16321 -0.01303 0.01389 0 -1.32500 61.45000 0.01338 1.24805 -11
-0.16188 0.17353 0.01389 0 0.27500 53.72500 0.01338 1.40529 -11
0.22146 -0.16533 0.01389 0 -3.02500 50.35000 0.01338 1.48661 -11
-0.31788 0.25513 0.01389 0 1.42500 40.20000 0.01338 1.65860 -11
0.36206 -0.09571 0.01389 0 -3.72500 32.22500 0.01338 1.73605 -11
0.38145 -0.41105 0.01389 0 8.50000 31.90000 0.01338 1.73934 -11
-0.38798 0.24610 0.01389 0 1.55000 15.82500 0.01338 1.90029 -11
0.36220 -0.03945 0.01389 0 -4.35000 7.52500 0.01338 1.97665 -11
0.47732 -0.32973 0.01389 0 7.77500 7.27500 0.01338 1.97909 -11
-0.45455 0.08575 0.01389 0 0.62500 -8.25000 0.01338 2.11758 -11
0.42989 -0.24784 0.01389 0 6.72500 -19.75000 0.01338 2.20308 -11
-0.47030 0.08493 0.01389 0 0.35000 -36.90000 0.01338 2.33829 -11
0.54599 -0.24533 0.01389 0 6.85000 -47.05000 0.01338 2.42423 -11
-0.25488 0.30598 0.01389 0 -1.22500 59.75000 0.01338 1.13587 -11
0.19578 -0.39975 0.01389 0 5.02500 56.50000 0.01338 1.20775 -11
-0.21983 0.42276 0.01389 0 -1.22500 50.15000 0.01338 1.35903 -11
0.30077 -0.48346 0.01389 0 2.20000 46.37500 0.01338 1.41978 -11
-0.29643 0.51591 0.01389 0 0.57500 35.27500 0.01338 1.56082 -11
0.20829 -0.56821 0.01389 0 2.40000 31.32500 0.01338 1.61428 -11
-0.26475 0.30823 0.01389 0 -0.65000 24.70000 0.01338 1.74071 -11
0.22685 -0.37644 0.01389 0 2.17500 20.87500 0.01338 1.80048 -11
-0.04901 0.23273 0.01389 0 -1.12500 15.70000 0.01338 1.92116 -11
0.19121 -0.30422 0.01389 0 2.42500 13.40000 0.01338 1.98535 -11
-0.25376 0.07091 0.01389 0 -0.87500 5.50000 0.01338 2.09845 -11
0.16685 -0.21792 0.01389 0 2.75000 -0.07500 0.01338 2.17023 -11
0.00126 0.20344 0.01389 0 -0.40000 -2.80000 0.01338 2.27622 -11
0.22201 -0.33503 0.01389 0 1.80000 -5.32500 0.01338 2.33444 -11
-0.39082 0.54094 0.01389 0 1.80000 -15.35000 0.01338 2.45240 -11
0.50644 -0.32051 0.01389 0 0.32500 -20.92500 0.01338 2.49560 -11
-0.44052 0.26800 0.01389 0 0.27500 -34.30000 0.01338 2.60009 -11
0.41045 -0.28042 0.01389 0 0.45000 -40.15000 0.01338 2.65245 -11
-0.40463 0.16742 0.01389 0 -0.07500 -50.65000 0.01338 2.75159 -11
0.35582 -0.25068 0.01389 0 0.77500 -55.97500 0.01338 2.80862 -11
-0.33729 0.21208 0.01389 0 0.15000 -63.32500 0.01338 2.90358 -11
0.41475 -0.11884 0.00170 0 -1.25000 50.15000 0.00159 1.35903 11
0.19750 1.08649 0.00170 0 -3.80000 50.97500 0.00159 1.37054 11
-0.40667 0.33921 0.00170 0 7.65000 50.92500 0.00159 1.37383 11
0.32856 -0.01245 0.01389 0 -3.67500 64.27500 0.01338 0.98916 -11
0.37614 -0.34729 0.01389 0 8.47500 63.97500 0.01338 0.99249 -11
-0.35448 0.21587 0.01389 0 -0.17500 46.42500 0.01338 1.15884 -11
0.35412 -0.00300 0.01389 0 -4.20000 36.27500 0.01338 1.24515 -11
0.37216 -0.33863 0.01389 0 7.92500 36.02500 0.01338 1.24777 -11
-0.28932 0.19403 0.01389 0 -0.80000 23.10000 0.01338 1.40863 -11
0.32095 -0.05243 0.01389 0 -3.97500 15.80000 0.01338 1.49603 -11
0.37719 -0.39815 0.01389 0 8.22500 15.50000 0.01338 1.49905 -11
-0.27048 0.14939 0.01389 0 0.25000 1.87500 0.01338 1.65678 -11
0.25290 -0.06958 0.01389 0 -3.55000 -4.25000 0.01338 1.73994 -11
-0.44087 0.29434 0.01389 0 -2.15000 -11.47500 0.01338 1.82746 -11
0.49393 -0.07554 0.01389 0 -3.77500 -17.05000 0.01338 1.87545 -11
0.56698 -0.23032 0.01389 0 8.42500 -17.50000 0.01338 1.87889 -11
-0.50913 0.56449 0.01389 0 -1.10000 -27.72500 0.01338 1.95644 -11
0.10122 -0.41712 0.01389 0 -3.75000 -29.80000 0.01338 1.99366 -11
-0.13975 0.55803 0.01389 0 -0.47500 -33.52500 0.01338 2.07255 -11
0.06152 -0.43228 0.01389 0 -4.05000 -35.05000 0.01338 2.10511 -11
0.14201 -0.77845 0.01389 0 8.42500 -35.10000 0.01338 2.10841 -11
-0.01692 0.66825 0.01389 0 0.45000 -38.17500 0.01338 2.18380 -11
-0.08686 -0.37078 0.01389 0 -3.87500 -37.25000 0.01338 2.21288 -11
0.32990 0.53336 0.01389 0 0.60000 -33.32500 0.01338 2.28308 -11
0.38536 -0.10576 0.01389 0 -3.15000 -36.37500 0.01338 2.31955 -11
-0.43022 0.30634 0.01389 0 0.85000 -41.62500 0.01338 2.37730 -11
0.66319 -0.01201 0.01389 0 -4.20000 -46.35000 0.01338 2.41035 -11
0.56611 0.00112 0.01389 0 7.85000 -46.82500 0.01338 2.41324 -11
-0.66335 0.04398 0.01389 0 1.50000 -53.35000 0.01338 2.45373 -11
0.48892 -0.05177 0.01389 0 -4.25000 -58.85000 0.01338 2.48699 -11
0.64057 -0.32599 0.01389 0 7.87500 -59.25000 0.01338 2.48976 -11
-0.14945 0.20651 0.01389 0 0.47500 -62.22500 0.01338 2.53804 -11
-0.22168 0.62818 0.01389 0 -4.35000 -64.57500 0.01338 2.57981 -11
-0.16364 0.20516 0.01389 0 7.35000 -64.45000 0.01338 2.58205 -11
0.16051 0.02022 0.01389 0 0.32500 -62.27500 0.01338 2.61925 -11
-0.06725 -0.04269 0.01389 0 6.40000 -60.27500 0.01338 2.65399 -11
0.38578 0.04745 0.01389 0 0.80000 -60.25000 0.01338 2.68559 -11
-0.86008 -0.52672 0.01389 0 5.05000 -56.92500 0.01338 2.70695 -11
0.76402 0.48153 0.01389 0 1.82500 -50.52500 0.01338 2.74005 -11
-0.57596 -0.51182 0.01389 0 5.65000 -47.75000 0.01338 2.75910 -11
0.10476 0.67592 0.01389 0 1.77500 -44.67500 0.01338 2.79478 -11
0.65832 -0.30801 0.01389 0 5.35000 -45.72500 0.01338 2.81017 -11
0.38989 1.44151 0.01389 0 2.05000 -38.92500 0.01338 2.87391 -11
-0.02123 2.41622 0.01389 0 5.92500 -37.55000 0.01338 2.90977 -11
1.90110 -22.45448 0.01389 0 5.87500 -37.55000 0.01338 2.91010 -11
-1.00988 -3.36287 0.01389 0 5.72500 -37.50000 0.01338 2.91070 -11
-1.55467 -0.17204 0.01389 0 5.62500 -37.45000 0.01338 2.91244 -11
-0.31988 0.13378 0.01389 0 0.47500 59.45000 0.01338 1.09401 -11
0.33287 -0.24611 0.01389 0 5.57500 53.57500 0.01338 1.16743 -11
-0.49384 0.04580 0.01389 0 3.75000 39.27500 0.01338 1.27928 -11
0.47289 -0.27115 0.01389 0 5.75000 29.75000 0.01338 1.34886 -11
-0.51370 -0.10443 0.01389 0 3.42500 18.40000 0.01338 1.44461 -11
0.55183 -0.22283 0.01389 0 4.45000 7.90000 0.01338 1.51205 -11
-0.49604 0.03248 0.01389 0 3.00000 -4.55000 0.01338 1.60795 -11
0.40470 -0.29546 0.01389 0 4.62500 -12.10000 0.01338 1.67305 -11
-0.26736 0.07768 0.01389 0 3.17500 -20.97500 0.01338 1.77059 -11
0.38467 -0.03128 0.01389 0 5.37500 -27.80000 0.01338 1.84353 -11
-0.58931 -0.17997 0.01389 0 4.60000 -39.00000 0.01338 1.92387 -11
-0.56803 -0.16153 0.01389 0 4.60000 -39.00000 0.01338 1.92399 -11
0.52911 -0.23869 0.01389 0 4.75000 -48.57500 0.01338 1.98817 -11
-0.26020 -0.16096 0.01389 0 3.65000 -57.07500 0.01338 2.07385 -11
0.29759 -0.09700 0.01389 0 4.65000 -63.17500 0.01338 2.13918 -11
0.63813 -0.21224 0.01389 0 7.55000 -56.02500 0.01338 2.89078 -11
0.70502 0.36386 0.01389 0 -4.37500 -55.62500 0.01338 2.89326 -11
-0.47961 -0.27728 0.01389 0 4.17500 -49.55000 0.01338 2.93479 -11
0.51758 -0.12261 0.01389 0 6.97500 -40.85000 0.01338 3.00232 -11
-0.49392 -0.57557 0.01389 0 3.70000 -35.97500 0.01338 3.04359 -11
0.41238 0.02749 0.01389 0 7.42500 -28.37500 0.01338 3.11102 -11
0.43051 0.64883 0.01389 0 -4.37500 -28.15000 0.01338 3.11327 -11
-0.27631 -0.71072 0.01389 0 2.97500 -25.57500 0.01338 3.14298 -11
-0.14457 0.01772 0.01389 0 6.87500 -26.82500 0.01338 3.21122 -11
0.12124 -0.55038 0.01389 0 3.40000 -27.95000 0.01338 3.24822 -11
-0.14031 -0.23024 0.01389 0 6.90000 -30.60000 0.01338 3.30913 -11
-0.15662 -0.34363 0.01389 0 3.40000 -30.00000 0.01338 3.34865 -11
0.03870 -0.28337 0.01389 0 7.25000 -29.00000 0.01338 3.39854 -11
-0.41976 -0.67857 0.01389 0 3.22500 -29.20000 0.01338 3.43459 -11
0.14797 -0.58356 0.01389 0 8.02500 -24.52500 0.01338 3.48618 -11
0.09327 0.03749 0.01389 0 -4.17500 -24.42500 0.01338 3.48878 -11
-0.14483 0.07186 0.01389 0 3.72500 -22.92500 0.01338 3.53070 -11
-0.00995 -0.31186 0.01389 0 -3.85000 -22.37500 0.01338 3.56574 -11
0.11640 0.63757 0.01389 0 2.80000 -23.75000 0.01338 3.61651 -11
-0.10190 -0.87573 0.01389 0 -3.12500 -24.97500 0.01338 3.64020 -11
-0.00489 1.13641 0.01389 0 1.82500 -25.75000 0.01338 3.69673 -11
0.08984 -1.13763 0.01389 0 -2.57500 -25.55000 0.01338 3.71291 -11
0.30779 0.93222 0.01389 0 2.27500 -27.60000 0.01338 3.76680 -11
-0.42520 -1.15222 0.01389 0 -2.22500 -28.85000 0.01338 3.78408 -11
4.98947 6.68364 0.01389 0 0.25000 -34.27500 0.01338 3.84451 -11
47.47363 58.96697 0.01389 0 0.02500 -34.45000 0.01338 3.84556 -11
-0.62543 -1.07038 0.00165 0 5.62500 53.60000 0.00160 1.16758 11
0.78549 1.08911 0.00165 0 7.50000 54.80000 0.00160 1.17604 11
0.92238 0.56107 0.00165 0 -3.67500 55.57500 0.00160 1.18090 11
1.05675 0.62814 0.00165 0 -3.67500 59.25000 0.00160 1.20023 11
-2.71654 0.29508 0.00165 0 -3.67500 59.60000 0.00160 1.20170 11
6.82540 3.98985 0.00165 0 -3.52500 59.87500 0.00160 1.20376 11
-0.27273 0.20195 0.00165 0 -3.60000 54.20000 0.00160 1.19920 11
0.09588 0.35762 0.00165 0 -4.35000 55.42500 0.00160 1.21076 11
-0.41336 -0.18498 0.01389 0 6.12500 59.37500 0.01338 1.16350 -11
0.54603 -0.18051 0.01389 0 2.65000 46.50000 0.01338 1.25936 -11
-0.51070 -0.20153 0.01389 0 6.25000 25.12500 0.01338 1.41766 -11
0.53504 -0.11640 0.01389 0 2.47500 12.40000 0.01338 1.51349 -11
-0.50738 -0.26690 0.01389 0 5.52500 -5.40000 0.01338 1.65924 -11
0.49686 0.00384 0.01389 0 1.30000 -17.07500 0.01338 1.75216 -11
-0.55343 -0.38057 0.01389 0 5.62500 -35.92500 0.01338 1.88662 -11
0.65180 0.15392 0.01389 0 0.47500 -51.90000 0.01338 1.98918 -11
-0.40630 0.30391 0.01389 0 -3.40000 52.07500 0.01338 1.15284 -11
0.35805 -0.34111 0.01389 0 4.32500 43.52500 0.01338 1.23579 -11
-0.28366 -0.22646 0.01389 0 8.42500 26.92500 0.01338 1.39539 -11
-0.28794 0.29586 0.01389 0 -3.55000 26.67500 0.01338 1.39867 -11
0.34442 -0.28897 0.01389 0 5.05000 18.70000 0.01338 1.48733 -11
-0.29004 0.29598 0.01389 0 -2.77500 5.82500 0.01338 1.64569 -11
0.23353 -0.27723 0.01389 0 5.42500 0.90000 0.01338 1.72951 -11
-0.19065 0.22872 0.01389 0 -2.75000 -9.15000 0.01338 1.87765 -11
0.27397 -0.20647 0.01389 0 5.90000 -14.65000 0.01338 1.96663 -11
-0.31140 0.03000 0.01389 0 -2.50000 -25.52500 0.01338 2.10182 -11
0.33019 -0.03877 0.01389 0 6.02500 -34.50000 0.01338 2.20038 -11
-0.31652 0.05326 0.01389 0 -2.27500 -45.07500 0.01338 2.32568 -11
0.27020 -0.05962 0.01389 0 5.40000 -53.20000 0.01338 2.41662 -11
-0.21048 -0.01212 0.01389 0 -3.10000 -59.52500 0.01338 2.53974 -11
1.03717 1.12989 0.01389 0 4.32500 -64.52500 0.01338 5.24480 -11
-0.67033 -0.43738 0.01389 0 -3.62500 -62.10000 0.01338 5.26099 -11
0.79707 0.60502 0.01389 0 2.72500 -50.30000 0.01338 5.33055 -11
-0.71506 -0.03789 0.01389 0 -2.42500 -42.82500 0.01338 5.37052 -11
0.59315 -0.15231 0.01389 0 2.40000 -34.50000 0.01338 5.42017 -11
-0.35639 0.13344 0.01389 0 0.32500 49.00000 0.01338 1.15072 -11
0.33314 -0.04405 0.01389 0 -3.82500 41.40000 0.01338 1.23255 -11
0.36565 -0.34348 0.01389 0 8.35000 41.07500 0.01338 1.23572 -11
-0.35977 0.14239 0.01389 0 0.07500 26.20000 0.01338 1.38879 -11
0.26258 -0.03888 0.01389 0 -4.02500 19.82500 0.01338 1.47114 -11
0.26731 -0.40054 0.01389 0 8.15000 19.60000 0.01338 1.47400 -11
-0.23901 0.27779 0.01389 0 1.72500 8.62500 0.01338 1.62168 -11
0.27107 -0.52190 0.01389 0 7.32500 3.80000 0.01338 1.69246 -11
-0.17944 0.36021 0.01389 0 2.27500 -5.97500 0.01338 1.84407 -11
0.42552 -0.49363 0.01389 0 7.27500 -11.57500 0.01338 1.91331 -11
-0.49849 0.45187 0.01389 0 3.80000 -28.57500 0.01338 2.05947 -11
0.47964 -0.81237 0.01389 0 5.70000 -34.77500 0.01338 2.11523 -11
-0.54186 0.47337 0.01389 0 3.92500 -52.40000 0.01338 2.26286 -11
0.77414 -0.69960 0.01389 0 5.57500 -59.57500 0.01338 2.31973 -11
-0.29814 -0.16004 0.01389 0 6.47500 63.10000 0.01338 1.13758 -11
0.28870 -0.19262 0.01389 0 3.25000 56.15000 0.01338 1.22567 -11
-0.15744 -0.18216 0.01389 0 6.37500 45.35000 0.01338 1.38158 -11
