-0.63576 0.20349 0.01024 0 0.40000 31.67500 0.00908 0.94645 11
0.69824 -0.11988 0.01024 0 -1.87500 18.77500 0.00908 1.02994 11
-0.76941 0.16058 0.01024 0 -0.45000 4.45000 0.00908 1.11539 11
1.04741 -0.04915 0.01024 0 2.12500 -6.25000 0.00908 1.17248 11
-0.93539 -0.10960 0.01024 0 -1.75000 -21.80000 0.00908 1.24491 11
0.97751 -0.16258 0.01024 0 1.42500 -31.20000 0.00908 1.29567 11
-1.67784 0.11153 0.01024 0 -2.72500 -44.47500 0.00908 1.35742 11
3.96050 0.07749 0.01024 0 5.72500 -62.25000 0.00908 1.42169 11
1.50470 -0.31751 0.01024 0 3.05000 -63.97500 0.00908 2.32355 11
-1.43484 0.49951 0.01024 0 0.47500 -61.87500 0.00908 2.33606 11
1.49932 2.65013 0.01024 0 1.62500 -57.22500 0.00908 2.36796 11
-0.60473 0.19244 0.01024 0 2.82500 -58.42500 0.00908 2.38453 11
-0.15799 -0.54889 0.01024 0 1.02500 -58.80000 0.00908 2.40085 11
0.19837 2.65098 0.01024 0 2.15000 -57.92500 0.00908 2.41331 11
-1.06413 -0.21151 0.01024 0 2.32500 -57.97500 0.00908 2.43655 11
-4.76985 -2.64515 0.01024 0 2.42500 -60.45000 0.00908 2.47069 11
-2.34127 0.18059 0.01024 0 2.77500 -61.80000 0.00908 2.48287 11
-0.11005 -0.54055 0.00210 0 -1.55000 6.35000 0.00210 1.11332 11
0.14792 -1.12219 0.00210 0 6.97500 4.85000 0.00210 1.13349 11
-0.11621 0.15241 0.00210 0 -1.75000 4.52500 0.00210 1.14906 11
1.46599 -4.22216 0.00210 0 7.92500 2.30000 0.00210 1.17522 11
-0.76352 2.78711 0.00210 0 8.30000 2.20000 0.00210 1.17660 11
-0.65785 0.22545 0.00210 0 -3.05000 1.65000 0.00210 1.18158 11
1.26642 -0.66658 0.00210 0 -4.47500 -2.37500 0.00210 1.20085 11
-1.59245 0.71463 0.00210 0 -3.07500 -4.20000 0.00210 1.20972 11
-0.35103 0.85339 0.00210 0 -3.12500 -5.80000 0.00210 1.23604 11
-0.37446 0.70467 0.00210 0 6.02500 -8.07500 0.00210 1.26717 11
0.30465 -0.62150 0.00210 0 6.92500 -4.62500 0.00210 1.30326 11
-0.47009 -0.07480 0.00210 0 5.55000 -5.17500 0.00210 1.31130 11
0.29972 -0.15205 0.00210 0 6.17500 -3.45000 0.00210 1.32520 11
0.34108 -0.33147 0.01024 0 5.97500 64.77500 0.00908 0.65395 11
-0.28379 0.10319 0.01024 0 -0.77500 55.15000 0.00908 0.76199 11
0.28265 -0.27140 0.01024 0 5.87500 50.07500 0.00908 0.84319 11
-0.35067 0.04751 0.01024 0 -1.60000 40.55000 0.00908 0.94889 11
0.48031 0.12061 0.01024 0 -4.47500 30.97500 0.00908 1.02307 11
0.43029 -0.34967 0.01024 0 7.60000 30.67500 0.00908 1.02534 11
-0.53766 0.12900 0.01024 0 -0.92500 20.50000 0.00908 1.12138 11
0.51210 0.06633 0.01024 0 -2.77500 7.87500 0.00908 1.19988 11
-0.43452 0.03056 0.01024 0 0.20000 -2.92500 0.00908 1.29787 11
0.42689 -0.25349 0.01024 0 -1.72500 -14.92500 0.00908 1.38032 11
-0.35997 0.32854 0.01024 0 0.67500 -22.75000 0.00908 1.45444 11
0.41632 -0.38139 0.01024 0 -1.77500 -31.85000 0.00908 1.53946 11
-0.36289 0.41265 0.01024 0 0.07500 -38.85000 0.00908 1.60723 11
0.29246 -0.36463 0.01024 0 -2.02500 -46.65000 0.00908 1.69294 11
-0.23794 0.38062 0.01024 0 0.05000 -50.90000 0.00908 1.76014 11
0.45920 -0.19577 0.01024 0 -1.50000 -56.95000 0.00908 1.83585 11
0.50837 0.14917 0.01024 0 0.37500 60.40000 0.00908 0.65278 11
-0.60080 -0.25992 0.01024 0 2.72500 42.60000 0.00908 0.76862 11
0.48395 0.13999 0.01024 0 0.72500 33.07500 0.00908 0.83399 11
-0.41468 -0.25801 0.01024 0 3.62500 19.65000 0.00908 0.94985 11
0.25577 -0.01115 0.01024 0 0.15000 12.20000 0.00908 1.02137 11
-0.20276 -0.24159 0.01024 0 4.17500 5.97500 0.00908 1.12556 11
0.23226 0.09711 0.01024 0 0.42500 2.37500 0.00908 1.19450 11
-0.33107 -0.31453 0.01024 0 2.85000 -7.50000 0.00908 1.29953 11
0.34686 0.13236 0.01024 0 0.97500 -12.57500 0.00908 1.35826 11
-0.53890 -0.32916 0.01024 0 2.50000 -24.70000 0.00908 1.46024 11
0.66966 0.28487 0.01024 0 3.20000 -32.02500 0.00908 1.51059 11
-0.73788 -0.58895 0.01024 0 1.50000 -50.97500 0.00908 1.62110 11
0.66070 0.35367 0.01024 0 3.02500 -58.35000 0.00908 1.66818 11
-0.35510 0.05934 0.01024 0 1.77500 64.40000 0.00908 0.66093 11
0.67046 0.08595 0.01024 0 -1.70000 61.67500 0.00908 0.68276 11
-1.16952 -0.01443 0.01024 0 1.07500 57.25000 0.00908 0.70467 11
2.64164 -0.27363 0.01024 0 -2.27500 49.25000 0.00908 0.73703 11
-4.39390 1.64680 0.01024 0 -1.50000 44.80000 0.00908 0.75286 11
0.62840 -1.37643 0.01024 0 -1.82500 39.37500 0.00908 0.77610 11
-0.71437 0.98148 0.01024 0 -0.85000 38.35000 0.00908 0.79398 11
0.71253 -0.04981 0.01024 0 1.30000 56.25000 0.00908 0.65470 11
-0.73449 -0.10646 0.01024 0 3.92500 37.95000 0.00908 0.76159 11
0.71016 -0.02195 0.01024 0 2.42500 24.00000 0.00908 0.83826 11
-0.68914 0.01675 0.01024 0 4.10000 6.50000 0.00908 0.93820 11
0.62507 -0.19016 0.01024 0 1.90000 -6.47500 0.00908 1.01862 11
-0.71825 -0.10475 0.01024 0 3.27500 -22.50000 0.00908 1.11012 11
0.71089 0.03215 0.01024 0 1.52500 -32.55000 0.00908 1.17906 11
-0.81799 -0.06829 0.01024 0 2.70000 -48.27500 0.00908 1.27397 11
0.88099 -0.08030 0.01024 0 2.72500 -63.20000 0.00908 1.35045 11
0.88557 0.43549 0.01024 0 2.12500 56.42500 0.00908 0.65041 11
-0.64268 -0.56546 0.01024 0 0.42500 33.42500 0.00908 0.77391 11
0.68538 0.49278 0.01024 0 1.22500 26.57500 0.00908 0.82165 11
-0.78890 -0.65862 0.01024 0 -0.30000 6.65000 0.00908 0.94382 11
0.66734 0.61487 0.01024 0 3.45000 0.87500 0.00908 0.97930 11
-0.75526 -1.55586 0.01024 0 -1.35000 -14.20000 0.00908 1.09970 11
0.71760 0.79719 0.01024 0 4.20000 -17.40000 0.00908 1.12438 11
-0.78353 -1.23820 0.01024 0 -0.77500 -33.30000 0.00908 1.23621 11
0.60957 0.77520 0.01024 0 3.45000 -37.47500 0.00908 1.26725 11
-0.82573 -1.06893 0.01024 0 -2.57500 -54.65000 0.00908 1.37424 11
1.26566 0.85448 0.01024 0 3.05000 -59.45000 0.00908 1.40198 11
-0.56883 0.34059 0.01024 0 -1.97500 8.65000 0.00908 0.95897 11
-0.25694 -0.16751 0.01024 0 -0.65000 8.37500 0.00908 0.96948 11
0.04882 -0.80324 0.01024 0 -0.55000 8.25000 0.00908 0.97130 11
0.20581 0.21471 0.01024 0 0.27500 8.20000 0.00908 0.97638 11
-0.13349 -0.85608 0.01024 0 2.27500 56.50000 0.00908 0.65037 11
0.20193 0.56346 0.01024 0 3.62500 56.67500 0.00908 0.65642 11
-4.86949 -1.57585 0.03704 0 6.37500 57.30000 0.01706 1.11294 11
12.70292 2.76152 0.03704 0 6.25000 56.92500 0.01706 1.11444 11
-4.92185 0.08021 0.03704 0 6.50000 -35.75000 0.01706 1.42951 11
0.90688 -0.72653 0.03704 0 3.55000 -43.92500 0.01706 1.46668 11
-0.56878 0.82910 0.03704 0 6.50000 -46.37500 0.01706 1.48113 11
0.66163 -1.45431 0.03704 0 3.92500 -48.30000 0.01706 1.51885 11
-0.48240 1.51947 0.03704 0 6.00000 -49.10000 0.01706 1.52683 11
0.09478 -0.79710 0.03704 0 2.85000 -51.00000 0.01706 1.55752 11
-0.11286 1.01385 0.03704 0 6.05000 -51.25000 0.01706 1.57028 11
1.38795 -1.64526 0.03704 0 3.42500 -54.30000 0.01706 1.59989 11
-15.63088 11.48908 0.03704 0 5.02500 -55.72500 0.01706 1.60757 11
2.24173 -1.49480 0.03704 0 5.10000 -55.85000 0.01706 1.60813 11
-2.02816 0.99585 0.03704 0 6.37500 -57.25000 0.01706 1.61485 11
1.42605 0.36612 0.00257 0 3.42500 54.22500 0.00174 1.12887 11
-1.49675 -0.51421 0.00257 0 5.57500 47.47500 0.00174 1.15776 11
1.67980 0.53964 0.00257 0 2.90000 43.50000 0.00174 1.17651 11
-1.90102 -1.13230 0.00257 0 4.52500 36.97500 0.00174 1.20449 11
0.63263 0.52080 0.00257 0 2.25000 33.52500 0.00174 1.22045 11
-0.41502 -0.37486 0.00257 0 4.87500 31.72500 0.00174 1.24145 11
0.78203 -0.71541 0.00257 0 2.17500 29.70000 0.00174 1.26002 11
-1.10822 0.95854 0.00257 0 3.77500 28.55000 0.00174 1.26750 11
-0.63716 0.02093 0.00257 0 3.07500 28.60000 0.00174 1.31093 11
0.82194 -0.35414 0.00257 0 4.47500 29.65000 0.00174 1.32128 11
1.69019 -0.27539 0.00257 0 3.15000 30.67500 0.00174 1.33000 11
-1.62291 -0.13775 0.02334 0 -2.90000 -8.97500 0.01148 -0.01794 11
1.56584 0.35222 0.02334 0 -1.77500 50.70000 0.01148 0.22575 11
-1.85588 -0.17446 0.02334 0 -1.35000 -9.20000 0.01148 -0.01872 11
1.85703 0.04585 0.02334 0 5.32500 48.00000 0.01148 0.19655 11
-1.81786 -0.36671 0.02334 0 4.50000 -8.60000 0.01148 -0.01650 11
1.59177 0.02695 0.02334 0 3.70000 57.65000 0.01148 0.24353 11
2.37829 0.47153 0.02334 0 5.17500 49.85000 0.01148 1.22649 11
-3.47909 -0.47512 0.02334 0 8.02500 34.70000 0.01148 1.28064 11
-2.35995 0.10620 0.02334 0 -3.80000 27.62500 0.01148 1.30515 11
-3.57963 0.55311 0.02334 0 -3.87500 15.20000 0.01148 1.34994 11
0.45536 -0.21967 0.02334 0 6.75000 13.17500 0.01148 1.35893 11
-0.69490 -0.37470 0.02334 0 -2.20000 9.95000 0.01148 1.38201 11
0.37451 3.72779 0.02334 0 -3.60000 5.17500 0.01148 1.40035 11
-0.54098 -0.37341 0.02334 0 7.75000 5.35000 0.01148 1.40405 11
0.71176 -0.50629 0.02334 0 -2.00000 7.97500 0.01148 1.42295 11
2.71532 -5.01721 0.02334 0 -4.32500 9.65000 0.01148 1.43465 11
1.52729 0.24556 0.02334 0 7.45000 18.00000 0.01148 1.46844 11
-1.76934 -0.29625 0.02334 0 2.00000 -9.20000 0.01148 -0.01866 11
1.64978 0.26778 0.02334 0 1.57500 52.17500 0.01148 0.22293 11
-1.90588 -0.59019 0.02334 0 7.40000 -7.65000 0.01148 -0.01274 11
1.47646 0.01364 0.02334 0 7.75000 55.85000 0.01148 0.24168 11
1.53996 0.38349 0.02334 0 -4.10000 56.90000 0.01148 0.24599 11
-1.69705 -0.16154 0.02334 0 0.82500 -9.32500 0.01148 -0.01912 11
1.81751 0.29499 0.02334 0 -1.52500 54.50000 0.01148 0.22630 11
-1.70893 -0.20781 0.02334 0 -1.17500 -9.22500 0.01148 -0.01885 11
2.02212 0.21561 0.02334 0 -0.85000 52.00000 0.01148 0.22456 11
-2.27112 -0.61928 0.02334 0 6.92500 -7.82500 0.01148 -0.01343 11
2.00805 0.22405 0.02334 0 3.17500 52.52500 0.01148 0.21326 11
-1.98461 -0.43734 0.02334 0 6.52500 -8.00000 0.01148 -0.01410 11
1.83688 -0.09579 0.02334 0 3.70000 60.92500 0.01148 0.25121 11
-1.63992 -0.15149 0.02334 0 -2.62500 -9.10000 0.01148 -0.01830 11
1.92708 0.34393 0.02334 0 -2.77500 55.70000 0.01148 0.23815 11
-1.58721 -0.14041 0.02334 0 1.90000 -9.12500 0.01148 -0.01845 11
1.04210 0.01328 0.02334 0 -1.07500 13.02500 0.01148 0.07492 11
-0.95090 -0.14729 0.02334 0 0.50000 25.70000 0.01148 0.13870 11
0.86434 0.15084 0.02334 0 -0.87500 41.55000 0.01148 0.21783 11
-0.54824 -0.07809 0.02334 0 0.75000 55.00000 0.01148 0.28701 11
-2.04887 -0.27053 0.02334 0 -0.85000 -9.25000 0.01148 -0.01887 11
1.73788 0.14516 0.02334 0 5.37500 53.10000 0.01148 0.21023 11
-1.79414 -0.33849 0.02334 0 4.25000 -8.72500 0.01148 -0.01694 11
1.56443 0.13916 0.02334 0 3.57500 55.37500 0.01148 0.23667 11
-1.73668 -0.27006 0.02334 0 4.57500 -8.62500 0.01148 -0.01656 11
1.64856 -0.05417 0.02334 0 2.90000 60.20000 0.01148 0.25309 11
-1.81394 -0.08778 0.02334 0 -1.65000 -9.20000 0.01148 -0.01870 11
2.05238 -0.08927 0.02334 0 7.15000 59.92500 0.01148 0.24435 11
1.26085 -0.39170 0.02334 0 3.92500 56.47500 0.01148 1.14083 11
-1.59636 0.53402 0.02334 0 7.12500 50.60000 0.01148 1.16522 11
-0.81950 1.01165 0.02334 0 -1.90000 48.30000 0.01148 1.17900 11
0.47489 1.10320 0.02334 0 -3.80000 42.27500 0.01148 1.22757 11
-0.27852 -1.26000 0.02334 0 -3.70000 56.30000 0.01148 1.29310 11
-0.19763 1.08018 0.02334 0 -1.67500 56.37500 0.01148 1.30105 11
-0.67728 -1.78273 0.02334 0 -2.85000 57.95000 0.01148 1.32601 11
-0.02623 1.46880 0.02334 0 -1.47500 58.15000 0.01148 1.33138 11
17.23026 5.69376 0.02334 0 -2.10000 61.85000 0.01148 1.35152 11
-1.01618 -0.66436 0.02334 0 7.35000 41.92500 0.01148 1.22366 11
-1.88110 -0.33856 0.02334 0 1.87500 -9.10000 0.01148 -0.01842 11
2.26500 0.48930 0.02334 0 -1.75000 50.60000 0.01148 0.20632 11
-1.77872 -0.16581 0.02334 0 -1.85000 -9.15000 0.01148 -0.01854 11
1.88157 0.11235 0.02334 0 6.80000 51.57500 0.01148 0.21145 11
-1.95934 -0.26885 0.02334 0 2.65000 -9.07500 0.01148 -0.01822 11
1.86888 0.16780 0.02334 0 0.70000 56.60000 0.01148 0.23490 11
-2.09576 -0.62037 0.02334 0 6.90000 -7.90000 0.01148 -0.01366 11
1.66180 0.12992 0.02334 0 4.32500 51.17500 0.01148 0.21273 11
-1.72036 -0.17524 0.02334 0 0.67500 -9.25000 0.01148 -0.01892 11
1.50728 0.16816 0.02334 0 0.70000 54.07500 0.01148 0.23456 11
-1.76347 -0.29561 0.02334 0 5.75000 -8.22500 0.01148 -0.01506 11
1.63220 -0.02189 0.02334 0 4.12500 59.82500 0.01148 0.25144 11
-1.87676 -0.29055 0.02334 0 1.47500 -9.22500 0.01148 -0.01880 11
2.27759 0.27964 0.02334 0 -3.02500 61.17500 0.01148 0.24266 11
4.44010 0.98380 0.00186 0 4.70000 4.65000 0.00050 0.01821 11
0.55225 -4.63883 0.00186 0 3.25000 16.37500 0.00050 0.07495 11
0.48931 -1.37293 0.00186 0 3.32500 16.35000 0.00050 0.07533 11
0.03091 0.57802 0.00186 0 4.70000 16.05000 0.00050 0.08166 11
-1.07892 1.43948 0.00186 0 3.72500 18.12500 0.00050 0.09313 11
0.09352 -2.02242 0.00186 0 4.02500 19.45000 0.00050 0.10794 11
5.38974 -3.16234 0.00317 0 7.62500 21.90000 0.00152 0.08230 11
-1.13353 0.40340 0.00317 0 4.62500 25.55000 0.00152 0.09953 11
1.55137 -0.67461 0.00317 0 6.50000 30.87500 0.00152 0.12306 11
-0.92620 0.08037 0.00317 0 4.72500 33.77500 0.00152 0.13589 11
0.95973 0.06752 0.00317 0 6.95000 36.67500 0.00152 0.15233 11
-0.37396 -0.56330 0.00317 0 5.00000 40.02500 0.00152 0.17169 11
0.28405 0.46560 0.00317 0 7.17500 40.87500 0.00152 0.18166 11
-1.43668 0.79907 0.00317 0 5.22500 42.85000 0.00152 0.19478 11
1.39745 -0.47704 0.00317 0 6.35000 46.45000 0.00152 0.21218 11
-0.55845 -0.33184 0.00317 0 4.95000 47.77500 0.00152 0.22063 11
0.27960 0.20482 0.00317 0 6.32500 48.57500 0.00152 0.22850 11
-0.17121 -0.53378 0.00317 0 4.97500 48.62500 0.00152 0.24025 11
-0.20269 0.65845 0.00317 0 5.82500 48.62500 0.00152 0.24430 11
3.78633 -0.84194 0.01778 0 -3.20000 -5.77500 0.01650 2.22824 -11
-0.68008 0.00668 0.01778 0 -3.92500 -5.20000 0.01650 2.23681 -11
0.24466 0.78251 0.01778 0 3.47500 -56.70000 0.01650 1.62822 -11
-0.45860 -1.10678 0.01778 0 -1.17500 -54.55000 0.01650 1.65498 -11
0.34764 0.79447 0.01778 0 4.60000 -42.65000 0.01650 1.76570 -11
-0.27304 -1.06320 0.01778 0 -0.75000 -40.75000 0.01650 1.78987 -11
-0.08677 0.49946 0.01778 0 3.47500 -38.47500 0.01650 1.88867 -11
0.14990 -0.56445 0.01778 0 0.37500 -40.07500 0.01650 1.92243 -11
0.01714 0.25868 0.01778 0 2.65000 -40.52500 0.01650 2.00649 -11
-0.04695 -0.32032 0.01778 0 1.10000 -39.70000 0.01650 2.04961 -11
-0.26700 0.18419 0.01778 0 3.00000 -42.75000 0.01650 2.12829 -11
0.10691 -0.23338 0.01778 0 0.35000 -45.32500 0.01650 2.16659 -11
0.02336 0.11473 0.01778 0 2.10000 -46.50000 0.01650 2.23626 -11
-0.16217 -0.33790 0.01778 0 -0.25000 -45.70000 0.01650 2.27631 -11
-0.06241 0.08489 0.01778 0 2.25000 -43.95000 0.01650 2.34418 -11
0.03942 -0.09867 0.01778 0 -0.00000 -45.37500 0.01650 2.38858 -11
-0.05555 -0.16627 0.01778 0 2.72500 -47.70000 0.01650 2.44226 -11
-0.23797 0.20515 0.01778 0 -0.10000 -44.52500 0.01650 2.48798 -11
0.52051 -0.45256 0.01778 0 4.27500 -40.37500 0.01650 2.52695 -11
-0.24246 0.36163 0.01778 0 0.55000 -35.07500 0.01650 2.57939 -11
0.29190 -0.38654 0.01778 0 3.82500 -33.50000 0.01650 2.62060 -11
-0.28241 0.03390 0.01778 0 -0.30000 -30.37500 0.01650 2.66109 -11
0.26241 -0.29701 0.01778 0 3.90000 -27.02500 0.01650 2.70341 -11
-0.14698 0.37236 0.01778 0 -0.72500 -23.90000 0.01650 2.74560 -11
0.00688 -0.59524 0.01778 0 4.50000 -22.40000 0.01650 2.77675 -11
-0.02753 0.33247 0.01778 0 -0.90000 -23.22500 0.01650 2.81461 -11
-0.00914 -0.61819 0.01778 0 5.67500 -23.22500 0.01650 2.84084 -11
0.47864 -0.53550 0.01778 0 -0.47500 -24.55000 0.01650 2.86863 -11
-0.09800 -0.05813 0.01778 0 6.27500 -26.72500 0.01650 2.90742 -11
-0.20197 -0.55522 0.01778 0 -0.65000 -26.52500 0.01650 2.92916 -11
-0.40249 1.22011 0.01778 0 8.12500 -26.35000 0.01650 2.97524 -11
-0.06889 0.86982 0.01778 0 7.77500 -22.67500 0.01650 3.07573 -11
2.78165 -1.07234 0.01217 0 -3.45000 63.85000 0.00836 -0.20080 11
-2.82673 1.20724 0.01217 0 3.50000 49.60000 0.00836 -0.14682 11
3.57128 -1.73474 0.01217 0 -2.30000 1.52500 0.00836 0.04015 11
-2.88348 1.35444 0.01217 0 2.95000 -8.30000 0.00836 0.07740 11
0.88353 -0.45867 0.01217 0 3.22500 -18.57500 0.00836 0.11498 11
-0.77510 0.73355 0.01217 0 5.17500 -20.52500 0.00836 0.12605 11
0.91863 -0.33880 0.01217 0 3.92500 -24.55000 0.00836 0.14380 11
-0.95488 0.53345 0.01217 0 5.62500 -26.42500 0.00836 0.15418 11
41.56036 147.83365 0.01217 0 6.07500 -26.92500 0.00836 0.15882 11
-0.51883 -2.37970 0.01217 0 6.15000 -26.17500 0.00836 0.18156 11
-0.06037 3.47563 0.01217 0 7.05000 -26.10000 0.00836 0.18706 11
1.04782 -1.29495 0.01217 0 -3.60000 38.75000 0.00836 -0.02105 11
-0.91524 1.35716 0.01217 0 5.47500 32.82500 0.00836 0.01710 11
1.07063 -1.92306 0.01217 0 7.52500 13.47500 0.00836 0.15835 11
-0.72043 0.71700 0.01217 0 7.70000 6.20000 0.00836 0.21125 11
-0.88516 1.07304 0.01217 0 -3.65000 5.57500 0.00836 0.21527 11
0.88244 -0.84783 0.01217 0 -0.27500 -16.05000 0.00836 0.32073 11
-0.84827 0.91102 0.01217 0 -1.70000 -24.15000 0.00836 0.37074 11
0.68561 -0.62206 0.01217 0 -0.80000 -37.80000 0.00836 0.46629 11
-0.44851 0.82411 0.01217 0 -0.70000 -43.10000 0.00836 0.51847 11
0.43240 -0.55653 0.01217 0 1.45000 -50.32500 0.00836 0.61378 11
-0.45367 0.38662 0.01217 0 0.32500 -56.67500 0.00836 0.66724 11
-0.89540 -1.51496 0.01217 0 6.67500 6.70000 0.00836 0.23584 11
1.80792 2.10440 0.01217 0 7.37500 7.12500 0.00836 0.23891 11
-12.23443 9.48707 0.01217 0 6.67500 4.05000 0.00836 0.25415 11
2.46482 -0.79780 0.01217 0 -3.70000 38.32500 0.00836 -0.01983 11
3.59221 0.07071 0.01217 0 -3.40000 35.52500 0.00836 -0.01108 11
-0.50907 0.55324 0.01217 0 8.07500 34.77500 0.00836 0.00669 11
-1.03207 1.43872 0.01217 0 -0.32500 59.27500 0.00836 -0.13240 11
1.25933 -1.57451 0.01217 0 -1.35000 30.00000 0.00836 0.04784 11
-1.25171 1.54696 0.01217 0 8.47500 22.92500 0.00836 0.08969 11
-1.38208 1.80392 0.01217 0 -1.00000 20.97500 0.00836 0.10146 11
1.06071 -1.07580 0.01217 0 -2.72500 -8.57500 0.00836 0.26611 11
-1.07744 1.39482 0.01217 0 -0.92500 -19.47500 0.00836 0.32929 11
0.88031 -0.98751 0.01217 0 -3.12500 -44.35000 0.00836 0.49103 11
-0.60509 1.14499 0.01217 0 0.85000 -54.67500 0.00836 0.56176 11
-1.66357 0.87023 0.01217 0 6.97500 56.25000 0.00836 -0.14183 11
0.75032 -0.15819 0.01217 0 -1.45000 42.55000 0.00836 -0.06941 11
-0.78998 0.13332 0.01217 0 7.10000 32.27500 0.00836 -0.01526 11
0.75317 -0.05597 0.01217 0 -1.45000 21.42500 0.00836 0.04525 11
-1.01187 -0.18831 0.01217 0 6.87500 10.95000 0.00836 0.10246 11
1.02186 0.17949 0.01217 0 0.42500 -0.32500 0.00836 0.15203 11
-1.22300 -0.22841 0.01217 0 6.55000 -12.35000 0.00836 0.20680 11
0.92047 -0.00435 0.01217 0 0.32500 -22.80000 0.00836 0.25384 11
-0.65376 -0.07037 0.01217 0 6.85000 -29.57500 0.00836 0.29493 11
0.94240 0.37026 0.01217 0 0.35000 -36.35000 0.00836 0.33279 11
-0.84765 -0.34145 0.01217 0 5.92500 -48.15000 0.00836 0.39130 11
0.86251 0.19605 0.01217 0 0.67500 -53.00000 0.00836 0.41853 11
-2.42330 1.59067 0.00541 0 -4.12500 54.92500 0.00348 -0.13604 11
1.38684 -0.30496 0.00541 0 3.57500 16.35000 0.00348 0.01804 11
-1.46480 0.34678 0.00541 0 7.72500 9.40000 0.00348 0.04760 11
-2.06985 -0.19195 0.00541 0 -4.17500 7.95000 0.00348 0.05311 11
1.19747 0.17004 0.00541 0 4.17500 2.35000 0.00348 0.07694 11
-1.57954 1.06949 0.01217 0 4.82500 57.20000 0.00836 -0.14134 11
2.08928 -1.34010 0.01217 0 -3.57500 15.17500 0.00836 0.04451 11
-2.05680 1.38397 0.01217 0 4.47500 4.27500 0.00836 0.09086 11
4.49850 -3.50235 0.01217 0 0.05000 -38.62500 0.00836 0.28948 11
-6.96513 4.55908 0.01217 0 3.17500 -42.85000 0.00836 0.30722 11
-1.38320 1.24848 0.01217 0 1.02500 62.85000 0.00836 -0.14454 11
1.45908 -1.13625 0.01217 0 -0.17500 31.37500 0.00836 0.01319 11
-1.34128 0.97127 0.01217 0 0.70000 17.42500 0.00836 0.08100 11
1.87509 -1.00946 0.01217 0 0.75000 -16.17500 0.00836 0.23443 11
-1.98558 1.12614 0.01217 0 -1.30000 -31.80000 0.00836 0.29912 11
-0.33762 -0.35302 0.01217 0 0.65000 -15.95000 0.00836 0.23388 11
0.19858 0.46180 0.01217 0 1.97500 -15.80000 0.00836 0.24076 11
-1.32811 4.15439 0.01217 0 0.82500 -16.20000 0.00836 0.24813 11
-1.61297 1.18088 0.01217 0 0.30000 55.72500 0.00836 -0.13266 11
1.52093 -1.31825 0.01217 0 -0.30000 20.67500 0.00836 0.03274 11
-1.76354 1.45032 0.01217 0 -0.62500 8.42500 0.00836 0.09189 11
1.61169 -1.07857 0.01217 0 -0.25000 -27.30000 0.00836 0.25699 11
-1.68660 1.07072 0.01217 0 -0.35000 -42.17500 0.00836 0.32426 11
-1.66196 0.95061 0.01217 0 8.10000 57.40000 0.00836 -0.13953 11
-2.62725 1.29016 0.01217 0 -2.70000 55.00000 0.00836 -0.12990 11
2.10470 -0.63107 0.01217 0 -0.37500 16.10000 0.00836 0.01949 11
-1.58479 0.27391 0.01217 0 7.75000 -4.45000 0.00836 0.09681 11
-1.85106 0.57425 0.01217 0 -3.90000 -5.77500 0.00836 0.10204 11
2.01431 -0.45191 0.01217 0 -1.42500 -37.52500 0.00836 0.22431 11
-1.40857 0.40992 0.01217 0 7.62500 -55.22500 0.00836 0.29518 11
-1.47982 0.79193 0.01217 0 -3.95000 -56.22500 0.00836 0.29957 11
-2.17532 1.07078 0.01217 0 1.32500 52.47500 0.00836 -0.14329 11
2.61487 -2.16787 0.01217 0 3.77500 11.00000 0.00836 0.02983 11
-1.78204 1.19650 0.01217 0 1.90000 -1.55000 0.00836 0.08553 11
2.71894 -1.90687 0.01217 0 4.57500 -40.35000 0.00836 0.25882 11
-1.67886 0.94101 0.01217 0 2.52500 -54.67500 0.00836 0.31951 11
-1.54217 1.13208 0.01217 0 8.05000 58.12500 0.00836 -0.14227 11
-2.64286 2.09655 0.01217 0 -1.75000 55.35000 0.00836 -0.12972 11
2.23591 -1.46685 0.01217 0 0.10000 15.22500 0.00836 0.04563 11
-1.99922 1.36813 0.01217 0 8.02500 4.85000 0.00836 0.09030 11
-2.36259 1.73450 0.01217 0 -1.97500 2.12500 0.00836 0.10225 11
2.33647 -1.46821 0.01217 0 1.17500 -33.37500 0.00836 0.25283 11
-2.36589 1.52969 0.01217 0 7.67500 -42.55000 0.00836 0.29114 11
-3.07368 2.22881 0.01217 0 -2.57500 -45.05000 0.00836 0.30187 11
-1.41804 0.57384 0.01217 0 5.77500 49.22500 0.00836 -0.11539 11
1.69174 -0.79561 0.01217 0 -2.07500 24.52500 0.00836 -0.00614 11
-1.76865 0.82996 0.01217 0 4.75000 13.95000 0.00836 0.03796 11
1.04611 -1.15957 0.01217 0 -3.15000 -8.20000 0.00836 0.15047 11
-1.23116 1.25077 0.01217 0 4.30000 -13.85000 0.00836 0.18342 11
1.31184 -1.20886 0.01217 0 -3.07500 -34.07500 0.00836 0.29751 11
-1.77573 1.43673 0.01217 0 3.30000 -39.80000 0.00836 0.32739 11
-0.75339 -1.24721 0.00186 0 -2.17500 58.90000 0.00161 -0.15394 11
0.17760 1.73786 0.00186 0 -2.52500 58.82500 0.00161 -0.15246 11
-1.59802 1.00074 0.01217 0 2.15000 55.75000 0.00836 -0.13563 11
2.03026 -1.17516 0.01217 0 0.70000 21.70000 0.00836 0.02178 11
-1.87946 1.08929 0.01217 0 -0.52500 6.12500 0.00836 0.08771 11
1.51069 -1.01746 0.01217 0 -0.75000 -28.57500 0.00836 0.24613 11
-1.60318 1.09165 0.01217 0 -0.40000 -43.45000 0.00836 0.31484 11
-1.65750 1.03568 0.01217 0 1.85000 54.32500 0.00836 -0.13661 11
1.84872 -1.14521 0.01217 0 1.75000 17.92500 0.00836 0.02416 11
-1.55927 0.90611 0.01217 0 2.85000 0.37500 0.00836 0.10159 11
4.76900 -2.90799 0.01217 0 6.52500 -40.57500 0.00836 0.26711 11
-1.93661 0.87302 0.01217 0 1.92500 -53.05000 0.00836 0.31674 11
-1.54519 1.06872 0.01217 0 0.37500 55.82500 0.00836 -0.12224 11
1.66563 -1.82822 0.01217 0 1.72500 17.82500 0.00836 0.04489 11
-1.33084 1.41059 0.01217 0 1.80000 7.70000 0.00836 0.10019 11
1.05720 -1.66793 0.01217 0 1.15000 -19.10000 0.00836 0.26779 11
-0.84871 1.28175 0.01217 0 2.60000 -26.87500 0.00836 0.32334 11
0.61628 -1.47094 0.01217 0 0.37500 -45.95000 0.00836 0.48414 11
-0.66647 1.11580 0.01217 0 3.30000 -52.62500 0.00836 0.54393 11
-1.48753 0.88800 0.01217 0 3.22500 58.12500 0.00836 -0.13831 11
1.56003 -1.29326 0.01217 0 2.80000 25.47500 0.00836 0.01580 11
-1.28034 0.72515 0.01217 0 3.10000 11.62500 0.00836 0.08267 11
1.51728 -0.65185 0.01217 0 2.92500 -19.77500 0.00836 0.21892 11
-1.39188 0.77271 0.01217 0 2.82500 -36.05000 0.00836 0.29266 11
-1.15793 0.63768 0.01217 0 4.92500 58.60000 0.00836 -0.13330 11
1.88550 -1.11331 0.01217 0 4.12500 25.32500 0.00836 0.02105 11
-1.29160 0.69450 0.01217 0 3.75000 8.12500 0.00836 0.09516 11
1.48508 -0.94016 0.01217 0 2.02500 -20.57500 0.00836 0.23464 11
-1.26999 0.32681 0.01217 0 0.82500 -35.87500 0.00836 0.30285 11
1.25234 -0.46627 0.01217 0 -0.07500 -63.17500 0.00836 0.42273 11
-0.96053 0.41013 0.01217 0 2.10000 53.17500 0.00836 -0.11753 11
1.15530 -0.72789 0.01217 0 2.77500 35.92500 0.00836 -0.02452 11
-1.34744 0.16816 0.01217 0 -0.55000 21.95000 0.00836 0.03720 11
1.32626 -0.50372 0.01217 0 5.75000 5.12500 0.00836 0.10318 11
-1.82847 -0.79908 0.01217 0 1.05000 -8.50000 0.00836 0.16254 11
1.09674 0.41777 0.01217 0 -2.82500 -13.90000 0.00836 0.18584 11
-2.25174 -0.56377 0.01217 0 1.65000 -26.90000 0.00836 0.23866 11
1.23811 0.64154 0.01217 0 0.35000 -28.77500 0.00836 0.24656 11
-0.28007 -0.49454 0.01217 0 2.95000 -34.00000 0.00836 0.27724 11
0.36742 0.52186 0.01217 0 -0.50000 -34.80000 0.00836 0.29138 11
-0.44130 -0.40207 0.01217 0 2.82500 -37.35000 0.00836 0.31970 11
0.55376 0.66534 0.01217 0 0.67500 -38.52500 0.00836 0.32976 11
-0.42485 -0.69711 0.01217 0 2.92500 -40.17500 0.00836 0.34940 11
0.02727 0.92103 0.01217 0 2.22500 -40.35000 0.00836 0.35236 11
0.19785 -0.73231 0.01217 0 3.70000 -40.52500 0.00836 0.37019 11
0.68709 -0.63205 0.01217 0 3.57500 -40.57500 0.00836 0.37180 11
0.71922 1.12270 0.01217 0 4.02500 -40.62500 0.00836 0.38076 11
-0.70445 -0.08821 0.01217 0 3.52500 -40.45000 0.00836 0.39067 11
-0.54973 0.04449 0.01217 0 1.30000 -38.10000 0.00836 0.33042 11
0.29916 -0.21150 0.01217 0 2.37500 -36.87500 0.00836 0.33879 11
-0.69275 1.19883 0.01217 0 3.15000 61.32500 0.00836 -0.13541 11
0.76460 -1.66433 0.01217 0 1.07500 44.87500 0.00836 0.02473 11
-0.62522 1.29133 0.01217 0 2.72500 39.12500 0.00836 0.07805 11
0.61936 -1.09263 0.01217 0 -0.17500 22.55000 0.00836 0.22688 11
-0.64040 0.78550 0.01217 0 1.62500 16.27500 0.00836 0.28506 11
0.71678 -1.01271 0.01217 0 3.60000 3.87500 0.00836 0.37137 11
-0.75209 0.76358 0.01217 0 2.32500 -3.15000 0.00836 0.41998 11
1.06937 -0.98488 0.01217 0 -4.12500 -19.05000 0.00836 0.51962 11
-0.59354 0.74255 0.01217 0 -0.25000 -21.50000 0.00836 0.53687 11
-8.89572 5.97222 0.01217 0 -2.82500 -27.85000 0.00836 0.58576 11
0.18221 -0.87345 0.01217 0 -3.87500 -35.60000 0.00836 0.62574 11
-0.08765 0.68030 0.01217 0 -0.77500 -35.72500 0.00836 0.63815 11
0.17185 -0.63698 0.01217 0 -4.12500 -35.70000 0.00836 0.66348 11
-0.11459 0.50746 0.01217 0 -1.00000 -36.07500 0.00836 0.67664 11
0.63898 -0.24805 0.01217 0 -3.55000 -37.72500 0.00836 0.69839 11
-0.56399 0.38008 0.01217 0 -1.15000 -39.62500 0.00836 0.71181 11
0.72386 -0.15904 0.01217 0 -3.77500 -40.32500 0.00836 0.72727 11
-0.74807 -0.14591 0.01217 0 -1.75000 -42.47500 0.00836 0.74005 11
0.54520 0.10357 0.01217 0 -3.87500 -44.75000 0.00836 0.75479 11
-0.75926 0.03469 0.01217 0 -1.95000 -46.67500 0.00836 0.76751 11
-0.34537 0.00321 0.01217 0 6.57500 -54.05000 0.00836 0.84133 11
0.27694 0.00956 0.01217 0 7.30000 -53.65000 0.00836 0.84858 11
-1.66964 0.68603 0.01217 0 3.77500 44.80000 0.00836 -0.11104 11
2.01216 -1.40566 0.01217 0 6.80000 5.32500 0.00836 0.04807 11
-1.62678 0.30005 0.01217 0 5.02500 -13.35000 0.00836 0.12417 11
2.14171 -0.97429 0.01217 0 6.92500 -45.42500 0.00836 0.25372 11
-1.44099 0.38146 0.01217 0 5.97500 -63.77500 0.00836 0.33081 11
-2.25587 2.03285 0.01217 0 -1.67500 64.75000 0.00836 -0.16175 11
-0.40830 1.31746 0.01217 0 3.80000 20.92500 0.00836 0.06551 11
0.96399 -4.01361 0.01217 0 6.60000 11.75000 0.00836 0.19551 11
-0.20746 1.20969 0.01217 0 1.80000 10.32500 0.00836 0.22171 11
0.63916 -1.84907 0.01217 0 4.65000 7.72500 0.00836 0.31995 11
-0.44642 1.03119 0.01217 0 1.47500 4.37500 0.00836 0.35477 11
0.11628 -1.21513 0.01217 0 3.20000 -0.85000 0.00836 0.44242 11
-0.08351 0.89150 0.01217 0 1.17500 -1.70000 0.00836 0.48089 11
0.30612 -0.70886 0.01217 0 2.70000 -4.42500 0.00836 0.56363 11
0.13048 0.44338 0.01217 0 1.65000 -5.67500 0.00836 0.61146 11
-0.09184 -0.55787 0.01217 0 2.60000 -3.35000 0.00836 0.67890 11
-0.24788 0.47044 0.01217 0 1.10000 -4.27500 0.00836 0.72571 11
0.34360 -0.71513 0.01217 0 3.22500 -9.70000 0.00836 0.79304 11
-0.26470 0.58313 0.01217 0 1.35000 -13.10000 0.00836 0.83767 11
0.49629 -0.99057 0.01217 0 4.57500 -19.72500 0.00836 0.90357 11
-0.71377 0.42755 0.01217 0 0.57500 -24.00000 0.00836 0.94029 11
0.82631 -0.54296 0.01217 0 6.27500 -35.55000 0.00836 1.00002 11
-0.60626 0.23406 0.01217 0 1.92500 -42.85000 0.00836 1.04432 11
1.09727 -0.90067 0.01217 0 7.75000 -53.05000 0.00836 1.10067 11
-0.82716 -0.05072 0.01217 0 1.95000 -60.57500 0.00836 1.14068 11
0.48587 -0.56010 0.01217 0 6.85000 -63.65000 0.00836 1.17695 11
0.65985 0.50949 0.01217 0 1.00000 -62.25000 0.00836 1.41563 11
-0.72731 -0.46849 0.01217 0 -3.75000 -56.57500 0.00836 1.45600 11
0.70065 0.37170 0.01217 0 0.65000 -52.42500 0.00836 1.47972 11
-0.22871 -0.07417 0.01217 0 -4.47500 -48.57500 0.00836 1.51096 11
0.02574 -0.81232 0.01217 0 7.77500 -48.42500 0.00836 1.51338 11
-0.10101 0.16176 0.01217 0 1.07500 -49.60000 0.00836 1.53894 11
0.02764 0.16808 0.01217 0 -3.77500 -48.77500 0.00836 1.56352 11
0.29156 -0.21176 0.01217 0 1.65000 -47.82500 0.00836 1.59592 11
-0.42824 -0.11805 0.01217 0 -2.37500 -44.62500 0.00836 1.62142 11
0.51719 0.12583 0.01217 0 1.52500 -42.17500 0.00836 1.64224 11
-0.55480 -0.16704 0.01217 0 -2.45000 -40.10000 0.00836 1.66605 11
0.66633 0.34129 0.01217 0 0.97500 -37.35000 0.00836 1.68484 11
0.18771 -0.61288 0.01217 0 -2.15000 -39.97500 0.00836 1.71365 11
-0.18391 0.45903 0.01217 0 1.00000 -40.57500 0.00836 1.72669 11
-0.01510 0.29431 0.01217 0 -2.32500 -42.60000 0.00836 1.74698 11
-1.26227 0.37461 0.01217 0 5.02500 45.65000 0.00836 -0.11390 11
1.63104 -0.82891 0.01217 0 4.02500 14.27500 0.00836 0.02154 11
-1.27487 0.43219 0.01217 0 3.55000 -3.42500 0.00836 0.09870 11
1.19878 -0.57826 0.01217 0 2.47500 -32.00000 0.00836 0.22714 11
-1.02677 0.54407 0.01217 0 4.37500 -48.77500 0.00836 0.30927 11
-1.89655 0.93777 0.01217 0 1.77500 53.15000 0.00836 -0.14038 11
2.42226 -1.56006 0.01217 0 3.15000 14.52500 0.00836 0.02027 11
-2.07850 0.87038 0.01217 0 8.22500 3.72500 0.00836 0.06160 11
-1.79176 0.96828 0.01217 0 -2.40000 1.50000 0.00836 0.07118 11
3.47246 -2.23042 0.01217 0 4.20000 -16.37500 0.00836 0.14911 11
-3.02993 2.36707 0.01217 0 6.67500 -20.30000 0.00836 0.16473 11
-2.35493 2.37127 0.01217 0 -3.77500 -21.82500 0.00836 0.17216 11
0.39587 0.56096 0.01217 0 7.05000 -29.60000 0.00836 0.22139 11
-0.42494 -0.29048 0.01217 0 8.25000 -30.80000 0.00836 0.23340 11
-1.63849 1.74281 0.00599 0 6.62500 11.07500 0.00458 0.03718 11
-2.39671 3.00517 0.00599 0 -4.22500 10.02500 0.00458 0.04275 11
1.55222 -3.29818 0.00599 0 3.62500 -5.50000 0.00458 0.13703 11
-1.59327 4.13898 0.00599 0 6.07500 -6.52500 0.00458 0.14611 11
-1.25100 4.45463 0.00599 0 -3.85000 -7.22500 0.00458 0.15352 11
-0.55972 6.19701 0.00599 0 -3.87500 -9.47500 0.00458 0.54960 11
0.70334 -2.15057 0.00599 0 4.17500 -17.12500 0.00458 0.62785 11
-0.72077 2.17948 0.00599 0 7.95000 -18.40000 0.00458 0.64162 11
-0.72453 1.34820 0.00599 0 -2.12500 -19.20000 0.00458 0.64960 11
0.53610 -0.69122 0.00599 0 4.37500 -26.72500 0.00458 0.71041 11
-0.92446 0.06517 0.00599 0 -1.60000 -31.97500 0.00458 0.74416 11
0.95167 -0.24225 0.00599 0 5.02500 -38.12500 0.00458 0.77872 11
-0.38166 0.08964 0.00599 0 -1.75000 -43.97500 0.00458 0.81302 11
0.32731 -0.00345 0.00599 0 4.65000 -47.62500 0.00458 0.84222 11
-0.14653 -0.07119 0.00599 0 -1.90000 -50.07500 0.00458 0.87690 11
0.37022 -0.12481 0.00599 0 4.67500 -51.57500 0.00458 0.90436 11
-0.07628 0.21675 0.00599 0 -1.75000 -54.25000 0.00458 0.93607 11
0.83997 -2.51529 0.00599 0 6.10000 -54.75000 0.00458 0.97173 11
-1.36593 4.05166 0.00599 0 7.32500 -55.20000 0.00458 0.97637 11
0.40285 0.97825 0.00599 0 -3.40000 -55.07500 0.00458 0.98151 11
-0.84035 -1.57207 0.00599 0 5.87500 -51.02500 0.00458 1.01451 11
0.63649 1.43606 0.00599 0 7.82500 -50.17500 0.00458 1.02215 11
0.88081 0.16915 0.00599 0 -3.32500 -49.05000 0.00458 1.02827 11
0.66777 1.12672 0.00599 0 -3.45000 -44.60000 0.00458 1.05578 11
-8.58616 4.27373 0.00599 0 -3.10000 -45.65000 0.00458 1.05906 11
-0.16015 0.52160 0.00599 0 -4.17500 -46.62500 0.00458 1.09794 11
0.89690 0.00008 0.01140 0 -3.07500 60.35000 0.01114 0.18015 -11
-0.97387 0.14461 0.01140 0 -0.50000 44.42500 0.01114 0.25759 -11
0.77740 0.16376 0.01140 0 -2.92500 31.57500 0.01114 0.31950 -11
-1.38072 0.16719 0.01140 0 -0.70000 14.62500 0.01114 0.40297 -11
1.09796 0.14335 0.01140 0 6.97500 -1.87500 0.01114 0.47240 -11
-1.21439 -0.02037 0.01140 0 -1.05000 -15.77500 0.01114 0.53429 -11
1.48125 -0.15076 0.01140 0 6.92500 -30.05000 0.01114 0.59892 -11
-1.64621 0.88510 0.01140 0 0.95000 -50.55000 0.01114 0.68530 -11
1.88796 -0.83149 0.01140 0 6.27500 -59.00000 0.01114 0.72038 -11
-0.88004 0.72471 0.01140 0 0.10000 47.92500 0.01114 0.28883 -11
0.61494 -0.45753 0.01140 0 -2.10000 40.95000 0.01114 0.33177 -11
-0.73975 0.49125 0.01140 0 -0.80000 22.95000 0.01114 0.43940 -11
