-0.07245 -0.27465 0.00491 0 4.17500 -14.45000 0.00290 1.58109 11
0.06678 0.28616 0.00491 0 2.32500 -15.35000 0.00290 1.59232 11
-0.50326 0.62058 0.00491 0 3.25000 -15.85000 0.00290 1.59804 11
2.65350 -2.97691 0.00491 0 1.05000 56.05000 0.00290 1.00071 11
-2.06958 1.90995 0.00491 0 2.90000 54.27500 0.00290 1.00946 11
0.82428 -0.62778 0.00491 0 -0.97500 45.02500 0.00290 1.06032 11
-0.89819 0.70274 0.00491 0 3.57500 41.32500 0.00290 1.08257 11
2.32024 -0.86917 0.00491 0 1.30000 29.72500 0.00290 1.13694 11
-2.06999 -0.05282 0.00491 0 3.30000 25.45000 0.00290 1.15336 11
1.30405 0.13365 0.00491 0 0.72500 19.02500 0.00290 1.17815 11
-1.12430 -0.03311 0.00491 0 3.92500 12.42500 0.00290 1.20695 11
0.18258 0.26720 0.00491 0 -0.27500 8.92500 0.00290 1.23062 11
1.40398 -1.17859 0.00491 0 0.62500 10.12500 0.00290 1.25003 11
-0.89996 0.76952 0.00491 0 -0.97500 12.45000 0.00290 1.26051 11
1.20922 -0.63824 0.00491 0 0.65000 16.22500 0.00290 1.28181 11
-49.99052 32.30756 0.00491 0 -1.35000 19.35000 0.00290 1.29662 11
-1.09117 0.93310 0.00491 0 -1.65000 19.65000 0.00290 1.29864 11
0.41658 -0.29509 0.00491 0 -0.42500 20.50000 0.00290 1.31032 11
-0.45490 0.77874 0.00491 0 -1.55000 19.65000 0.00290 1.32303 11
-0.20432 0.47908 0.00491 0 -1.35000 19.40000 0.00290 1.32724 11
3.99844 0.46358 0.00491 0 -0.70000 57.45000 0.00290 0.93204 11
-2.95594 -0.42817 0.00491 0 1.67500 45.80000 0.00290 0.97406 11
1.72038 -0.86601 0.00491 0 -1.95000 21.92500 0.00290 1.06589 11
-1.84034 1.14327 0.00491 0 -0.17500 18.92500 0.00290 1.07824 11
-0.37536 0.05390 0.00491 0 -3.95000 13.80000 0.00290 1.13549 11
0.63474 -0.27009 0.00491 0 -0.80000 16.12500 0.00290 1.15528 11
-1.39591 0.10563 0.00491 0 -3.50000 19.27500 0.00290 1.17355 11
1.24765 -0.32303 0.00491 0 -1.82500 24.20000 0.00290 1.19452 11
-0.07052 0.81339 0.00491 0 -4.05000 27.37500 0.00290 1.21039 11
0.42456 -0.42012 0.00491 0 7.80000 27.35000 0.00290 1.21309 11
-0.49535 -0.87983 0.00491 0 -1.97500 25.82500 0.00290 1.23125 11
1.68859 1.55261 0.00491 0 -2.40000 25.55000 0.00290 1.23313 11
-13.72268 -7.86546 0.00491 0 -2.10000 21.00000 0.00290 1.25373 11
-1.08047 -0.00328 0.00491 0 -0.77500 7.17500 0.00290 1.31461 11
2.16679 -1.26276 0.00491 0 -1.77500 6.10000 0.00290 1.32444 11
0.31475 -0.86524 0.00491 0 -1.07500 57.87500 0.00290 0.98223 11
-0.33200 0.73558 0.00491 0 3.75000 56.60000 0.00290 1.00139 11
0.17447 -0.56702 0.00491 0 -1.42500 53.15000 0.00290 1.04480 11
-0.22381 0.76809 0.00491 0 3.40000 52.25000 0.00290 1.06454 11
2.11778 -0.96077 0.00491 0 1.52500 41.37500 0.00290 1.11179 11
-3.41148 1.10783 0.00491 0 3.32500 37.27500 0.00290 1.12743 11
-0.63236 -0.25650 0.00491 0 3.72500 36.32500 0.00290 1.13164 11
0.51691 0.23568 0.00491 0 7.27500 39.32500 0.00290 1.15137 11
-0.82570 -0.19665 0.00491 0 4.12500 42.77500 0.00290 1.17126 11
0.76002 0.00323 0.00491 0 7.17500 46.40000 0.00290 1.19062 11
-0.60356 0.06981 0.00491 0 3.55000 48.40000 0.00290 1.21013 11
0.53267 -0.14610 0.00491 0 6.90000 51.22500 0.00290 1.23072 11
-0.44243 0.03175 0.00491 0 3.50000 53.12500 0.00290 1.24841 11
0.56073 0.03241 0.00491 0 6.70000 55.72500 0.00290 1.26934 11
-0.53125 0.13921 0.00491 0 3.77500 58.65000 0.00290 1.28888 11
0.56409 -0.09241 0.00491 0 6.72500 61.22500 0.00290 1.30823 11
-1.93889 -0.22272 0.00491 0 4.27500 64.52500 0.00290 1.32570 11
3.63694 -5.70517 0.00491 0 1.80000 17.12500 0.00290 1.14279 11
-1.25732 5.39381 0.00491 0 2.22500 16.92500 0.00290 1.14484 11
-0.95245 -1.96091 0.00491 0 -0.30000 19.95000 0.00290 1.18987 11
1.08841 1.41515 0.00491 0 2.22500 21.22500 0.00290 1.19986 11
-1.80940 -0.81011 0.00491 0 0.25000 30.05000 0.00290 1.23635 11
1.53581 0.75773 0.00491 0 2.47500 33.52500 0.00290 1.25111 11
20.80011 -10.95511 0.00491 0 -2.50000 60.40000 0.00290 0.93959 11
-0.46709 -0.50394 0.00692 0 2.10000 62.25000 0.00611 0.43757 -11
0.51504 0.78354 0.00692 0 1.45000 53.25000 0.00611 0.50812 -11
-0.61725 -1.06957 0.00692 0 3.42500 48.62500 0.00611 0.55056 -11
0.44988 0.57002 0.00692 0 1.47500 38.17500 0.00611 0.63385 -11
-0.50020 -1.07758 0.00692 0 3.92500 34.35000 0.00611 0.67524 -11
0.39161 0.87883 0.00692 0 0.85000 28.97500 0.00611 0.76337 -11
-0.48747 -1.23791 0.00692 0 3.65000 25.70000 0.00611 0.80061 -11
0.57854 1.26085 0.00692 0 0.10000 16.02500 0.00611 0.88333 -11
-1.20758 -3.19609 0.00692 0 5.45000 13.57500 0.00611 0.90884 -11
0.71590 0.99301 0.00692 0 -0.52500 2.75000 0.00611 0.99718 -11
-0.76111 -1.22096 0.00692 0 3.75000 -1.72500 0.00611 1.03062 -11
0.20259 0.81675 0.00692 0 0.35000 -6.52500 0.00611 1.10431 -11
-0.23674 -1.30712 0.00692 0 3.87500 -7.70000 0.00611 1.13753 -11
0.26627 1.35619 0.00692 0 -1.05000 -8.95000 0.00611 1.21092 -11
1.08923 3.22410 0.00692 0 8.30000 -9.52500 0.00611 1.22137 -11
-1.25576 -2.44855 0.00692 0 5.75000 -10.50000 0.00611 1.23057 -11
2.53587 6.40830 0.00692 0 -3.27500 -16.87500 0.00611 1.29510 -11
-1.68392 -4.43044 0.00692 0 -3.75000 -17.05000 0.00611 1.29768 -11
0.93361 3.28360 0.00692 0 -1.20000 -22.85000 0.00611 1.35184 -11
-0.43836 -2.22607 0.00692 0 -3.22500 -23.30000 0.00611 1.35883 -11
0.18348 9.66260 0.00692 0 -1.87500 -26.47500 0.00611 1.41373 -11
-1.50119 2.53757 0.00692 0 -2.82500 -26.32500 0.00611 1.41681 -11
5.46704 -6.25663 0.00692 0 -3.97500 -25.47500 0.00611 1.42189 -11
-2.02932 1.49783 0.00692 0 -3.70000 -22.55000 0.00611 1.43075 -11
-1.02828 1.64631 0.00692 0 7.72500 -18.50000 0.00611 1.45400 -11
0.30698 -0.81263 0.00692 0 6.20000 -17.62500 0.00611 1.46120 -11
0.18677 1.45799 0.00692 0 5.75000 -17.65000 0.00611 1.46324 -11
-0.37942 -2.17109 0.00692 0 4.82500 -17.77500 0.00611 1.46677 -11
-1.04741 0.39318 0.00692 0 5.87500 -17.20000 0.00611 1.47982 -11
0.57579 0.32441 0.00692 0 4.85000 -15.87500 0.00611 1.48920 -11
-5.06426 2.65770 0.00692 0 4.92500 -16.02500 0.00611 1.49039 -11
0.73707 -0.77937 0.00692 0 -2.40000 -26.40000 0.00611 1.41500 -11
0.48076 1.33923 0.00692 0 -3.90000 -26.70000 0.00611 1.42315 -11
-0.75925 -0.16199 0.00692 0 -3.40000 59.72500 0.00611 0.44262 -11
-0.02485 0.09134 0.00692 0 7.05000 48.40000 0.00611 0.51175 -11
0.39521 -0.80171 0.00692 0 7.10000 49.30000 0.00611 0.56902 -11
-0.37014 0.18066 0.00692 0 5.95000 57.05000 0.00611 0.64089 -11
0.21913 -0.53172 0.00692 0 6.25000 60.10000 0.00611 0.69841 -11
-0.55998 -0.40645 0.00692 0 -3.52500 60.55000 0.00611 0.44214 -11
0.70559 0.39060 0.00692 0 6.17500 48.70000 0.00611 0.52576 -11
-1.45063 -0.24711 0.00692 0 -1.82500 37.92500 0.00611 0.57668 -11
1.34145 0.27393 0.00692 0 5.00000 22.07500 0.00611 0.64406 -11
-1.31943 -0.05551 0.00692 0 -1.80000 8.70000 0.00611 0.70004 -11
1.33763 0.19311 0.00692 0 4.55000 -6.17500 0.00611 0.76366 -11
-1.06868 -0.41598 0.00692 0 -0.17500 -14.07500 0.00611 0.79831 -11
0.93320 0.30783 0.00692 0 7.00000 -25.47500 0.00611 0.86201 -11
-0.65818 -0.39869 0.00692 0 -1.02500 -31.87500 0.00611 0.90312 -11
0.61822 0.60218 0.00692 0 5.85000 -41.12500 0.00611 0.96459 -11
-0.61316 -0.73723 0.00692 0 -0.52500 -44.87500 0.00611 0.99262 -11
0.86146 0.92698 0.00692 0 5.40000 -53.20000 0.00611 1.06027 -11
-0.89357 -0.81095 0.00692 0 0.20000 -57.55000 0.00611 1.08496 -11
-0.62914 -0.39821 0.00692 0 -3.42500 60.67500 0.00611 0.44292 -11
0.81795 0.35939 0.00692 0 5.65000 45.32500 0.00611 0.52467 -11
-0.83125 -0.43709 0.00692 0 -3.57500 36.32500 0.00611 0.57464 -11
1.36856 0.42825 0.00692 0 3.80000 19.22500 0.00611 0.65284 -11
-1.30426 -0.47144 0.00692 0 -2.52500 8.70000 0.00611 0.69697 -11
1.00610 0.12681 0.00692 0 4.07500 -7.75000 0.00611 0.76840 -11
-1.05703 -0.85580 0.00692 0 7.42500 -16.62500 0.00611 0.81826 -11
1.04524 0.28860 0.00692 0 3.05000 -29.02500 0.00611 0.88399 -11
-1.74034 -1.35433 0.00692 0 8.32500 -38.02500 0.00611 0.92579 -11
-0.62476 -0.04544 0.00692 0 -4.07500 -38.75000 0.00611 0.92959 -11
0.15467 0.01225 0.00692 0 4.60000 -43.17500 0.00611 0.97845 -11
-0.22146 0.16805 0.00692 0 -3.50000 -45.02500 0.00611 1.02269 -11
0.21071 -0.49685 0.00692 0 3.02500 -46.75000 0.00611 1.05189 -11
-0.17865 0.81589 0.00692 0 -2.82500 -48.25000 0.00611 1.10583 -11
0.78788 -0.54519 0.00692 0 2.25000 -51.05000 0.00611 1.12875 -11
-0.50704 -0.42058 0.00692 0 -0.77500 61.07500 0.00611 0.44254 -11
0.83042 0.73503 0.00692 0 -2.27500 48.77500 0.00611 0.51937 -11
-1.40505 0.24094 0.00692 0 1.72500 37.62500 0.00611 0.57335 -11
0.37662 -0.31629 0.00692 0 5.27500 28.97500 0.00611 0.60765 -11
-0.13956 0.42556 0.00692 0 -0.50000 27.62500 0.00611 0.64735 -11
-0.06279 -0.32971 0.00692 0 5.02500 26.72500 0.00611 0.67162 -11
0.24033 0.54768 0.00692 0 0.07500 29.50000 0.00611 0.71075 -11
-0.08579 -0.54985 0.00692 0 4.52500 29.02500 0.00611 0.72907 -11
0.04170 0.97661 0.00692 0 0.67500 28.67500 0.00611 0.76495 -11
-0.23229 -1.34125 0.00692 0 3.22500 29.32500 0.00611 0.77465 -11
0.37612 2.15936 0.00692 0 0.72500 30.05000 0.00611 0.81390 -11
-0.90998 -1.43244 0.00692 0 3.10000 30.52500 0.00611 0.82268 -11
-0.38716 -0.36159 0.00692 0 -3.80000 62.77500 0.00611 0.43967 -11
0.27891 0.94288 0.00692 0 -4.45000 56.05000 0.00611 0.52213 -11
0.18349 0.45812 0.00692 0 7.17500 55.92500 0.00611 0.52429 -11
-0.14558 -0.27534 0.00692 0 -3.55000 52.80000 0.00611 0.57228 -11
0.06119 0.58816 0.00692 0 -3.82500 51.20000 0.00611 0.64430 -11
0.07096 0.28641 0.00692 0 7.82500 51.12500 0.00611 0.64714 -11
-0.20091 -0.32656 0.00692 0 -2.60000 49.05000 0.00611 0.69418 -11
0.95343 0.24599 0.00692 0 -3.35000 41.57500 0.00611 0.78223 -11
-2.21571 1.55179 0.00692 0 -3.77500 39.70000 0.00611 0.79252 -11
1.09821 -0.67217 0.00692 0 -3.50000 39.22500 0.00611 0.79577 -11
0.00269 0.50865 0.00497 0 -4.02500 44.77500 0.00494 0.76776 11
-0.00140 -0.06226 0.00497 0 7.82500 44.77500 0.00494 0.77028 11
0.25955 -0.71190 0.00497 0 3.25000 47.22500 0.00494 0.83292 11
-0.29835 0.95532 0.00497 0 -3.25000 49.32500 0.00494 0.85903 11
-1.50521 -0.28632 0.00497 0 8.32500 49.62500 0.00494 0.86288 11
0.81014 -0.22572 0.00497 0 1.75000 59.15000 0.00494 0.90867 11
-0.65560 -0.22002 0.00497 0 6.90000 64.32500 0.00494 0.94632 11
-0.64501 -0.34672 0.00692 0 0.45000 58.55000 0.00611 0.44872 -11
0.48999 0.22170 0.00692 0 -0.15000 49.17500 0.00611 0.51778 -11
-0.60801 -0.03339 0.00692 0 0.67500 40.72500 0.00611 0.58446 -11
0.66929 0.00811 0.00692 0 -1.32500 31.35000 0.00611 0.64108 -11
-0.69129 0.14650 0.00692 0 1.37500 18.60000 0.00611 0.71434 -11
0.65939 -0.24557 0.00692 0 -2.12500 11.07500 0.00611 0.75727 -11
-0.80846 0.30367 0.00692 0 1.05000 -0.70000 0.00611 0.83362 -11
0.86030 -0.26204 0.00692 0 -3.65000 -9.05000 0.00611 0.87464 -11
-0.80896 0.26486 0.00692 0 0.92500 -21.07500 0.00611 0.94299 -11
0.92385 -0.08268 0.00692 0 -4.27500 -29.05000 0.00611 0.98277 -11
1.09184 -0.27105 0.00692 0 7.85000 -29.70000 0.00611 0.98601 -11
-1.25895 0.32818 0.00692 0 2.50000 -42.12500 0.00611 1.04064 -11
2.34969 -0.39752 0.00692 0 -4.35000 -49.60000 0.00611 1.07342 -11
1.41588 -0.21415 0.00692 0 7.85000 -51.35000 0.00611 1.07972 -11
-2.33490 0.46791 0.00692 0 3.27500 -64.15000 0.00611 1.13138 -11
-0.59021 -0.32136 0.00692 0 -3.30000 60.30000 0.00611 0.44519 -11
0.35558 0.37470 0.00692 0 -3.67500 52.30000 0.00611 0.51521 -11
0.21353 0.41847 0.00692 0 8.17500 51.97500 0.00611 0.51839 -11
-0.23962 -0.71285 0.00692 0 -2.67500 49.32500 0.00611 0.56318 -11
0.12397 0.90952 0.00692 0 -4.37500 43.97500 0.00611 0.64403 -11
-0.00611 0.48095 0.00692 0 7.22500 43.92500 0.00611 0.64631 -11
0.06952 -0.43715 0.00692 0 -3.57500 44.25000 0.00611 0.69154 -11
-0.09438 0.41478 0.00692 0 6.57500 46.20000 0.00611 0.76457 -11
0.12362 -0.21186 0.00692 0 -3.82500 47.37500 0.00611 0.81081 -11
-0.19466 0.24425 0.00692 0 5.85000 48.90000 0.00611 0.87083 -11
0.14170 0.00491 0.00692 0 -2.52500 51.42500 0.00611 0.91237 -11
-0.10448 0.25479 0.00692 0 6.85000 53.12500 0.00611 0.96075 -11
-0.04980 -0.40138 0.00692 0 -0.77500 53.65000 0.00611 0.99480 -11
0.07297 0.42155 0.00692 0 7.00000 51.90000 0.00611 1.05562 -11
0.09963 -0.40062 0.00692 0 0.17500 52.42500 0.00611 1.08557 -11
0.03922 0.40857 0.00692 0 7.10000 51.87500 0.00611 1.13326 -11
0.21018 0.29226 0.00692 0 -1.05000 52.42500 0.00611 1.17439 -11
-0.07506 -0.48325 0.00692 0 5.30000 53.20000 0.00611 1.20303 -11
-0.23938 1.59796 0.00692 0 0.97500 52.60000 0.00611 1.25700 -11
-0.26289 -1.38560 0.00692 0 5.00000 52.52500 0.00611 1.27174 -11
-1.08918 0.82742 0.00692 0 3.80000 26.10000 0.00611 1.48087 -11
-0.62246 0.24335 0.00692 0 4.70000 25.40000 0.00611 1.48616 -11
0.55289 -0.14896 0.00692 0 2.50000 26.97500 0.00611 1.49885 -11
-0.42676 1.26231 0.00692 0 3.75000 30.40000 0.00611 1.51672 -11
0.68981 -2.81613 0.00692 0 2.90000 30.62500 0.00611 1.52016 -11
-0.26293 0.23481 0.00692 0 2.65000 30.75000 0.00611 1.52142 -11
0.09706 -0.11667 0.00692 0 1.82500 31.15000 0.00611 1.53274 -11
-0.72253 -1.38879 0.00692 0 8.37500 63.42500 0.00611 0.42867 -11
-0.39024 -0.27452 0.00692 0 -4.17500 63.05000 0.00611 0.43211 -11
0.13798 0.53567 0.00692 0 0.17500 60.40000 0.00611 0.47047 -11
-0.16017 -0.59204 0.00692 0 -4.45000 59.60000 0.00611 0.48976 -11
0.15418 0.44842 0.00692 0 -0.25000 57.60000 0.00611 0.52543 -11
-0.10616 -0.47814 0.00692 0 -4.47500 57.05000 0.00611 0.54307 -11
0.17075 0.67186 0.00692 0 -0.07500 56.27500 0.00611 0.57557 -11
-0.22951 -0.64103 0.00692 0 -4.02500 55.55000 0.00611 0.59186 -11
-0.06744 1.10225 0.00692 0 -0.67500 52.65000 0.00611 0.62728 -11
-0.11919 -1.17917 0.00692 0 -3.50000 52.52500 0.00611 0.63779 -11
-0.71479 1.13692 0.00692 0 -1.12500 50.90000 0.00611 0.67469 -11
0.95354 -1.28244 0.00692 0 -3.35000 52.50000 0.00611 0.68479 -11
-0.71712 1.16732 0.00692 0 -1.42500 57.37500 0.00611 0.72145 -11
0.29501 -0.41467 0.00692 0 -3.15000 60.17500 0.00611 0.75501 -11
0.02877 0.44757 0.00692 0 -0.92500 61.22500 0.00611 0.77458 -11
0.18441 -0.78616 0.00692 0 -3.05000 61.30000 0.00611 0.78384 -11
-4.35115 0.16077 0.00692 0 -2.95000 60.65000 0.00611 1.02406 -11
-0.04483 -0.96166 0.00692 0 1.55000 63.62500 0.00611 0.44478 -11
0.05264 1.04871 0.00692 0 -0.12500 64.10000 0.00611 0.53447 -11
-0.14917 -1.30167 0.00692 0 2.07500 63.22500 0.00611 0.57174 -11
-0.10841 1.25166 0.00692 0 -0.82500 62.92500 0.00611 0.66318 -11
0.18983 -1.55003 0.00692 0 2.30000 63.47500 0.00611 0.69602 -11
-0.64083 -0.39370 0.00692 0 3.57500 60.55000 0.00611 0.44005 -11
0.67206 0.26185 0.00692 0 1.85000 49.02500 0.00611 0.50716 -11
-0.86194 -0.73523 0.00692 0 4.52500 40.12500 0.00611 0.55868 -11
0.81339 0.34156 0.00692 0 2.37500 28.37500 0.00611 0.63353 -11
-0.65237 -0.86755 0.00692 0 4.57500 21.37500 0.00611 0.68213 -11
0.79099 0.25224 0.00692 0 2.60000 12.75000 0.00611 0.75547 -11
-1.19904 -1.18825 0.00692 0 6.95000 4.02500 0.00611 0.80051 -11
1.23724 0.52565 0.00692 0 1.97500 -10.57500 0.00611 0.87635 -11
-1.15512 -0.54571 0.00692 0 -4.17500 -18.40000 0.00611 0.91262 -11
1.15156 0.29107 0.00692 0 2.35000 -32.17500 0.00611 0.97635 -11
0.93246 0.45736 0.00692 0 8.35000 -37.75000 0.00611 1.01723 -11
-0.73965 -0.44066 0.00692 0 5.17500 60.50000 0.00611 0.44369 -11
1.00028 0.23405 0.00692 0 2.00000 45.52500 0.00611 0.51545 -11
-1.15681 -0.22519 0.00692 0 4.12500 30.85000 0.00611 0.58308 -11
0.66414 0.09204 0.00692 0 -1.52500 22.47500 0.00611 0.62671 -11
-0.64161 -0.15210 0.00692 0 3.85000 15.20000 0.00611 0.67029 -11
0.70540 0.31704 0.00692 0 -1.77500 9.15000 0.00611 0.70961 -11
-0.84157 -0.62930 0.00692 0 4.70000 4.20000 0.00611 0.73898 -11
0.70427 0.20459 0.00692 0 -1.10000 -0.77500 0.00611 0.78012 -11
-0.98777 -0.88704 0.00692 0 7.10000 -4.87500 0.00611 0.80409 -11
0.55439 -0.17188 0.00692 0 -0.10000 -9.62500 0.00611 0.83829 -11
-0.25508 -0.55405 0.00692 0 5.95000 -12.67500 0.00611 0.87010 -11
0.33950 0.19089 0.00692 0 -1.52500 -15.30000 0.00611 0.89945 -11
-0.41040 -0.94868 0.00692 0 6.72500 -16.62500 0.00611 0.91786 -11
-0.52966 1.21511 0.00692 0 -2.80000 -15.65000 0.00611 0.95079 -11
0.05552 0.91810 0.00692 0 -2.80000 -11.12500 0.00611 0.99143 -11
0.01457 1.41239 0.00692 0 7.85000 -11.40000 0.00611 0.99748 -11
-0.01348 -0.40540 0.00692 0 5.40000 -11.75000 0.00611 1.00825 -11
0.55962 0.56835 0.00692 0 7.62500 -12.72500 0.00611 1.02176 -11
-0.13922 -0.74471 0.00692 0 5.70000 -13.52500 0.00611 1.03106 -11
0.00723 0.97337 0.00692 0 7.12500 -12.97500 0.00611 1.04905 -11
-0.30988 -0.90593 0.00692 0 5.80000 -13.07500 0.00611 1.05454 -11
1.62841 2.54203 0.00692 0 5.57500 -20.42500 0.00611 1.09210 -11
-0.82849 -0.98586 0.00692 0 7.80000 61.27500 0.00611 0.43933 -11
0.66344 0.23651 0.00692 0 5.87500 49.20000 0.00611 0.51947 -11
-1.18718 -0.12882 0.00692 0 -3.35000 35.37500 0.00611 0.58455 -11
1.10345 -0.10253 0.00692 0 4.87500 22.77500 0.00611 0.64468 -11
-0.73457 -0.24416 0.00692 0 -2.12500 12.22500 0.00611 0.69450 -11
1.08803 0.42776 0.00692 0 5.25000 -1.35000 0.00611 0.75795 -11
-1.29239 -0.02383 0.00692 0 -2.35000 -12.45000 0.00611 0.80916 -11
1.56909 -0.24562 0.00692 0 3.00000 -24.20000 0.00611 0.85621 -11
-2.98599 0.98465 0.00692 0 -2.30000 -39.65000 0.00611 0.92082 -11
2.17571 -0.21463 0.00692 0 0.22500 -45.17500 0.00611 0.94152 -11
-2.33223 0.17771 0.00692 0 -2.77500 -58.32500 0.00611 0.98953 -11
-0.60631 -0.46088 0.00692 0 -1.12500 60.02500 0.00611 0.44417 -11
0.63596 0.51691 0.00692 0 -3.30000 48.05000 0.00611 0.52037 -11
0.57384 0.37963 0.00692 0 8.32500 47.45000 0.00611 0.52437 -11
-0.49036 -0.44315 0.00692 0 -0.75000 42.05000 0.00611 0.56700 -11
0.96603 0.86121 0.00692 0 -3.97500 30.10000 0.00611 0.64348 -11
0.91228 0.54175 0.00692 0 7.57500 29.50000 0.00611 0.64688 -11
-0.78989 -0.37731 0.00692 0 -1.25000 21.47500 0.00611 0.69132 -11
1.22836 -0.19490 0.00692 0 4.42500 10.87500 0.00611 0.74281 -11
-4.49487 1.27748 0.00692 0 0.30000 -4.97500 0.00611 0.80303 -11
2.53944 -2.30215 0.00692 0 0.57500 -5.70000 0.00611 0.80777 -11
-0.38616 1.71371 0.00692 0 -2.55000 -10.77500 0.00611 0.86212 -11
0.72202 -1.77268 0.00692 0 0.85000 -11.12500 0.00611 0.87433 -11
0.05370 1.96580 0.00692 0 -1.95000 -12.62500 0.00611 1.03494 -11
1.10356 -1.38136 0.00692 0 0.62500 -12.70000 0.00611 1.04403 -11
-0.40557 -0.46545 0.00692 0 -3.87500 63.12500 0.00611 0.43773 -11
0.34166 0.65137 0.00692 0 -4.00000 56.72500 0.00611 0.51410 -11
0.35205 0.33047 0.00692 0 7.67500 56.47500 0.00611 0.51685 -11
-0.54858 -0.66008 0.00692 0 -1.15000 51.62500 0.00611 0.55673 -11
0.78749 1.25406 0.00692 0 -4.47500 41.52500 0.00611 0.64254 -11
0.69951 0.72903 0.00692 0 7.07500 41.17500 0.00611 0.64507 -11
-0.68257 -0.69881 0.00692 0 -1.12500 35.85000 0.00611 0.68183 -11
1.06711 0.85244 0.00692 0 5.80000 19.82500 0.00611 0.76357 -11
-0.99682 -0.87350 0.00692 0 -0.75000 14.47500 0.00611 0.79397 -11
1.30353 1.10987 0.00692 0 5.85000 -1.35000 0.00611 0.87631 -11
-1.89345 -1.56543 0.00692 0 1.40000 -5.92500 0.00611 0.89848 -11
-0.76158 -0.48040 0.00692 0 5.10000 60.60000 0.00611 0.44201 -11
1.15087 -0.10742 0.00692 0 0.72500 50.65000 0.00611 0.49523 -11
-1.44758 -0.13361 0.00692 0 7.72500 16.60000 0.00611 0.62589 -11
-2.34495 1.01385 0.00692 0 -4.00000 15.30000 0.00611 0.63106 -11
1.15277 -0.71281 0.00692 0 0.47500 7.85000 0.00611 0.66208 -11
-0.84952 0.10004 0.00692 0 7.95000 -3.20000 0.00611 0.71584 -11
-1.46362 1.52770 0.00692 0 -3.45000 -4.07500 0.00611 0.72055 -11
0.71242 -1.19254 0.00692 0 0.60000 -6.52500 0.00611 0.73739 -11
-0.47798 0.61732 0.00692 0 -3.37500 -12.60000 0.00611 0.78226 -11
0.30096 -0.38432 0.00692 0 1.87500 -14.37500 0.00611 0.80514 -11
-0.62384 0.52247 0.00692 0 -2.37500 -18.95000 0.00611 0.84179 -11
0.46891 -0.54188 0.00692 0 2.07500 -21.50000 0.00611 0.86265 -11
0.24430 0.54555 0.00692 0 -2.20000 -20.62500 0.00611 0.89602 -11
0.20030 0.35008 0.00692 0 6.67500 -28.20000 0.00611 1.01773 -11
-2.86262 -1.68559 0.00692 0 6.67500 -28.20000 0.00611 1.01775 -11
-0.20666 -0.53398 0.00692 0 1.37500 62.77500 0.00611 0.44427 -11
-0.04510 0.35420 0.00692 0 1.50000 59.52500 0.00611 0.52233 -11
0.06178 -0.58718 0.00692 0 2.02500 62.85000 0.00611 0.57689 -11
0.16991 0.48789 0.00692 0 1.47500 60.37500 0.00611 0.64849 -11
-0.42290 -0.67699 0.00692 0 2.55000 57.02500 0.00611 0.69687 -11
0.70083 0.80931 0.00692 0 -1.05000 45.42500 0.00611 0.77143 -11
-0.76895 -1.11618 0.00692 0 3.25000 40.52500 0.00611 0.80575 -11
0.74259 1.31787 0.00692 0 -1.07500 32.47500 0.00611 0.88098 -11
48.69920 98.44804 0.00692 0 6.80000 30.65000 0.00611 0.90267 -11
0.44986 0.80083 0.00692 0 -1.25000 25.32500 0.00611 0.95702 -11
-0.39633 -1.16079 0.00692 0 5.15000 23.25000 0.00611 0.98024 -11
0.12384 0.23106 0.00692 0 -1.25000 17.22500 0.00611 1.02566 -11
0.34725 -0.07443 0.00692 0 3.65000 18.47500 0.00611 1.06332 -11
-0.16034 0.20567 0.00692 0 -2.77500 20.12500 0.00611 1.09164 -11
0.13433 -0.35506 0.00692 0 3.72500 21.00000 0.00611 1.11935 -11
-0.48216 0.28104 0.00692 0 -2.97500 22.85000 0.00611 1.14927 -11
0.47840 -0.57466 0.00692 0 4.15000 25.90000 0.00611 1.17573 -11
-0.81184 0.82564 0.00692 0 -4.20000 31.12500 0.00611 1.21393 -11
-1.01880 0.42385 0.00692 0 7.32500 31.65000 0.00611 1.21709 -11
1.20456 -0.61440 0.00692 0 4.50000 35.32500 0.00611 1.23451 -11
-0.71568 0.03129 0.00692 0 -4.27500 39.62500 0.00611 1.25738 -11
-0.10593 -0.72744 0.00692 0 7.70000 40.05000 0.00611 1.26026 -11
0.06711 1.07446 0.00692 0 6.20000 40.12500 0.00611 1.27787 -11
-0.73458 0.36506 0.00692 0 -3.95000 40.87500 0.00611 1.28750 -11
0.59857 0.30219 0.00692 0 1.10000 -9.67500 0.00611 1.20133 -11
-0.62185 -0.15047 0.00692 0 1.10000 -9.70000 0.00611 1.20135 -11
-0.90323 -0.49049 0.00692 0 5.37500 60.67500 0.00611 0.43944 -11
0.89136 0.09467 0.00692 0 3.37500 48.32500 0.00611 0.51166 -11
-0.98696 -0.54666 0.00692 0 6.60000 36.42500 0.00611 0.57095 -11
1.00849 0.17313 0.00692 0 3.12500 22.77500 0.00611 0.63817 -11
-1.33366 -0.66970 0.00692 0 8.42500 11.37500 0.00611 0.68877 -11
-1.20366 0.55279 0.00692 0 -3.45000 10.32500 0.00611 0.69364 -11
0.94729 -0.39904 0.00692 0 3.17500 2.15000 0.00611 0.73258 -11
-0.66777 -0.26377 0.00692 0 7.57500 -8.37500 0.00611 0.79333 -11
-0.72620 0.34578 0.00692 0 -4.42500 -8.75000 0.00611 0.79578 -11
0.82062 -0.47521 0.00692 0 2.80000 -15.62500 0.00611 0.83466 -11
-1.24407 -0.26335 0.00692 0 7.85000 -25.52500 0.00611 0.89140 -11
-3.18280 0.91951 0.00692 0 -3.90000 -27.17500 0.00611 0.89779 -11
1.17661 -0.20109 0.00692 0 1.47500 -35.57500 0.00611 0.93483 -11
-0.57928 -0.19176 0.00692 0 -4.02500 -43.47500 0.00611 0.97512 -11
0.84526 0.72158 0.00692 0 1.77500 -51.22500 0.00611 1.02041 -11
-0.77463 -0.76704 0.00692 0 -3.07500 -54.90000 0.00611 1.04296 -11
0.48565 0.89531 0.00692 0 1.90000 -60.22500 0.00611 1.09940 -11
-0.36058 -0.82226 0.00692 0 -3.10000 -62.00000 0.00611 1.11954 -11
0.07221 0.67210 0.00692 0 2.30000 -62.65000 0.00611 1.16962 -11
0.01201 -0.65408 0.00692 0 -3.02500 -62.57500 0.00611 1.19065 -11
0.23042 0.77207 0.00692 0 2.50000 -61.75000 0.00611 1.23539 -11
-0.24686 -0.70087 0.00692 0 -2.27500 -63.15000 0.00611 1.25459 -11
-0.48019 -0.19024 0.00692 0 -0.20000 60.72500 0.00611 0.44493 -11
0.30931 0.21574 0.00692 0 -0.35000 53.05000 0.00611 0.51245 -11
-0.35585 -0.21229 0.00692 0 -0.67500 46.25000 0.00611 0.58340 -11
0.17039 0.27869 0.00692 0 -0.72500 42.22500 0.00611 0.64829 -11
-0.44893 -0.30936 0.00692 0 0.22500 37.25000 0.00611 0.70501 -11
0.36239 0.51259 0.00692 0 -1.27500 30.25000 0.00611 0.77389 -11
-0.24410 -0.86811 0.00692 0 5.37500 28.22500 0.00611 0.79960 -11
0.45619 0.15430 0.00692 0 0.10000 24.92500 0.00611 0.84672 -11
-0.31506 -0.55095 0.00692 0 5.47500 21.90000 0.00611 0.88083 -11
0.02592 0.04543 0.00692 0 0.07500 18.60000 0.00611 0.91935 -11
-0.54532 -0.76893 0.00692 0 6.20000 16.90000 0.00611 0.94882 -11
0.42949 0.16080 0.00692 0 -0.10000 13.00000 0.00611 0.98636 -11
-0.49157 -0.87334 0.00692 0 6.85000 10.05000 0.00611 1.01145 -11
0.50820 0.02718 0.00692 0 -0.00000 6.60000 0.00611 1.04470 -11
-0.28908 -0.50626 0.00692 0 6.65000 3.80000 0.00611 1.07510 -11
0.11334 -0.17929 0.00692 0 -0.67500 3.60000 0.00611 1.09760 -11
-0.22812 -0.29215 0.00692 0 6.57500 2.37500 0.00611 1.12546 -11
0.04970 -0.00321 0.00692 0 -0.97500 1.75000 0.00611 1.14838 -11
0.03548 -0.08122 0.00692 0 6.02500 1.87500 0.00611 1.17702 -11
-0.27855 -0.73053 0.00692 0 -2.02500 2.87500 0.00611 1.19640 -11
-0.40345 -0.27947 0.00692 0 7.80000 3.25000 0.00611 1.21813 -11
0.43586 0.73538 0.00692 0 -4.12500 3.37500 0.00611 1.22080 -11
-1.36217 -0.92969 0.00692 0 -1.70000 4.15000 0.00611 1.23150 -11
2.92072 2.67652 0.00692 0 -2.67500 8.80000 0.00611 1.25464 -11
-2.12961 -4.77519 0.00692 0 -2.45000 8.95000 0.00611 1.25558 -11
-0.51957 -0.39212 0.00692 0 -3.50000 62.00000 0.00611 0.44007 -11
0.39367 0.60569 0.00692 0 6.72500 52.77500 0.00611 0.52770 -11
-0.45078 -0.69332 0.00692 0 -1.35000 48.77500 0.00611 0.56307 -11
0.78948 0.91233 0.00692 0 6.97500 40.20000 0.00611 0.64401 -11
-0.78921 -0.89100 0.00692 0 0.12500 35.70000 0.00611 0.67401 -11
0.45210 1.32318 0.00692 0 6.27500 24.12500 0.00611 0.75786 -11
-0.37651 -1.39584 0.00692 0 0.25000 22.77500 0.00611 0.77994 -11
0.64888 1.52383 0.00692 0 6.47500 18.12500 0.00611 0.86302 -11
-1.04920 -1.29617 0.00692 0 1.95000 15.60000 0.00611 0.88118 -11
1.57003 1.54611 0.00692 0 6.52500 -0.30000 0.00611 0.95809 -11
-1.78805 -1.72332 0.00692 0 2.85000 -3.95000 0.00611 0.97600 -11
1.62331 2.00969 0.00692 0 -4.27500 -16.10000 0.00611 1.04146 -11
1.18548 1.50078 0.00692 0 6.90000 -16.67500 0.00611 1.04510 -11
-1.07288 -1.44246 0.00692 0 3.12500 -19.32500 0.00611 1.06125 -11
1.92551 2.01727 0.00692 0 6.70000 -30.30000 0.00611 1.12660 -11
-4.31605 -4.69262 0.00692 0 4.72500 -32.05000 0.00611 1.13571 -11
-0.40220 -0.27710 0.00692 0 -1.10000 61.45000 0.00611 0.44630 -11
0.32987 0.46574 0.00692 0 -1.32500 53.75000 0.00611 0.51608 -11
-0.33527 -0.53682 0.00692 0 -1.80000 51.05000 0.00611 0.57322 -11
0.33066 0.68767 0.00692 0 -3.02500 44.20000 0.00611 0.64657 -11
0.28578 0.48152 0.00692 0 8.35000 43.90000 0.00611 0.65071 -11
-0.15383 -0.62363 0.00692 0 -2.75000 41.12500 0.00611 0.69697 -11
0.12837 0.64856 0.00692 0 5.85000 39.92500 0.00611 0.78022 -11
-0.03584 -0.50256 0.00692 0 -2.30000 39.07500 0.00611 0.81398 -11
0.03242 0.56981 0.00692 0 6.37500 37.75000 0.00611 0.88353 -11
0.01209 -0.70628 0.00692 0 -1.67500 37.60000 0.00611 0.91520 -11
-0.08698 0.92631 0.00692 0 5.77500 40.35000 0.00611 0.98821 -11
0.12523 -0.92569 0.00692 0 -1.30000 40.92500 0.00611 1.01498 -11
-0.36061 0.73914 0.00692 0 5.55000 46.00000 0.00611 1.08752 -11
0.39851 -0.67714 0.00692 0 -1.70000 48.37500 0.00611 1.11706 -11
-0.35279 0.61778 0.00692 0 4.95000 55.05000 0.00611 1.18560 -11
0.25225 -0.58360 0.00692 0 -2.37500 57.35000 0.00611 1.21585 -11
-0.28622 0.50439 0.00692 0 4.97500 61.90000 0.00611 1.27811 -11
0.66550 -0.14266 0.00692 0 -1.40000 64.87500 0.00611 1.30854 -11
-0.47372 -0.58857 0.00692 0 -0.90000 62.10000 0.00611 0.43936 -11
0.96331 1.54796 0.00692 0 6.47500 47.32500 0.00611 0.53942 -11
-0.79640 -1.55231 0.00692 0 0.40000 44.22500 0.00611 0.56326 -11
0.72364 2.72326 0.00692 0 -4.27500 36.02500 0.00611 0.66379 -11
0.44459 2.11045 0.00692 0 6.65000 35.70000 0.00611 0.66776 -11
-0.34041 -2.21199 0.00692 0 2.17500 35.10000 0.00611 0.68333 -11
0.21826 2.49637 0.00692 0 -3.82500 29.32500 0.00611 0.78204 -11
0.00808 1.60563 0.00692 0 7.10000 29.30000 0.00611 0.78608 -11
-0.18009 -1.50433 0.00692 0 1.37500 29.02500 0.00611 0.80629 -11
-0.21916 1.22121 0.00692 0 -2.07500 30.20000 0.00611 0.88593 -11
-0.21380 1.04562 0.00692 0 8.32500 30.52500 0.00611 0.89270 -11
0.20068 -1.01317 0.00692 0 1.47500 31.65000 0.00611 0.91827 -11
-0.24393 1.04998 0.00692 0 -1.70000 36.05000 0.00611 0.98713 -11
0.32879 -1.01277 0.00692 0 2.10000 38.12500 0.00611 1.02007 -11
-0.33335 0.79212 0.00692 0 -1.75000 40.82500 0.00611 1.08841 -11
0.17431 -0.76646 0.00692 0 1.92500 43.25000 0.00611 1.12335 -11
-0.07682 0.82753 0.00692 0 -1.60000 42.50000 0.00611 1.18565 -11
0.04229 -0.86168 0.00692 0 2.25000 42.97500 0.00611 1.21845 -11
-0.19317 0.66488 0.00692 0 -1.35000 44.57500 0.00611 1.27668 -11
0.11563 -0.81125 0.00692 0 2.62500 45.60000 0.00611 1.30971 -11
0.06518 1.56367 0.00692 0 -2.30000 46.92500 0.00611 1.37351 -11
0.52915 2.64535 0.00692 0 7.72500 46.67500 0.00611 1.38114 -11
-0.29366 -3.42774 0.00692 0 5.12500 46.50000 0.00611 1.39005 -11
-0.47412 2.46093 0.00692 0 -2.95000 46.62500 0.00611 1.45898 -11
-0.75967 0.62138 0.00692 0 -2.97500 57.80000 0.00611 1.51599 -11
-0.57662 0.57698 0.00692 0 8.35000 58.47500 0.00611 1.52080 -11
0.55354 -0.56377 0.00692 0 3.65000 61.17500 0.00611 1.54194 -11
-0.56452 -0.90613 0.00692 0 5.55000 62.75000 0.00611 0.43462 -11
0.46315 0.47941 0.00692 0 4.20000 52.80000 0.00611 0.51893 -11
-0.01151 -1.52929 0.00692 0 6.30000 50.35000 0.00611 0.56046 -11
-0.13551 0.79764 0.00692 0 3.37500 53.22500 0.00611 0.64982 -11
0.64263 -1.42880 0.00692 0 6.52500 55.90000 0.00611 0.68608 -11
-0.49506 0.42865 0.00692 0 2.25000 64.42500 0.00611 0.75662 -11
3.26645 -2.39724 0.02234 0 -2.82500 41.95000 0.02213 2.51206 11
0.08900 0.05799 0.02234 0 -2.27500 41.97500 0.02213 2.51800 11
-0.58508 -1.11218 0.02234 0 -4.17500 45.50000 0.02213 1.60565 11
0.58120 0.91718 0.02234 0 6.62500 39.70000 0.02213 1.65464 11
1.09381 2.90241 0.02234 0 -4.25000 -5.97500 0.02213 2.03785 11
0.59396 0.97595 0.02234 0 6.90000 -6.32500 0.02213 2.04114 11
-2.47136 -4.96236 0.02234 0 4.50000 -48.22500 0.02213 2.37942 11
9.10382 13.72683 0.02234 0 -2.07500 -51.57500 0.02213 2.40484 11
1.09748 1.25888 0.02234 0 7.30000 -53.40000 0.02213 2.41489 11
0.51581 -1.37594 0.00251 0 -1.90000 64.02500 0.00186 0.99245 11
-0.95873 1.60314 0.00251 0 0.02500 63.15000 0.00186 1.00022 11
-3.75633 4.48082 0.00251 0 -0.05000 56.72500 0.00186 1.03440 11
2.85980 1.42808 0.00251 0 -0.55000 51.07500 0.00186 1.06077 11
-10.01224 -6.68203 0.00251 0 -0.00000 29.87500 0.00186 1.14973 11
4.59342 3.13209 0.00251 0 -0.17500 29.65000 0.00186 1.15077 11
-1.48982 -0.46582 0.00251 0 0.82500 16.07500 0.00186 1.20406 11
0.36259 0.18866 0.00251 0 -0.12500 9.10000 0.00186 1.23762 11
-0.24720 0.04171 0.00251 0 1.45000 6.42500 0.00186 1.26657 11
1.00483 -0.27065 0.00251 0 -0.02500 6.55000 0.00186 1.27528 11
-1.14807 0.84686 0.00251 0 1.02500 5.95000 0.00186 1.28088 11
-48.88470 237.03490 0.00251 0 0.30000 5.42500 0.00186 1.28776 11
-1.54112 -2.34845 0.00251 0 -3.35000 -41.27500 0.00186 1.68745 11
-0.08725 0.44483 0.00251 0 -3.85000 -39.70000 0.00186 1.70516 11
0.51423 -0.36500 0.00251 0 -2.67500 -38.72500 0.00186 1.71570 11
-0.05299 0.00252 0.00251 0 -3.45000 -37.02500 0.00186 1.72634 11
0.10486 -0.20730 0.00251 0 -2.70000 -37.57500 0.00186 1.73434 11
0.79591 -0.36662 0.00251 0 -0.67500 16.70000 0.00186 1.22095 11
-0.64274 0.40604 0.00251 0 1.85000 14.47500 0.00186 1.23429 11
-3.56006 1.99452 0.00251 0 -0.87500 11.97500 0.00186 1.25292 11
1.98391 3.38175 0.00251 0 -0.17500 10.92500 0.00186 1.25844 11
1.45499 0.70569 0.00251 0 -1.25000 9.92500 0.00186 1.27689 11
-0.50490 -0.82906 0.00251 0 -0.50000 8.67500 0.00186 1.28815 11
0.57981 -0.14902 0.00793 0 6.12500 63.20000 0.00137 0.20952 11
-3.63830 -0.60180 0.02063 0 -2.27500 51.47500 0.00494 1.35753 11
-1.48369 -0.31846 0.02063 0 -2.30000 51.25000 0.00494 1.35781 11
0.51326 0.82482 0.02063 0 -2.77500 49.80000 0.00494 1.36342 11
-2.84453 -4.25178 0.02063 0 -0.45000 43.52500 0.00494 1.40158 11
-2.67885 2.60125 0.02063 0 -0.97500 43.52500 0.00494 1.40365 11
0.13846 -0.19383 0.02063 0 2.25000 62.25000 0.00494 1.34449 11
-0.05978 -0.00022 0.02063 0 -3.47500 61.85000 0.00494 1.37919 11
-0.08991 0.15313 0.02063 0 3.42500 62.50000 0.00494 1.40235 11
0.03875 -0.37531 0.02063 0 7.97500 63.12500 0.00494 1.43305 11
-0.02125 -0.32257 0.02063 0 -4.27500 63.15000 0.00494 1.43568 11
0.20987 0.24271 0.02063 0 3.50000 61.87500 0.00494 1.45411 11
-0.96317 -0.47282 0.02063 0 7.32500 59.27500 0.00494 1.48441 11
0.99242 0.11459 0.02063 0 5.00000 56.05000 0.00494 1.49941 11
-0.90987 0.02089 0.02063 0 7.52500 51.97500 0.00494 1.51923 11
0.41071 -0.18904 0.02063 0 4.70000 48.62500 0.00494 1.53960 11
-0.46467 0.28644 0.02063 0 7.65000 46.95000 0.00494 1.55487 11
-0.58663 0.34443 0.02063 0 -4.12500 46.52500 0.00494 1.55783 11
2.04736 -2.39108 0.02063 0 5.77500 42.80000 0.00494 1.58085 11
-3.51977 3.14948 0.02063 0 6.57500 42.05000 0.00494 1.58469 11
0.37846 -0.07599 0.02063 0 4.67500 39.25000 0.00494 1.60298 11
-0.41964 0.10526 0.02063 0 6.95000 38.52500 0.00494 1.61539 11
0.53450 -0.13319 0.02063 0 5.57500 36.05000 0.00494 1.63048 11
-0.40217 0.50049 0.02063 0 7.10000 35.07500 0.00494 1.63911 11
-0.44155 -0.56220 0.02063 0 6.07500 34.65000 0.00494 1.65421 11
0.31393 0.54862 0.02063 0 7.32500 35.05000 0.00494 1.66092 11
