-0.26006 -0.41198 0.00877 0 -0.87500 53.45000 0.00766 1.07823 11
-0.00746 0.15425 0.00877 0 5.82500 52.90000 0.00766 1.10120 11
0.21479 -0.73060 0.00877 0 -2.12500 55.45000 0.00766 1.14026 11
-0.36583 -0.05778 0.00877 0 6.07500 56.02500 0.00766 1.15520 11
0.47663 -0.69645 0.00877 0 -2.00000 59.05000 0.00766 1.18674 11
-0.12537 0.24832 0.00877 0 5.52500 60.52500 0.00766 1.20701 11
-0.82836 0.24629 0.00152 0 0.25000 44.50000 0.00126 0.76617 11
0.73732 -0.34036 0.00152 0 2.00000 47.52500 0.00126 0.78172 11
-0.07046 0.99270 0.00152 0 0.07500 47.65000 0.00126 0.78996 11
-1.87940 -1.04197 0.00152 0 1.20000 47.40000 0.00126 0.80803 11
-25.56886 3.89564 0.00152 0 1.62500 45.40000 0.00126 0.82100 11
-2.12901 -0.42699 0.00152 0 2.55000 43.27500 0.00126 0.83084 11
3.11815 -0.64602 0.00152 0 2.97500 42.02500 0.00126 0.83530 11
25.21376 -12.81183 0.00152 0 3.65000 40.57500 0.00126 0.84553 11
-1.30198 -0.07840 0.00152 0 3.95000 39.87500 0.00126 0.84890 11
0.34316 0.25427 0.00877 0 1.02500 -57.70000 0.00766 0.07978 11
-0.36918 -0.27549 0.00877 0 -1.27500 -49.50000 0.00766 0.15903 11
0.47001 0.34834 0.00877 0 0.90000 -41.85000 0.00766 0.23333 11
-0.63847 -0.44944 0.00877 0 0.50000 -28.85000 0.00766 0.32045 11
0.52790 0.66656 0.00877 0 -1.95000 -22.60000 0.00766 0.36778 11
-1.94592 -1.10635 0.00877 0 2.37500 -1.52500 0.00766 0.46263 11
1.88576 0.98181 0.00877 0 7.77500 6.60000 0.00766 0.49625 11
2.05560 1.19975 0.00877 0 -3.15000 8.40000 0.00766 0.50394 11
-3.23209 -2.08606 0.00877 0 4.32500 33.92500 0.00766 0.60690 11
5.59063 3.17792 0.00877 0 7.15000 38.07500 0.00766 0.62391 11
2.71523 1.16567 0.00877 0 -1.55000 44.55000 0.00766 0.64858 11
-1.23039 0.06691 0.00877 0 3.80000 57.22500 0.00766 0.70257 11
0.46898 -0.03756 0.00877 0 4.77500 -55.52500 0.00766 0.06978 11
-0.53858 -0.14678 0.00877 0 3.32500 -46.02500 0.00766 0.14517 11
0.58221 -0.14319 0.00877 0 3.95000 -34.00000 0.00766 0.23028 11
-0.60196 0.00571 0.00877 0 3.57500 -24.47500 0.00766 0.29674 11
-0.06242 -0.97663 0.00877 0 6.20000 18.95000 0.00766 0.52748 11
0.46518 0.64409 0.00877 0 4.32500 18.12500 0.00766 0.53613 11
-0.54330 -0.58776 0.00877 0 5.87500 16.42500 0.00766 0.55276 11
-4.34382 13.57428 0.00877 0 5.57500 16.20000 0.00766 0.55447 11
-0.08272 3.30724 0.00877 0 5.35000 57.40000 0.00766 1.05225 11
0.10630 -0.42664 0.00877 0 6.10000 56.45000 0.00766 1.06570 11
-7.71203 -3.91204 0.00877 0 6.37500 57.12500 0.00766 1.06982 11
1.76036 -0.13328 0.00877 0 6.80000 58.17500 0.00766 1.07967 11
0.52583 0.06873 0.00877 0 6.82500 61.17500 0.00766 1.12197 11
60.25527 -137.72353 0.00877 0 6.77500 60.05000 0.00766 1.10258 11
0.36081 0.21643 0.00877 0 4.62500 -61.92500 0.00766 0.07355 11
-0.29013 -0.50662 0.00877 0 2.72500 -52.75000 0.00766 0.16275 11
0.25020 0.30548 0.00877 0 4.95000 -48.20000 0.00766 0.23057 11
-0.20174 -0.73800 0.00877 0 3.60000 -42.15000 0.00766 0.32219 11
0.17890 0.29398 0.00877 0 3.95000 -38.20000 0.00766 0.37900 11
-0.32026 -0.45750 0.00877 0 2.67500 -34.15000 0.00766 0.45754 11
0.36404 0.30785 0.00877 0 2.87500 -28.12500 0.00766 0.51896 11
-0.65584 -1.10581 0.00877 0 6.10000 -20.77500 0.00766 0.58426 11
2.59902 -0.97866 0.00877 0 -3.10000 -14.82500 0.00766 0.61559 11
-1.28488 0.16152 0.00877 0 6.95000 -8.77500 0.00766 0.63752 11
1.77575 -0.92873 0.00877 0 -2.02500 2.15000 0.00766 0.68504 11
-0.93754 -0.54114 0.00877 0 5.77500 8.67500 0.00766 0.71454 11
0.77432 0.03707 0.00877 0 -1.65000 14.32500 0.00766 0.74422 11
-0.81434 -0.30606 0.00877 0 6.17500 20.62500 0.00766 0.77497 11
0.48833 -0.15865 0.00877 0 -1.17500 25.45000 0.00766 0.80699 11
-0.10226 -0.23683 0.00877 0 5.80000 27.97500 0.00766 0.83331 11
-0.06504 -0.50318 0.00877 0 -2.02500 28.00000 0.00766 0.86276 11
-0.15599 0.27183 0.00877 0 6.27500 29.30000 0.00766 0.87836 11
-0.10284 -1.07538 0.00877 0 -2.42500 28.77500 0.00766 0.91569 11
-0.64263 0.43437 0.00877 0 5.77500 28.75000 0.00766 0.93116 11
0.41613 -0.56364 0.00877 0 7.50000 30.97500 0.00766 0.95262 11
-0.14566 -0.24933 0.00877 0 5.10000 31.75000 0.00766 0.96445 11
0.16291 0.31351 0.00877 0 7.35000 31.92500 0.00766 0.97527 11
-1.01436 -0.73389 0.00877 0 6.20000 35.10000 0.00766 0.99028 11
0.81124 0.48403 0.00877 0 7.60000 36.50000 0.00766 0.99874 11
-0.00241 0.33505 0.00877 0 -4.12500 36.70000 0.00766 1.00168 11
-0.27019 -0.13576 0.00877 0 -3.70000 36.72500 0.00766 1.00433 11
-12.04000 -0.52094 0.00877 0 -3.10000 35.10000 0.00766 1.01384 11
-1.31749 0.23837 0.00877 0 -2.57500 34.20000 0.00766 1.02038 11
-0.61887 -0.18180 0.00877 0 2.17500 -54.65000 0.00766 0.00202 11
0.46853 -0.00311 0.00877 0 3.87500 -41.87500 0.00766 0.08955 11
-0.40984 -0.11849 0.00877 0 1.52500 -33.92500 0.00766 0.16405 11
0.41439 -0.02927 0.00877 0 3.42500 -24.40000 0.00766 0.24895 11
-0.28298 -0.12342 0.00877 0 1.32500 -18.20000 0.00766 0.31938 11
0.20326 -0.03014 0.00877 0 3.42500 -13.17500 0.00766 0.40020 11
-0.05244 -0.05439 0.00877 0 1.50000 -10.47500 0.00766 0.46548 11
-0.12927 -0.06983 0.00877 0 3.40000 -11.90000 0.00766 0.55247 11
0.13590 -0.05293 0.00877 0 1.90000 -14.60000 0.00766 0.61461 11
-0.28486 -0.04409 0.00877 0 3.00000 -18.95000 0.00766 0.69376 11
0.37079 -0.12713 0.00877 0 1.92500 -25.10000 0.00766 0.75928 11
-0.31374 0.05012 0.00877 0 2.30000 -31.77500 0.00766 0.83030 11
0.43757 -0.20927 0.00877 0 2.60000 -39.25000 0.00766 0.89220 11
-0.47818 0.01849 0.00877 0 1.40000 -48.82500 0.00766 0.95960 11
0.84765 -0.24420 0.00877 0 3.57500 -60.05000 0.00766 1.02181 11
-0.68887 -0.49764 0.00877 0 5.35000 -58.47500 0.00766 0.00135 11
0.15292 0.26033 0.00877 0 -2.70000 -54.62500 0.00766 0.09168 11
-0.34427 -0.00034 0.00877 0 -4.40000 -47.75000 0.00766 0.15998 11
-0.38439 -0.46048 0.00877 0 7.77500 -47.52500 0.00766 0.16239 11
0.48243 0.10929 0.00877 0 -3.25000 -38.07500 0.00766 0.24595 11
-0.45904 -0.01529 0.00877 0 -3.92500 -28.90000 0.00766 0.31555 11
-0.41954 -0.53179 0.00877 0 8.32500 -28.50000 0.00766 0.31886 11
0.37337 0.07192 0.00877 0 -3.27500 -21.07500 0.00766 0.39294 11
-0.21735 0.28479 0.00877 0 -2.87500 -17.82500 0.00766 0.44134 11
0.13569 -0.02436 0.00877 0 -2.70000 -14.07500 0.00766 0.52145 11
-0.24278 0.08060 0.00877 0 -3.05000 -10.92500 0.00766 0.57889 11
0.16529 0.17214 0.00877 0 -2.97500 -4.65000 0.00766 0.65235 11
-0.11683 -0.05848 0.00877 0 -3.17500 -2.07500 0.00766 0.71295 11
0.40635 0.21649 0.00877 0 -2.70000 0.27500 0.00766 0.78168 11
-0.28668 -0.03500 0.00877 0 -1.67500 6.07500 0.00766 0.83982 11
0.10923 0.17333 0.00877 0 -2.40000 10.07500 0.00766 0.90400 11
-0.30593 -0.06221 0.00877 0 -1.20000 13.12500 0.00766 0.95629 11
0.02093 0.35466 0.00877 0 -2.87500 15.97500 0.00766 1.00931 11
-0.55796 -0.32910 0.00877 0 -1.17500 15.77500 0.00766 1.06722 11
0.45097 0.00541 0.00877 0 7.35000 22.57500 0.00766 1.11445 11
-0.35021 -0.08485 0.00877 0 -1.72500 28.12500 0.00766 1.16624 11
0.45122 0.13868 0.00877 0 7.32500 32.95000 0.00766 1.21416 11
-0.57275 -0.16465 0.00877 0 -0.25000 41.25000 0.00766 1.26813 11
0.56525 0.04869 0.00877 0 7.87500 47.22500 0.00766 1.31285 11
0.66425 0.07966 0.00877 0 -4.12500 47.67500 0.00766 1.31574 11
-0.66081 -0.19946 0.00877 0 0.75000 54.40000 0.00766 1.35744 11
0.70485 0.19374 0.00877 0 8.07500 59.92500 0.00766 1.39616 11
0.68168 0.25729 0.00877 0 -3.75000 60.45000 0.00766 1.39952 11
1.80278 -0.27515 0.00877 0 0.72500 -61.52500 0.00766 -0.07078 11
-2.22387 -0.17084 0.00877 0 5.32500 -42.62500 0.00766 0.00120 11
3.49156 -1.03640 0.00877 0 -2.40000 -8.12500 0.00766 0.12253 11
-1.44733 0.35084 0.00877 0 4.82500 0.22500 0.00766 0.15504 11
1.27582 -0.64681 0.00877 0 -0.00000 22.30000 0.00766 0.25246 11
-0.79759 0.32599 0.00877 0 5.02500 29.50000 0.00766 0.28785 11
1.24828 -1.55746 0.00877 0 -0.30000 46.97500 0.00766 0.39577 11
-0.90177 0.43021 0.00877 0 6.27500 51.15000 0.00766 0.41990 11
-0.26066 -0.20707 0.00877 0 1.57500 -63.90000 0.00766 0.14708 11
0.15416 0.05901 0.00877 0 3.82500 -57.82500 0.00766 0.22791 11
-0.03163 -0.22101 0.00877 0 1.35000 -56.57500 0.00766 0.30041 11
0.09425 0.03996 0.00877 0 3.25000 -54.30000 0.00766 0.37447 11
-0.13396 -0.15799 0.00877 0 2.05000 -51.32500 0.00766 0.44174 11
0.15712 0.07946 0.00877 0 3.75000 -48.35000 0.00766 0.51835 11
-0.48109 -0.13960 0.00877 0 3.50000 -42.02500 0.00766 0.57853 11
0.35875 0.26470 0.00877 0 2.60000 -35.65000 0.00766 0.63815 11
-2.44737 -2.76403 0.00877 0 3.05000 -27.57500 0.00766 0.71429 11
2.39743 2.44260 0.00877 0 6.60000 -24.32500 0.00766 0.73053 11
3.34155 3.01904 0.00877 0 -3.12500 -22.15000 0.00766 0.74134 11
-1.84361 -1.24032 0.00877 0 3.55000 -2.80000 0.00766 0.83136 11
2.03393 1.47895 0.00877 0 7.75000 2.02500 0.00766 0.85347 11
1.84468 1.34400 0.00877 0 -2.62500 4.10000 0.00766 0.86293 11
2.20268 1.57909 0.00877 0 -4.20000 24.85000 0.00766 0.95774 11
3.33855 2.24081 0.00877 0 -4.32500 41.75000 0.00766 1.03189 11
-1.18415 -0.78125 0.00877 0 3.22500 49.62500 0.00766 1.07001 11
0.94442 0.73269 0.00877 0 6.97500 53.32500 0.00766 1.08919 11
-1.30821 -1.59173 0.00877 0 3.50000 60.72500 0.00766 1.13818 11
1.31208 1.45772 0.00877 0 6.37500 62.77500 0.00766 1.15062 11
0.72229 0.68311 0.01064 0 -3.52500 56.57500 0.00998 2.05656 -11
0.46816 0.41054 0.01064 0 7.95000 55.97500 0.00998 2.06049 -11
-0.13992 -0.38647 0.01064 0 1.37500 53.17500 0.00998 2.09140 -11
0.20772 0.40830 0.01064 0 -3.45000 51.12500 0.00998 2.13464 -11
0.22170 0.53936 0.01064 0 8.20000 50.97500 0.00998 2.13802 -11
-0.15760 -0.59786 0.01064 0 2.22500 49.90000 0.00998 2.16247 -11
0.14611 0.30302 0.01064 0 -3.20000 47.35000 0.00998 2.20212 -11
-0.63686 0.17648 0.01064 0 2.45000 44.02500 0.00998 2.23899 -11
1.08214 -0.37518 0.01064 0 6.97500 38.90000 0.00998 2.26587 -11
-0.48708 -0.23585 0.01064 0 2.52500 63.10000 0.00998 1.17899 -11
0.46977 -0.04312 0.01064 0 5.47500 52.95000 0.00998 1.26058 -11
-0.50675 -0.23217 0.01064 0 3.05000 40.57500 0.00998 1.35041 -11
0.68827 -0.07766 0.01064 0 4.75000 29.20000 0.00998 1.42616 -11
-1.10271 -0.46283 0.01064 0 6.05000 11.60000 0.00998 1.50830 -11
1.03211 -0.06582 0.01064 0 4.92500 -5.77500 0.00998 1.59198 -11
-1.40821 -0.15657 0.01064 0 6.05000 -23.50000 0.00998 1.67710 -11
1.32425 -0.19610 0.01064 0 2.77500 -40.12500 0.00998 1.74709 -11
-1.75852 0.09505 0.01064 0 7.32500 -59.47500 0.00998 1.82713 -11
-3.83539 1.40368 0.01064 0 -4.37500 -60.82500 0.00998 1.83227 -11
-0.70886 -0.54315 0.00274 0 -0.10000 64.07500 0.00051 3.72558 -11
1.94300 -0.19828 0.00533 0 7.25000 42.45000 0.00170 0.11564 11
-1.90381 0.25267 0.00533 0 3.22500 51.17500 0.00170 0.14974 11
0.70674 -0.11715 0.00533 0 6.07500 58.47500 0.00170 0.18130 11
0.67871 -1.61159 0.00140 0 -0.62500 -64.22500 0.00071 -0.02624 11
1.13301 0.24734 0.00140 0 2.90000 63.92500 0.00071 0.83165 11
0.45030 -0.50529 0.00140 0 5.60000 -43.17500 0.00071 0.21634 11
-2.07499 -0.24473 0.00243 0 -0.97500 -29.50000 0.00105 -0.13127 11
2.17596 0.10902 0.00243 0 0.90000 -24.37500 0.00105 -0.11159 11
-1.15955 -0.29268 0.00243 0 -1.22500 -18.97500 0.00105 -0.08963 11
2.34707 1.10986 0.00243 0 0.72500 -15.75000 0.00105 -0.07579 11
-1.22799 0.78345 0.00243 0 0.92500 -15.10000 0.00105 -0.07331 11
2.01472 -1.10420 0.00243 0 2.20000 -8.72500 0.00105 -0.04550 11
-0.77153 0.90495 0.00243 0 0.52500 -5.57500 0.00105 -0.03241 11
1.09759 -0.68158 0.00243 0 2.00000 -2.40000 0.00105 -0.01034 11
-0.73527 0.58574 0.00243 0 0.10000 0.47500 0.00105 0.00572 11
1.80197 -0.69069 0.00243 0 1.70000 3.07500 0.00105 0.02344 11
-3.72987 -2.65657 0.00243 0 1.77500 3.32500 0.00105 0.02457 11
6.29524 3.93766 0.00243 0 2.22500 3.87500 0.00105 0.02698 11
2.21355 0.82169 0.00243 0 2.62500 4.50000 0.00105 0.03020 11
-3.67793 8.35899 0.00181 0 1.77500 17.77500 0.00159 0.80061 11
-0.28963 0.01215 0.00181 0 -1.00000 12.07500 0.00159 0.86338 11
0.21769 -0.28552 0.00181 0 0.15000 12.85000 0.00159 0.87183 11
-0.74773 -1.73120 0.00181 0 0.60000 -9.10000 0.00159 1.14836 11
-0.05352 -0.45562 0.00181 0 0.47500 -8.40000 0.00159 1.14246 11
1.80235 -1.32397 0.01862 0 1.97500 -58.95000 0.00148 1.37163 -11
-2.61501 -5.40034 0.00418 0 2.72500 -54.60000 0.00142 2.74618 11
