-0.42656 -0.28941 0.01837 0 -2.87500 60.10000 0.01713 -0.02152 -11
0.36483 0.26789 0.01837 0 4.77500 43.80000 0.01713 0.13477 -11
-0.35977 -0.27633 0.01837 0 -2.97500 25.62500 0.01713 0.31763 -11
0.38458 0.26018 0.01837 0 4.37500 9.72500 0.01713 0.47346 -11
-0.40087 -0.28350 0.01837 0 -2.82500 -7.50000 0.01713 0.64933 -11
0.34913 0.24309 0.01837 0 3.55000 -23.85000 0.01713 0.79970 -11
-0.33853 -0.24592 0.01837 0 -3.25000 -40.47500 0.01713 0.98082 -11
0.31529 0.25036 0.01837 0 3.42500 -52.95000 0.01713 1.12627 -11
-0.53691 -0.12073 0.01837 0 -3.70000 60.07500 0.01713 -0.00335 -11
0.50683 0.20649 0.01837 0 2.22500 41.87500 0.01713 0.14151 -11
-0.48726 -0.18501 0.01837 0 -3.25000 16.57500 0.01713 0.33248 -11
0.43757 0.24296 0.01837 0 2.40000 -1.02500 0.01713 0.47715 -11
-0.46710 -0.21027 0.01837 0 -3.27500 -22.55000 0.01713 0.65811 -11
0.53222 0.31305 0.01837 0 1.67500 -40.37500 0.01713 0.79990 -11
-0.37721 -0.40529 0.01837 0 -4.07500 -57.82500 0.01713 0.95628 -11
-0.66707 -0.71322 0.01837 0 7.07500 59.17500 0.01713 -0.02930 -11
0.37616 0.28187 0.01837 0 0.70000 35.05000 0.01713 0.13339 -11
-0.40122 -0.57935 0.01837 0 4.65000 16.02500 0.01713 0.32694 -11
0.37689 0.35054 0.01837 0 0.82500 2.07500 0.01713 0.47963 -11
-0.40205 -0.57638 0.01837 0 4.45000 -13.30000 0.01713 0.67036 -11
0.38013 0.40765 0.01837 0 -0.40000 -28.45000 0.01713 0.82009 -11
-0.40401 -0.59124 0.01837 0 4.65000 -46.85000 0.01713 1.00129 -11
0.25041 0.46197 0.01837 0 0.20000 -58.62500 0.01713 1.15477 -11
-0.19440 -0.67164 0.01837 0 4.37500 -64.90000 0.01713 1.31858 -11
-0.43641 -0.26494 0.01837 0 2.27500 58.72500 0.01713 -0.00009 -11
0.49578 0.28466 0.01837 0 -3.92500 40.37500 0.01713 0.13979 -11
0.48468 -0.08803 0.01837 0 8.00000 40.00000 0.01713 0.14274 -11
-0.52775 -0.30112 0.01837 0 3.25000 12.65000 0.01713 0.35005 -11
0.51982 0.31013 0.01837 0 -4.37500 -6.02500 0.01713 0.48483 -11
0.45357 -0.07959 0.01837 0 7.55000 -6.30000 0.01713 0.48711 -11
-0.46014 -0.13976 0.01837 0 3.22500 -31.17500 0.01713 0.69141 -11
0.43667 -0.16875 0.01837 0 7.02500 -45.97500 0.01713 0.81623 -11
2.40277 -0.80373 0.01837 0 6.35000 -45.05000 0.01713 0.88223 -11
0.40409 0.36646 0.01837 0 -0.00000 54.25000 0.01713 0.07431 -11
-0.36505 -0.72809 0.01837 0 3.62500 50.70000 0.01713 0.11218 -11
0.73446 0.51563 0.01837 0 -0.55000 41.45000 0.01713 0.17362 -11
-0.75868 -0.88873 0.01837 0 4.12500 35.47500 0.01713 0.21036 -11
0.58270 0.83650 0.01837 0 -1.02500 26.82500 0.01713 0.27843 -11
-0.72132 -1.02656 0.01837 0 3.75000 22.65000 0.01713 0.31058 -11
0.54664 0.77154 0.01837 0 -0.95000 15.67500 0.01713 0.37346 -11
-0.67514 -0.99499 0.01837 0 4.02500 11.62500 0.01713 0.40490 -11
0.78288 0.26005 0.01837 0 -1.80000 1.60000 0.01713 0.46617 -11
-0.49416 -0.61298 0.01837 0 3.32500 -3.47500 0.01713 0.50262 -11
0.33293 0.49924 0.01837 0 -1.72500 -9.95000 0.01713 0.55454 -11
-0.30070 -0.61584 0.01837 0 3.10000 -12.50000 0.01713 0.58698 -11
0.14934 0.48535 0.01837 0 -1.60000 -15.32500 0.01713 0.63327 -11
-0.20856 -0.63560 0.01837 0 3.17500 -16.42500 0.01713 0.66533 -11
0.20966 0.79117 0.01837 0 -2.10000 -20.07500 0.01713 0.71366 -11
-0.18994 -1.05150 0.01837 0 3.82500 -21.30000 0.01713 0.73784 -11
0.26648 0.48296 0.01837 0 -2.00000 -22.15000 0.01713 0.78800 -11
-0.24531 -0.59944 0.01837 0 3.45000 -24.12500 0.01713 0.81747 -11
0.15528 0.47252 0.01837 0 -2.12500 -25.37500 0.01713 0.86277 -11
-0.19296 -0.54170 0.01837 0 3.27500 -26.87500 0.01713 0.89334 -11
0.90767 0.03675 0.01837 0 5.90000 -39.40000 0.01713 0.94781 -11
-4.18026 2.71543 0.01837 0 3.40000 -48.22500 0.01713 0.98605 -11
1.38392 -0.43221 0.01837 0 3.65000 -48.65000 0.01713 0.98781 -11
-0.55624 -0.01907 0.01837 0 0.57500 -50.95000 0.01713 1.00608 -11
1.95035 1.81978 0.01837 0 0.67500 -51.97500 0.01713 1.01038 -11
-0.28144 -2.22263 0.01837 0 -0.12500 -52.60000 0.01713 1.01391 -11
0.32253 0.24226 0.01837 0 3.22500 51.32500 0.01713 0.12400 -11
-0.43698 -0.82599 0.01837 0 8.27500 33.40000 0.01713 0.30417 -11
-0.31357 -0.24369 0.01837 0 -4.12500 33.10000 0.01713 0.30731 -11
0.32276 0.32819 0.01837 0 3.65000 19.15000 0.01713 0.46681 -11
-0.27450 -0.34226 0.01837 0 -3.97500 5.47500 0.01713 0.63662 -11
0.27849 0.25688 0.01837 0 3.42500 -6.62500 0.01713 0.79118 -11
-0.26925 -0.21356 0.01837 0 -3.07500 -22.07500 0.01713 0.96981 -11
0.24825 0.23088 0.01837 0 3.57500 -32.67500 0.01713 1.11335 -11
-0.31956 -0.28357 0.01837 0 -2.97500 -45.30000 0.01713 1.28722 -11
0.35919 0.23134 0.01837 0 2.75000 -58.67500 0.01713 1.43252 -11
0.15768 0.16576 0.01837 0 3.15000 62.80000 0.01713 0.13957 -11
-0.19665 -0.51416 0.01837 0 6.15000 54.87500 0.01713 0.33989 -11
0.25777 0.13770 0.01837 0 1.87500 46.27500 0.01713 0.47739 -11
-0.26805 -0.44419 0.01837 0 6.62500 32.35000 0.01713 0.67839 -11
0.35454 0.10803 0.01837 0 4.72500 20.35000 0.01713 0.79247 -11
-0.33698 -0.45408 0.01837 0 6.10000 9.27500 0.01713 0.92668 -11
0.26686 0.03034 0.01837 0 4.05000 0.77500 0.01713 1.03148 -11
-0.27301 -0.48539 0.01837 0 6.20000 -10.00000 0.01713 1.16200 -11
0.31177 0.08016 0.01837 0 3.75000 -18.97500 0.01713 1.26848 -11
-0.45699 -0.49110 0.01837 0 6.87500 -29.25000 0.01713 1.38543 -11
0.43773 0.11548 0.01837 0 3.02500 -41.80000 0.01713 1.49254 -11
-0.47434 -0.60732 0.01837 0 7.10000 -54.55000 0.01713 1.60704 -11
-0.53564 -0.50854 0.01837 0 3.30000 62.07500 0.01713 -0.02166 -11
0.56702 0.42934 0.01837 0 -2.12500 41.07500 0.01713 0.13422 -11
-0.54232 -0.58260 0.01837 0 4.47500 15.17500 0.01713 0.31851 -11
0.58961 0.51639 0.01837 0 -2.42500 -7.00000 0.01713 0.47562 -11
-0.58074 -0.66135 0.01837 0 4.10000 -29.62500 0.01713 0.64709 -11
0.52406 0.66142 0.01837 0 -2.55000 -48.92500 0.01713 0.80254 -11
-1.14288 -0.28562 0.01837 0 -3.15000 49.95000 0.01713 -0.04358 -11
1.16415 0.24895 0.01837 0 6.90000 9.82500 0.01713 0.13365 -11
-1.15756 -0.38406 0.01837 0 -2.25000 -25.50000 0.01713 0.28937 -11
1.11873 0.39967 0.01837 0 -2.37500 -61.72500 0.01713 0.46139 -11
0.30825 0.44993 0.01837 0 -3.12500 54.45000 0.01713 0.13603 -11
-0.29062 -0.29885 0.01837 0 0.30000 39.70000 0.01713 0.33416 -11
0.22989 0.41621 0.01837 0 -3.65000 28.20000 0.01713 0.47746 -11
0.24759 0.03441 0.01837 0 8.15000 28.00000 0.01713 0.48053 -11
-0.32036 -0.30565 0.01837 0 0.77500 13.25000 0.01713 0.67738 -11
0.30758 0.50057 0.01837 0 -3.75000 1.12500 0.01713 0.82162 -11
0.28124 0.13903 0.01837 0 8.00000 0.90000 0.01713 0.82461 -11
-0.34679 -0.33044 0.01837 0 1.77500 -17.25000 0.01713 1.00883 -11
0.37150 0.41216 0.01837 0 -3.52500 -29.75000 0.01713 1.15142 -11
0.37024 0.05169 0.01837 0 8.27500 -30.07500 0.01713 1.15476 -11
-0.32497 -0.33965 0.01837 0 2.97500 -46.72500 0.01713 1.33862 -11
0.29913 0.45106 0.01837 0 -2.72500 -57.07500 0.01713 1.47846 -11
0.28761 0.38052 0.01837 0 -2.17500 56.10000 0.01713 0.13945 -11
-0.25963 -0.24518 0.01837 0 1.02500 42.20000 0.01713 0.33732 -11
0.32592 0.33312 0.01837 0 -3.35000 30.82500 0.01713 0.47492 -11
0.30199 -0.00328 0.01837 0 8.50000 30.50000 0.01713 0.47848 -11
-0.21816 -0.27649 0.01837 0 1.52500 15.42500 0.01713 0.67929 -11
0.24680 0.35623 0.01837 0 -2.90000 6.90000 0.01713 0.81605 -11
-0.20496 -0.24395 0.01837 0 1.70000 -4.10000 0.01713 1.01084 -11
0.17272 0.33356 0.01837 0 -3.42500 -11.15000 0.01713 1.14239 -11
0.16052 -0.01433 0.01837 0 8.42500 -11.32500 0.01713 1.14573 -11
-0.23155 -0.33151 0.01837 0 2.15000 -23.12500 0.01713 1.33221 -11
0.24171 0.40833 0.01837 0 -3.35000 -31.45000 0.01713 1.46680 -11
0.25304 0.11549 0.01837 0 8.40000 -31.67500 0.01713 1.47026 -11
-0.32412 -0.44130 0.01837 0 2.27500 -44.45000 0.01713 1.64237 -11
0.34916 0.51745 0.01837 0 -4.17500 -57.17500 0.01713 1.78474 -11
0.30977 0.09111 0.01837 0 7.60000 -57.40000 0.01713 1.78719 -11
-0.42926 -0.14162 0.01837 0 -2.32500 64.75000 0.01713 -0.01403 -11
0.47866 0.33442 0.01837 0 -3.07500 50.82500 0.01713 0.10198 -11
-0.39229 -0.10738 0.01837 0 -2.17500 34.47500 0.01713 0.24176 -11
0.31916 0.33407 0.01837 0 -3.60000 24.25000 0.01713 0.35032 -11
0.27638 0.10023 0.01837 0 8.25000 23.97500 0.01713 0.35352 -11
-0.31436 -0.18985 0.01837 0 -2.65000 14.47500 0.01713 0.47829 -11
0.36990 0.05473 0.01837 0 7.22500 2.87500 0.01713 0.59198 -11
-0.32324 -0.16361 0.01837 0 -2.52500 -10.42500 0.01713 0.72171 -11
0.29631 0.06802 0.01837 0 7.22500 -19.42500 0.01713 0.82937 -11
-0.27214 -0.26185 0.01837 0 -2.52500 -30.67500 0.01713 0.95250 -11
0.20506 0.21776 0.01837 0 7.15000 -39.85000 0.01713 1.06969 -11
-0.23948 -0.35243 0.01837 0 -2.15000 -46.90000 0.01713 1.17538 -11
0.14208 0.54934 0.01837 0 -4.07500 -51.87500 0.01713 1.29061 -11
0.05301 0.07707 0.01837 0 7.67500 -51.95000 0.01713 1.29310 -11
-0.07902 -0.09048 0.01837 0 -1.82500 -55.20000 0.01713 1.41330 -11
0.01670 0.00337 0.01837 0 7.35000 -56.37500 0.01713 1.51307 -11
0.04046 0.01645 0.01837 0 -1.40000 -56.02500 0.01713 1.63243 -11
-0.07254 -0.10630 0.01837 0 6.75000 -55.05000 0.01713 1.72187 -11
0.16282 -0.02612 0.01837 0 -1.10000 -51.00000 0.01713 1.84717 -11
-0.20808 -0.01487 0.01837 0 5.07500 -44.95000 0.01713 1.93362 -11
0.27094 -0.03495 0.01837 0 -0.77500 -37.77500 0.01713 2.04002 -11
-0.14551 -0.08823 0.01837 0 5.05000 -33.42500 0.01713 2.12243 -11
0.04392 -0.05264 0.01837 0 -0.70000 -32.55000 0.01713 2.23024 -11
-0.04710 0.06921 0.01837 0 5.20000 -31.27500 0.01713 2.31657 -11
0.07133 -0.15405 0.01837 0 -0.55000 -30.40000 0.01713 2.41387 -11
-0.08922 -0.00099 0.01837 0 4.65000 -28.12500 0.01713 2.49570 -11
0.02315 -0.11933 0.01837 0 -0.30000 -28.37500 0.01713 2.59353 -11
-0.04636 0.06136 0.01837 0 4.20000 -27.30000 0.01713 2.67262 -11
-0.13591 -0.19709 0.01837 0 -0.52500 -27.22500 0.01713 2.76427 -11
-0.01817 0.04927 0.01837 0 3.67500 -28.97500 0.01713 2.84388 -11
-0.07464 -0.09829 0.01837 0 -0.42500 -29.70000 0.01713 2.93365 -11
0.15931 0.09437 0.01837 0 3.17500 -33.17500 0.01713 3.00918 -11
-0.06194 -0.23199 0.01837 0 -0.30000 -36.20000 0.01713 3.09117 -11
0.06661 -0.05929 0.01837 0 2.52500 -39.22500 0.01713 3.16184 -11
-0.09642 0.03636 0.01837 0 0.05000 -41.02500 0.01713 3.25245 -11
0.28476 -0.19952 0.01837 0 1.95000 -42.97500 0.01713 3.31380 -11
-0.36652 0.22401 0.01837 0 1.32500 -50.90000 0.01713 3.40485 -11
0.33183 -0.22114 0.01837 0 1.30000 -55.20000 0.01713 3.45524 -11
-0.32228 0.13926 0.01837 0 1.12500 -63.52500 0.01713 3.54331 -11
-0.31867 -0.40124 0.01837 0 -0.07500 -36.30000 0.01713 3.09253 -11
-0.98317 -0.18634 0.01837 0 -1.10000 -51.00000 0.01713 1.84728 -11
-1.10339 0.43114 0.01837 0 -3.37500 -51.52500 0.01713 1.89630 -11
-0.42893 -0.96813 0.01837 0 5.67500 64.35000 0.01713 -0.02372 -11
0.45476 0.74312 0.01837 0 -1.30000 48.60000 0.01713 0.14446 -11
-0.63528 -1.15152 0.01837 0 7.05000 33.97500 0.01713 0.28034 -11
0.56003 0.70050 0.01837 0 -2.37500 13.20000 0.01713 0.44806 -11
-0.48158 -0.97328 0.01837 0 6.87500 -2.47500 0.01713 0.58581 -11
0.55484 0.64504 0.01837 0 -2.37500 -19.70000 0.01713 0.73999 -11
-0.59368 -0.82432 0.01837 0 7.97500 -38.17500 0.01713 0.88317 -11
-0.46300 -0.23834 0.01837 0 -4.37500 -38.52500 0.01713 0.88602 -11
0.44360 0.40340 0.01837 0 -2.70000 -54.97500 0.01713 1.02206 -11
-0.58476 -0.19178 0.01837 0 -2.47500 58.02500 0.01713 -0.01707 -11
0.56823 0.21360 0.01837 0 2.42500 34.02500 0.01713 0.13607 -11
-0.48635 -0.17567 0.01837 0 -3.35000 7.90000 0.01713 0.32826 -11
0.30928 -0.00484 0.01837 0 1.92500 -3.17500 0.01713 0.45210 -11
-0.33093 -0.42030 0.01837 0 7.47500 -16.05000 0.01713 0.65485 -11
0.23534 0.03122 0.01837 0 0.65000 -25.90000 0.01713 0.77899 -11
-0.28286 0.10402 0.01837 0 -3.40000 -43.22500 0.01713 0.98806 -11
0.25145 0.02974 0.01837 0 0.90000 -51.75000 0.01713 1.10532 -11
-0.22389 0.09317 0.01837 0 -2.77500 -63.42500 0.01713 1.29890 -11
-0.33617 -0.38749 0.01837 0 3.35000 64.27500 0.01713 -0.01441 -11
0.32900 0.31746 0.01837 0 -1.25000 52.45000 0.01713 0.12477 -11
-0.32260 -0.39984 0.01837 0 3.62500 34.52500 0.01713 0.31808 -11
0.32036 0.32456 0.01837 0 -1.45000 21.37500 0.01713 0.45955 -11
-0.41125 -0.36959 0.01837 0 6.07500 2.00000 0.01713 0.64410 -11
0.35613 0.26208 0.01837 0 -2.37500 -11.22500 0.01713 0.76915 -11
-0.29161 -0.37645 0.01837 0 5.42500 -26.82500 0.01713 0.95228 -11
0.24007 0.25188 0.01837 0 -2.02500 -36.02500 0.01713 1.07848 -11
-0.19313 -0.38318 0.01837 0 5.37500 -46.80000 0.01713 1.25885 -11
0.15649 0.25820 0.01837 0 -1.95000 -53.10000 0.01713 1.38476 -11
-0.07110 -0.39162 0.01837 0 5.72500 -59.52500 0.01713 1.56168 -11
0.06234 0.25470 0.01837 0 -2.05000 -62.45000 0.01713 1.68380 -11
0.22605 0.17026 0.01837 0 3.80000 59.77500 0.01713 0.13816 -11
-0.29570 -0.70460 0.01837 0 7.50000 45.25000 0.01713 0.33353 -11
0.39151 0.20694 0.01837 0 3.12500 30.55000 0.01713 0.48710 -11
-0.35668 -0.67431 0.01837 0 8.02500 12.30000 0.01713 0.67903 -11
-0.25761 -0.15538 0.01837 0 -4.27500 12.10000 0.01713 0.68171 -11
0.25570 0.14987 0.01837 0 3.17500 2.27500 0.01713 0.82153 -11
-0.28835 -0.63201 0.01837 0 8.30000 -13.17500 0.01713 1.01212 -11
-0.19585 -0.12390 0.01837 0 -4.00000 -13.35000 0.01713 1.01513 -11
0.14334 0.14308 0.01837 0 3.45000 -19.15000 0.01713 1.15317 -11
-0.14678 -0.68865 0.01837 0 8.12500 -26.40000 0.01713 1.33423 -11
-0.13878 -0.15103 0.01837 0 -4.17500 -26.52500 0.01713 1.33700 -11
0.15889 0.25018 0.01837 0 2.52500 -33.47500 0.01713 1.47442 -11
-0.28404 -0.72857 0.01837 0 8.35000 -42.62500 0.01713 1.64596 -11
-0.27135 -0.17789 0.01837 0 -4.00000 -42.87500 0.01713 1.64912 -11
0.25847 0.28271 0.01837 0 1.40000 -54.72500 0.01713 1.78852 -11
0.49429 0.76658 0.01837 0 -4.47500 48.70000 0.01713 0.13619 -11
0.40054 0.32450 0.01837 0 7.25000 48.45000 0.01713 0.13836 -11
-0.41947 -0.48355 0.01837 0 -0.72500 29.80000 0.01713 0.31203 -11
0.37160 0.21758 0.01837 0 7.17500 12.70000 0.01713 0.47649 -11
-0.51542 -0.33688 0.01837 0 -0.15000 -6.10000 0.01713 0.65622 -11
0.59294 0.18856 0.01837 0 5.02500 -27.37500 0.01713 0.80823 -11
-0.67779 -0.34247 0.01837 0 0.57500 -54.42500 0.01713 0.99012 -11
0.17997 0.11389 0.01837 0 6.47500 62.82500 0.01713 0.13477 -11
-0.22205 -0.16432 0.01837 0 -1.97500 50.60000 0.01713 0.33395 -11
0.17618 0.07148 0.01837 0 5.85000 41.97500 0.01713 0.47342 -11
-0.17398 -0.18828 0.01837 0 -2.22500 33.00000 0.01713 0.66830 -11
0.18736 0.07877 0.01837 0 5.27500 25.52500 0.01713 0.80564 -11
-0.17508 -0.11061 0.01837 0 -1.87500 15.25000 0.01713 0.99892 -11
0.12881 0.10465 0.01837 0 4.77500 8.97500 0.01713 1.12919 -11
-0.14363 -0.10128 0.01837 0 -1.92500 -0.55000 0.01713 1.32125 -11
0.16140 0.03696 0.01837 0 4.35000 -5.57500 0.01713 1.44956 -11
-0.17281 -0.02179 0.01837 0 -1.02500 -17.42500 0.01713 1.64581 -11
0.18829 -0.05686 0.01837 0 3.77500 -23.07500 0.01713 1.76415 -11
-0.13654 0.01558 0.01837 0 -0.15000 -32.47500 0.01713 1.96399 -11
0.12376 -0.11301 0.01837 0 3.27500 -36.82500 0.01713 2.07358 -11
-0.05561 -0.06800 0.01837 0 -0.60000 -42.20000 0.01713 2.26726 -11
0.02356 -0.00559 0.01837 0 3.82500 -42.52500 0.01713 2.38499 -11
-0.02350 -0.09132 0.01837 0 -0.25000 -42.40000 0.01713 2.57111 -11
0.02300 -0.00090 0.01837 0 4.05000 -43.70000 0.01713 2.69000 -11
-0.03087 -0.11808 0.01837 0 0.22500 -46.45000 0.01713 2.87054 -11
0.00845 -0.02742 0.01837 0 4.15000 -47.42500 0.01713 2.98917 -11
0.07203 -0.10446 0.01837 0 0.92500 -47.85000 0.01713 3.16659 -11
-0.07756 0.02660 0.01837 0 3.87500 -44.57500 0.01713 3.27971 -11
0.08330 -0.13708 0.01837 0 0.80000 -41.90000 0.01713 3.45089 -11
-0.06464 -0.00042 0.01837 0 3.35000 -37.97500 0.01713 3.56331 -11
0.02086 -0.14601 0.01837 0 0.72500 -35.82500 0.01713 3.73257 -11
-0.03908 0.06992 0.01837 0 3.42500 -35.10000 0.01713 3.84688 -11
0.07625 -0.18827 0.01837 0 0.77500 -31.52500 0.01713 4.00911 -11
-0.07305 0.04494 0.01837 0 2.82500 -28.87500 0.01713 4.12055 -11
-0.00870 -0.18008 0.01837 0 1.37500 -29.07500 0.01713 4.28123 -11
0.00294 0.07117 0.01837 0 2.50000 -29.52500 0.01713 4.38899 -11
-0.06766 -0.20748 0.01837 0 1.40000 -31.67500 0.01713 4.54317 -11
0.09419 0.11500 0.01837 0 2.25000 -34.97500 0.01713 4.65282 -11
0.08282 -0.24139 0.01837 0 1.40000 -31.12500 0.01713 4.80119 -11
-0.11058 0.13571 0.01837 0 -0.05000 -28.67500 0.01713 4.89961 -11
0.15477 -0.32300 0.01837 0 1.22500 -22.75000 0.01713 5.03514 -11
-0.09847 0.18709 0.01837 0 0.10000 -19.07500 0.01713 5.14500 -11
0.11174 -0.24651 0.01837 0 1.97500 -13.75000 0.01713 5.27113 -11
-0.12463 0.44795 0.01837 0 -4.32500 -10.60000 0.01713 5.36018 -11
-0.15242 -0.03870 0.01837 0 7.52500 -10.52500 0.01713 5.36234 -11
0.04718 -0.20050 0.01837 0 2.50000 -7.22500 0.01713 5.45877 -11
-0.01886 -0.00934 0.01837 0 7.25000 -6.50000 0.01713 5.53933 -11
-0.03726 -0.11364 0.01837 0 2.62500 -6.95000 0.01713 5.63463 -11
0.07004 -0.14445 0.01837 0 6.85000 -8.60000 0.01713 5.71100 -11
-0.06472 -0.06001 0.01837 0 2.97500 -9.32500 0.01713 5.80813 -11
0.22016 -0.21178 0.01837 0 6.12500 -13.57500 0.01713 5.87706 -11
-0.10158 -0.25853 0.01837 0 3.15000 -17.97500 0.01713 5.96148 -11
0.01991 -0.03764 0.01837 0 6.60000 -18.70000 0.01713 6.03774 -11
0.02339 -0.05694 0.01837 0 3.55000 -17.62500 0.01713 6.13070 -11
-0.02128 -0.14648 0.01837 0 5.85000 -16.72500 0.01713 6.19401 -11
0.03361 -0.35009 0.01837 0 3.40000 -16.80000 0.01713 6.27460 -11
-0.13912 -0.00000 0.01837 0 5.32500 -13.15000 0.01713 6.34720 -11
0.18817 -0.24644 0.01837 0 3.10000 -11.92500 0.01713 6.42569 -11
-0.15176 -0.06282 0.01837 0 4.87500 -9.35000 0.01713 6.49730 -11
0.34821 -0.13206 0.01837 0 3.30000 -6.32500 0.01713 6.57573 -11
-0.40688 -0.27323 0.01837 0 3.25000 -0.35000 0.01713 6.63202 -11
0.31634 0.06362 0.01837 0 3.87500 8.57500 0.01713 6.71567 -11
-0.34476 -0.36599 0.01837 0 3.22500 12.05000 0.01713 6.76469 -11
0.28103 0.27401 0.01837 0 4.55000 18.02500 0.01713 6.85044 -11
-0.52267 -0.44116 0.01837 0 2.22500 23.07500 0.01713 6.89264 -11
0.38546 0.12348 0.01837 0 4.22500 32.10000 0.01713 6.97465 -11
-0.31204 -0.25971 0.01837 0 2.60000 37.17500 0.01713 7.02234 -11
0.31668 0.07304 0.01837 0 4.72500 44.30000 0.01713 7.09128 -11
-0.19708 -0.45444 0.01837 0 2.75000 47.52500 0.01713 7.13504 -11
0.44870 -0.08726 0.01837 0 6.12500 52.10000 0.01713 7.19536 -11
-0.37987 -0.35476 0.01837 0 2.75000 56.30000 0.01713 7.23751 -11
0.08268 0.13614 0.01837 0 6.97500 61.10000 0.01713 7.29750 -11
-0.02982 -0.56936 0.01837 0 2.55000 61.15000 0.01713 7.32859 -11
0.00092 -0.17750 0.01837 0 7.12500 62.75000 0.01713 7.37791 -11
0.09178 -0.19940 0.01837 0 3.12500 62.00000 0.01713 7.41596 -11
-0.25185 -0.46012 0.01837 0 7.55000 59.42500 0.01713 7.46025 -11
-0.12560 0.23410 0.01837 0 -4.47500 59.32500 0.01713 7.46230 -11
0.16316 -0.24562 0.01837 0 2.85000 57.77500 0.01713 7.49637 -11
-0.17917 -1.01173 0.01837 0 7.55000 55.37500 0.01713 7.53519 -11
0.25388 0.08332 0.01837 0 1.90000 52.02500 0.01713 7.58183 -11
-0.64428 -0.93604 0.01837 0 7.50000 48.20000 0.01713 7.61620 -11
0.13520 0.18736 0.01837 0 1.17500 45.50000 0.01713 7.65677 -11
-0.60751 -1.43325 0.01837 0 8.22500 43.85000 0.01713 7.68049 -11
0.04272 -0.07002 0.01837 0 -4.22500 43.77500 0.01713 7.68355 -11
-0.09243 -0.19221 0.01837 0 0.37500 43.60000 0.01713 7.70685 -11
0.46837 1.28603 0.01837 0 -2.47500 47.45000 0.01713 7.73961 -11
-0.71186 -1.24555 0.01837 0 -0.15000 48.15000 0.01713 7.74848 -11
0.49686 1.42223 0.01837 0 -1.37500 62.80000 0.01713 7.82038 -11
0.51909 -2.04114 0.01837 0 -1.12500 62.90000 0.01713 7.82142 -11
0.27330 0.62672 0.01837 0 1.15000 -31.02500 0.01713 4.80284 -11
-0.48394 -0.65722 0.01837 0 2.55000 -33.12500 0.01713 4.82078 -11
-5.05774 -3.27883 0.01837 0 1.42500 -33.40000 0.01713 4.83334 -11
-5.26169 -17.92090 0.01837 0 0.95000 -35.80000 0.01713 4.85337 -11
0.31119 0.14375 0.01837 0 7.17500 54.65000 0.01713 0.12340 -11
-0.27013 -0.33323 0.01837 0 -0.22500 40.12500 0.01713 0.30791 -11
0.27863 0.17417 0.01837 0 6.82500 28.15000 0.01713 0.45514 -11
-0.24450 -0.42068 0.01837 0 -0.12500 15.92500 0.01713 0.62486 -11
0.25989 0.20173 0.01837 0 6.77500 4.22500 0.01713 0.78312 -11
-0.36309 -0.40143 0.01837 0 0.40000 -8.77500 0.01713 0.95120 -11
0.40644 0.15401 0.01837 0 5.67500 -23.05000 0.01713 1.09557 -11
-0.40220 -0.39746 0.01837 0 1.10000 -42.07500 0.01713 1.26887 -11
0.46571 0.24195 0.01837 0 5.37500 -58.62500 0.01713 1.41339 -11
-0.50764 -0.48034 0.01837 0 3.65000 59.27500 0.01713 -0.01163 -11
0.57812 0.45802 0.01837 0 -2.90000 39.35000 0.01713 0.13810 -11
-0.76040 -0.55706 0.01837 0 5.35000 13.65000 0.01713 0.30708 -11
0.85004 0.16375 0.01837 0 6.12500 -14.30000 0.01713 0.45918 -11
-1.22343 -0.78710 0.01837 0 7.12500 -47.37500 0.01713 0.62347 -11
-1.05295 1.21531 0.00656 0 0.47500 -50.20000 0.00648 0.99814 -11
-1.13126 2.18096 0.00656 0 0.07500 -32.55000 0.00648 1.10533 -11
1.24722 -2.78075 0.00656 0 -3.12500 -31.12500 0.00648 1.11736 -11
-0.77746 1.39436 0.00656 0 -0.07500 -20.15000 0.00648 1.20641 -11
-0.70617 1.99447 0.00656 0 -0.40000 -6.87500 0.00648 1.30444 -11
0.61675 -2.22045 0.00656 0 -4.05000 -5.92500 0.00648 1.31749 -11
-0.52382 1.38867 0.00656 0 0.02500 -2.25000 0.00648 1.39545 -11
-0.70281 1.11866 0.00656 0 0.05000 6.27500 0.00648 1.48524 -11
-0.44463 0.64028 0.00656 0 0.17500 16.95000 0.00648 1.57350 -11
0.72673 -1.28429 0.00656 0 5.62500 20.47500 0.00648 1.60251 -11
-0.10895 1.91852 0.00656 0 -1.22500 27.77500 0.00648 1.66763 -11
0.00261 1.44629 0.00656 0 -1.12500 28.62500 0.00648 1.74724 -11
0.06661 1.83105 0.00656 0 -1.15000 29.62500 0.00648 1.82512 -11
0.03959 -2.21596 0.00656 0 -4.25000 29.55000 0.00648 1.83597 -11
-0.51476 1.18992 0.00656 0 -1.60000 30.47500 0.00648 1.89146 -11
0.45336 -1.45741 0.00656 0 5.80000 31.65000 0.00648 1.90980 -11
-0.18572 0.77199 0.00656 0 -1.60000 33.70000 0.00648 1.95154 -11
0.28813 -1.21458 0.00656 0 5.50000 34.55000 0.00648 1.97204 -11
-0.62433 0.84563 0.00656 0 -2.27500 38.75000 0.00648 2.01148 -11
-1.40367 3.85526 0.00656 0 7.90000 39.45000 0.00648 2.01934 -11
2.00359 -5.15186 0.00656 0 6.95000 39.82500 0.00648 2.02299 -11
-0.18887 0.11422 0.00656 0 -1.35000 41.67500 0.00648 2.05062 -11
0.15106 -0.57720 0.00656 0 6.57500 42.92500 0.00648 2.07119 -11
0.25719 -0.22228 0.00656 0 -1.92500 41.37500 0.00648 2.08802 -11
-0.44223 -0.54119 0.00656 0 8.12500 40.00000 0.00648 2.10366 -11
-0.33019 0.78034 0.00656 0 -3.72500 39.77500 0.00648 2.10690 -11
0.24790 -0.12620 0.00656 0 -1.22500 38.80000 0.00648 2.11842 -11
-0.06072 0.03901 0.00656 0 -3.82500 37.72500 0.00648 2.13416 -11
-0.38374 0.10467 0.00656 0 -1.50000 39.30000 0.00648 2.14830 -11
0.50504 -0.16543 0.00656 0 -3.52500 41.57500 0.00648 2.16257 -11
-0.15797 -0.12397 0.00656 0 -1.37500 44.65000 0.00648 2.25360 -11
0.31250 0.03498 0.00656 0 -3.02500 45.30000 0.00648 2.26487 -11
-5.44244 3.80736 0.00656 0 -1.97500 46.60000 0.00648 2.27738 -11
18.84017 -23.72978 0.00656 0 -1.97500 46.60000 0.00648 2.27744 -11
-0.12701 -0.12351 0.00699 0 -0.10000 56.90000 0.00691 -0.06611 11
0.15876 -0.00489 0.00699 0 -0.47500 52.97500 0.00691 -0.00951 11
-0.01513 -0.04251 0.00699 0 -0.32500 53.62500 0.00691 0.06135 11
-0.04439 -0.03678 0.00699 0 -0.22500 53.47500 0.00691 0.11448 11
0.16545 0.21572 0.00699 0 -0.12500 53.82500 0.00691 0.18012 11
-0.27524 -0.07216 0.00699 0 0.17500 56.82500 0.00691 0.24267 11
0.24467 0.04644 0.00699 0 -0.55000 61.65000 0.00691 0.30987 11
-0.36318 0.92087 0.00511 0 2.37500 -61.15000 0.00506 0.85291 -11
0.32759 -0.81865 0.00511 0 -4.32500 -58.70000 0.00506 0.88003 -11
-0.18689 0.85528 0.00511 0 2.70000 -59.12500 0.00506 0.94691 -11
0.18423 -0.81024 0.00511 0 -3.90000 -57.95000 0.00506 0.97236 -11
-0.06414 0.88027 0.00511 0 2.22500 -54.32500 0.00506 1.03989 -11
-0.01128 -0.90213 0.00511 0 -4.22500 -54.37500 0.00506 1.06435 -11
0.10473 1.27001 0.00511 0 1.70000 -52.67500 0.00506 1.13049 -11
-0.09316 -1.46646 0.00511 0 -2.80000 -52.97500 0.00506 1.14658 -11
-0.06110 1.62000 0.00511 0 2.10000 -51.87500 0.00506 1.21402 -11
-0.10383 -1.67026 0.00511 0 -1.85000 -51.87500 0.00506 1.22789 -11
-0.16938 0.76786 0.00511 0 3.75000 -53.90000 0.00506 1.28868 -11
0.22349 -0.75210 0.00511 0 -2.32500 -52.57500 0.00506 1.31296 -11
-0.06126 0.93510 0.00511 0 3.30000 -51.20000 0.00506 1.36996 -11
0.02717 -0.90873 0.00511 0 -1.87500 -51.20000 0.00506 1.38950 -11
-0.00321 0.74479 0.00511 0 3.25000 -50.30000 0.00506 1.44443 -11
0.03121 -0.74782 0.00511 0 -2.37500 -50.02500 0.00506 1.46660 -11
-0.10011 0.67904 0.00511 0 3.02500 -49.65000 0.00506 1.51574 -11
0.07506 -0.76799 0.00511 0 -2.12500 -49.12500 0.00506 1.53602 -11
-0.08742 0.75804 0.00511 0 2.87500 -48.45000 0.00506 1.58280 -11
0.12102 -0.80749 0.00511 0 -2.02500 -48.07500 0.00506 1.60206 -11
-0.11891 0.53575 0.00511 0 3.55000 -46.25000 0.00506 1.64134 -11
-0.02320 -0.62273 0.00511 0 -1.57500 -45.65000 0.00506 1.66271 -11
0.12751 0.96722 0.00511 0 3.20000 -46.75000 0.00506 1.70413 -11
-0.11692 -0.90802 0.00511 0 -0.40000 -47.15000 0.00506 1.71777 -11
-0.81402 0.85641 0.00511 0 3.25000 -45.77500 0.00506 1.75691 -11
0.97403 -0.65534 0.00511 0 0.22500 -43.30000 0.00506 1.77134 -11
-0.94651 0.81427 0.00511 0 2.77500 -35.82500 0.00506 1.80779 -11
1.18187 -0.88998 0.00511 0 0.02500 -33.37500 0.00506 1.82129 -11
-0.85884 1.49705 0.00511 0 2.05000 -26.47500 0.00506 1.85871 -11
1.22480 -2.03394 0.00511 0 0.15000 -25.72500 0.00506 1.86607 -11
0.15309 0.74600 0.00511 0 2.85000 -24.17500 0.00506 1.89707 -11
-0.27225 -0.55664 0.00511 0 -0.07500 -24.85000 0.00506 1.90907 -11
-0.26593 0.46051 0.00511 0 3.32500 -25.00000 0.00506 1.93212 -11
0.46653 -0.42060 0.00511 0 0.32500 -23.80000 0.00506 1.94570 -11
-0.44470 -0.46780 0.00511 0 3.52500 -22.27500 0.00506 1.96536 -11
1.23565 -0.16789 0.00511 0 0.95000 -19.92500 0.00506 1.98523 -11
-7.92446 13.01088 0.00511 0 1.72500 -15.92500 0.00506 2.00869 -11
-0.22534 -1.00262 0.00511 0 2.35000 -15.90000 0.00506 2.03020 -11
0.69266 0.89500 0.00511 0 1.97500 -14.87500 0.00506 2.04043 -11
0.12526 -1.07972 0.00511 0 -1.00000 -64.52500 0.00506 0.79167 -11
-0.10464 1.18739 0.00511 0 -0.77500 -64.60000 0.00506 0.76133 -11
0.32094 -1.72455 0.00511 0 4.80000 -63.65000 0.00506 0.78502 -11
-0.28706 1.12340 0.00511 0 -0.22500 -58.35000 0.00506 0.85351 -11
0.49005 -1.67516 0.00511 0 5.22500 -56.77500 0.00506 0.87856 -11
-0.10628 0.59597 0.00511 0 0.95000 -53.67500 0.00506 0.93688 -11
0.12326 -0.98722 0.00511 0 5.47500 -53.15000 0.00506 0.96726 -11
-0.13869 0.27782 0.00511 0 1.50000 -50.85000 0.00506 1.01992 -11
0.16138 -0.37921 0.00511 0 5.92500 -49.47500 0.00506 1.05804 -11
-0.20828 0.22858 0.00511 0 1.17500 -48.52500 0.00506 1.10390 -11
0.00440 -1.35028 0.00511 0 7.75000 -48.12500 0.00506 1.12970 -11
0.03576 0.33025 0.00511 0 1.65000 -46.52500 0.00506 1.17455 -11
-0.24420 -0.76312 0.00511 0 7.40000 -47.72500 0.00506 1.20285 -11
0.03768 0.04254 0.00511 0 1.22500 -47.47500 0.00506 1.23470 -11
-0.15292 -1.13627 0.00511 0 8.27500 -48.45000 0.00506 1.25952 -11
-0.14928 -0.26326 0.00511 0 -4.32500 -48.62500 0.00506 1.26283 -11
0.14013 -0.27710 0.00511 0 0.50000 -49.32500 0.00506 1.28591 -11
-0.64155 -0.61515 0.00511 0 7.55000 -52.10000 0.00506 1.31646 -11
1.22347 -0.09465 0.00511 0 -1.12500 -57.05000 0.00506 1.34352 -11
-1.52632 0.30284 0.00511 0 -3.25000 -63.52500 0.00506 1.36924 -11
0.14587 -0.88799 0.00511 0 0.40000 -64.00000 0.00506 0.79233 -11
-0.21310 1.16845 0.00511 0 -3.82500 -61.27500 0.00506 0.85981 -11
-0.36001 1.11760 0.00511 0 7.47500 -61.12500 0.00506 0.86316 -11
0.34178 -1.24608 0.00511 0 2.00000 -59.47500 0.00506 0.88377 -11
-0.38123 1.29287 0.00511 0 6.17500 -56.77500 0.00506 0.96198 -11
0.49935 -1.00959 0.00511 0 0.45000 -54.95000 0.00506 0.98406 -11
-0.63768 1.16694 0.00511 0 6.30000 -49.17500 0.00506 1.04929 -11
0.62597 -1.10745 0.00511 0 1.45000 -46.97500 0.00506 1.06844 -11
-0.58398 0.86222 0.00511 0 6.70000 -39.27500 0.00506 1.13215 -11
0.55612 -0.90891 0.00511 0 1.30000 -36.65000 0.00506 1.15446 -11
-0.62232 1.29504 0.00511 0 6.20000 -30.60000 0.00506 1.21821 -11
0.56394 -1.27300 0.00511 0 1.75000 -28.92500 0.00506 1.23519 -11
-0.58024 1.03801 0.00511 0 6.85000 -21.60000 0.00506 1.29188 -11
0.44611 -1.20168 0.00511 0 2.32500 -20.05000 0.00506 1.30932 -11
-0.67366 1.81054 0.00511 0 5.85000 -12.70000 0.00506 1.37087 -11
0.63551 -1.77775 0.00511 0 2.55000 -11.40000 0.00506 1.38324 -11
-1.12165 1.76781 0.00511 0 4.92500 -0.67500 0.00506 1.44435 -11
1.08721 -1.61870 0.00511 0 1.90000 1.17500 0.00506 1.45676 -11
-0.88207 1.77774 0.00511 0 5.30000 7.80000 0.00506 1.51062 -11
0.92354 -2.06902 0.00511 0 3.00000 8.90000 0.00506 1.51956 -11
-0.72291 1.39654 0.00511 0 6.17500 13.95000 0.00506 1.57006 -11
0.59899 -1.20428 0.00511 0 2.72500 15.35000 0.00506 1.58351 -11
-0.88219 1.08321 0.00511 0 5.87500 22.30000 0.00506 1.62835 -11
1.09848 -1.03455 0.00511 0 2.85000 24.40000 0.00506 1.64172 -11
-0.12565 0.17066 0.00511 0 5.27500 32.22500 0.00506 1.67406 -11
0.00979 -0.14703 0.00511 0 0.72500 32.92500 0.00506 1.69563 -11
0.07784 -0.12804 0.00511 0 5.15000 32.37500 0.00506 1.72073 -11
-1.24643 0.51776 0.00511 0 1.52500 28.35000 0.00506 1.74994 -11
3.40725 -2.46549 0.00511 0 2.62500 26.10000 0.00506 1.75914 -11
-0.29018 0.80754 0.00511 0 0.50000 21.55000 0.00506 1.78952 -11
-0.57832 0.37897 0.00511 0 3.27500 21.42500 0.00506 1.80402 -11
0.80146 0.22030 0.00511 0 1.22500 23.05000 0.00506 1.81504 -11
-0.51143 -0.93501 0.00511 0 2.37500 24.25000 0.00506 1.82144 -11
0.36243 2.40380 0.00511 0 1.20000 25.32500 0.00506 1.83600 -11
2.64493 3.80385 0.00511 0 1.02500 26.30000 0.00506 1.83869 -11
-0.25603 0.83273 0.00511 0 1.87500 -64.85000 0.00506 0.76168 -11
0.50735 -2.62222 0.00511 0 7.35000 -63.55000 0.00506 0.78707 -11
-0.18952 0.57777 0.00511 0 2.60000 -58.75000 0.00506 0.85224 -11
0.41091 -2.38463 0.00511 0 7.75000 -57.15000 0.00506 0.88012 -11
-0.18904 0.97017 0.00511 0 2.10000 -57.92500 0.00506 0.94680 -11
0.26395 -0.92781 0.00511 0 -3.92500 -56.85000 0.00506 0.96977 -11
-0.58750 0.92807 0.00511 0 1.30000 -50.52500 0.00506 1.03790 -11
0.58701 -0.92951 0.00511 0 -4.15000 -47.95000 0.00506 1.06013 -11
-0.56280 0.84497 0.00511 0 0.87500 -40.07500 0.00506 1.12472 -11
-0.66420 0.97865 0.00511 0 0.87500 -29.82500 0.00506 1.20918 -11
0.73621 -1.14220 0.00511 0 -3.92500 -27.27500 0.00506 1.22888 -11
-0.53307 1.47040 0.00511 0 -0.97500 -18.20000 0.00506 1.29835 -11
-0.47205 0.82869 0.00511 0 -0.97500 -12.37500 0.00506 1.37702 -11
0.58262 -1.26776 0.00511 0 5.25000 -10.12500 0.00506 1.40095 -11
-0.20624 0.29378 0.00511 0 -0.60000 -5.27500 0.00506 1.44709 -11
-0.29021 -0.50340 0.00511 0 4.25000 -6.17500 0.00506 1.48098 -11
0.26364 0.09677 0.00511 0 -1.62500 -10.10000 0.00506 1.51667 -11
-0.41612 -0.52116 0.00511 0 5.45000 -12.72500 0.00506 1.54365 -11
0.01331 -0.19722 0.00511 0 -0.85000 -14.92500 0.00506 1.57301 -11
0.13371 0.44071 0.00511 0 5.87500 -13.97500 0.00506 1.61642 -11
-0.03808 -0.64400 0.00511 0 -2.47500 -13.72500 0.00506 1.63011 -11
0.33857 0.74721 0.00511 0 6.45000 -11.20000 0.00506 1.66523 -11
-0.32756 -0.83813 0.00511 0 7.17500 -11.10000 0.00506 1.66809 -11
1.50112 -1.21040 0.00511 0 5.10000 -7.70000 0.00506 1.73371 -11
0.40849 0.60180 0.00511 0 5.15000 -7.72500 0.00506 1.73392 -11
-0.42427 -0.71725 0.00511 0 2.72500 -8.65000 0.00506 1.74428 -11
0.04812 0.31876 0.00511 0 5.05000 -11.07500 0.00506 1.76619 -11
-0.04127 -0.45023 0.00511 0 2.30000 -11.25000 0.00506 1.77923 -11
0.94269 0.28113 0.00511 0 4.80000 -13.10000 0.00506 1.79624 -11
-1.03207 -0.46666 0.00511 0 3.17500 -15.50000 0.00506 1.80767 -11
0.19693 1.36144 0.00511 0 4.27500 -19.25000 0.00506 1.82930 -11
0.16420 -1.03498 0.00511 0 2.75000 -19.05000 0.00506 1.83550 -11
-0.46881 0.05972 0.00511 0 2.47500 -19.02500 0.00506 1.83716 -11
1.03909 -0.25194 0.00511 0 3.35000 -17.90000 0.00506 1.84463 -11
-1.35211 -1.06534 0.00511 0 3.82500 -18.47500 0.00506 1.85459 -11
1.04734 -1.92907 0.00511 0 6.65000 -8.55000 0.00506 1.70738 -11
0.48929 -1.19408 0.00511 0 5.22500 -10.12500 0.00506 1.40099 -11
-1.48445 -0.23805 0.00511 0 5.22500 -10.12500 0.00506 1.40099 -11
-0.39016 0.00558 0.00511 0 4.82500 -64.00000 0.00506 0.76089 -11
0.30058 -0.40282 0.00511 0 -4.25000 -61.27500 0.00506 0.80425 -11
-0.10947 0.80519 0.00511 0 3.27500 -57.62500 0.00506 0.86880 -11
0.02602 -0.86921 0.00511 0 -3.50000 -57.35000 0.00506 0.89462 -11
-0.23731 0.92453 0.00511 0 2.50000 -57.10000 0.00506 0.96305 -11
0.28008 -1.07246 0.00511 0 -3.37500 -55.70000 0.00506 0.98566 -11
-0.33182 1.20058 0.00511 0 1.07500 -47.65000 0.00506 1.05549 -11
0.31482 -1.07240 0.00511 0 -4.17500 -46.47500 0.00506 1.07516 -11
-0.53175 1.43981 0.00511 0 0.90000 -39.10000 0.00506 1.13748 -11
0.49501 -1.46921 0.00511 0 -2.80000 -37.75000 0.00506 1.15135 -11
-0.55273 1.23038 0.00511 0 2.10000 -33.75000 0.00506 1.21118 -11
0.54478 -1.24162 0.00511 0 -2.02500 -32.07500 0.00506 1.22722 -11
-2.87663 4.82240 0.00511 0 1.57500 -25.00000 0.00506 1.28813 -11
4.41887 -5.69226 0.00511 0 1.05000 -24.67500 0.00506 1.29153 -11
-1.62170 4.56123 0.00511 0 1.45000 8.55000 0.00506 1.60394 -11
