-0.06300 -0.84691 0.00252 0 -2.60000 -23.22500 0.00210 1.53466 11
1.43211 0.56338 0.00252 0 -3.15000 10.47500 0.00210 1.31352 11
-1.22003 -0.46921 0.00252 0 -1.20000 6.35000 0.00210 1.33399 11
1.25699 -0.09928 0.00252 0 -3.37500 4.37500 0.00210 1.34673 11
-2.18487 -0.72520 0.00252 0 -2.10000 1.47500 0.00210 1.36017 11
-8.60862 -10.63821 0.00252 0 -1.95000 -3.60000 0.00210 1.42757 11
2.83502 1.04093 0.00252 0 -1.67500 -35.00000 0.00210 1.59392 11
-5.92650 -0.78719 0.00252 0 -0.87500 -37.47500 0.00210 1.60980 11
-1.01739 -0.03758 0.00252 0 -0.45000 -40.47500 0.00210 1.62967 11
-1.30529 0.60232 0.00252 0 2.05000 62.87500 0.00210 1.06512 11
-5.30517 3.75427 0.00252 0 0.90000 54.70000 0.00210 1.11595 11
0.50116 0.73182 0.00252 0 -0.22500 53.47500 0.00210 1.12347 11
1.35820 -13.79339 0.00252 0 0.52500 52.72500 0.00210 1.13800 11
0.64426 -0.34421 0.00252 0 1.15000 53.80000 0.00210 1.14831 11
6.35592 -0.83872 0.00252 0 1.12500 53.87500 0.00210 1.14924 11
-5.37456 2.32802 0.00252 0 2.17500 63.82500 0.00210 1.03375 11
-5.80015 1.94453 0.00252 0 2.25000 63.67500 0.00210 1.03453 11
10.10897 -7.28754 0.00252 0 0.87500 57.20000 0.00210 1.06375 11
-1.89428 2.10310 0.00252 0 1.07500 56.90000 0.00210 1.06532 11
0.31618 -0.26339 0.00252 0 -1.67500 52.20000 0.00210 1.10070 11
-0.26322 0.27302 0.00252 0 -0.35000 51.97500 0.00210 1.10696 11
-8759.98433 -4247.63145 0.00252 0 -1.10000 53.95000 0.00210 1.12168 11
-0.91752 -0.43151 0.00306 0 8.35000 62.00000 0.00231 1.16146 11
-0.53910 -0.47993 0.00306 0 -3.87500 61.62500 0.00231 1.16488 11
1.26569 -0.76279 0.00306 0 6.20000 58.47500 0.00231 1.18003 11
-1.81627 1.23881 0.00306 0 7.55000 56.95000 0.00231 1.18771 11
-0.89013 0.89231 0.00306 0 6.67500 56.90000 0.00231 1.19625 11
1.69891 -0.07961 0.00306 0 7.52500 60.02500 0.00231 1.20979 11
-1.69378 -0.49235 0.00306 0 7.62500 60.22500 0.00231 1.21057 11
-0.12531 -0.76083 0.00306 0 6.80000 64.40000 0.00231 1.23892 11
0.20340 0.77838 0.00306 0 7.70000 64.37500 0.00231 1.24392 11
34.56812 19.90182 0.00306 0 -1.50000 62.00000 0.00231 0.99528 11
1.67637 1.39311 0.00306 0 -1.55000 61.90000 0.00231 0.99567 11
-1.13562 -0.93387 0.00306 0 0.27500 55.57500 0.00231 1.02753 11
0.70870 0.60528 0.00306 0 -1.90000 52.85000 0.00231 1.04097 11
-0.92090 -0.76188 0.00306 0 0.32500 49.35000 0.00231 1.06367 11
0.24539 -0.04441 0.00306 0 -2.22500 48.07500 0.00231 1.07603 11
-0.21875 0.14982 0.00306 0 0.42500 46.62500 0.00231 1.09180 11
0.26490 0.37286 0.00306 0 -1.97500 45.65000 0.00231 1.10382 11
0.01510 -0.56446 0.00306 0 0.32500 44.27500 0.00231 1.12162 11
-0.57413 1.29311 0.00306 0 0.05000 44.42500 0.00231 1.12300 11
0.45090 -1.12622 0.00306 0 1.12500 46.50000 0.00231 1.14416 11
0.51189 -9.33445 0.00306 0 0.57500 46.60000 0.00231 1.14624 11
0.01282 -0.74716 0.00105 0 -3.80000 -62.77500 0.00090 1.70304 11
2.78886 -0.59136 0.00231 0 1.32500 -12.37500 0.00084 1.12375 11
-2.47726 0.61422 0.00231 0 2.92500 -16.30000 0.00084 1.13864 11
2.69411 -1.10656 0.00231 0 3.17500 -16.87500 0.00084 1.14094 11
-4.91413 0.85298 0.00231 0 4.50000 -19.65000 0.00084 1.15168 11
-14.22491 1.16972 0.00231 0 2.45000 -24.85000 0.00084 1.17270 11
1.21458 0.79773 0.00231 0 2.35000 -25.52500 0.00084 1.17536 11
-0.82252 -0.75398 0.00231 0 3.62500 -28.65000 0.00084 1.19290 11
0.31838 0.98326 0.00231 0 1.80000 -29.37500 0.00084 1.20172 11
-0.65194 -1.05697 0.00231 0 2.75000 -30.52500 0.00084 1.21463 11
-1.68070 -2.03745 0.00301 0 6.22500 63.55000 0.00248 1.15420 11
-0.61472 3.44380 0.00301 0 5.80000 63.47500 0.00248 1.15579 11
0.49391 -7.66619 0.00301 0 6.12500 64.20000 0.00248 1.17514 11
-0.21482 4.22410 0.00301 0 5.95000 64.27500 0.00248 1.17587 11
0.25151 -0.17362 0.00301 0 5.17500 -64.60000 0.00248 1.99407 11
-0.21993 -0.19989 0.00301 0 2.45000 22.42500 0.00248 2.36129 11
-1.75505 1.02961 0.00331 0 3.55000 64.12500 0.00328 0.97190 11
3.81879 -1.80934 0.00331 0 1.62500 56.50000 0.00328 1.00299 11
-3.90031 1.71822 0.00331 0 2.45000 54.87500 0.00328 1.00941 11
1.71525 -2.98909 0.00331 0 3.12500 54.05000 0.00328 1.01287 11
-0.93793 1.06913 0.00331 0 3.85000 53.50000 0.00328 1.01617 11
0.18407 0.18345 0.00331 0 2.32500 51.82500 0.00328 1.02915 11
-0.22456 -0.18509 0.00331 0 3.92500 51.25000 0.00328 1.04114 11
1.28859 3.06969 0.00331 0 3.17500 54.15000 0.00328 1.01273 11
-0.34219 -0.74720 0.00331 0 2.25000 55.30000 0.00328 1.02550 11
0.43703 0.54606 0.00331 0 3.27500 55.87500 0.00328 1.03161 11
-4.86954 -2.12243 0.00252 0 5.20000 -47.67500 0.00134 -0.13130 11
-26.98860 -16.61425 0.00252 0 5.82500 -45.97500 0.00134 -0.12510 11
7.24575 8.81926 0.00252 0 6.72500 -45.00000 0.00134 -0.12039 11
-0.49806 -0.18731 0.00252 0 3.77500 -33.15000 0.00134 -0.07049 11
0.54898 0.21912 0.00252 0 6.47500 -31.12500 0.00134 -0.05535 11
-0.97725 0.11961 0.00252 0 3.92500 -28.62500 0.00134 -0.03737 11
0.70708 0.00584 0.00252 0 6.00000 -25.72500 0.00134 -0.02187 11
289.84940 -314.31839 0.00252 0 4.97500 -24.67500 0.00134 -0.00559 11
1.33247 0.06579 0.00252 0 6.05000 -26.37500 0.00134 0.00813 11
-0.77744 -0.21285 0.00252 0 7.12500 -28.95000 0.00134 0.02053 11
-1.20249 -0.13077 0.00252 0 6.87500 -28.97500 0.00134 0.02191 11
0.90728 0.09531 0.00252 0 7.90000 -27.67500 0.00134 0.02974 11
-0.18848 -0.12168 0.00252 0 -3.60000 -28.15000 0.00134 0.03495 11
-0.70369 -0.51964 0.00159 0 2.27500 23.95000 0.00112 0.13104 11
0.56097 0.42884 0.00159 0 4.47500 25.35000 0.00112 0.14164 11
-0.72468 -0.09092 0.00159 0 2.52500 27.85000 0.00112 0.15511 11
0.63779 0.12685 0.00159 0 4.52500 29.90000 0.00112 0.16722 11
0.31357 -0.22362 0.00159 0 2.05000 29.75000 0.00112 0.18284 11
-0.41984 0.24062 0.00159 0 4.30000 28.85000 0.00112 0.19441 11
-0.59628 0.32091 0.00159 0 1.35000 24.45000 0.00112 0.22422 11
0.62345 -0.79068 0.00159 0 2.47500 26.42500 0.00112 0.23953 11
-0.54584 0.42343 0.00159 0 1.22500 26.95000 0.00112 0.24586 11
0.43903 0.10119 0.00159 0 2.42500 28.02500 0.00112 0.25606 11
-7.94752 0.87371 0.00152 0 -0.67500 23.92500 0.00053 0.13090 11
-5.85822 0.57726 0.00152 0 -1.90000 41.70000 0.00053 0.19413 11
0.04221 0.22355 0.00152 0 -2.45000 42.52500 0.00053 0.21983 11
0.56255 -0.42984 0.00149 0 5.62500 -38.90000 0.00057 1.05036 11
-0.28051 0.55048 0.00149 0 7.80000 -39.72500 0.00057 1.06017 11
-0.22904 0.02239 0.00149 0 -3.95000 -39.85000 0.00057 1.06308 11
0.09637 -0.44891 0.00149 0 5.92500 -40.00000 0.00057 1.07286 11
-0.04032 0.55560 0.00149 0 8.02500 -40.25000 0.00057 1.08227 11
-0.17872 -0.00255 0.00149 0 -3.90000 -40.35000 0.00057 1.08535 11
-0.79450 0.72240 0.00149 0 -4.05000 -43.27500 0.00057 1.10770 11
-0.05858 1.58408 0.00149 0 -4.20000 -42.52500 0.00057 1.12918 11
1.05136 -0.46844 0.00149 0 6.52500 -43.50000 0.00057 1.14180 11
-4.13630 -0.85605 0.00149 0 7.15000 -45.22500 0.00057 1.14981 11
1.34259 0.33456 0.01273 0 6.02500 -58.70000 0.00968 0.79622 11
-1.53349 -0.76857 0.01273 0 2.17500 -46.57500 0.00968 0.84850 11
1.51384 0.73746 0.01273 0 5.77500 -41.57500 0.00968 0.87043 11
-1.53035 -0.91919 0.01273 0 2.17500 -30.22500 0.00968 0.91967 11
1.18582 0.68124 0.01273 0 5.65000 -25.57500 0.00968 0.94044 11
-1.01094 -0.47081 0.01273 0 1.50000 -16.92500 0.00968 0.98651 11
0.91702 0.52347 0.01273 0 5.42500 -12.27500 0.00968 1.00932 11
-1.22262 -0.31056 0.01273 0 0.80000 -5.65000 0.00968 1.04568 11
1.21056 0.23682 0.01273 0 4.42500 0.22500 0.00968 1.07150 11
-0.86323 -0.43647 0.01273 0 1.30000 6.97500 0.00968 1.09911 11
1.00009 0.29721 0.01273 0 5.27500 11.02500 0.00968 1.12108 11
-2.97864 -0.34745 0.01273 0 2.75000 18.17500 0.00968 1.14894 11
4.29249 0.88052 0.01273 0 4.45000 22.65000 0.00968 1.16561 11
-13.27811 22.29393 0.01273 0 3.82500 24.60000 0.00968 1.17325 11
0.63385 -0.77095 0.01273 0 5.60000 30.52500 0.00968 1.20929 11
-1.33233 1.56962 0.01273 0 2.97500 33.82500 0.00968 1.22715 11
0.27405 -3.71425 0.01273 0 3.82500 35.65000 0.00968 1.24607 11
-4.74082 -9.72430 0.01273 0 3.77500 34.37500 0.00968 1.26774 11
0.82454 0.63398 0.01273 0 3.62500 34.27500 0.00968 1.26869 11
-0.07146 -0.43376 0.01273 0 4.95000 34.22500 0.00968 1.28141 11
-0.06332 -0.59534 0.01273 0 3.65000 33.90000 0.00968 1.28977 11
-0.16635 0.91285 0.01273 0 4.47500 33.97500 0.00968 1.29372 11
-0.91324 -0.40601 0.00467 0 0.60000 56.67500 0.00374 1.35306 11
0.83896 0.31475 0.00467 0 -3.70000 52.77500 0.00374 1.37563 11
-0.49594 -0.16931 0.00467 0 0.42500 47.92500 0.00374 1.40727 11
0.69642 -0.04324 0.00467 0 -3.87500 44.62500 0.00374 1.43048 11
-0.58544 0.14381 0.00467 0 0.17500 40.55000 0.00374 1.45477 11
0.58161 -0.04145 0.00467 0 -4.20000 37.15000 0.00374 1.48525 11
23.65060 -16.41003 0.00467 0 8.37500 36.47500 0.00374 1.48972 11
-1.94145 -0.30573 0.00467 0 -2.72500 32.85000 0.00374 1.50319 11
0.83655 -0.10723 0.00467 0 6.97500 29.70000 0.00374 1.51796 11
1.65649 0.95085 0.00467 0 7.92500 22.42500 0.00374 1.55681 11
-0.17277 1.04820 0.00467 0 7.30000 19.52500 0.00374 1.58641 11
0.05116 -2.63615 0.00467 0 4.10000 30.87500 0.00374 1.82290 11
-0.03581 0.17934 0.00467 0 3.05000 31.30000 0.00374 1.82697 11
-0.07719 -0.02174 0.00467 0 6.12500 31.67500 0.00374 1.84521 11
0.97635 0.67292 0.00467 0 3.62500 30.20000 0.00374 1.85775 11
-0.92330 -0.77487 0.00467 0 5.20000 25.82500 0.00374 1.87991 11
0.50076 0.35747 0.00467 0 3.17500 24.40000 0.00374 1.89002 11
-0.26342 -0.61070 0.00467 0 5.42500 23.02500 0.00374 1.90811 11
-0.18786 0.00578 0.00467 0 3.22500 24.17500 0.00374 1.92103 11
0.27822 -0.13272 0.00467 0 5.32500 24.85000 0.00374 1.93319 11
2.21276 0.61468 0.00467 0 4.32500 24.25000 0.00374 1.94662 11
0.49642 0.37247 0.00467 0 3.85000 22.02500 0.00374 1.96448 11
-0.40619 -0.54686 0.00467 0 5.07500 20.87500 0.00374 1.97664 11
-11.23556 -8.82964 0.00467 0 4.82500 20.70000 0.00374 1.97850 11
0.72195 -0.31646 0.00467 0 4.80000 20.65000 0.00374 1.97888 11
-0.61785 0.92056 0.00467 0 5.22500 20.45000 0.00374 1.98161 11
0.53139 0.62405 0.00467 0 -3.25000 62.52500 0.00374 1.53033 11
-0.43862 -0.08271 0.00467 0 2.80000 56.17500 0.00374 1.58267 11
0.36148 -0.06784 0.00467 0 -3.10000 52.57500 0.00374 1.61466 11
-0.30974 -0.39011 0.00467 0 1.65000 49.57500 0.00374 1.64504 11
0.24986 0.19471 0.00467 0 -3.42500 47.35000 0.00374 1.66837 11
-0.32324 -0.02515 0.00467 0 1.67500 44.87500 0.00374 1.69864 11
0.57760 -0.15229 0.00467 0 -3.30000 42.72500 0.00374 1.72565 11
-0.60240 0.24552 0.00467 0 0.92500 39.00000 0.00374 1.74936 11
-0.59088 0.25023 0.00467 0 0.92500 39.00000 0.00374 1.74940 11
0.77122 0.01258 0.00467 0 -3.20000 34.42500 0.00374 1.77814 11
-0.51716 -0.07343 0.00467 0 0.87500 30.17500 0.00374 1.80453 11
0.98747 -0.08279 0.00467 0 -3.00000 26.45000 0.00374 1.82811 11
-0.73261 0.18523 0.00467 0 0.30000 22.12500 0.00374 1.85025 11
0.38310 -0.16085 0.00467 0 -2.92500 18.05000 0.00374 1.87206 11
-0.43678 0.19701 0.00467 0 1.02500 16.32500 0.00374 1.89215 11
0.67150 -0.73332 0.00467 0 -2.17500 12.02500 0.00374 1.91809 11
-0.64879 0.75586 0.00467 0 0.62500 10.37500 0.00374 1.93061 11
0.13922 -0.39555 0.00467 0 -2.80000 11.27500 0.00374 1.95570 11
-0.10485 0.42284 0.00467 0 0.45000 10.67500 0.00374 1.97008 11
0.06090 -0.80902 0.00467 0 -2.82500 11.22500 0.00374 1.99284 11
-0.12673 0.75597 0.00467 0 -0.27500 11.05000 0.00374 2.00292 11
0.44902 -0.98066 0.00467 0 -2.35000 8.27500 0.00374 2.02940 11
-0.48363 1.44602 0.00467 0 -0.52500 7.55000 0.00374 2.03688 11
0.90305 2.92046 0.00467 0 -1.17500 6.82500 0.00374 2.04184 11
1.33023 1.95680 0.00467 0 6.80000 56.27500 0.00374 1.44096 11
1.07588 1.54773 0.00467 0 7.67500 47.27500 0.00374 1.50593 11
1.08873 1.56751 0.00467 0 7.15000 10.45000 0.00374 1.77730 11
0.82382 0.11373 0.00467 0 6.97500 4.07500 0.00374 1.81858 11
-0.44620 -0.86710 0.00467 0 -2.52500 0.82500 0.00374 1.84330 11
1.69834 0.70460 0.00467 0 -4.27500 -0.72500 0.00374 1.85236 11
0.59423 -0.60270 0.00467 0 7.95000 -1.70000 0.00374 1.85688 11
-0.68482 -0.40796 0.00467 0 -2.47500 -3.35000 0.00374 1.87014 11
1.25520 0.15671 0.00467 0 -4.30000 -4.70000 0.00374 1.88223 11
-2.52061 -0.03340 0.00467 0 -4.00000 -7.85000 0.00374 1.89432 11
0.45725 0.65985 0.00467 0 -4.00000 -7.02500 0.00374 1.91388 11
-0.12288 -1.81234 0.00467 0 7.30000 -5.12500 0.00374 1.92500 11
0.79727 1.37104 0.00467 0 7.65000 -5.15000 0.00374 1.92660 11
1.53911 1.09736 0.00467 0 1.92500 63.52500 0.00374 1.43381 11
0.58907 0.27209 0.00211 0 4.87500 -63.20000 0.00089 1.97009 11
-0.02101 -0.33672 0.00211 0 2.97500 -63.60000 0.00089 1.99027 11
-0.00839 -0.05005 0.00211 0 5.35000 -63.75000 0.00089 2.00447 11
0.18783 -0.60567 0.00211 0 3.30000 -64.92500 0.00089 2.01698 11
0.52684 0.28877 0.01619 0 6.67500 58.07500 0.01453 0.73008 -11
-0.60888 -0.64460 0.01619 0 3.45000 39.42500 0.01453 0.87909 -11
0.44106 0.26461 0.01619 0 6.07500 19.15000 0.01453 1.03308 -11
-0.54680 -0.55542 0.01619 0 3.42500 1.12500 0.01453 1.18041 -11
0.56276 0.25446 0.01619 0 5.10000 -20.37500 0.01453 1.33327 -11
-0.61755 -0.68432 0.01619 0 3.45000 -41.05000 0.01453 1.48111 -11
0.51151 0.41765 0.01619 0 4.20000 -63.42500 0.01453 1.63582 -11
0.36077 0.66338 0.01619 0 2.25000 60.70000 0.01453 0.83003 -11
-0.44723 -1.02537 0.01619 0 2.30000 56.05000 0.01453 0.88079 -11
0.28978 0.89288 0.01619 0 1.65000 47.55000 0.01453 0.98395 -11
-0.61748 -0.79944 0.01619 0 -0.72500 41.40000 0.01453 1.04385 -11
0.80293 0.67019 0.01619 0 -2.27500 29.05000 0.01453 1.12753 -11
-0.78105 -0.51567 0.01619 0 2.05000 21.40000 0.01453 1.17006 -11
0.87283 0.30133 0.01619 0 -0.80000 11.27500 0.01453 1.23415 -11
-0.92480 0.03448 0.01619 0 2.80000 0.17500 0.01453 1.29199 -11
0.74766 -0.34529 0.01619 0 -1.87500 -8.80000 0.01453 1.33603 -11
-0.96204 0.62688 0.01619 0 2.70000 -18.97500 0.01453 1.40602 -11
0.80304 -0.38724 0.01619 0 -3.00000 -24.75000 0.01453 1.43699 -11
-1.01952 0.66328 0.01619 0 3.72500 -38.22500 0.01453 1.50493 -11
1.20566 -1.19010 0.01619 0 -4.12500 -42.62500 0.01453 1.52593 -11
-0.88270 -0.71021 0.00821 0 1.75000 48.67500 0.00601 0.73476 11
1.05933 0.49582 0.00821 0 5.05000 41.77500 0.00601 0.77462 11
-1.44816 -0.83721 0.00821 0 -0.22500 17.50000 0.00601 0.88256 11
1.39616 0.23809 0.00821 0 4.85000 6.35000 0.00601 0.92861 11
-1.33467 -0.26533 0.00821 0 -2.05000 -17.35000 0.00601 1.01921 11
1.48768 0.11627 0.00821 0 2.47500 -29.85000 0.00601 1.07172 11
-1.38279 0.07978 0.00821 0 8.40000 -43.70000 0.00601 1.12787 11
-1.63138 -0.02564 0.00821 0 -3.65000 -45.15000 0.00601 1.13370 11
2.10533 -0.08293 0.00821 0 2.40000 -57.60000 0.00601 1.18321 11
0.48659 0.53367 0.01619 0 0.85000 61.57500 0.01453 0.71336 -11
-0.54758 -0.56929 0.01619 0 -0.02500 44.30000 0.01453 0.84303 -11
0.45442 0.58751 0.01619 0 1.77500 28.42500 0.01453 0.99678 -11
-0.37032 -0.75234 0.01619 0 0.27500 16.70000 0.01453 1.11797 -11
0.47796 0.69110 0.01619 0 1.40000 2.70000 0.01453 1.27549 -11
-0.45775 -0.77696 0.01619 0 1.65000 -10.65000 0.01453 1.38947 -11
0.46546 0.70638 0.01619 0 1.80000 -25.42500 0.01453 1.54307 -11
-0.43616 -0.69661 0.01619 0 1.17500 -35.52500 0.01453 1.65834 -11
0.42468 0.68132 0.01619 0 0.77500 -49.35000 0.01453 1.80643 -11
-0.42575 -0.68268 0.01619 0 1.77500 -59.45000 0.01453 1.91401 -11
0.69119 0.73144 0.01619 0 -3.82500 58.17500 0.01453 0.73405 -11
0.64025 0.37082 0.01619 0 7.77500 57.67500 0.01453 0.73737 -11
-0.75833 -0.46759 0.01619 0 -4.05000 37.00000 0.01453 0.86485 -11
0.79145 0.52896 0.01619 0 6.95000 6.70000 0.01453 1.04033 -11
-0.82542 -0.75292 0.01619 0 -3.05000 -13.62500 0.01453 1.15571 -11
0.93131 0.80552 0.01619 0 5.62500 -46.85000 0.01453 1.34692 -11
-1.01987 -0.72762 0.01619 0 -2.60000 -64.30000 0.01453 1.44697 -11
0.62896 0.47121 0.01619 0 2.92500 57.42500 0.01453 0.73839 -11
-0.64809 -0.59026 0.01619 0 0.65000 36.00000 0.01453 0.88266 -11
0.64884 0.35944 0.01619 0 2.87500 13.37500 0.01453 1.03977 -11
-0.67183 -0.48972 0.01619 0 2.95000 -11.57500 0.01453 1.18675 -11
0.56348 0.22453 0.01619 0 3.42500 -32.60000 0.01453 1.32358 -11
-0.56005 -0.34910 0.01619 0 2.77500 -55.45000 0.01453 1.47823 -11
0.45353 0.39741 0.01619 0 4.55000 61.72500 0.01453 0.73185 -11
-0.57123 -0.95473 0.01619 0 2.00000 45.12500 0.01453 0.86339 -11
0.43211 0.67317 0.01619 0 4.62500 26.27500 0.01453 1.04038 -11
-0.46464 -0.92227 0.01619 0 2.12500 14.50000 0.01453 1.16100 -11
0.40202 0.50288 0.01619 0 5.27500 -0.42500 0.01453 1.32787 -11
-0.52782 -1.00823 0.01619 0 2.50000 -13.07500 0.01453 1.45472 -11
0.47490 0.73654 0.01619 0 3.27500 -32.10000 0.01453 1.62985 -11
-0.25857 -0.82558 0.01619 0 2.60000 -42.77500 0.01453 1.74127 -11
0.15998 0.47953 0.01619 0 5.55000 -49.17500 0.01453 1.89648 -11
-0.11559 -0.71455 0.01619 0 2.62500 -53.80000 0.01453 2.02277 -11
0.10728 0.36916 0.01619 0 5.40000 -56.87500 0.01453 2.16696 -11
-0.10835 -0.79657 0.01619 0 2.90000 -59.92500 0.01453 2.29341 -11
0.04125 0.66011 0.01619 0 4.47500 -64.32500 0.01453 2.44793 -11
-1.40690 -1.29052 0.01619 0 0.55000 52.85000 0.01453 0.83014 -11
1.81445 1.64018 0.01619 0 0.10000 12.85000 0.01453 1.01995 -11
-1.75607 -1.60766 0.01619 0 0.25000 1.65000 0.01453 1.07639 -11
2.37600 -0.42354 0.01619 0 3.35000 -64.15000 0.01453 1.35169 -11
0.65312 0.44607 0.01619 0 1.72500 55.42500 0.01453 0.73459 -11
-0.66122 -0.59026 0.01619 0 -0.70000 33.22500 0.01453 0.88291 -11
0.59003 0.39794 0.01619 0 1.17500 12.05000 0.01453 1.02599 -11
-0.52013 -0.48254 0.01619 0 -0.92500 -8.20000 0.01453 1.17196 -11
0.56149 0.42142 0.01619 0 1.40000 -27.15000 0.01453 1.32014 -11
-0.51774 -0.48464 0.01619 0 -0.30000 -46.85000 0.01453 1.46426 -11
-0.40707 -0.26379 0.01619 0 0.72500 48.75000 0.01453 0.88153 -11
0.34316 0.08705 0.01619 0 3.95000 34.62500 0.01453 1.01182 -11
-0.38758 -0.19587 0.01619 0 1.42500 16.87500 0.01453 1.18513 -11
0.41375 0.12066 0.01619 0 3.65000 2.97500 0.01453 1.30935 -11
-0.38466 -0.26127 0.01619 0 2.10000 -17.25000 0.01453 1.47068 -11
0.31376 0.03470 0.01619 0 4.22500 -28.62500 0.01453 1.59011 -11
-0.31511 -0.18863 0.01619 0 2.27500 -43.85000 0.01453 1.75582 -11
0.27848 -0.04374 0.01619 0 3.47500 -54.37500 0.01453 1.86791 -11
-0.20442 -0.16735 0.01619 0 1.35000 -63.42500 0.01453 2.03686 -11
-0.53287 -1.14893 0.01619 0 7.37500 53.67500 0.01453 0.87465 -11
0.29297 0.62896 0.01619 0 -0.35000 41.67500 0.01453 1.03394 -11
-0.36165 -1.00396 0.01619 0 7.35000 33.00000 0.01453 1.17107 -11
0.29026 0.55541 0.01619 0 -0.52500 22.60000 0.01453 1.32088 -11
-0.33176 -1.06551 0.01619 0 8.10000 14.40000 0.01453 1.45436 -11
-0.23374 -0.36314 0.01619 0 -4.40000 14.20000 0.01453 1.45731 -11
0.33312 0.43936 0.01619 0 -0.60000 4.90000 0.01453 1.59880 -11
-0.34282 -0.25689 0.01619 0 -3.87500 -6.77500 0.01453 1.74956 -11
0.32569 0.47692 0.01619 0 -1.95000 -18.97500 0.01453 1.88426 -11
-0.36179 -0.82130 0.01619 0 8.45000 -30.45000 0.01453 2.02677 -11
-0.23802 -0.23815 0.01619 0 -4.00000 -30.70000 0.01453 2.03009 -11
0.22658 0.51216 0.01619 0 -2.10000 -38.97500 0.01453 2.16019 -11
-0.27141 -0.86825 0.01619 0 8.15000 -43.20000 0.01453 2.29255 -11
-0.18974 -0.22040 0.01619 0 -4.22500 -43.35000 0.01453 2.29541 -11
0.19521 0.44300 0.01619 0 -3.15000 -51.60000 0.01453 2.42012 -11
-0.23618 -0.17455 0.01619 0 -3.80000 -60.97500 0.01453 2.56018 -11
0.45541 0.53417 0.01619 0 1.82500 59.05000 0.01453 0.73784 -11
-0.38628 -0.55297 0.01619 0 -2.70000 44.30000 0.01453 0.88169 -11
0.38767 0.62435 0.01619 0 1.60000 29.47500 0.01453 1.04472 -11
-0.28297 -0.62730 0.01619 0 -1.70000 16.95000 0.01453 1.17421 -11
0.29958 0.46099 0.01619 0 2.32500 4.12500 0.01453 1.32761 -11
-0.30322 -0.48579 0.01619 0 -1.92500 -6.25000 0.01453 1.46974 -11
0.31869 0.46574 0.01619 0 1.50000 -18.97500 0.01453 1.61675 -11
-0.32387 -0.54160 0.01619 0 -1.55000 -30.25000 0.01453 1.75168 -11
0.26217 0.56409 0.01619 0 1.57500 -40.97500 0.01453 1.90319 -11
-0.40157 -0.74136 0.01619 0 -0.22500 -51.35000 0.01453 2.02412 -11
0.70843 0.49762 0.01619 0 1.37500 53.50000 0.01453 0.73303 -11
-0.71027 -0.47879 0.01619 0 0.95000 31.10000 0.01453 0.87385 -11
0.81954 0.41925 0.01619 0 -0.97500 7.72500 0.01453 1.01056 -11
-0.64039 -0.35120 0.01619 0 1.72500 -15.20000 0.01453 1.14336 -11
0.62250 0.21248 0.01619 0 -0.45000 -34.40000 0.01453 1.26365 -11
-0.62483 -0.32806 0.01619 0 1.97500 -57.05000 0.01453 1.40645 -11
12.81248 -18.25349 0.01619 0 0.45000 31.77500 0.01453 0.87826 -11
-1.27663 3.88340 0.01619 0 0.27500 32.02500 0.01453 0.87962 -11
0.79959 -1.03515 0.01619 0 0.70000 31.87500 0.01453 0.88150 -11
0.81809 0.56343 0.01619 0 5.25000 48.10000 0.01453 0.75541 -11
-1.32375 -1.04145 0.01619 0 7.07500 24.10000 0.01453 0.88296 -11
1.03394 0.41392 0.01619 0 4.10000 -9.30000 0.01453 1.05112 -11
-1.38063 -1.11626 0.01619 0 8.50000 -34.55000 0.01453 1.17421 -11
-0.92119 -0.39478 0.01619 0 -4.10000 -35.45000 0.01453 1.17880 -11
-4.43493 -6.48803 0.01446 0 -0.95000 3.65000 0.01417 1.57930 -11
1.44631 0.47800 0.01446 0 1.22500 -2.82500 0.01417 1.60797 -11
-1.08282 -0.94754 0.01446 0 0.60000 -3.50000 0.01417 1.61166 -11
1.97979 1.80528 0.01446 0 -1.35000 3.35000 0.01417 1.57946 -11
-8.76267 -12.84548 0.01446 0 -0.82500 -0.67500 0.01417 1.60249 -11
-1.22154 -2.17235 0.01446 0 -0.62500 -18.40000 0.01417 1.77057 -11
0.56838 0.24678 0.01446 0 -2.97500 -19.10000 0.01417 1.78697 -11
-0.62505 0.11728 0.01446 0 -2.25000 -20.35000 0.01417 1.79428 -11
212.02765 79.02138 0.01446 0 -2.17500 -20.37500 0.01417 1.79537 -11
1.63257 -1.92623 0.01446 0 -2.17500 -20.35000 0.01417 1.79552 -11
-1.16696 -0.88295 0.00536 0 8.27500 64.00000 0.00412 1.63715 -11
-0.66192 -0.03807 0.00536 0 -4.05000 63.35000 0.00412 1.64079 -11
0.53949 0.10594 0.00536 0 1.65000 56.07500 0.00412 1.68207 -11
-0.89103 0.29296 0.00536 0 -3.62500 50.25000 0.00412 1.71701 -11
0.35926 -0.30220 0.00536 0 1.37500 44.95000 0.00412 1.74602 -11
-0.75177 -0.09814 0.00536 0 8.20000 41.05000 0.00412 1.78158 -11
-1.28107 1.30601 0.00536 0 -3.30000 40.15000 0.00412 1.78626 -11
-6.73571 1.71367 0.00536 0 2.22500 46.25000 0.00412 1.85014 -11
-7.83092 3.50213 0.00536 0 2.15000 46.55000 0.00412 1.85169 -11
4.40458 -2.70064 0.00536 0 1.02500 48.22500 0.00412 1.85821 -11
-0.96372 -0.53277 0.00536 0 3.27500 51.92500 0.00412 1.87745 -11
1.72264 0.97248 0.00536 0 1.72500 56.47500 0.00412 1.89766 -11
0.67060 -0.35860 0.00536 0 2.17500 56.57500 0.00412 1.89976 -11
-0.48432 0.09075 0.00536 0 0.02500 55.20000 0.00412 1.91359 -11
1.53069 -2.32460 0.00536 0 1.60000 52.42500 0.00412 1.93269 -11
10.15088 -10.25956 0.00536 0 1.25000 35.15000 0.00412 2.01740 -11
-0.72284 1.30402 0.00536 0 0.72500 28.70000 0.00412 2.05754 -11
1.26013 -1.86724 0.00536 0 1.72500 30.20000 0.00412 2.06717 -11
-0.26405 -0.32799 0.00536 0 5.75000 62.70000 0.00412 1.16359 -11
0.08797 -0.08054 0.00536 0 0.82500 62.35000 0.00412 1.20018 -11
-0.08310 -0.35524 0.00536 0 5.70000 63.17500 0.00412 1.24000 -11
-0.04996 -0.34293 0.00536 0 0.05000 64.50000 0.00412 1.27252 -11
-0.41111 -0.16685 0.01757 0 6.50000 54.42500 0.01619 0.55986 11
0.36879 0.04621 0.01757 0 -2.37500 43.80000 0.01619 0.65687 11
-0.38910 -0.16420 0.01757 0 6.70000 29.85000 0.01619 0.79795 11
0.23256 0.07339 0.01757 0 -1.75000 21.25000 0.01619 0.88947 11
-0.16985 -0.21963 0.01757 0 7.25000 14.35000 0.01619 1.02843 11
0.09656 0.15551 0.01757 0 -1.37500 11.12500 0.01619 1.11543 11
-0.17011 -0.28251 0.01757 0 6.67500 5.25000 0.01619 1.26000 11
0.24451 0.18999 0.01757 0 -1.27500 1.22500 0.01619 1.34461 11
-0.15330 -0.25892 0.01757 0 5.97500 -8.77500 0.01619 1.48357 11
0.16065 0.12992 0.01757 0 -1.20000 -11.70000 0.01619 1.56293 11
-0.23723 -0.30965 0.01757 0 5.52500 -20.85000 0.01619 1.70200 11
0.19995 0.19162 0.01757 0 -0.70000 -24.85000 0.01619 1.77677 11
-0.07169 -0.30729 0.01757 0 5.50000 -30.37500 0.01619 1.91643 11
0.01534 0.20956 0.01757 0 -0.97500 -31.65000 0.01619 1.99234 11
-0.04741 -0.42586 0.01757 0 5.00000 -31.85000 0.01619 2.12772 11
0.11444 0.30246 0.01757 0 0.85000 -33.57500 0.01619 2.19178 11
-0.15089 -0.49495 0.01757 0 4.67500 -35.75000 0.01619 2.31935 11
0.18718 0.27201 0.01757 0 1.27500 -38.20000 0.01619 2.38111 11
-0.30812 -0.61016 0.01757 0 2.35000 -49.65000 0.01619 2.51532 11
0.33128 0.41797 0.01757 0 1.00000 -53.17500 0.01619 2.56701 11
-0.39594 -0.07205 0.01757 0 5.92500 60.42500 0.01619 0.54123 11
0.42127 -0.28805 0.01757 0 4.07500 47.35000 0.01619 0.66277 11
-0.51745 -0.10211 0.01757 0 5.05000 27.25000 0.01619 0.83587 11
0.57788 -0.25914 0.01757 0 5.47500 10.60000 0.01619 0.95279 11
-0.62291 -0.18297 0.01757 0 3.47500 -16.00000 0.01619 1.12351 11
0.52055 -0.07120 0.01757 0 6.35000 -29.82500 0.01619 1.22008 11
-0.56620 -0.23949 0.01757 0 3.32500 -56.80000 0.01619 1.40147 11
-0.70927 -0.36169 0.01757 0 6.92500 48.25000 0.01619 0.58056 11
0.72679 0.25852 0.01757 0 -3.52500 29.15000 0.01619 0.68997 11
0.79156 -0.21933 0.01757 0 8.47500 28.47500 0.01619 0.69391 11
-0.83217 -0.39951 0.01757 0 6.57500 -9.85000 0.01619 0.90189 11
0.91406 0.25578 0.01757 0 -1.75000 -31.90000 0.01619 1.01141 11
-0.39401 -0.43488 0.01757 0 5.92500 58.47500 0.01619 0.57374 11
0.42949 0.04002 0.01757 0 5.67500 48.00000 0.01619 0.67257 11
-0.40890 -0.49249 0.01757 0 5.12500 21.05000 0.01619 0.90044 11
0.32791 0.17726 0.01757 0 5.92500 12.67500 0.01619 0.99155 11
-0.75314 -1.08762 0.01757 0 0.17500 -13.47500 0.01619 1.24198 11
0.73917 1.14989 0.01757 0 0.20000 -20.02500 0.01619 1.28830 11
-0.58958 -1.32679 0.01757 0 -2.62500 -45.55000 0.01619 1.52411 11
0.88212 2.33035 0.01757 0 0.55000 -48.27500 0.01619 1.55518 11
-0.54537 0.08566 0.01757 0 -3.55000 55.82500 0.01619 0.55695 11
0.57875 -0.38070 0.01757 0 6.92500 40.45000 0.01619 0.67664 11
-0.66151 0.04332 0.01757 0 7.15000 13.27500 0.01619 0.84522 11
0.83397 -0.70808 0.01757 0 7.20000 -9.57500 0.01619 0.98309 11
-0.72765 0.06833 0.01757 0 6.32500 -36.90000 0.01619 1.13725 11
0.80057 -0.59218 0.01757 0 7.30000 -61.22500 0.01619 1.27685 11
-0.51071 0.10011 0.01757 0 -1.50000 56.67500 0.01619 0.56409 11
0.54433 -0.37859 0.01757 0 7.07500 39.30000 0.01619 0.69353 11
-0.57562 0.18809 0.01757 0 -2.35000 11.32500 0.01619 0.88919 11
0.72619 -0.44441 0.01757 0 7.62500 -9.25000 0.01619 1.02241 11
-0.68894 -0.24110 0.01757 0 7.65000 -41.70000 0.01619 1.21654 11
-0.68658 0.11137 0.01757 0 -4.40000 -42.12500 0.01619 1.21911 11
0.65712 0.08647 0.01757 0 -3.45000 -61.32500 0.01619 1.33238 11
-0.31605 -0.28420 0.01757 0 1.12500 59.80000 0.01619 0.56954 11
0.33696 0.20516 0.01757 0 0.92500 51.60000 0.01619 0.66290 11
-0.37233 -0.25883 0.01757 0 1.32500 28.25000 0.01619 0.88854 11
0.32347 0.17726 0.01757 0 1.05000 18.77500 0.01619 0.98465 11
-0.35378 -0.29959 0.01757 0 1.02500 -2.12500 0.01619 1.20896 11
0.51908 0.20642 0.01757 0 3.30000 -13.32500 0.01619 1.29757 11
-0.52850 -0.38358 0.01757 0 1.52500 -41.07500 0.01619 1.51938 11
0.51255 0.11573 0.01757 0 4.25000 -53.55000 0.01619 1.60921 11
-0.42300 -0.01543 0.01757 0 -2.47500 55.02500 0.01619 0.57402 11
0.47859 0.20925 0.01757 0 -3.35000 40.60000 0.01619 0.68308 11
-0.48517 -0.01300 0.01757 0 -3.20000 12.27500 0.01619 0.88836 11
0.41516 0.28866 0.01757 0 -3.37500 0.32500 0.01619 0.99007 11
-0.41372 -0.36347 0.01757 0 8.40000 -23.92500 0.01619 1.19657 11
-0.35092 -0.05272 0.01757 0 -3.77500 -24.25000 0.01619 1.19983 11
0.36184 0.28621 0.01757 0 -3.37500 -33.55000 0.01619 1.29562 11
-0.37746 -0.47585 0.01757 0 7.45000 -52.45000 0.01619 1.50678 11
0.40739 0.36230 0.01757 0 -3.62500 -62.00000 0.01619 1.60232 11
0.37000 -0.08150 0.01757 0 8.25000 -62.35000 0.01619 1.60556 11
-0.31544 -0.23380 0.01757 0 -3.82500 56.17500 0.01619 0.58319 11
-0.00396 0.83803 0.01757 0 -2.95000 56.22500 0.01619 0.58773 11
-0.54603 -0.11767 0.01757 0 -2.35000 53.17500 0.01619 0.57578 11
0.59975 0.28645 0.01757 0 -2.12500 37.95000 0.01619 0.67994 11
-0.55653 -0.07875 0.01757 0 -3.07500 3.22500 0.01619 0.89849 11
0.47960 0.12317 0.01757 0 -3.50000 -10.80000 0.01619 1.00429 11
-0.56697 0.02078 0.01757 0 -3.30000 -42.07500 0.01619 1.21182 11
0.53997 0.23433 0.01757 0 -2.95000 -56.80000 0.01619 1.31706 11
-0.65813 0.08111 0.01757 0 -2.55000 49.12500 0.01619 0.56266 11
0.63392 0.09371 0.01757 0 -3.77500 28.87500 0.01619 0.68613 11
0.62275 -0.39728 0.01757 0 8.37500 28.30000 0.01619 0.68971 11
-0.60877 0.15964 0.01757 0 -1.50000 -0.97500 0.01619 0.88823 11
0.48661 0.07904 0.01757 0 -4.35000 -19.17500 0.01619 1.01701 11
0.55849 -0.37538 0.01757 0 7.75000 -19.47500 0.01619 1.01948 11
-0.45025 0.09735 0.01757 0 -2.50000 -45.22500 0.01619 1.21687 11
0.48320 0.12009 0.01757 0 -4.42500 -59.67500 0.01619 1.33305 11
0.47519 -0.34575 0.01757 0 7.62500 -59.95000 0.01619 1.33537 11
-0.45065 -0.08585 0.01757 0 -0.47500 54.42500 0.01619 0.57839 11
0.45324 0.19091 0.01757 0 -2.42500 41.17500 0.01619 0.68789 11
-0.49721 -0.16682 0.01757 0 -1.50000 12.55000 0.01619 0.91006 11
0.49212 0.15515 0.01757 0 -1.25000 -1.30000 0.01619 1.01129 11
-0.60045 -0.22056 0.01757 0 -0.60000 -29.72500 0.01619 1.22894 11
0.55641 0.32927 0.01757 0 1.62500 -43.75000 0.01619 1.32294 11
-0.92096 -0.80624 0.01757 0 -0.87500 51.17500 0.01619 0.57193 11
1.05032 0.99847 0.01757 0 -0.17500 43.10000 0.01619 0.61956 11
-0.97769 -0.98115 0.01757 0 -1.70000 5.60000 0.01619 0.82546 11
1.55613 1.54164 0.01757 0 1.42500 -2.47500 0.01619 0.86605 11
2.36134 2.29234 0.01757 0 2.10000 -51.52500 0.01619 1.10693 11
-0.50430 -0.37479 0.01757 0 5.72500 54.90000 0.01619 0.57915 11
0.55719 -0.04638 0.01757 0 5.75000 40.80000 0.01619 0.68389 11
-0.63246 -0.30599 0.01757 0 5.22500 7.87500 0.01619 0.89873 11
0.53720 0.04740 0.01757 0 6.12500 -6.85000 0.01619 1.00137 11
-0.56276 -0.42080 0.01757 0 4.75000 -36.77500 0.01619 1.22131 11
0.45316 0.03229 0.01757 0 6.15000 -49.70000 0.01619 1.31826 11
-0.48540 -0.20645 0.01757 0 0.65000 58.80000 0.01619 0.58792 11
0.42248 0.16673 0.01757 0 -1.25000 46.75000 0.01619 0.69528 11
-0.44755 -0.09391 0.01757 0 0.17500 19.35000 0.01619 0.91338 11
0.46807 0.12888 0.01757 0 -1.50000 6.32500 0.01619 1.02215 11
-0.46079 -0.06686 0.01757 0 -0.25000 -21.57500 0.01619 1.22933 11
0.48885 0.08554 0.01757 0 -1.02500 -36.02500 0.01619 1.33795 11
-0.52706 -0.07374 0.01757 0 -0.02500 -62.97500 0.01619 1.53802 11
-0.40017 -0.02521 0.01757 0 3.47500 57.22500 0.01619 0.56120 11
0.37450 -0.05117 0.01757 0 -1.07500 44.30000 0.01619 0.68562 11
-0.38827 -0.01880 0.01757 0 3.65000 24.97500 0.01619 0.88871 11
0.40580 -0.04828 0.01757 0 0.22500 11.22500 0.01619 1.01025 11
-0.50447 -0.03246 0.01757 0 3.52500 -11.65000 0.01619 1.20395 11
0.42422 -0.07187 0.01757 0 0.85000 -26.60000 0.01619 1.32504 11
-0.36208 -0.19948 0.01757 0 2.62500 -50.22500 0.01619 1.52503 11
0.28315 0.08336 0.01757 0 1.77500 -60.20000 0.01619 1.62652 11
-0.45226 -0.06335 0.01757 0 6.07500 57.12500 0.01619 0.55878 11
0.33595 -0.19456 0.01757 0 1.85000 42.40000 0.01619 0.68687 11
-0.24966 0.07523 0.01757 0 7.70000 26.20000 0.01619 0.87612 11
-0.25557 0.46575 0.01757 0 -4.10000 26.05000 0.01619 0.87861 11
0.22467 -0.27445 0.01757 0 1.50000 17.85000 0.01619 1.01206 11
-0.09607 -0.00979 0.01757 0 7.22500 4.45000 0.01619 1.19354 11
0.02342 -0.20827 0.01757 0 1.37500 3.22500 0.01619 1.32100 11
-0.01020 0.00468 0.01757 0 7.25000 2.20000 0.01619 1.50657 11
0.02698 -0.23105 0.01757 0 1.55000 -0.02500 0.01619 1.63566 11
0.00123 0.09679 0.01757 0 7.55000 -0.52500 0.01619 1.80630 11
0.02950 0.50261 0.01757 0 -4.27500 -0.52500 0.01619 1.80853 11
-0.04461 -0.44503 0.01757 0 1.50000 1.92500 0.01619 1.94561 11
0.42569 0.48521 0.01757 0 3.92500 16.22500 0.01619 2.07748 11
-0.43022 -0.58649 0.01757 0 0.75000 35.47500 0.01619 2.24061 11
0.58370 0.42804 0.01757 0 2.92500 55.62500 0.01619 2.38523 11
-0.43425 -0.08355 0.01757 0 -1.92500 55.47500 0.01619 0.58215 11
0.45047 0.25873 0.01757 0 -3.42500 43.50000 0.01619 0.68785 11
-0.39974 -0.00559 0.01757 0 -2.07500 16.55000 0.01619 0.90353 11
0.40600 0.23130 0.01757 0 -3.82500 3.77500 0.01619 1.01301 11
0.29433 -0.21700 0.01757 0 8.15000 3.45000 0.01619 1.01603 11
-0.33127 -0.00637 0.01757 0 -1.15000 -14.02500 0.01619 1.22303 11
0.35960 0.20549 0.01757 0 -3.45000 -24.35000 0.01619 1.33221 11
-0.23437 -0.05957 0.01757 0 -1.12500 -41.50000 0.01619 1.53420 11
0.16696 0.06226 0.01757 0 1.90000 -46.22500 0.01619 1.61923 11
-0.20624 -0.08921 0.01757 0 -1.55000 -55.85000 0.01619 1.78050 11
0.22166 0.07215 0.01757 0 1.72500 -61.17500 0.01619 1.86535 11
-0.64285 -0.02286 0.01757 0 0.55000 54.77500 0.01619 0.58844 11
0.84969 -0.05273 0.01757 0 0.87500 31.62500 0.01619 0.71275 11
-0.99696 0.05769 0.01757 0 -1.37500 -10.65000 0.01619 0.91576 11
