-3.66779 0.25211 0.04598 0 -2.82500 13.95000 0.01251 0.08651 -11
-3.43069 -0.02508 0.04598 0 -1.12500 13.60000 0.01251 0.08507 -11
-3.57099 0.13022 0.04598 0 -1.35000 13.75000 0.01251 0.08574 -11
-3.99614 -0.03677 0.04598 0 3.32500 14.27500 0.01251 0.08762 -11
-3.50627 0.08055 0.04598 0 3.82500 14.37500 0.01251 0.08802 -11
-3.56521 -0.04418 0.04598 0 5.25000 14.92500 0.01251 0.08995 -11
-3.35172 0.00433 0.04598 0 6.27500 15.80000 0.01251 0.09288 -11
-3.98203 -0.07232 0.04598 0 4.45000 14.80000 0.01251 0.08917 -11
-3.36816 0.17289 0.04598 0 0.25000 13.47500 0.01251 0.08490 -11
-3.26427 -0.06782 0.04598 0 3.65000 14.22500 0.01251 0.08716 -11
-2.13235 2.16372 0.00148 0 3.62500 14.25000 0.00118 0.08733 11
-5.08238 4.34042 0.00212 0 3.57500 14.32500 0.00115 0.08792 11
0.59231 -2.25078 0.00212 0 4.87500 19.20000 0.00115 0.12171 11
0.56456 0.48752 0.00212 0 2.90000 18.70000 0.00115 0.12919 11
-0.47720 -0.60153 0.00212 0 5.37500 16.52500 0.00115 0.15029 11
0.79900 9.12235 0.00212 0 2.80000 16.02500 0.00115 0.16024 11
3.04308 7.60359 0.00212 0 2.90000 14.12500 0.00115 0.18261 11
-0.60672 -0.47047 0.00212 0 4.15000 3.72500 0.00115 0.28534 11
0.22383 0.18212 0.00212 0 2.47500 3.75000 0.00115 0.29503 11
-0.25580 -0.25511 0.00212 0 3.92500 3.00000 0.00115 0.30512 11
-0.07291 1.20070 0.00212 0 2.35000 3.05000 0.00115 0.31436 11
-1.29236 -2.58097 0.00212 0 2.80000 3.65000 0.00115 0.32694 11
-17.89259 10.06864 0.00212 0 3.05000 3.22500 0.00115 0.33077 11
-2.46208 1.15743 0.00212 0 3.27500 2.77500 0.00115 0.33404 11
-3.78332 -0.07585 0.04598 0 1.50000 13.57500 0.01251 0.08525 -11
-3.38045 -0.00072 0.04598 0 1.15000 13.47500 0.01251 0.08490 -11
-4.64271 -0.42822 0.04598 0 1.97500 13.80000 0.01251 0.08609 -11
-3.24557 -0.19945 0.04598 0 7.07500 16.45000 0.01251 0.09499 -11
-3.70596 0.11815 0.04598 0 -3.90000 14.42500 0.01251 0.08816 -11
-3.62789 -0.30551 0.04598 0 8.12500 17.35000 0.01251 0.09827 -11
-3.61277 -0.00346 0.04598 0 6.77500 16.30000 0.01251 0.09460 -11
-3.57930 0.12213 0.04598 0 1.27500 13.77500 0.01251 0.08584 -11
8.09235 -8.35147 0.04598 0 1.25000 13.67500 0.01251 0.08524 -11
-3.54724 -0.01763 0.04598 0 3.07500 14.12500 0.01251 0.08709 -11
-3.43262 0.02155 0.04598 0 3.00000 14.10000 0.01251 0.08701 -11
-3.22289 -0.00161 0.04598 0 4.50000 14.82500 0.01251 0.08953 -11
0.45684 1.88543 0.00791 0 -0.00000 -36.75000 0.00199 2.95593 -11
-0.07097 -1.55300 0.00791 0 -2.60000 -37.15000 0.00199 2.96537 -11
1.04923 3.29320 0.00791 0 -2.10000 -49.25000 0.00199 3.08649 -11
0.41812 -4.91676 0.00791 0 -2.90000 -49.42500 0.00199 3.08927 -11
0.28387 0.11124 0.00791 0 -3.30000 -54.17500 0.00199 3.20793 -11
-0.88443 0.85895 0.00791 0 -2.25000 -55.07500 0.00199 3.21452 -11
-8.49763 18.81654 0.00791 0 -2.05000 -55.35000 0.00199 3.21622 -11
1.19060 3.36936 0.00597 0 -0.80000 17.72500 0.00592 1.23966 -11
-0.10268 1.76933 0.00597 0 -0.57500 18.50000 0.00592 1.24229 -11
0.04744 -1.58707 0.00597 0 -1.47500 19.32500 0.00592 1.26424 -11
137.76218 -90.28069 0.00597 0 -1.57500 19.42500 0.00592 1.26495 -11
-0.94616 0.56744 0.00597 0 -1.60000 19.57500 0.00592 1.26573 -11
-0.56955 -0.58672 0.00597 0 -2.30000 19.50000 0.00592 1.26929 -11
-3.71214 2.74252 0.00597 0 -3.45000 -24.55000 0.00592 3.00203 -11
2.81757 -0.18438 0.00597 0 -4.07500 -23.70000 0.00592 3.00567 -11
-1.82015 -0.91241 0.00597 0 -3.90000 -23.20000 0.00592 3.00779 -11
1.52768 -0.13733 0.00597 0 6.92500 -18.12500 0.00592 3.03043 -11
-1.67659 0.94645 0.00597 0 -2.67500 -13.90000 0.00592 3.05086 -11
1.26881 -1.74465 0.00597 0 -3.45000 -13.65000 0.00592 3.05424 -11
976.17471 -522.33774 0.00597 0 -2.07500 -12.50000 0.00592 3.06801 -11
0.28555 -0.24857 0.00597 0 -1.32500 -12.22500 0.00592 3.08260 -11
-0.34663 -0.15984 0.00597 0 -2.37500 -13.05000 0.00592 3.09055 -11
-1.20069 -0.81548 0.00597 0 5.15000 64.45000 0.00592 1.13720 -11
1.20471 -0.00975 0.00597 0 -0.80000 54.20000 0.00592 1.19014 -11
-0.97167 -0.62088 0.00597 0 7.27500 47.35000 0.00592 1.22199 -11
0.95943 0.09071 0.00597 0 0.30000 39.17500 0.00592 1.26105 -11
-1.39674 -1.37871 0.00597 0 7.77500 33.02500 0.00592 1.29039 -11
0.45618 0.53956 0.00597 0 0.77500 27.85000 0.00592 1.34218 -11
-1.04824 -2.82909 0.00597 0 7.90000 25.45000 0.00592 1.36377 -11
0.01831 0.23259 0.00597 0 -1.35000 19.45000 0.00592 1.41995 -11
0.17189 -0.07908 0.00597 0 3.87500 21.35000 0.00592 1.45546 -11
-0.29236 0.10238 0.00597 0 -4.10000 21.47500 0.00592 1.47304 -11
-0.02742 -0.15372 0.00597 0 7.87500 21.67500 0.00592 1.47565 -11
0.15774 0.54965 0.00597 0 4.75000 22.27500 0.00592 1.49780 -11
-0.50630 -0.70438 0.00597 0 7.77500 22.55000 0.00592 1.51145 -11
0.80845 0.91256 0.00597 0 6.12500 25.20000 0.00592 1.53252 -11
-0.59320 -0.17868 0.00597 0 -4.37500 26.50000 0.00592 1.54016 -11
-0.80994 -0.50352 0.00597 0 7.75000 26.82500 0.00592 1.54284 -11
0.92399 0.40988 0.00597 0 6.20000 29.92500 0.00592 1.56044 -11
0.45997 -0.56575 0.00597 0 -4.17500 29.70000 0.00592 1.56770 -11
-0.08392 1.90534 0.00597 0 7.77500 29.62500 0.00592 1.57148 -11
0.30524 -1.30203 0.00597 0 7.25000 29.67500 0.00592 1.57365 -11
-0.02437 -0.19233 0.00597 0 8.35000 30.45000 0.00592 1.58146 -11
0.59643 -0.25341 0.00597 0 7.22500 31.30000 0.00592 1.59098 -11
-0.67637 -0.18222 0.00597 0 1.35000 60.62500 0.00592 1.21398 -11
0.46768 0.22060 0.00597 0 -3.35000 55.75000 0.00592 1.25413 -11
0.65045 -0.01469 0.00597 0 8.47500 55.30000 0.00592 1.25787 -11
-0.40872 0.41005 0.00597 0 2.15000 47.45000 0.00592 1.30753 -11
0.24860 -0.35226 0.00597 0 -4.47500 45.42500 0.00592 1.32913 -11
0.46611 -0.38555 0.00597 0 7.85000 45.25000 0.00592 1.33168 -11
-0.20824 -0.00367 0.00597 0 0.92500 40.45000 0.00592 1.37976 -11
-0.14714 0.81324 0.00597 0 5.77500 38.10000 0.00592 1.43044 -11
0.12360 -0.86455 0.00597 0 0.82500 38.90000 0.00592 1.44972 -11
-0.58501 0.79268 0.00597 0 5.67500 42.32500 0.00592 1.49651 -11
0.58697 -0.80516 0.00597 0 1.20000 44.50000 0.00592 1.51550 -11
-1.26650 0.95859 0.00597 0 4.47500 53.65000 0.00592 1.56334 -11
1.11650 -0.93900 0.00597 0 0.97500 56.80000 0.00592 1.58049 -11
0.01303 -0.46474 0.00597 0 7.47500 64.95000 0.00592 1.25490 -11
0.24378 -0.42392 0.00597 0 2.15000 64.62500 0.00592 1.15411 -11
-0.71813 0.00540 0.00597 0 7.22500 57.40000 0.00592 1.20943 -11
0.65696 -0.61445 0.00597 0 1.72500 53.52500 0.00592 1.23968 -11
-0.73715 0.73682 0.00597 0 -3.37500 44.32500 0.00592 1.29324 -11
0.73453 -0.43506 0.00597 0 2.62500 40.05000 0.00592 1.32240 -11
-1.63649 1.49267 0.00597 0 -2.00000 29.42500 0.00592 1.38403 -11
1.34093 -0.66610 0.00597 0 0.55000 24.85000 0.00592 1.40219 -11
-1.95792 0.97004 0.00597 0 -1.42500 14.42500 0.00592 1.44733 -11
1.51597 -0.61544 0.00597 0 -1.22500 13.90000 0.00592 1.44937 -11
1.36179 0.16227 0.00597 0 7.30000 13.52500 0.00592 1.48585 -11
0.38490 0.26984 0.00597 0 7.42500 15.82500 0.00592 1.51878 -11
-0.44375 -0.21053 0.00597 0 1.57500 59.77500 0.00592 1.17521 -11
2.79231 0.53529 0.00597 0 6.15000 43.25000 0.00592 1.24051 -11
-2.42381 -0.44864 0.00597 0 3.10000 32.67500 0.00592 1.27836 -11
1.57192 1.28095 0.00597 0 -3.40000 19.02500 0.00592 1.34749 -11
2.41954 1.62706 0.00597 0 7.50000 17.72500 0.00592 1.35390 -11
-2.32519 -1.55771 0.00597 0 4.55000 13.75000 0.00592 1.37088 -11
2.07044 0.71056 0.00597 0 5.95000 -25.85000 0.00592 1.53734 -11
-2.11052 -1.03065 0.00597 0 2.70000 -31.95000 0.00592 1.56139 -11
0.84226 0.42920 0.00597 0 6.00000 -45.55000 0.00592 1.62045 -11
-0.74704 -0.34762 0.00597 0 0.30000 -50.80000 0.00592 1.65159 -11
1.07522 0.18435 0.00597 0 5.02500 -60.12500 0.00592 1.70350 -11
-0.29098 -0.69108 0.00597 0 8.17500 64.17500 0.00592 1.01933 -11
-0.15288 0.01004 0.00597 0 -4.10000 64.05000 0.00592 1.02216 -11
-0.07221 -0.25079 0.00597 0 4.20000 62.87500 0.00592 1.06350 -11
-0.19143 -0.83638 0.00597 0 0.67500 64.60000 0.00592 2.63242 -11
0.41636 0.76090 0.00597 0 6.62500 60.45000 0.00592 2.68541 -11
-0.37772 -0.75533 0.00597 0 1.27500 58.47500 0.00592 2.70703 -11
0.77690 1.31701 0.00597 0 5.67500 50.35000 0.00592 2.76366 -11
-0.60221 -1.20925 0.00597 0 1.60000 48.52500 0.00592 2.77980 -11
1.46358 0.97633 0.00597 0 1.17500 48.15000 0.00592 2.78203 -11
-1.52999 -1.34494 0.00597 0 -1.90000 44.87500 0.00592 2.79794 -11
1.59455 0.76658 0.00597 0 2.07500 36.82500 0.00592 2.84252 -11
-1.56518 -0.42855 0.00597 0 -0.70000 32.37500 0.00592 2.86126 -11
1.12718 0.10430 0.00597 0 2.00000 24.30000 0.00592 2.89346 -11
-1.27958 -0.01630 0.00597 0 -1.32500 18.95000 0.00592 2.91769 -11
0.89106 0.07997 0.00597 0 1.75000 12.95000 0.00592 2.94382 -11
-0.71874 -0.05516 0.00597 0 -1.67500 7.97500 0.00592 2.96838 -11
0.48772 0.01681 0.00597 0 2.75000 6.30000 0.00592 2.99505 -11
-0.43813 -0.00847 0.00597 0 -1.30000 3.15000 0.00592 3.01928 -11
0.60130 -0.19407 0.00597 0 2.27500 0.92500 0.00592 3.04032 -11
-0.64486 0.23085 0.00597 0 -0.90000 -2.35000 0.00592 3.06332 -11
0.28223 -0.22228 0.00597 0 1.80000 -4.67500 0.00592 3.07852 -11
-0.00205 0.07157 0.00597 0 -1.05000 -6.00000 0.00592 3.09801 -11
-0.28900 0.12930 0.00597 0 1.65000 -7.37500 0.00592 3.11768 -11
0.32905 -0.23941 0.00597 0 -0.92500 -6.15000 0.00592 3.13098 -11
-0.40314 -0.71009 0.00597 0 1.47500 -4.32500 0.00592 3.14912 -11
0.36307 1.15748 0.00597 0 -0.40000 -2.57500 0.00592 3.16966 -11
0.02946 -3.79104 0.00597 0 0.07500 -2.57500 0.00592 3.17137 -11
-0.13658 4.37396 0.00597 0 -0.35000 -1.87500 0.00592 3.19186 -11
1.21760 -2.91387 0.00597 0 -0.12500 -1.92500 0.00592 3.19274 -11
-1.24947 2.84646 0.00597 0 -0.32500 -12.60000 0.00592 3.28896 -11
-3.57328 2.90552 0.00597 0 0.15000 -12.77500 0.00592 3.29291 -11
0.32905 1.55244 0.00597 0 5.72500 61.92500 0.00592 1.12044 -11
-0.24722 -1.53472 0.00597 0 0.37500 61.15000 0.00592 1.13966 -11
0.04679 1.17359 0.00597 0 5.22500 57.90000 0.00592 1.22344 -11
-0.00807 -1.13221 0.00597 0 -0.72500 57.85000 0.00592 1.24504 -11
-0.43696 1.03313 0.00597 0 6.85000 60.50000 0.00592 1.31230 -11
0.55512 -1.03344 0.00597 0 0.97500 62.47500 0.00592 1.33498 -11
0.97069 0.36831 0.00597 0 6.10000 60.05000 0.00592 0.98769 -11
-0.24321 -0.08111 0.00597 0 0.97500 55.05000 0.00592 1.01827 -11
0.54540 0.34857 0.00597 0 -4.50000 51.35000 0.00592 1.05754 -11
0.42908 0.07309 0.00597 0 7.37500 51.05000 0.00592 1.05973 -11
-0.09594 -0.17435 0.00597 0 0.82500 49.10000 0.00592 1.09278 -11
0.04169 -0.10771 0.00597 0 6.97500 48.05000 0.00592 1.12897 -11
0.06135 0.18316 0.00597 0 1.10000 48.67500 0.00592 1.16340 -11
-0.11275 -0.29241 0.00597 0 6.47500 50.07500 0.00592 1.18792 -11
-0.63279 0.34746 0.00597 0 1.62500 48.52500 0.00592 1.22032 -11
1.11460 -0.64074 0.00597 0 4.82500 42.77500 0.00592 1.24519 -11
-1.71805 2.29953 0.00597 0 2.45000 36.35000 0.00592 1.28361 -11
0.14980 0.39624 0.00597 0 2.80000 34.87500 0.00592 1.28919 -11
-0.15296 -0.32364 0.00597 0 -0.40000 34.40000 0.00592 1.30365 -11
0.42908 0.09441 0.00597 0 2.75000 32.67500 0.00592 1.32270 -11
-0.13190 0.02937 0.00597 0 -0.35000 31.32500 0.00592 1.33921 -11
-0.37686 0.06647 0.00597 0 2.52500 33.37500 0.00592 1.35738 -11
0.21819 0.04050 0.00597 0 -0.32500 34.80000 0.00592 1.37305 -11
-0.32384 0.31684 0.00597 0 2.55000 34.37500 0.00592 1.39103 -11
0.28578 -0.31396 0.00597 0 -0.00000 35.42500 0.00592 1.40349 -11
-0.09809 0.86608 0.00597 0 1.22500 40.02500 0.00592 1.42420 -11
0.15899 -0.85540 0.00597 0 -0.57500 40.02500 0.00592 1.43147 -11
0.35027 0.82505 0.00597 0 1.27500 38.75000 0.00592 1.44970 -11
-0.36986 -0.97046 0.00597 0 -0.27500 38.42500 0.00592 1.45621 -11
0.75535 0.49188 0.00597 0 0.92500 35.97500 0.00592 1.46980 -11
-6.93673 -2.11640 0.00597 0 -0.47500 34.92500 0.00592 1.47775 -11
-1.05241 0.43562 0.00597 0 -1.60000 33.05000 0.00592 1.48861 -11
0.73147 0.21601 0.00597 0 -2.72500 56.12500 0.00592 1.08512 -11
-0.30346 -0.16443 0.00597 0 2.45000 49.32500 0.00592 1.12923 -11
0.35295 0.10511 0.00597 0 -1.50000 44.97500 0.00592 1.17078 -11
-0.64774 -0.15789 0.00597 0 3.72500 39.55000 0.00592 1.21218 -11
0.64859 -0.16423 0.00597 0 -1.40000 33.70000 0.00592 1.25071 -11
-0.93542 0.10403 0.00597 0 4.60000 23.80000 0.00592 1.30469 -11
1.29986 -0.31837 0.00597 0 -3.02500 16.15000 0.00592 1.33731 -11
-0.34212 -0.41890 0.00597 0 4.07500 11.05000 0.00592 1.37105 -11
-0.32299 0.15137 0.00597 0 -1.32500 10.00000 0.00592 1.40781 -11
0.49604 -0.54272 0.00597 0 4.75000 13.25000 0.00592 1.43750 -11
-0.71595 0.52359 0.00597 0 -1.97500 19.32500 0.00592 1.47731 -11
0.82400 -0.89912 0.00597 0 5.20000 23.17500 0.00592 1.50148 -11
-0.25903 0.42788 0.00597 0 -2.15000 29.50000 0.00592 1.54321 -11
0.26693 -0.94054 0.00597 0 5.17500 30.67500 0.00592 1.56405 -11
-0.78971 1.02380 0.00597 0 -3.00000 33.97500 0.00592 1.60052 -11
-1.68334 2.89727 0.00597 0 7.75000 34.95000 0.00592 1.60689 -11
3.19356 -6.67014 0.00597 0 6.87500 35.42500 0.00592 1.61043 -11
0.79581 1.89830 0.00597 0 -2.85000 35.45000 0.00592 1.64169 -11
-1.27692 -2.52458 0.00597 0 -4.27500 34.87500 0.00592 1.64723 -11
0.95314 1.58644 0.00597 0 -3.47500 30.10000 0.00592 1.68106 -11
0.82190 0.63751 0.00597 0 7.72500 29.17500 0.00592 1.71581 -11
0.35349 1.06984 0.00597 0 6.90000 64.60000 0.00592 1.12094 -11
-0.43678 -1.07682 0.00597 0 -0.12500 62.52500 0.00592 1.14788 -11
1.10823 2.23135 0.00597 0 -3.97500 56.95000 0.00592 1.22374 -11
1.09359 1.84248 0.00597 0 6.75000 56.30000 0.00592 1.22880 -11
-0.93159 -1.70030 0.00597 0 2.55000 54.07500 0.00592 1.24527 -11
0.72101 0.87193 0.00597 0 -2.82500 43.37500 0.00592 1.31136 -11
0.68624 0.83250 0.00597 0 8.27500 42.62500 0.00592 1.31664 -11
-0.68958 -0.82082 0.00597 0 2.10000 39.07500 0.00592 1.34313 -11
1.02241 0.81620 0.00597 0 -3.05000 29.55000 0.00592 1.40018 -11
0.68388 0.57563 0.00597 0 8.20000 28.55000 0.00592 1.40549 -11
-0.78858 -0.72354 0.00597 0 2.07500 24.17500 0.00592 1.43409 -11
0.79910 0.81063 0.00597 0 -3.30000 15.82500 0.00592 1.48968 -11
0.74634 0.66862 0.00597 0 8.00000 15.10000 0.00592 1.49423 -11
-0.85564 -0.72094 0.00597 0 2.65000 11.02500 0.00592 1.51941 -11
0.91816 0.81150 0.00597 0 -3.35000 2.87500 0.00592 1.57030 -11
1.10500 0.50490 0.00597 0 7.97500 2.02500 0.00592 1.57505 -11
-1.26337 -0.57676 0.00597 0 3.50000 -3.50000 0.00592 1.60109 -11
2.24868 0.57090 0.00597 0 7.20000 -15.45000 0.00592 1.65112 -11
-2.29198 -0.55201 0.00597 0 4.40000 -21.95000 0.00592 1.67578 -11
2.27015 2.89867 0.00597 0 3.95000 -22.67500 0.00592 1.67930 -11
-1.42817 -2.22795 0.00597 0 1.95000 -24.12500 0.00592 1.68761 -11
4.25745 2.21822 0.00597 0 2.67500 -28.92500 0.00592 1.74731 -11
-4.73477 -0.70901 0.00597 0 1.87500 -32.20000 0.00592 1.75899 -11
0.76210 0.10158 0.00597 0 5.22500 -35.52500 0.00592 1.77833 -11
-0.54688 -0.03231 0.00597 0 1.92500 -39.05000 0.00592 1.79877 -11
0.05362 0.08420 0.00597 0 5.32500 -41.55000 0.00592 1.81713 -11
0.02245 0.00643 0.00597 0 1.47500 -42.07500 0.00592 1.83756 -11
0.16413 -0.41130 0.00597 0 5.10000 -41.20000 0.00592 1.85556 -11
0.34035 0.60163 0.00597 0 2.62500 -41.52500 0.00592 1.87754 -11
-1.87272 2.43898 0.00597 0 2.87500 -40.75000 0.00592 1.88120 -11
1.81179 -1.55029 0.00597 0 2.15000 -40.10000 0.00592 1.88480 -11
-1.37305 1.01411 0.00597 0 2.02500 -39.72500 0.00592 1.88621 -11
2.13355 -3.11139 0.00597 0 1.02500 -39.00000 0.00592 1.89099 -11
44.39366 -55.96838 0.00597 0 0.92500 -38.95000 0.00592 1.89132 -11
1.26517 -1.73982 0.00597 0 0.75000 -38.75000 0.00592 1.89232 -11
13.58558 -17.79521 0.00597 0 1.80000 -39.22500 0.00592 1.90864 -11
-0.88337 0.76499 0.00597 0 1.62500 -39.02500 0.00592 1.90975 -11
-0.61355 0.45317 0.00597 0 1.57500 -39.00000 0.00592 1.91003 -11
0.18645 -0.09913 0.00597 0 0.57500 -38.05000 0.00592 1.91673 -11
0.81074 0.67415 0.00597 0 -4.17500 61.62500 0.00592 0.97608 -11
0.58076 0.25462 0.00597 0 7.50000 61.10000 0.00592 0.97902 -11
-0.63678 -0.35701 0.00597 0 0.07500 56.05000 0.00592 1.01606 -11
0.70593 0.37634 0.00597 0 6.12500 45.45000 0.00592 1.07016 -11
-0.64902 -0.43974 0.00597 0 -0.37500 40.42500 0.00592 1.10265 -11
0.64881 0.72972 0.00597 0 5.37500 31.80000 0.00592 1.16349 -11
-0.71959 -0.70522 0.00597 0 -0.27500 28.40000 0.00592 1.18835 -11
0.88257 0.44226 0.00597 0 5.52500 19.40000 0.00592 1.23956 -11
-0.71111 -0.30508 0.00597 0 -0.50000 13.92500 0.00592 1.27196 -11
0.65678 0.00773 0.00597 0 5.75000 6.92500 0.00592 1.31894 -11
-0.52378 0.33517 0.00597 0 -0.27500 0.15000 0.00592 1.36228 -11
0.39390 -0.45005 0.00597 0 5.55000 -4.07500 0.00592 1.39181 -11
0.01041 0.53161 0.00597 0 -0.12500 -5.77500 0.00592 1.43493 -11
10.47679 2.15870 0.00597 0 4.10000 -7.45000 0.00592 1.45265 -11
-4.57037 -1.49613 0.00597 0 4.00000 -7.90000 0.00592 1.45471 -11
0.82528 -0.39949 0.00597 0 4.97500 -19.55000 0.00592 1.49586 -11
-1.31985 0.73547 0.00597 0 1.40000 -24.67500 0.00592 1.52735 -11
-0.21212 -0.19062 0.00597 0 5.17500 -25.52500 0.00592 1.55065 -11
0.57129 0.86992 0.00597 0 0.92500 -24.27500 0.00592 1.57778 -11
-0.13154 -1.62141 0.00597 0 1.47500 -23.87500 0.00592 1.58043 -11
0.29219 1.03443 0.00597 0 0.62500 62.32500 0.00592 1.19694 -11
1.96463 5.64173 0.00597 0 8.15000 61.20000 0.00592 1.21519 -11
-4.09960 -8.49468 0.00597 0 6.07500 60.50000 0.00592 1.21877 -11
0.82358 0.73029 0.00597 0 -1.85000 52.95000 0.00592 1.28379 -11
-1.26387 -1.45223 0.00597 0 4.92500 49.02500 0.00592 1.30817 -11
1.03146 0.96122 0.00597 0 -2.52500 40.02500 0.00592 1.36546 -11
1.08094 0.88463 0.00597 0 8.12500 38.72500 0.00592 1.37278 -11
-1.11959 -0.74958 0.00597 0 3.87500 35.35000 0.00592 1.39253 -11
1.40663 -0.16511 0.00597 0 -3.70000 27.27500 0.00592 1.42858 -11
1.28888 0.10186 0.00597 0 8.40000 25.92500 0.00592 1.43412 -11
-1.04989 -0.26696 0.00597 0 4.30000 19.65000 0.00592 1.46256 -11
2.73773 -0.15430 0.00597 0 -4.30000 10.67500 0.00592 1.49866 -11
-0.85878 1.35617 0.00597 0 -3.82500 7.30000 0.00592 1.51235 -11
0.46208 -1.06406 0.00597 0 -0.87500 5.95000 0.00592 1.52427 -11
-0.81067 0.71355 0.00597 0 -3.47500 2.70000 0.00592 1.55305 -11
0.34857 -0.32606 0.00597 0 -0.60000 0.32500 0.00592 1.56838 -11
-0.22761 0.14046 0.00597 0 -3.67500 -1.62500 0.00592 1.58900 -11
-0.59255 -0.56475 0.00597 0 -0.55000 -2.07500 0.00592 1.60451 -11
0.50010 0.76886 0.00597 0 -0.30000 60.57500 0.00592 1.20681 -11
-0.52356 -1.26751 0.00597 0 4.60000 57.52500 0.00592 1.23623 -11
0.12956 0.83610 0.00597 0 0.07500 53.95000 0.00592 1.30105 -11
-0.21516 -1.77151 0.00597 0 5.27500 53.42500 0.00592 1.32699 -11
0.06211 1.65931 0.00597 0 -0.65000 53.50000 0.00592 1.39575 -11
-0.05906 1.57315 0.00597 0 -0.57500 54.22500 0.00592 1.48476 -11
-0.47885 4.63088 0.00597 0 -0.65000 54.90000 0.00592 1.57331 -11
1.00966 -8.78815 0.00597 0 -1.67500 55.05000 0.00592 1.57716 -11
1.45350 2.69476 0.00597 0 -0.05000 42.27500 0.00592 1.71413 -11
-1.18855 -2.53578 0.00597 0 -2.50000 41.05000 0.00592 1.72339 -11
9.30992 6.40668 0.00597 0 -3.22500 28.17500 0.00592 1.78682 -11
-2.91716 -1.03577 0.00597 0 -3.85000 27.17500 0.00592 1.79080 -11
1.52818 -0.66344 0.00597 0 -1.37500 -47.45000 0.00592 2.05274 -11
-1.49353 0.82779 0.00597 0 -2.82500 -52.25000 0.00592 2.07547 -11
0.36181 -0.24853 0.00597 0 -0.07500 -54.90000 0.00592 2.09051 -11
-0.33869 0.08497 0.00597 0 -2.20000 -56.10000 0.00592 2.10441 -11
0.50454 -0.24441 0.00597 0 -0.32500 -57.12500 0.00592 2.11452 -11
20.00421 3.69830 0.00597 0 -1.02500 -59.70000 0.00592 2.12726 -11
0.21746 -0.31124 0.00597 0 -1.85000 -59.92500 0.00592 2.14460 -11
0.30601 0.43768 0.00597 0 -1.95000 62.75000 0.00592 1.13752 -11
-0.56896 -0.33657 0.00597 0 3.17500 58.62500 0.00592 1.17266 -11
0.76819 -0.00993 0.00597 0 -2.60000 52.97500 0.00592 1.20862 -11
0.32197 -0.29702 0.00597 0 4.35000 50.55000 0.00592 1.24137 -11
0.25349 0.69046 0.00597 0 -2.52500 47.65000 0.00592 1.28326 -11
-0.30824 -0.86919 0.00597 0 4.67500 46.32500 0.00592 1.30383 -11
0.21565 0.86049 0.00597 0 -3.87500 46.25000 0.00592 1.34564 -11
-0.05035 0.73385 0.00597 0 7.55000 46.07500 0.00592 1.34881 -11
0.11984 -0.70326 0.00597 0 3.77500 46.15000 0.00592 1.36388 -11
-0.48150 0.27005 0.00597 0 -3.77500 47.40000 0.00592 1.38855 -11
-0.37385 0.82174 0.00597 0 7.92500 47.85000 0.00592 1.39193 -11
0.19333 -1.15796 0.00597 0 5.07500 48.12500 0.00592 1.40284 -11
0.79790 1.44928 0.00597 0 5.80000 48.90000 0.00592 1.44385 -11
-0.55120 -1.39937 0.00597 0 3.92500 47.95000 0.00592 1.45156 -11
0.99273 2.05524 0.00597 0 6.67500 52.67500 0.00592 1.50743 -11
-0.55340 -1.07074 0.00597 0 5.37500 52.17500 0.00592 1.51258 -11
-0.07556 -0.34237 0.00597 0 7.27500 52.72500 0.00592 1.52159 -11
0.06643 0.23522 0.00597 0 5.27500 52.65000 0.00592 1.53504 -11
0.17521 -3.94623 0.00597 0 6.47500 53.72500 0.00592 1.55020 -11
0.03909 0.10395 0.00464 0 7.97500 46.55000 0.00459 1.93358 11
-0.00542 0.52040 0.00464 0 8.07500 48.62500 0.00459 1.96566 11
-0.42216 -0.06067 0.00464 0 8.20000 47.82500 0.00459 2.08598 11
0.04939 0.41855 0.00464 0 8.15000 51.80000 0.00459 2.12446 11
-0.08743 0.92629 0.00464 0 8.12500 51.42500 0.00459 2.14082 11
-0.53457 -4.70882 0.00464 0 8.45000 51.12500 0.00459 2.15093 11
-0.34215 -0.83938 0.00464 0 8.50000 63.25000 0.00459 2.50209 11
0.36949 -1.15042 0.00682 0 -3.75000 62.87500 0.00465 1.34161 11
-0.31915 1.17238 0.00682 0 1.02500 61.50000 0.00465 1.35972 11
0.04482 -1.13548 0.00682 0 -3.77500 59.82500 0.00465 1.41871 11
-0.03873 1.04881 0.00682 0 1.10000 59.60000 0.00465 1.43671 11
0.22488 -1.01613 0.00682 0 -3.60000 58.62500 0.00465 1.49376 11
-0.24097 1.03681 0.00682 0 0.82500 57.70000 0.00465 1.51042 11
-0.09265 -0.96406 0.00682 0 -3.67500 55.75000 0.00465 1.56423 11
0.08956 1.08622 0.00682 0 0.87500 56.15000 0.00465 1.58128 11
0.10895 -1.26613 0.00682 0 -2.65000 58.05000 0.00465 1.63585 11
0.05480 1.08694 0.00682 0 1.40000 58.12500 0.00465 1.65086 11
0.15335 -1.52935 0.00682 0 -2.02500 58.55000 0.00465 1.70183 11
-0.07076 1.41963 0.00682 0 1.25000 58.32500 0.00465 1.71361 11
0.12301 -1.84646 0.00682 0 -1.35000 58.00000 0.00465 1.76391 11
-0.25554 1.99068 0.00682 0 1.02500 57.92500 0.00465 1.77234 11
0.30190 -5.31033 0.00682 0 -1.35000 56.85000 0.00465 1.81877 11
0.87631 9.57980 0.00682 0 -1.00000 56.85000 0.00465 1.82020 11
0.67728 -0.40324 0.00682 0 -1.80000 61.42500 0.00465 2.18344 11
-0.77865 0.23054 0.00682 0 0.82500 59.02500 0.00465 2.19835 11
0.25336 -0.17878 0.00682 0 -2.17500 58.00000 0.00465 2.21514 11
-0.03861 0.16001 0.00682 0 0.75000 57.32500 0.00465 2.22990 11
-0.39101 -0.17858 0.00682 0 -1.95000 58.75000 0.00465 2.24928 11
0.51723 0.01737 0.00682 0 0.65000 60.20000 0.00465 2.26381 11
-1.22926 0.46961 0.00682 0 -1.15000 64.57500 0.00465 2.28151 11
4.14644 -3.08592 0.01116 0 -0.85000 40.35000 0.00960 1.14809 11
-6.64124 3.98332 0.01116 0 1.75000 36.60000 0.00960 1.16350 11
-2.70333 -2.35827 0.00225 0 -0.45000 63.10000 0.00204 1.08028 11
-0.35205 0.52734 0.00225 0 -1.90000 62.52500 0.00204 1.08605 11
0.38922 -0.46025 0.00225 0 0.20000 64.32500 0.00204 1.10466 11
0.18199 -0.25914 0.00225 0 -1.77500 64.77500 0.00204 1.11367 11
-0.32789 0.38293 0.00225 0 -0.10000 64.30000 0.00204 1.12210 11
0.47411 0.01018 0.00225 0 -1.32500 64.27500 0.00204 1.13736 11
-0.47500 0.01729 0.00225 0 -0.02500 63.57500 0.00204 1.14639 11
-0.26953 1.00338 0.00225 0 -0.20000 63.47500 0.00204 1.14766 11
-1.02973 -0.03671 0.00675 0 -0.87500 -52.72500 0.00470 -0.08440 11
0.83031 -0.07840 0.00675 0 -2.65000 -38.35000 0.00470 -0.00599 11
-0.62951 0.14441 0.00675 0 -0.20000 -28.82500 0.00470 0.04695 11
0.77182 -0.22327 0.00675 0 -3.05000 -17.75000 0.00470 0.11578 11
-0.47881 0.41069 0.00675 0 2.02500 -10.47500 0.00470 0.15176 11
0.33470 -0.40963 0.00675 0 -0.77500 -2.60000 0.00470 0.23167 11
-0.23983 0.28812 0.00675 0 1.67500 -0.10000 0.00470 0.27047 11
0.08087 -0.39419 0.00675 0 -1.15000 3.35000 0.00470 0.34997 11
-0.13843 0.17849 0.00675 0 1.37500 4.37500 0.00470 0.38820 11
0.26179 -0.00517 0.00675 0 -0.70000 6.02500 0.00470 0.44933 11
-0.30460 0.02641 0.00675 0 1.62500 9.77500 0.00470 0.49607 11
0.29345 0.10288 0.00675 0 -0.77500 14.37500 0.00470 0.55407 11
-0.44580 -0.33713 0.00675 0 2.00000 19.12500 0.00470 0.60542 11
0.57359 0.27241 0.00675 0 -1.12500 25.25000 0.00470 0.65418 11
-1.16269 -1.15444 0.00675 0 4.57500 36.25000 0.00470 0.71582 11
0.94095 0.64358 0.00675 0 -1.27500 41.60000 0.00470 0.74624 11
-0.28543 0.13831 0.00992 0 6.57500 63.32500 0.00992 1.98039 11
0.26813 -0.43621 0.00992 0 1.92500 56.80000 0.00992 2.07691 11
-0.33839 0.16738 0.00992 0 5.65000 49.87500 0.00992 2.15626 11
0.42708 -0.36248 0.00992 0 2.02500 41.27500 0.00992 2.24532 11
-0.31395 0.20550 0.00992 0 4.67500 32.52500 0.00992 2.32264 11
0.28926 -0.34603 0.00992 0 1.42500 24.95000 0.00992 2.40845 11
-0.14689 0.01328 0.00992 0 4.92500 20.82500 0.00992 2.49061 11
0.16714 -0.08998 0.00992 0 1.95000 17.70000 0.00992 2.56081 11
-0.25079 0.07387 0.00992 0 4.10000 10.80000 0.00992 2.64165 11
0.31984 -0.32246 0.00992 0 2.05000 3.35000 0.00992 2.72106 11
-0.23793 0.05391 0.00992 0 3.85000 -3.32500 0.00992 2.79781 11
0.19540 -0.21586 0.00992 0 1.87500 -8.07500 0.00992 2.87199 11
-0.19373 -0.01277 0.00992 0 3.32500 -11.62500 0.00992 2.94732 11
0.15825 -0.03322 0.00992 0 2.25000 -14.40000 0.00992 3.01062 11
-0.14779 -0.08785 0.00992 0 2.92500 -18.15000 0.00992 3.09091 11
0.13294 -0.09769 0.00992 0 2.60000 -19.72500 0.00992 3.14555 11
-0.18563 -0.24084 0.00992 0 2.80000 -22.70000 0.00992 3.22176 11
-0.01542 -0.14453 0.00992 0 2.65000 -22.10000 0.00992 3.27738 11
0.01159 0.11539 0.00992 0 2.92500 -20.77500 0.00992 3.34372 11
0.11398 -0.31282 0.00992 0 3.02500 -21.10000 0.00992 3.40225 11
-0.31583 0.35855 0.00992 0 2.80000 -24.15000 0.00992 3.46082 11
0.44804 -0.88462 0.00992 0 4.82500 -31.97500 0.00992 3.53183 11
-0.41931 0.51358 0.00992 0 3.15000 -36.47500 0.00992 3.57773 11
0.43319 -0.82399 0.00992 0 6.00000 -42.50000 0.00992 3.64947 11
-0.23380 0.18104 0.00992 0 3.40000 -46.27500 0.00992 3.69540 11
0.28903 -0.45957 0.00992 0 5.92500 -51.00000 0.00992 3.75201 11
-0.13271 0.21677 0.00992 0 2.65000 -53.80000 0.00992 3.79670 11
0.02073 -0.65496 0.00992 0 5.75000 -54.12500 0.00992 3.85348 11
-0.07726 0.20675 0.00992 0 2.42500 -54.60000 0.00992 3.89380 11
0.29960 -0.62559 0.00992 0 5.85000 -56.00000 0.00992 3.94747 11
-0.06958 0.17564 0.00992 0 2.30000 -58.20000 0.00992 3.98883 11
0.26879 -0.56006 0.00992 0 6.07500 -58.85000 0.00992 4.03892 11
-0.31421 0.16301 0.00992 0 2.05000 -62.05000 0.00992 4.07822 11
0.51103 -0.99385 0.00992 0 5.07500 59.65000 0.00992 2.04585 11
-0.39952 0.40026 0.00992 0 6.25000 53.62500 0.00992 2.10502 11
0.51547 -1.05541 0.00992 0 4.95000 44.25000 0.00992 2.20467 11
-0.61567 0.41100 0.00992 0 5.62500 38.45000 0.00992 2.26120 11
0.64345 -1.00887 0.00992 0 5.70000 25.55000 0.00992 2.35890 11
-0.48554 0.34860 0.00992 0 5.57500 18.30000 0.00992 2.41513 11
0.50074 -0.66070 0.00992 0 5.05000 7.40000 0.00992 2.50067 11
-0.68059 0.17842 0.00992 0 5.47500 -1.62500 0.00992 2.56690 11
1.14429 -0.71455 0.00992 0 7.65000 -16.50000 0.00992 2.64232 11
-1.05084 -0.00031 0.00992 0 4.70000 -29.67500 0.00992 2.70551 11
1.36369 -0.49232 0.00992 0 -3.10000 -47.10000 0.00992 2.78012 11
-1.47352 0.61011 0.00992 0 3.72500 -57.35000 0.00992 2.82425 11
0.65143 -0.04156 0.00992 0 3.97500 59.32500 0.00992 2.06665 11
-0.49395 -0.20080 0.00992 0 4.70000 46.20000 0.00992 2.16044 11
0.51307 -0.07811 0.00992 0 3.27500 38.07500 0.00992 2.22901 11
-0.60855 -0.27918 0.00992 0 3.32500 25.30000 0.00992 2.31558 11
0.51712 0.06957 0.00992 0 4.25000 16.05000 0.00992 2.37208 11
-0.71116 -0.50128 0.00992 0 2.50000 1.57500 0.00992 2.46345 11
0.76980 0.24368 0.00992 0 4.42500 -4.90000 0.00992 2.50925 11
-0.72893 -0.50745 0.00992 0 1.05000 -21.37500 0.00992 2.59821 11
0.78043 0.24695 0.00992 0 3.77500 -27.87500 0.00992 2.64069 11
-1.17281 -0.34676 0.00992 0 -1.30000 -46.30000 0.00992 2.72338 11
1.12312 0.44498 0.00992 0 3.45000 -55.27500 0.00992 2.76499 11
-1.14769 -0.33710 0.00992 0 0.57500 55.72500 0.00992 1.27423 11
1.27964 -0.43317 0.00992 0 6.70000 44.37500 0.00992 1.32124 11
-0.79734 -0.14231 0.00992 0 1.05000 33.30000 0.00992 1.37210 11
0.67833 -0.22545 0.00992 0 5.85000 24.80000 0.00992 1.41627 11
-0.53767 -0.34808 0.00992 0 1.87500 15.52500 0.00992 1.47586 11
0.55833 0.07247 0.00992 0 6.35000 9.92500 0.00992 1.51401 11
-0.48789 -0.95949 0.00992 0 0.80000 2.52500 0.00992 1.57748 11
0.30767 0.52672 0.00992 0 6.77500 1.12500 0.00992 1.60078 11
-0.38517 -3.72618 0.00992 0 -1.80000 -4.67500 0.00992 1.67700 11
-0.88669 0.64094 0.00992 0 6.27500 -2.95000 0.00992 1.69217 11
-2.40669 1.70119 0.00992 0 7.57500 10.45000 0.00992 1.76158 11
-0.52739 0.11258 0.00992 0 7.45000 22.97500 0.00992 1.81896 11
0.46552 -0.87748 0.00992 0 -0.95000 27.82500 0.00992 1.85726 11
-0.78824 1.48421 0.00992 0 -3.82500 29.35000 0.00992 1.86929 11
-0.22246 0.38918 0.00992 0 7.70000 29.62500 0.00992 1.87240 11
-0.79824 0.80491 0.00992 0 8.02500 35.05000 0.00992 1.91825 11
-1.59487 0.99496 0.00992 0 8.10000 40.25000 0.00992 1.96019 11
-0.68330 -0.11954 0.00992 0 8.05000 49.97500 0.00992 2.00400 11
-0.74738 -0.98047 0.00992 0 3.85000 -64.40000 0.00992 8.18555 11
0.57541 0.62808 0.00992 0 5.95000 -63.40000 0.00992 8.19443 11
-0.50317 0.01455 0.00992 0 3.67500 -59.72500 0.00992 8.21524 11
0.54566 -0.12800 0.00992 0 6.25000 -57.37500 0.00992 8.23253 11
-1.27114 0.59182 0.00992 0 4.35000 -54.47500 0.00992 8.24643 11
1.82901 -1.51896 0.00992 0 5.77500 -50.57500 0.00992 8.26726 11
-2.56333 -3.81787 0.00992 0 4.27500 -47.57500 0.00992 8.28159 11
-5.75493 -0.04332 0.00992 0 4.75000 -46.25000 0.00992 8.28569 11
-1.00765 0.29016 0.00992 0 5.30000 -44.62500 0.00992 8.29656 11
-1.90253 0.93997 0.00992 0 1.67500 63.55000 0.00992 6.29626 11
0.37785 -1.24832 0.00992 0 -1.75000 39.00000 0.00992 6.41145 11
0.32955 -1.34703 0.00992 0 -1.70000 39.00000 0.00992 6.41172 11
-0.27374 1.24213 0.00992 0 1.42500 38.45000 0.00992 6.42322 11
0.43232 -0.39368 0.00992 0 -2.45000 35.95000 0.00992 6.46301 11
-0.55242 0.44849 0.00992 0 1.85000 33.30000 0.00992 6.48405 11
1.52045 -0.05545 0.00992 0 -1.45000 26.72500 0.00992 6.51656 11
-1.45043 0.19814 0.00992 0 1.00000 20.95000 0.00992 6.53962 11
1.00608 -0.20683 0.00992 0 -2.55000 16.00000 0.00992 6.56612 11
-0.97698 0.20257 0.00992 0 -0.07500 11.45000 0.00992 6.58541 11
1.27582 0.66581 0.00992 0 -3.12500 6.92500 0.00992 6.60812 11
1.45325 -0.24224 0.00992 0 8.30000 -1.22500 0.00992 6.64521 11
-2.11315 -1.51738 0.00992 0 -2.30000 -6.67500 0.00992 6.66920 11
1.36391 0.14436 0.00992 0 -3.20000 -10.47500 0.00992 6.68308 11
-2.26302 0.08301 0.00992 0 -1.92500 -14.92500 0.00992 6.70103 11
-0.41195 0.37006 0.00992 0 7.27500 -21.42500 0.00992 6.73497 11
1.63047 0.30088 0.00992 0 7.85000 -10.42500 0.00992 6.78680 11
1.49055 0.50645 0.00992 0 7.92500 -10.47500 0.00992 6.78803 11
5.77263 -1.95453 0.00992 0 8.02500 -25.35000 0.00992 6.86539 11
2.36455 -1.33319 0.00992 0 8.30000 -25.47500 0.00992 6.86735 11
0.38528 -0.34308 0.00992 0 0.15000 63.70000 0.00992 2.13547 11
-1.06451 0.08270 0.00992 0 -2.82500 56.35000 0.00992 2.18834 11
1.99952 0.37563 0.00992 0 4.52500 45.65000 0.00992 2.23085 11
-1.38876 -0.36456 0.00992 0 5.65000 36.47500 0.00992 2.26607 11
2.66241 0.91749 0.00992 0 1.52500 29.52500 0.00992 2.29542 11
-1.72680 -1.00436 0.00992 0 3.00000 16.45000 0.00992 2.34570 11
1.08598 1.54544 0.00992 0 0.50000 14.37500 0.00992 2.35708 11
-1.50615 -2.01913 0.00992 0 3.35000 10.57500 0.00992 2.39895 11
0.57955 0.93038 0.00992 0 0.07500 8.80000 0.00992 2.41307 11
0.65738 -1.46360 0.00992 0 -0.82500 56.00000 0.00992 2.80966 11
-0.78533 1.46347 0.00992 0 5.50000 53.10000 0.00992 2.83414 11
1.40194 -2.02432 0.00992 0 0.02500 35.97500 0.00992 2.93748 11
-1.07367 1.55406 0.00992 0 5.27500 32.72500 0.00992 2.95879 11
0.94090 -1.08503 0.00992 0 -0.62500 18.72500 0.00992 3.05388 11
-0.92280 1.01722 0.00992 0 5.90000 14.12500 0.00992 3.08257 11
0.70232 -1.10566 0.00992 0 -0.77500 2.05000 0.00992 3.16643 11
-0.76656 1.13583 0.00992 0 5.50000 -1.45000 0.00992 3.19230 11
1.11219 -1.41097 0.00992 0 -0.32500 -14.05000 0.00992 3.27698 11
-1.28812 1.54013 0.00992 0 4.30000 -17.62500 0.00992 3.29736 11
1.91257 -1.64144 0.00992 0 -0.32500 -30.07500 0.00992 3.38327 11
-2.07161 1.73907 0.00992 0 2.60000 -33.12500 0.00992 3.39777 11
1.55947 -1.26196 0.00992 0 -1.07500 -48.87500 0.00992 3.47531 11
-1.39587 1.11041 0.00992 0 3.02500 -52.95000 0.00992 3.49550 11
0.53354 -0.55623 0.00992 0 -2.42500 -64.17500 0.00992 3.56024 11
-0.27527 0.56202 0.00992 0 -1.37500 60.10000 0.00992 2.37721 11
0.42103 -0.86200 0.00992 0 5.37500 53.37500 0.00992 2.48360 11
