-0.74879 1.22962 0.00904 0 6.72500 -9.45000 0.00903 5.35104 11
0.13262 0.53012 0.00904 0 5.12500 -7.87500 0.00903 5.36332 11
-0.29914 -0.27082 0.00904 0 6.75000 -8.42500 0.00903 5.37717 11
-1.34195 -0.52477 0.00904 0 5.32500 -8.50000 0.00903 5.38486 11
5.25483 2.14428 0.00904 0 6.12500 -7.35000 0.00903 5.39199 11
1.07094 -0.38286 0.00904 0 6.52500 -6.12500 0.00903 5.40155 11
0.13679 0.51630 0.00904 0 6.50000 -6.05000 0.00903 5.40253 11
0.55302 -0.35263 0.00904 0 1.75000 -62.17500 0.00903 2.36875 11
-0.37760 -0.15844 0.00904 0 7.02500 -56.52500 0.00903 2.40500 11
0.25579 -1.50378 0.00904 0 1.50000 -54.97500 0.00903 2.46345 11
-0.13564 0.96566 0.00904 0 -3.60000 -54.07500 0.00903 2.48241 11
-0.22518 0.05548 0.00904 0 8.00000 -53.95000 0.00903 2.48558 11
0.29540 -0.73592 0.00904 0 1.95000 -51.02500 0.00903 2.53297 11
-0.39107 0.76588 0.00904 0 -2.82500 -49.87500 0.00903 2.55137 11
0.44305 -0.73123 0.00904 0 2.27500 -44.40000 0.00903 2.60106 11
-0.94815 0.61985 0.00904 0 -1.30000 -41.45000 0.00903 2.61794 11
0.54092 -0.31411 0.00904 0 2.65000 -33.52500 0.00903 2.65918 11
-0.41700 -0.03628 0.00904 0 -1.92500 -30.22500 0.00903 2.68294 11
-1.13008 -0.58601 0.00904 0 2.65000 -30.70000 0.00903 2.71197 11
0.78839 0.47085 0.00904 0 0.12500 -32.42500 0.00903 2.72348 11
0.08384 -0.28660 0.00904 0 2.60000 -34.20000 0.00903 2.74533 11
-0.38428 -1.21998 0.00904 0 -2.10000 -35.70000 0.00903 2.77583 11
0.82714 1.29089 0.00904 0 -0.65000 -35.17500 0.00903 2.78155 11
-0.75624 -0.31242 0.00904 0 -2.17500 -31.40000 0.00903 2.80111 11
0.80302 0.55798 0.00904 0 -0.62500 -29.75000 0.00903 2.81022 11
0.77302 -0.99284 0.00904 0 -2.50000 -29.85000 0.00903 2.82748 11
4.32952 -4.27273 0.00904 0 -1.82500 -30.42500 0.00903 2.83416 11
-0.18042 -0.32468 0.00904 0 -1.55000 -30.80000 0.00903 2.85324 11
-1.19476 0.86723 0.00904 0 -1.92500 -31.37500 0.00903 2.86237 11
-0.19732 -0.58949 0.00904 0 5.70000 -62.95000 0.00903 1.56131 11
0.30383 -0.13387 0.00904 0 7.20000 -55.80000 0.00903 1.63797 11
-0.20453 -0.20468 0.00904 0 5.87500 -51.45000 0.00903 1.70596 11
0.06013 -0.27313 0.00904 0 6.72500 -47.85000 0.00903 1.78486 11
-0.03697 -0.15266 0.00904 0 5.97500 -47.00000 0.00903 1.84284 11
-0.07041 -0.27936 0.00904 0 5.85000 -46.45000 0.00903 1.91567 11
0.16416 -0.16836 0.00904 0 6.05000 -48.47500 0.00903 1.97189 11
0.02161 -0.14330 0.00904 0 5.65000 -49.20000 0.00903 2.04087 11
-0.07373 -0.29100 0.00904 0 6.30000 -48.32500 0.00903 2.09555 11
0.10225 -0.05940 0.00904 0 5.67500 -47.20000 0.00903 2.16108 11
-0.22904 -0.37474 0.00904 0 6.92500 -44.52500 0.00903 2.21612 11
0.32162 -0.06825 0.00904 0 5.57500 -40.62500 0.00903 2.27609 11
-0.24540 -0.45730 0.00904 0 7.47500 -36.75000 0.00903 2.33013 11
0.36265 -0.01970 0.00904 0 5.55000 -34.15000 0.00903 2.38448 11
-0.03395 -0.39000 0.00904 0 -3.90000 -28.57500 0.00903 2.43818 11
0.48879 0.39365 0.00904 0 3.35000 -26.02500 0.00903 2.47148 11
-0.54645 -1.61008 0.00904 0 7.95000 -19.27500 0.00903 2.53713 11
0.28356 0.42704 0.00904 0 3.52500 -15.90000 0.00903 2.57098 11
-0.32794 -0.23462 0.00904 0 -4.32500 -11.50000 0.00903 2.62678 11
-1.00650 -1.88446 0.00904 0 8.12500 -11.20000 0.00903 2.62993 11
0.51460 0.43789 0.00904 0 2.12500 -7.37500 0.00903 2.65779 11
-1.04043 -2.88802 0.00904 0 8.00000 -0.60000 0.00903 2.71641 11
0.49087 0.53292 0.00904 0 1.47500 2.27500 0.00903 2.74023 11
-0.69191 -0.84224 0.00904 0 -3.87500 7.02500 0.00903 2.79140 11
0.78478 0.80964 0.00904 0 0.60000 10.12500 0.00903 2.81148 11
-0.56248 -1.54939 0.00904 0 7.85000 14.55000 0.00903 2.86153 11
-0.35147 -0.09772 0.00904 0 2.87500 12.67500 0.00903 2.89713 11
0.32287 -0.03568 0.00904 0 -2.12500 10.45000 0.00903 2.92333 11
0.21693 0.02192 0.00904 0 3.27500 10.70000 0.00903 2.95135 11
-0.29129 0.01286 0.00904 0 -0.80000 13.55000 0.00903 2.97858 11
0.57510 -0.57996 0.00904 0 2.82500 15.90000 0.00903 3.00432 11
-2.06739 0.43038 0.00904 0 -0.10000 16.87500 0.00903 3.01745 11
1.03728 0.71632 0.00904 0 1.60000 18.97500 0.00903 3.02764 11
1.44791 -0.08523 0.00904 0 -0.37500 -27.32500 0.00903 3.28776 11
-0.90598 0.03950 0.00904 0 0.55000 -28.50000 0.00903 3.29439 11
0.37882 0.92015 0.00904 0 -0.42500 -29.45000 0.00903 3.30219 11
-6.30113 -100.39090 0.00904 0 -0.12500 -28.00000 0.00903 3.37006 11
-0.66902 -1.01457 0.00904 0 0.20000 -29.95000 0.00903 3.40962 11
1.78017 2.57747 0.00904 0 -0.22500 1.82500 0.00903 2.74954 11
-8.80717 -6.79637 0.00904 0 -0.00000 -7.32500 0.00903 2.81204 11
19.43815 -145.81413 0.00904 0 0.62500 -32.65000 0.00903 3.40103 11
-0.09312 -0.02477 0.00904 0 0.77500 -28.87500 0.00903 3.27322 11
1.19428 -0.65546 0.00904 0 2.20000 -35.10000 0.00903 8.70539 11
-1.20405 0.64883 0.00904 0 4.35000 -37.95000 0.00903 8.71879 11
3.65429 -5.69144 0.00904 0 2.35000 -41.00000 0.00903 8.74818 11
-1.95536 2.67310 0.00904 0 3.15000 -41.47500 0.00903 8.75154 11
1.57243 -1.80940 0.00904 0 1.90000 -43.35000 0.00903 8.77607 11
-2.54142 3.08364 0.00904 0 2.92500 -44.17500 0.00903 8.78079 11
2.15922 -2.55521 0.00904 0 3.10000 -44.35000 0.00903 8.78182 11
-0.81600 0.90076 0.00904 0 4.55000 -45.37500 0.00903 8.78900 11
-0.44155 -1.85089 0.00904 0 2.77500 -46.77500 0.00903 8.81638 11
-0.77904 0.22973 0.00904 0 0.07500 -61.82500 0.00903 1.28236 11
1.83583 -0.68906 0.00904 0 3.67500 -51.97500 0.00903 1.32545 11
-1.33507 0.28713 0.00904 0 -0.30000 -46.97500 0.00903 1.34888 11
-0.01024 -0.00891 0.00904 0 3.05000 -42.95000 0.00903 1.37608 11
-0.03977 0.23300 0.00904 0 -1.05000 -42.20000 0.00903 1.39376 11
0.22270 -0.38897 0.00904 0 3.30000 -42.35000 0.00903 1.42206 11
0.21281 0.03268 0.00904 0 -0.70000 -41.90000 0.00903 1.44050 11
-0.14043 -0.02453 0.00904 0 3.02500 -43.20000 0.00903 1.46116 11
0.00524 -0.22103 0.00904 0 -0.70000 -43.37500 0.00903 1.48074 11
0.01226 0.30770 0.00904 0 2.75000 -43.32500 0.00903 1.49647 11
-0.02878 -0.52540 0.00904 0 -0.40000 -43.32500 0.00903 1.52137 11
-0.09600 0.70023 0.00904 0 2.42500 -43.30000 0.00903 1.53343 11
-0.68398 -0.23877 0.00904 0 -0.00000 -41.75000 0.00903 1.55683 11
0.69787 0.14623 0.00904 0 2.37500 -39.82500 0.00903 1.56985 11
-0.24313 -0.22596 0.00904 0 -0.15000 -38.22500 0.00903 1.58433 11
0.44679 0.39146 0.00904 0 2.20000 -37.10000 0.00903 1.59605 11
-0.12067 -0.31878 0.00904 0 -0.02500 -36.02500 0.00903 1.61458 11
-0.06315 0.03748 0.00904 0 2.27500 -36.07500 0.00903 1.62580 11
19.30188 -185.62564 0.00904 0 0.95000 -37.12500 0.00903 1.64192 11
-0.87704 -1.06666 0.00904 0 0.62500 -35.20000 0.00903 1.66370 11
0.22017 0.37839 0.00904 0 1.90000 -34.97500 0.00903 1.67000 11
0.38935 -0.34580 0.00904 0 2.42500 -61.72500 0.00903 1.98395 11
-0.47321 0.15386 0.00904 0 3.70000 -55.30000 0.00903 2.03420 11
0.74985 -0.52614 0.00904 0 1.30000 -41.72500 0.00903 2.12559 11
-0.86352 0.32823 0.00904 0 4.75000 -34.90000 0.00903 2.16636 11
0.86893 -0.50492 0.00904 0 0.87500 -19.50000 0.00903 2.25339 11
-0.81418 0.14134 0.00904 0 5.12500 -11.80000 0.00903 2.29380 11
-5.05738 6.28594 0.00904 0 -2.25000 6.90000 0.00903 2.39254 11
-0.00620 0.22587 0.00904 0 7.87500 8.70000 0.00903 2.39630 11
0.22765 -1.67331 0.00904 0 1.07500 10.40000 0.00903 2.45845 11
-0.55409 1.55634 0.00904 0 -2.90000 11.22500 0.00903 2.47283 11
0.81320 -1.14245 0.00904 0 1.27500 18.07500 0.00903 2.52992 11
-0.18265 0.30474 0.00904 0 5.80000 20.95000 0.00903 2.55965 11
-0.10918 -0.79165 0.00904 0 -0.95000 19.82500 0.00903 2.60936 11
-0.17764 0.46596 0.00904 0 6.37500 18.70000 0.00903 2.62804 11
-0.58614 1.04696 0.00904 0 6.62500 25.95000 0.00903 2.69250 11
-0.05604 0.98259 0.00904 0 6.80000 29.77500 0.00903 2.75039 11
-0.88342 1.45198 0.00904 0 8.37500 31.25000 0.00903 2.79741 11
-0.17580 0.70562 0.00904 0 8.05000 38.67500 0.00903 2.85228 11
0.36709 0.24650 0.00904 0 2.82500 -61.70000 0.00903 2.16143 11
-0.49104 -0.45528 0.00904 0 1.92500 -52.72500 0.00903 2.24084 11
0.60976 0.20980 0.00904 0 2.85000 -43.15000 0.00903 2.31223 11
-0.85287 -0.53254 0.00904 0 3.15000 -32.25000 0.00903 2.39266 11
1.09909 0.49825 0.00904 0 0.40000 -21.02500 0.00903 2.44718 11
-1.13295 -0.44103 0.00904 0 3.00000 -7.15000 0.00903 2.51686 11
0.45192 -0.02118 0.00904 0 1.57500 2.92500 0.00903 2.57942 11
-0.88211 -0.39786 0.00904 0 3.17500 11.22500 0.00903 2.63778 11
0.90661 0.07767 0.00904 0 0.40000 22.12500 0.00903 2.69691 11
-1.96019 -0.45559 0.00904 0 5.97500 36.47500 0.00903 2.75625 11
1.60394 -0.01455 0.00904 0 -1.20000 50.85000 0.00903 2.81092 11
-0.66376 -0.00696 0.00904 0 -2.07500 -63.97500 0.00903 1.61023 11
0.70139 0.22981 0.00904 0 -1.67500 -49.62500 0.00903 1.69359 11
-0.78041 -0.14962 0.00904 0 -1.92500 -36.17500 0.00903 1.77095 11
0.88928 0.23472 0.00904 0 -2.10000 -21.42500 0.00903 1.85065 11
-0.94147 -0.20368 0.00904 0 -0.75000 -5.47500 0.00903 1.92891 11
0.82288 0.22583 0.00904 0 -0.05000 8.57500 0.00903 2.01097 11
-0.85437 -0.32034 0.00904 0 0.60000 21.30000 0.00903 2.08603 11
1.26086 0.26603 0.00904 0 -1.30000 34.20000 0.00903 2.15057 11
-1.14923 -0.73248 0.00904 0 2.65000 51.90000 0.00903 2.22771 11
0.78167 0.50840 0.00904 0 -0.02500 60.15000 0.00903 2.27582 11
-0.73759 -0.04388 0.00904 0 -2.07500 -63.97500 0.00903 1.61021 11
1.08796 2.95685 0.00904 0 -2.07500 -63.97500 0.00903 1.61022 11
3.89501 -0.21073 0.00169 0 3.75000 -61.50000 0.00050 0.13446 11
0.20070 -0.26134 0.01903 0 0.87500 -63.65000 0.01903 1.67750 -11
-0.23725 0.26272 0.01903 0 -0.92500 -53.90000 0.01903 1.82277 -11
0.26176 -0.27319 0.01903 0 1.57500 -39.02500 0.01903 2.04118 -11
-0.28204 0.26034 0.01903 0 -1.02500 -27.67500 0.01903 2.18551 -11
0.23733 -0.27543 0.01903 0 2.60000 -9.30000 0.01903 2.40104 -11
-0.29081 0.17607 0.01903 0 -1.37500 1.22500 0.01903 2.53574 -11
0.31640 -0.23064 0.01903 0 3.60000 19.82500 0.01903 2.75414 -11
-0.37182 0.08916 0.01903 0 -2.15000 31.82500 0.01903 2.88209 -11
0.35184 -0.24234 0.01903 0 4.67500 54.40000 0.01903 3.10208 -11
0.06868 -0.44679 0.01903 0 -0.45000 -64.40000 0.01903 1.65654 -11
0.11022 -0.65096 0.01903 0 6.87500 -59.82500 0.01903 2.05016 -11
-0.06469 0.17842 0.01903 0 6.87500 -55.50000 0.01903 2.21023 -11
0.04474 -0.64546 0.01903 0 7.00000 -52.97500 0.01903 2.42088 -11
0.03200 0.21524 0.01903 0 6.05000 -55.02500 0.01903 2.58224 -11
0.02960 -0.83220 0.01903 0 7.37500 -54.90000 0.01903 2.77825 -11
0.01179 0.20712 0.01903 0 5.80000 -53.37500 0.01903 2.93698 -11
-0.05956 -0.75918 0.01903 0 8.32500 -55.32500 0.01903 3.12778 -11
-0.11464 -0.20027 0.01903 0 -4.05000 -55.40000 0.01903 3.13082 -11
0.11617 0.21049 0.01903 0 4.95000 -62.35000 0.01903 3.28050 -11
-2.61902 5.51600 0.01903 0 6.97500 -52.95000 0.01903 2.42101 -11
0.82104 -1.09627 0.01903 0 7.65000 -47.70000 0.01903 2.45864 -11
-159.80575 93.54134 0.01903 0 5.95000 -48.65000 0.01903 2.46834 -11
-0.23720 0.17950 0.01903 0 2.95000 -58.07500 0.01903 6.59283 -11
0.35897 -0.55357 0.01903 0 8.12500 -41.15000 0.01903 6.78711 -11
0.33542 -0.02128 0.01903 0 -4.10000 -40.87500 0.01903 6.78994 -11
-0.37709 0.05932 0.01903 0 1.32500 -28.45000 0.01903 6.91889 -11
0.32994 -0.03252 0.01903 0 -3.45000 -8.15000 0.01903 7.12083 -11
-0.25366 0.05552 0.01903 0 1.92500 2.32500 0.01903 7.24767 -11
0.24473 0.02884 0.01903 0 -3.35000 15.70000 0.01903 7.44745 -11
-0.35154 0.06409 0.01903 0 0.17500 27.92500 0.01903 7.56633 -11
0.38017 0.02185 0.01903 0 -3.55000 48.00000 0.01903 7.76319 -11
-0.30855 0.06137 0.01903 0 0.45000 59.45000 0.01903 7.88520 -11
0.02806 -0.63369 0.01903 0 8.47500 -64.70000 0.01903 2.41959 -11
0.00504 -0.11220 0.01903 0 -3.85000 -64.67500 0.01903 2.42276 -11
0.04421 0.01909 0.01903 0 7.17500 -65.00000 0.01903 2.56910 -11
0.25279 0.20446 0.01903 0 7.32500 -55.72500 0.01903 3.39961 -11
0.34236 0.79934 0.01903 0 -4.40000 -55.55000 0.01903 3.40180 -11
-0.27302 -0.68117 0.01903 0 0.95000 -49.92500 0.01903 3.46713 -11
0.89390 3.39459 0.01903 0 6.07500 -35.02500 0.01903 3.67437 -11
-0.03791 -0.24740 0.01903 0 -0.87500 -64.90000 0.01903 2.62730 -11
-0.08733 -0.06446 0.01903 0 4.60000 -61.30000 0.01903 2.74642 -11
0.06745 -0.03669 0.01903 0 -0.82500 -57.90000 0.01903 2.95231 -11
-0.09874 -0.09264 0.01903 0 3.85000 -54.07500 0.01903 3.06800 -11
0.06679 0.01629 0.01903 0 -0.35000 -49.35000 0.01903 3.27112 -11
-0.03984 -0.09120 0.01903 0 4.00000 -47.77500 0.01903 3.38492 -11
0.04737 -0.03077 0.01903 0 -0.37500 -46.42500 0.01903 3.58125 -11
-0.01730 -0.12236 0.01903 0 3.82500 -44.95000 0.01903 3.69505 -11
0.03638 -0.00512 0.01903 0 0.70000 -42.17500 0.01903 3.89550 -11
-0.00611 -0.12573 0.01903 0 3.72500 -41.10000 0.01903 4.00319 -11
-0.00065 0.03635 0.01903 0 1.10000 -41.27500 0.01903 4.19667 -11
-0.02205 -0.16512 0.01903 0 3.15000 -41.85000 0.01903 4.29942 -11
0.12111 0.05360 0.01903 0 1.55000 -37.77500 0.01903 4.49346 -11
-0.13916 -0.23569 0.01903 0 2.30000 -34.10000 0.01903 4.58982 -11
0.19716 0.14011 0.01903 0 1.75000 -28.45000 0.01903 4.78471 -11
-0.21003 -0.31321 0.01903 0 0.55000 -23.02500 0.01903 4.87273 -11
0.17658 0.19735 0.01903 0 1.87500 -12.47500 0.01903 5.07122 -11
-0.21984 -0.27431 0.01903 0 0.87500 -7.52500 0.01903 5.16034 -11
0.16385 0.10299 0.01903 0 4.37500 3.25000 0.01903 5.34132 -11
-0.18881 -0.22522 0.01903 0 2.25000 8.77500 0.01903 5.43000 -11
0.20112 -0.02234 0.01903 0 4.37500 16.95000 0.01903 5.60061 -11
-0.13347 -0.20985 0.01903 0 2.27500 21.92500 0.01903 5.69044 -11
0.03050 -0.09353 0.01903 0 4.15000 26.45000 0.01903 5.85180 -11
-0.07471 -0.13375 0.01903 0 2.40000 28.10000 0.01903 5.94320 -11
-0.01054 -0.16394 0.01903 0 3.75000 29.82500 0.01903 6.09432 -11
-0.07117 -0.05471 0.01903 0 2.10000 33.17500 0.01903 6.18906 -11
-0.01301 -0.18806 0.01903 0 3.57500 33.95000 0.01903 6.33566 -11
-0.07560 -0.10593 0.01903 0 1.72500 34.17500 0.01903 6.42890 -11
0.02098 -0.08003 0.01903 0 4.60000 32.80000 0.01903 6.57986 -11
-0.06439 -0.14653 0.01903 0 1.42500 33.05000 0.01903 6.66526 -11
0.11689 -0.12270 0.01903 0 4.60000 37.37500 0.01903 6.81065 -11
-0.13817 -0.12334 0.01903 0 1.47500 40.95000 0.01903 6.89925 -11
0.15277 0.08469 0.01903 0 5.35000 44.32500 0.01903 7.03992 -11
-0.19896 -0.29008 0.01903 0 0.25000 47.35000 0.01903 7.11532 -11
0.26122 -0.07862 0.01903 0 5.75000 56.02500 0.01903 7.26153 -11
-0.23385 -0.19479 0.01903 0 1.12500 61.70000 0.01903 7.34498 -11
-1.10442 1.01029 0.01903 0 5.85000 -58.70000 0.01903 1.83929 -11
0.96313 -0.99137 0.01903 0 -4.12500 -40.70000 0.01903 1.94325 -11
-0.98068 1.27108 0.01903 0 -3.07500 -8.32500 0.01903 2.15307 -11
-0.68569 0.74969 0.01903 0 8.00000 -7.50000 0.01903 2.15813 -11
0.68043 -0.83020 0.01903 0 -4.27500 7.67500 0.01903 2.26859 -11
-0.93689 1.20565 0.01903 0 -3.27500 34.80000 0.01903 2.46295 -11
-0.66639 0.67546 0.01903 0 7.92500 35.52500 0.01903 2.46760 -11
0.58193 -0.80695 0.01903 0 -3.42500 51.87500 0.01903 2.57800 -11
0.17534 0.41252 0.01903 0 -3.35000 -61.20000 0.01903 1.29292 -11
-0.24828 -0.45911 0.01903 0 4.45000 -56.05000 0.01903 1.37019 -11
0.18112 0.45120 0.01903 0 -3.17500 -44.45000 0.01903 1.55342 -11
-0.06613 -0.40773 0.01903 0 5.70000 -41.52500 0.01903 1.63530 -11
0.07059 0.40201 0.01903 0 -2.80000 -36.87500 0.01903 1.80930 -11
-0.02525 -0.46733 0.01903 0 4.97500 -36.30000 0.01903 1.88477 -11
0.04527 0.31267 0.01903 0 -3.30000 -35.30000 0.01903 2.05438 -11
-0.02330 -0.32880 0.01903 0 5.97500 -34.17500 0.01903 2.14023 -11
-0.07159 0.34666 0.01903 0 -2.47500 -34.67500 0.01903 2.30250 -11
0.04016 -0.40554 0.01903 0 5.30000 -35.80000 0.01903 2.37989 -11
0.03884 0.39180 0.01903 0 -2.42500 -34.15000 0.01903 2.53971 -11
-0.18012 -0.50633 0.01903 0 4.37500 -32.37500 0.01903 2.61244 -11
0.18210 0.57895 0.01903 0 -0.97500 -24.07500 0.01903 2.77881 -11
-0.05921 -0.63159 0.01903 0 3.82500 -21.80000 0.01903 2.84167 -11
0.06063 0.62995 0.01903 0 0.05000 -20.00000 0.01903 3.00964 -11
0.08948 -0.74280 0.01903 0 2.52500 -19.42500 0.01903 3.06169 -11
-0.08239 0.73013 0.01903 0 0.22500 -23.87500 0.01903 3.22994 -11
0.09850 -0.79314 0.01903 0 2.15000 -24.57500 0.01903 3.27990 -11
-0.13579 0.58603 0.01903 0 -0.75000 -30.65000 0.01903 3.43818 -11
0.04864 -0.60273 0.01903 0 2.70000 -31.67500 0.01903 3.49559 -11
-0.02257 0.49843 0.01903 0 -0.82500 -32.77500 0.01903 3.64742 -11
0.07254 -0.64407 0.01903 0 2.30000 -33.87500 0.01903 3.70392 -11
-0.16392 0.49916 0.01903 0 -0.75000 -37.05000 0.01903 3.84900 -11
0.11463 -0.51505 0.01903 0 2.42500 -39.90000 0.01903 3.90721 -11
-0.25912 0.54145 0.01903 0 -0.15000 -45.10000 0.01903 4.04856 -11
0.07100 -0.57787 0.01903 0 1.62500 -47.40000 0.01903 4.10027 -11
-0.15089 0.44101 0.01903 0 -0.10000 -50.37500 0.01903 4.23934 -11
0.21157 -0.51773 0.01903 0 1.87500 -52.75000 0.01903 4.29253 -11
-0.54448 0.25007 0.01903 0 -0.72500 -64.52500 0.01903 4.41123 -11
-0.13934 0.48772 0.01903 0 -0.92500 -64.37500 0.01903 1.46686 -11
0.02196 -0.44035 0.01903 0 -2.32500 -62.02500 0.01903 1.66329 -11
0.00730 0.81326 0.01903 0 2.32500 -60.80000 0.01903 1.84403 -11
-0.10560 -1.07214 0.01903 0 1.40000 -61.60000 0.01903 1.94640 -11
-0.07459 0.50880 0.01903 0 3.95000 -58.10000 0.01903 2.09521 -11
0.08411 -0.71356 0.01903 0 2.25000 -54.27500 0.01903 2.21435 -11
-0.05370 0.45538 0.01903 0 3.82500 -50.57500 0.01903 2.35584 -11
0.13488 -0.77087 0.01903 0 3.60000 -48.52500 0.01903 2.46788 -11
-0.12403 0.38553 0.01903 0 3.67500 -43.60000 0.01903 2.60212 -11
0.17613 -0.47169 0.01903 0 3.97500 -37.72500 0.01903 2.72292 -11
-0.17976 0.18105 0.01903 0 3.35000 -33.45000 0.01903 2.84287 -11
0.30907 -0.38255 0.01903 0 5.02500 -25.10000 0.01903 2.96834 -11
-0.45664 0.26303 0.01903 0 2.30000 -12.15000 0.01903 3.08728 -11
0.68943 -0.67983 0.01903 0 8.00000 5.60000 0.01903 3.19742 -11
0.57094 -0.21971 0.01903 0 -4.35000 6.02500 0.01903 3.20042 -11
-0.82565 0.48301 0.01903 0 2.65000 23.05000 0.01903 3.31997 -11
1.15492 -0.27851 0.01903 0 -0.20000 46.90000 0.01903 3.42775 -11
-0.36981 -0.00475 0.00423 0 3.10000 -60.35000 0.00397 0.39459 11
0.49906 -0.11784 0.00423 0 -1.75000 -55.60000 0.00397 0.44156 11
-0.50053 0.19565 0.00423 0 4.12500 -52.00000 0.00397 0.46952 11
0.71831 -0.50486 0.00423 0 -2.20000 -44.62500 0.00397 0.52277 11
-0.69363 0.47204 0.00423 0 4.40000 -41.50000 0.00397 0.54652 11
-0.44344 -0.56306 0.00186 0 4.30000 -61.17500 0.00170 0.34551 11
0.36134 0.61123 0.00186 0 7.10000 -60.05000 0.00170 0.35794 11
-0.06764 -1.25626 0.00186 0 4.40000 -60.22500 0.00170 0.38285 11
0.17136 1.60666 0.00186 0 6.15000 -60.12500 0.00170 0.38939 11
-0.90503 -0.90201 0.00186 0 4.25000 -60.72500 0.00170 0.41338 11
1.01053 1.39427 0.00186 0 5.65000 -59.62500 0.00170 0.42014 11
0.56302 -0.66694 0.00186 0 4.67500 -60.80000 0.00170 0.44121 11
-0.05981 0.69027 0.00186 0 6.17500 -61.50000 0.00170 0.44828 11
-1.92319 -2.87463 0.00455 0 1.07500 -11.52500 0.00244 0.17626 11
1.31525 0.32075 0.01078 0 6.77500 -47.50000 0.00237 1.37063 -11
-1.10701 -0.57368 0.01078 0 0.12500 -40.15000 0.00237 1.40375 -11
1.46637 0.76558 0.01078 0 8.47500 -26.17500 0.00237 1.46791 -11
-0.49684 -0.69358 0.00172 0 6.02500 63.47500 0.00155 0.26332 11
0.98936 0.17464 0.00172 0 -1.17500 64.42500 0.00155 -0.08551 11
-0.41137 0.28704 0.00172 0 0.65000 61.37500 0.00155 -0.07033 11
0.15488 -1.22653 0.00172 0 -1.02500 51.55000 0.00155 0.02116 11
-0.64461 1.28966 0.00172 0 0.10000 51.17500 0.00155 0.02605 11
3.00898 4.81834 0.00172 0 -1.07500 51.32500 0.00155 0.03654 11
3.64231 -6.21724 0.00172 0 -4.42500 31.67500 0.00155 0.34906 11
3.22139 -4.83611 0.00172 0 -3.67500 31.40000 0.00155 0.35217 11
-0.44873 0.20284 0.00172 0 -2.50000 30.37500 0.00155 0.35920 11
-0.02128 -0.30789 0.00172 0 -3.82500 15.45000 0.00155 0.30667 11
2.44180 -1.00927 0.00172 0 3.20000 63.95000 0.00155 0.08479 11
9.78874 1.13375 0.00172 0 3.75000 62.15000 0.00155 0.09181 11
-2.95218 -3.40292 0.00172 0 4.57500 58.32500 0.00155 0.10978 11
1.53181 4.39805 0.00172 0 4.42500 58.27500 0.00155 0.11038 11
-1.36777 -4.15029 0.00172 0 4.77500 44.45000 0.00155 0.27518 11
-10.89148 3.14990 0.00172 0 -3.17500 -29.42500 0.00155 0.59658 11
-0.53761 -0.03468 0.00172 0 -3.72500 -31.07500 0.00155 0.61465 11
0.65399 0.30973 0.00172 0 -2.52500 -29.77500 0.00155 0.62327 11
0.73685 -0.34326 0.00172 0 -3.15000 -29.97500 0.00155 0.63673 11
0.67863 -1.47268 0.00172 0 7.70000 42.85000 0.00155 0.20398 11
-0.14086 -0.01833 0.00172 0 -2.55000 42.32500 0.00155 0.21345 11
0.32689 -0.96187 0.00172 0 -4.32500 41.80000 0.00155 0.22290 11
-0.92509 0.87350 0.00172 0 -3.17500 41.12500 0.00155 0.22838 11
0.91331 -0.93972 0.00172 0 -4.12500 38.80000 0.00155 0.24331 11
-0.47513 0.60099 0.00172 0 -3.45000 38.20000 0.00155 0.24726 11
-0.22159 -1.01081 0.00240 0 4.40000 -35.15000 0.00170 1.13582 11
-1.40680 0.56728 0.00240 0 3.10000 -34.50000 0.00170 1.14156 11
-1.01072 0.49129 0.00240 0 3.00000 -34.30000 0.00170 1.14253 11
3.43274 -5.63330 0.00240 0 4.20000 -31.65000 0.00170 1.16037 11
-0.75938 2.12300 0.00240 0 4.12500 -31.62500 0.00170 1.16075 11
-3.29802 5.29169 0.00240 0 4.82500 -30.22500 0.00170 1.18051 11
0.67201 -0.50098 0.00240 0 6.02500 -27.92500 0.00170 1.19620 11
0.83557 0.14774 0.00240 0 4.82500 -24.32500 0.00170 1.22412 11
-1.88183 0.23599 0.00240 0 5.15000 -33.95000 0.00170 1.27592 11
3.96437 -0.62710 0.03134 0 3.20000 24.10000 0.00891 -0.07971 11
-3.55316 0.29338 0.03134 0 8.10000 -58.52500 0.00891 0.20765 11
-3.77677 0.76511 0.03134 0 -3.37500 -61.85000 0.00891 0.21929 11
0.57510 0.17441 0.01067 0 5.72500 -58.62500 0.00899 0.45875 11
-0.62114 -0.18413 0.01067 0 0.45000 -43.45000 0.00899 0.55975 11
0.59849 -0.00305 0.01067 0 4.75000 -26.30000 0.00899 0.66627 11
-0.63854 -0.13883 0.01067 0 0.27500 -12.20000 0.00899 0.75873 11
0.53438 0.04480 0.01067 0 4.42500 4.25000 0.00899 0.86445 11
-0.46990 -0.17126 0.01067 0 -0.57500 15.30000 0.00899 0.95502 11
0.18670 -0.18357 0.01067 0 3.42500 27.32500 0.00899 1.05097 11
-0.26372 -0.10836 0.01067 0 6.62500 30.25000 0.00899 1.09217 11
0.30146 -0.65818 0.01067 0 2.47500 35.25000 0.00899 1.15237 11
-0.36486 0.14248 0.01067 0 7.12500 37.27500 0.00899 1.18300 11
0.26265 -1.44322 0.01067 0 1.25000 40.25000 0.00899 1.25585 11
-0.05057 1.51298 0.01067 0 -4.27500 40.27500 0.00899 1.27596 11
0.02243 0.53722 0.01067 0 7.20000 40.32500 0.00899 1.27851 11
0.21808 0.82983 0.01067 0 7.57500 39.77500 0.00899 1.36143 11
0.48329 0.73870 0.01067 0 7.50000 30.95000 0.00899 1.43955 11
0.53711 1.40615 0.01067 0 7.67500 21.92500 0.00899 1.51000 11
0.69174 0.09767 0.00495 0 4.10000 28.52500 0.00400 1.05305 11
-0.80546 -0.16101 0.00495 0 -2.75000 38.05000 0.00400 1.10217 11
0.52754 0.34207 0.00495 0 6.07500 46.55000 0.00400 1.14908 11
-0.86856 -0.13442 0.00495 0 -0.72500 53.35000 0.00400 1.20030 11
1.12786 0.16707 0.00495 0 3.05000 60.20000 0.00400 1.23141 11
0.81114 0.39640 0.01067 0 -1.80000 -57.50000 0.00899 0.46168 11
-0.84146 -0.43159 0.01067 0 5.72500 -40.97500 0.00899 0.56073 11
0.71471 0.14733 0.01067 0 -2.25000 -22.57500 0.00899 0.66848 11
-0.68163 -0.35337 0.01067 0 6.22500 -7.27500 0.00899 0.75781 11
0.60541 0.21866 0.01067 0 -2.00000 9.65000 0.00899 0.86298 11
-0.56477 -0.36142 0.01067 0 5.50000 21.72500 0.00899 0.95255 11
0.59434 0.25094 0.01067 0 -2.47500 34.85000 0.00899 1.04997 11
-0.63169 -0.56870 0.01067 0 6.25000 48.80000 0.00899 1.14031 11
0.40386 0.28444 0.01067 0 -1.70000 58.65000 0.00899 1.22804 11
0.51897 0.21974 0.01067 0 5.87500 -58.25000 0.00899 0.46138 11
-0.56611 -0.32002 0.01067 0 -0.12500 -44.45000 0.00899 0.56806 11
0.53848 0.09724 0.01067 0 5.27500 -30.00000 0.00899 0.66966 11
-0.58526 -0.18018 0.01067 0 -0.12500 -17.45000 0.00899 0.76523 11
0.84583 -0.13477 0.01067 0 3.45000 0.77500 0.00899 0.87357 11
-0.96725 -0.06733 0.01067 0 1.90000 17.10000 0.00899 0.95524 11
1.18636 -0.33410 0.01067 0 2.25000 42.20000 0.00899 1.07242 11
-0.93941 0.10586 0.01067 0 2.32500 57.02500 0.00899 1.14285 11
0.65929 0.33910 0.01067 0 2.95000 -57.75000 0.00899 0.46066 11
-0.68875 -0.46749 0.01067 0 -1.50000 -39.42500 0.00899 0.57264 11
0.63892 0.46232 0.01067 0 2.85000 -25.82500 0.00899 0.65874 11
-0.59259 -0.53360 0.01067 0 -1.30000 -9.47500 0.00899 0.77931 11
0.34486 0.43944 0.01067 0 4.67500 -1.75000 0.00899 0.86460 11
-0.37804 -0.50297 0.01067 0 -0.55000 7.85000 0.00899 0.97620 11
0.46220 0.33342 0.01067 0 4.62500 17.32500 0.00899 1.06256 11
-0.52937 -0.50736 0.01067 0 1.07500 31.92500 0.00899 1.16773 11
0.52727 0.46865 0.01067 0 4.42500 42.62500 0.00899 1.24629 11
-0.58717 -0.56214 0.01067 0 2.10000 57.85000 0.00899 1.35593 11
0.94798 0.42445 0.01067 0 -2.65000 -56.20000 0.00899 0.46665 11
-1.09557 -0.67226 0.01067 0 6.92500 -35.72500 0.00899 0.56991 11
0.66297 0.24615 0.01067 0 -1.82500 -18.52500 0.00899 0.66681 11
-0.76528 -0.38129 0.01067 0 6.62500 -1.97500 0.00899 0.76466 11
0.82974 0.09746 0.01067 0 -2.50000 17.02500 0.00899 0.87351 11
-0.62507 -0.32159 0.01067 0 6.82500 31.55000 0.00899 0.95878 11
0.69087 0.14194 0.01067 0 -2.87500 47.87500 0.00899 1.05746 11
-0.74347 -0.49422 0.01067 0 7.10000 61.65000 0.00899 1.13888 11
0.69273 0.36559 0.01067 0 0.07500 -58.02500 0.00899 0.45864 11
-0.78783 -0.30441 0.01067 0 -3.87500 -38.05000 0.00899 0.56964 11
0.57448 0.36525 0.01067 0 0.70000 -21.85000 0.00899 0.66772 11
-0.66760 -0.96298 0.01067 0 7.80000 -7.80000 0.00899 0.78006 11
0.43903 0.41237 0.01067 0 0.60000 2.45000 0.00899 0.86598 11
-0.50877 -0.32895 0.01067 0 -4.10000 15.52500 0.00899 0.97040 11
-0.75395 -1.14597 0.01067 0 8.47500 16.02500 0.00899 0.97416 11
0.83685 0.83533 0.01067 0 -1.25000 27.02500 0.00899 1.04491 11
-1.06675 -0.68703 0.01067 0 -1.47500 48.25000 0.00899 1.16352 11
1.05126 0.81305 0.01067 0 -2.32500 60.75000 0.00899 1.22564 11
0.68199 0.38459 0.01067 0 0.72500 -57.82500 0.00899 0.46114 11
-0.75036 -1.08818 0.01067 0 7.90000 -40.90000 0.00899 0.57756 11
0.52548 0.28962 0.01067 0 0.27500 -30.20000 0.00899 0.66104 11
-0.66666 -0.76625 0.01067 0 7.27500 -16.00000 0.00899 0.76453 11
0.49338 0.27119 0.01067 0 0.32500 -2.77500 0.00899 0.86143 11
-0.38988 -0.72472 0.01067 0 6.50000 5.77500 0.00899 0.96587 11
0.38506 0.20056 0.01067 0 -0.30000 14.05000 0.00899 1.05583 11
-0.60999 -0.72263 0.01067 0 7.40000 25.82500 0.00899 1.15329 11
0.44435 0.40049 0.01067 0 -1.15000 37.77500 0.00899 1.23907 11
-0.31669 -0.70771 0.01067 0 6.70000 47.87500 0.00899 1.33505 11
0.28372 0.32537 0.01067 0 -0.80000 54.15000 0.00899 1.41840 11
-0.37189 -0.56748 0.01067 0 7.10000 61.95000 0.00899 1.50583 11
0.62285 0.22880 0.01067 0 6.07500 -57.62500 0.00899 0.46127 11
-0.35322 -0.45535 0.01067 0 -0.65000 -47.27500 0.00899 0.57229 11
0.38478 0.20542 0.01067 0 5.50000 -37.50000 0.00899 0.66440 11
-0.43103 -0.29941 0.01067 0 -0.40000 -26.30000 0.00899 0.76345 11
0.44603 0.13328 0.01067 0 5.12500 -14.20000 0.00899 0.86395 11
-0.40665 -0.16553 0.01067 0 -0.07500 -2.30000 0.00899 0.95875 11
0.80199 -0.27373 0.01067 0 -0.40000 12.82500 0.00899 1.05083 11
-0.94791 0.25800 0.01067 0 1.57500 23.05000 0.00899 1.10438 11
0.93477 -0.23375 0.01067 0 -1.70000 42.60000 0.00899 1.19712 11
-0.54885 0.14904 0.01067 0 0.35000 51.00000 0.00899 1.24867 11
0.58852 -0.15568 0.01067 0 -1.72500 62.70000 0.00899 1.32787 11
-0.33368 -0.85944 0.00204 0 3.07500 -2.22500 0.00203 0.98591 11
-4.01409 1.82660 0.00204 0 0.55000 -3.15000 0.00203 0.99684 11
8.14419 -1.50830 0.00204 0 0.97500 4.95000 0.00203 1.02676 11
19.44391 4.27761 0.00204 0 0.95000 5.35000 0.00203 1.02824 11
-0.71949 0.42732 0.00204 0 -0.25000 18.50000 0.00203 1.09932 11
0.49629 -1.02161 0.00204 0 0.45000 18.57500 0.00203 1.11170 11
0.65000 0.19074 0.01067 0 3.00000 -57.27500 0.00899 0.46360 11
-0.59507 -0.14704 0.01067 0 -2.25000 -42.50000 0.00899 0.56224 11
0.45359 0.13964 0.01067 0 2.60000 -27.77500 0.00899 0.66290 11
-0.27488 -0.06818 0.01067 0 -3.70000 -19.27500 0.00899 0.75798 11
0.34404 0.50459 0.01067 0 1.77500 -11.87500 0.00899 0.84512 11
-0.29671 -0.48969 0.01067 0 -3.42500 -2.57500 0.00899 0.95835 11
0.31062 0.57942 0.01067 0 1.65000 4.12500 0.00899 1.03704 11
-0.31690 -0.52876 0.01067 0 -2.50000 12.85000 0.00899 1.15111 11
0.40490 0.45028 0.01067 0 1.80000 20.35000 0.00899 1.22836 11
-0.40551 -0.46154 0.01067 0 -2.02500 31.07500 0.00899 1.33025 11
0.24670 0.51859 0.01067 0 1.65000 37.87500 0.00899 1.40347 11
-0.27878 -0.44177 0.01067 0 -2.02500 46.30000 0.00899 1.50022 11
0.21055 0.58519 0.01067 0 1.60000 51.50000 0.00899 1.57187 11
-0.21689 -0.66829 0.01067 0 -1.40000 57.27500 0.00899 1.67403 11
0.22671 0.53448 0.01067 0 0.90000 61.62500 0.00899 1.73659 11
0.27537 -1.84639 0.01067 0 -1.27500 62.07500 0.00899 1.96818 11
-0.32883 2.01430 0.01067 0 4.65000 61.22500 0.00899 1.98898 11
0.37183 -2.26697 0.01067 0 -0.57500 55.95000 0.00899 2.10535 11
-0.20169 2.06315 0.01067 0 4.87500 55.42500 0.00899 2.12431 11
0.62865 -2.85394 0.01067 0 0.70000 50.25000 0.00899 2.23955 11
-0.55713 2.61432 0.01067 0 4.20000 49.60000 0.00899 2.25172 11
0.27183 -1.42422 0.01067 0 0.15000 45.30000 0.00899 2.35725 11
-0.38162 1.46007 0.01067 0 6.32500 43.85000 0.00899 2.37977 11
-0.06131 -1.16531 0.01067 0 -0.62500 40.77500 0.00899 2.46893 11
0.18082 1.14165 0.01067 0 6.65000 41.22500 0.00899 2.49565 11
-0.55812 -0.85884 0.01067 0 -0.02500 48.60000 0.00899 2.58241 11
0.65078 0.80471 0.01067 0 7.55000 52.17500 0.00899 2.61387 11
0.83696 1.07703 0.01067 0 -3.82500 52.75000 0.00899 2.61767 11
-0.39553 -0.80132 0.01067 0 -0.30000 60.20000 0.00899 2.68661 11
0.33344 0.84860 0.01067 0 6.97500 62.55000 0.00899 2.71556 11
0.61394 1.49031 0.01067 0 -4.45000 62.75000 0.00899 2.71818 11
0.72312 0.25335 0.01067 0 7.52500 -58.17500 0.00899 0.45604 11
0.94033 0.70024 0.01067 0 -4.15000 -57.62500 0.00899 0.45909 11
-0.95104 -0.39590 0.01067 0 4.27500 -38.85000 0.00899 0.56095 11
1.03671 0.10494 0.01067 0 6.40000 -18.77500 0.00899 0.65908 11
-0.99000 -0.34284 0.01067 0 5.00000 1.60000 0.00899 0.75709 11
0.84708 0.11595 0.01067 0 6.05000 19.97500 0.00899 0.84743 11
-0.85506 -0.48864 0.01067 0 4.25000 38.87500 0.00899 0.94692 11
0.81558 0.32551 0.01067 0 5.07500 52.30000 0.00899 1.02067 11
0.97720 0.13433 0.01067 0 7.45000 -56.60000 0.00899 0.45791 11
1.19301 0.46886 0.01067 0 -4.37500 -55.92500 0.00899 0.46093 11
-1.21923 -0.85448 0.01067 0 6.17500 -32.57500 0.00899 0.57043 11
0.85895 0.13059 0.01067 0 6.72500 -16.97500 0.00899 0.64730 11
-1.22326 -0.69700 0.01067 0 4.95000 4.20000 0.00899 0.75467 11
1.18308 0.19177 0.01067 0 4.60000 21.55000 0.00899 0.83389 11
-1.71153 -0.81238 0.01067 0 6.32500 46.95000 0.00899 0.94036 11
1.48819 0.36842 0.01067 0 3.02500 63.57500 0.00899 1.00783 11
0.80358 0.23192 0.01067 0 3.02500 -56.80000 0.00899 0.46149 11
-0.80190 -0.25804 0.01067 0 -0.95000 -37.37500 0.00899 0.56929 11
0.92715 0.15608 0.01067 0 2.17500 -18.27500 0.00899 0.66923 11
-1.13515 -0.29680 0.01067 0 0.97500 4.57500 0.00899 0.77460 11
0.96255 0.07968 0.01067 0 2.47500 23.30000 0.00899 0.86699 11
-1.05748 -0.28445 0.01067 0 0.55000 42.67500 0.00899 0.96484 11
1.32101 0.19458 0.01067 0 0.17500 62.17500 0.00899 1.05150 11
0.13091 -0.47880 0.01067 0 -2.67500 64.67500 0.00899 5.57315 11
-0.15594 0.41091 0.01067 0 2.82500 63.67500 0.00899 5.59646 11
-0.07523 -0.57999 0.01067 0 -2.42500 60.45000 0.00899 5.63847 11
0.08295 0.40124 0.01067 0 2.95000 61.30000 0.00899 5.66145 11
0.05386 -0.24668 0.01067 0 -2.37500 62.22500 0.00899 5.69924 11
-0.06469 0.28734 0.01067 0 3.10000 61.67500 0.00899 5.72465 11
0.10231 -0.91524 0.01067 0 -1.42500 61.60000 0.00899 5.76519 11
-0.01551 0.77004 0.01067 0 2.20000 61.60000 0.00899 5.77901 11
0.39181 -0.79134 0.01067 0 -1.92500 59.22500 0.00899 5.81364 11
-0.51092 0.64486 0.01067 0 1.92500 57.87500 0.00899 5.82979 11
0.69013 0.37756 0.01067 0 -1.50000 53.30000 0.00899 5.85436 11
-0.27376 -0.55494 0.01067 0 1.30000 49.97500 0.00899 5.88276 11
1.25714 0.44329 0.01067 0 -2.25000 48.20000 0.00899 5.89967 11
-1.21559 -0.08694 0.01067 0 -0.05000 42.87500 0.00899 5.92287 11
0.49155 1.06224 0.01067 0 -2.75000 39.67500 0.00899 5.93993 11
0.75351 0.25890 0.01067 0 1.00000 -57.55000 0.00899 0.46238 11
-0.71058 -0.11455 0.01067 0 -2.70000 -40.15000 0.00899 0.55987 11
0.81388 0.15269 0.01067 0 0.70000 -21.57500 0.00899 0.66304 11
-0.85727 -0.10716 0.01067 0 -0.27500 0.05000 0.00899 0.76165 11
0.71082 0.09254 0.01067 0 2.52500 18.72500 0.00899 0.86384 11
-0.77015 -0.26443 0.01067 0 -0.07500 36.42500 0.00899 0.96059 11
0.80035 0.18977 0.01067 0 1.97500 52.60000 0.00899 1.04896 11
0.84610 0.54087 0.01067 0 -1.80000 -56.60000 0.00899 0.46282 11
-1.26237 -1.27833 0.01067 0 7.50000 -34.65000 0.00899 0.57942 11
0.62339 0.80829 0.01067 0 -2.10000 -20.72500 0.00899 0.65644 11
