0.26808 0.14431 0.01074 0 6.37500 8.22500 0.01013 1.35614 11
-0.18021 -0.36599 0.01074 0 2.00000 13.75000 0.01013 1.44297 11
0.09463 0.09714 0.01074 0 6.57500 18.00000 0.01013 1.53011 11
-0.17786 -0.33700 0.01074 0 2.30000 19.55000 0.01013 1.61532 11
0.15288 0.12368 0.01074 0 6.27500 23.82500 0.01013 1.69811 11
-0.48960 -0.35652 0.01074 0 3.40000 31.05000 0.01013 1.77715 11
0.37768 0.10299 0.01074 0 5.22500 41.35000 0.01013 1.85720 11
-0.50894 -0.27800 0.01074 0 3.45000 49.62500 0.01013 1.93360 11
0.55124 0.30730 0.01074 0 4.95000 59.87500 0.01013 2.01042 11
-0.49159 -0.89169 0.01074 0 3.67500 -55.40000 0.01013 0.53040 11
0.30947 0.52719 0.01074 0 6.52500 -50.32500 0.01013 0.59391 11
-0.26623 -0.92820 0.01074 0 1.42500 -41.82500 0.01013 0.71414 11
0.15353 0.40852 0.01074 0 7.40000 -38.62500 0.01013 0.79067 11
0.19885 0.73274 0.01074 0 -4.27500 -38.50000 0.01013 0.79303 11
-0.37221 -0.60357 0.01074 0 2.02500 -32.92500 0.01013 0.89263 11
0.18760 0.39821 0.01074 0 6.67500 -27.62500 0.01013 0.96950 11
-0.29545 -0.66118 0.01074 0 2.12500 -22.92500 0.01013 1.07379 11
0.37182 0.58104 0.01074 0 5.17500 -16.92500 0.01013 1.14067 11
-0.48968 -1.32816 0.01074 0 3.72500 -5.42500 0.01013 1.25570 11
0.52412 0.80710 0.01074 0 5.20000 -0.15000 0.01013 1.31026 11
-0.62952 -2.53903 0.01074 0 7.40000 9.27500 0.01013 1.43283 11
0.02622 0.94418 0.01074 0 4.30000 10.50000 0.01013 1.46688 11
-0.08817 -1.39593 0.01074 0 -4.27500 10.82500 0.01013 1.57883 11
0.12206 1.48765 0.01074 0 3.25000 11.35000 0.01013 1.60567 11
-0.14541 -1.17681 0.01074 0 -4.32500 12.70000 0.01013 1.71693 11
0.17629 1.21885 0.01074 0 3.90000 13.52500 0.01013 1.74694 11
-0.43874 -1.60242 0.01074 0 -3.57500 20.22500 0.01013 1.85490 11
0.39100 1.46397 0.01074 0 3.45000 21.67500 0.01013 1.88025 11
-0.68295 -2.10526 0.01074 0 -2.17500 32.95000 0.01013 1.99118 11
0.71269 2.22960 0.01074 0 2.77500 34.37500 0.01013 2.00897 11
-0.76295 -1.80846 0.01074 0 -3.92500 42.30000 0.01013 2.11082 11
0.79626 1.84295 0.01074 0 1.77500 44.30000 0.01013 2.13187 11
-1.91048 -3.93380 0.01074 0 -1.95000 57.57500 0.01013 2.23871 11
2.25706 5.85543 0.01074 0 0.47500 58.60000 0.01013 2.24763 11
-0.55812 -0.76894 0.01074 0 -0.72500 -60.32500 0.01013 0.52682 11
0.57493 0.80642 0.01074 0 1.87500 -52.27500 0.01013 0.59153 11
-0.52256 -0.93472 0.01074 0 -0.92500 -37.40000 0.01013 0.71790 11
0.70006 0.80559 0.01074 0 1.87500 -28.35000 0.01013 0.78372 11
-0.54354 -0.78428 0.01074 0 0.07500 -12.25000 0.01013 0.89636 11
0.56367 0.75311 0.01074 0 3.12500 -4.22500 0.01013 0.96438 11
-0.74847 -1.08165 0.01074 0 2.87500 9.55000 0.01013 1.08348 11
0.58495 0.63164 0.01074 0 2.97500 16.75000 0.01013 1.13773 11
-0.45867 -1.03501 0.01074 0 2.82500 30.30000 0.01013 1.23970 11
0.36990 0.78137 0.01074 0 3.60000 34.65000 0.01013 1.29240 11
-0.38942 -0.93238 0.01074 0 3.20000 41.57500 0.01013 1.39342 11
0.50138 0.39714 0.01074 0 3.22500 48.20000 0.01013 1.45014 11
-0.42109 -0.68977 0.01074 0 2.97500 56.77500 0.01013 1.53573 11
0.39753 0.33362 0.01074 0 3.05000 62.87500 0.01013 1.59342 11
-3.04344 -12.97505 0.01074 0 8.25000 -62.32500 0.01013 0.53267 11
0.38264 1.28203 0.01074 0 5.50000 -59.80000 0.01013 0.56706 11
-0.22744 -3.99569 0.01074 0 6.45000 -50.52500 0.01013 0.71210 11
0.08220 1.31352 0.01074 0 5.02500 -50.17500 0.01013 0.74998 11
-0.00607 -2.48687 0.01074 0 5.12500 -49.50000 0.01013 0.88741 11
0.01188 1.09898 0.01074 0 4.60000 -49.45000 0.01013 0.92929 11
-0.09100 -1.93269 0.01074 0 4.47500 -49.57500 0.01013 1.05916 11
-0.54158 0.84895 0.01074 0 4.05000 -50.67500 0.01013 1.10312 11
0.81290 -1.55981 0.01074 0 6.85000 -61.52500 0.01013 1.20374 11
-0.73112 -0.70765 0.01074 0 3.92500 -54.95000 0.01013 0.52953 11
0.49375 0.37978 0.01074 0 7.55000 -44.05000 0.01013 0.60715 11
0.58363 0.81649 0.01074 0 -4.05000 -43.70000 0.01013 0.61008 11
-0.51765 -0.83925 0.01074 0 3.62500 -28.75000 0.01013 0.72585 11
0.25390 0.75490 0.01074 0 6.25000 -22.00000 0.01013 0.79020 11
-0.19254 -1.51915 0.01074 0 3.72500 -17.77500 0.01013 0.91935 11
-0.05652 0.75970 0.01074 0 5.40000 -16.30000 0.01013 0.97215 11
0.14011 -1.03972 0.01074 0 3.55000 -19.15000 0.01013 1.08061 11
-0.01773 0.61296 0.01074 0 5.60000 -20.55000 0.01013 1.13791 11
-0.04143 -1.01305 0.01074 0 3.62500 -20.20000 0.01013 1.23960 11
0.07641 0.58940 0.01074 0 5.05000 -19.90000 0.01013 1.29402 11
0.01881 -1.01176 0.01074 0 4.35000 -20.52500 0.01013 1.38971 11
-0.03723 0.45537 0.01074 0 5.20000 -21.05000 0.01013 1.44376 11
-0.00726 -0.86066 0.01074 0 4.50000 -22.62500 0.01013 1.53304 11
-0.23033 0.40062 0.01074 0 3.85000 -24.95000 0.01013 1.58284 11
0.34309 -0.59738 0.01074 0 3.95000 -30.17500 0.01013 1.65999 11
-0.32246 0.19819 0.01074 0 3.42500 -36.15000 0.01013 1.71774 11
0.26595 -0.58635 0.01074 0 3.95000 -41.50000 0.01013 1.78696 11
-0.39202 0.38281 0.01074 0 2.55000 -44.77500 0.01013 1.83611 11
0.58537 -0.62618 0.01074 0 4.27500 -51.85000 0.01013 1.90172 11
-0.29814 0.29839 0.01074 0 2.45000 -56.60000 0.01013 1.95138 11
0.35582 -0.93760 0.01074 0 5.25000 -61.82500 0.01013 2.01956 11
-0.26994 0.56578 0.01074 0 2.85000 -64.60000 0.01013 2.06030 11
-0.31398 -0.24533 0.01074 0 -1.90000 -61.52500 0.01013 0.52544 11
0.31510 0.15664 0.01074 0 4.25000 -52.15000 0.01013 0.62435 11
-0.20509 -0.17236 0.01074 0 -2.12500 -45.00000 0.01013 0.72221 11
0.06169 0.10572 0.01074 0 4.25000 -40.87500 0.01013 0.82079 11
-0.10124 -0.21569 0.01074 0 -2.10000 -38.50000 0.01013 0.91214 11
-0.00725 0.29085 0.01074 0 3.85000 -37.65000 0.01013 1.00009 11
-0.09671 -0.28289 0.01074 0 -1.82500 -36.67500 0.01013 1.09601 11
0.01691 0.22153 0.01074 0 3.55000 -36.55000 0.01013 1.18198 11
0.00130 -0.32785 0.01074 0 -1.70000 -35.62500 0.01013 1.27507 11
-0.01755 0.35890 0.01074 0 3.05000 -35.57500 0.01013 1.35425 11
0.00135 -0.35944 0.01074 0 -1.65000 -34.80000 0.01013 1.44870 11
0.06033 0.32385 0.01074 0 2.75000 -34.55000 0.01013 1.52644 11
-0.05908 -0.39663 0.01074 0 -1.27500 -33.27500 0.01013 1.61815 11
0.14476 0.57825 0.01074 0 2.30000 -31.32500 0.01013 1.68794 11
-0.16111 -0.46910 0.01074 0 -0.45000 -26.27500 0.01013 1.78637 11
0.19519 0.29792 0.01074 0 2.77500 -24.30000 0.01013 1.85833 11
-0.21267 -0.52778 0.01074 0 0.12500 -19.07500 0.01013 1.94494 11
0.14977 0.49160 0.01074 0 1.45000 -15.45000 0.01013 2.00524 11
-0.09470 -0.59037 0.01074 0 0.32500 -13.02500 0.01013 2.08355 11
0.10027 0.42971 0.01074 0 1.32500 -11.80000 0.01013 2.14172 11
-0.26245 -1.09052 0.01074 0 1.60000 -7.67500 0.01013 2.22444 11
0.21525 1.02570 0.01074 0 -0.32500 -5.90000 0.01013 2.26330 11
-0.70515 -1.50535 0.01074 0 2.42500 1.47500 0.01013 2.35659 11
0.68206 1.28217 0.01074 0 -1.12500 5.22500 0.01013 2.39022 11
-0.40793 -0.83292 0.01074 0 2.17500 17.80000 0.01013 2.47867 11
0.00097 0.82945 0.01074 0 1.85000 20.82500 0.01013 2.52712 11
0.38990 -2.18007 0.01074 0 5.20000 17.42500 0.01013 2.61257 11
-0.27013 1.15682 0.01074 0 0.80000 16.12500 0.01013 2.64072 11
0.16038 -0.98294 0.01074 0 4.07500 13.82500 0.01013 2.72162 11
-0.21172 0.71523 0.01074 0 1.92500 12.27500 0.01013 2.76229 11
-0.24360 22.69001 0.01074 0 7.60000 6.17500 0.01013 2.84615 11
0.16079 1.55754 0.01074 0 -1.12500 6.20000 0.01013 2.85823 11
0.76168 1.87079 0.01074 0 -1.27500 14.22500 0.01013 2.95341 11
0.50588 2.43792 0.01074 0 -1.37500 24.85000 0.01013 3.04631 11
0.54275 -4.11414 0.01074 0 5.55000 15.32500 0.01013 3.37476 11
-2.96625 22.40056 0.01074 0 6.05000 15.27500 0.01013 3.37765 11
0.05588 1.28546 0.01074 0 -2.27500 15.32500 0.01013 3.38946 11
0.69920 0.00136 0.01074 0 4.95000 16.65000 0.01013 3.45534 11
-0.71042 0.06650 0.01074 0 7.97500 13.22500 0.01013 3.47516 11
-0.53459 -0.18673 0.01074 0 -4.10000 12.77500 0.01013 3.47825 11
0.63131 0.64309 0.01074 0 4.57500 11.47500 0.01013 3.49423 11
5.41197 8.38094 0.01074 0 4.95000 7.92500 0.01013 3.51618 11
0.86894 0.38259 0.01074 0 1.72500 -64.02500 0.01013 0.41611 11
-0.91715 -0.36685 0.01074 0 -0.97500 -43.72500 0.01013 0.52413 11
0.93360 0.48955 0.01074 0 0.40000 -25.10000 0.01013 0.61292 11
-0.88651 -0.52865 0.01074 0 -0.65000 -3.65000 0.01013 0.72344 11
0.68400 0.31567 0.01074 0 1.65000 10.85000 0.01013 0.80527 11
-0.60362 -0.19463 0.01074 0 -0.77500 24.62500 0.01013 0.89452 11
0.46918 0.13814 0.01074 0 1.52500 37.50000 0.01013 0.98175 11
-0.49554 -0.22451 0.01074 0 -1.12500 48.60000 0.01013 1.06754 11
0.26685 0.20409 0.01074 0 2.50000 55.32500 0.01013 1.15169 11
-0.21419 -0.28684 0.01074 0 -0.72500 61.32500 0.01013 1.23501 11
0.22837 0.26782 0.01074 0 2.42500 64.72500 0.01013 1.31042 11
0.32048 0.25930 0.01074 0 5.75000 -58.90000 0.01013 0.61669 11
-0.26808 -0.31115 0.01074 0 -0.62500 -50.50000 0.01013 0.71785 11
0.12486 0.13457 0.01074 0 6.02500 -44.75000 0.01013 0.81501 11
-0.48064 -0.20815 0.01074 0 -0.57500 -41.47500 0.01013 0.91097 11
0.50729 0.11402 0.01074 0 4.52500 -28.70000 0.01013 1.01292 11
-0.50212 -0.13942 0.01074 0 0.02500 -17.05000 0.01013 1.10389 11
0.28741 0.15648 0.01074 0 4.62500 -5.67500 0.01013 1.20170 11
-0.28188 -0.34120 0.01074 0 -0.42500 1.17500 0.01013 1.29351 11
0.40446 0.32548 0.01074 0 3.40000 8.97500 0.01013 1.37350 11
-0.46148 -0.43325 0.01074 0 0.25000 19.72500 0.01013 1.46980 11
0.64211 0.48774 0.01074 0 2.90000 28.12500 0.01013 1.54144 11
-0.84223 -1.00708 0.01074 0 2.65000 41.15000 0.01013 1.62940 11
0.62246 0.53000 0.01074 0 0.20000 47.85000 0.01013 1.67445 11
-0.77246 -0.93352 0.01074 0 1.42500 62.32500 0.01013 1.76208 11
0.79778 0.09173 0.01074 0 5.12500 -63.10000 0.01013 0.42665 11
-0.91823 -0.22851 0.01074 0 3.60000 -43.42500 0.01013 0.52170 11
1.18939 0.02307 0.01074 0 5.17500 -21.52500 0.01013 0.62714 11
-1.28144 -0.43493 0.01074 0 6.00000 0.47500 0.01013 0.72202 11
1.48877 -0.07792 0.01074 0 5.17500 21.35000 0.01013 0.81263 11
-1.51873 0.24025 0.01074 0 -4.40000 40.77500 0.01013 0.89187 11
-1.38344 -0.16394 0.01074 0 7.57500 41.67500 0.01013 0.89553 11
-0.31891 -0.32010 0.01074 0 -3.57500 -59.20000 0.01013 0.52922 11
0.22320 0.34805 0.01074 0 2.17500 -52.35000 0.01013 0.61572 11
-0.19726 -0.31220 0.01074 0 -3.82500 -45.55000 0.01013 0.71809 11
0.24636 0.37828 0.01074 0 2.20000 -40.20000 0.01013 0.80653 11
-0.24542 -0.31289 0.01074 0 -3.37500 -33.67500 0.01013 0.90741 11
0.35854 0.30206 0.01074 0 1.62500 -26.02500 0.01013 0.99376 11
-0.43274 -0.29996 0.01074 0 -2.50000 -14.85000 0.01013 1.09112 11
0.41344 0.23343 0.01074 0 1.47500 -4.97500 0.01013 1.17737 11
-0.46719 -0.30564 0.01074 0 -2.42500 5.00000 0.01013 1.26968 11
0.39041 0.36791 0.01074 0 -0.20000 14.37500 0.01013 1.34387 11
-0.34853 -0.35763 0.01074 0 -3.42500 22.77500 0.01013 1.43281 11
0.12382 0.84396 0.01074 0 -1.55000 25.82500 0.01013 1.49326 11
-0.07471 -0.63606 0.01074 0 -3.20000 30.00000 0.01013 1.59373 11
-0.05353 0.83629 0.01074 0 -1.90000 30.07500 0.01013 1.64868 11
0.12771 -0.43058 0.01074 0 -3.17500 28.02500 0.01013 1.74126 11
-0.12380 0.63981 0.01074 0 -0.77500 26.07500 0.01013 1.80546 11
0.26854 -0.57309 0.01074 0 -1.37500 21.70000 0.01013 1.89199 11
-0.52517 0.62605 0.01074 0 8.35000 17.45000 0.01013 1.93375 11
-0.54509 1.02023 0.01074 0 -2.75000 16.92500 0.01013 1.93883 11
0.41591 -0.74433 0.01074 0 -0.90000 6.90000 0.01013 2.02913 11
-0.41273 0.53619 0.01074 0 -1.85000 2.15000 0.01013 2.07848 11
0.47853 -0.36962 0.01074 0 0.32500 -6.72500 0.01013 2.14546 11
-0.13024 0.44549 0.01074 0 -1.57500 -10.12500 0.01013 2.19329 11
-0.01462 -0.63519 0.01074 0 0.37500 -9.20000 0.01013 2.25683 11
0.46995 0.54896 0.01074 0 8.10000 -7.40000 0.01013 2.28907 11
0.69128 0.87634 0.01074 0 -3.10000 -6.77500 0.01013 2.29386 11
-0.53724 -0.72243 0.01074 0 2.30000 0.85000 0.01013 2.34915 11
0.57336 0.62676 0.01074 0 8.42500 4.27500 0.01013 2.37603 11
0.29896 0.69446 0.01074 0 -2.82500 4.65000 0.01013 2.38067 11
-0.57960 -0.59668 0.01074 0 2.80000 10.95000 0.01013 2.42750 11
0.65304 0.59378 0.01074 0 8.20000 14.27500 0.01013 2.45182 11
0.78405 0.43204 0.01074 0 -3.37500 15.00000 0.01013 2.45612 11
-0.54502 -0.37566 0.01074 0 2.97500 22.40000 0.01013 2.49801 11
0.44197 0.34682 0.01074 0 -2.75000 26.45000 0.01013 2.53037 11
-0.09999 -0.21897 0.01074 0 2.65000 28.80000 0.01013 2.56454 11
0.34242 0.09569 0.01074 0 8.20000 31.00000 0.01013 2.59259 11
0.15754 -0.23901 0.01074 0 -3.72500 31.35000 0.01013 2.59583 11
-1.65064 0.04810 0.01074 0 5.30000 38.37500 0.01013 2.62551 11
1.01867 -0.30505 0.01074 0 8.50000 44.52500 0.01013 2.65327 11
1.17925 -0.75209 0.01074 0 -4.05000 45.55000 0.01013 2.65822 11
-0.88545 0.50508 0.01074 0 5.77500 48.15000 0.01013 2.67033 11
0.05695 -0.43465 0.01074 0 8.35000 51.32500 0.01013 2.69608 11
0.32035 0.26327 0.01074 0 5.45000 50.15000 0.01013 2.70902 11
-0.20321 -0.82193 0.01074 0 -4.00000 47.85000 0.01013 2.73499 11
0.23136 0.50212 0.01074 0 5.65000 46.95000 0.01013 2.74468 11
0.18189 -0.32843 0.02899 0 8.47500 -55.75000 0.02852 0.76821 11
0.18329 0.04120 0.02899 0 -3.65000 -55.60000 0.02852 0.77143 11
-0.21190 -0.02431 0.02899 0 3.00000 -47.05000 0.02852 0.91600 11
0.18593 -0.30066 0.02899 0 8.45000 -25.32500 0.02852 1.31199 11
0.09095 0.04500 0.02899 0 -3.67500 -25.22500 0.02852 1.31514 11
-0.05832 -0.02565 0.02899 0 2.87500 -21.92500 0.02852 1.45801 11
0.09834 -0.31939 0.02899 0 8.05000 -13.55000 0.02852 1.85309 11
0.08984 0.04820 0.02899 0 -4.05000 -13.47500 0.02852 1.85573 11
-0.05663 -0.01220 0.02899 0 3.72500 -9.60000 0.02852 1.99566 11
-0.06132 -0.33079 0.02899 0 6.35000 -13.07500 0.02852 2.38650 11
0.06770 -0.00170 0.02899 0 3.65000 -15.57500 0.02852 2.52220 11
-0.07078 -0.44123 0.02899 0 4.05000 -21.62500 0.02852 2.91012 11
0.10842 0.09337 0.02899 0 5.82500 -23.47500 0.02852 3.02912 11
-0.16939 -0.43125 0.02899 0 4.05000 -39.35000 0.02852 3.40968 11
0.17669 0.05055 0.02899 0 6.42500 -45.42500 0.02852 3.52931 11
0.26085 -0.29818 0.02899 0 4.47500 -50.35000 0.02852 0.76863 11
-0.22349 0.09742 0.02899 0 1.25000 -38.52500 0.02852 0.90908 11
0.26523 -0.28138 0.02899 0 0.20000 -14.30000 0.02852 1.26610 11
-0.24852 0.13395 0.02899 0 3.50000 -5.77500 0.02852 1.38381 11
-0.79023 -0.01327 0.00432 0 1.25000 -38.50000 0.00320 0.90915 11
0.52039 0.30565 0.00432 0 7.35000 -32.97500 0.00320 0.94403 11
-0.39487 -0.32658 0.00432 0 0.67500 -28.30000 0.00320 0.98767 11
2.21614 -0.86899 0.00432 0 7.45000 -19.65000 0.00320 1.03357 11
-0.96630 1.26824 0.00432 0 5.45000 -14.95000 0.00320 1.05144 11
0.14865 -0.17711 0.02899 0 4.50000 -54.52500 0.02852 0.77220 11
-0.14124 0.10702 0.02899 0 -2.35000 -48.57500 0.02852 0.92117 11
0.09486 -0.12276 0.02899 0 5.42500 -34.17500 0.02852 1.31985 11
-0.05252 0.05711 0.02899 0 -2.72500 -31.02500 0.02852 1.47447 11
0.02059 -0.09296 0.02899 0 3.25000 -24.62500 0.02852 1.84438 11
-0.01908 0.07226 0.02899 0 -3.45000 -23.22500 0.02852 1.99487 11
0.03184 -0.05905 0.02899 0 2.22500 -22.57500 0.02852 2.35969 11
-0.02941 0.09976 0.02899 0 -3.62500 -21.35000 0.02852 2.50757 11
-0.01974 -0.35351 0.02899 0 8.47500 -21.30000 0.02852 2.51075 11
-0.15302 -0.04093 0.02899 0 1.37500 -26.22500 0.02852 2.86302 11
0.16383 0.11590 0.02899 0 -2.30000 -32.70000 0.02852 3.00500 11
-0.22268 -0.07654 0.02899 0 -0.80000 -54.37500 0.02852 3.35478 11
0.23814 0.15880 0.02899 0 -1.35000 -62.62500 0.02852 3.48656 11
0.20761 -0.34426 0.02899 0 8.12500 -51.85000 0.02852 0.76235 11
0.18446 0.02862 0.02899 0 -4.00000 -51.70000 0.02852 0.76512 11
-0.17187 0.01442 0.02899 0 3.37500 -43.77500 0.02852 0.90697 11
0.17054 -0.34169 0.02899 0 7.10000 -22.57500 0.02852 1.32034 11
-0.17361 0.01750 0.02899 0 3.95000 -15.50000 0.02852 1.45867 11
0.15862 -0.31173 0.02899 0 8.42500 3.12500 0.02852 1.85811 11
0.17316 0.07689 0.02899 0 -3.67500 3.27500 0.02852 1.86125 11
-0.15537 -0.08147 0.02899 0 3.65000 10.00000 0.02852 2.00453 11
0.25782 -0.37043 0.02899 0 7.15000 37.45000 0.02852 2.38661 11
-0.28755 -0.07609 0.02899 0 6.02500 48.52500 0.02852 2.52465 11
0.23597 -0.04095 0.02899 0 -3.02500 -52.10000 0.02852 0.77771 11
-0.20392 0.00311 0.02899 0 5.37500 -42.62500 0.02852 0.91756 11
0.25252 -0.44390 0.02899 0 7.35000 -12.65000 0.02852 1.32925 11
-0.15788 0.01120 0.02899 0 7.10000 -5.70000 0.02852 1.45849 11
0.21728 -0.50213 0.02899 0 5.60000 15.67500 0.02852 1.87903 11
-0.20291 0.03524 0.02899 0 7.27500 23.32500 0.02852 2.00176 11
0.19613 -0.60637 0.02899 0 4.20000 46.55000 0.02852 2.41236 11
-0.21087 0.56955 0.02899 0 -2.95000 52.10000 0.02852 2.52046 11
0.04587 0.00223 0.02899 0 0.55000 -63.02500 0.02852 0.74804 11
-0.04758 -0.14261 0.02899 0 3.72500 -61.35000 0.02852 0.90174 11
0.01355 0.01709 0.02899 0 -0.07500 -56.60000 0.02852 1.30710 11
-0.00431 -0.13287 0.02899 0 4.00000 -56.62500 0.02852 1.45852 11
-0.08841 0.04276 0.02899 0 -1.80000 -64.87500 0.02852 1.84931 11
0.16349 -0.23284 0.02899 0 5.10000 -54.90000 0.02852 0.77027 11
-0.16377 0.13095 0.02899 0 -1.17500 -48.70000 0.02852 0.91721 11
0.40414 -0.40301 0.02899 0 2.67500 -27.50000 0.02852 1.32207 11
-0.38550 0.13162 0.02899 0 4.77500 -13.37500 0.02852 1.44812 11
0.46702 -0.44628 0.02899 0 2.10000 34.35000 0.02852 1.86479 11
-0.47044 0.13173 0.02899 0 6.60000 49.07500 0.02852 1.98494 11
0.15315 -0.07019 0.02899 0 -0.07500 -53.52500 0.02852 0.77123 11
-0.15954 -0.13514 0.02899 0 5.35000 -47.40000 0.02852 0.91882 11
0.11684 -0.01052 0.02899 0 -1.32500 -28.52500 0.02852 1.32942 11
-0.04609 -0.10167 0.02899 0 6.10000 -26.10000 0.02852 1.46975 11
0.03482 -0.04135 0.02899 0 -1.50000 -19.60000 0.02852 1.86909 11
-0.05279 -0.15471 0.02899 0 5.65000 -17.62500 0.02852 2.01107 11
0.04737 -0.01566 0.02899 0 -1.67500 -12.92500 0.02852 2.38802 11
-0.07146 -0.16142 0.02899 0 6.12500 -10.97500 0.02852 2.52902 11
0.20863 -0.02940 0.02899 0 -1.17500 0.77500 0.02852 2.90465 11
-0.24237 0.20550 0.02899 0 -4.12500 10.62500 0.02852 3.04567 11
-0.21949 -0.24004 0.02899 0 7.87500 10.80000 0.02852 3.04817 11
0.20864 -0.05765 0.02899 0 -0.62500 30.60000 0.02852 3.40840 11
-0.22943 0.12046 0.02899 0 -2.70000 39.67500 0.02852 3.54624 11
0.25100 -0.07915 0.02899 0 -0.32500 64.25000 0.02852 3.89625 11
0.13726 -0.31989 0.02899 0 6.70000 -53.25000 0.02852 0.78029 11
-0.17913 0.03232 0.02899 0 0.82500 -45.15000 0.02852 0.92805 11
0.15796 -0.28456 0.02899 0 6.17500 -24.85000 0.02852 1.33613 11
-0.16643 0.04898 0.02899 0 2.27500 -18.42500 0.02852 1.47620 11
0.14862 -0.31149 0.02899 0 5.05000 -0.67500 0.02852 1.86422 11
-0.15479 0.00258 0.02899 0 2.82500 4.92500 0.02852 1.99808 11
0.08305 -0.28678 0.02899 0 6.35000 17.95000 0.02852 2.37407 11
-0.10461 -0.01829 0.02899 0 2.67500 21.92500 0.02852 2.51430 11
0.13103 -0.25298 0.02899 0 6.07500 36.35000 0.02852 2.87936 11
-0.12470 -0.05098 0.02899 0 2.75000 40.82500 0.02852 3.01973 11
0.18554 -0.21447 0.02899 0 5.50000 58.00000 0.02852 3.37451 11
0.18014 -0.09496 0.02899 0 -0.40000 -54.25000 0.02852 0.76589 11
-0.19930 -0.13390 0.02899 0 6.62500 -46.50000 0.02852 0.90967 11
0.19393 -0.10084 0.02899 0 -1.95000 -21.50000 0.02852 1.31614 11
-0.19300 0.32644 0.02899 0 -4.32500 -13.87500 0.02852 1.45019 11
-0.16299 -0.11190 0.02899 0 7.60000 -13.75000 0.02852 1.45236 11
0.20447 -0.56058 0.02899 0 8.42500 8.60000 0.02852 1.86232 11
0.19391 -0.15665 0.02899 0 -3.90000 8.77500 0.02852 1.86548 11
-0.20109 0.40303 0.02899 0 -3.17500 15.20000 0.02852 1.98815 11
0.21328 -0.61227 0.02899 0 6.97500 34.42500 0.02852 2.39721 11
-0.23975 0.50426 0.02899 0 -1.17500 40.72500 0.02852 2.50983 11
0.16807 -0.49478 0.02899 0 7.57500 63.22500 0.02852 2.90737 11
0.25026 -0.20391 0.02899 0 1.97500 -50.12500 0.02852 0.75290 11
-0.26524 0.20256 0.02899 0 -1.50000 -40.25000 0.02852 0.89157 11
0.23560 -0.22214 0.02899 0 1.80000 -8.52500 0.02852 1.30829 11
-0.22648 0.19298 0.02899 0 -0.95000 0.82500 0.02852 1.44440 11
0.12597 -0.20864 0.02899 0 1.37500 25.40000 0.02852 1.85141 11
-0.13102 0.20965 0.02899 0 -1.57500 30.00000 0.02852 1.98567 11
0.18263 -0.10876 0.02899 0 1.32500 52.20000 0.02852 2.37584 11
-0.16775 0.14519 0.02899 0 -3.22500 60.55000 0.02852 2.52036 11
0.02660 -0.99437 0.02899 0 -2.05000 64.85000 0.02852 5.65545 11
-0.05762 -1.34960 0.02899 0 7.50000 62.17500 0.02852 12.53799 11
0.07698 0.77105 0.02899 0 3.95000 61.85000 0.02852 12.59246 11
0.08900 -2.45227 0.02899 0 6.40000 57.07500 0.02852 12.84303 11
-0.09963 2.93683 0.02899 0 -3.75000 58.00000 0.02852 12.87797 11
-0.10626 0.87832 0.02899 0 7.17500 58.07500 0.02852 12.88200 11
0.14317 -0.10737 0.02899 0 1.35000 -57.77500 0.02852 0.77689 11
-0.17869 -0.18229 0.02899 0 6.55000 -50.30000 0.02852 0.92735 11
0.05710 -0.05092 0.02899 0 0.72500 -39.20000 0.02852 1.33472 11
-0.08945 -0.18309 0.02899 0 4.62500 -36.42500 0.02852 1.48726 11
0.19684 0.07133 0.02899 0 -0.77500 -19.07500 0.02852 1.88409 11
-0.19625 -0.14442 0.02899 0 3.77500 -10.62500 0.02852 2.03789 11
0.12550 0.06961 0.02899 0 -0.65000 8.62500 0.02852 2.42028 11
-0.12312 -0.31905 0.02899 0 4.75000 13.17500 0.02852 2.57073 11
0.13186 0.10556 0.02899 0 -0.75000 27.57500 0.02852 2.90502 11
-0.14915 -0.34476 0.02899 0 6.30000 34.07500 0.02852 3.05774 11
0.08347 0.11595 0.02899 0 -0.15000 44.92500 0.02852 3.37122 11
-0.05847 0.04413 0.02899 0 -4.35000 47.92500 0.02852 3.52015 11
-0.06581 -0.36620 0.02899 0 7.77500 47.95000 0.02852 3.52241 11
0.12873 0.10881 0.02899 0 -1.87500 59.10000 0.02852 3.82437 11
-0.13534 0.05579 0.02899 0 -3.17500 64.65000 0.02852 3.96269 11
0.08766 0.46486 0.00228 0 4.65000 13.15000 0.00228 2.57077 11
0.26405 -0.14955 0.02899 0 -0.30000 -51.02500 0.02852 0.77313 11
-0.26004 0.24145 0.02899 0 -3.12500 -41.35000 0.02852 0.90951 11
0.23946 -0.17983 0.02899 0 -0.52500 -11.70000 0.02852 1.32486 11
-0.23488 0.28180 0.02899 0 -2.05000 -2.30000 0.02852 1.45654 11
0.20764 -0.14721 0.02899 0 -0.92500 22.85000 0.02852 1.86427 11
-0.18113 0.25297 0.02899 0 -3.40000 30.90000 0.02852 1.99942 11
0.17707 -0.06800 0.02899 0 0.57500 49.92500 0.02852 2.39102 11
-0.18327 0.17375 0.02899 0 -3.40000 57.27500 0.02852 2.53234 11
-0.25673 -0.11078 0.02899 0 -2.90000 54.00000 0.02852 3.40994 11
0.23977 0.26986 0.02899 0 -1.30000 45.50000 0.02852 3.53349 11
-0.69343 -0.75531 0.02899 0 -0.00000 -2.40000 0.02852 3.90051 11
0.58221 0.60262 0.02899 0 2.70000 -13.92500 0.02852 3.98251 11
0.16146 -0.22826 0.02899 0 4.37500 -57.25000 0.02852 0.76030 11
-0.15540 0.11988 0.02899 0 -1.22500 -50.47500 0.02852 0.90476 11
0.20829 -0.14246 0.02899 0 4.90000 -30.20000 0.02852 1.30164 11
-0.22097 0.07515 0.02899 0 -2.07500 -21.15000 0.02852 1.45449 11
0.18856 -0.11383 0.02899 0 4.55000 4.22500 0.02852 1.83947 11
-0.20057 0.04094 0.02899 0 -2.35000 13.62500 0.02852 1.99369 11
0.07385 -0.16291 0.02899 0 3.40000 28.32500 0.02852 2.36941 11
-0.09206 0.10415 0.02899 0 -1.17500 30.82500 0.02852 2.51151 11
0.14886 -0.16113 0.02899 0 2.05000 45.05000 0.02852 2.87859 11
-0.16597 0.11490 0.02899 0 -0.15000 51.10000 0.02852 3.01365 11
0.14673 0.01057 0.02899 0 -2.42500 -53.72500 0.02852 0.76758 11
-0.14453 -0.03499 0.02899 0 3.17500 -47.45000 0.02852 0.91406 11
0.16597 -0.39433 0.02899 0 8.00000 -30.42500 0.02852 1.32234 11
0.16458 -0.00543 0.02899 0 -4.12500 -30.30000 0.02852 1.32494 11
-0.18742 -0.01896 0.02899 0 4.00000 -23.55000 0.02852 1.46406 11
0.18033 -0.35202 0.02899 0 7.80000 -1.65000 0.02852 1.86011 11
0.16439 0.03202 0.02899 0 -4.32500 -1.52500 0.02852 1.86242 11
-0.15076 -0.03657 0.02899 0 4.60000 4.62500 0.02852 1.99979 11
0.11380 -0.40012 0.02899 0 5.92500 22.72500 0.02852 2.38678 11
-0.08706 0.00564 0.02899 0 5.40000 26.47500 0.02852 2.51507 11
0.13978 -0.34104 0.02899 0 4.87500 42.57500 0.02852 2.89323 11
-0.17739 0.00037 0.02899 0 4.10000 50.15000 0.02852 3.02514 11
0.13292 -0.00615 0.02899 0 -1.95000 -53.92500 0.02852 0.76467 11
-0.12471 -0.05667 0.02899 0 4.22500 -48.20000 0.02852 0.90905 11
0.09478 -0.39795 0.02899 0 8.10000 -38.07500 0.02852 1.31185 11
0.13026 0.03680 0.02899 0 -4.02500 -37.97500 0.02852 1.31459 11
-0.13073 -0.08112 0.02899 0 4.60000 -32.60000 0.02852 1.45398 11
0.13991 -0.32584 0.02899 0 7.02500 -19.30000 0.02852 1.81572 11
-0.18628 -0.06692 0.02899 0 5.80000 -12.35000 0.02852 1.95085 11
0.27430 -0.32453 0.02899 0 5.47500 15.32500 0.02852 2.31339 11
-0.24155 -0.05703 0.02899 0 6.27500 24.45000 0.02852 2.44291 11
0.13813 -0.31484 0.02899 0 6.22500 44.35000 0.02852 2.78825 11
-0.06396 -0.01685 0.02899 0 5.17500 49.65000 0.02852 2.92341 11
-0.03065 -0.08125 0.02899 0 4.45000 52.50000 0.02852 3.22892 11
0.04028 -0.07382 0.02899 0 1.50000 51.55000 0.02852 3.37123 11
-0.00515 -0.14952 0.02899 0 4.95000 51.00000 0.02852 3.68848 11
0.05524 -0.13992 0.02899 0 4.60000 49.12500 0.02852 3.82264 11
-0.13607 -0.20804 0.02899 0 4.85000 42.00000 0.02852 4.12315 11
0.16468 -0.18978 0.02899 0 6.05000 36.37500 0.02852 4.25468 11
-0.28353 -0.22478 0.02899 0 2.35000 18.70000 0.02852 4.53739 11
0.29585 -0.15622 0.02899 0 6.92500 7.85000 0.02852 4.66140 11
-0.05678 -0.18803 0.02899 0 1.10000 -8.17500 0.02852 4.92733 11
0.07506 -0.13033 0.02899 0 6.85000 -10.65000 0.02852 5.04116 11
-0.01181 -0.21874 0.02899 0 0.65000 -15.75000 0.02852 5.30057 11
0.10189 0.26323 0.02899 0 -3.22500 -17.07500 0.02852 5.40322 11
-0.16539 -0.24908 0.02899 0 0.95000 -28.65000 0.02852 5.64786 11
0.17432 0.22417 0.02899 0 -1.62500 -32.80000 0.02852 5.74705 11
-0.19443 -0.14520 0.02899 0 -0.32500 -45.97500 0.02852 5.97311 11
0.16876 0.22049 0.02899 0 -2.37500 -51.35000 0.02852 6.07274 11
-0.13588 -0.11573 0.02899 0 0.50000 -61.32500 0.02852 6.29236 11
0.19593 0.04483 0.02899 0 -3.22500 -52.75000 0.02852 0.77427 11
-0.25681 -0.03837 0.02899 0 2.32500 -42.67500 0.02852 0.92380 11
0.31862 0.08988 0.02899 0 -3.10000 -9.02500 0.02852 1.32781 11
-0.30963 -0.08403 0.02899 0 3.02500 5.80000 0.02852 1.48202 11
0.24401 -0.29671 0.02899 0 7.57500 34.35000 0.02852 1.86614 11
-0.22124 -0.08076 0.02899 0 4.65000 43.57500 0.02852 2.00875 11
0.20307 -0.37453 0.02899 0 5.07500 -54.57500 0.02852 0.76528 11
-0.21645 0.11304 0.02899 0 3.60000 -46.97500 0.02852 0.89597 11
0.12709 -0.40091 0.02899 0 4.67500 -23.92500 0.02852 1.31327 11
-0.11943 0.05389 0.02899 0 3.92500 -19.00000 0.02852 1.44018 11
0.07803 -0.33185 0.02899 0 7.65000 -6.40000 0.02852 1.84687 11
0.05613 0.05182 0.02899 0 -4.45000 -6.35000 0.02852 1.84897 11
-0.01698 -0.02411 0.02899 0 3.40000 -4.27500 0.02852 1.98784 11
0.11960 -0.41504 0.02899 0 6.02500 -0.60000 0.02852 2.37141 11
-0.10169 0.02143 0.02899 0 5.35000 3.10000 0.02852 2.50006 11
0.10552 -0.47322 0.02899 0 1.20000 14.65000 0.02852 2.87045 11
-0.10692 0.60245 0.02899 0 -3.90000 17.60000 0.02852 2.97123 11
-0.11328 0.10432 0.02899 0 7.82500 17.67500 0.02852 2.97391 11
0.16618 -0.59136 0.02899 0 1.85000 28.25000 0.02852 3.33057 11
-0.14884 0.58266 0.02899 0 -0.87500 31.87500 0.02852 3.42283 11
-0.03371 -0.52211 0.02899 0 2.47500 38.72500 0.02852 3.78217 11
0.04513 0.48730 0.02899 0 -2.32500 37.37500 0.02852 3.88206 11
0.01457 -0.89156 0.02899 0 -0.42500 27.95000 0.02852 4.23460 11
-0.06362 0.75073 0.02899 0 2.47500 28.17500 0.02852 4.30587 11
0.07735 -0.98978 0.02899 0 -1.90000 30.85000 0.02852 4.67145 11
-0.10190 0.76170 0.02899 0 4.80000 31.95000 0.02852 4.73009 11
0.05391 -2.77508 0.02899 0 7.17500 36.70000 0.02852 5.05839 11
-0.17570 2.58996 0.02899 0 -4.47500 37.10000 0.02852 5.09789 11
-0.07485 0.93953 0.02899 0 6.82500 37.15000 0.02852 5.10071 11
-0.18816 -3.59658 0.02899 0 5.82500 36.05000 0.02852 5.74601 11
0.58197 4.13083 0.02899 0 -3.27500 34.95000 0.02852 5.77709 11
0.16259 1.08985 0.02899 0 7.27500 34.72500 0.02852 5.78234 11
0.19525 -0.14117 0.02899 0 1.35000 -53.75000 0.02852 0.76963 11
-0.17475 0.24753 0.02899 0 -3.47500 -46.77500 0.02852 0.91084 11
-0.18507 -0.16478 0.02899 0 8.47500 -46.60000 0.02852 0.91415 11
0.18090 -0.21580 0.02899 0 -1.40000 -25.07500 0.02852 1.33135 11
-0.10999 0.35673 0.02899 0 -1.30000 -21.50000 0.02852 1.45326 11
0.21486 -0.86021 0.02899 0 6.77500 -0.45000 0.02852 1.88644 11
-0.17313 0.51100 0.02899 0 1.80000 4.02500 0.02852 1.98599 11
0.11388 -0.99020 0.02899 0 4.87500 20.42500 0.02852 2.42477 11
-0.07016 0.60515 0.02899 0 3.40000 21.80000 0.02852 2.51083 11
0.19110 -1.76422 0.02899 0 -2.77500 30.25000 0.02852 2.95241 11
-0.38253 2.77875 0.02899 0 -1.02500 31.27500 0.02852 2.98665 11
0.12271 0.08043 0.02899 0 -2.02500 -56.35000 0.02852 0.77002 11
-0.10436 -0.04756 0.02899 0 1.85000 -51.52500 0.02852 0.92160 11
0.13944 -0.38130 0.02899 0 7.60000 -35.15000 0.02852 1.34276 11
-0.12398 0.00398 0.02899 0 3.87500 -29.60000 0.02852 1.48219 11
0.13695 -0.30174 0.02899 0 8.37500 -11.97500 0.02852 1.88893 11
0.13496 0.06673 0.02899 0 -3.72500 -11.85000 0.02852 1.89201 11
-0.12556 -0.06575 0.02899 0 3.75000 -5.85000 0.02852 2.03458 11
0.14200 -0.31353 0.02899 0 8.10000 6.35000 0.02852 2.41233 11
0.16848 0.06703 0.02899 0 -4.00000 6.47500 0.02852 2.41503 11
-0.17321 -0.11568 0.02899 0 4.82500 13.35000 0.02852 2.55482 11
0.01910 -0.19725 0.02899 0 8.42500 26.65000 0.02852 2.91225 11
-0.00038 0.15834 0.02899 0 -3.60000 26.65000 0.02852 2.91538 11
0.02726 -0.13836 0.02899 0 2.45000 25.82500 0.02852 3.06481 11
0.05332 -0.25435 0.02899 0 6.67500 27.05000 0.02852 3.40291 11
-0.06890 -0.12147 0.02899 0 4.45000 29.05000 0.02852 3.54106 11
0.04482 -0.23257 0.02899 0 6.20000 32.07500 0.02852 3.86915 11
-0.02964 -0.09870 0.02899 0 4.57500 33.50000 0.02852 4.00575 11
0.02658 -0.23647 0.02899 0 3.77500 38.20000 0.02852 4.33123 11
-0.04926 -0.03617 0.02899 0 4.20000 39.97500 0.02852 4.45903 11
0.05766 -0.40356 0.02899 0 1.65000 44.17500 0.02852 4.78567 11
-0.06207 0.44397 0.02899 0 -2.47500 44.77500 0.02852 4.88483 11
0.16460 -0.41574 0.02899 0 1.95000 53.95000 0.02852 5.18779 11
-0.22610 0.38549 0.02899 0 -0.52500 59.07500 0.02852 5.28268 11
0.10904 -0.13724 0.02899 0 1.60000 -57.45000 0.02852 0.77169 11
-0.11847 0.21862 0.02899 0 -3.65000 -52.90000 0.02852 0.91350 11
-0.11841 -0.22267 0.02899 0 8.35000 -52.80000 0.02852 0.91657 11
0.14315 -0.16125 0.02899 0 1.10000 -41.67500 0.02852 1.33217 11
-0.14259 0.19915 0.02899 0 -2.97500 -35.60000 0.02852 1.47119 11
0.13799 -0.14007 0.02899 0 1.75000 -21.45000 0.02852 1.87399 11
-0.10357 0.11128 0.02899 0 -2.65000 -15.85000 0.02852 2.01471 11
0.14141 -0.11437 0.02899 0 2.15000 -1.65000 0.02852 2.39527 11
-0.13497 0.16897 0.02899 0 -2.25000 4.05000 0.02852 2.53698 11
0.23975 -0.16072 0.02899 0 0.27500 26.50000 0.02852 2.91999 11
-0.23905 0.17996 0.02899 0 -0.70000 35.72500 0.02852 3.05197 11
0.29986 -0.17999 0.02899 0 -1.25000 62.12500 0.02852 3.42758 11
2.37762 0.01954 0.00446 0 -2.95000 51.67500 0.00165 -0.12919 -11
-2.34056 -0.30140 0.00446 0 5.67500 39.27500 0.00165 -0.08351 -11
1.32115 -0.48233 0.00446 0 -2.35000 29.97500 0.00165 -0.04736 -11
-0.98079 0.10794 0.00446 0 4.85000 19.12500 0.00165 0.00291 -11
0.74225 -0.27578 0.00446 0 -2.05000 14.25000 0.00165 0.02933 -11
-0.88971 0.21157 0.00446 0 3.90000 6.97500 0.00165 0.07765 -11
0.29765 -0.67751 0.00446 0 -2.50000 5.30000 0.00165 0.10057 -11
-0.18285 0.06205 0.00446 0 4.85000 1.60000 0.00165 0.13928 -11
0.28599 -0.44442 0.00446 0 -1.60000 0.47500 0.00165 0.16396 -11
-0.32064 0.21901 0.00446 0 6.12500 -3.60000 0.00165 0.20384 -11
0.49488 -0.92104 0.00446 0 -1.92500 -6.15000 0.00165 0.22193 -11
-0.57482 0.34934 0.00446 0 6.52500 -10.65000 0.00165 0.26239 -11
0.63725 -1.10908 0.00446 0 -2.42500 -12.55000 0.00165 0.27580 -11
-0.81806 0.77976 0.00446 0 7.40000 -18.47500 0.00165 0.31588 -11
-0.80111 -0.06326 0.00446 0 7.90000 -25.22500 0.00165 0.35403 -11
-0.15820 0.80438 0.00446 0 7.37500 -47.62500 0.00165 0.49464 -11
0.24762 -0.79972 0.00446 0 7.80000 -47.65000 0.00165 0.49649 -11
0.00599 0.89062 0.00446 0 5.95000 -47.95000 0.00165 0.51640 -11
-0.15638 -0.18857 0.00446 0 6.20000 -48.12500 0.00165 0.51804 -11
1.41888 -1.17436 0.00446 0 5.32500 -46.72500 0.00165 0.53387 -11
-0.31310 -0.77566 0.00446 0 4.82500 -46.65000 0.00165 0.54745 -11
0.31523 1.23080 0.00446 0 6.25000 -46.80000 0.00165 0.55804 -11
1.85160 -2.95485 0.00446 0 5.72500 -46.72500 0.00165 0.56001 -11
-1.13497 0.30128 0.00446 0 5.20000 -46.50000 0.00165 0.56368 -11
0.89807 -0.19987 0.00446 0 4.60000 -45.72500 0.00165 0.57170 -11
0.46926 -4.68131 0.00446 0 4.37500 -45.80000 0.00165 0.57505 -11
-0.47224 -0.77279 0.00446 0 4.27500 -45.82500 0.00165 0.57661 -11
2.19039 -0.16942 0.00691 0 -2.95000 51.70000 0.00301 -0.12923 11
-1.56322 0.09761 0.00691 0 0.80000 38.80000 0.00301 -0.08133 11
