-0.90031 -1.50231 0.01067 0 7.25000 -5.92500 0.00899 0.78964 11
0.54146 0.59850 0.01067 0 -1.95000 2.92500 0.00899 0.86009 11
-0.46622 -0.77485 0.01067 0 5.35000 12.32500 0.00899 0.96328 11
0.74975 0.37408 0.01067 0 -2.87500 23.02500 0.00899 1.04784 11
-0.94999 -0.12469 0.01067 0 -3.77500 40.35000 0.00899 1.14004 11
1.23575 0.08275 0.01067 0 7.60000 58.45000 0.00899 1.22261 11
1.14784 0.38601 0.01067 0 -4.32500 59.20000 0.00899 1.22591 11
0.57474 0.18605 0.01067 0 4.72500 -58.32500 0.00899 0.45957 11
-0.51253 -0.49623 0.01067 0 0.37500 -43.40000 0.00899 0.56148 11
0.55979 0.36964 0.01067 0 4.70000 -32.90000 0.00899 0.64368 11
-0.44503 -0.51275 0.01067 0 0.55000 -19.47500 0.00899 0.74903 11
0.64014 -0.12946 0.01067 0 4.10000 -16.70000 0.00899 0.77140 11
-0.60545 0.12626 0.01067 0 -0.72500 -14.00000 0.00899 0.79562 11
1.32828 -1.11059 0.01067 0 2.35000 -7.60000 0.00899 0.82819 11
-0.10135 0.57119 0.01067 0 -1.15000 -6.50000 0.00899 0.84244 11
0.26881 -0.59235 0.01067 0 2.10000 -6.37500 0.00899 0.87021 11
0.23437 0.58510 0.01067 0 -0.72500 -6.50000 0.00899 0.88154 11
0.53182 0.24031 0.01067 0 3.50000 -58.72500 0.00899 0.45926 11
-0.48429 -0.31791 0.01067 0 -2.47500 -45.15000 0.00899 0.56501 11
0.37191 0.39220 0.01067 0 3.87500 -34.80000 0.00899 0.65900 11
-0.35793 -0.57558 0.01067 0 -1.50000 -22.22500 0.00899 0.77656 11
0.38195 0.42417 0.01067 0 4.02500 -15.40000 0.00899 0.85719 11
-0.33781 -0.40301 0.01067 0 -1.42500 -6.37500 0.00899 0.96491 11
0.17576 0.34365 0.01067 0 3.95000 -0.45000 0.00899 1.04889 11
-0.16198 -0.46552 0.01067 0 -0.75000 2.77500 0.00899 1.15029 11
0.23728 0.28218 0.01067 0 3.57500 7.77500 0.00899 1.22874 11
-0.37513 -0.32176 0.01067 0 -0.00000 16.57500 0.00899 1.31834 11
0.51827 0.20705 0.01067 0 3.10000 25.85000 0.00899 1.39950 11
-0.60245 -0.46978 0.01067 0 1.42500 39.60000 0.00899 1.49040 11
0.41112 0.24434 0.01067 0 3.55000 48.65000 0.00899 1.56452 11
-0.44104 -0.39322 0.01067 0 1.92500 58.35000 0.00899 1.64433 11
0.32678 0.35680 0.01067 0 3.05000 64.95000 0.00899 1.70924 11
0.51646 0.27112 0.01067 0 7.30000 -58.32500 0.00899 0.45957 11
0.64309 0.76946 0.01067 0 -4.40000 -58.00000 0.00899 0.46199 11
-0.62319 -0.73010 0.01067 0 2.30000 -42.07500 0.00899 0.57965 11
0.50738 0.33989 0.01067 0 6.82500 -31.40000 0.00899 0.66090 11
-0.66417 -0.64330 0.01067 0 2.37500 -17.22500 0.00899 0.77267 11
0.52819 0.37250 0.01067 0 6.47500 -6.42500 0.00899 0.85364 11
-0.48256 -0.57258 0.01067 0 2.40000 5.62500 0.00899 0.95941 11
0.43492 0.39128 0.01067 0 5.62500 14.82500 0.00899 1.03446 11
-0.35590 -0.63476 0.01067 0 2.30000 25.82500 0.00899 1.13510 11
0.36729 0.29973 0.01067 0 5.10000 32.07500 0.00899 1.20455 11
-0.49609 -0.46516 0.01067 0 2.22500 40.70000 0.00899 1.29572 11
0.36682 0.17963 0.01067 0 4.35000 49.82500 0.00899 1.37038 11
-0.33142 -0.51296 0.01067 0 2.02500 57.57500 0.00899 1.45612 11
0.16245 0.18207 0.01067 0 4.52500 62.60000 0.00899 1.52762 11
-0.29774 0.04091 0.01067 0 0.75000 64.72500 0.00899 3.21301 11
0.14977 -0.03287 0.01067 0 5.90000 61.62500 0.00899 3.24683 11
-0.24737 -0.57305 0.01067 0 0.32500 58.67500 0.00899 3.29655 11
0.00650 0.43682 0.01067 0 6.95000 57.37500 0.00899 3.31834 11
0.01021 0.16722 0.01067 0 -2.07500 -10.37500 0.00899 3.69403 11
-0.15500 -1.78178 0.01067 0 -2.07500 -10.37500 0.00899 3.69405 11
0.69900 0.32153 0.01067 0 7.25000 -57.82500 0.00899 0.46063 11
-0.51139 -0.33492 0.01067 0 2.25000 -41.05000 0.00899 0.57303 11
0.56048 0.10176 0.01067 0 7.50000 -28.62500 0.00899 0.66912 11
0.81782 0.46610 0.01067 0 -4.32500 -28.20000 0.00899 0.67173 11
-0.61349 -0.43366 0.01067 0 3.97500 -11.32500 0.00899 0.77103 11
0.55423 0.31577 0.01067 0 6.65000 0.27500 0.00899 0.85080 11
-0.48334 -0.62402 0.01067 0 3.77500 13.97500 0.00899 0.95373 11
0.64106 0.40262 0.01067 0 5.22500 22.32500 0.00899 1.01984 11
-0.87509 -0.65972 0.01067 0 4.80000 38.02500 0.00899 1.12007 11
0.68115 0.20428 0.01067 0 5.52500 50.25000 0.00899 1.19287 11
0.69630 0.23620 0.01067 0 7.67500 -57.92500 0.00899 0.45753 11
0.73486 0.51039 0.01067 0 -4.07500 -57.45000 0.00899 0.46054 11
-0.70823 -0.25662 0.01067 0 3.50000 -40.97500 0.00899 0.55928 11
0.77305 -0.03087 0.01067 0 7.07500 -23.95000 0.00899 0.65972 11
-0.54184 -0.23367 0.01067 0 4.12500 -7.22500 0.00899 0.75165 11
0.75493 -0.15014 0.01067 0 7.87500 9.80000 0.00899 0.86063 11
0.68893 0.07124 0.01067 0 -4.15000 10.35000 0.00899 0.86369 11
-0.43991 0.04013 0.01067 0 4.47500 20.62500 0.00899 0.93741 11
0.26726 -0.27863 0.01067 0 8.07500 32.82500 0.00899 1.05246 11
0.29266 0.04168 0.01067 0 -4.00000 33.05000 0.00899 1.05525 11
-0.35908 -0.03333 0.01067 0 4.37500 38.82500 0.00899 1.12447 11
0.36524 -0.32552 0.01067 0 7.15000 50.00000 0.00899 1.23197 11
-0.19699 0.00160 0.01067 0 3.72500 54.30000 0.00899 1.29987 11
0.22715 -0.27146 0.01067 0 6.97500 60.62500 0.00899 1.40494 11
-0.24800 -0.07952 0.01067 0 3.80000 64.75000 0.00899 1.47320 11
0.59939 0.14407 0.01067 0 8.15000 -58.15000 0.00899 0.45772 11
0.63400 0.49326 0.01067 0 -3.60000 -57.62500 0.00899 0.46130 11
-0.57160 -0.32209 0.01067 0 2.77500 -42.90000 0.00899 0.56805 11
0.48427 -0.05660 0.01067 0 8.27500 -29.05000 0.00899 0.67424 11
0.48923 0.16281 0.01067 0 -3.67500 -28.62500 0.00899 0.67758 11
-0.41520 -0.28503 0.01067 0 3.47500 -18.47500 0.00899 0.75988 11
0.46280 -0.03476 0.01067 0 8.42500 -9.45000 0.00899 0.85330 11
0.40069 0.24995 0.01067 0 -3.47500 -9.05000 0.00899 0.85681 11
-0.31174 -0.19954 0.01067 0 3.55000 -1.20000 0.00899 0.94068 11
0.35144 -0.00879 0.01067 0 7.60000 9.12500 0.00899 1.03549 11
0.45042 0.27603 0.01067 0 -4.32500 9.37500 0.00899 1.03781 11
-0.40832 -0.35964 0.01067 0 3.77500 19.22500 0.00899 1.12232 11
0.31905 0.09811 0.01067 0 7.72500 28.52500 0.00899 1.21018 11
0.29772 0.43518 0.01067 0 -4.10000 28.72500 0.00899 1.21271 11
-0.34904 -0.48500 0.01067 0 4.05000 36.75000 0.00899 1.29842 11
0.24240 0.04213 0.01067 0 7.95000 43.95000 0.00899 1.38373 11
0.26665 0.38442 0.01067 0 -3.90000 44.15000 0.00899 1.38651 11
-0.19635 -0.25355 0.01067 0 4.80000 49.20000 0.00899 1.46102 11
0.18031 -0.16918 0.01067 0 7.80000 53.15000 0.00899 1.54619 11
0.17782 0.14769 0.01067 0 -4.22500 53.25000 0.00899 1.54856 11
-0.09931 -0.27916 0.01067 0 5.02500 57.40000 0.00899 1.61858 11
0.13353 0.04501 0.01067 0 7.67500 61.10000 0.00899 1.69917 11
0.14943 0.35210 0.01067 0 -4.17500 61.17500 0.00899 1.70152 11
-0.11651 -0.41665 0.01067 0 5.32500 63.80000 0.00899 1.77651 11
-0.68174 -0.49823 0.01067 0 5.55000 62.00000 0.00899 1.85525 11
0.56728 -0.03156 0.01067 0 7.30000 54.07500 0.00899 1.90756 11
-0.48133 -0.54177 0.01067 0 5.52500 44.05000 0.00899 1.98808 11
0.54518 0.50405 0.01067 0 -3.95000 38.57500 0.00899 2.03032 11
0.49970 0.00009 0.01067 0 7.90000 38.20000 0.00899 2.03321 11
-0.45644 -0.22949 0.01067 0 6.20000 29.10000 0.00899 2.11185 11
0.65690 0.28385 0.01067 0 -2.70000 20.62500 0.00899 2.16017 11
-1.04264 -0.45415 0.01067 0 4.10000 2.62500 0.00899 2.24449 11
1.39305 0.51281 0.01067 0 -1.72500 -6.17500 0.00899 2.28227 11
-1.12208 -0.26372 0.01067 0 4.87500 -21.30000 0.00899 2.34894 11
1.32471 0.47568 0.01067 0 -0.85000 -27.27500 0.00899 2.37917 11
-2.06743 -0.96435 0.01067 0 3.67500 -43.05000 0.00899 2.44595 11
2.98482 0.26370 0.01067 0 -0.20000 -51.75000 0.00899 2.47945 11
0.56317 0.27048 0.01067 0 3.45000 -60.00000 0.00899 0.45416 11
-0.55836 -0.24513 0.01067 0 -2.15000 -45.32500 0.00899 0.55911 11
0.53495 0.05686 0.01067 0 2.55000 -30.05000 0.00899 0.66161 11
-0.50200 -0.16334 0.01067 0 -1.37500 -17.07500 0.00899 0.75053 11
0.17746 0.11633 0.01067 0 4.10000 -8.82500 0.00899 0.84935 11
-0.13958 -0.14618 0.01067 0 -1.50000 -3.55000 0.00899 0.94073 11
-0.03001 0.19040 0.01067 0 4.30000 -1.07500 0.00899 1.03837 11
0.07098 -0.23406 0.01067 0 -1.00000 -2.37500 0.00899 1.13387 11
-0.01675 0.13535 0.01067 0 4.22500 -4.15000 0.00899 1.22400 11
-0.01204 -0.23367 0.01067 0 -0.80000 -3.72500 0.00899 1.31148 11
-0.04973 0.12751 0.01067 0 4.00000 -1.92500 0.00899 1.39902 11
0.17345 -0.16155 0.01067 0 -0.42500 -4.55000 0.00899 1.48102 11
-0.32969 0.16250 0.01067 0 3.52500 -9.32500 0.00899 1.56606 11
0.31316 -0.24927 0.01067 0 0.45000 -18.10000 0.00899 1.65193 11
-0.24671 0.13262 0.01067 0 3.32500 -24.17500 0.00899 1.72908 11
0.17654 -0.11199 0.01067 0 0.10000 -28.77500 0.00899 1.80501 11
-0.13969 0.07511 0.01067 0 2.77500 -34.40000 0.00899 1.88726 11
0.24324 -0.30241 0.01067 0 -0.20000 -38.55000 0.00899 1.97262 11
-0.21026 0.24769 0.01067 0 2.12500 -43.15000 0.00899 2.04416 11
0.43333 -0.38836 0.01067 0 0.12500 -49.32500 0.00899 2.12240 11
-0.33220 0.14687 0.01067 0 1.72500 -56.50000 0.00899 2.19445 11
0.32897 -0.11444 0.01067 0 0.32500 -61.92500 0.00899 2.26308 11
0.73541 0.43065 0.01067 0 -2.52500 -57.40000 0.00899 0.46078 11
-0.66114 -0.50254 0.01067 0 5.47500 -38.95000 0.00899 0.56698 11
0.53828 0.32745 0.01067 0 -1.65000 -24.80000 0.00899 0.66573 11
-0.46421 -0.31690 0.01067 0 5.32500 -13.05000 0.00899 0.75737 11
0.46915 0.24412 0.01067 0 -1.65000 -0.55000 0.00899 0.86312 11
-0.45687 -0.40993 0.01067 0 5.72500 9.72500 0.00899 0.94999 11
0.40076 0.23902 0.01067 0 -1.65000 21.32500 0.00899 1.05008 11
-0.53661 -0.49654 0.01067 0 5.50000 29.72500 0.00899 1.13887 11
0.40957 0.27308 0.01067 0 -2.70000 42.05000 0.00899 1.23286 11
-0.34160 -0.29492 0.01067 0 4.77500 48.55000 0.00899 1.31351 11
0.51003 -0.09147 0.01067 0 7.47500 61.00000 0.00899 1.40569 11
-2.00282 0.02226 0.00194 0 -3.30000 64.52500 0.00179 0.01032 11
-0.73369 -1.19043 0.00194 0 -2.82500 63.47500 0.00179 0.01313 11
-2.35335 -2.44102 0.00211 0 3.20000 59.82500 0.00201 0.27534 11
1.25209 0.03580 0.00211 0 2.05000 57.82500 0.00201 0.28445 11
-1.30085 -0.27234 0.00211 0 3.40000 55.25000 0.00201 0.29807 11
1.61545 1.84791 0.00211 0 0.47500 49.82500 0.00201 0.33269 11
3.10919 0.15949 0.07420 0 1.00000 -18.27500 0.02389 0.09547 11
3.12113 0.20136 0.07420 0 0.52500 -18.27500 0.02389 0.09549 11
2.97646 0.11811 0.07420 0 0.97500 -18.25000 0.02389 0.09545 11
2.98983 0.27846 0.07420 0 -3.35000 -18.72500 0.02389 0.09712 11
3.07410 0.26933 0.07420 0 -4.05000 -19.02500 0.02389 0.09818 11
2.85317 -0.16874 0.07420 0 7.92500 -21.27500 0.02389 0.10608 11
2.87901 0.14344 0.07420 0 0.40000 -18.20000 0.02389 0.09521 11
3.09338 -0.07659 0.07420 0 6.72500 -20.45000 0.02389 0.10314 11
3.03217 0.00711 0.07420 0 2.85000 -18.67500 0.02389 0.09694 11
2.99799 0.16231 0.07420 0 -0.80000 -18.27500 0.02389 0.09543 11
2.99136 0.29095 0.07420 0 -4.02500 -19.00000 0.02389 0.09808 11
2.71500 -0.10385 0.07420 0 7.92500 -21.20000 0.02389 0.10563 11
3.13399 0.27026 0.07420 0 -3.55000 -18.87500 0.02389 0.09759 11
3.13853 -0.15666 0.07420 0 8.42500 -21.72500 0.02389 0.10767 11
2.92206 0.14288 0.07420 0 -0.07500 -18.22500 0.02389 0.09534 11
3.06149 0.16208 0.07420 0 1.55000 -18.42500 0.02389 0.09602 11
2.94360 0.26420 0.07420 0 -3.95000 -19.07500 0.02389 0.09832 11
3.04015 -0.25290 0.07420 0 8.02500 -21.37500 0.02389 0.10640 11
3.07587 0.33725 0.07420 0 -4.02500 -19.07500 0.02389 0.09831 11
2.92701 -0.14443 0.07420 0 7.90000 -21.30000 0.02389 0.10614 11
3.05064 0.12111 0.07420 0 -0.15000 -18.27500 0.02389 0.09550 11
3.06353 0.00518 0.07420 0 3.72500 -18.95000 0.02389 0.09789 11
2.86824 0.09306 0.07420 0 1.77500 -18.37500 0.02389 0.09589 11
3.14800 -0.02123 0.07420 0 6.12500 -20.07500 0.02389 0.10186 11
1.07239 -1.03244 0.07420 0 6.20000 -19.87500 0.02389 0.10127 11
-0.92674 1.08810 0.07420 0 7.32500 -20.95000 0.02389 0.10716 11
0.61009 -0.65601 0.07420 0 6.32500 -24.42500 0.02389 0.12379 11
-0.32436 0.37123 0.07420 0 7.77500 -25.20000 0.02389 0.13091 11
0.05780 0.99138 0.07420 0 6.65000 -25.65000 0.02389 0.13678 11
1.10720 -0.68161 0.07420 0 7.07500 -22.37500 0.02389 0.16401 11
2.89683 -0.14274 0.07420 0 7.02500 -20.65000 0.02389 0.10385 11
2.85813 -0.08431 0.07420 0 6.67500 -20.40000 0.02389 0.10297 11
2.92982 0.18697 0.07420 0 -0.00000 -18.20000 0.02389 0.09524 11
2.87606 -0.12524 0.07420 0 6.95000 -20.57500 0.02389 0.10359 11
-0.49300 0.18885 0.00177 0 -0.35000 19.37500 0.00092 1.47186 11
0.23764 0.15975 0.00177 0 1.12500 20.45000 0.00092 1.48264 11
-0.52739 0.01396 0.00177 0 0.57500 19.72500 0.00092 1.48799 11
0.77077 -0.74632 0.00177 0 0.97500 20.47500 0.00092 1.49715 11
0.89301 1.00719 0.00177 0 -0.42500 -63.85000 0.00092 1.13171 11
-2.14243 -4.37350 0.00177 0 -0.55000 -62.90000 0.00092 1.15106 11
-0.42554 -0.31919 0.00177 0 5.40000 -36.92500 0.00092 2.60474 11
0.54899 0.33205 0.00177 0 6.85000 -35.67500 0.00092 2.61444 11
4.45181 -0.83555 0.00177 0 -0.25000 -20.40000 0.00092 1.19227 11
-0.17685 -0.17244 0.00177 0 -2.50000 -19.00000 0.00092 1.20555 11
-0.34119 11.71191 0.00177 0 -1.50000 -19.25000 0.00092 1.21744 11
-0.28672 0.54796 0.00177 0 -0.60000 -20.15000 0.00092 1.23783 11
1.12676 1.83338 0.00177 0 -0.67500 -22.32500 0.00092 1.27576 11
-38.05132 39.44821 0.00177 0 6.10000 -59.45000 0.00092 1.05780 11
-0.63523 -0.31375 0.00177 0 -4.45000 -64.00000 0.00092 2.47576 11
0.37146 -0.13308 0.00177 0 -3.05000 -62.40000 0.00092 2.48526 11
-1.05607 0.72902 0.00177 0 -4.17500 -61.32500 0.00092 2.50174 11
-0.32765 -1.26801 0.00177 0 8.05000 -60.65000 0.00092 2.50627 11
2.05836 0.85317 0.00177 0 -4.20000 37.77500 0.00092 1.44036 11
-5.67227 3.80829 0.00177 0 7.92500 36.97500 0.00092 1.44443 11
-0.24895 0.10355 0.00177 0 -2.95000 35.95000 0.00092 1.45564 11
0.87071 -0.28658 0.00177 0 -4.50000 38.10000 0.00092 1.49403 11
15.15644 32.03125 0.00177 0 -1.17500 -59.30000 0.00092 1.09498 11
2.31746 -0.52791 0.00177 0 -0.62500 -59.42500 0.00092 1.09731 11
-0.84612 -0.32865 0.00177 0 -0.07500 -57.15000 0.00092 1.06691 11
1.13649 0.36034 0.00177 0 1.50000 -55.42500 0.00092 1.07603 11
-0.75727 0.85187 0.00177 0 0.77500 -52.50000 0.00092 1.09222 11
1.41552 -1.03236 0.00177 0 1.62500 -49.50000 0.00092 1.12210 11
-89.97879 122.46814 0.00177 0 1.52500 -49.37500 0.00092 1.12284 11
-0.57489 0.54296 0.00177 0 1.52500 -49.17500 0.00092 1.12396 11
0.21237 -0.90980 0.00177 0 2.20000 -48.72500 0.00092 1.13508 11
6.58771 -10.95423 0.00177 0 3.35000 -62.65000 0.00092 1.04588 11
-1.01271 1.38171 0.00177 0 3.25000 -62.55000 0.00092 1.04644 11
0.86874 -1.13506 0.00177 0 4.82500 -60.07500 0.00092 1.06571 11
-0.28259 -6.82585 0.00177 0 4.62500 -60.27500 0.00092 1.07520 11
-4.90350 6.75435 0.00177 0 4.35000 -59.72500 0.00092 1.09123 11
0.47685 2.38422 0.00177 0 1.45000 -46.87500 0.00092 2.89481 11
0.56967 -2.17929 0.00177 0 1.87500 -47.32500 0.00092 2.91433 11
-5.35106 -3.10244 0.00177 0 0.22500 -47.80000 0.00092 2.92509 11
-0.79517 -1.20369 0.00177 0 0.22500 -47.67500 0.00092 2.92624 11
0.65807 -0.45239 0.00173 0 0.07500 49.75000 0.00110 -0.15317 11
-0.56864 0.41340 0.00173 0 2.72500 47.77500 0.00110 -0.13886 11
0.40898 -1.80136 0.00173 0 0.97500 44.65000 0.00110 -0.11637 11
-0.28440 1.72331 0.00173 0 2.22500 44.60000 0.00110 -0.11174 11
0.17447 -1.04698 0.00173 0 1.30000 45.00000 0.00110 -0.08866 11
-0.56072 0.96563 0.00173 0 2.67500 44.90000 0.00110 -0.08300 11
1.11118 -0.13259 0.00173 0 1.10000 43.42500 0.00110 -0.07044 11
-0.98307 0.17019 0.00173 0 2.07500 41.20000 0.00110 -0.06006 11
2.69665 0.99856 0.00173 0 1.27500 40.57500 0.00110 -0.04682 11
-0.54702 0.42081 0.00924 0 -4.32500 -63.00000 0.00922 1.14511 -11
-0.49275 0.13921 0.00924 0 7.50000 -62.67500 0.00922 1.14751 -11
0.84760 -0.19232 0.00924 0 -1.92500 -53.50000 0.00922 1.20221 -11
-0.61997 0.35898 0.00924 0 6.65000 -39.50000 0.00922 1.27377 -11
0.90066 -0.10282 0.00924 0 -2.42500 -29.57500 0.00922 1.32786 -11
-1.08221 0.35180 0.00924 0 4.85000 -14.40000 0.00922 1.40088 -11
0.54086 -0.16140 0.00924 0 -1.17500 -6.32500 0.00922 1.43967 -11
-0.07915 0.31636 0.00924 0 6.00000 -4.45000 0.00922 1.48782 -11
-0.29037 -0.36018 0.00924 0 -1.20000 -5.35000 0.00922 1.51967 -11
0.46865 0.28634 0.00924 0 4.67500 -8.40000 0.00922 1.55923 -11
-0.47520 -0.27273 0.00924 0 -0.80000 -11.75000 0.00922 1.58657 -11
0.13248 0.34549 0.00924 0 4.47500 -15.52500 0.00922 1.62906 -11
-0.09249 -0.26801 0.00924 0 -1.15000 -16.40000 0.00922 1.65427 -11
0.27040 -0.37794 0.00924 0 4.60000 -17.20000 0.00922 1.68464 -11
-1.41685 1.98552 0.00924 0 1.02500 -23.22500 0.00922 1.72920 -11
0.78282 -1.27610 0.00924 0 3.77500 -23.92500 0.00922 1.73929 -11
-0.28261 1.10132 0.00924 0 1.32500 -29.72500 0.00922 1.77669 -11
0.38114 -0.83815 0.00924 0 3.95000 -30.05000 0.00922 1.78647 -11
0.23572 -0.66231 0.00924 0 -1.90000 -63.72500 0.00922 1.17380 -11
-0.28275 0.79996 0.00924 0 -2.42500 -60.32500 0.00922 1.25954 -11
0.14062 -0.42898 0.00924 0 -2.45000 -57.22500 0.00922 1.31167 -11
-0.16753 0.74094 0.00924 0 -3.12500 -54.37500 0.00922 1.38974 -11
-0.14413 0.48257 0.00924 0 8.32500 -54.22500 0.00922 1.39361 -11
-0.02500 -0.46256 0.00924 0 -2.67500 -53.02500 0.00922 1.43987 -11
0.11137 0.52712 0.00924 0 -3.92500 -52.52500 0.00922 1.50762 -11
-0.00849 0.31663 0.00924 0 7.80000 -52.55000 0.00922 1.51029 -11
-0.16393 -0.33907 0.00924 0 -1.97500 -53.00000 0.00922 1.55349 -11
0.20349 0.60016 0.00924 0 -3.90000 -55.60000 0.00922 1.61570 -11
0.11174 0.29719 0.00924 0 7.72500 -55.75000 0.00922 1.61854 -11
-0.07660 -0.28267 0.00924 0 -1.97500 -56.17500 0.00922 1.66219 -11
0.13545 0.53947 0.00924 0 6.77500 -58.05000 0.00922 1.72667 -11
0.03696 -0.61059 0.00924 0 -2.00000 -58.70000 0.00922 1.76215 -11
-0.03054 0.87344 0.00924 0 5.02500 -56.35000 0.00922 1.82342 -11
0.03264 -1.01871 0.00924 0 -1.10000 -56.15000 0.00922 1.84658 -11
-0.06102 1.00211 0.00924 0 3.72500 -55.05000 0.00922 1.91554 -11
-0.00474 -1.07317 0.00924 0 -1.65000 -55.02500 0.00922 1.93531 -11
0.10446 0.73320 0.00924 0 3.07500 -57.37500 0.00922 1.99990 -11
-0.06007 -0.67271 0.00924 0 -3.25000 -58.00000 0.00922 2.02512 -11
0.11595 0.68524 0.00924 0 2.40000 -59.10000 0.00922 2.08291 -11
-0.21932 -0.60344 0.00924 0 -3.75000 -59.97500 0.00922 2.10763 -11
0.29703 0.35005 0.00924 0 2.47500 -63.30000 0.00922 2.15834 -11
0.10910 -0.30466 0.00924 0 -4.15000 -63.45000 0.00922 2.18816 -11
-0.04635 0.25745 0.00924 0 1.80000 -63.82500 0.00922 2.22505 -11
0.17912 -0.32020 0.00924 0 -3.97500 -62.97500 0.00922 2.25146 -11
-0.43656 0.02899 0.00924 0 1.67500 -60.50000 0.00922 2.28223 -11
0.25661 0.05890 0.00924 0 -2.40000 -57.45000 0.00922 2.30810 -11
0.01632 -0.62879 0.00924 0 2.47500 -55.42500 0.00922 2.33244 -11
-0.44674 0.73097 0.00924 0 -1.40000 -58.45000 0.00922 2.37155 -11
0.25846 -0.38251 0.00924 0 2.90000 -59.90000 0.00922 2.39086 -11
-0.28514 0.28711 0.00924 0 -1.32500 -62.42500 0.00922 2.42033 -11
0.27083 0.13238 0.00924 0 2.72500 -64.17500 0.00922 2.44238 -11
-0.14435 -0.21561 0.00924 0 -1.30000 -64.90000 0.00922 2.46243 -11
-1.10666 -1.57202 0.00144 0 -2.92500 -4.07500 0.00126 1.38663 11
3.00297 2.60604 0.00144 0 -2.15000 -3.32500 0.00126 1.39061 11
-0.74222 -0.55357 0.00144 0 -3.62500 8.67500 0.00126 1.48685 11
0.81858 0.38157 0.00144 0 -2.92500 9.42500 0.00126 1.49136 11
0.26297 0.40481 0.00924 0 1.80000 -63.85000 0.00922 1.87839 -11
-0.31077 -0.43408 0.00924 0 -2.42500 -61.20000 0.00922 1.91061 -11
0.48341 0.24446 0.00924 0 2.05000 -56.07500 0.00922 1.97024 -11
-0.54590 -0.11717 0.00924 0 -2.67500 -50.17500 0.00922 2.00831 -11
0.33423 0.34530 0.00924 0 2.55000 -42.67500 0.00922 2.06617 -11
-0.58725 -0.63386 0.00924 0 -2.42500 -39.97500 0.00922 2.09599 -11
1.19312 0.08940 0.00924 0 5.70000 -30.45000 0.00922 2.14297 -11
-1.72910 -0.33056 0.00924 0 -3.12500 -24.20000 0.00922 2.16746 -11
1.36798 -0.15367 0.00924 0 6.60000 -15.52500 0.00922 2.20198 -11
-2.43447 0.03411 0.00924 0 -2.35000 -8.32500 0.00922 2.23037 -11
2.59889 -0.18441 0.00924 0 -4.37500 -0.72500 0.00922 2.25791 -11
-4.49596 0.57372 0.00924 0 -2.15000 7.05000 0.00922 2.28676 -11
10.03634 -1.93295 0.00924 0 -2.70000 9.92500 0.00922 2.29718 -11
-6.02068 1.50718 0.00924 0 -1.17500 34.77500 0.00922 2.48670 -11
5.56298 -1.33471 0.00924 0 -0.45000 38.95000 0.00922 2.51581 -11
-3.52703 -0.55406 0.00924 0 -0.85000 43.87500 0.00922 2.52516 -11
0.40432 1.30150 0.00924 0 -2.45000 51.07500 0.00922 2.58401 -11
0.23491 -0.23703 0.00924 0 -1.20000 50.57500 0.00922 2.58965 -11
0.12083 0.02784 0.00924 0 -2.82500 49.82500 0.00922 2.60110 -11
0.38022 -0.84921 0.00924 0 -2.65000 50.00000 0.00922 2.60265 -11
0.15480 0.95396 0.00924 0 -3.55000 48.90000 0.00922 2.61555 -11
-0.44819 0.57247 0.00924 0 2.32500 54.77500 0.00922 2.35630 -11
0.76376 -0.27885 0.00924 0 0.77500 55.75000 0.00922 2.36421 -11
-0.31944 0.13354 0.00924 0 4.02500 -58.72500 0.00922 1.08172 -11
0.49214 -0.47669 0.00924 0 5.47500 -52.17500 0.00922 1.14065 -11
-0.68351 0.25359 0.00924 0 3.40000 -44.50000 0.00922 1.20652 -11
0.79292 -0.19595 0.00924 0 -3.95000 -36.05000 0.00922 1.25148 -11
-0.84319 0.48325 0.00924 0 3.52500 -24.45000 0.00922 1.31644 -11
0.83910 -0.49473 0.00924 0 -3.47500 -17.87500 0.00922 1.35307 -11
-0.68855 0.51668 0.00924 0 3.65000 -7.52500 0.00922 1.41963 -11
0.69534 -0.53679 0.00924 0 -3.37500 -2.22500 0.00922 1.45357 -11
-0.50709 0.50220 0.00924 0 3.10000 8.65000 0.00922 1.52066 -11
0.98496 -1.07028 0.00924 0 8.35000 12.55000 0.00922 1.55292 -11
0.65868 0.18061 0.00924 0 -3.87500 13.15000 0.00922 1.55657 -11
-0.56044 -0.01529 0.00924 0 2.80000 19.77500 0.00922 1.59509 -11
0.76611 0.41232 0.00924 0 -1.57500 26.02500 0.00922 1.63036 -11
-0.62381 -0.42835 0.00924 0 4.40000 29.75000 0.00922 1.65824 -11
1.06838 0.82345 0.00924 0 0.20000 38.30000 0.00922 1.70439 -11
-0.93512 -0.44132 0.00924 0 5.27500 43.65000 0.00922 1.73300 -11
0.49754 0.49849 0.00924 0 -0.10000 50.15000 0.00922 1.77957 -11
-0.24409 -1.15697 0.00924 0 4.52500 51.90000 0.00922 1.79891 -11
0.21845 0.80608 0.00924 0 1.42500 55.27500 0.00922 1.91274 -11
-0.22586 -0.10286 0.00924 0 6.02500 57.60000 0.00922 1.93468 -11
0.54823 0.92501 0.00924 0 -1.22500 59.82500 0.00922 1.98170 -11
-0.25974 -0.78924 0.00924 0 1.62500 61.00000 0.00922 1.99325 -11
-0.45024 1.13223 0.00924 0 -1.22500 60.80000 0.00922 2.02907 -11
0.82776 -0.25257 0.00924 0 1.00000 59.87500 0.00922 2.03814 -11
-0.68435 0.27500 0.00924 0 -1.60000 56.20000 0.00922 2.05882 -11
-0.06171 -0.08075 0.00924 0 1.35000 56.02500 0.00922 2.07262 -11
0.21030 0.10569 0.00924 0 -1.57500 56.92500 0.00922 2.09082 -11
-1.44337 0.74726 0.00924 0 1.20000 57.40000 0.00922 2.10521 -11
2.17069 -1.65408 0.00924 0 -0.22500 58.87500 0.00922 2.11295 -11
0.40633 0.11579 0.00924 0 -2.90000 -60.40000 0.00922 1.74415 -11
-0.27811 0.02137 0.00924 0 -1.82500 -54.20000 0.00922 1.80771 -11
-0.00688 0.08036 0.00924 0 -2.05000 -51.67500 0.00922 1.88588 -11
0.17840 -0.20176 0.00924 0 -2.47500 -52.45000 0.00922 1.93575 -11
-0.29385 0.45021 0.00924 0 -0.50000 -57.42500 0.00922 2.01135 -11
0.16055 -0.14491 0.00924 0 -2.42500 -59.40000 0.00922 2.05256 -11
-0.17048 0.19510 0.00924 0 -0.82500 -62.85000 0.00922 2.12528 -11
0.06865 -0.22189 0.00924 0 -3.25000 -63.35000 0.00922 2.16412 -11
-0.00145 0.20661 0.00924 0 -2.05000 -64.35000 0.00922 2.90594 -11
-0.20740 0.14224 0.00924 0 5.12500 -61.22500 0.00922 1.34131 -11
0.13647 -0.19056 0.00924 0 2.55000 -57.20000 0.00922 1.41834 -11
0.20505 -0.06553 0.00924 0 4.80000 -59.90000 0.00922 1.48671 -11
-0.22540 -0.21802 0.00924 0 3.10000 -64.92500 0.00922 1.56521 -11
0.10233 -0.04686 0.00924 0 -2.47500 -64.07500 0.00922 2.55208 -11
-0.19004 0.01100 0.00924 0 2.12500 -59.22500 0.00922 2.63167 -11
0.23393 0.02078 0.00924 0 -2.15000 -53.87500 0.00922 2.73110 -11
-0.35440 -0.04408 0.00924 0 1.00000 -46.42500 0.00922 2.80458 -11
0.22061 0.07107 0.00924 0 -2.32500 -39.45000 0.00922 2.89861 -11
-0.15551 -0.01679 0.00924 0 1.12500 -34.15000 0.00922 2.97125 -11
0.06823 -0.01440 0.00924 0 -2.42500 -31.62500 0.00922 3.06301 -11
0.03135 0.05979 0.00924 0 1.10000 -31.47500 0.00922 3.13656 -11
-0.50432 -0.55124 0.00924 0 0.47500 -39.37500 0.00922 3.20318 -11
0.51534 0.59048 0.00924 0 1.55000 -50.70000 0.00922 3.29714 -11
-0.44251 -0.94216 0.00924 0 1.77500 -55.92500 0.00922 3.34816 -11
0.30206 0.86592 0.00924 0 1.60000 -63.37500 0.00922 3.44405 -11
0.61500 -0.40284 0.00924 0 -2.22500 -58.65000 0.00922 0.93088 -11
-0.68112 0.38495 0.00924 0 0.02500 -45.32500 0.00922 1.02599 -11
0.70199 -0.42111 0.00924 0 -1.47500 -33.07500 0.00922 1.10090 -11
-0.56616 0.41977 0.00924 0 -0.15000 -19.30000 0.00922 1.19458 -11
1.03474 -0.32329 0.00924 0 -1.90000 -6.37500 0.00922 1.27417 -11
-1.16040 0.59130 0.00924 0 -3.75000 12.97500 0.00922 1.36480 -11
-1.13572 0.59254 0.00924 0 -3.75000 13.00000 0.00922 1.36488 -11
-1.02299 0.30743 0.00924 0 7.87500 13.85000 0.00922 1.36899 -11
0.68239 -0.18544 0.00924 0 -2.50000 26.95000 0.00922 1.43430 -11
-1.06083 0.39090 0.00924 0 -3.30000 40.15000 0.00922 1.50943 -11
-0.99363 0.32683 0.00924 0 8.40000 41.20000 0.00922 1.51436 -11
1.47192 -0.35017 0.00924 0 -1.85000 55.75000 0.00922 1.58145 -11
0.35127 0.48708 0.00924 0 5.17500 -64.22500 0.00922 2.04686 -11
-0.26288 -0.40614 0.00924 0 -0.92500 -63.05000 0.00922 2.06996 -11
0.46261 0.29646 0.00924 0 5.00000 -59.20000 0.00922 2.11840 -11
-0.29471 -0.31774 0.00924 0 -1.77500 -55.87500 0.00922 2.14221 -11
-0.11956 0.07807 0.00924 0 4.27500 -54.70000 0.00922 2.18398 -11
0.20088 -0.10712 0.00924 0 -1.85000 -56.90000 0.00922 2.21123 -11
-0.47884 0.03824 0.00924 0 4.20000 -60.50000 0.00922 2.25118 -11
0.51614 -0.68448 0.00924 0 -3.57500 -63.82500 0.00922 2.27173 -11
0.22138 -0.16328 0.00924 0 -2.32500 -60.05000 0.00922 1.04380 -11
-0.14306 0.26653 0.00924 0 -1.07500 -56.62500 0.00922 1.11429 -11
0.14415 -0.20812 0.00924 0 -2.27500 -53.82500 0.00922 1.18189 -11
-0.18270 0.45304 0.00924 0 -1.82500 -50.05000 0.00922 1.24991 -11
-0.11450 -0.33725 0.00924 0 -1.77500 -48.80000 0.00922 1.30570 -11
-0.10287 0.44818 0.00924 0 -2.45000 -47.87500 0.00922 1.37502 -11
-0.13668 -0.29861 0.00924 0 -1.37500 -48.85000 0.00922 1.42753 -11
-0.03723 0.49490 0.00924 0 -2.82500 -49.40000 0.00922 1.48845 -11
-0.08721 -0.50325 0.00924 0 -1.30000 -49.32500 0.00922 1.53530 -11
0.42239 1.18873 0.00924 0 -4.30000 -51.90000 0.00922 1.59789 -11
0.40918 0.85662 0.00924 0 7.12500 -52.15000 0.00922 1.60068 -11
-0.47281 -0.79014 0.00924 0 0.32500 -54.87500 0.00922 1.62820 -11
0.62412 1.05347 0.00924 0 6.15000 -63.55000 0.00922 1.70159 -11
0.71829 -1.08563 0.00401 0 2.07500 -60.05000 0.00388 1.25508 11
-1.60637 1.73826 0.00401 0 -1.10000 -58.50000 0.00388 1.26791 11
0.62623 -0.33798 0.00401 0 2.02500 -52.45000 0.00388 1.30317 11
-0.42246 0.06964 0.00401 0 -2.32500 -49.30000 0.00388 1.32815 11
0.06904 -0.68585 0.00401 0 2.12500 -47.10000 0.00388 1.35990 11
0.36821 0.49727 0.00401 0 -0.67500 -47.25000 0.00388 1.37066 11
-0.80356 -0.38404 0.00401 0 1.75000 -51.55000 0.00388 1.39754 11
0.27316 -0.38526 0.00401 0 -0.87500 -54.82500 0.00388 1.41645 11
-0.18513 0.28917 0.00401 0 2.10000 -55.67500 0.00388 1.43046 11
0.26130 0.36723 0.00401 0 -0.80000 -55.60000 0.00388 1.45070 11
-0.07972 -0.22403 0.00401 0 1.82500 -56.80000 0.00388 1.47075 11
-0.21757 -0.27543 0.00401 0 -0.80000 -56.85000 0.00388 1.48452 11
0.21608 0.48232 0.00401 0 1.62500 -56.70000 0.00388 1.49553 11
-0.90659 0.66444 0.00401 0 1.05000 -54.57500 0.00388 1.50412 11
2.14350 -0.15243 0.00401 0 1.57500 -52.10000 0.00388 1.52357 11
0.64737 0.59332 0.00401 0 1.27500 -51.42500 0.00388 1.53507 11
0.51712 -0.27173 0.00401 0 4.37500 -49.22500 0.00388 1.22876 11
-0.44103 0.50052 0.00401 0 0.17500 -47.25000 0.00388 1.24740 11
0.89405 -0.50169 0.00401 0 3.85000 -41.72500 0.00388 1.28165 11
-6.82025 2.44712 0.00401 0 1.60000 -38.45000 0.00388 1.29625 11
54.95905 -19.39442 0.00401 0 1.90000 -27.27500 0.00388 1.33552 11
-2.55185 2.18831 0.00401 0 2.00000 48.80000 0.00388 1.63160 11
-0.10927 0.35855 0.00380 0 5.55000 -64.90000 0.00304 1.57123 -11
0.12231 -0.36108 0.00380 0 -3.75000 -64.95000 0.00304 1.58196 -11
0.03561 -0.00718 0.00380 0 8.37500 -64.97500 0.00304 1.58518 -11
-1.21844 -0.09454 0.01178 0 5.50000 -53.77500 0.00150 0.88860 11
2.18651 -0.70355 0.01178 0 3.80000 -25.12500 0.00150 1.00918 11
-1.97405 0.77163 0.01178 0 -3.70000 -10.32500 0.00150 1.06661 11
-1.69997 -0.18172 0.01178 0 7.97500 -8.92500 0.00150 1.07214 11
2.23408 -0.18032 0.01178 0 2.15000 14.72500 0.00150 1.15877 11
-1.66609 -0.54172 0.01178 0 7.15000 35.40000 0.00150 1.23566 11
1.36177 0.13730 0.01178 0 5.42500 54.57500 0.00150 1.31748 11
-0.71447 0.38016 0.01436 0 1.02500 -63.55000 0.00148 1.02711 11
0.72803 -0.43864 0.01436 0 -3.00000 -49.87500 0.00148 1.10768 11
-0.76833 0.77130 0.01436 0 1.52500 -44.60000 0.00148 1.14095 11
1.42150 -1.16107 0.01436 0 8.42500 -30.62500 0.00148 1.22565 11
-1.11993 1.22223 0.01436 0 2.80000 -26.52500 0.00148 1.25026 11
0.90087 -0.47636 0.01436 0 8.27500 -11.10000 0.00148 1.32922 11
0.84736 -0.53857 0.01436 0 -4.20000 -10.45000 0.00148 1.33304 11
-0.61285 0.62885 0.01436 0 1.27500 -6.52500 0.00148 1.36081 11
0.91239 -0.67738 0.01436 0 7.87500 4.17500 0.00148 1.42966 11
-0.92075 0.54926 0.01436 0 0.95000 9.90000 0.00148 1.46465 11
1.12027 -0.58731 0.01436 0 6.37500 24.10000 0.00148 1.53021 11
-0.89676 0.22493 0.01436 0 0.35000 31.32500 0.00148 1.56671 11
0.93309 -0.17225 0.01436 0 7.22500 39.42500 0.00148 1.61537 11
-0.85466 0.07441 0.01436 0 1.32500 46.40000 0.00148 1.65225 11
1.15389 -0.50172 0.01436 0 4.75000 52.80000 0.00148 1.68496 11
-0.48375 2.05138 0.01436 0 2.50000 54.80000 0.00148 1.69580 11
0.49981 -0.95815 0.01436 0 5.22500 57.50000 0.00148 1.73687 11
-0.67469 1.03421 0.01436 0 2.10000 62.32500 0.00148 1.75892 11
0.73526 0.07554 0.01916 0 -0.90000 41.90000 0.01510 -0.00020 -11
-0.81883 -0.34359 0.01916 0 7.10000 2.32500 0.01510 0.23152 -11
0.79315 0.07503 0.01916 0 -2.32500 -24.80000 0.01510 0.37570 -11
0.77216 -0.19175 0.01916 0 5.50000 41.50000 0.01510 0.00189 -11
-0.81313 0.05497 0.01916 0 3.60000 -2.67500 0.01510 0.24325 -11
0.76754 -0.35463 0.01916 0 2.87500 -22.12500 0.01510 0.35185 -11
-0.59553 0.30129 0.01916 0 3.87500 -62.87500 0.01510 0.61633 -11
0.77967 -0.22071 0.01916 0 5.75000 41.52500 0.01510 0.00197 -11
-0.71945 0.01878 0.01916 0 4.20000 -2.92500 0.01510 0.24725 -11
0.66197 -0.40595 0.01916 0 5.07500 -21.25000 0.01510 0.36005 -11
-0.64240 0.07336 0.01916 0 4.57500 -60.50000 0.01510 0.60850 -11
0.76873 -0.12587 0.01916 0 2.72500 41.82500 0.01510 0.00024 -11
-0.67387 -0.02248 0.01916 0 -1.20000 1.85000 0.01510 0.23936 -11
0.75168 -0.08674 0.01916 0 2.65000 -21.15000 0.01510 0.37559 -11
-0.57883 0.02844 0.01916 0 -1.02500 -59.32500 0.01510 0.61327 -11
0.79454 -0.12931 0.01916 0 5.30000 41.55000 0.01510 0.00171 -11
-0.83145 -0.04662 0.01916 0 3.47500 -3.95000 0.01510 0.24280 -11
0.80485 -0.22277 0.01916 0 3.55000 -27.75000 0.01510 0.36653 -11
0.80093 -0.19549 0.01916 0 5.65000 41.45000 0.01510 0.00204 -11
-0.84477 -0.24065 0.01916 0 3.27500 -1.72500 0.01510 0.22917 -11
0.71590 0.05724 0.01916 0 6.87500 -30.70000 0.01510 0.38563 -11
-0.81505 -0.48489 0.01916 0 6.47500 -62.05000 0.01510 0.56198 -11
0.77893 -0.20319 0.01916 0 6.22500 41.40000 0.01510 0.00247 -11
-0.70061 -0.12945 0.01916 0 3.32500 -0.40000 0.01510 0.24465 -11
0.58975 0.22370 0.01916 0 -4.30000 -22.37500 0.01510 0.38105 -11
0.57430 -0.11343 0.01916 0 7.67500 -22.75000 0.01510 0.38357 -11
-0.58239 -0.12976 0.01916 0 3.20000 -57.50000 0.01510 0.61118 -11
0.83036 -0.05468 0.01916 0 0.30000 41.95000 0.01510 -0.00031 -11
-0.85089 0.06475 0.01916 0 -0.87500 -5.07500 0.01510 0.24551 -11
0.76931 -0.06823 0.01916 0 0.22500 -28.57500 0.01510 0.37116 -11
0.82677 0.00104 0.01916 0 -0.37500 41.90000 0.01510 -0.00022 -11
-0.69434 0.16464 0.01916 0 -1.65000 -3.67500 0.01510 0.24228 -11
0.76845 -0.18692 0.01916 0 -0.10000 -23.80000 0.01510 0.36082 -11
0.73862 -0.19720 0.01916 0 4.32500 41.70000 0.01510 0.00098 -11
-0.81918 -0.08646 0.01916 0 2.35000 -2.92500 0.01510 0.24035 -11
0.80065 -0.16788 0.01916 0 5.15000 -27.37500 0.01510 0.37661 -11
0.84499 -0.07310 0.01916 0 2.75000 41.80000 0.01510 0.00032 -11
-0.80489 -0.26570 0.01916 0 0.45000 -3.10000 0.01510 0.22675 -11
0.73433 0.12656 0.01916 0 5.17500 -32.25000 0.01510 0.38758 -11
0.79840 0.11131 0.01916 0 -2.32500 41.85000 0.01510 0.00010 -11
-0.79302 -0.33173 0.01916 0 6.50000 -0.60000 0.01510 0.23268 -11
0.81984 0.16700 0.01916 0 -2.70000 -27.30000 0.01510 0.37602 -11
0.83544 -0.07563 0.01916 0 0.30000 41.92500 0.01510 -0.00026 -11
-0.85019 0.12350 0.01916 0 -1.22500 -4.25000 0.01510 0.24171 -11
0.81921 -0.06492 0.01916 0 -0.12500 -29.45000 0.01510 0.37199 -11
0.74752 -0.09585 0.01916 0 5.25000 41.57500 0.01510 0.00163 -11
-0.75569 0.01439 0.01916 0 6.77500 4.05000 0.01510 0.21548 -11
0.87274 -0.43742 0.01916 0 2.12500 -13.12500 0.01510 0.31027 -11
