2.20750 0.08450 0.03618 0 5.07500 12.25000 0.01457 -0.01083 -11
2.36607 0.26136 0.03618 0 -2.30000 13.02500 0.01457 -0.01377 -11
2.35112 0.25186 0.03618 0 -2.30000 12.95000 0.01457 -0.01347 -11
1.96105 0.05780 0.03618 0 5.87500 11.95000 0.01457 -0.00972 -11
2.50027 0.23225 0.03618 0 0.42500 13.25000 0.01457 -0.01442 -11
2.40609 0.04279 0.03618 0 4.45000 12.55000 0.01457 -0.01187 -11
2.17046 -0.06281 0.03618 0 4.65000 12.40000 0.01457 -0.01137 -11
2.03144 0.02064 0.03618 0 6.20000 11.77500 0.01457 -0.00909 -11
3.13567 -1.58235 0.00308 0 6.30000 11.70000 0.00151 -0.00866 11
-2.87347 1.31771 0.00308 0 7.57500 9.35000 0.00151 0.00056 11
-13.69762 -7.74725 0.00308 0 -4.45000 5.92500 0.00151 0.01282 11
0.45145 1.96446 0.00308 0 6.65000 5.02500 0.00151 0.01727 11
-0.00676 -0.18150 0.00308 0 -4.22500 9.10000 0.00151 0.00351 11
0.07057 0.86786 0.00308 0 6.55000 9.17500 0.00151 0.01508 11
-0.15747 -1.45751 0.00308 0 7.00000 9.12500 0.00151 0.02514 11
1.40072 4.12966 0.00228 0 1.90000 -58.95000 0.00045 1.47731 -11
-2.31482 -1.73870 0.00333 0 -2.60000 64.25000 0.00198 -0.11338 11
0.79174 0.23990 0.00333 0 6.42500 61.80000 0.00198 -0.09928 11
-0.44148 -0.67656 0.00333 0 -3.10000 56.75000 0.00198 -0.06925 11
1.07238 0.35448 0.00333 0 6.45000 55.05000 0.00198 -0.05765 11
-1.51421 -1.18271 0.00333 0 7.90000 49.37500 0.00198 -0.03061 11
0.79734 0.34318 0.00333 0 5.45000 46.50000 0.00198 -0.01561 11
-0.37139 0.43462 0.00333 0 7.72500 43.32500 0.00198 0.00323 11
0.12950 0.58108 0.00333 0 -3.50000 43.37500 0.00198 0.00733 11
-0.09643 -0.99501 0.00333 0 6.10000 42.57500 0.00198 0.02404 11
0.16515 1.04953 0.00333 0 7.85000 42.72500 0.00198 0.03106 11
0.30725 -0.04525 0.00333 0 -3.82500 43.00000 0.00198 0.03443 11
-0.49706 -0.85162 0.00333 0 6.70000 44.20000 0.00198 0.04327 11
0.07364 1.00705 0.00333 0 7.40000 44.22500 0.00198 0.04608 11
0.91523 0.60704 0.00333 0 6.02500 43.37500 0.00198 0.05599 11
-0.89643 -1.02198 0.00333 0 6.42500 38.75000 0.00198 0.08433 11
-0.23960 1.68202 0.00333 0 6.62500 60.87500 0.00198 -0.10246 11
1.78592 -0.24260 0.00333 0 7.27500 -8.25000 0.00198 1.38149 11
-0.98534 -1.12126 0.00333 0 7.25000 -8.20000 0.00198 1.38150 11
-0.87503 0.86290 0.00624 0 1.65000 -64.85000 0.00475 1.37359 11
4.68168 -7.18240 0.00624 0 6.32500 -57.35000 0.00475 1.42984 11
-1.15848 2.60444 0.00624 0 6.20000 -57.27500 0.00475 1.43048 11
1.31324 -1.61905 0.00624 0 8.25000 -49.10000 0.00475 1.49624 11
-4.35055 2.60754 0.00624 0 5.82500 -46.75000 0.00475 1.50827 11
0.67430 -1.36655 0.00560 0 0.57500 -16.25000 0.00047 1.29038 11
0.46279 4.82017 0.00560 0 -2.27500 -15.77500 0.00047 1.30107 11
-0.08100 -1.31757 0.00560 0 -0.37500 -17.30000 0.00047 1.33978 11
39.82068 79.04067 0.00560 0 -2.85000 -18.00000 0.00047 1.34931 11
1.26035 0.74686 0.00560 0 7.50000 -19.05000 0.00047 1.35665 11
-3.48422 -5.42054 0.00560 0 -2.60000 -29.92500 0.00047 1.40748 11
-12.84457 -17.60020 0.00560 0 -2.77500 -30.05000 0.00047 1.40812 11
-1.74394 -0.04491 0.00560 0 -3.92500 -30.32500 0.00047 1.41347 11
2.20284 0.30972 0.00560 0 -2.95000 -27.45000 0.00047 1.42553 11
2.88826 2.60927 0.00560 0 1.52500 -49.77500 0.00047 1.49984 11
0.46879 -1.98690 0.00560 0 1.50000 -49.80000 0.00047 1.49984 11
-0.72133 0.86468 0.00636 0 -0.45000 -61.55000 0.00051 1.16359 -11
0.83002 -0.98453 0.00636 0 -3.05000 -60.02500 0.00051 1.17499 -11
-11.25481 8.56475 0.00636 0 -1.92500 -53.20000 0.00051 1.20940 -11
0.01246 0.90884 0.00636 0 -1.17500 -51.30000 0.00051 1.22852 -11
0.27965 -0.56331 0.00636 0 -2.50000 -50.77500 0.00051 1.23479 -11
4.03091 4.09114 0.00636 0 -2.20000 -47.25000 0.00051 1.27313 -11
0.43279 0.24769 0.00636 0 -2.22500 -47.30000 0.00051 1.27355 -11
-0.82735 1.46322 0.00636 0 -2.50000 -52.67500 0.00051 1.21229 -11
0.88889 -1.35574 0.00636 0 -1.77500 -50.82500 0.00051 1.22699 -11
0.03965 0.25112 0.00636 0 -1.82500 -50.82500 0.00051 1.22739 -11
0.58967 -0.26281 0.00636 0 -0.97500 -49.25000 0.00051 1.23835 -11
0.91265 -0.34757 0.00636 0 -1.65000 -49.62500 0.00051 1.24361 -11
-0.02379 1.63204 0.00409 0 6.65000 4.35000 0.00071 0.04023 11
-0.30815 0.88716 0.00429 0 6.87500 -61.62500 0.00371 1.85818 11
0.36888 0.61999 0.00429 0 6.52500 -62.25000 0.00371 1.89925 11
0.14734 0.28730 0.00429 0 6.05000 -64.37500 0.00371 1.53320 11
-0.97065 -2.57563 0.00429 0 0.72500 -62.27500 0.00371 1.57031 11
1.60421 3.18582 0.00429 0 2.67500 -61.60000 0.00371 1.57718 11
0.72259 0.58551 0.00429 0 -0.32500 -58.25000 0.00371 1.64557 11
-1.04680 -0.56229 0.00429 0 1.55000 -62.35000 0.00371 1.66794 11
-0.92141 5.40334 0.00429 0 0.92500 -62.50000 0.00371 1.67053 11
0.49183 0.41432 0.00429 0 2.60000 -61.62500 0.00371 1.57704 11
0.11162 -0.31091 0.00429 0 0.97500 -61.70000 0.00371 1.58793 11
-0.21499 1.00022 0.00429 0 2.22500 -61.80000 0.00371 1.59391 11
-2.39834 1.60525 0.00429 0 0.75000 -63.27500 0.00371 1.30512 11
0.69855 -0.84061 0.00429 0 6.67500 -62.77500 0.00371 1.24227 11
-0.76934 2.01785 0.00429 0 3.55000 -60.57500 0.00371 1.25602 11
1.45184 -3.12168 0.00429 0 5.75000 -54.47500 0.00371 1.36797 11
0.97891 4.73414 0.00429 0 4.97500 -54.27500 0.00371 1.37079 11
0.71164 -0.59013 0.00429 0 -2.27500 -63.12500 0.00371 1.23568 11
-0.84118 0.21759 0.00429 0 5.25000 -59.47500 0.00371 1.25776 11
-2.02093 0.01718 0.00429 0 5.20000 -34.35000 0.00371 1.35619 11
1.92227 -0.00767 0.00429 0 7.32500 -28.85000 0.00371 1.37761 11
-2.27752 0.85065 0.00429 0 6.17500 -24.47500 0.00371 1.39347 11
-7.51485 1.40914 0.00429 0 6.15000 -15.12500 0.00371 1.42466 11
0.76693 0.51210 0.00429 0 6.47500 -11.62500 0.00371 1.45127 11
-0.49811 0.70857 0.00429 0 6.20000 16.22500 0.00371 1.55847 11
0.44823 -0.70348 0.00429 0 7.50000 17.55000 0.00371 1.57189 11
-0.04552 0.95994 0.00429 0 7.25000 17.60000 0.00371 1.57301 11
0.26307 -0.37418 0.00429 0 8.02500 18.65000 0.00371 1.58569 11
0.00143 0.05881 0.00429 0 7.85000 18.75000 0.00371 1.58708 11
-1.23329 0.29281 0.00429 0 -2.05000 -59.57500 0.00371 1.20102 11
1.15035 -0.41183 0.00429 0 2.72500 -49.45000 0.00371 1.24732 11
-1.04687 1.04491 0.00429 0 0.10000 -45.65000 0.00371 1.26366 11
0.71409 -0.61173 0.00429 0 3.67500 -38.67500 0.00371 1.30442 11
-0.98335 0.65656 0.00429 0 -0.35000 -35.17500 0.00371 1.32497 11
0.24270 -1.19477 0.00429 0 4.45000 -6.65000 0.00371 1.56341 11
0.16153 0.48224 0.00429 0 3.62500 -6.50000 0.00371 1.56656 11
1.73785 1.08162 0.00429 0 5.57500 -63.42500 0.00371 1.21107 11
1.79185 -0.54182 0.00429 0 1.62500 -58.32500 0.00371 1.16052 11
-4.54653 2.04763 0.00429 0 -0.92500 -55.22500 0.00371 1.17494 11
0.15070 -0.38633 0.00429 0 -0.67500 -41.22500 0.00371 1.23298 11
1.50246 1.30829 0.00429 0 -3.87500 -42.75000 0.00371 1.24799 11
0.77629 -0.12332 0.00429 0 7.87500 -43.32500 0.00371 1.25130 11
0.31703 -1.45310 0.00429 0 -1.80000 -47.75000 0.00371 1.28207 11
-1.39692 -2.35174 0.00429 0 -1.70000 -47.52500 0.00371 1.28890 11
-0.58233 0.40926 0.00429 0 -1.72500 -45.50000 0.00371 1.30676 11
0.52943 -0.50456 0.00429 0 -0.35000 -43.75000 0.00371 1.32055 11
2.04706 -2.73667 0.00429 0 -1.12500 -43.50000 0.00371 1.32825 11
1.07238 -0.42091 0.00429 0 -3.35000 -60.90000 0.00371 1.21792 11
-0.46660 0.83154 0.00429 0 4.92500 -56.72500 0.00371 1.23835 11
-0.16092 -1.19700 0.00429 0 8.47500 -54.87500 0.00371 1.27342 11
0.09950 0.53688 0.00429 0 4.60000 -56.75000 0.00371 1.28980 11
0.17349 -0.55892 0.00429 0 -3.22500 -57.75000 0.00371 1.32979 11
0.17319 0.40127 0.00429 0 6.12500 -58.57500 0.00371 1.34070 11
-1.31341 -2.27617 0.00429 0 -3.45000 -60.85000 0.00371 1.37073 11
-1.16705 0.72199 0.00429 0 6.85000 -60.00000 0.00371 1.37859 11
-4.03966 3.75868 0.00429 0 6.90000 -55.62500 0.00371 1.39742 11
-0.21788 -0.23501 0.00429 0 7.35000 -54.87500 0.00371 1.41504 11
1.31513 -0.52947 0.00429 0 4.17500 -57.10000 0.00371 1.23832 11
-0.46215 0.62160 0.00429 0 -0.62500 -54.20000 0.00371 1.26019 11
0.44434 -0.75967 0.00429 0 3.82500 -50.75000 0.00371 1.30067 11
-0.31230 0.37724 0.00429 0 -0.05000 -49.12500 0.00371 1.31658 11
-0.00709 -0.53366 0.00429 0 3.92500 -47.45000 0.00371 1.34707 11
-0.15117 0.67760 0.00429 0 -0.47500 -47.10000 0.00371 1.36550 11
0.12443 -0.67148 0.00429 0 3.50000 -46.42500 0.00371 1.39788 11
-0.13120 1.46174 0.00429 0 0.55000 -46.20000 0.00371 1.40910 11
-0.28334 -1.21869 0.00429 0 2.67500 -45.87500 0.00371 1.44333 11
0.58796 1.52295 0.00429 0 0.30000 -46.42500 0.00371 1.45255 11
1.45436 -1.00538 0.00429 0 6.35000 -37.52500 0.00371 1.22514 11
9.28708 -6.52553 0.00429 0 4.17500 -33.35000 0.00371 1.24195 11
2.00472 -1.39358 0.00429 0 2.97500 -14.80000 0.00371 1.33433 11
-0.85609 0.19401 0.00429 0 0.15000 -10.92500 0.00371 1.35285 11
0.71786 0.03971 0.00429 0 2.85000 -7.05000 0.00371 1.37240 11
-0.92858 0.58618 0.00429 0 0.07500 -3.92500 0.00371 1.39004 11
-0.51026 -0.59470 0.00429 0 3.50000 -61.50000 0.00371 1.27942 11
0.40015 0.46838 0.00429 0 -2.65000 -58.50000 0.00371 1.30691 11
0.07595 -0.84526 0.00429 0 3.37500 -58.07500 0.00371 1.34940 11
-0.11659 0.77046 0.00429 0 8.10000 -58.80000 0.00371 1.36776 11
-0.03733 0.75385 0.00429 0 -3.25000 -58.85000 0.00371 1.37165 11
-0.17056 -0.64311 0.00429 0 3.57500 -57.85000 0.00371 1.41208 11
0.22853 0.54146 0.00429 0 8.32500 -56.72500 0.00371 1.43211 11
-0.02100 0.49199 0.00429 0 -3.12500 -56.70000 0.00371 1.43601 11
-0.02999 -0.54756 0.00429 0 3.77500 -57.50000 0.00371 1.47032 11
0.09854 0.52747 0.00429 0 8.20000 -56.92500 0.00371 1.48864 11
-0.08510 0.45084 0.00429 0 -3.32500 -56.95000 0.00371 1.49226 11
-0.13856 -0.02874 0.00429 0 3.90000 -57.75000 0.00371 1.51625 11
0.13739 -0.02713 0.00429 0 7.42500 -56.12500 0.00371 1.53953 11
0.54043 0.55948 0.00429 0 -4.32500 -55.92500 0.00371 1.54194 11
-0.31555 -1.47171 0.00429 0 5.10000 -52.70000 0.00371 1.56938 11
0.80217 3.87501 0.00429 0 6.70000 -52.35000 0.00371 1.57534 11
0.73362 -1.80923 0.00429 0 4.82500 -50.22500 0.00371 1.59955 11
-0.46900 1.50099 0.00429 0 6.20000 -50.70000 0.00371 1.60479 11
-1.05323 0.44399 0.00429 0 6.17500 -50.72500 0.00371 1.60478 11
5.03002 4.75730 0.00429 0 4.22500 -54.32500 0.00371 1.62671 11
-0.63920 -3.98817 0.00429 0 4.20000 -54.35000 0.00371 1.62685 11
-0.80044 0.33177 0.00429 0 4.07500 -54.30000 0.00371 1.62783 11
-0.61958 -0.15281 0.00429 0 -0.35000 -60.60000 0.00371 1.33818 11
-0.04823 -0.47424 0.00429 0 2.12500 -58.50000 0.00371 1.35932 11
-0.04512 0.25156 0.00429 0 -0.92500 -58.57500 0.00371 1.37097 11
-0.54495 -0.15867 0.00429 0 2.47500 -60.05000 0.00371 1.39389 11
0.09586 0.85697 0.00429 0 -0.60000 -62.10000 0.00371 1.40960 11
-1.39083 -0.77203 0.00429 0 -2.30000 -64.00000 0.00371 1.20084 11
1.67822 0.85057 0.00429 0 1.07500 -59.55000 0.00371 1.22065 11
-0.78534 -0.43355 0.00429 0 -3.62500 -51.35000 0.00371 1.26491 11
0.78380 0.40680 0.00429 0 1.27500 -46.77500 0.00371 1.29108 11
-1.05657 -0.73019 0.00429 0 -3.45000 -39.87500 0.00371 1.33629 11
1.06529 0.59317 0.00429 0 -0.05000 -36.40000 0.00371 1.35403 11
-0.41224 9.64623 0.00429 0 -0.65000 -25.47500 0.00371 2.23435 11
0.13807 2.72714 0.00429 0 -0.45000 -25.50000 0.00371 2.23473 11
0.81580 0.36793 0.00429 0 -1.75000 -59.45000 0.00371 2.45331 11
-0.70922 -0.16079 0.00429 0 1.32500 -63.52500 0.00371 2.47793 11
-0.78551 -1.48940 0.00429 0 -2.50000 -58.95000 0.00371 1.57079 11
0.80305 1.53589 0.00429 0 0.77500 -57.57500 0.00371 1.58348 11
2.68220 12.30086 0.00429 0 -1.17500 -47.85000 0.00371 1.63750 11
0.93700 0.84171 0.00429 0 -1.37500 -47.82500 0.00371 1.63699 11
-0.58662 0.43706 0.00429 0 -2.75000 -64.92500 0.00371 2.32846 11
0.47738 0.26760 0.00429 0 1.42500 -64.12500 0.00371 1.20827 11
-0.56468 -0.49322 0.00429 0 -4.05000 -60.40000 0.00371 1.24743 11
0.65366 0.53311 0.00429 0 0.80000 -57.75000 0.00371 1.26943 11
-1.97870 -0.71623 0.00429 0 -2.42500 -48.32500 0.00371 1.31165 11
2.20055 0.86813 0.00429 0 0.02500 -43.50000 0.00371 1.33074 11
-1.52833 -1.18120 0.00429 0 -2.67500 -35.27500 0.00371 1.36364 11
1.81123 1.52779 0.00429 0 -0.70000 -33.27500 0.00371 1.37355 11
-1.92519 -1.00145 0.00429 0 -3.80000 -26.67500 0.00371 1.40820 11
2.87390 1.11663 0.00429 0 -2.10000 -23.30000 0.00371 1.42139 11
0.70829 0.75143 0.00429 0 -2.10000 -16.72500 0.00371 1.46444 11
0.46651 0.91511 0.00429 0 -2.12500 -13.67500 0.00371 1.50630 11
-0.52637 -0.29644 0.00429 0 -4.40000 -8.52500 0.00371 1.53493 11
0.34057 0.36356 0.00429 0 -1.20000 -6.77500 0.00371 1.55109 11
-0.79192 -0.94592 0.00429 0 -3.82500 -4.92500 0.00371 1.57825 11
0.66282 0.97747 0.00429 0 -1.95000 -3.77500 0.00371 1.58644 11
-0.37358 -0.80198 0.00429 0 -4.02500 22.67500 0.00371 1.92549 11
0.24198 1.10214 0.00429 0 -1.92500 23.27500 0.00371 1.93448 11
-0.79684 -2.44035 0.00429 0 -2.80000 25.05000 0.00371 1.95772 11
1.10328 3.09220 0.00429 0 -2.20000 25.25000 0.00371 1.96011 11
-0.31363 -1.74882 0.00429 0 -1.95000 25.32500 0.00371 1.96120 11
0.25238 0.84088 0.00429 0 -0.85000 25.57500 0.00371 1.96597 11
1.09346 -0.04506 0.00429 0 -1.85000 -36.02500 0.00371 2.32337 11
-0.95143 -0.71340 0.00429 0 -1.12500 -37.30000 0.00371 2.33590 11
-0.47545 -0.02789 0.00482 0 7.22500 37.35000 0.00165 0.05667 -11
0.45291 -0.78031 0.00482 0 0.75000 34.07500 0.00165 0.08256 -11
0.14243 -0.04703 0.00482 0 7.20000 33.67500 0.00165 0.12562 -11
-0.24529 -0.77712 0.00482 0 0.30000 34.57500 0.00165 0.14652 -11
-0.14969 0.38593 0.00482 0 7.70000 34.95000 0.00165 0.19637 -11
-0.31743 1.77513 0.00482 0 -3.62500 34.80000 0.00165 0.20003 -11
0.28057 -1.25017 0.00482 0 -1.10000 34.32500 0.00165 0.20903 -11
-0.26451 0.10781 0.00482 0 6.72500 32.77500 0.00165 0.25278 -11
0.40890 -0.24645 0.00482 0 -0.87500 31.45000 0.00165 0.27206 -11
-0.77442 -0.19683 0.00482 0 7.47500 27.15000 0.00165 0.30021 -11
0.62293 -0.74638 0.00482 0 -1.82500 23.67500 0.00165 0.31785 -11
-2.14316 1.09795 0.00482 0 4.32500 -34.70000 0.00165 0.29315 -11
0.67674 -0.67268 0.00482 0 7.42500 -39.30000 0.00165 0.31328 -11
-1.16004 0.76886 0.00482 0 3.95000 -44.52500 0.00165 0.34780 -11
0.58072 -0.38223 0.00482 0 7.32500 -46.60000 0.00165 0.36311 -11
1.61190 1.79415 0.00482 0 3.67500 -45.60000 0.00165 0.39343 -11
-0.35886 -2.00712 0.00482 0 4.12500 -45.25000 0.00165 0.39536 -11
0.23761 0.91685 0.00482 0 2.95000 -45.47500 0.00165 0.41608 -11
0.01309 -0.52230 0.00482 0 4.32500 -45.60000 0.00165 0.42226 -11
0.14164 0.51467 0.00482 0 3.30000 -44.85000 0.00165 0.43332 -11
0.03933 -0.82271 0.00482 0 2.92500 -46.02500 0.00165 0.44142 -11
-1.22104 0.56165 0.00482 0 -0.07500 -2.90000 0.00165 0.16422 -11
2.29717 -1.25858 0.00482 0 2.57500 -5.57500 0.00165 0.17799 -11
-0.70425 1.66468 0.00482 0 0.15000 -13.10000 0.00165 0.22145 -11
0.31639 -0.86288 0.00482 0 1.95000 -13.40000 0.00165 0.22807 -11
0.87367 -4.34831 0.00634 0 -0.60000 63.75000 0.00622 2.52082 11
-2.12991 7.96667 0.00634 0 0.82500 63.32500 0.00622 2.52608 11
1.17408 -2.31478 0.00634 0 -2.10000 55.20000 0.00622 2.60902 11
-1.09448 2.13013 0.00634 0 0.70000 53.77500 0.00622 2.61978 11
0.37818 -1.23049 0.00634 0 -3.15000 46.32500 0.00622 2.69415 11
-0.23383 1.26786 0.00634 0 1.52500 45.27500 0.00622 2.71143 11
-0.38668 -2.08874 0.00634 0 -2.22500 46.82500 0.00622 2.78017 11
0.52438 2.04227 0.00634 0 0.85000 47.37500 0.00622 2.79100 11
-0.61381 -1.30213 0.00634 0 -3.55000 50.75000 0.00622 2.85096 11
0.71311 1.61555 0.00634 0 0.10000 52.30000 0.00622 2.86515 11
-1.49249 -2.40082 0.00634 0 -0.00000 61.07500 0.00622 2.93684 11
1.27842 2.26702 0.00634 0 2.45000 62.45000 0.00622 2.94648 11
2.35047 -3.16084 0.00634 0 -2.15000 47.05000 0.00622 2.78053 11
-0.85324 -2.20287 0.00634 0 -2.12500 -59.97500 0.00622 0.93533 11
0.99601 2.15140 0.00634 0 2.37500 -58.17500 0.00622 0.95200 11
-0.94937 -0.87323 0.00634 0 -3.87500 -43.80000 0.00622 1.04361 11
0.93320 0.84970 0.00634 0 3.02500 -38.40000 0.00622 1.07547 11
-1.47401 -0.86516 0.00634 0 -2.77500 -21.07500 0.00622 1.16314 11
1.56492 0.90458 0.00634 0 2.45000 -14.17500 0.00622 1.19362 11
-1.27346 -1.08395 0.00634 0 -1.92500 4.12500 0.00622 1.28143 11
1.24401 1.04767 0.00634 0 3.40000 9.05000 0.00622 1.30702 11
-0.82989 -0.90536 0.00634 0 -1.12500 25.20000 0.00622 1.38687 11
0.75196 0.84356 0.00634 0 4.95000 29.42500 0.00622 1.41398 11
-0.32780 -1.12349 0.00634 0 -2.25000 36.12500 0.00622 1.48314 11
0.28609 1.33122 0.00634 0 3.37500 37.25000 0.00622 1.50397 11
-0.69966 -2.25876 0.00634 0 -0.40000 42.15000 0.00622 1.57095 11
0.58626 2.16318 0.00634 0 2.50000 43.05000 0.00622 1.58143 11
0.84014 2.49421 0.00634 0 1.55000 42.72500 0.00622 1.65425 11
-0.10483 -0.75001 0.00634 0 -2.35000 46.00000 0.00622 1.69791 11
0.09089 0.75900 0.00634 0 2.25000 46.45000 0.00622 1.71612 11
0.04278 -0.71141 0.00634 0 -1.75000 46.52500 0.00622 1.75999 11
-0.07591 0.68370 0.00634 0 2.65000 46.15000 0.00622 1.77745 11
0.03926 -0.50373 0.00634 0 -2.25000 45.87500 0.00622 1.81259 11
-0.02209 0.56021 0.00634 0 2.30000 45.57500 0.00622 1.83140 11
0.05121 -0.51151 0.00634 0 -2.57500 44.45000 0.00622 1.86164 11
-0.14826 0.71920 0.00634 0 1.77500 44.12500 0.00622 1.87972 11
-0.16350 -1.48603 0.00634 0 -1.42500 42.82500 0.00622 1.91876 11
0.14503 2.18435 0.00634 0 1.05000 42.97500 0.00622 1.92774 11
-0.78483 -1.35709 0.00634 0 0.05000 49.47500 0.00622 1.97080 11
1.03473 1.58630 0.00634 0 2.70000 50.67500 0.00622 1.98149 11
-0.54262 -0.60379 0.00634 0 0.55000 56.05000 0.00622 2.01198 11
0.50501 0.58944 0.00634 0 3.47500 57.52500 0.00622 2.02511 11
-0.19378 -0.23901 0.00634 0 0.57500 60.07500 0.00622 2.04963 11
0.23871 0.25084 0.00634 0 3.77500 60.97500 0.00622 2.06525 11
-0.32114 -0.18472 0.00634 0 0.62500 61.47500 0.00622 2.08155 11
0.31912 0.28660 0.00634 0 3.45000 63.12500 0.00622 2.09645 11
-0.31547 -0.38463 0.00634 0 0.60000 64.32500 0.00622 2.11444 11
-0.53946 -0.37276 0.00634 0 2.92500 64.70000 0.00622 2.59689 11
0.81369 -0.23670 0.00634 0 0.55000 63.72500 0.00622 2.60782 11
-0.95720 0.10959 0.00634 0 2.25000 61.70000 0.00622 2.61890 11
0.05054 0.71549 0.00634 0 0.47500 59.22500 0.00622 2.63244 11
-0.10538 -0.87396 0.00634 0 2.15000 59.00000 0.00622 2.64843 11
0.21291 -1.40839 0.00634 0 1.60000 57.05000 0.00622 2.65681 11
0.18790 1.25068 0.00634 0 2.30000 57.07500 0.00622 2.65978 11
-0.60890 0.47927 0.00634 0 1.10000 57.65000 0.00622 2.66856 11
1.34678 -0.67147 0.00634 0 1.70000 58.95000 0.00622 2.67787 11
0.36313 -1.10808 0.00634 0 1.65000 37.42500 0.00622 1.51756 11
-0.12954 0.66777 0.00634 0 2.80000 37.02500 0.00622 1.52255 11
0.98371 -0.02057 0.00634 0 1.90000 38.27500 0.00622 1.53013 11
8.63301 -0.14461 0.00634 0 2.60000 37.65000 0.00622 1.53462 11
-0.07862 -9.15854 0.00634 0 3.35000 38.37500 0.00622 1.54747 11
-2.51202 -3.67654 0.00634 0 3.80000 36.00000 0.00622 1.58735 11
36.70352 24.65996 0.00634 0 3.77500 35.95000 0.00622 1.58798 11
-0.33865 -1.69396 0.00634 0 3.47500 -61.07500 0.00622 0.93649 11
0.25110 1.09280 0.00634 0 -0.37500 -59.60000 0.00622 0.96685 11
-0.26378 -0.85802 0.00634 0 2.05000 -55.02500 0.00622 1.04384 11
0.32612 0.55385 0.00634 0 -1.35000 -52.62500 0.00622 1.08102 11
0.16420 -1.87587 0.00634 0 -0.72500 -52.65000 0.00622 1.08377 11
0.02472 1.22329 0.00634 0 4.50000 -52.35000 0.00622 1.10242 11
0.21318 -1.12081 0.00634 0 -1.57500 -52.50000 0.00622 1.16870 11
-0.21189 1.16396 0.00634 0 3.80000 -53.35000 0.00622 1.18860 11
-0.06057 -1.61689 0.00634 0 -0.47500 -56.25000 0.00622 1.26035 11
0.21526 1.50584 0.00634 0 3.70000 -55.85000 0.00622 1.27525 11
-0.01499 -1.40316 0.00634 0 -0.65000 -57.07500 0.00622 1.33893 11
-0.08990 1.59890 0.00634 0 3.50000 -57.27500 0.00622 1.35381 11
-0.14718 -1.41093 0.00634 0 -0.85000 -58.62500 0.00622 1.40994 11
0.12829 1.51760 0.00634 0 2.87500 -58.25000 0.00622 1.42339 11
-0.70893 -2.22996 0.00634 0 -0.82500 -56.57500 0.00622 1.47866 11
0.72004 2.24387 0.00634 0 1.72500 -55.82500 0.00622 1.48791 11
-0.89322 -1.17954 0.00634 0 -0.95000 -47.82500 0.00622 1.54087 11
0.88286 1.29634 0.00634 0 2.12500 -45.65000 0.00622 1.55433 11
-0.24455 0.03553 0.00634 0 7.00000 -42.77500 0.00622 1.62415 11
0.13319 -0.90460 0.00634 0 -1.65000 -41.20000 0.00622 1.65450 11
-0.54255 0.81289 0.00634 0 -4.27500 -40.55000 0.00622 1.66479 11
-0.12822 -0.38076 0.00634 0 7.52500 -40.27500 0.00622 1.66726 11
-2.66966 0.50624 0.00634 0 8.22500 -37.32500 0.00622 1.69180 11
1.52877 -0.13341 0.00634 0 -3.30000 -27.25000 0.00622 1.73095 11
0.61332 -0.85027 0.00634 0 -4.20000 -25.55000 0.00622 1.74642 11
1.34353 5.41378 0.00634 0 -4.10000 -59.45000 0.00622 0.95068 11
-0.18945 -1.24219 0.00634 0 0.65000 -53.80000 0.00622 1.04184 11
0.19269 1.33670 0.00634 0 7.60000 -52.85000 0.00622 1.06723 11
0.39553 2.02452 0.00634 0 -2.57500 -52.57500 0.00622 1.07428 11
-0.97893 -2.85602 0.00634 0 3.75000 -47.90000 0.00622 1.16757 11
1.04813 3.18941 0.00634 0 7.07500 -46.92500 0.00622 1.17934 11
0.72893 2.62239 0.00634 0 -2.80000 -46.17500 0.00622 1.18737 11
-0.67628 -1.36164 0.00634 0 -0.15000 -54.02500 0.00622 0.92228 11
0.58571 1.27440 0.00634 0 6.05000 -51.32500 0.00622 0.94642 11
-0.68149 -1.54560 0.00634 0 1.00000 -40.35000 0.00622 1.03919 11
0.55200 1.45987 0.00634 0 6.40000 -38.65000 0.00622 1.05911 11
-0.63301 -1.37923 0.00634 0 1.17500 -27.97500 0.00622 1.14680 11
0.57337 1.41203 0.00634 0 6.77500 -25.92500 0.00622 1.16800 11
0.27374 2.20503 0.00634 0 -4.45000 -25.75000 0.00622 1.17102 11
-0.20081 -1.16789 0.00634 0 1.32500 -24.62500 0.00622 1.25108 11
0.18439 1.15401 0.00634 0 7.60000 -23.82500 0.00622 1.27420 11
0.27002 1.70571 0.00634 0 -3.17500 -23.62500 0.00622 1.27924 11
-0.21507 -0.90730 0.00634 0 1.52500 -22.37500 0.00622 1.34755 11
0.14683 0.80130 0.00634 0 7.95000 -21.32500 0.00622 1.37196 11
0.09685 0.88253 0.00634 0 -3.35000 -21.20000 0.00622 1.37580 11
0.05395 -1.15846 0.00634 0 1.42500 -22.40000 0.00622 1.43846 11
-0.02283 1.05416 0.00634 0 6.97500 -22.55000 0.00622 1.45886 11
0.12120 -0.57585 0.00634 0 0.52500 -23.60000 0.00622 1.52152 11
-0.15423 0.57254 0.00634 0 7.35000 -24.45000 0.00622 1.54899 11
-0.08469 0.68377 0.00634 0 -4.30000 -24.50000 0.00622 1.55131 11
0.25907 -0.56597 0.00634 0 0.67500 -28.05000 0.00622 1.60410 11
-0.25493 0.50063 0.00634 0 7.32500 -29.92500 0.00622 1.63230 11
-0.26716 0.78592 0.00634 0 -4.32500 -30.07500 0.00622 1.63467 11
-0.11204 -0.74126 0.00634 0 1.02500 -29.72500 0.00622 1.68671 11
0.10106 0.79168 0.00634 0 6.72500 -29.20000 0.00622 1.70875 11
-0.12420 -0.74013 0.00634 0 0.77500 -28.77500 0.00622 1.76124 11
0.15106 0.67026 0.00634 0 6.22500 -28.05000 0.00622 1.78246 11
-0.00097 -0.74918 0.00634 0 0.27500 -26.10000 0.00622 1.83025 11
-0.11859 0.78157 0.00634 0 5.60000 -26.37500 0.00622 1.85097 11
0.06381 -0.61596 0.00634 0 0.32500 -27.27500 0.00622 1.90013 11
-0.01182 0.59590 0.00634 0 5.90000 -27.47500 0.00622 1.92268 11
-0.04492 -0.60236 0.00634 0 0.50000 -27.17500 0.00622 1.96847 11
0.01269 0.78620 0.00634 0 5.97500 -26.92500 0.00622 1.99094 11
0.49970 -0.88074 0.00634 0 2.20000 -29.05000 0.00622 2.04186 11
-0.63815 0.77935 0.00634 0 6.45000 -31.00000 0.00622 2.05958 11
1.27945 -2.91114 0.00634 0 3.30000 -36.77500 0.00622 2.10745 11
-0.46603 1.84182 0.00634 0 4.72500 -37.30000 0.00622 2.11268 11
0.23690 -0.91330 0.00634 0 1.37500 -39.50000 0.00622 2.15542 11
-0.31223 0.89832 0.00634 0 5.15000 -40.35000 0.00622 2.17020 11
0.60508 -0.46796 0.00634 0 0.90000 -43.55000 0.00622 2.20293 11
-0.94883 0.51465 0.00634 0 4.50000 -46.52500 0.00622 2.22120 11
1.54983 -0.63424 0.00634 0 2.07500 -53.95000 0.00622 2.25253 11
-1.47775 0.54485 0.00634 0 4.10000 -57.02500 0.00622 2.26569 11
0.16738 -0.55440 0.00634 0 1.30000 -62.30000 0.00622 2.29628 11
0.09238 0.88607 0.00634 0 4.50000 -62.65000 0.00622 2.30926 11
-2.53133 -0.42099 0.00634 0 2.52500 -56.92500 0.00622 2.34060 11
1.53750 0.42179 0.00634 0 3.47500 -53.97500 0.00622 2.35156 11
-0.72956 -0.50519 0.00634 0 1.02500 -49.87500 0.00622 2.37575 11
0.84828 0.42982 0.00634 0 3.35000 -48.10000 0.00622 2.38732 11
0.29708 0.78317 0.00634 0 1.47500 -44.12500 0.00622 2.40800 11
-0.70071 -0.66852 0.00634 0 3.32500 -46.67500 0.00622 2.42958 11
-10.15479 8.84037 0.00634 0 1.90000 -50.72500 0.00622 2.44826 11
-3.90522 5.64845 0.00634 0 2.75000 -51.12500 0.00622 2.45102 11
-2.20207 -1.97310 0.00634 0 1.80000 -53.57500 0.00622 2.47094 11
-0.43293 -1.47284 0.00634 0 2.12500 -60.75000 0.00622 0.93120 11
0.45364 1.49327 0.00634 0 8.15000 -59.15000 0.00622 0.95323 11
0.20452 1.01781 0.00634 0 -2.72500 -58.92500 0.00622 0.95844 11
-0.44580 -0.95001 0.00634 0 0.65000 -52.65000 0.00622 1.04112 11
0.45185 1.05088 0.00634 0 -2.25000 -49.42500 0.00622 1.07853 11
-0.46706 -0.91220 0.00634 0 1.05000 -41.40000 0.00622 1.15579 11
0.47948 0.86738 0.00634 0 -2.00000 -37.95000 0.00622 1.19345 11
-0.58922 -1.01744 0.00634 0 1.45000 -30.60000 0.00622 1.26533 11
0.59669 0.97503 0.00634 0 7.85000 -27.37500 0.00622 1.29134 11
0.31033 1.04557 0.00634 0 -3.30000 -27.07500 0.00622 1.29558 11
-0.15797 -0.93379 0.00634 0 0.05000 -23.60000 0.00622 1.36582 11
0.15038 0.97679 0.00634 0 6.77500 -22.75000 0.00622 1.39096 11
-0.15320 -0.71443 0.00634 0 -0.55000 -20.92500 0.00622 1.46665 11
0.25890 0.69698 0.00634 0 7.07500 -19.95000 0.00622 1.49668 11
-0.23340 -0.61574 0.00634 0 -0.85000 -13.80000 0.00622 1.56049 11
0.16428 0.64358 0.00634 0 6.77500 -12.00000 0.00622 1.59158 11
0.00187 -0.75040 0.00634 0 -0.42500 -12.27500 0.00622 1.65921 11
0.09900 0.76202 0.00634 0 6.80000 -12.00000 0.00622 1.68745 11
-0.20696 -0.84833 0.00634 0 -0.02500 -8.85000 0.00622 1.75356 11
0.19444 0.82963 0.00634 0 6.55000 -7.57500 0.00622 1.77912 11
0.10404 -0.89371 0.00634 0 2.05000 -7.15000 0.00622 1.82778 11
-0.24153 0.77986 0.00634 0 6.62500 -7.87500 0.00622 1.84555 11
0.53764 -0.64720 0.00634 0 2.15000 -12.10000 0.00622 1.89006 11
-0.61585 0.78190 0.00634 0 6.40000 -14.77500 0.00622 1.90940 11
0.62025 -0.89403 0.00634 0 2.22500 -19.57500 0.00622 1.95135 11
-0.47468 0.75140 0.00634 0 6.07500 -21.25000 0.00622 1.96716 11
0.67835 -0.65881 0.00634 0 2.37500 -26.60000 0.00622 2.00502 11
-0.80212 0.85438 0.00634 0 5.92500 -28.92500 0.00622 2.02101 11
1.91815 -1.89827 0.00634 0 3.77500 -36.90000 0.00622 2.06967 11
-1.89946 0.28889 0.00634 0 5.47500 -39.47500 0.00622 2.11500 11
-14.10392 -0.99666 0.00634 0 4.45000 -44.45000 0.00622 2.13451 11
0.38049 -0.33434 0.00634 0 3.10000 -47.12500 0.00622 2.14739 11
-0.39836 0.67043 0.00634 0 4.67500 -47.50000 0.00622 2.15452 11
1.59703 -0.75432 0.00634 0 3.40000 -49.80000 0.00622 2.16923 11
-1.03736 1.15575 0.00634 0 4.02500 -50.25000 0.00622 2.17249 11
-0.77215 -1.91395 0.00634 0 2.25000 -56.62500 0.00622 0.91901 11
0.49362 1.52580 0.00634 0 7.92500 -54.90000 0.00622 0.93987 11
0.57449 1.33882 0.00634 0 -2.62500 -54.32500 0.00622 0.94607 11
-1.44137 -1.80204 0.00634 0 -4.50000 -41.22500 0.00622 1.01605 11
0.82272 1.02721 0.00634 0 -0.45000 -38.57500 0.00622 1.03346 11
1.75193 0.74537 0.00634 0 -2.00000 -26.77500 0.00622 1.10891 11
1.43400 1.51678 0.00634 0 -2.07500 -16.42500 0.00622 1.16746 11
7.99345 3.44907 0.00634 0 -3.17500 -12.00000 0.00622 1.22077 11
2.40041 -0.04617 0.00634 0 -2.97500 -11.55000 0.00622 1.22242 11
43.62750 17.67820 0.00634 0 6.87500 -5.17500 0.00622 1.24848 11
-0.84221 0.16569 0.00634 0 5.62500 0.95000 0.00622 1.27307 11
0.79585 -0.26001 0.00634 0 7.95000 4.12500 0.00622 1.29135 11
-0.52916 0.67471 0.00634 0 6.72500 5.75000 0.00622 1.29904 11
-0.49926 -2.40518 0.00634 0 8.07500 3.92500 0.00622 1.34630 11
0.41223 0.10422 0.00634 0 6.30000 2.60000 0.00622 1.35833 11
-0.59035 -0.19991 0.00634 0 7.07500 1.60000 0.00622 1.36607 11
-1.04889 -14.85861 0.00210 0 -4.00000 -54.92500 0.00208 0.98254 11
1.25346 4.18072 0.00210 0 -3.82500 -54.90000 0.00208 0.98305 11
1.16838 1.90113 0.00210 0 -4.07500 -34.35000 0.00208 1.30167 11
4.92824 -7.33201 0.00210 0 7.37500 -32.85000 0.00208 1.31720 11
0.14538 -0.17286 0.00210 0 -3.45000 -32.87500 0.00208 1.32654 11
0.84270 -0.45339 0.00190 0 0.80000 11.80000 0.00179 3.20953 11
-0.97973 0.50548 0.00190 0 1.97500 10.02500 0.00179 3.21829 11
0.65279 -0.47427 0.00190 0 1.15000 7.27500 0.00179 3.23152 11
-1.64305 3.35654 0.00190 0 2.30000 6.87500 0.00179 3.23670 11
-0.49403 -4.47570 0.00190 0 2.82500 6.87500 0.00179 3.24311 11
1.80493 -0.53251 0.00190 0 3.47500 8.60000 0.00179 3.26498 11
-1.36534 -3.84738 0.00634 0 -1.95000 0.02500 0.00622 8.10503 11
1.22614 2.04671 0.00634 0 0.55000 1.17500 0.00622 8.11339 11
0.01512 -1.99815 0.00634 0 0.62500 31.57500 0.00622 8.33907 11
-0.08319 1.65534 0.00634 0 3.02500 31.32500 0.00622 8.34765 11
-0.96426 -0.55715 0.00634 0 0.05000 46.35000 0.00622 8.55004 11
1.07818 0.63223 0.00634 0 2.20000 48.50000 0.00622 8.56203 11
-0.15211 -0.37105 0.00634 0 0.12500 51.05000 0.00622 8.58443 11
0.19663 0.43559 0.00634 0 2.55000 51.72500 0.00622 8.59590 11
-0.33933 -0.36600 0.00634 0 0.55000 52.15000 0.00622 8.61490 11
0.08234 0.12847 0.00634 0 2.77500 52.82500 0.00622 8.62671 11
0.34781 -0.36476 0.00634 0 0.72500 53.07500 0.00622 8.63789 11
-0.59509 0.71831 0.00634 0 2.42500 52.35000 0.00622 8.64609 11
0.01634 0.04216 0.00634 0 1.45000 49.57500 0.00622 8.66247 11
-0.00001 0.17327 0.00634 0 3.07500 50.20000 0.00622 8.67240 11
-0.74854 -1.37415 0.00634 0 2.75000 50.47500 0.00622 8.67933 11
-0.05690 0.07909 0.00634 0 4.02500 51.45000 0.00622 8.69182 11
0.73415 -0.74548 0.00634 0 4.00000 51.40000 0.00622 8.69254 11
1.35696 -0.96658 0.00634 0 -3.55000 -1.17500 0.00622 8.09832 11
14.55933 0.40438 0.00634 0 -2.97500 -2.97500 0.00622 8.10718 11
0.33066 -0.50163 0.00634 0 -2.37500 -2.37500 0.00622 8.12828 11
-3.73177 -6.36331 0.00634 0 -3.57500 -1.40000 0.00622 8.14210 11
-0.76688 -2.70246 0.00634 0 2.17500 -60.10000 0.00622 0.93391 11
0.71199 2.49041 0.00634 0 6.40000 -58.95000 0.00622 0.94890 11
1.38014 2.68222 0.00634 0 -3.05000 -57.72500 0.00622 0.95866 11
-0.99616 -2.10157 0.00634 0 2.75000 -48.77500 0.00622 1.04026 11
1.12654 2.28592 0.00634 0 6.65000 -46.87500 0.00622 1.05523 11
2.20342 2.71317 0.00634 0 -4.37500 -46.17500 0.00622 1.05960 11
2.82870 2.93794 0.00634 0 -4.32500 -1.57500 0.00622 1.25443 11
-2.47834 7.13144 0.00634 0 5.02500 17.17500 0.00622 1.34645 11
0.17353 -1.20325 0.00634 0 7.27500 16.77500 0.00622 1.46748 11
0.05263 0.93736 0.00634 0 3.67500 17.05000 0.00622 1.48074 11
-0.04961 -0.62199 0.00634 0 7.85000 16.47500 0.00622 1.52093 11
0.04705 0.45165 0.00634 0 3.37500 15.07500 0.00622 1.54084 11
0.66828 -1.03295 0.00634 0 4.92500 37.50000 0.00622 1.78441 11
0.22343 0.49313 0.00634 0 2.67500 37.20000 0.00622 1.79348 11
-0.43902 -0.70826 0.00634 0 4.82500 36.00000 0.00622 1.81414 11
-1.42947 0.70763 0.00634 0 4.45000 36.07500 0.00622 1.81611 11
20.00611 -6.54624 0.00634 0 5.37500 40.25000 0.00622 1.83342 11
1.00674 -0.34666 0.00634 0 6.12500 44.35000 0.00622 1.85081 11
43.40305 -42.20585 0.00634 0 5.12500 44.35000 0.00622 1.86649 11
-1.05055 3.60316 0.00634 0 5.35000 45.37500 0.00622 1.89089 11
-2.56781 -1.61458 0.00634 0 -1.10000 -24.10000 0.00622 0.99846 11
1.62445 0.88138 0.00634 0 1.80000 -19.80000 0.00622 1.01629 11
-0.65379 -0.59514 0.00634 0 -1.45000 -7.87500 0.00622 1.06781 11
0.39558 0.51302 0.00634 0 3.90000 -4.85000 0.00622 1.09228 11
-0.29151 -0.50333 0.00634 0 -1.65000 -1.92500 0.00622 1.13773 11
0.27620 0.49994 0.00634 0 3.92500 -0.32500 0.00622 1.16162 11
-0.37481 -0.16981 0.00634 0 -1.57500 3.85000 0.00622 1.20154 11
0.26502 0.20365 0.00634 0 4.87500 7.22500 0.00622 1.23393 11
-0.14277 -0.50853 0.00634 0 -0.20000 8.25000 0.00622 1.26933 11
0.19776 0.58635 0.00634 0 4.22500 9.20000 0.00622 1.28753 11
0.01556 -0.67181 0.00634 0 -0.27500 8.67500 0.00622 1.32409 11
0.12352 0.58623 0.00634 0 3.95000 9.02500 0.00622 1.34108 11
0.31171 -0.28433 0.00634 0 0.40000 8.85000 0.00622 1.37802 11
-0.27835 0.13065 0.00634 0 4.55000 7.05000 0.00622 1.39896 11
0.39366 0.03594 0.00634 0 0.30000 6.05000 0.00622 1.42308 11
-0.34579 -0.01407 0.00634 0 4.15000 3.90000 0.00622 1.44497 11
0.48380 -0.01871 0.00634 0 0.30000 3.15000 0.00622 1.46533 11
-0.61755 0.02802 0.00634 0 3.62500 0.30000 0.00622 1.48531 11
0.66342 0.65707 0.00634 0 0.45000 -2.22500 0.00622 1.50333 11
0.95212 -1.21975 0.00634 0 -2.70000 -48.30000 0.00622 0.90927 11
-1.10393 0.50456 0.00634 0 -1.67500 -49.47500 0.00622 0.91522 11
-1.74323 -1.93158 0.00634 0 -3.20000 -51.12500 0.00622 0.94635 11
-1.37495 -5.75960 0.00634 0 5.60000 -62.05000 0.00622 0.92088 11
-8.34029 -36.51885 0.00634 0 7.82500 -61.40000 0.00622 0.92899 11
-1.08778 -5.33323 0.00634 0 8.05000 -61.35000 0.00622 0.92968 11
