-0.94498 0.02146 0.00813 0 4.47500 -47.60000 0.00759 0.73244 -11
0.95092 -0.29219 0.00813 0 -0.17500 -57.55000 0.00759 0.77961 -11
0.43010 0.14700 0.00813 0 5.50000 64.20000 0.00759 -0.14315 -11
-0.42528 -0.62789 0.00813 0 3.37500 55.82500 0.00759 -0.06986 -11
0.20797 0.23299 0.00813 0 5.35000 48.82500 0.00759 0.01754 -11
-0.02011 -0.57838 0.00813 0 2.70000 47.07500 0.00759 0.08659 -11
-0.01098 0.39290 0.00813 0 4.62500 46.45000 0.00759 0.17127 -11
0.11245 -0.55948 0.00813 0 2.65000 47.20000 0.00759 0.23450 -11
-0.03291 0.32714 0.00813 0 3.95000 49.70000 0.00759 0.31751 -11
0.12066 -0.41282 0.00813 0 3.45000 51.80000 0.00759 0.37611 -11
0.08423 0.10605 0.00813 0 4.55000 52.77500 0.00759 0.44519 -11
-0.27255 -0.54060 0.00813 0 4.22500 50.95000 0.00759 0.50563 -11
0.31168 0.17557 0.00813 0 3.87500 44.62500 0.00759 0.57394 -11
-0.38390 -0.49038 0.00813 0 4.60000 38.57500 0.00759 0.63303 -11
0.23105 0.12475 0.00813 0 3.75000 32.30000 0.00759 0.69954 -11
-0.38584 -0.69367 0.00813 0 6.22500 28.22500 0.00759 0.74700 -11
0.31116 0.11992 0.00813 0 3.47500 22.07500 0.00759 0.80860 -11
-0.29804 -0.74769 0.00813 0 6.82500 18.22500 0.00759 0.85148 -11
0.31554 0.06168 0.00813 0 3.70000 13.20000 0.00759 0.90663 -11
-0.09375 -0.18853 0.00813 0 -3.72500 10.12500 0.00759 0.94503 -11
0.16308 0.28186 0.00813 0 4.55000 8.27500 0.00759 0.99547 -11
-0.18232 -0.22363 0.00813 0 -2.95000 5.97500 0.00759 1.03087 -11
0.23836 0.68354 0.00813 0 4.42500 3.87500 0.00759 1.08148 -11
-0.27410 -0.68758 0.00813 0 -1.65000 2.35000 0.00759 1.10582 -11
0.49036 1.23669 0.00813 0 2.87500 -3.42500 0.00759 1.17029 -11
-0.38641 -1.41369 0.00813 0 -1.32500 -4.75000 0.00759 1.18596 -11
0.24835 0.31751 0.00813 0 3.10000 -7.97500 0.00759 1.24645 -11
0.03007 -0.19250 0.00813 0 -3.35000 -8.62500 0.00759 1.27657 -11
-0.05313 0.08509 0.00813 0 3.02500 -9.00000 0.00759 1.31668 -11
0.05505 -0.16676 0.00813 0 -3.67500 -7.82500 0.00759 1.35031 -11
0.18588 0.15608 0.00813 0 2.22500 -7.82500 0.00759 1.38704 -11
0.15249 0.06405 0.00813 0 -3.90000 -7.60000 0.00759 1.41759 -11
-0.26635 0.18323 0.00813 0 0.92500 -5.60000 0.00759 1.44365 -11
0.20170 -0.20738 0.00813 0 -3.67500 -3.95000 0.00759 1.46703 -11
-0.34176 -0.15572 0.00813 0 0.60000 -1.27500 0.00759 1.49180 -11
0.49138 1.20490 0.00813 0 -2.97500 8.47500 0.00759 1.55937 -11
0.30254 -0.81367 0.00813 0 -0.02500 8.02500 0.00759 1.57141 -11
0.02788 1.61093 0.00813 0 -1.85000 7.15000 0.00759 1.60015 -11
-0.04370 -1.02862 0.00813 0 1.90000 3.85000 0.00759 1.62501 -11
-0.13632 0.44913 0.00813 0 -0.12500 3.47500 0.00759 1.64114 -11
0.29389 0.14628 0.00813 0 2.02500 3.50000 0.00759 1.65275 -11
-0.40530 -0.33597 0.00813 0 0.35000 2.52500 0.00759 1.66183 -11
0.15408 -4.89244 0.00813 0 4.50000 50.15000 0.00759 0.54157 -11
0.41833 0.09832 0.00813 0 2.70000 64.35000 0.00759 -0.14452 -11
-0.39725 -0.04709 0.00813 0 0.92500 54.72500 0.00759 -0.06138 -11
0.40568 -0.13804 0.00813 0 2.27500 47.77500 0.00759 0.00199 -11
-0.11814 0.03199 0.00813 0 0.57500 41.52500 0.00759 0.09043 -11
0.05071 -0.12877 0.00813 0 2.57500 39.67500 0.00759 0.15314 -11
0.47339 0.05806 0.00813 0 1.65000 47.55000 0.00759 0.24215 -11
-0.51963 -0.23223 0.00813 0 0.92500 55.40000 0.00759 0.29620 -11
0.36574 0.00719 0.00813 0 0.52500 64.00000 0.00759 0.38032 -11
0.39986 0.19707 0.00813 0 2.35000 64.32500 0.00759 -0.14459 -11
-0.45303 -0.03739 0.00813 0 0.77500 52.05000 0.00759 -0.05704 -11
0.50878 -0.05984 0.00813 0 1.77500 43.35000 0.00759 0.00796 -11
-0.43002 0.11743 0.00813 0 1.05000 32.27500 0.00759 0.09435 -11
0.43603 -0.16948 0.00813 0 1.65000 26.02500 0.00759 0.15165 -11
-0.52316 -0.03930 0.00813 0 1.15000 14.42500 0.00759 0.24185 -11
0.41414 0.06215 0.00813 0 1.60000 5.87500 0.00759 0.30665 -11
-0.57591 -0.07372 0.00813 0 2.10000 -4.62500 0.00759 0.37878 -11
0.54988 -0.28378 0.00813 0 1.60000 -13.10000 0.00759 0.43833 -11
-0.41705 0.08639 0.00813 0 2.57500 -24.32500 0.00759 0.52026 -11
0.37739 -0.15373 0.00813 0 1.57500 -30.77500 0.00759 0.57215 -11
-0.43761 -0.01101 0.00813 0 2.17500 -39.05000 0.00759 0.64827 -11
0.47924 -0.06205 0.00813 0 -0.77500 -45.17500 0.00759 0.69409 -11
-0.40745 -0.09628 0.00813 0 2.02500 -52.60000 0.00759 0.75276 -11
0.26998 0.01326 0.00813 0 -1.00000 -57.12500 0.00759 0.79855 -11
-0.46857 -0.12176 0.00813 0 2.12500 -61.42500 0.00759 0.85036 -11
0.37824 0.15254 0.00813 0 -0.62500 64.37500 0.00759 -0.14491 -11
-0.25888 0.06308 0.00813 0 -2.72500 58.02500 0.00759 -0.06125 -11
0.24235 -0.00796 0.00813 0 -1.05000 53.40000 0.00759 0.00247 -11
-0.41672 0.00671 0.00813 0 -2.37500 46.00000 0.00759 0.08505 -11
0.65711 -0.04253 0.00813 0 -2.15000 37.55000 0.00759 0.14730 -11
-0.55607 0.23895 0.00813 0 -1.22500 24.92500 0.00759 0.23094 -11
0.43999 -0.09136 0.00813 0 -2.55000 18.45000 0.00759 0.27945 -11
-0.29704 0.16402 0.00813 0 -2.55000 10.15000 0.00759 0.36064 -11
0.21589 0.06135 0.00813 0 -2.47500 6.97500 0.00759 0.41470 -11
-0.17472 0.19925 0.00813 0 -2.35000 3.47500 0.00759 0.48681 -11
0.07694 0.06361 0.00813 0 -2.52500 1.20000 0.00759 0.54097 -11
0.16937 -0.06001 0.00813 0 -2.47500 0.50000 0.00759 0.61001 -11
-0.33210 0.25305 0.00813 0 -3.02500 4.50000 0.00759 0.67074 -11
0.53320 0.05503 0.00813 0 -0.72500 15.47500 0.00759 0.73961 -11
-0.52953 0.12406 0.00813 0 -3.50000 22.87500 0.00759 0.78810 -11
-0.32942 -0.16435 0.00813 0 8.47500 23.37500 0.00759 0.79175 -11
0.29973 0.27179 0.00813 0 -1.32500 29.47500 0.00759 0.85677 -11
-0.39006 -0.05919 0.00813 0 -4.20000 34.17500 0.00759 0.89904 -11
-0.40129 -0.10971 0.00813 0 7.90000 34.45000 0.00759 0.90166 -11
0.82985 0.39197 0.00813 0 1.42500 44.67500 0.00759 0.96054 -11
-1.50016 -0.55970 0.00813 0 6.40000 49.60000 0.00759 0.98642 -11
3.82317 3.66243 0.00813 0 2.72500 61.25000 0.00759 1.04233 -11
9.53077 5.83215 0.00813 0 3.35000 61.90000 0.00759 1.04717 -11
-5.29257 -3.64924 0.00813 0 4.32500 64.57500 0.00759 1.05612 -11
-1.52247 -0.01303 0.00813 0 3.20000 33.17500 0.00759 3.59246 -11
-0.26313 1.08050 0.00813 0 3.22500 31.90000 0.00759 3.59798 -11
-0.01611 -0.90263 0.00813 0 1.95000 32.15000 0.00759 3.60328 -11
0.32385 0.61544 0.00813 0 2.90000 31.47500 0.00759 3.61814 -11
-0.29731 -0.44535 0.00813 0 1.95000 30.50000 0.00759 3.62485 -11
-0.59332 0.33608 0.00813 0 1.65000 29.52500 0.00759 3.63257 -11
3.15799 -1.43120 0.00813 0 1.42500 30.05000 0.00759 3.63589 -11
0.29600 0.19175 0.00813 0 -3.20000 64.32500 0.00759 -0.14431 -11
-0.33535 -0.33477 0.00813 0 6.42500 57.40000 0.00759 -0.05797 -11
0.40416 0.29122 0.00813 0 -3.80000 49.67500 0.00759 0.01501 -11
0.45335 0.17819 0.00813 0 8.07500 49.35000 0.00759 0.01804 -11
-0.36372 -0.71768 0.00813 0 7.10000 42.87500 0.00759 0.08282 -11
0.18240 0.56950 0.00813 0 -3.75000 36.07500 0.00759 0.16541 -11
0.15734 0.26998 0.00813 0 7.90000 35.95000 0.00759 0.16837 -11
0.12277 -0.92605 0.00813 0 7.87500 35.17500 0.00759 0.22201 -11
-0.06198 0.51953 0.00813 0 6.67500 37.77500 0.00759 0.31609 -11
0.21639 -0.62002 0.00813 0 -3.10000 40.12500 0.00759 0.35716 -11
0.11716 0.76279 0.00813 0 6.85000 41.32500 0.00759 0.44699 -11
-1.17540 -0.53334 0.00813 0 7.25000 29.65000 0.00759 0.51578 -11
0.74424 -0.41126 0.00813 0 3.12500 15.80000 0.00759 0.58110 -11
-0.76933 -0.04323 0.00813 0 -3.47500 0.30000 0.00759 0.65065 -11
0.96073 0.50811 0.00813 0 4.67500 -9.47500 0.00759 0.70863 -11
-1.00359 -0.56357 0.00813 0 -1.67500 -16.37500 0.00759 0.74327 -11
1.11892 0.71938 0.00813 0 4.67500 -29.42500 0.00759 0.81405 -11
-0.95291 -0.57038 0.00813 0 -1.42500 -35.65000 0.00759 0.84605 -11
0.94259 0.52565 0.00813 0 4.90000 -48.07500 0.00759 0.90843 -11
-1.00746 -0.55941 0.00813 0 -1.12500 -54.60000 0.00759 0.94138 -11
0.30034 0.13391 0.00813 0 3.80000 64.30000 0.00759 -0.14407 -11
-0.17281 -0.37237 0.00813 0 1.07500 61.25000 0.00759 -0.07124 -11
0.24961 0.33042 0.00813 0 3.50000 56.85000 0.00759 0.00903 -11
-0.21916 -0.67175 0.00813 0 1.20000 54.05000 0.00759 0.07414 -11
0.14349 0.60571 0.00813 0 2.22500 50.57500 0.00759 0.16387 -11
-0.09207 -0.91182 0.00813 0 2.12500 49.27500 0.00759 0.21327 -11
0.15893 1.11987 0.00813 0 0.87500 45.72500 0.00759 0.31368 -11
-0.14723 -1.46306 0.00813 0 2.60000 44.50000 0.00759 0.35227 -11
-0.00240 1.20173 0.00813 0 0.60000 43.62500 0.00759 0.45311 -11
-0.00265 -1.71497 0.00813 0 3.22500 43.42500 0.00759 0.48752 -11
0.26302 1.14383 0.00813 0 0.22500 39.80000 0.00759 0.58357 -11
-0.48052 -1.44593 0.00813 0 3.05000 37.90000 0.00759 0.61838 -11
0.47552 0.81960 0.00813 0 0.42500 29.85000 0.00759 0.70469 -11
-0.62346 -1.03720 0.00813 0 2.97500 25.30000 0.00759 0.74524 -11
0.38574 0.72214 0.00813 0 0.80000 17.45000 0.00759 0.82349 -11
-0.24362 -0.81345 0.00813 0 2.20000 14.40000 0.00759 0.86769 -11
0.11937 0.66576 0.00813 0 0.07500 11.42500 0.00759 0.93993 -11
-0.09674 -0.85525 0.00813 0 2.57500 10.40000 0.00759 0.97876 -11
-0.01668 0.79469 0.00813 0 -0.05000 8.35000 0.00759 1.04949 -11
0.00773 -1.06502 0.00813 0 3.10000 8.65000 0.00759 1.08444 -11
-0.43030 1.12644 0.00813 0 -1.40000 10.52500 0.00759 1.16324 -11
0.37499 -1.33674 0.00813 0 3.27500 12.72500 0.00759 1.19152 -11
-0.23398 1.72920 0.00813 0 -2.27500 15.85000 0.00759 1.27024 -11
1.03673 3.44508 0.00813 0 7.37500 16.00000 0.00759 1.27894 -11
-1.73931 -6.34802 0.00813 0 6.45000 15.62500 0.00759 1.28526 -11
0.28269 0.54007 0.00813 0 -0.57500 12.92500 0.00759 1.33124 -11
-0.34139 -1.37605 0.00813 0 6.05000 11.60000 0.00759 1.35340 -11
0.25379 0.31332 0.00813 0 -0.60000 8.55000 0.00759 1.39741 -11
-0.21786 -0.44700 0.00813 0 4.87500 6.27500 0.00759 1.42999 -11
-0.36691 0.20451 0.00813 0 -1.72500 6.75000 0.00759 1.46491 -11
1.01532 -0.00863 0.00813 0 5.70000 11.95000 0.00759 1.49743 -11
-1.19563 1.47329 0.00813 0 -2.80000 16.35000 0.00759 1.51999 -11
-1.02261 0.92265 0.00813 0 -2.80000 24.15000 0.00759 1.56945 -11
-1.44875 0.73861 0.00813 0 7.85000 25.35000 0.00759 1.57651 -11
1.62255 -0.40515 0.00813 0 5.77500 28.47500 0.00759 1.59007 -11
0.51213 2.24213 0.00813 0 6.42500 36.57500 0.00759 1.62024 -11
-0.66211 -0.94679 0.00813 0 4.75000 35.12500 0.00759 1.62613 -11
-0.49935 0.67266 0.00813 0 -3.32500 15.70000 0.00759 1.27466 -11
0.30555 -0.58026 0.00813 0 -2.47500 16.90000 0.00759 1.28775 -11
0.32984 0.17890 0.00813 0 0.12500 64.37500 0.00759 -0.14492 -11
-0.20445 -0.12088 0.00813 0 -2.60000 58.70000 0.00759 -0.06513 -11
0.07584 0.19270 0.00813 0 0.35000 58.75000 0.00759 0.01574 -11
0.01039 -0.06439 0.00813 0 -1.75000 57.95000 0.00759 0.09507 -11
0.08540 0.17610 0.00813 0 0.70000 57.62500 0.00759 0.16526 -11
-0.21916 -0.11840 0.00813 0 -1.05000 54.72500 0.00759 0.23973 -11
0.36355 0.14596 0.00813 0 0.12500 49.82500 0.00759 0.30630 -11
-0.61543 -0.29999 0.00813 0 0.25000 41.15000 0.00759 0.37286 -11
0.60788 0.51286 0.00813 0 -0.70000 29.70000 0.00759 0.44975 -11
0.04436 -0.37911 0.00813 0 7.82500 26.40000 0.00759 0.53198 -11
0.12379 0.12652 0.00813 0 -4.27500 26.47500 0.00759 0.53434 -11
-0.09407 -0.26467 0.00813 0 7.22500 27.55000 0.00759 0.58834 -11
0.04683 -0.28609 0.00813 0 7.97500 28.30000 0.00759 0.65589 -11
0.12095 0.20440 0.00813 0 -4.02500 28.37500 0.00759 0.65848 -11
-0.26696 -0.28572 0.00813 0 6.22500 31.27500 0.00759 0.70395 -11
0.25453 -0.22805 0.00813 0 8.02500 36.80000 0.00759 0.77182 -11
0.32204 0.31508 0.00813 0 -3.95000 37.05000 0.00759 0.77459 -11
-0.31716 -0.05340 0.00813 0 5.85000 41.65000 0.00759 0.82162 -11
0.23512 -0.60118 0.00813 0 7.57500 45.25000 0.00759 0.87701 -11
-0.00684 0.34190 0.00813 0 4.92500 45.62500 0.00759 0.94362 -11
-0.23447 -0.99768 0.00813 0 7.85000 43.95000 0.00759 0.98407 -11
0.26957 0.38144 0.00813 0 4.40000 40.20000 0.00759 1.04724 -11
-0.63886 -1.22778 0.00813 0 8.42500 36.42500 0.00759 1.08398 -11
-0.49397 -0.37025 0.00813 0 -4.15000 35.92500 0.00759 1.08771 -11
0.30709 0.58452 0.00813 0 3.12500 31.27500 0.00759 1.15041 -11
-0.33729 -0.59925 0.00813 0 -4.05000 28.80000 0.00759 1.18071 -11
0.18209 0.43479 0.00813 0 3.35000 24.25000 0.00759 1.23738 -11
0.97264 -1.27759 0.00813 0 8.25000 25.77500 0.00759 1.26906 -11
-1.52697 1.85273 0.00813 0 -1.05000 31.07500 0.00759 1.30798 -11
1.79871 -1.43519 0.00813 0 -2.72500 32.67500 0.00759 1.31615 -11
-2.00396 0.88996 0.00813 0 -1.07500 39.65000 0.00759 1.34309 -11
1.94745 -0.83606 0.00813 0 -2.35000 41.95000 0.00759 1.35241 -11
627.37972 -23.90880 0.00813 0 -0.72500 49.05000 0.00759 1.38424 -11
-0.64734 0.00355 0.00813 0 1.47500 52.20000 0.00759 1.39965 -11
0.57426 -0.15155 0.00813 0 -1.12500 54.82500 0.00759 1.41679 -11
-0.28998 0.82731 0.00813 0 0.97500 57.32500 0.00759 1.43911 -11
0.07380 -1.08937 0.00813 0 -1.12500 57.62500 0.00759 1.44780 -11
-0.65537 0.86309 0.00813 0 0.22500 61.12500 0.00759 1.46735 -11
0.09807 -0.89869 0.00813 0 -0.90000 61.62500 0.00759 1.47268 -11
0.40701 0.13373 0.00813 0 7.15000 64.15000 0.00759 -0.14193 -11
-0.74530 -0.59231 0.00813 0 5.70000 55.42500 0.00759 -0.07112 -11
0.58113 0.14987 0.00813 0 5.55000 41.05000 0.00759 0.01109 -11
-0.08601 -0.04610 0.00813 0 3.65000 32.70000 0.00759 0.09370 -11
0.04108 -0.36664 0.00813 0 4.40000 31.27500 0.00759 0.14636 -11
-0.08660 -0.10290 0.00813 0 4.80000 28.75000 0.00759 0.22540 -11
0.11886 -0.18980 0.00813 0 4.75000 26.80000 0.00759 0.28323 -11
-0.23589 -0.22487 0.00813 0 5.22500 23.85000 0.00759 0.35164 -11
0.09141 -0.08122 0.00813 0 4.55000 20.45000 0.00759 0.40751 -11
-0.11847 -0.10065 0.00813 0 5.30000 18.17500 0.00759 0.47590 -11
0.18847 -0.34808 0.00813 0 3.70000 15.92500 0.00759 0.52182 -11
-0.11458 -0.00536 0.00813 0 5.52500 12.62500 0.00759 0.59295 -11
0.04743 -0.32130 0.00813 0 3.60000 11.45000 0.00759 0.63874 -11
0.00005 -0.00106 0.00813 0 6.00000 9.72500 0.00759 0.70661 -11
0.00266 -0.21373 0.00813 0 3.37500 9.40000 0.00759 0.74874 -11
-0.00602 0.04306 0.00813 0 7.02500 11.37500 0.00759 0.80280 -11
-0.07553 -0.59846 0.00813 0 3.35000 11.42500 0.00759 0.83818 -11
0.31293 0.02408 0.00813 0 7.72500 15.67500 0.00759 0.90315 -11
0.41432 0.77297 0.00813 0 -4.00000 15.92500 0.00759 0.90595 -11
-0.45235 -1.43798 0.00813 0 1.85000 18.85000 0.00759 0.93019 -11
0.31890 2.31115 0.00813 0 -1.82500 24.17500 0.00759 1.00717 -11
-0.42342 -1.76132 0.00813 0 2.15000 24.02500 0.00759 1.02113 -11
0.72013 1.71035 0.00813 0 -1.20000 29.95000 0.00759 1.08879 -11
-0.73149 -2.01917 0.00813 0 2.62500 31.67500 0.00759 1.10366 -11
0.50050 0.43469 0.00813 0 -3.35000 64.30000 0.00759 -0.14424 -11
0.49476 0.25390 0.00813 0 8.32500 63.82500 0.00759 -0.14044 -11
-0.92118 -1.15765 0.00813 0 7.72500 56.17500 0.00759 -0.07954 -11
0.53550 0.82050 0.00813 0 4.82500 40.45000 0.00759 0.03294 -11
-0.67451 -1.55315 0.00813 0 5.70000 35.57500 0.00759 0.07852 -11
0.68301 0.46089 0.00813 0 3.22500 20.72500 0.00759 0.17524 -11
-3.16827 -0.02985 0.00813 0 5.70000 5.90000 0.00759 0.24609 -11
-32.17452 8.28311 0.00813 0 -3.77500 -6.87500 0.00759 0.29202 -11
-10.20216 1.00155 0.00813 0 7.87500 -33.65000 0.00759 0.38211 -11
2.71459 -0.35990 0.00813 0 8.02500 -34.47500 0.00759 0.38688 -11
-0.50275 -0.13633 0.00813 0 2.17500 -42.20000 0.00759 0.42609 -11
0.95900 0.04777 0.00813 0 -3.65000 -48.35000 0.00759 0.46063 -11
1.01663 0.57525 0.00813 0 8.30000 -49.35000 0.00759 0.46519 -11
-1.06744 -0.42520 0.00813 0 3.45000 -54.85000 0.00759 0.49236 -11
0.37689 0.04440 0.00813 0 6.82500 64.05000 0.00759 -0.14208 -11
-0.28533 -0.33781 0.00813 0 5.30000 56.57500 0.00759 -0.06842 -11
0.20847 0.24754 0.00813 0 -4.30000 50.55000 0.00759 0.00652 -11
0.15918 -0.10013 0.00813 0 7.65000 50.42500 0.00759 0.00876 -11
-0.24206 -0.35536 0.00813 0 5.70000 45.50000 0.00759 0.08678 -11
0.23725 -0.09087 0.00813 0 7.45000 41.72500 0.00759 0.15526 -11
-0.26703 -0.31649 0.00813 0 6.12500 36.80000 0.00759 0.22916 -11
0.27195 -0.08456 0.00813 0 7.20000 31.15000 0.00759 0.29681 -11
-0.10619 -0.30642 0.00813 0 6.17500 26.75000 0.00759 0.37059 -11
0.18816 -0.07902 0.00813 0 7.00000 23.50000 0.00759 0.43402 -11
0.17640 -0.41003 0.00813 0 6.40000 24.20000 0.00759 0.50091 -11
-0.24216 -0.02184 0.00813 0 6.80000 28.20000 0.00759 0.56741 -11
0.57198 -0.35492 0.00813 0 7.82500 37.10000 0.00759 0.63625 -11
0.57459 0.17661 0.00813 0 -4.25000 37.50000 0.00759 0.63897 -11
-0.73911 -0.27682 0.00813 0 5.60000 45.80000 0.00759 0.69232 -11
0.43921 -0.26467 0.00813 0 7.75000 55.65000 0.00759 0.76088 -11
0.40252 0.31218 0.00813 0 -4.25000 55.90000 0.00759 0.76334 -11
-0.27556 -0.44477 0.00813 0 5.92500 59.87500 0.00759 0.80963 -11
0.37467 0.30273 0.00813 0 -1.85000 64.35000 0.00759 -0.14472 -11
-0.45378 -0.52338 0.00813 0 8.30000 55.77500 0.00759 -0.06577 -11
-0.39274 -0.00561 0.00813 0 -3.90000 55.42500 0.00759 -0.06263 -11
0.13904 0.33233 0.00813 0 -2.35000 48.05000 0.00759 0.01018 -11
-0.80781 0.38417 0.00813 0 -1.77500 32.20000 0.00759 0.10894 -11
0.85581 -0.24804 0.00813 0 -4.02500 23.17500 0.00759 0.15878 -11
0.73543 -0.74533 0.00813 0 8.30000 22.42500 0.00759 0.16272 -11
-0.79761 0.92599 0.00813 0 -1.17500 9.85000 0.00759 0.25986 -11
0.61937 -0.92607 0.00813 0 6.82500 5.37500 0.00759 0.29362 -11
-0.86931 1.36134 0.00813 0 -0.32500 -5.77500 0.00759 0.38340 -11
0.59461 -0.95723 0.00813 0 5.80000 -8.97500 0.00759 0.40789 -11
-0.51412 1.61343 0.00813 0 -0.05000 -19.77500 0.00759 0.49894 -11
0.63079 -1.65014 0.00813 0 5.12500 -21.27500 0.00759 0.51787 -11
2.22614 0.86795 0.00361 0 6.55000 -0.12500 0.00056 0.04058 -11
-1.78178 -0.88608 0.00361 0 3.75000 -4.67500 0.00056 0.05928 -11
0.68547 0.95700 0.00361 0 3.65000 -19.87500 0.00056 0.12555 -11
-0.63570 -0.89262 0.00361 0 0.42500 -21.80000 0.00056 0.13936 -11
0.15179 0.70226 0.00361 0 4.45000 -24.67500 0.00056 0.17571 -11
-0.01436 -0.70450 0.00361 0 0.42500 -24.92500 0.00056 0.19192 -11
0.14527 0.37466 0.00361 0 4.85000 -25.10000 0.00056 0.22306 -11
-0.14419 -0.37848 0.00361 0 0.65000 -26.17500 0.00056 0.24165 -11
0.02735 0.15264 0.00361 0 4.87500 -28.37500 0.00056 0.27023 -11
-0.01185 -0.13530 0.00361 0 0.55000 -28.12500 0.00056 0.29177 -11
0.67931 0.68631 0.00361 0 3.92500 -25.57500 0.00056 0.32398 -11
-0.75766 -0.65251 0.00361 0 0.87500 -27.60000 0.00056 0.33824 -11
0.89591 0.62854 0.00361 0 2.45000 -34.80000 0.00056 0.37292 -11
-0.41949 -0.57775 0.00361 0 0.05000 -36.40000 0.00056 0.38426 -11
-6.36902 -4.21499 0.00361 0 1.75000 -36.50000 0.00056 0.41195 -11
0.32411 -0.47062 0.00361 0 3.62500 -39.57500 0.00056 0.43057 -11
-0.29076 0.50022 0.00361 0 1.57500 -41.40000 0.00056 0.44835 -11
0.45496 -1.75101 0.00361 0 2.90000 -41.97500 0.00056 0.45419 -11
-111.40872 340.95222 0.00361 0 2.35000 -43.35000 0.00056 0.47533 -11
-0.93577 5.76984 0.00361 0 1.95000 -45.25000 0.00056 0.49623 -11
-0.92816 0.67476 0.00361 0 3.70000 -45.45000 0.00056 0.50556 -11
4.99876 -8.66378 0.00361 0 3.55000 -45.40000 0.00056 0.50653 -11
2.08801 -0.48084 0.00242 0 6.60000 0.17500 0.00089 0.03954 11
-1.85520 0.84346 0.00242 0 8.37500 -3.70000 0.00089 0.05469 11
-0.76335 -0.38851 0.00242 0 -3.47500 -4.70000 0.00089 0.05951 11
0.92971 0.92963 0.00242 0 6.22500 -6.60000 0.00089 0.07076 11
0.03529 -0.09313 0.00104 0 6.32500 30.85000 0.00099 1.74120 11
0.71565 -0.05589 0.00173 0 5.87500 35.97500 0.00148 -0.08410 11
-0.76755 -0.40270 0.00173 0 8.32500 32.37500 0.00148 -0.06368 11
-0.68945 2.55843 0.00173 0 6.80000 31.67500 0.00148 -0.05736 11
0.86935 0.21460 0.01327 0 5.70000 45.32500 0.00972 -0.10340 -11
-0.87885 -0.06544 0.01327 0 -1.65000 19.75000 0.00972 0.03182 -11
0.80273 0.08363 0.01327 0 4.67500 -2.87500 0.00972 0.14720 -11
-1.31148 -0.19483 0.01327 0 -0.17500 -31.00000 0.00972 0.27797 -11
1.22546 0.17114 0.01327 0 2.45000 -60.17500 0.00972 0.40166 -11
0.94267 0.37251 0.01327 0 6.37500 45.17500 0.00972 -0.10272 -11
-1.04297 -0.72686 0.01327 0 1.60000 24.15000 0.00972 -0.00087 -11
1.13290 0.43229 0.01327 0 6.80000 -5.92500 0.00972 0.14643 -11
-1.35159 -0.76250 0.01327 0 4.37500 -26.45000 0.00972 0.23907 -11
1.07356 0.37294 0.01327 0 7.15000 -58.45000 0.00972 0.38272 -11
0.99774 0.36352 0.01327 0 2.87500 45.75000 0.00972 -0.10543 -11
-1.20303 -0.37988 0.01327 0 -3.37500 20.95000 0.00972 0.01373 -11
1.46511 0.52472 0.01327 0 0.22500 -11.77500 0.00972 0.15828 -11
-1.23900 -0.36712 0.01327 0 -3.10000 -36.72500 0.00972 0.26676 -11
1.05680 0.41675 0.01327 0 2.62500 45.77500 0.00972 -0.10554 -11
-1.15868 -0.40085 0.01327 0 -2.97500 21.30000 0.00972 0.00937 -11
1.78046 0.88960 0.01327 0 1.35000 -9.57500 0.00972 0.14833 -11
-3.21009 0.16735 0.01327 0 5.80000 -32.22500 0.00972 0.23337 -11
2.44316 -0.21727 0.01327 0 0.17500 -49.40000 0.00972 0.29740 -11
1.05081 0.26398 0.01327 0 4.32500 45.57500 0.00972 -0.10456 -11
-1.09575 -0.27292 0.01327 0 -2.37500 19.60000 0.00972 0.02369 -11
1.12584 0.24240 0.01327 0 2.50000 -9.32500 0.00972 0.15692 -11
-0.93651 -0.16436 0.01327 0 -2.57500 -35.82500 0.00972 0.28257 -11
0.97926 0.21478 0.01327 0 2.85000 -58.62500 0.00972 0.39737 -11
0.94667 0.21627 0.01327 0 5.70000 45.35000 0.00972 -0.10347 -11
-1.08040 -0.39113 0.01327 0 0.85000 20.62500 0.00972 0.01253 -11
1.01895 0.26462 0.01327 0 5.35000 -6.02500 0.00972 0.13730 -11
-1.03559 -0.75449 0.01327 0 0.62500 -28.50000 0.00972 0.24429 -11
1.01485 0.59702 0.01327 0 4.87500 -57.07500 0.00972 0.39475 -11
1.00355 0.33286 0.01327 0 2.32500 45.80000 0.00972 -0.10568 -11
-1.15489 -1.05033 0.01327 0 8.47500 23.20000 0.00972 0.00764 -11
-0.73421 -0.38284 0.01327 0 -4.12500 22.45000 0.00972 0.01180 -11
0.68521 0.42395 0.01327 0 3.07500 -0.82500 0.00972 0.14768 -11
-0.83104 -0.42103 0.01327 0 -3.90000 -18.45000 0.00972 0.25221 -11
0.60980 0.31452 0.01327 0 2.75000 -40.65000 0.00972 0.37909 -11
-0.63752 -0.44739 0.01327 0 -3.47500 -56.20000 0.00972 0.48014 -11
-0.30984 0.56873 0.01327 0 -1.70000 -64.02500 0.00972 0.97563 -11
0.69960 -1.22843 0.01327 0 7.72500 -56.80000 0.00972 1.04474 -11
-0.50757 0.26922 0.01327 0 -2.05000 -45.15000 0.00972 1.13423 -11
0.56321 -0.69898 0.01327 0 7.45000 -35.65000 0.00972 1.21558 -11
-0.34626 0.34617 0.01327 0 -2.25000 -26.40000 0.00972 1.29959 -11
0.46917 -0.77465 0.01327 0 7.35000 -18.15000 0.00972 1.37718 -11
-0.32218 0.48670 0.01327 0 -3.20000 -7.72500 0.00972 1.46292 -11
-0.27275 0.24873 0.01327 0 8.40000 -7.42500 0.00972 1.46667 -11
0.36545 -1.05496 0.01327 0 8.50000 -2.00000 0.00972 1.52217 -11
0.13813 0.09695 0.01327 0 -3.75000 -1.87500 0.00972 1.52545 -11
-0.08625 0.04969 0.01327 0 -2.05000 1.32500 0.00972 1.58795 -11
0.34892 -0.10308 0.01327 0 -2.12500 6.52500 0.00972 1.65989 -11
-0.55509 -0.37202 0.01327 0 -2.55000 11.97500 0.00972 1.72058 -11
0.90032 0.25871 0.01327 0 1.35000 27.15000 0.00972 1.80430 -11
-1.05841 -0.38228 0.01327 0 -2.50000 35.75000 0.00972 1.84880 -11
1.49403 0.34828 0.01327 0 2.40000 52.80000 0.00972 1.92723 -11
-1.71529 -0.87435 0.01327 0 7.60000 62.70000 0.00972 1.96681 -11
0.47146 -0.84109 0.01327 0 2.77500 -41.00000 0.00972 0.38055 -11
-0.54510 0.43235 0.01327 0 3.70000 -41.40000 0.00972 0.38542 -11
1.10673 0.56231 0.01327 0 -2.05000 45.75000 0.00972 -0.10556 -11
-0.91536 -0.60603 0.01327 0 3.30000 21.90000 0.00972 0.01369 -11
0.96822 0.59116 0.01327 0 -1.15000 -2.52500 0.00972 0.15210 -11
-0.99290 -0.71557 0.01327 0 4.82500 -21.55000 0.00972 0.25584 -11
0.89962 0.50418 0.01327 0 -1.35000 -46.12500 0.00972 0.38679 -11
0.45123 -10.09570 0.01327 0 -2.47500 -54.37500 0.00972 0.48487 -11
1.06253 0.50259 0.01327 0 0.70000 45.87500 0.00972 -0.10606 -11
-1.67414 -1.26768 0.01327 0 7.25000 23.17500 0.00972 0.00276 -11
1.28650 0.58848 0.01327 0 -1.17500 -10.02500 0.00972 0.15235 -11
-1.03527 -0.73069 0.01327 0 5.82500 -31.95000 0.00972 0.25949 -11
1.00304 0.46693 0.01327 0 -1.20000 -58.42500 0.00972 0.38938 -11
0.72965 0.32635 0.01327 0 0.12500 45.87500 0.00972 -0.10610 -11
-0.70756 -0.49012 0.01327 0 3.47500 25.40000 0.00972 0.01831 -11
0.78386 0.41452 0.01327 0 -0.92500 1.97500 0.00972 0.14704 -11
-1.26821 -0.52637 0.01327 0 6.25000 -23.65000 0.00972 0.26773 -11
1.04569 0.11808 0.01327 0 -0.92500 -45.32500 0.00972 0.37457 -11
1.08246 0.40891 0.01327 0 2.92500 45.72500 0.00972 -0.10539 -11
-1.12363 -0.49784 0.01327 0 -2.85000 23.12500 0.00972 0.00437 -11
1.16754 0.58281 0.01327 0 1.65000 -8.30000 0.00972 0.15285 -11
-1.06890 -0.44281 0.01327 0 -3.15000 -31.37500 0.00972 0.26050 -11
1.17613 0.45045 0.01327 0 -0.55000 -64.12500 0.00972 0.40457 -11
0.87966 0.28206 0.01327 0 3.85000 45.60000 0.00972 -0.10484 -11
-1.09713 -0.85477 0.01327 0 8.27500 22.85000 0.00972 0.01869 -11
-0.88196 -0.05660 0.01327 0 -4.02500 22.07500 0.00972 0.02257 -11
0.68769 0.13241 0.01327 0 2.40000 -0.62500 0.00972 0.13839 -11
-1.04845 -0.70801 0.01327 0 7.07500 -22.77500 0.00972 0.26175 -11
0.94094 0.23099 0.01327 0 1.02500 -46.70000 0.00972 0.38450 -11
1.01196 0.25877 0.01327 0 1.97500 45.85000 0.00972 -0.10586 -11
-1.39839 0.03164 0.01327 0 -1.82500 15.92500 0.00972 0.02457 -11
0.74128 -0.28704 0.01327 0 -0.27500 -10.87500 0.00972 0.13277 -11
-0.76759 0.05661 0.01327 0 6.70000 -39.55000 0.00972 0.29761 -11
0.86190 -0.29417 0.01327 0 -1.97500 -55.17500 0.00972 0.37777 -11
1.05476 0.51436 0.01327 0 -2.52500 45.77500 0.00972 -0.10554 -11
-0.70567 -0.26435 0.01327 0 2.27500 21.77500 0.00972 0.02090 -11
0.75187 0.31217 0.01327 0 -1.20000 2.35000 0.00972 0.13820 -11
-0.74105 -0.32075 0.01327 0 2.57500 -19.12500 0.00972 0.26743 -11
0.81502 0.22568 0.01327 0 -1.92500 -38.85000 0.00972 0.38329 -11
-0.69410 -0.17978 0.01327 0 2.92500 -60.92500 0.00972 0.51555 -11
1.03893 0.59546 0.01327 0 -4.40000 45.55000 0.00972 -0.10450 -11
0.80609 0.27837 0.01327 0 7.35000 45.00000 0.00972 -0.10171 -11
-1.02651 -0.56818 0.01327 0 1.67500 25.72500 0.00972 0.00069 -11
0.99799 0.34947 0.01327 0 6.67500 -3.15000 0.00972 0.14030 -11
-1.09835 -0.65955 0.01327 0 3.20000 -23.25000 0.00972 0.23604 -11
0.99769 0.38127 0.01327 0 7.07500 -51.75000 0.00972 0.39210 -11
1.22918 0.57072 0.01327 0 -1.65000 45.80000 0.00972 -0.10575 -11
-0.83958 -0.56637 0.01327 0 2.92500 25.32500 0.00972 0.00744 -11
0.96730 0.66111 0.01327 0 -1.60000 0.17500 0.00972 0.14660 -11
-2.27178 -1.71270 0.01327 0 8.35000 -18.05000 0.00972 0.23203 -11
-1.28229 -0.59892 0.01327 0 -4.45000 -19.35000 0.00972 0.23761 -11
1.30612 0.90522 0.01327 0 -1.97500 -51.07500 0.00972 0.39020 -11
1.08214 0.48333 0.01327 0 -3.40000 45.67500 0.00972 -0.10514 -11
1.06684 0.27053 0.01327 0 8.27500 44.70000 0.00972 -0.10049 -11
-1.51192 -0.85684 0.01327 0 5.82500 22.87500 0.00972 -0.00438 -11
1.38325 0.53151 0.01327 0 -2.92500 -9.70000 0.00972 0.13646 -11
-1.27578 -0.79892 0.01327 0 6.05000 -31.05000 0.00972 0.23611 -11
1.04867 0.52462 0.01327 0 -3.32500 -56.60000 0.00972 0.35747 -11
1.05401 0.26502 0.01327 0 8.30000 -57.55000 0.00972 0.36221 -11
1.07699 0.34193 0.01327 0 3.27500 45.70000 0.00972 -0.10518 -11
-1.05980 -0.41906 0.01327 0 -1.37500 21.80000 0.00972 0.00559 -11
0.88246 -0.02136 0.01327 0 4.32500 -0.80000 0.00972 0.11633 -11
-0.82110 -0.10799 0.01327 0 -1.60000 -27.57500 0.00972 0.25180 -11
0.70924 -0.04835 0.01327 0 5.12500 -47.22500 0.00972 0.36073 -11
0.98488 0.56120 0.01327 0 -3.27500 45.75000 0.00972 -0.10532 -11
0.90403 0.27546 0.01327 0 8.35000 44.82500 0.00972 -0.10067 -11
-1.07913 -0.46350 0.01327 0 4.40000 23.20000 0.00972 0.00268 -11
1.07100 0.44711 0.01327 0 -2.50000 -2.70000 0.00972 0.12598 -11
-1.62031 -0.85982 0.01327 0 8.42500 -25.62500 0.00972 0.22459 -11
-1.25728 -0.24804 0.01327 0 -4.02500 -26.82500 0.00972 0.22967 -11
1.43241 0.46507 0.01327 0 -2.60000 -55.72500 0.00972 0.35074 -11
0.91365 0.18662 0.01327 0 4.30000 45.55000 0.00972 -0.10453 -11
-1.00475 -0.18784 0.01327 0 -2.05000 18.50000 0.00972 0.02713 -11
0.93919 0.05372 0.01327 0 3.82500 -6.35000 0.00972 0.14781 -11
-0.93200 0.08228 0.01327 0 -1.22500 -36.72500 0.00972 0.29525 -11
1.00458 -0.17759 0.01327 0 3.87500 -56.45000 0.00972 0.39499 -11
1.10321 0.39010 0.01327 0 2.67500 45.70000 0.00972 -0.10536 -11
-1.12759 -0.30077 0.01327 0 -1.12500 20.17500 0.00972 0.00786 -11
1.32900 0.17121 0.01327 0 3.50000 -8.40000 0.00972 0.13973 -11
-1.57152 -0.13395 0.01327 0 3.35000 -43.80000 0.00972 0.27728 -11
1.17073 0.62465 0.01327 0 -2.97500 45.75000 0.00972 -0.10540 -11
-1.21557 -0.60321 0.01327 0 3.62500 19.00000 0.00972 0.01680 -11
1.30582 0.60690 0.01327 0 -3.67500 -11.05000 0.00972 0.15628 -11
1.10198 0.18607 0.01327 0 7.95000 -12.07500 0.00972 0.16082 -11
-1.16611 -0.42304 0.01327 0 4.12500 -37.72500 0.00972 0.27681 -11
1.04315 0.13960 0.01327 0 -3.65000 -60.00000 0.00972 0.38245 -11
1.00552 -0.17515 0.01327 0 8.37500 -60.92500 0.00972 0.38682 -11
1.44855 0.18783 0.01050 0 3.82500 48.65000 0.00660 -0.11449 -11
-1.65936 -0.87066 0.01050 0 4.82500 30.35000 0.00660 -0.03604 -11
1.00785 0.26405 0.01050 0 4.60000 3.12500 0.00660 0.08319 -11
-0.95179 -0.42257 0.01050 0 1.92500 -15.85000 0.00660 0.17829 -11
1.30836 0.51097 0.01050 0 2.30000 -39.97500 0.00660 0.28701 -11
-1.35888 -1.04660 0.01050 0 2.05000 -57.90000 0.00660 0.36465 -11
1.38128 0.61797 0.01050 0 6.87500 47.92500 0.00660 -0.11134 -11
-1.97020 -0.65861 0.01050 0 7.50000 28.52500 0.00660 -0.02995 -11
1.46943 0.06939 0.01050 0 5.40000 4.40000 0.00660 0.06616 -11
-1.43829 -0.29947 0.01050 0 -3.60000 -16.72500 0.00660 0.14888 -11
1.87873 0.08436 0.01050 0 5.77500 -42.80000 0.00660 0.25465 -11
-1.31835 -0.69975 0.01050 0 0.15000 -53.85000 0.00660 0.30009 -11
1.48399 0.44007 0.01050 0 -1.35000 49.00000 0.00660 -0.11590 -11
-2.50446 -0.61184 0.01050 0 3.37500 29.15000 0.00660 -0.04132 -11
4.63621 2.12704 0.01050 0 -1.02500 -1.72500 0.00660 0.07279 -11
4.24244 2.68379 0.01050 0 -0.90000 -51.10000 0.00660 0.26177 -11
1.32312 0.08128 0.01050 0 3.67500 48.70000 0.00660 -0.11470 -11
-0.89447 0.04125 0.01050 0 1.97500 23.72500 0.00660 0.00122 -11
0.60855 -0.07529 0.01050 0 4.70000 10.45000 0.00660 0.07809 -11
-0.61442 -0.05265 0.01050 0 1.12500 -7.42500 0.00660 0.18790 -11
0.65164 -0.06607 0.01050 0 5.55000 -19.40000 0.00660 0.27476 -11
-0.99522 0.28074 0.01050 0 7.25000 -36.82500 0.00660 0.37060 -11
-1.52443 1.20900 0.01050 0 -4.37500 -37.52500 0.00660 0.37395 -11
2.85510 -1.80286 0.01050 0 0.60000 -43.50000 0.00660 0.40095 -11
-1.15404 0.23524 0.01050 0 7.20000 -58.40000 0.00660 0.47406 -11
-2.60033 1.61297 0.01050 0 -4.32500 -59.27500 0.00660 0.47801 -11
1.90931 -0.63391 0.01050 0 -1.20000 -64.45000 0.00660 0.49877 -11
1.20293 0.39426 0.01050 0 -0.27500 49.02500 0.00660 -0.11604 -11
-3.24902 -0.28519 0.01050 0 1.12500 21.45000 0.00660 -0.01140 -11
11.29593 0.45901 0.01050 0 3.67500 -9.52500 0.00660 0.09364 -11
-8.13527 -0.13899 0.01050 0 2.70000 -33.82500 0.00660 0.17560 -11
2.70600 0.48329 0.01050 0 -3.15000 -61.00000 0.00660 0.27235 -11
4.37140 0.42860 0.01050 0 8.45000 -63.62500 0.00660 0.28192 -11
1.41820 0.42242 0.01050 0 2.37500 48.87500 0.00660 -0.11543 -11
-1.70882 -0.68740 0.01050 0 3.35000 28.77500 0.00660 -0.03287 -11
1.55058 0.43432 0.01050 0 1.65000 0.60000 0.00660 0.08428 -11
-1.38802 -0.78469 0.01050 0 0.75000 -18.30000 0.00660 0.16863 -11
1.02147 -0.32618 0.01050 0 -1.55000 -46.07500 0.00660 0.29167 -11
1.82916 0.45785 0.01050 0 4.42500 48.55000 0.00660 -0.11403 -11
-1.06527 -1.27726 0.01050 0 5.75000 32.67500 0.00660 -0.04473 -11
2.31007 1.22136 0.01050 0 -1.17500 16.00000 0.00660 0.03248 -11
-1.51627 -0.36052 0.01050 0 -4.25000 10.12500 0.00660 0.05580 -11
2.32428 1.45461 0.01050 0 -1.02500 0.65000 0.00660 0.09461 -11
-6.51090 -2.43465 0.01050 0 -2.60000 -1.82500 0.00660 0.10484 -11
-25.05542 -11.20630 0.01050 0 -3.00000 -2.92500 0.00660 0.10929 -11
-2.88083 -1.48447 0.01050 0 -3.15000 -3.22500 0.00660 0.10999 -11
0.55058 0.19382 0.01050 0 0.35000 -8.22500 0.00660 0.13772 -11
-0.50358 -0.21139 0.01050 0 -3.62500 -11.20000 0.00660 0.15957 -11
3.70010 0.23404 0.01050 0 -0.77500 -17.42500 0.00660 0.18942 -11
-6.49704 -0.01592 0.01050 0 -1.47500 -25.12500 0.00660 0.21648 -11
1.62884 -0.93360 0.01050 0 -1.50000 -26.12500 0.00660 0.21861 -11
-1.40872 -0.68405 0.00484 0 -0.92500 -1.87500 0.00235 0.09636 11
1.12756 0.23462 0.00484 0 7.30000 -9.02500 0.00235 0.12549 11
-3.04090 -2.49002 0.00484 0 -1.55000 -20.30000 0.00235 0.17823 11
1.59761 0.81983 0.00484 0 -4.42500 -22.97500 0.00235 0.19171 11
1.26668 -0.27392 0.00484 0 7.35000 -23.67500 0.00235 0.19483 11
-1.30342 -0.74991 0.00484 0 -1.02500 -32.40000 0.00235 0.23374 11
0.52567 1.25255 0.00484 0 -3.07500 -34.35000 0.00235 0.24389 11
-0.84545 -0.58298 0.00484 0 1.02500 -38.27500 0.00235 0.27802 11
1.17365 0.99544 0.00484 0 -1.30000 -40.77500 0.00235 0.29106 11
1.29301 0.75590 0.01050 0 -3.77500 48.62500 0.00660 -0.11446 -11
1.12366 0.34941 0.01050 0 7.77500 47.72500 0.00660 -0.11022 -11
-1.41257 -1.02303 0.01050 0 7.95000 28.77500 0.00660 -0.02732 -11
1.16924 0.81676 0.01050 0 -2.75000 6.40000 0.00660 0.09391 -11
0.94402 0.49528 0.01050 0 8.45000 5.20000 0.00660 0.10000 -11
