1.66073 -0.30678 0.00691 0 -4.50000 21.15000 0.00301 -0.01323 11
2.45179 -1.37166 0.00691 0 8.00000 19.95000 0.00301 -0.00816 11
-0.51837 0.39096 0.00691 0 2.25000 12.12500 0.00301 0.02984 11
0.60057 -0.29834 0.00691 0 -4.17500 4.80000 0.00301 0.07818 11
-0.45587 0.24726 0.00691 0 2.00000 0.27500 0.00301 0.11001 11
0.76957 -0.31975 0.00691 0 -3.37500 -6.15000 0.00301 0.14903 11
-0.80869 0.24051 0.00691 0 1.45000 -11.02500 0.00301 0.17651 11
0.79439 -0.08947 0.00691 0 -2.97500 -17.50000 0.00301 0.20862 11
-0.76864 0.10742 0.00691 0 1.57500 -23.17500 0.00301 0.23846 11
0.97432 -0.00359 0.00691 0 -3.22500 -28.30000 0.00301 0.27237 11
-0.90498 -0.13059 0.00691 0 0.57500 -34.27500 0.00301 0.30150 11
1.12284 0.03070 0.00691 0 -3.00000 -39.47500 0.00301 0.32656 11
-1.17667 -0.10746 0.00691 0 -0.12500 -46.05000 0.00301 0.35411 11
1.31821 -0.12728 0.00691 0 -3.05000 -53.27500 0.00301 0.38605 11
-1.67975 0.11154 0.00691 0 -0.25000 -58.80000 0.00301 0.40967 11
0.87485 -1.11653 0.00768 0 3.67500 55.52500 0.00101 1.48385 11
-1.10773 -0.13685 0.00768 0 -1.80000 60.62500 0.00101 1.51478 11
3.39434 2.85697 0.00768 0 -0.95000 61.32500 0.00101 1.53418 11
0.60862 1.89516 0.00768 0 -0.70000 60.37500 0.00101 1.57317 11
-1.25510 -0.31321 0.01558 0 -0.85000 -55.57500 0.00200 1.23768 11
0.85935 0.50798 0.01558 0 -2.37500 -43.02500 0.00200 1.30178 11
-0.88576 -0.23389 0.01558 0 -0.62500 -29.47500 0.00200 1.37537 11
0.59136 0.35357 0.01558 0 7.57500 -21.37500 0.00200 1.42104 11
0.70804 0.81045 0.01558 0 -4.02500 -20.95000 0.00200 1.42407 11
-0.82204 -0.53272 0.01558 0 -0.92500 -6.75000 0.00200 1.50766 11
0.72278 0.29246 0.01558 0 7.92500 0.92500 0.00200 1.55344 11
0.93781 0.40696 0.01558 0 -3.82500 1.60000 0.00200 1.55705 11
-0.80619 -0.27119 0.01558 0 -0.80000 12.75000 0.00200 1.61948 11
0.72016 0.18575 0.01558 0 7.40000 20.67500 0.00200 1.66560 11
0.76058 0.46041 0.01558 0 -4.32500 21.27500 0.00200 1.66865 11
-0.07013 0.08854 0.01558 0 4.00000 27.32500 0.00200 1.70007 11
0.27509 -0.32470 0.01558 0 7.80000 28.92500 0.00200 1.72556 11
-0.55756 0.37457 0.01558 0 3.75000 29.55000 0.00200 1.74467 11
-0.61492 0.23999 0.01051 0 4.25000 -60.87500 0.00970 0.56044 -11
0.57301 -0.38796 0.01051 0 1.47500 -48.97500 0.00970 0.64151 -11
-0.35278 0.13545 0.01051 0 5.27500 -40.20000 0.00970 0.72822 -11
0.37120 -0.48860 0.01051 0 1.90000 -32.00000 0.00970 0.80783 -11
-0.38972 0.31398 0.01051 0 5.10000 -22.70000 0.00970 0.90293 -11
0.40963 -0.55856 0.01051 0 2.35000 -15.47500 0.00970 0.97466 -11
-0.31104 0.34107 0.01051 0 4.87500 -6.52500 0.00970 1.06960 -11
0.16631 -0.49573 0.01051 0 2.27500 -1.00000 0.00970 1.13958 -11
-0.09501 0.29992 0.01051 0 5.10000 1.87500 0.00970 1.22811 -11
0.01658 -0.84460 0.01051 0 1.35000 3.20000 0.00970 1.29943 -11
0.00901 0.72607 0.01051 0 1.47500 3.55000 0.00970 1.40402 -11
-0.10222 -0.37859 0.01051 0 1.35000 2.97500 0.00970 1.45643 -11
0.18697 0.19016 0.01051 0 2.87500 -0.20000 0.00970 1.52963 -11
-0.12466 0.15037 0.01051 0 2.20000 -2.85000 0.00970 1.59926 -11
0.41544 -0.42253 0.01051 0 1.62500 -5.12500 0.00970 1.64569 -11
-0.33079 0.27571 0.01051 0 2.80000 -13.52500 0.00970 1.73723 -11
0.03890 -0.27401 0.01051 0 1.07500 -17.52500 0.00970 1.78007 -11
-0.09794 0.27575 0.01051 0 2.02500 -18.95000 0.00970 1.86506 -11
0.04879 -0.27302 0.01051 0 1.02500 -20.12500 0.00970 1.91017 -11
-0.26362 0.15312 0.01051 0 2.37500 -25.70000 0.00970 1.99104 -11
0.30915 -0.17436 0.01051 0 0.37500 -29.60000 0.00970 2.03379 -11
-0.64306 0.23338 0.01051 0 2.42500 -38.15000 0.00970 2.10807 -11
0.72000 -0.45908 0.01051 0 -0.80000 -44.47500 0.00970 2.14960 -11
-0.47473 0.07180 0.01051 0 7.25000 -50.95000 0.00970 2.19048 -11
-0.59634 1.03815 0.01051 0 -4.42500 -51.10000 0.00970 2.19274 -11
0.74157 -1.56630 0.01051 0 -0.70000 -52.85000 0.00970 2.20831 -11
0.17161 0.31363 0.01051 0 8.25000 -52.10000 0.00970 2.25304 -11
0.42427 -0.54951 0.01051 0 4.90000 -59.20000 0.00970 1.04385 -11
-0.40264 0.45674 0.01051 0 -3.27500 -47.40000 0.00970 1.14024 -11
-0.39980 0.19394 0.01051 0 8.40000 -46.97500 0.00970 1.14400 -11
0.67903 -0.54835 0.01051 0 5.15000 -39.67500 0.00970 1.21948 -11
-0.60929 0.98967 0.01051 0 -4.45000 -26.62500 0.00970 1.31086 -11
-0.41702 0.44278 0.01051 0 7.15000 -26.35000 0.00970 1.31321 -11
0.81483 -1.30482 0.01051 0 7.60000 -20.20000 0.00970 1.36511 -11
-0.37074 1.18498 0.01051 0 -4.20000 -10.47500 0.00970 1.47579 -11
-0.28396 0.70269 0.01051 0 7.25000 -10.32500 0.00970 1.47849 -11
0.02855 -0.87475 0.01051 0 -3.65000 -8.67500 0.00970 1.52070 -11
0.35755 0.97202 0.01051 0 5.92500 -15.45000 0.00970 1.62937 -11
-1.73592 -5.75097 0.01051 0 0.15000 -22.17500 0.00970 1.71170 -11
-0.60299 -1.92082 0.01051 0 -2.02500 -27.95000 0.00970 1.79546 -11
0.98096 2.14684 0.01051 0 3.12500 -38.95000 0.00970 1.90650 -11
-1.60883 -3.99064 0.01051 0 -1.55000 -40.72500 0.00970 1.92369 -11
-0.35618 0.26566 0.01051 0 -0.42500 -62.87500 0.00970 0.58019 -11
0.39568 -0.56654 0.01051 0 5.70000 -55.30000 0.00970 0.67641 -11
-0.47209 0.27530 0.01051 0 -1.97500 -44.62500 0.00970 0.76961 -11
0.51259 -0.61566 0.01051 0 6.70000 -33.15000 0.00970 0.85662 -11
-0.41397 0.26656 0.01051 0 -1.42500 -23.25000 0.00970 0.94740 -11
0.61495 -0.58248 0.01051 0 7.60000 -11.65000 0.00970 1.03608 -11
-0.42793 0.12734 0.01051 0 -2.00000 -1.12500 0.00970 1.11565 -11
0.38770 -0.37498 0.01051 0 7.20000 8.25000 0.00970 1.20587 -11
-0.43083 0.05301 0.01051 0 -2.47500 16.07500 0.00970 1.28028 -11
0.87565 -0.77038 0.01051 0 6.92500 27.87500 0.00970 1.37424 -11
-1.25154 0.47046 0.01051 0 3.92500 49.67500 0.00970 1.46825 -11
1.34143 -0.65882 0.01051 0 -4.17500 59.95000 0.00970 1.51583 -11
-0.39262 0.30276 0.01051 0 6.22500 -63.92500 0.00970 0.56907 -11
0.42427 -0.74305 0.01051 0 2.82500 -55.75000 0.00970 0.64163 -11
-0.38883 0.41542 0.01051 0 6.75000 -44.70000 0.00970 0.75499 -11
0.27245 -1.07940 0.01051 0 2.30000 -38.45000 0.00970 0.82670 -11
-0.52264 0.12613 0.01051 0 1.67500 -60.40000 0.00970 0.57628 -11
0.51358 -0.23993 0.01051 0 -3.35000 -46.60000 0.00970 0.67888 -11
-0.51362 0.19771 0.01051 0 1.02500 -32.77500 0.00970 0.77678 -11
0.67860 -0.10132 0.01051 0 -3.35000 -20.10000 0.00970 0.87415 -11
-0.59548 0.10064 0.01051 0 -0.27500 -7.77500 0.00970 0.95487 -11
0.61692 -0.02761 0.01051 0 -2.70000 8.75000 0.00970 1.05358 -11
-0.57096 0.14247 0.01051 0 -0.25000 21.27500 0.00970 1.13370 -11
0.73717 0.19336 0.01051 0 -1.20000 41.12500 0.00970 1.24191 -11
-0.69784 -0.04077 0.01051 0 -0.32500 51.72500 0.00970 1.30811 -11
-0.35720 0.63270 0.01051 0 -1.55000 -64.80000 0.00970 0.58503 -11
0.16209 -0.92065 0.01051 0 3.27500 -60.32500 0.00970 0.67243 -11
0.13434 0.18818 0.01051 0 -3.07500 -63.25000 0.00970 0.75502 -11
-0.65766 0.10828 0.01051 0 -1.85000 -56.40000 0.00970 0.57325 -11
0.64737 0.07210 0.01051 0 -3.47500 -38.80000 0.00970 0.67261 -11
-0.61145 -0.00792 0.01051 0 -1.42500 -26.67500 0.00970 0.74823 -11
0.72868 0.32784 0.01051 0 -3.22500 -9.10000 0.00970 0.85956 -11
-0.63070 -0.23005 0.01051 0 -3.02500 0.27500 0.00970 0.91747 -11
0.55970 0.62802 0.01051 0 -2.10000 18.60000 0.00970 1.03323 -11
-0.37940 -0.39913 0.01051 0 -3.15000 23.75000 0.00970 1.07746 -11
0.51289 0.70102 0.01051 0 -2.40000 36.37500 0.00970 1.18968 -11
-0.42993 -0.37502 0.01051 0 -3.40000 41.95000 0.00970 1.23550 -11
0.40921 0.44796 0.01051 0 -2.12500 56.52500 0.00970 1.34576 -11
-0.47451 -0.29482 0.01051 0 -2.80000 62.50000 0.00970 1.39465 -11
-0.82020 0.88248 0.01051 0 -3.37500 -56.37500 0.00970 0.57582 -11
-0.84475 0.41598 0.01051 0 8.00000 -55.67500 0.00970 0.58010 -11
1.35669 -1.31056 0.01051 0 7.70000 -44.12500 0.00970 0.64487 -11
-1.00512 0.95851 0.01051 0 5.42500 -20.67500 0.00970 0.78029 -11
-1.02660 0.94381 0.01051 0 5.47500 10.02500 0.00970 0.95674 -11
1.04022 -0.92023 0.01051 0 -4.37500 18.55000 0.00970 1.00352 -11
-0.94579 0.80407 0.01051 0 5.10000 40.10000 0.00970 1.12879 -11
1.52531 -1.03021 0.01051 0 4.92500 52.15000 0.00970 1.19071 -11
-0.78139 0.43272 0.01051 0 1.72500 -53.60000 0.00970 0.57873 -11
0.67458 -0.23071 0.01051 0 0.97500 -41.02500 0.00970 0.65020 -11
-0.81335 0.19522 0.01051 0 3.75000 -26.22500 0.00970 0.73920 -11
1.18494 -0.50338 0.01051 0 3.27500 -10.02500 0.00970 0.81932 -11
-1.73542 0.30680 0.01051 0 1.07500 13.30000 0.00970 0.91479 -11
2.19319 -0.81632 0.01051 0 5.27500 30.70000 0.00970 0.98266 -11
-2.14108 0.30242 0.01051 0 1.12500 55.82500 0.00970 1.07966 -11
-0.79376 -0.00918 0.01051 0 -2.40000 -52.40000 0.00970 0.58380 -11
0.97121 0.19261 0.01051 0 -3.47500 -29.20000 0.00970 0.70022 -11
-1.05351 0.01359 0.01051 0 -4.10000 -10.85000 0.00970 0.78031 -11
-1.06039 -0.34938 0.01051 0 8.00000 -10.02500 0.00970 0.78407 -11
1.51006 0.21223 0.01051 0 -2.05000 15.97500 0.00970 0.89317 -11
-2.31212 0.23298 0.01051 0 3.55000 40.80000 0.00970 0.98087 -11
-0.94931 0.36958 0.01051 0 1.15000 -54.37500 0.00970 0.57236 -11
0.91804 -0.62356 0.01051 0 -0.42500 -39.37500 0.00970 0.65060 -11
-1.65376 1.05116 0.01051 0 -1.82500 -11.97500 0.00970 0.77248 -11
1.91597 -1.18596 0.01051 0 0.57500 0.72500 0.00970 0.82866 -11
-2.70126 1.82810 0.01051 0 4.77500 38.55000 0.00970 0.98690 -11
2.60683 -1.70698 0.01051 0 -0.10000 45.42500 0.00970 1.01547 -11
0.32771 -0.59395 0.01051 0 -0.60000 -61.45000 0.00970 0.65375 -11
-0.33578 0.46785 0.01051 0 3.25000 -52.85000 0.00970 0.75632 -11
0.25668 -0.71545 0.01051 0 -0.17500 -47.47500 0.00970 0.82552 -11
-0.14538 0.51701 0.01051 0 3.15000 -41.75000 0.00970 0.92647 -11
0.11158 -1.00310 0.01051 0 -1.12500 -40.22500 0.00970 0.99379 -11
-0.17517 0.81061 0.01051 0 0.22500 -36.72500 0.00970 1.10254 -11
-0.00488 -0.66599 0.01051 0 -1.97500 -35.60000 0.00970 1.16164 -11
-0.11141 1.07047 0.01051 0 -1.70000 -33.35000 0.00970 1.26743 -11
0.03491 -0.69947 0.01051 0 -2.67500 -31.52500 0.00970 1.31908 -11
-0.02600 1.13064 0.01051 0 -2.02500 -29.75000 0.00970 1.41260 -11
0.03154 -0.95571 0.01051 0 1.15000 -29.72500 0.00970 1.44804 -11
0.03040 0.92840 0.01051 0 1.12500 -27.07500 0.00970 1.53860 -11
-0.00658 -1.28016 0.01051 0 2.27500 -27.32500 0.00970 1.58048 -11
0.13254 1.14970 0.01051 0 0.15000 -27.90000 0.00970 1.67902 -11
-0.06369 -1.39058 0.01051 0 2.20000 -28.75000 0.00970 1.71646 -11
0.08129 2.60296 0.01051 0 -3.40000 -27.20000 0.00970 1.82695 -11
0.02196 2.30579 0.01051 0 6.95000 -27.25000 0.00970 1.83285 -11
-0.20704 -2.37308 0.01051 0 2.37500 -27.47500 0.00970 1.84861 -11
0.75132 0.45466 0.01051 0 1.90000 -27.62500 0.00970 1.85060 -11
-2.51918 -0.57026 0.01051 0 7.80000 -35.50000 0.00970 1.88955 -11
-2.41425 0.37052 0.01051 0 -4.25000 -37.07500 0.00970 1.89534 -11
4.45900 1.46299 0.01051 0 -2.35000 -48.45000 0.00970 1.93506 -11
-2.77833 -0.92940 0.01051 0 -4.30000 -53.82500 0.00970 1.95435 -11
-0.33518 0.18057 0.01051 0 0.07500 -61.32500 0.00970 0.63190 -11
0.18372 0.00213 0.01051 0 1.47500 -56.10000 0.00970 0.69183 -11
-0.11429 -0.06238 0.01051 0 0.22500 -53.70000 0.00970 0.73977 -11
-0.10120 0.01512 0.01051 0 1.60000 -53.42500 0.00970 0.80125 -11
-0.12547 -0.14303 0.01051 0 -0.05000 -52.80000 0.00970 0.84676 -11
0.06291 0.20419 0.01051 0 2.52500 -49.22500 0.00970 0.91221 -11
-0.05633 -0.48641 0.01051 0 -0.57500 -49.50000 0.00970 0.94823 -11
0.08551 0.42758 0.01051 0 3.17500 -49.35000 0.00970 1.01502 -11
-0.00412 -0.62297 0.01051 0 -2.87500 -49.10000 0.00970 1.03636 -11
0.25686 0.73250 0.01051 0 2.50000 -47.75000 0.00970 1.11079 -11
0.04712 -0.63514 0.01051 0 -2.87500 -46.07500 0.00970 1.13590 -11
-0.40824 0.28879 0.01051 0 1.72500 -50.42500 0.00970 1.19692 -11
0.55888 -0.33093 0.01051 0 -3.37500 -53.87500 0.00970 1.22675 -11
-0.54540 0.38877 0.01051 0 2.27500 -62.37500 0.00970 1.28673 -11
-0.46429 0.51436 0.01051 0 -0.42500 -62.02500 0.00970 0.58347 -11
0.66838 -1.01746 0.01051 0 7.37500 -51.70000 0.00970 0.66486 -11
-0.71210 0.72312 0.01051 0 -1.45000 -34.80000 0.00970 0.77880 -11
0.55618 0.16244 0.01051 0 2.30000 -27.72500 0.00970 0.83001 -11
-0.34696 0.11484 0.01051 0 -4.32500 -25.85000 0.00970 0.85584 -11
-0.16521 -0.03806 0.01051 0 7.65000 -25.65000 0.00970 0.85816 -11
0.20943 0.06369 0.01051 0 3.80000 -24.80000 0.00970 0.88221 -11
0.20582 0.13719 0.01051 0 -3.40000 -24.85000 0.00970 0.90817 -11
0.34705 0.40532 0.01051 0 8.42500 -25.07500 0.00970 0.91171 -11
-0.40469 -0.46286 0.01051 0 4.60000 -26.57500 0.00970 0.92909 -11
0.77949 0.43005 0.01051 0 -3.57500 -29.60000 0.00970 0.95439 -11
1.03082 0.40633 0.01051 0 8.07500 -30.27500 0.00970 0.95838 -11
-2.09753 -1.24951 0.01051 0 5.65000 -34.15000 0.00970 0.97581 -11
0.73157 -0.26245 0.01051 0 7.10000 -37.10000 0.00970 0.98903 -11
-0.61724 0.24793 0.01051 0 4.72500 -40.75000 0.00970 1.00989 -11
0.34271 -0.26624 0.01051 0 7.52500 -41.92500 0.00970 1.02372 -11
-0.38899 0.19551 0.01051 0 4.80000 -43.45000 0.00970 1.04146 -11
0.01871 -0.96960 0.01051 0 6.05000 -44.32500 0.00970 1.04739 -11
-0.40870 0.30976 0.01051 0 6.05000 -64.35000 0.00970 0.57804 -11
0.49508 -0.31123 0.01051 0 1.62500 -51.15000 0.00970 0.67144 -11
-0.62446 0.28476 0.01051 0 5.45000 -36.92500 0.00970 0.77189 -11
0.64347 -0.51320 0.01051 0 2.85000 -24.47500 0.00970 0.85132 -11
-0.41636 0.23391 0.01051 0 6.22500 -11.55000 0.00970 0.94888 -11
0.41457 -0.49009 0.01051 0 2.57500 -5.15000 0.00970 1.02476 -11
-0.31589 0.15470 0.01051 0 6.42500 3.87500 0.00970 1.11909 -11
0.21594 -0.41519 0.01051 0 2.00000 9.40000 0.00970 1.20317 -11
-0.17530 0.15762 0.01051 0 5.95000 14.15000 0.00970 1.29206 -11
0.07998 -0.26049 0.01051 0 2.82500 18.72500 0.00970 1.36951 -11
-0.06297 0.20589 0.01051 0 6.57500 20.90000 0.00970 1.45109 -11
0.21584 -0.42061 0.01051 0 3.05000 24.35000 0.00970 1.52822 -11
-0.13642 0.05033 0.01051 0 6.02500 30.00000 0.00970 1.60925 -11
0.27208 -0.46883 0.01051 0 2.97500 32.37500 0.00970 1.68554 -11
-0.31061 0.03875 0.01051 0 4.95000 40.20000 0.00970 1.76530 -11
0.21594 -0.19615 0.01051 0 2.82500 45.97500 0.00970 1.84656 -11
-0.18570 -0.06050 0.01051 0 4.87500 49.97500 0.00970 1.91814 -11
0.27822 -0.17678 0.01051 0 3.40000 54.22500 0.00970 1.99573 -11
-0.52814 -0.02761 0.01051 0 3.45000 64.17500 0.00970 2.06559 -11
0.27880 -0.31201 0.01051 0 -2.57500 -58.75000 0.00970 0.67190 -11
-0.30048 0.21098 0.01051 0 3.00000 -50.40000 0.00970 0.76940 -11
0.25619 -0.13101 0.01051 0 -2.95000 -43.20000 0.00970 0.86982 -11
-0.22029 0.11344 0.01051 0 2.20000 -36.92500 0.00970 0.95721 -11
0.40652 -0.12440 0.01051 0 -1.72500 -27.32500 0.00970 1.05034 -11
-0.54918 -0.00600 0.01051 0 1.27500 -16.45000 0.00970 1.13120 -11
0.53504 -0.13201 0.01051 0 -1.22500 -3.72500 0.00970 1.22180 -11
-0.54468 0.13108 0.01051 0 1.42500 6.42500 0.00970 1.30042 -11
1.02552 -0.31282 0.01051 0 0.57500 21.27500 0.00970 1.38352 -11
-1.11153 0.55344 0.01051 0 -0.85000 40.92500 0.00970 1.47609 -11
0.92586 -0.08881 0.01051 0 2.02500 54.50000 0.00970 1.53924 -11
-0.07054 0.44231 0.01051 0 -0.05000 -61.80000 0.00970 0.77046 -11
0.08432 -0.86315 0.01051 0 6.07500 -61.35000 0.00970 0.85387 -11
-0.21373 0.57359 0.01051 0 -0.52500 -57.05000 0.00970 0.96174 -11
0.10001 -0.77324 0.01051 0 7.12500 -53.05000 0.00970 1.03741 -11
-0.02703 0.38924 0.01051 0 -3.35000 -50.67500 0.00970 1.11484 -11
0.05160 0.19526 0.01051 0 8.40000 -50.67500 0.00970 1.11824 -11
-0.04519 -0.83428 0.01051 0 7.07500 -52.52500 0.00970 1.18172 -11
-0.09177 0.55804 0.01051 0 -4.42500 -52.42500 0.00970 1.26225 -11
-0.00022 0.31629 0.01051 0 7.35000 -52.37500 0.00970 1.26429 -11
0.19949 -1.20795 0.01051 0 8.15000 -50.92500 0.00970 1.31279 -11
0.20087 -0.22949 0.01051 0 -4.27500 -50.77500 0.00970 1.31579 -11
-0.17055 0.32749 0.01051 0 7.02500 -46.00000 0.00970 1.39038 -11
0.37762 -0.16792 0.01051 0 -3.87500 -40.60000 0.00970 1.44403 -11
-0.23300 0.00684 0.01051 0 4.90000 -35.92500 0.00970 1.49289 -11
-0.95125 -0.52497 0.01051 0 8.07500 -35.45000 0.00970 1.53682 -11
-3.59397 0.73303 0.01051 0 -3.65000 -38.27500 0.00970 1.54722 -11
0.44802 -0.69376 0.01051 0 -2.15000 -40.87500 0.00970 1.55736 -11
-0.31125 0.49154 0.01051 0 5.42500 -47.15000 0.00970 1.60903 -11
0.48076 -0.49289 0.01051 0 -1.42500 -48.90000 0.00970 1.63012 -11
-0.76338 0.21937 0.01051 0 5.72500 -54.30000 0.00970 1.67264 -11
0.85364 -0.66041 0.01051 0 -1.92500 -56.65000 0.00970 1.69158 -11
-0.80064 -0.12603 0.01051 0 6.17500 -62.52500 0.00970 1.72299 -11
-0.56783 0.24803 0.01051 0 0.50000 -56.75000 0.00970 0.58127 -11
0.71550 -0.03864 0.01051 0 -3.15000 -39.37500 0.00970 0.68507 -11
-0.89817 0.09808 0.01051 0 -0.97500 -22.55000 0.00970 0.77409 -11
0.75207 -0.04733 0.01051 0 -2.75000 -2.95000 0.00970 0.87586 -11
-0.79395 0.22757 0.01051 0 -0.50000 13.67500 0.00970 0.96849 -11
0.69265 -0.00195 0.01051 0 -2.82500 32.15000 0.00970 1.07161 -11
-0.63155 0.13317 0.01051 0 -0.57500 45.77500 0.00970 1.15430 -11
0.58419 -0.14558 0.01051 0 -3.65000 58.67500 0.00970 1.24703 -11
-0.53494 0.17688 0.01051 0 5.80000 -62.27500 0.00970 0.57161 -11
0.49916 -0.51434 0.01051 0 3.25000 -53.15000 0.00970 0.64664 -11
-0.40900 0.28014 0.01051 0 5.92500 -41.62500 0.00970 0.73981 -11
0.56751 -0.51290 0.01051 0 4.20000 -32.95000 0.00970 0.80971 -11
-0.45301 0.16693 0.01051 0 6.27500 -22.90000 0.00970 0.89250 -11
0.59758 -0.39975 0.01051 0 4.72500 -12.85000 0.00970 0.96796 -11
-0.70607 -0.01066 0.01051 0 5.50000 -2.00000 0.00970 1.04241 -11
0.52817 -0.36896 0.01051 0 5.20000 9.87500 0.00970 1.11874 -11
-0.35840 -0.02098 0.01051 0 6.22500 17.22500 0.00970 1.18863 -11
0.24256 -0.31627 0.01051 0 4.97500 23.60000 0.00970 1.26238 -11
-0.23830 -0.09785 0.01051 0 5.92500 28.67500 0.00970 1.32821 -11
0.19189 -0.17415 0.01051 0 5.67500 35.07500 0.00970 1.40281 -11
-0.33615 -0.09935 0.01051 0 6.17500 39.12500 0.00970 1.46401 -11
0.53778 -0.38629 0.01051 0 5.97500 45.92500 0.00970 1.53665 -11
-0.23345 -0.24907 0.01051 0 5.30000 51.72500 0.00970 1.59411 -11
0.27422 -0.19905 0.01051 0 5.97500 57.30000 0.00970 1.66713 -11
-0.33769 -0.23517 0.01051 0 4.70000 63.67500 0.00970 1.72325 -11
-1.48315 0.26164 0.01051 0 -3.02500 -47.17500 0.00970 0.55846 -11
1.09022 0.18964 0.01051 0 -0.82500 -23.05000 0.00970 0.65711 -11
-1.07855 0.11336 0.01051 0 -2.62500 -5.20000 0.00970 0.73320 -11
0.80970 -0.14439 0.01051 0 -3.07500 12.57500 0.00970 0.82324 -11
-1.05533 0.31270 0.01051 0 -3.10000 28.62500 0.00970 0.90391 -11
0.72452 -0.17070 0.01051 0 -3.22500 43.95000 0.00970 0.98300 -11
-0.60535 0.19164 0.01051 0 -2.52500 57.65000 0.00970 1.06475 -11
-0.74252 0.33114 0.01051 0 -3.75000 -64.05000 0.00970 0.57300 -11
-0.86386 -0.11197 0.01051 0 8.20000 -63.20000 0.00970 0.57706 -11
0.82714 -0.58239 0.01051 0 7.00000 -48.02500 0.00970 0.66161 -11
-0.93918 0.19353 0.01051 0 -3.30000 -34.02500 0.00970 0.74236 -11
0.73896 -0.41996 0.01051 0 7.12500 -17.62500 0.00970 0.83721 -11
-0.65564 0.22850 0.01051 0 -3.10000 -3.47500 0.00970 0.92440 -11
0.63012 0.00305 0.01051 0 -3.50000 14.12500 0.00970 1.01633 -11
-0.46639 0.10268 0.01051 0 -2.05000 24.27500 0.00970 1.08602 -11
0.79451 0.01920 0.01051 0 -3.25000 38.07500 0.00970 1.17648 -11
-0.84964 0.20448 0.01051 0 -3.97500 51.17500 0.00970 1.24499 -11
-0.97115 -0.10451 0.01051 0 7.95000 51.82500 0.00970 1.24843 -11
0.37312 -0.27233 0.01051 0 -1.35000 -59.10000 0.00970 0.66699 -11
-0.35173 0.22324 0.01051 0 2.52500 -49.35000 0.00970 0.75529 -11
0.20864 -0.06776 0.01051 0 -1.10000 -42.52500 0.00970 0.83714 -11
-0.23220 -0.00922 0.01051 0 2.77500 -36.97500 0.00970 0.91288 -11
0.34971 -0.10233 0.01051 0 -0.67500 -28.87500 0.00970 1.00525 -11
0.02135 0.13362 0.01051 0 2.25000 -23.10000 0.00970 1.07769 -11
-0.32779 -0.32011 0.01051 0 -0.30000 -27.72500 0.00970 1.15011 -11
0.26386 0.27036 0.01051 0 1.47500 -36.32500 0.00970 1.23377 -11
-0.27350 -0.17785 0.01051 0 -0.77500 -42.02500 0.00970 1.30971 -11
0.26904 0.12702 0.01051 0 0.55000 -50.42500 0.00970 1.38318 -11
-0.25141 0.10624 0.01051 0 -0.82500 -55.62500 0.00970 1.46000 -11
0.32841 -0.05227 0.01051 0 -0.25000 -60.17500 0.00970 1.51629 -11
0.06286 -0.06373 0.01051 0 2.90000 -60.62500 0.00970 1.57433 -11
0.17420 0.01945 0.01051 0 -0.65000 -61.52500 0.00970 1.61357 -11
-0.04648 0.05971 0.01051 0 3.97500 -62.32500 0.00970 1.65644 -11
0.10514 -0.22876 0.01051 0 -0.37500 -63.45000 0.00970 1.69125 -11
1.92677 -0.14071 0.00804 0 2.05000 35.47500 0.00375 -0.11880 11
-1.68706 -0.14592 0.00804 0 8.30000 14.57500 0.00375 -0.04096 11
-1.67649 0.26134 0.00804 0 -3.62500 13.07500 0.00375 -0.03504 11
1.18643 -0.03723 0.00804 0 0.67500 -1.05000 0.00375 0.02790 11
-0.97296 0.24964 0.00804 0 7.65000 -12.22500 0.00375 0.07850 11
-0.78518 0.37537 0.00804 0 -4.17500 -12.80000 0.00375 0.08150 11
0.81331 -0.06542 0.00804 0 -0.62500 -20.82500 0.00375 0.13105 11
-0.76771 -0.08862 0.00804 0 7.17500 -29.67500 0.00375 0.18096 11
0.57357 0.37804 0.00804 0 -0.90000 -37.37500 0.00375 0.22966 11
-0.37498 -0.28313 0.00804 0 7.35000 -44.02500 0.00375 0.29026 11
0.53354 0.43888 0.00804 0 -0.45000 -48.95000 0.00375 0.32932 11
-0.60010 -0.25554 0.00804 0 5.65000 -57.77500 0.00375 0.38071 11
0.45107 0.65515 0.00804 0 -0.75000 -61.90000 0.00375 0.41031 11
-1.07449 2.07590 0.00172 0 -3.15000 7.47500 0.00083 -0.00524 11
0.13016 0.03930 0.00172 0 -3.97500 4.92500 0.00083 0.01881 11
0.10938 -0.24895 0.00172 0 -1.97500 4.90000 0.00083 0.03115 11
-4.47801 1.05690 0.00172 0 -3.75000 6.02500 0.00083 0.04104 11
0.03192 0.36113 0.01257 0 -2.40000 -64.82500 0.01257 0.27121 -11
-0.07254 -0.21234 0.01257 0 -2.62500 -64.75000 0.01257 0.40398 -11
-0.01201 0.07602 0.01257 0 1.90000 -64.82500 0.01257 0.27108 -11
0.03909 -0.21604 0.01257 0 2.62500 -60.55000 0.01257 0.41224 -11
-0.06273 -0.00684 0.01257 0 1.40000 -59.60000 0.01257 0.51095 -11
0.00462 -0.11767 0.01257 0 3.37500 -59.52500 0.01257 0.65769 -11
-0.04413 -0.02313 0.01257 0 1.22500 -59.85000 0.01257 0.74999 -11
0.00706 -0.22688 0.01257 0 3.17500 -57.05000 0.01257 0.88540 -11
-0.00930 0.06306 0.01257 0 1.25000 -57.67500 0.01257 0.98376 -11
-0.00317 -0.19395 0.01257 0 3.47500 -57.57500 0.01257 1.11404 -11
0.04424 0.02238 0.01257 0 0.60000 -58.75000 0.01257 1.20482 -11
0.02548 -0.19121 0.01257 0 3.65000 -58.52500 0.01257 1.33626 -11
-0.08514 0.02712 0.01257 0 0.30000 -57.07500 0.01257 1.42613 -11
0.17725 -0.13097 0.01257 0 4.25000 -51.95000 0.01257 1.55533 -11
-0.07438 -0.01311 0.01257 0 -0.10000 -49.17500 0.01257 1.63913 -11
0.14872 -0.16848 0.01257 0 4.25000 -44.40000 0.01257 1.76506 -11
-0.10146 0.05545 0.01257 0 -0.32500 -40.67500 0.01257 1.85007 -11
0.17206 -0.28271 0.01257 0 4.20000 -36.45000 0.01257 1.97095 -11
-0.19301 0.14168 0.01257 0 -0.87500 -30.00000 0.01257 2.06025 -11
0.16967 -0.06534 0.01257 0 4.60000 -23.72500 0.01257 2.17973 -11
-0.07942 -0.05537 0.01257 0 -1.45000 -20.77500 0.01257 2.25573 -11
0.15650 0.04160 0.01257 0 5.22500 -16.05000 0.01257 2.38039 -11
-0.17881 -0.15836 0.01257 0 -2.92500 -13.10000 0.01257 2.44381 -11
0.15683 0.06076 0.01257 0 4.92500 -6.25000 0.01257 2.56749 -11
-0.30697 -0.12454 0.01257 0 -3.42500 -1.92500 0.01257 2.63175 -11
0.30797 -0.06921 0.01257 0 5.00000 10.02500 0.01257 2.74698 -11
-0.33254 0.06628 0.01257 0 -2.87500 16.37500 0.01257 2.81921 -11
0.15322 -0.14873 0.01257 0 4.95000 23.07500 0.01257 2.92131 -11
-0.23228 0.07476 0.01257 0 -3.07500 28.37500 0.01257 2.99394 -11
0.36255 -0.04167 0.01257 0 5.85000 37.55000 0.01257 3.10305 -11
-0.40300 -0.92164 0.01257 0 4.75000 40.47500 0.01257 3.14468 -11
0.36993 0.42065 0.01257 0 5.27500 51.02500 0.01257 3.26548 -11
-0.46942 -0.85934 0.01257 0 3.95000 55.10000 0.01257 3.30733 -11
-0.75163 -0.22122 0.01257 0 3.72500 -58.30000 0.01257 1.12784 -11
-0.07048 0.22518 0.01257 0 3.10000 -64.82500 0.01257 0.27142 -11
0.11291 -0.55445 0.01257 0 3.12500 -61.32500 0.01257 0.39525 -11
-0.18532 0.31339 0.01257 0 2.70000 -56.22500 0.01257 0.51394 -11
0.11485 -0.52398 0.01257 0 3.77500 -50.65000 0.01257 0.63057 -11
-0.11959 0.24527 0.01257 0 2.85000 -46.75000 0.01257 0.74840 -11
0.14754 -0.45784 0.01257 0 4.42500 -42.97500 0.01257 0.86461 -11
-0.05417 0.17750 0.01257 0 2.65000 -39.67500 0.01257 0.97212 -11
-0.18574 -0.44093 0.01257 0 4.77500 -39.17500 0.01257 1.08990 -11
0.18157 0.18813 0.01257 0 2.40000 -43.72500 0.01257 1.19703 -11
-0.37666 -0.53360 0.01257 0 5.62500 -51.52500 0.01257 1.30812 -11
0.25745 0.04693 0.01257 0 1.70000 -60.37500 0.01257 1.40762 -11
0.61134 -0.11095 0.01257 0 -1.97500 -57.50000 0.01257 3.10195 -11
-0.71084 0.26918 0.01257 0 -2.55000 -47.45000 0.01257 3.16876 -11
0.64615 -0.14512 0.01257 0 -0.95000 -37.47500 0.01257 3.23075 -11
-0.89370 0.51851 0.01257 0 -3.20000 -24.45000 0.01257 3.30151 -11
-1.04542 0.36606 0.01257 0 8.35000 -23.57500 0.01257 3.30620 -11
-0.09065 0.28469 0.01257 0 3.77500 -16.67500 0.01257 3.34363 -11
-0.05429 -0.14553 0.01257 0 0.22500 -17.57500 0.01257 3.38040 -11
-0.07425 -0.08285 0.01257 0 3.85000 -19.30000 0.01257 3.43116 -11
-0.04499 -0.41681 0.01257 0 -0.82500 -19.42500 0.01257 3.46103 -11
0.08454 0.03363 0.01257 0 3.65000 -17.42500 0.01257 3.51573 -11
-0.12829 0.04571 0.01257 0 -0.80000 -15.67500 0.01257 3.55015 -11
0.10560 -0.31107 0.01257 0 3.72500 -14.12500 0.01257 3.58939 -11
-0.16743 0.45289 0.01257 0 -0.92500 -14.00000 0.01257 3.62755 -11
0.24281 -0.90576 0.01257 0 4.57500 -12.62500 0.01257 3.65518 -11
-0.32033 0.62890 0.01257 0 -1.30000 -8.77500 0.01257 3.70231 -11
0.50103 -1.11916 0.01257 0 4.77500 -6.62500 0.01257 3.72762 -11
-0.12498 0.27766 0.01257 0 -1.07500 -3.32500 0.01257 3.76978 -11
0.17351 -0.63640 0.01257 0 6.75000 -2.80000 0.01257 3.79121 -11
-0.26800 0.20424 0.01257 0 -0.15000 -0.22500 0.01257 3.82634 -11
-0.47494 -0.75526 0.01257 0 6.95000 -1.00000 0.01257 3.85082 -11
0.39747 -0.07289 0.01257 0 -0.97500 -3.85000 0.01257 3.87417 -11
0.01000 0.09159 0.01257 0 5.92500 -64.80000 0.01257 0.27288 -11
-0.13920 -0.04395 0.01257 0 1.42500 -62.97500 0.01257 0.48343 -11
0.18739 -0.27405 0.01257 0 6.45000 -59.17500 0.01257 0.60278 -11
-0.16507 -0.06708 0.01257 0 0.70000 -56.25000 0.01257 0.68237 -11
0.12267 -0.25152 0.01257 0 6.62500 -51.47500 0.01257 0.80274 -11
-0.14654 -0.08649 0.01257 0 0.10000 -46.75000 0.01257 0.88064 -11
0.19145 -0.24123 0.01257 0 6.85000 -42.55000 0.01257 0.99704 -11
-0.17441 -0.02508 0.01257 0 -0.10000 -37.77500 0.01257 1.07417 -11
0.10729 -0.31457 0.01257 0 6.72500 -33.30000 0.01257 1.18237 -11
-0.13842 0.03145 0.01257 0 -0.40000 -30.62500 0.01257 1.25802 -11
0.08934 -0.36121 0.01257 0 6.92500 -26.57500 0.01257 1.35685 -11
-0.11486 0.01534 0.01257 0 -0.60000 -23.27500 0.01257 1.43257 -11
-0.14771 -0.25835 0.01257 0 7.42500 -23.00000 0.01257 1.53106 -11
0.06150 -0.03600 0.01257 0 -1.17500 -24.70000 0.01257 1.59845 -11
-0.16134 -0.20667 0.01257 0 7.82500 -29.80000 0.01257 1.70077 -11
-0.21446 0.38584 0.01257 0 -4.10000 -29.92500 0.01257 1.70325 -11
0.08311 -0.21506 0.01257 0 -2.42500 -34.75000 0.01257 1.76129 -11
-0.09633 0.01194 0.01257 0 8.17500 -37.05000 0.01257 1.86979 -11
0.78050 -0.54304 0.01257 0 -4.35000 -36.55000 0.01257 1.87354 -11
-1.04054 0.62651 0.01257 0 5.52500 -16.45000 0.01257 1.97719 -11
1.52890 -0.52759 0.01257 0 -2.62500 -5.75000 0.01257 2.02589 -11
-1.41080 0.97040 0.01257 0 4.25000 17.77500 0.01257 2.12720 -11
1.22178 -1.00314 0.01257 0 -3.02500 24.72500 0.01257 2.16296 -11
-0.57869 0.86253 0.01257 0 4.77500 43.05000 0.01257 2.26182 -11
0.53598 -0.85321 0.01257 0 -4.22500 47.40000 0.01257 2.29901 -11
-0.50883 0.70935 0.01257 0 4.92500 59.27500 0.01257 2.39495 -11
0.40789 -0.60553 0.01257 0 -4.47500 63.67500 0.01257 2.43479 -11
-0.12001 0.17133 0.01257 0 -0.92500 -64.82500 0.01257 0.27092 -11
0.15175 -0.14793 0.01257 0 -0.25000 -59.42500 0.01257 0.41067 -11
-0.13485 0.11645 0.01257 0 -1.00000 -56.37500 0.01257 0.51599 -11
0.16399 0.01250 0.01257 0 1.15000 -49.22500 0.01257 0.66281 -11
-0.14001 -0.16653 0.01257 0 -1.45000 -45.72500 0.01257 0.75220 -11
0.13774 0.10670 0.01257 0 3.55000 -40.55000 0.01257 0.91013 -11
-0.22764 -0.18075 0.01257 0 -1.67500 -36.37500 0.01257 0.98488 -11
0.24763 0.02587 0.01257 0 3.17500 -27.07500 0.01257 1.13166 -11
-0.22228 -0.03710 0.01257 0 -1.57500 -21.32500 0.01257 1.21207 -11
0.23733 -0.05566 0.01257 0 2.72500 -12.80000 0.01257 1.34696 -11
-0.11242 0.14607 0.01257 0 -1.37500 -7.22500 0.01257 1.43451 -11
0.01680 -0.17164 0.01257 0 2.07500 -3.62500 0.01257 1.55540 -11
-0.01999 0.19088 0.01257 0 -1.52500 -4.02500 0.01257 1.64596 -11
0.44602 -0.17570 0.01257 0 2.25000 -4.02500 0.01257 1.75966 -11
-0.29723 0.30640 0.01257 0 -1.97500 3.30000 0.01257 1.85676 -11
0.07421 -0.04867 0.01257 0 2.25000 6.10000 0.01257 1.97572 -11
-0.04350 -0.04212 0.01257 0 -3.55000 5.80000 0.01257 2.05079 -11
0.17146 0.07005 0.01257 0 3.20000 9.62500 0.01257 2.17242 -11
-0.22571 -0.20822 0.01257 0 7.47500 13.22500 0.01257 2.24296 -11
0.13390 -0.05240 0.01257 0 2.92500 19.15000 0.01257 2.34867 -11
-0.05666 -0.28733 0.01257 0 7.22500 21.05000 0.01257 2.42001 -11
0.05927 -0.04913 0.01257 0 2.95000 22.50000 0.01257 2.52623 -11
-0.13384 -0.16399 0.01257 0 6.90000 24.40000 0.01257 2.59651 -11
0.28590 -0.15304 0.01257 0 2.95000 29.72500 0.01257 2.69221 -11
-0.11538 0.00634 0.01257 0 6.25000 35.80000 0.01257 2.76583 -11
0.16408 -0.30142 0.01257 0 2.50000 39.10000 0.01257 2.85031 -11
-0.09488 0.04568 0.01257 0 6.22500 41.70000 0.01257 2.93200 -11
0.32320 -0.33048 0.01257 0 4.07500 48.52500 0.01257 3.00792 -11
-0.32391 -0.00117 0.01257 0 6.22500 56.85000 0.01257 3.08418 -11
0.00757 0.04282 0.01257 0 4.32500 -64.82500 0.01257 0.27194 -11
0.01566 0.13046 0.01257 0 5.02500 -64.80000 0.01257 0.27231 -11
0.07275 -0.61278 0.01257 0 5.02500 -63.02500 0.01257 0.40142 -11
-0.04260 0.24889 0.01257 0 4.37500 -61.67500 0.01257 0.52231 -11
0.09957 -0.64661 0.01257 0 5.05000 -59.42500 0.01257 0.64102 -11
-0.13194 0.22265 0.01257 0 3.92500 -56.62500 0.01257 0.75928 -11
-0.01805 -0.56100 0.01257 0 5.80000 -53.15000 0.01257 0.87365 -11
-0.01217 0.22834 0.01257 0 3.90000 -52.17500 0.01257 0.98337 -11
0.07691 -0.27923 0.01257 0 -2.97500 -50.80000 0.01257 1.07947 -11
-0.00085 0.31315 0.01257 0 3.25000 -50.00000 0.01257 1.17896 -11
0.01794 -0.02959 0.01257 0 -3.02500 -49.87500 0.01257 1.27770 -11
-0.11755 0.09149 0.01257 0 2.45000 -49.12500 0.01257 1.36042 -11
0.27823 -0.01697 0.01257 0 -2.52500 -43.50000 0.01257 1.45903 -11
-0.39419 0.03509 0.01257 0 1.55000 -36.37500 0.01257 1.53746 -11
0.14773 -0.04530 0.01257 0 -2.60000 -30.40000 0.01257 1.63310 -11
-0.13294 0.12899 0.01257 0 1.47500 -26.32500 0.01257 1.71138 -11
0.02854 -0.07904 0.01257 0 -2.50000 -24.57500 0.01257 1.79861 -11
0.02337 0.00960 0.01257 0 1.12500 -23.85000 0.01257 1.87347 -11
-0.20672 0.11553 0.01257 0 -1.75000 -26.47500 0.01257 1.96261 -11
0.14777 -0.13766 0.01257 0 0.77500 -29.60000 0.01257 2.02797 -11
-0.14898 0.08505 0.01257 0 -1.42500 -32.62500 0.01257 2.11551 -11
0.13322 -0.09172 0.01257 0 0.47500 -35.17500 0.01257 2.17617 -11
-0.12330 0.20829 0.01257 0 -1.02500 -37.10000 0.01257 2.26751 -11
0.18943 -0.29353 0.01257 0 -0.47500 -38.97500 0.01257 2.31850 -11
0.10235 0.21918 0.01257 0 -1.05000 -41.67500 0.01257 2.41495 -11
-0.14640 -0.20456 0.01257 0 -0.85000 -39.60000 0.01257 2.46542 -11
0.20072 0.22846 0.01257 0 -0.82500 -33.75000 0.01257 2.55387 -11
-0.13855 -0.05098 0.01257 0 -0.77500 -30.15000 0.01257 2.60675 -11
0.36060 0.19820 0.01257 0 -0.17500 -22.17500 0.01257 2.68808 -11
-0.41496 -0.13260 0.01257 0 -1.10000 -17.25000 0.01257 2.73781 -11
0.34205 0.12967 0.01257 0 -0.22500 -9.37500 0.01257 2.81581 -11
-0.10569 -0.14883 0.01257 0 -1.07500 -5.25000 0.01257 2.86630 -11
0.16956 0.25090 0.01257 0 0.05000 -2.42500 0.01257 2.94236 -11
-0.02574 -0.21010 0.01257 0 -1.10000 -0.82500 0.01257 2.98879 -11
-0.06670 0.27407 0.01257 0 0.40000 -1.67500 0.01257 3.06364 -11
0.09435 -0.26896 0.01257 0 -2.12500 -2.30000 0.01257 3.10127 -11
-0.08572 0.41985 0.01257 0 0.95000 -4.30000 0.01257 3.17423 -11
-0.12250 -0.30830 0.01257 0 -2.22500 -4.80000 0.01257 3.20941 -11
0.26045 0.37997 0.01257 0 1.27500 -2.27500 0.01257 3.27760 -11
-0.26776 -0.35424 0.01257 0 -2.30000 -0.47500 0.01257 3.31194 -11
0.26939 0.33253 0.01257 0 1.47500 2.10000 0.01257 3.37640 -11
-0.35144 -0.23375 0.01257 0 -2.62500 5.05000 0.01257 3.40992 -11
0.43019 0.54347 0.01257 0 1.97500 10.55000 0.01257 3.47734 -11
-0.50246 -0.32566 0.01257 0 -3.30000 13.45000 0.01257 3.50493 -11
0.24762 0.41460 0.01257 0 1.60000 18.20000 0.01257 3.56968 -11
-0.15773 -0.28341 0.01257 0 -3.60000 21.42500 0.01257 3.59923 -11
0.14462 0.33211 0.01257 0 1.65000 22.02500 0.01257 3.65180 -11
0.09431 -0.25667 0.01257 0 -2.97500 22.27500 0.01257 3.68419 -11
-0.66147 0.78645 0.01257 0 3.37500 18.72500 0.01257 3.73320 -11
0.47870 -0.63963 0.01257 0 8.35000 16.57500 0.01257 3.75363 -11
-0.88052 0.56912 0.01257 0 2.80000 10.12500 0.01257 3.80192 -11
0.38052 -0.54734 0.01257 0 -3.92500 7.40000 0.01257 3.82479 -11
-0.15312 1.20317 0.01257 0 4.52500 1.80000 0.01257 3.87675 -11
0.55996 -1.76894 0.01257 0 8.12500 0.85000 0.01257 3.89035 -11
