0.26720 0.07440 0.00164 0 7.05000 40.50000 0.00022 1.05281 11
-0.25923 0.17249 0.00164 0 7.07500 40.32500 0.00022 1.07336 11
0.19929 0.08652 0.00164 0 8.42500 41.20000 0.00022 1.08527 11
-0.01107 -1.09617 0.00164 0 -2.90000 58.50000 0.00022 1.20687 11
2.46272 1.57171 0.00164 0 -3.05000 58.37500 0.00022 1.20788 11
1.34082 0.98851 0.01485 0 8.22500 19.80000 0.01108 1.17925 11
-1.71685 -1.63840 0.01485 0 3.27500 -27.70000 0.01108 1.39965 11
1.26825 0.73627 0.01485 0 5.95000 -36.52500 0.01108 1.44362 11
1.07064 -0.79822 0.00394 0 -1.32500 62.12500 0.00120 0.91773 11
-1.13093 0.74526 0.00394 0 2.62500 58.10000 0.00120 0.93816 11
0.53091 -0.57245 0.00394 0 -1.65000 49.82500 0.00120 0.98764 11
-0.45408 0.54101 0.00394 0 3.35000 46.97500 0.00120 1.01013 11
0.66382 -0.66234 0.00394 0 -1.65000 42.40000 0.00120 1.05598 11
-0.74267 0.60912 0.00394 0 2.97500 39.12500 0.00120 1.07777 11
0.74636 -0.18471 0.00394 0 -1.12500 31.37500 0.00120 1.11850 11
-0.79809 0.20448 0.00394 0 3.45000 26.57500 0.00120 1.14554 11
1.03467 -0.28182 0.00394 0 -0.85000 20.00000 0.00120 1.18093 11
-0.93924 0.25814 0.00394 0 2.97500 15.25000 0.00120 1.20448 11
1.36128 -0.21620 0.00394 0 -0.10000 6.97500 0.00120 1.24008 11
-1.26374 0.31833 0.00394 0 3.05000 1.47500 0.00120 1.26388 11
0.69430 -0.30473 0.00394 0 -0.32500 -5.15000 0.00120 1.29552 11
-0.70326 0.32500 0.00394 0 3.57500 -8.45000 0.00120 1.31677 11
0.75594 -0.41623 0.00394 0 -0.27500 -13.17500 0.00120 1.34681 11
-0.86174 0.47333 0.00394 0 3.05000 -16.07500 0.00120 1.36384 11
1.21086 -0.06207 0.00394 0 -0.12500 -21.57500 0.00120 1.39184 11
-1.14480 0.20320 0.00394 0 2.70000 -26.00000 0.00120 1.41239 11
1.05787 -0.51139 0.00394 0 -0.07500 -31.72500 0.00120 1.44242 11
-1.15380 0.39312 0.00394 0 2.47500 -34.82500 0.00120 1.45789 11
1.20489 -0.43006 0.00394 0 -0.70000 -37.85000 0.00120 1.48019 11
-1.48127 0.52032 0.00394 0 1.25000 -40.55000 0.00120 1.49257 11
1.56237 -1.55073 0.00394 0 -1.47500 -43.57500 0.00120 1.51621 11
-4.05434 5.10804 0.00394 0 -0.40000 -44.65000 0.00120 1.52170 11
-1.95125 6.96041 0.00394 0 -0.22500 -44.77500 0.00120 1.52253 11
-0.39147 0.08493 0.00394 0 -1.60000 -48.62500 0.00120 1.54383 11
0.73522 -0.27717 0.00394 0 0.62500 -46.90000 0.00120 1.55933 11
3.04474 -0.55013 0.00394 0 0.87500 13.92500 0.00120 1.07913 11
-3.08132 0.65321 0.00394 0 3.05000 6.80000 0.00120 1.10476 11
5.20888 6.88861 0.00394 0 1.37500 3.17500 0.00120 1.11936 11
0.58256 -0.62282 0.00394 0 1.25000 3.07500 0.00120 1.11968 11
0.17726 -0.31713 0.00394 0 5.50000 62.35000 0.00120 1.00116 11
-0.02831 -0.22313 0.00394 0 -0.35000 60.65000 0.00120 1.03696 11
-0.13176 -0.12972 0.00394 0 5.67500 61.65000 0.00120 1.06331 11
0.01650 -0.29041 0.00394 0 -0.75000 64.37500 0.00120 1.10208 11
-0.16424 0.10434 0.00394 0 5.85000 64.07500 0.00120 1.12532 11
1.13767 -1.45257 0.00394 0 -2.40000 -55.17500 0.00120 2.63482 11
-1.25523 1.26348 0.00394 0 -2.72500 -54.77500 0.00120 2.63668 11
0.48827 -0.64850 0.00394 0 -1.32500 -52.15000 0.00120 2.65617 11
-0.81876 0.03803 0.00394 0 -2.52500 -51.50000 0.00120 2.66207 11
0.93487 -0.83409 0.00394 0 -1.65000 -48.20000 0.00120 2.67839 11
6.64464 -2.40923 0.00394 0 -1.70000 57.67500 0.00120 0.91870 11
-2.74369 1.46841 0.00394 0 -0.75000 55.10000 0.00120 0.92791 11
7.04725 -4.02317 0.00394 0 -3.37500 44.12500 0.00120 0.97641 11
-2.41399 2.29905 0.00394 0 -2.30000 42.75000 0.00120 0.98189 11
1.78692 0.29224 0.00313 0 5.40000 -40.77500 0.00313 1.45918 11
3.19952 -0.22345 0.00313 0 6.15000 -43.77500 0.00313 1.47244 11
-0.27593 0.26268 0.00313 0 7.42500 -44.50000 0.00313 1.48172 11
-0.28269 -1.11504 0.00313 0 6.57500 -44.92500 0.00313 1.48743 11
2.30205 4.77185 0.00313 0 7.37500 -44.57500 0.00313 1.49232 11
2.89434 2.25062 0.00313 0 7.97500 -44.37500 0.00313 1.49644 11
2.30917 0.06207 0.00313 0 8.35000 -43.22500 0.00313 1.50458 11
-4.81713 -4.59694 0.00313 0 -2.55000 63.70000 0.00313 1.20096 11
1.37540 -8.27235 0.00313 0 -3.87500 64.07500 0.00313 1.21090 11
-1.63266 -0.64006 0.00313 0 -4.05000 63.90000 0.00313 1.18527 11
18.85639 0.64756 0.00148 0 7.42500 36.05000 0.00035 1.15068 11
-2.01159 -0.76834 0.00148 0 8.30000 31.02500 0.00035 1.16994 11
-2.81256 -0.38264 0.00148 0 -3.95000 29.42500 0.00035 1.17658 11
8.01398 18.55174 0.00148 0 7.35000 30.17500 0.00035 1.18935 11
-0.70177 0.13345 0.00136 0 3.45000 -6.82500 0.00128 0.55995 11
-0.02940 0.33275 0.00136 0 4.42500 -5.67500 0.00128 0.56725 11
-6.14020 0.13094 0.00610 0 -0.02500 63.22500 0.00113 0.19156 11
1.82387 -1.40845 0.01127 0 1.95000 56.85000 0.00228 0.88976 11
-1.34038 1.21052 0.01127 0 5.37500 53.27500 0.00228 0.90697 11
2.93135 -2.57572 0.01127 0 3.85000 40.50000 0.00228 0.98268 11
-1.69349 1.79395 0.01127 0 6.15000 38.27500 0.00228 0.99319 11
0.40301 -0.55100 0.01127 0 2.75000 -5.60000 0.00228 1.21991 11
-0.39101 0.80708 0.01127 0 6.07500 -6.87500 0.00228 1.23443 11
0.43099 -0.23328 0.01127 0 3.25000 -10.80000 0.00228 1.26203 11
-0.58385 0.17424 0.01127 0 6.45000 -13.25000 0.00228 1.27985 11
2.83835 0.87487 0.01127 0 4.62500 -18.60000 0.00228 1.30059 11
-1.06033 0.47218 0.01127 0 6.05000 -21.35000 0.00228 1.31907 11
0.56544 -0.26517 0.01127 0 4.40000 -17.05000 0.00228 1.29691 11
-1.13459 0.33180 0.01127 0 6.00000 -18.60000 0.00228 1.30745 11
1.06744 0.87278 0.01127 0 6.00000 -19.27500 0.00228 1.31019 11
-0.19800 -0.66671 0.01127 0 7.00000 -20.30000 0.00228 1.32171 11
-0.96899 -0.21346 0.01440 0 -2.67500 59.77500 0.00061 1.28880 11
1.74597 -0.14467 0.01440 0 4.90000 52.12500 0.00061 1.32264 11
-2.22185 0.29382 0.01440 0 7.57500 43.65000 0.00061 1.35411 11
1.02874 0.01720 0.01440 0 5.55000 35.65000 0.00061 1.38329 11
-2.87243 -1.25396 0.01440 0 -3.07500 24.85000 0.00061 1.42977 11
1.27254 0.54076 0.01440 0 -3.65000 23.80000 0.00061 1.43374 11
-1.35788 -0.47808 0.01440 0 -1.35000 17.65000 0.00061 1.46171 11
1.64501 -1.06470 0.01440 0 -2.85000 10.02500 0.00061 1.49329 11
-1.16887 0.73098 0.01440 0 -1.17500 8.20000 0.00061 1.50235 11
0.28560 -0.95396 0.01440 0 -3.05000 4.45000 0.00061 1.52672 11
-0.34377 0.76439 0.01440 0 -1.00000 3.82500 0.00061 1.53514 11
0.19490 -0.42539 0.01440 0 -3.12500 3.07500 0.00061 1.55679 11
-0.27309 0.20916 0.01440 0 -0.72500 2.37500 0.00061 1.56832 11
0.05363 0.09012 0.01440 0 -3.12500 1.82500 0.00061 1.58174 11
0.29343 -0.20242 0.01440 0 -0.85000 1.87500 0.00061 1.59556 11
-0.92257 0.26154 0.01440 0 -2.47500 3.52500 0.00061 1.60567 11
1.60599 0.13851 0.01440 0 -1.20000 5.85000 0.00061 1.61810 11
-17.73872 -4.59189 0.01440 0 -1.15000 6.07500 0.00061 1.61891 11
6.31937 -0.99260 0.01440 0 -1.10000 6.47500 0.00061 1.62063 11
-1.12720 -0.66946 0.00234 0 7.22500 15.52500 0.00208 1.75322 11
0.97866 0.47827 0.00234 0 4.75000 14.12500 0.00208 1.76390 11
-1.03723 -0.48899 0.00234 0 7.07500 8.65000 0.00208 1.78990 11
0.13535 0.79541 0.00234 0 4.40000 7.17500 0.00208 1.80198 11
0.08134 -1.12944 0.00234 0 6.95000 7.02500 0.00208 1.82698 11
-100.16900 182.15069 0.00234 0 5.12500 8.35000 0.00208 1.83679 11
-3.11027 -0.11013 0.00172 0 -0.65000 -21.10000 0.00049 -0.04205 11
2.87870 0.36806 0.00172 0 0.40000 -16.67500 0.00049 -0.02550 11
-0.89194 0.07447 0.00172 0 -0.50000 -11.57500 0.00049 -0.00635 11
0.98011 -0.20428 0.00172 0 1.37500 -8.90000 0.00049 0.00888 11
-0.64149 0.32257 0.00172 0 0.60000 -5.42500 0.00049 0.02226 11
0.39939 -0.17038 0.00172 0 2.30000 -4.35000 0.00049 0.03581 11
-0.23434 -0.65178 0.00172 0 1.92500 -2.20000 0.00049 0.04485 11
0.29496 0.57250 0.00172 0 2.95000 -1.95000 0.00049 0.04985 11
2.43548 -2.24489 0.00172 0 1.92500 -2.35000 0.00049 0.05882 11
-4.15931 -0.02567 0.08615 0 -0.90000 60.80000 0.01990 0.21725 11
-4.53371 0.11676 0.08615 0 -3.50000 61.62500 0.01990 0.22014 11
-4.24049 0.00477 0.08615 0 -1.90000 61.05000 0.01990 0.21810 11
-4.51613 -0.45712 0.08615 0 7.27500 64.27500 0.01990 0.22924 11
-4.12664 -0.30391 0.08615 0 3.85000 61.80000 0.01990 0.22070 11
-4.21996 -0.26665 0.08615 0 3.95000 61.72500 0.01990 0.22044 11
-4.12869 -0.01992 0.08615 0 0.45000 60.70000 0.01990 0.21691 11
-4.33254 -0.05525 0.08615 0 -1.70000 60.95000 0.01990 0.21783 11
-4.52785 -0.28002 0.08615 0 4.00000 61.85000 0.01990 0.22089 11
-4.22880 -0.17062 0.08615 0 3.15000 61.45000 0.01990 0.21947 11
-4.51526 -0.21236 0.08615 0 3.42500 61.50000 0.01990 0.21974 11
-3.99597 -0.06644 0.08615 0 0.92500 60.52500 0.01990 0.21633 11
-3.99831 0.00833 0.08615 0 -3.37500 61.47500 0.01990 0.21962 11
-4.01367 0.13593 0.08615 0 -3.22500 61.45000 0.01990 0.21948 11
-4.19762 -0.21659 0.08615 0 2.57500 61.20000 0.01990 0.21864 11
-4.33886 -0.06237 0.08615 0 -1.97500 60.95000 0.01990 0.21780 11
-4.17304 -0.02378 0.08615 0 -1.65000 61.02500 0.01990 0.21800 11
-4.19016 -0.02567 0.08615 0 -1.85000 61.00000 0.01990 0.21797 11
-4.51550 -0.12855 0.08615 0 -0.35000 60.67500 0.01990 0.21688 11
-3.99248 -0.01442 0.08615 0 -1.57500 60.97500 0.01990 0.21786 11
-4.60039 -0.37654 0.08615 0 5.97500 63.20000 0.01990 0.22551 11
-4.96550 -0.43535 0.08615 0 6.95000 64.10000 0.01990 0.22862 11
-0.27080 -0.14100 0.08615 0 6.87500 63.50000 0.01990 0.22654 11
0.54492 0.62221 0.08615 0 8.37500 63.85000 0.01990 0.23472 11
-0.33377 -0.05009 0.08615 0 -3.95000 64.15000 0.01990 0.24426 11
5.23779 -3.59146 0.08615 0 -3.90000 64.70000 0.01990 0.25580 11
-4.24739 -0.16779 0.08615 0 2.37500 61.22500 0.01990 0.21872 11
2.70869 0.22999 0.00150 0 3.97500 -42.37500 0.00030 -0.12748 11
-2.78723 1.47485 0.00150 0 2.62500 -39.97500 0.00030 -0.10592 11
6.74940 -4.57807 0.00150 0 3.05000 -34.67500 0.00030 -0.08422 11
1.12145 -1.61918 0.00254 0 5.20000 -19.82500 0.00066 0.05632 11
75.24006 -53.62655 0.00254 0 4.65000 -19.20000 0.00066 0.05912 11
-0.16756 2.00912 0.00254 0 2.42500 -17.70000 0.00066 0.07492 11
0.03085 -2.71616 0.00254 0 3.12500 -18.60000 0.00066 0.09534 11
4.62254 4.45548 0.00272 0 -1.87500 63.92500 0.00261 1.28532 -11
-2.17259 -1.35896 0.00272 0 -1.97500 63.82500 0.00261 1.28584 -11
1.61806 0.42475 0.00272 0 -0.05000 60.90000 0.00261 1.30223 -11
-1.20231 -0.95274 0.00272 0 -0.97500 58.80000 0.00261 1.31067 -11
-0.10496 -0.03565 0.00272 0 1.22500 59.02500 0.00261 1.32685 -11
-0.01203 0.29258 0.00272 0 -0.87500 59.45000 0.00261 1.34127 -11
0.14286 0.63406 0.00272 0 0.95000 58.60000 0.00261 1.35697 -11
-0.17731 -0.66726 0.00272 0 -0.50000 58.37500 0.00261 1.36338 -11
-0.07696 0.16764 0.00272 0 0.52500 55.97500 0.00261 1.37753 -11
0.34063 0.09793 0.00272 0 -0.87500 56.80000 0.00261 1.38704 -11
0.52174 -4.86890 0.00272 0 -0.60000 56.80000 0.00261 1.39253 -11
5.16315 0.81782 0.00233 0 4.15000 56.12500 0.00187 1.16197 -11
2.11437 1.70031 0.00233 0 3.65000 52.95000 0.00187 1.18125 -11
-2.92034 -2.07291 0.00233 0 2.62500 51.80000 0.00187 1.18679 -11
-2.50888 -1.39972 0.00233 0 2.35000 51.45000 0.00187 1.18823 -11
0.31258 -0.25422 0.00233 0 4.42500 50.20000 0.00187 1.19958 -11
-0.18539 0.16546 0.00233 0 1.97500 49.57500 0.00187 1.21651 -11
0.44077 0.11934 0.00233 0 3.85000 47.32500 0.00187 1.23016 -11
-0.38216 0.06567 0.00233 0 1.82500 46.10000 0.00187 1.24186 -11
0.12224 -0.07207 0.00233 0 2.82500 44.62500 0.00187 1.25409 -11
-0.16612 0.21555 0.00233 0 1.15000 43.32500 0.00187 1.28118 -11
-0.50976 -0.13919 0.00233 0 2.32500 41.57500 0.00187 1.29294 -11
0.50052 0.77744 0.00233 0 1.52500 42.97500 0.00187 1.30051 -11
-1.40177 2.24760 0.00233 0 1.57500 43.05000 0.00187 1.30168 -11
-1.10760 0.24573 0.00233 0 7.45000 63.17500 0.00187 1.20884 -11
-1.43998 1.20638 0.00233 0 -4.27500 62.42500 0.00187 1.21241 -11
1.47822 -0.05985 0.00233 0 -2.40000 60.50000 0.00187 1.22358 -11
-1.28824 0.06535 0.00233 0 -4.10000 57.80000 0.00187 1.23772 -11
0.78967 -0.05761 0.00233 0 -1.85000 55.62500 0.00187 1.25315 -11
0.02125 0.22257 0.00233 0 -2.80000 54.00000 0.00187 1.26278 -11
5.26777 4.30791 0.00233 0 -2.60000 54.05000 0.00187 1.26460 -11
0.50180 -0.36201 0.00233 0 2.30000 64.62500 0.00187 1.31412 -11
-0.43111 0.50438 0.00233 0 -0.25000 62.07500 0.00187 1.33587 -11
-0.17666 -0.06776 0.00233 0 2.00000 61.20000 0.00187 1.34570 -11
-0.09511 -0.08964 0.00233 0 -0.82500 61.47500 0.00187 1.36071 -11
0.35579 0.24586 0.00233 0 1.80000 60.12500 0.00187 1.37713 -11
-0.33605 -0.32324 0.00233 0 -0.62500 59.32500 0.00187 1.38884 -11
1.15446 0.39585 0.00233 0 1.47500 58.47500 0.00187 1.39947 -11
-1.96100 -0.63260 0.00233 0 0.25000 56.47500 0.00187 1.40873 -11
7.91917 2.63812 0.00233 0 0.15000 56.12500 0.00187 1.41002 -11
-3.96414 4.18851 0.00233 0 0.27500 54.62500 0.00187 1.41787 -11
0.52232 0.45500 0.00233 0 -0.82500 54.10000 0.00187 1.43043 -11
-1.12294 0.89900 0.00233 0 -0.92500 62.52500 0.00187 1.17280 -11
-0.15191 -0.38209 0.00233 0 2.42500 56.40000 0.00187 1.20021 -11
0.15860 0.36461 0.00233 0 0.50000 57.07500 0.00187 1.21478 -11
0.00933 -0.56559 0.00233 0 2.07500 58.30000 0.00187 1.22370 -11
-0.70329 1.03472 0.00233 0 0.85000 57.85000 0.00187 1.23742 -11
-2.46100 -9.96115 0.00233 0 2.17500 58.27500 0.00187 1.24889 -11
-3.55174 0.98800 0.00233 0 5.80000 32.22500 0.00187 1.33494 -11
4.62698 3.89173 0.00233 0 7.15000 25.15000 0.00187 1.36052 -11
-2.74916 -3.94819 0.00233 0 6.52500 24.50000 0.00187 1.36268 -11
0.04422 -0.04372 0.00233 0 -3.90000 22.12500 0.00187 1.40615 -11
-0.30331 -0.19933 0.00233 0 8.05000 22.10000 0.00187 1.40933 -11
0.51289 0.04923 0.00233 0 6.65000 23.12500 0.00187 1.42060 -11
-0.11558 1.38136 0.00233 0 5.15000 19.42500 0.00187 1.32102 -11
-0.00383 -0.25431 0.00233 0 6.70000 19.25000 0.00187 1.32751 -11
0.07752 0.51339 0.00233 0 4.70000 19.70000 0.00187 1.34246 -11
-0.95957 -0.22986 0.00233 0 4.77500 20.00000 0.00187 1.34402 -11
0.59150 0.33033 0.00233 0 3.42500 21.92500 0.00187 1.35502 -11
0.32421 -0.72232 0.00233 0 5.07500 21.62500 0.00187 1.36560 -11
3.01285 -5.31406 0.00233 0 4.27500 20.90000 0.00187 1.38028 -11
-0.74371 0.35145 0.00233 0 3.25000 19.75000 0.00187 1.39155 -11
-0.44393 2.15711 0.00233 0 -2.60000 44.85000 0.00187 1.28350 -11
1.68069 -1.96600 0.00233 0 -2.45000 44.80000 0.00187 1.28416 -11
8.21810 -8.14226 0.00233 0 -3.15000 -34.67500 0.00187 1.67785 -11
-0.87403 -0.33746 0.00233 0 7.37500 -37.00000 0.00187 1.69409 -11
0.29350 2.41792 0.00233 0 -4.20000 -37.12500 0.00187 1.69704 -11
-0.20071 -4.31849 0.00233 0 -4.00000 -37.12500 0.00187 1.69789 -11
-0.20270 0.07181 0.00233 0 7.10000 -36.57500 0.00187 1.71331 -11
0.09626 3.10349 0.00233 0 7.30000 -36.50000 0.00187 1.71669 -11
4.17823 1.91894 0.00142 0 -3.80000 -4.65000 0.00078 2.27681 11
0.17460 -0.11292 0.00142 0 -2.95000 -26.22500 0.00078 1.68294 11
-0.44722 0.67700 0.00142 0 -1.50000 -26.70000 0.00078 1.69041 11
3.32976 1.01294 0.00486 0 -3.40000 -50.00000 0.00483 0.65379 11
13.45711 5.02042 0.00486 0 -3.62500 -35.22500 0.00483 0.70527 11
-0.21038 -1.21212 0.00486 0 4.57500 -33.52500 0.00483 0.73775 11
0.35256 1.54904 0.00486 0 7.20000 -33.00000 0.00483 0.74766 11
0.29266 1.16041 0.00486 0 -3.35000 -32.72500 0.00483 0.75333 11
-0.28433 -0.68223 0.00486 0 5.27500 -31.02500 0.00483 0.77940 11
0.24526 0.60022 0.00486 0 8.05000 -29.92500 0.00483 0.79121 11
0.11145 -0.23305 0.00486 0 -4.00000 -29.82500 0.00483 0.79414 11
0.08017 -0.04845 0.00486 0 4.80000 -28.95000 0.00483 0.80911 11
-0.28622 0.08852 0.00486 0 7.90000 -29.85000 0.00483 0.82473 11
-1.24486 0.41504 0.00486 0 -3.82500 -30.65000 0.00483 0.82892 11
0.28002 -0.09300 0.00486 0 5.77500 -33.45000 0.00483 0.84569 11
-0.21315 -0.34219 0.00486 0 -3.52500 -34.27500 0.00483 0.86421 11
0.51831 0.13529 0.00486 0 6.20000 -34.55000 0.00483 0.87435 11
-0.55877 -0.19944 0.00486 0 8.32500 -36.85000 0.00483 0.89006 11
-0.22872 -0.78235 0.00486 0 -4.15000 -37.17500 0.00483 0.89369 11
0.68955 1.03603 0.00486 0 5.97500 -37.92500 0.00483 0.90226 11
9.36529 4.99892 0.00486 0 7.70000 -39.72500 0.00483 0.91765 11
-0.01638 -1.96540 0.00486 0 -3.45000 -39.50000 0.00483 0.93611 11
4.20437 0.97069 0.00486 0 -4.12500 -63.50000 0.00483 0.62100 11
9.53003 5.41981 0.00486 0 6.05000 -54.50000 0.00483 0.65637 11
0.20656 -0.60976 0.00486 0 2.80000 -51.90000 0.00483 0.68354 11
-0.33504 0.53342 0.00486 0 5.72500 -52.75000 0.00483 0.69579 11
-0.03749 -0.43010 0.00486 0 2.87500 -54.95000 0.00483 0.72164 11
0.64521 0.10916 0.00486 0 6.02500 -54.60000 0.00483 0.73594 11
-2.59258 1.12548 0.00486 0 4.47500 -51.27500 0.00483 0.74952 11
1.53736 -1.16308 0.00486 0 5.62500 -46.62500 0.00483 0.77325 11
-6.34894 5.45333 0.00486 0 4.00000 -46.40000 0.00483 0.77952 11
2.55334 -0.69618 0.00486 0 3.75000 -26.55000 0.00483 0.86050 11
-1.89463 -0.04450 0.02319 0 2.87500 -16.22500 0.01085 -0.05392 -11
2.16440 -0.49947 0.02319 0 8.05000 54.60000 0.01085 0.21103 -11
1.98471 -0.05834 0.02319 0 -4.15000 56.20000 0.01085 0.21697 -11
-1.99387 0.09852 0.02319 0 -0.90000 -16.40000 0.01085 -0.05463 -11
1.88697 -0.05440 0.02319 0 2.70000 54.30000 0.01085 0.21432 -11
-1.68685 -0.10640 0.02319 0 4.72500 -15.77500 0.01085 -0.05224 -11
1.95562 0.11161 0.02319 0 -2.50000 52.32500 0.01085 0.20753 -11
-0.48527 0.36917 0.00146 0 3.67500 -13.90000 0.00042 -0.04443 11
0.45187 -0.24348 0.00146 0 5.90000 -12.00000 0.00042 -0.02834 11
-0.71210 0.00313 0.00146 0 3.67500 -10.45000 0.00042 -0.01532 11
0.55867 0.81946 0.00146 0 5.40000 -8.27500 0.00042 -0.00287 11
0.02127 -0.71991 0.00146 0 5.52500 -9.60000 0.00042 0.02082 11
0.20509 0.63874 0.00146 0 7.00000 -9.40000 0.00042 0.02776 11
-4.60136 0.85386 0.00146 0 5.77500 -13.02500 0.00042 0.05482 11
-2.67781 -0.84523 0.00146 0 5.80000 -13.00000 0.00042 0.05515 11
-1.79094 -0.36565 0.02319 0 6.47500 -15.22500 0.01085 -0.05014 -11
1.82231 0.32475 0.02319 0 0.25000 57.37500 0.01085 0.22451 -11
-1.91410 0.01403 0.02319 0 -2.00000 -16.35000 0.01085 -0.05438 -11
2.16895 0.01349 0.02319 0 3.85000 57.85000 0.01085 0.22181 -11
-1.85856 -0.17509 0.02319 0 5.50000 -15.42500 0.01085 -0.05101 -11
1.82317 0.20885 0.02319 0 -3.22500 57.72500 0.01085 0.23395 -11
-2.03129 -0.10976 0.02319 0 6.55000 -15.17500 0.01085 -0.04991 -11
2.25304 -0.02402 0.02319 0 0.15000 56.07500 0.01085 0.21369 -11
-1.96998 0.17237 0.02319 0 -2.80000 -15.82500 0.01085 -0.05259 -11
1.99042 -0.17123 0.02319 0 0.92500 49.92500 0.01085 0.19585 -11
-1.92862 0.02776 0.02319 0 3.95000 -15.97500 0.01085 -0.05299 -11
1.91718 -0.00550 0.02319 0 -3.05000 52.45000 0.01085 0.20186 -11
-2.07680 -0.14005 0.02319 0 3.75000 -15.92500 0.01085 -0.05291 -11
1.78105 0.16492 0.02319 0 -1.82500 57.85000 0.01085 0.22050 -11
-1.90730 -0.14833 0.02319 0 4.85000 -15.80000 0.01085 -0.05231 -11
1.63472 0.01191 0.02319 0 -2.22500 48.00000 0.01085 0.19594 -11
-1.97954 0.16863 0.00251 0 4.85000 -16.00000 0.00221 -0.05279 11
4.79696 1.04728 0.00251 0 6.52500 -8.17500 0.00221 -0.02395 11
-0.96928 0.44664 0.00251 0 4.75000 -2.30000 0.00221 0.00049 11
0.80266 -0.44547 0.00251 0 7.27500 1.47500 0.00221 0.02267 11
-0.25886 0.60631 0.00251 0 4.95000 2.52500 0.00221 0.03319 11
0.51321 -0.61856 0.00251 0 7.12500 4.70000 0.00221 0.05462 11
-0.46805 -0.55762 0.00251 0 4.80000 6.55000 0.00221 0.06827 11
0.54647 0.74381 0.00251 0 6.72500 7.20000 0.00221 0.07656 11
-0.06529 1.37024 0.00251 0 5.47500 9.82500 0.00221 0.08823 11
0.07357 -0.82638 0.00251 0 6.80000 9.90000 0.00221 0.10618 11
-1.51319 0.43720 0.00251 0 6.55000 10.15000 0.00221 0.10772 11
5.91843 3.29270 0.00251 0 7.22500 13.20000 0.00221 0.12086 11
0.81103 1.22340 0.00251 0 7.75000 13.47500 0.00221 0.12349 11
0.52359 -0.15226 0.00251 0 -3.80000 13.97500 0.00221 0.12843 11
-1.77967 0.11828 0.02319 0 -1.90000 -16.40000 0.01085 -0.05459 -11
1.96437 -0.15962 0.02319 0 4.47500 54.57500 0.01085 0.20735 -11
-1.86845 -0.00214 0.02319 0 1.55000 -16.45000 0.01085 -0.05472 -11
2.22114 -0.29242 0.02319 0 5.87500 52.57500 0.01085 0.20485 -11
-1.99724 -0.02053 0.02319 0 0.95000 -16.42500 0.01085 -0.05470 -11
2.38302 -0.57911 0.02319 0 8.05000 51.67500 0.01085 0.19419 -11
2.26859 -0.00743 0.02319 0 -4.15000 53.40000 0.01085 0.20049 -11
-1.89594 -0.19182 0.02319 0 5.42500 -15.50000 0.01085 -0.05126 -11
1.95048 0.17803 0.02319 0 -1.72500 57.85000 0.01085 0.22586 -11
-1.68641 0.00576 0.02319 0 0.10000 -16.60000 0.01085 -0.05527 -11
1.56478 -0.06304 0.02319 0 3.22500 55.22500 0.01085 0.22322 -11
-1.85829 -0.14206 0.02319 0 5.55000 -15.47500 0.01085 -0.05112 -11
1.91186 0.02447 0.02319 0 -1.97500 54.50000 0.01085 0.21435 -11
-1.83923 0.06173 0.02319 0 1.67500 -16.40000 0.01085 -0.05457 -11
1.86169 -0.46450 0.02319 0 6.00000 45.87500 0.01085 0.17992 -11
-1.88398 -0.17924 0.02319 0 7.17500 -14.87500 0.01085 -0.04883 -11
1.92445 0.24082 0.02319 0 -1.25000 59.62500 0.01085 0.23968 -11
-1.99164 0.00271 0.02319 0 -0.90000 -16.52500 0.01085 -0.05496 -11
1.99888 -0.05406 0.02319 0 6.45000 54.62500 0.01085 0.20606 -11
-1.94004 -0.02905 0.02319 0 0.55000 -16.45000 0.01085 -0.05475 -11
1.89233 -0.20776 0.02319 0 5.50000 54.57500 0.01085 0.21350 -11
-2.01112 -0.24424 0.02319 0 4.52500 -15.82500 0.01085 -0.05245 -11
2.27721 0.06734 0.02319 0 -2.52500 60.62500 0.01085 0.23543 -11
0.47929 -0.41141 0.00256 0 7.32500 -1.22500 0.00213 -0.00390 -11
-0.03597 -0.96811 0.00256 0 -1.27500 1.87500 0.00213 0.01634 -11
0.42917 -0.20543 0.00256 0 7.80000 3.52500 0.00213 0.04288 -11
0.18884 0.76992 0.00256 0 -3.97500 3.72500 0.00213 0.04572 -11
-0.52241 -1.15402 0.00256 0 -1.10000 3.20000 0.00213 0.05768 -11
1.44931 -0.38035 0.00399 0 -0.30000 2.92500 0.00252 0.00738 11
-1.29485 -0.44534 0.00399 0 7.15000 10.25000 0.00252 0.04095 11
0.81764 -0.43539 0.00399 0 -0.47500 17.87500 0.00252 0.07905 11
-0.56907 -0.47064 0.00399 0 6.52500 21.90000 0.00252 0.10566 11
0.71105 -0.10472 0.00399 0 -0.25000 26.57500 0.00252 0.13784 11
-0.97745 -0.64679 0.00399 0 6.85000 30.80000 0.00252 0.16944 11
0.81710 -0.02790 0.00399 0 -1.07500 35.65000 0.00252 0.19571 11
-1.64728 0.18051 0.00399 0 -4.47500 43.02500 0.00252 0.22976 11
-3.16542 -1.48991 0.00399 0 7.67500 44.05000 0.00252 0.23413 11
1.09458 0.06639 0.00399 0 -2.05000 48.25000 0.00252 0.25193 11
-0.96748 -0.93628 0.00399 0 7.17500 53.35000 0.00252 0.27643 11
0.61491 0.06276 0.00399 0 -1.60000 56.32500 0.00252 0.29575 11
0.47783 0.57542 0.00399 0 -1.67500 60.50000 0.00252 0.33740 11
1.69110 0.28204 0.00593 0 3.30000 -24.35000 0.00480 0.21023 -11
-1.88966 -0.69394 0.00593 0 7.32500 -15.15000 0.00480 0.24602 -11
0.89327 1.14077 0.00593 0 2.42500 7.62500 0.00480 0.39207 -11
-0.40875 -0.68334 0.00593 0 7.32500 10.57500 0.00480 0.41305 -11
-0.04891 0.31033 0.00593 0 1.20000 10.57500 0.00480 0.45773 -11
-0.33218 -0.40154 0.00593 0 7.37500 11.20000 0.00480 0.48385 -11
-0.03529 0.64630 0.00593 0 1.42500 14.10000 0.00480 0.53153 -11
0.32822 -0.24276 0.00593 0 7.15000 14.27500 0.00480 0.55505 -11
1.00309 -0.03912 0.00593 0 0.97500 37.22500 0.00480 0.66569 -11
0.01628 0.50830 0.00593 0 -1.97500 44.70000 0.00480 0.73465 -11
-0.02284 -0.79648 0.00593 0 5.20000 44.60000 0.00480 0.75521 -11
0.39471 0.86100 0.00593 0 -2.32500 41.97500 0.00480 0.78962 -11
-1.51111 2.27401 0.00593 0 7.97500 41.37500 0.00480 0.79769 -11
-3.98950 0.76325 0.00593 0 7.75000 41.52500 0.00480 0.79874 -11
-3.39514 2.10319 0.00593 0 7.25000 46.50000 0.00480 0.81096 -11
0.61697 -0.83704 0.00593 0 5.15000 49.70000 0.00480 0.83372 -11
-0.97894 0.39427 0.00593 0 -4.47500 53.87500 0.00480 0.85788 -11
-0.33499 0.50063 0.00593 0 7.35000 54.37500 0.00480 0.86057 -11
0.48480 -0.54353 0.00593 0 4.77500 55.37500 0.00480 0.87217 -11
-0.28121 0.18189 0.00593 0 6.60000 59.32500 0.00480 0.89414 -11
-0.00763 -0.35375 0.00593 0 4.05000 59.85000 0.00480 0.90613 -11
-1.37059 0.25440 0.00593 0 6.47500 61.17500 0.00480 0.92255 -11
0.90201 -0.15743 0.00593 0 5.05000 63.92500 0.00480 0.93461 -11
1.59280 1.89449 0.00593 0 2.00000 -46.95000 0.00480 0.19977 -11
-15.28180 -6.99103 0.00593 0 4.17500 -44.57500 0.00480 0.21086 -11
1.76027 0.37121 0.00593 0 3.77500 25.05000 0.00480 0.46554 -11
-1.55811 -0.43609 0.00593 0 -4.37500 29.87500 0.00480 0.48760 -11
-1.88000 -0.21396 0.00593 0 7.95000 30.92500 0.00480 0.49208 -11
1.05965 2.06557 0.00593 0 3.80000 42.07500 0.00480 0.54591 -11
-0.09202 0.38012 0.00593 0 5.50000 41.65000 0.00480 0.59321 -11
0.33451 -0.41764 0.00593 0 -3.62500 41.02500 0.00480 0.60560 -11
-0.31136 -0.01762 0.00593 0 5.75000 39.25000 0.00480 0.62780 -11
0.77047 0.15203 0.00593 0 -3.60000 36.82500 0.00480 0.64531 -11
0.37310 0.81851 0.00593 0 7.87500 36.10000 0.00480 0.64978 -11
-0.26489 -0.69612 0.00593 0 5.75000 35.45000 0.00480 0.65883 -11
-0.13751 0.19413 0.00593 0 -3.85000 34.72500 0.00480 0.67618 -11
0.64298 0.21297 0.00593 0 7.95000 34.80000 0.00480 0.67926 -11
-0.47227 -0.39644 0.00593 0 6.00000 33.27500 0.00480 0.69003 -11
0.09609 0.17382 0.00593 0 6.92500 31.10000 0.00480 0.70069 -11
-0.30559 -0.20929 0.00593 0 5.27500 30.87500 0.00480 0.71017 -11
-0.91303 0.08129 0.00810 0 -3.47500 63.62500 0.00736 0.82579 -11
1.53187 0.29150 0.00810 0 1.22500 52.52500 0.00736 0.87148 -11
-1.37348 -0.32900 0.00810 0 -3.27500 44.80000 0.00736 0.90438 -11
1.31534 0.01597 0.00810 0 0.75000 35.57500 0.00736 0.94198 -11
-1.77157 -0.11282 0.00810 0 -3.00000 27.12500 0.00736 0.97591 -11
0.97919 0.24075 0.00810 0 1.67500 18.85000 0.00736 1.01417 -11
-0.94966 -0.26327 0.00810 0 -3.12500 12.77500 0.00736 1.04462 -11
1.98527 0.90983 0.00810 0 5.85000 -3.10000 0.00736 1.12218 -11
-3.34622 -1.84156 0.00810 0 4.00000 -6.30000 0.00736 1.13506 -11
1.55124 -0.56700 0.00810 0 3.67500 -24.80000 0.00736 1.19970 -11
-1.49721 0.46093 0.00810 0 1.00000 -32.45000 0.00736 1.23257 -11
1.24102 -0.03877 0.00810 0 4.30000 -36.80000 0.00736 1.25370 -11
-0.93736 -0.40248 0.00810 0 2.15000 -40.47500 0.00736 1.27018 -11
0.45061 -0.52813 0.00810 0 4.25000 -43.62500 0.00736 1.28575 -11
1.04575 1.37010 0.00810 0 2.30000 62.35000 0.00736 1.59764 -11
-0.88258 -1.15125 0.00810 0 -1.15000 60.05000 0.00736 1.61236 -11
0.61962 0.33219 0.00810 0 3.02500 52.72500 0.00736 1.66061 -11
-0.64559 -0.35204 0.00810 0 -1.40000 48.97500 0.00736 1.68377 -11
0.76269 -0.11462 0.00810 0 2.92500 43.52500 0.00736 1.71471 -11
0.55667 0.04074 0.00810 0 -1.12500 41.55000 0.00736 1.74246 -11
-0.62136 0.62010 0.00810 0 2.62500 46.62500 0.00736 1.77117 -11
0.56090 -0.55817 0.00810 0 -0.80000 48.70000 0.00736 1.78672 -11
-0.83609 0.33041 0.00810 0 2.70000 53.30000 0.00736 1.81292 -11
0.79835 -0.07430 0.00810 0 -0.70000 56.67500 0.00736 1.83232 -11
0.03772 -0.30383 0.00810 0 2.02500 59.15000 0.00736 1.84645 -11
-0.61931 0.62073 0.00810 0 -1.62500 57.50000 0.00736 1.87284 -11
0.86164 -0.34935 0.00810 0 1.02500 56.77500 0.00736 1.88378 -11
-0.72835 0.06178 0.00810 0 -1.62500 53.75000 0.00736 1.90258 -11
1.24639 -0.93461 0.00810 0 0.90000 51.30000 0.00736 1.92057 -11
-2.19186 1.14056 0.00810 0 0.35000 37.25000 0.00736 1.97755 -11
-16.56755 -4.97024 0.00810 0 1.20000 34.70000 0.00736 1.98898 -11
1.26554 0.27858 0.00810 0 0.35000 33.27500 0.00736 1.99914 -11
-1.28074 -0.16350 0.00810 0 -0.72500 31.62500 0.00736 2.00828 -11
23.04456 -18.59473 0.00810 0 -0.67500 31.25000 0.00736 2.01003 -11
1.07726 12.47507 0.00236 0 -4.22500 24.82500 0.00235 4.42553 -11
-0.33803 0.77348 0.00236 0 -3.67500 21.70000 0.00235 4.45130 -11
-1.07345 0.85146 0.00236 0 7.62500 22.20000 0.00235 4.45550 -11
1.14238 -1.34432 0.00236 0 6.67500 23.20000 0.00235 4.46071 -11
-0.12513 1.34081 0.00236 0 6.65000 19.40000 0.00235 4.47922 -11
0.01373 -0.80250 0.00236 0 5.75000 19.32500 0.00235 4.48780 -11
0.27390 11.92782 0.00210 0 2.05000 -52.25000 0.00125 2.06076 11
0.13571 -2.53960 0.00210 0 2.67500 -51.45000 0.00125 2.07995 11
-0.55375 -1.14782 0.00210 0 2.75000 -51.25000 0.00125 2.08352 11
-0.44530 -0.27631 0.00210 0 2.97500 -51.02500 0.00125 2.11659 11
0.27411 0.32749 0.00210 0 4.00000 -50.52500 0.00125 2.12396 11
-0.47834 0.82508 0.00204 0 -0.15000 42.22500 0.00193 3.25476 11
0.41863 -1.20105 0.00204 0 0.37500 49.10000 0.00193 3.29946 11
0.11878 1.04137 0.00204 0 0.22500 49.00000 0.00193 3.30073 11
0.50173 0.63153 0.00439 0 -0.50000 63.75000 0.00400 1.27821 11
-0.95906 -1.09974 0.00439 0 3.07500 57.42500 0.00400 1.31999 11
0.15091 0.46399 0.00439 0 -1.27500 55.57500 0.00400 1.33878 11
-1.62707 0.32322 0.00439 0 4.12500 64.25000 0.00400 0.98814 11
1.29161 0.08658 0.00439 0 0.67500 56.87500 0.00400 1.01788 11
0.13198 0.05428 0.00439 0 4.87500 52.95000 0.00400 1.04737 11
-0.20091 -0.09727 0.00439 0 0.15000 53.32500 0.00400 1.07154 11
0.21807 -0.00016 0.00439 0 4.62500 55.17500 0.00400 1.09535 11
-0.33324 -0.07197 0.00439 0 0.10000 55.92500 0.00400 1.11963 11
0.40440 0.00188 0.00439 0 4.30000 58.10000 0.00400 1.14306 11
-0.49317 0.03380 0.00439 0 0.40000 61.10000 0.00400 1.16679 11
0.46937 -0.00948 0.00439 0 4.10000 64.37500 0.00400 1.19065 11
0.47524 -1.27587 0.00439 0 2.45000 63.42500 0.00400 1.09022 11
-0.46113 0.97252 0.00439 0 6.72500 62.20000 0.00400 1.10682 11
0.23201 -0.79572 0.00439 0 2.30000 60.32500 0.00400 1.15204 11
-0.25976 0.71302 0.00439 0 6.80000 59.55000 0.00400 1.16976 11
0.31271 -0.98643 0.00439 0 2.60000 55.92500 0.00400 1.21272 11
-0.24802 1.07812 0.00439 0 6.42500 54.97500 0.00400 1.22751 11
0.62585 -1.35173 0.00439 0 4.07500 52.62500 0.00400 1.27633 11
-0.78725 1.18725 0.00439 0 7.25000 51.00000 0.00400 1.28939 11
0.96353 -0.11114 0.00439 0 4.92500 43.40000 0.00400 1.32001 11
-1.16436 0.10995 0.00439 0 8.25000 38.77500 0.00400 1.34233 11
-1.92873 -0.28216 0.00439 0 -3.97500 37.52500 0.00400 1.34756 11
1.07021 -0.64709 0.00439 0 5.60000 30.45000 0.00400 1.37784 11
-1.02731 0.40911 0.00439 0 8.37500 27.85000 0.00400 1.39232 11
-0.38098 0.15161 0.00439 0 -3.45000 27.45000 0.00400 1.39606 11
0.09516 -0.27488 0.00439 0 5.12500 25.22500 0.00400 1.41516 11
0.03510 0.07600 0.00439 0 -3.22500 25.15000 0.00400 1.43532 11
0.73081 0.31317 0.00439 0 -4.47500 23.50000 0.00400 1.44325 11
0.44474 -0.44249 0.00439 0 7.65000 23.10000 0.00400 1.44602 11
-0.93021 -0.75844 0.00439 0 -2.90000 21.90000 0.00400 1.46045 11
-5.65048 3.97060 0.00439 0 -2.40000 21.65000 0.00400 1.46205 11
-1.48191 -3.19462 0.00837 0 0.60000 43.05000 0.00269 8.96864 11
2.10403 3.32194 0.00837 0 1.60000 43.37500 0.00269 8.97230 11
0.37801 0.65541 0.01873 0 -2.97500 64.50000 0.01869 1.97073 11
-0.29139 -0.45847 0.01873 0 -1.65000 55.40000 0.01869 2.10175 11
0.29144 0.69538 0.01873 0 -2.05000 51.60000 0.01869 2.14932 11
-0.29605 -0.59462 0.01873 0 -2.30000 44.40000 0.01869 2.27590 11
0.22762 0.68714 0.01873 0 -2.65000 41.97500 0.01869 2.32311 11
-0.21750 -0.37253 0.01873 0 -2.87500 33.12500 0.01869 2.44113 11
0.33528 0.58387 0.01873 0 -2.67500 29.82500 0.01869 2.48704 11
-0.47612 -0.45266 0.01873 0 -3.70000 17.15000 0.01869 2.60140 11
0.59027 0.70743 0.01873 0 -1.57500 11.90000 0.01869 2.64181 11
-0.52234 -0.47512 0.01873 0 -3.82500 -2.95000 0.01869 2.75687 11
0.48948 0.63925 0.01873 0 -1.30000 -8.25000 0.01869 2.79614 11
-0.59505 -0.24549 0.01873 0 -3.30000 -23.12500 0.01869 2.89433 11
0.39056 0.46314 0.01873 0 -2.57500 -27.60000 0.01869 2.94149 11
-0.31042 -0.22717 0.01873 0 -3.27500 -35.80000 0.01869 3.03521 11
0.36572 0.27298 0.01873 0 -3.07500 -41.67500 0.01869 3.08995 11
-0.36694 -0.29147 0.01873 0 8.35000 -49.62500 0.01869 3.16612 11
-0.39674 -0.06326 0.01873 0 -3.77500 -49.97500 0.01869 3.16936 11
0.47708 0.47937 0.01873 0 -2.35000 -54.92500 0.01869 3.21634 11
-2.14857 0.08089 0.04492 0 3.70000 -16.52500 0.01885 -0.03084 -11
-1.98400 0.03376 0.04492 0 4.17500 -16.40000 0.01885 -0.03038 -11
-2.16421 0.04764 0.04492 0 4.57500 -16.25000 0.01885 -0.02984 -11
-2.25325 0.09411 0.04492 0 2.07500 -16.82500 0.01885 -0.03197 -11
-2.30355 0.11554 0.04492 0 0.85000 -16.92500 0.01885 -0.03234 -11
-2.10449 -0.02123 0.04492 0 6.02500 -15.65000 0.01885 -0.02766 -11
-2.02509 -0.06730 0.04492 0 6.45000 -15.50000 0.01885 -0.02710 -11
-2.21488 0.27336 0.04492 0 -1.92500 -16.87500 0.01885 -0.03210 -11
-2.20651 0.12098 0.04492 0 3.22500 -16.72500 0.01885 -0.03157 -11
-2.35144 0.21535 0.04492 0 -1.52500 -16.90000 0.01885 -0.03225 -11
-2.07001 -0.01768 0.04492 0 5.90000 -15.95000 0.01885 -0.02863 -11
-2.11112 0.03529 0.04492 0 3.20000 -16.57500 0.01885 -0.03106 -11
-2.36242 0.11313 0.04492 0 2.77500 -16.72500 0.01885 -0.03155 -11
-2.10042 0.13380 0.04492 0 0.27500 -17.07500 0.01885 -0.03283 -11
-2.18772 0.12868 0.04492 0 1.72500 -16.92500 0.01885 -0.03228 -11
-2.19366 0.01372 0.04492 0 7.00000 -15.15000 0.01885 -0.02589 -11
-2.29074 0.07189 0.04492 0 2.60000 -16.77500 0.01885 -0.03173 -11
-2.08779 0.11028 0.04492 0 1.22500 -16.95000 0.01885 -0.03239 -11
-2.02019 -0.02766 0.04492 0 5.87500 -15.77500 0.01885 -0.02814 -11
-891.34321 421.69898 0.04492 0 4.87500 -12.00000 0.01885 -0.01265 -11
