-0.90304 0.24855 0.01058 0 4.37500 53.07500 0.01046 3.30602 11
0.73808 -0.20720 0.01058 0 6.60000 55.80000 0.01046 3.32309 11
-0.46635 -0.01752 0.01058 0 4.65000 58.00000 0.01046 3.33569 11
0.35583 0.26816 0.01058 0 6.82500 59.32500 0.01046 3.34738 11
0.03474 -0.25741 0.01058 0 4.90000 61.50000 0.01046 3.36350 11
-0.29965 0.25100 0.01058 0 6.95000 60.97500 0.01046 3.37344 11
0.03492 0.31353 0.01058 0 5.72500 58.57500 0.01046 3.38637 11
0.15274 0.05202 0.01058 0 7.30000 58.85000 0.01046 3.39746 11
-0.16835 -0.00505 0.01058 0 -4.05000 58.80000 0.01046 3.40274 11
0.44453 -0.02758 0.01058 0 -0.00000 -63.75000 0.01046 1.47737 11
-0.64282 -0.10973 0.01058 0 2.55000 -55.65000 0.01046 1.52764 11
0.45128 -0.17758 0.01058 0 0.42500 -46.52500 0.01046 1.59631 11
-0.28163 0.09216 0.01058 0 2.45000 -41.80000 0.01046 1.64302 11
0.22200 -0.30813 0.01058 0 -0.05000 -36.67500 0.01046 1.71441 11
-0.13345 0.04256 0.01058 0 2.57500 -34.37500 0.01046 1.75358 11
0.24949 0.04541 0.01058 0 0.67500 -31.15000 0.01046 1.81586 11
-0.18108 -0.26304 0.01058 0 2.72500 -28.10000 0.01046 1.86710 11
0.55654 0.04766 0.01058 0 -1.95000 -24.42500 0.01046 1.90826 11
-0.40533 0.08157 0.01058 0 3.10000 -19.42500 0.01046 1.94566 11
0.80716 -0.34774 0.01058 0 -2.85000 -11.67500 0.01046 1.99433 11
-0.69413 0.45728 0.01058 0 4.72500 -7.77500 0.01046 2.01572 11
0.75118 -0.54482 0.01058 0 -3.32500 3.10000 0.01046 2.07519 11
-1.16250 0.09353 0.01058 0 4.37500 9.02500 0.01046 2.10246 11
1.39269 -0.07185 0.01058 0 8.30000 17.30000 0.01046 2.13795 11
1.44656 -0.11372 0.01058 0 -3.82500 18.60000 0.01046 2.14326 11
-0.98204 0.07582 0.01058 0 4.87500 23.72500 0.01046 2.16527 11
0.30447 0.07131 0.01058 0 8.02500 27.72500 0.01046 2.18974 11
0.43825 0.21161 0.01058 0 -3.82500 28.02500 0.01046 2.19277 11
-0.99152 -0.00327 0.01058 0 5.12500 31.55000 0.01046 2.21032 11
1.18781 -0.01492 0.01058 0 8.47500 37.32500 0.01046 2.23719 11
0.79855 -0.30386 0.01058 0 -3.50000 38.15000 0.01046 2.24154 11
-1.32970 1.20769 0.01058 0 5.55000 40.15000 0.01046 2.25482 11
0.47811 -0.03249 0.01058 0 -0.30000 -59.17500 0.01046 1.67953 11
-0.42500 0.08871 0.01058 0 0.07500 -52.57500 0.01046 1.73650 11
0.39435 -0.24671 0.01058 0 -1.10000 -43.05000 0.01046 1.81554 11
-0.14514 0.22619 0.01058 0 0.15000 -38.72500 0.01046 1.86305 11
0.10280 -0.16603 0.01058 0 -0.85000 -36.25000 0.01046 1.93799 11
-0.18482 0.16976 0.01058 0 0.57500 -34.55000 0.01046 1.98162 11
0.30359 -0.14978 0.01058 0 -0.77500 -31.17500 0.01046 2.05366 11
-0.33026 0.02631 0.01058 0 1.00000 -25.52500 0.01046 2.10376 11
0.20941 0.04687 0.01058 0 -0.57500 -19.85000 0.01046 2.16984 11
-0.55060 -0.16797 0.01058 0 1.75000 -13.85000 0.01046 2.22211 11
0.48154 0.11399 0.01058 0 -1.55000 -6.17500 0.01046 2.27529 11
-0.56697 -0.19009 0.01058 0 1.90000 0.05000 0.01046 2.32076 11
0.86215 0.27358 0.01058 0 -3.07500 7.47500 0.01046 2.36519 11
-0.55994 -0.27157 0.01058 0 1.52500 16.02500 0.01046 2.41508 11
0.53059 0.34587 0.01058 0 -2.55000 21.47500 0.01046 2.45689 11
-0.71758 -0.50121 0.01058 0 2.72500 29.32500 0.01046 2.50587 11
0.76318 0.48169 0.01058 0 8.50000 34.10000 0.01046 2.53467 11
0.73846 0.48400 0.01058 0 -2.97500 34.95000 0.01046 2.53966 11
-0.38692 -0.13858 0.01058 0 2.02500 40.22500 0.01046 2.58420 11
0.74107 0.16429 0.01058 0 7.87500 44.62500 0.01046 2.61658 11
0.72344 0.27177 0.01058 0 -3.95000 45.17500 0.01046 2.61984 11
-1.54261 -0.58525 0.01058 0 2.65000 52.05000 0.01046 2.66001 11
1.58729 0.33975 0.01058 0 5.97500 58.35000 0.01046 2.68563 11
0.29152 -0.87809 0.01058 0 -0.80000 -63.70000 0.01046 3.18671 11
-0.37973 0.18009 0.01058 0 5.72500 -61.70000 0.01046 3.20847 11
0.23595 -0.19971 0.01058 0 0.40000 -56.77500 0.01046 3.25986 11
-0.68459 0.36648 0.01058 0 5.82500 -54.57500 0.01046 3.28939 11
0.45711 -0.18622 0.01058 0 -2.20000 -49.42500 0.01046 3.32469 11
-0.81007 -0.24640 0.01058 0 5.87500 -43.90000 0.01046 3.35266 11
0.49208 -0.18238 0.01058 0 -0.82500 -38.40000 0.01046 3.38647 11
-1.29138 -0.17893 0.01058 0 -4.07500 -34.50000 0.01046 3.40860 11
1.35826 0.35326 0.01058 0 -1.72500 -30.95000 0.01046 3.42467 11
-1.51793 -1.36181 0.01058 0 -3.50000 -24.42500 0.01046 3.45278 11
1.14599 0.89974 0.01058 0 -2.05000 -23.20000 0.01046 3.45961 11
0.00133 2.17640 0.01058 0 -4.00000 -18.52500 0.01046 3.48020 11
0.54646 0.61999 0.01058 0 7.37500 -18.72500 0.01046 3.48357 11
0.18426 0.08820 0.01058 0 7.47500 -21.92500 0.01046 3.51426 11
0.06097 -0.35344 0.01058 0 5.85000 -54.60000 0.01046 3.28939 11
-0.06165 0.14538 0.01058 0 7.97500 -54.92500 0.01046 3.30016 11
0.26547 0.10355 0.01058 0 -3.85000 -54.62500 0.01046 3.30346 11
0.22573 -2.36872 0.01058 0 7.12500 -52.30000 0.01046 3.31665 11
0.91457 0.79443 0.01058 0 7.95000 -52.00000 0.01046 3.32040 11
-1.60284 2.99154 0.01058 0 7.97500 -51.85000 0.01046 3.32115 11
-0.22954 -0.19648 0.01058 0 2.72500 -59.90000 0.01046 1.16750 11
0.27690 0.03796 0.01058 0 5.40000 -52.52500 0.01046 1.25278 11
-0.36603 -0.19943 0.01058 0 2.97500 -46.57500 0.01046 1.32687 11
0.45713 0.01648 0.01058 0 4.32500 -36.35000 0.01046 1.40919 11
-0.59449 -0.30621 0.01058 0 3.85000 -25.62500 0.01046 1.48279 11
0.46995 0.14086 0.01058 0 4.20000 -15.45000 0.01046 1.55481 11
-0.56076 -0.36472 0.01058 0 3.72500 -5.67500 0.01046 1.63144 11
0.53701 0.04436 0.01058 0 3.67500 5.60000 0.01046 1.70570 11
-0.71432 -0.32531 0.01058 0 4.42500 16.55000 0.01046 1.77488 11
1.53898 -0.24851 0.01058 0 0.35000 34.15000 0.01046 1.85193 11
-2.06439 -0.43024 0.01058 0 6.27500 51.05000 0.01046 1.91674 11
0.88954 -0.62753 0.01058 0 5.52500 -61.10000 0.01046 1.88962 11
-0.63495 0.82584 0.01058 0 0.17500 -58.15000 0.01046 1.91233 11
1.81022 -1.49835 0.01058 0 2.25000 -49.90000 0.01046 1.95685 11
-1.51028 0.50668 0.01058 0 -0.90000 -46.65000 0.01046 1.97331 11
1.43455 -0.55463 0.01058 0 1.62500 -38.67500 0.01046 2.00656 11
-0.51784 0.02570 0.01058 0 0.30000 -35.62500 0.01046 2.01825 11
0.67527 -0.18190 0.01058 0 3.67500 -32.52500 0.01046 2.03959 11
-0.06336 1.16814 0.01058 0 1.27500 -31.10000 0.01046 2.05032 11
-6.47278 13.43977 0.01058 0 2.02500 -28.02500 0.01046 2.08461 11
0.02997 -0.26543 0.01058 0 2.25000 -26.92500 0.01046 2.10383 11
-0.02249 0.29710 0.01058 0 0.75000 -28.00000 0.01046 2.09161 11
0.03286 -2.08220 0.01058 0 1.97500 -29.50000 0.01046 2.11318 11
-1.21491 -3.33781 0.01058 0 2.50000 -45.25000 0.01046 2.33344 11
-1.04272 -0.11965 0.01058 0 2.30000 -54.40000 0.01046 0.99219 11
1.07175 -0.05369 0.01058 0 0.97500 -33.60000 0.01046 1.08505 11
-0.92695 0.03290 0.01058 0 1.92500 -19.47500 0.01046 1.15254 11
0.79759 -0.02011 0.01058 0 1.85000 -1.85000 0.01046 1.24405 11
-0.72199 0.09817 0.01058 0 1.37500 11.15000 0.01046 1.31824 11
0.77692 -0.21707 0.01058 0 0.57500 27.77500 0.01046 1.40976 11
-0.66805 -0.09670 0.01058 0 1.40000 39.80000 0.01046 1.47393 11
0.59490 -0.09801 0.01058 0 1.85000 51.40000 0.01046 1.55479 11
-0.72861 -0.10197 0.01058 0 2.60000 62.65000 0.01046 1.61898 11
0.57413 -0.18695 0.01049 0 -0.40000 -61.17500 0.00999 1.14049 -11
-0.89624 0.66885 0.01049 0 -4.00000 -50.47500 0.00999 1.20269 -11
-0.80911 0.54195 0.01049 0 7.62500 -49.87500 0.00999 1.20604 -11
1.02416 -0.62680 0.01049 0 1.27500 -43.20000 0.00999 1.23994 -11
0.00352 1.26707 0.01049 0 -2.65000 -33.10000 0.00999 1.29929 -11
-0.52725 1.92943 0.01049 0 7.95000 -33.10000 0.00999 1.30518 -11
0.50268 -1.75227 0.01049 0 3.60000 -32.05000 0.00999 1.32075 -11
-0.06804 1.12456 0.01049 0 -2.65000 -29.82500 0.00999 1.39492 -11
0.36400 1.17955 0.01049 0 8.10000 -29.77500 0.00999 1.40043 -11
-0.36443 -1.15739 0.01049 0 2.50000 -31.00000 0.00999 1.42131 -11
0.33902 1.10986 0.01049 0 -2.42500 -35.52500 0.00999 1.48287 -11
0.13046 1.12496 0.01049 0 8.27500 -35.90000 0.00999 1.48881 -11
-0.21258 -1.07504 0.01049 0 2.92500 -36.50000 0.00999 1.50847 -11
0.15543 0.77023 0.01049 0 -1.92500 -38.72500 0.00999 1.56567 -11
-0.07667 -0.85068 0.01049 0 2.85000 -39.50000 0.00999 1.59512 -11
0.11742 1.08627 0.01049 0 -2.02500 -39.77500 0.00999 1.64846 -11
0.12457 1.72500 0.01049 0 8.40000 -39.95000 0.00999 1.65527 -11
-0.24994 -1.67192 0.01049 0 4.60000 -40.30000 0.00999 1.66869 -11
0.27803 1.09774 0.01049 0 -1.67500 -43.22500 0.00999 1.72338 -11
0.52167 2.28026 0.01049 0 8.45000 -43.67500 0.00999 1.73128 -11
-0.32922 -2.65742 0.01049 0 6.25000 -44.17500 0.00999 1.73917 -11
-0.28461 1.03797 0.01049 0 -1.52500 -41.80000 0.00999 1.79650 -11
-1.63601 3.18870 0.01049 0 8.15000 -41.12500 0.00999 1.80603 -11
2.09512 -5.12054 0.01049 0 6.45000 -40.35000 0.00999 1.81244 -11
-1.92701 0.84499 0.01049 0 -2.35000 -31.55000 0.00999 1.85667 -11
-2.92210 1.69945 0.01049 0 -2.47500 -15.87500 0.00999 1.92039 -11
-1.92206 1.74611 0.01049 0 -2.62500 -4.82500 0.00999 1.97552 -11
1.88682 -4.46938 0.01049 0 -2.75000 4.32500 0.00999 2.02809 -11
0.52613 -1.20545 0.01049 0 -2.90000 4.37500 0.00999 2.02813 -11
1.53661 0.60632 0.01049 0 2.40000 -59.35000 0.00999 2.64647 -11
-1.23225 -0.35445 0.01049 0 7.27500 -49.20000 0.00999 2.68747 -11
1.33121 0.82135 0.01049 0 2.50000 -36.45000 0.00999 2.74683 -11
-1.47518 -0.62487 0.01049 0 6.97500 -31.52500 0.00999 2.77074 -11
1.77351 1.60529 0.01049 0 -1.87500 38.95000 0.00999 3.20068 -11
-1.45603 -0.89030 0.01049 0 1.10000 42.00000 0.00999 3.21590 -11
1.08559 0.15808 0.01049 0 -0.42500 -58.17500 0.00999 5.04166 -11
-0.99968 -0.10404 0.01049 0 -2.82500 -46.05000 0.00999 5.10055 -11
1.08250 0.28687 0.01049 0 0.40000 -27.65000 0.00999 5.18517 -11
-0.90566 -0.38235 0.01049 0 -3.05000 -18.50000 0.00999 5.23128 -11
0.94122 0.43354 0.01049 0 0.72500 -2.80000 0.00999 5.31410 -11
-1.47463 -0.83346 0.01049 0 6.92500 4.72500 0.00999 5.34873 -11
2.02821 1.15782 0.01049 0 1.15000 24.35000 0.00999 5.43624 -11
-1.44129 -0.94909 0.01049 0 5.65000 31.57500 0.00999 5.46556 -11
-1.48547 -0.38277 0.01456 0 7.42500 -34.67500 0.00808 0.21177 -11
-1.48180 -0.84571 0.00806 0 7.25000 -54.72500 0.00284 0.27762 11
0.85371 -0.91544 0.00296 0 7.87500 -63.40000 0.00296 4.29819 -11
0.56647 0.12539 0.00296 0 -4.37500 -63.02500 0.00296 4.30105 -11
0.16879 0.20707 0.00296 0 -1.65000 -61.65000 0.00296 4.31418 -11
-0.13150 -0.26446 0.00296 0 -4.45000 -62.65000 0.00296 4.32758 -11
0.07510 0.11075 0.00296 0 -1.80000 -62.32500 0.00296 4.34892 -11
-0.07165 -0.83356 0.00296 0 7.70000 -62.80000 0.00296 4.36215 -11
-0.47620 1.13126 0.00296 0 -4.07500 -62.95000 0.00296 4.36495 -11
-0.03660 4.01967 0.00296 0 -0.72500 -33.35000 0.00296 4.44053 -11
-0.23006 0.14929 0.00314 0 7.55000 -64.35000 0.00303 1.55976 -11
0.10540 -0.02898 0.00314 0 4.55000 -63.22500 0.00303 1.57563 -11
0.34716 -0.16481 0.00314 0 7.27500 -64.45000 0.00303 1.58938 -11
-0.84830 0.39259 0.00314 0 5.30000 -60.10000 0.00303 1.63205 -11
1.00361 -0.71712 0.00314 0 3.35000 -58.77500 0.00303 1.64163 -11
0.34966 0.24060 0.00314 0 5.45000 -56.95000 0.00303 1.65825 -11
-0.36279 -0.39264 0.00314 0 3.60000 -58.27500 0.00303 1.66800 -11
0.49923 0.38232 0.00314 0 5.67500 -59.55000 0.00303 1.68295 -11
-0.91827 -0.75545 0.00314 0 3.92500 -60.37500 0.00303 1.69148 -11
0.40991 1.03182 0.00314 0 4.55000 -58.35000 0.00303 1.70925 -11
0.16617 -0.88963 0.00314 0 3.75000 -57.70000 0.00303 1.72037 -11
0.96064 -0.09219 0.00314 0 -0.80000 -63.12500 0.00303 1.80402 -11
-1.84667 0.98066 0.00314 0 0.77500 -56.00000 0.00303 1.83266 -11
1.77583 -0.82368 0.00314 0 -1.12500 -53.47500 0.00303 1.84422 -11
-0.31861 0.59452 0.00314 0 1.42500 -49.90000 0.00303 1.86609 -11
0.29047 -0.77436 0.00314 0 -1.02500 -49.47500 0.00303 1.87614 -11
-2.01312 0.77357 0.00314 0 -0.42500 -43.25000 0.00303 1.90906 -11
3.20419 -2.75529 0.00314 0 -1.40000 -42.52500 0.00303 1.91714 -11
0.41607 0.27732 0.00314 0 -0.82500 -38.57500 0.00303 1.93405 -11
-0.95589 -0.60973 0.00314 0 -1.95000 -39.35000 0.00303 1.93966 -11
1.20227 -0.10747 0.02801 0 7.30000 44.72500 0.01813 -0.07537 11
-1.05686 -0.26708 0.02801 0 -1.00000 -38.05000 0.01813 0.28941 11
1.17434 -0.11431 0.02801 0 6.07500 45.02500 0.01813 -0.07674 11
-1.27004 -0.29066 0.02801 0 -3.00000 -41.17500 0.01813 0.30066 11
0.90589 1.25051 0.02801 0 7.82500 -39.77500 0.01813 0.30314 11
1.15127 -0.18181 0.02801 0 7.17500 44.75000 0.01813 -0.07549 11
-1.26583 -0.37848 0.02801 0 -3.42500 -43.32500 0.01813 0.30738 11
1.17375 0.14503 0.02801 0 -0.35000 45.75000 0.01813 -0.07986 11
-1.25192 -0.38077 0.02801 0 5.45000 -43.52500 0.01813 0.31318 11
1.22730 -0.15119 0.02801 0 6.82500 44.82500 0.01813 -0.07585 11
-1.18782 -0.14170 0.02801 0 1.15000 -41.12500 0.01813 0.30311 11
1.16008 0.19338 0.02801 0 -1.42500 45.70000 0.01813 -0.07968 11
-1.02154 -0.35495 0.02801 0 2.37500 -32.42500 0.01813 0.27689 11
0.98159 0.23960 0.02801 0 0.90000 -59.27500 0.01813 0.40682 11
1.20000 -0.17571 0.02801 0 7.02500 44.77500 0.01813 -0.07562 11
-1.16147 0.00217 0.02801 0 0.80000 -35.50000 0.01813 0.27925 11
1.18299 0.11539 0.02801 0 1.22500 45.72500 0.01813 -0.07972 11
-1.27897 -0.35390 0.02801 0 1.15000 -36.70000 0.01813 0.27303 11
1.09896 0.08526 0.02801 0 -0.05000 45.72500 0.01813 -0.07983 11
-1.12872 -0.29898 0.02801 0 4.52500 -32.85000 0.01813 0.27659 11
1.16302 0.17852 0.02801 0 -3.62500 45.47500 0.01813 -0.07874 11
1.01026 -0.21655 0.02801 0 8.42500 44.42500 0.01813 -0.07404 11
-0.91805 -0.11647 0.02801 0 5.80000 -28.25000 0.01813 0.27765 11
0.91103 -0.30875 0.02801 0 6.90000 -64.85000 0.01813 0.46066 11
1.23744 -0.13028 0.02801 0 6.70000 44.87500 0.01813 -0.07603 11
-1.20577 -0.04046 0.02801 0 -0.00000 -40.05000 0.01813 0.28935 11
1.16530 0.07328 0.02801 0 1.17500 45.72500 0.01813 -0.07979 11
-0.99662 -0.19151 0.02801 0 7.85000 -31.70000 0.01813 0.26911 11
-1.01090 0.13412 0.02801 0 -4.20000 -32.40000 0.01813 0.27246 11
1.20288 0.08448 0.02801 0 -0.57500 45.75000 0.01813 -0.07985 11
-1.46287 -0.39521 0.02801 0 2.52500 -45.57500 0.01813 0.30333 11
1.24822 0.18954 0.02801 0 -2.22500 45.62500 0.01813 -0.07939 11
1.14938 0.06358 0.02801 0 1.95000 45.65000 0.01813 -0.07950 11
-1.34471 -0.60972 0.02801 0 4.47500 -40.45000 0.01813 0.29592 11
1.14101 0.23345 0.02801 0 -3.92500 45.47500 0.01813 -0.07862 11
1.11663 -0.16005 0.02801 0 8.07500 44.57500 0.01813 -0.07458 11
-1.01841 -0.29149 0.02801 0 4.92500 -35.37500 0.01813 0.30378 11
1.15555 0.10552 0.02801 0 3.30000 45.52500 0.01813 -0.07893 11
-1.29786 -0.72190 0.02801 0 5.72500 -41.62500 0.01813 0.31300 11
1.15667 -0.02636 0.02801 0 3.15000 45.52500 0.01813 -0.07891 11
-1.56460 -0.49332 0.02801 0 5.02500 -43.60000 0.01813 0.29595 11
1.13332 0.19157 0.02801 0 -2.57500 45.65000 0.01813 -0.07937 11
-1.08533 -0.22513 0.02801 0 1.62500 -35.32500 0.01813 0.28711 11
1.20131 0.17755 0.02801 0 -2.40000 45.62500 0.01813 -0.07932 11
-0.98892 -0.07964 0.02801 0 3.37500 -42.52500 0.01813 0.30456 11
1.18271 -0.01602 0.02801 0 4.25000 45.37500 0.01813 -0.07823 11
-1.19317 -0.01140 0.02801 0 -0.65000 -40.75000 0.01813 0.29996 11
1.18975 0.21418 0.02801 0 -2.70000 45.60000 0.01813 -0.07920 11
-1.83845 -0.82943 0.02801 0 -0.30000 -42.57500 0.01813 0.30800 11
4.11930 -1.15637 0.00276 0 7.85000 14.70000 0.00091 0.01644 11
-2.33201 -0.37229 0.00276 0 -2.57500 7.45000 0.00091 0.04299 11
1.20821 -0.27515 0.00276 0 7.15000 -47.75000 0.00091 0.23475 11
-1.40622 -0.34397 0.00276 0 -2.80000 -53.30000 0.00091 0.25883 11
1.13424 -1.22531 0.00276 0 7.47500 -57.65000 0.00091 0.27750 11
-0.55410 -0.12293 0.00276 0 -1.82500 -59.62500 0.00091 0.29281 11
0.70926 -0.17409 0.00276 0 -4.27500 -63.07500 0.00091 0.31288 11
-0.71165 -1.08028 0.00752 0 7.82500 -63.50000 0.00743 1.32126 11
0.24056 0.53671 0.00752 0 3.85000 -60.77500 0.00743 1.35629 11
-0.26602 -1.62585 0.00752 0 7.30000 -57.75000 0.00743 1.42312 11
0.00510 0.38516 0.00752 0 3.02500 -57.05000 0.00743 1.45454 11
-0.18476 -0.29814 0.00752 0 -3.60000 -57.50000 0.00743 1.49838 11
0.67976 -0.26335 0.00752 0 2.42500 -53.90000 0.00743 1.53182 11
-1.10041 0.48569 0.00752 0 -2.15000 -50.02500 0.00743 1.55658 11
1.60243 -1.15195 0.00752 0 1.60000 -41.65000 0.00743 1.60002 11
-0.36598 0.79853 0.00752 0 -1.15000 -39.25000 0.00743 1.61321 11
0.12226 -0.74219 0.00752 0 1.27500 -38.67500 0.00743 1.63903 11
-0.10818 0.09271 0.00752 0 -2.67500 -38.90000 0.00743 1.65641 11
1.42529 -1.83476 0.00752 0 0.52500 -36.35000 0.00743 1.68591 11
-1.33129 2.02602 0.00752 0 -2.07500 -34.30000 0.00743 1.69861 11
2.25661 3.90772 0.00752 0 -3.10000 -53.62500 0.00743 2.77990 11
-0.46643 -2.52929 0.00752 0 -2.62500 -62.95000 0.00743 1.51700 11
0.56086 2.82217 0.00752 0 1.07500 -62.30000 0.00743 1.52985 11
1.04975 -2.44557 0.00752 0 0.85000 -62.90000 0.00743 1.69278 11
-0.78577 1.68372 0.00752 0 2.92500 -63.65000 0.00743 1.70042 11
-2.59973 0.37603 0.00435 0 5.47500 -47.95000 0.00063 0.98960 -11
-2.59537 -4.75439 0.00435 0 6.15000 -42.62500 0.00063 1.18026 -11
0.58366 1.02293 0.00435 0 6.80000 -42.32500 0.00063 1.18515 -11
-1.52696 -0.18989 0.00156 0 1.15000 40.82500 0.00061 1.05290 11
1.10433 -0.03567 0.00156 0 2.75000 44.12500 0.00061 1.06759 11
-0.01023 -0.61118 0.00156 0 1.50000 47.67500 0.00061 1.08303 11
-0.27140 0.63984 0.00156 0 3.17500 47.30000 0.00061 1.09037 11
-0.33118 -0.31888 0.00156 0 1.37500 46.67500 0.00061 1.10307 11
0.49999 0.17257 0.00156 0 2.82500 47.85000 0.00061 1.11195 11
-1.29075 1.77874 0.00156 0 2.80000 48.10000 0.00061 1.11313 11
3.40258 -0.01951 0.00312 0 -0.40000 21.97500 0.00115 -0.07468 11
-4.17542 -0.42722 0.00312 0 0.35000 16.27500 0.00115 -0.05461 11
0.99302 0.71538 0.00312 0 -1.20000 10.55000 0.00115 -0.03458 11
-0.59152 -0.35472 0.00312 0 2.12500 4.65000 0.00115 -0.00205 11
0.62869 0.61931 0.00312 0 -0.60000 2.15000 0.00115 0.01213 11
0.81845 0.67833 0.00815 0 2.57500 -62.10000 0.00666 0.38062 11
-0.83467 -0.93905 0.00815 0 3.00000 -47.62500 0.00666 0.47782 11
0.95511 0.52680 0.00815 0 1.87500 -38.55000 0.00666 0.53204 11
-1.42758 -1.00178 0.00815 0 4.37500 -20.07500 0.00666 0.62223 11
0.91077 0.62149 0.00815 0 1.90000 -8.65000 0.00666 0.67682 11
-1.18278 -1.22116 0.00815 0 4.92500 7.87500 0.00666 0.76765 11
1.45265 0.07028 0.00815 0 -0.05000 16.07500 0.00666 0.80980 11
-1.35127 1.25187 0.00815 0 -4.40000 32.57500 0.00666 0.87174 11
-0.00959 -0.63517 0.00815 0 7.37500 33.05000 0.00666 0.87437 11
-0.40863 0.02010 0.00815 0 -2.32500 31.62500 0.00666 0.88771 11
0.61456 0.35275 0.00815 0 -4.47500 29.72500 0.00666 0.90054 11
-0.93880 -0.40818 0.00815 0 7.60000 29.50000 0.00666 0.90321 11
0.80978 -1.01659 0.00815 0 -3.05000 32.00000 0.00666 0.92034 11
-0.69541 -0.07440 0.00815 0 7.12500 32.77500 0.00666 0.93022 11
1.10751 0.19932 0.00815 0 8.42500 34.55000 0.00666 0.94017 11
5.71570 -7.87762 0.00815 0 -2.82500 43.02500 0.00666 0.99158 11
0.95303 0.77339 0.00815 0 -0.10000 -59.75000 0.00666 0.39120 11
-0.94201 -0.63140 0.00815 0 0.55000 -44.57500 0.00666 0.48383 11
0.85397 0.49138 0.00815 0 7.37500 -37.72500 0.00666 0.52056 11
0.74298 0.65617 0.00815 0 -4.27500 -37.25000 0.00666 0.52334 11
-0.55601 -0.21357 0.00815 0 -3.62500 -26.75000 0.00666 0.59800 11
0.47303 0.17716 0.00815 0 7.85000 -18.32500 0.00666 0.66009 11
0.45612 0.57409 0.00815 0 -3.82500 -17.95000 0.00666 0.66321 11
-0.46549 -0.38004 0.00815 0 -2.95000 -9.77500 0.00666 0.73824 11
0.48557 0.48217 0.00815 0 5.72500 -4.67500 0.00666 0.77910 11
-0.73079 -0.63774 0.00815 0 -2.75000 4.60000 0.00666 0.85086 11
0.79021 0.66565 0.00815 0 4.60000 10.22500 0.00666 0.88557 11
-0.55415 -0.72708 0.00815 0 -3.32500 19.12500 0.00666 0.95793 11
0.57040 0.73569 0.00815 0 4.30000 22.97500 0.00666 0.99060 11
-0.73603 -0.96275 0.00815 0 -3.27500 32.02500 0.00666 1.06229 11
0.86516 1.11848 0.00815 0 2.37500 35.37500 0.00666 1.08580 11
-1.71037 -2.61805 0.00815 0 -3.10000 47.25000 0.00666 1.16397 11
3.17835 4.87793 0.00815 0 -0.82500 48.55000 0.00666 1.17291 11
-0.42771 -0.65339 0.00815 0 0.05000 49.45000 0.00666 1.17736 11
0.11140 0.22376 0.00815 0 1.27500 49.80000 0.00666 1.18475 11
0.96031 0.65055 0.00815 0 7.95000 -60.67500 0.00666 0.38630 11
1.08026 0.95010 0.00815 0 -3.35000 -59.75000 0.00666 0.39122 11
-0.73319 -0.92213 0.00815 0 -1.37500 -41.22500 0.00666 0.49119 11
0.73060 0.96345 0.00815 0 7.67500 -36.05000 0.00666 0.52910 11
0.75487 1.29260 0.00815 0 -3.45000 -35.47500 0.00666 0.53356 11
-0.74888 -1.00332 0.00815 0 -1.47500 -22.72500 0.00666 0.63581 11
0.80894 1.04334 0.00815 0 6.95000 -17.67500 0.00666 0.67130 11
1.05699 1.79231 0.00815 0 -4.40000 -17.20000 0.00666 0.67450 11
-0.47081 -0.96422 0.00815 0 -1.45000 -5.22500 0.00666 0.77524 11
0.47527 0.98550 0.00815 0 7.27500 -2.07500 0.00666 0.80945 11
0.72059 1.53917 0.00815 0 -3.90000 -1.67500 0.00666 0.81322 11
-0.82647 -1.36381 0.00815 0 0.67500 12.35000 0.00666 0.91457 11
0.72343 1.39744 0.00815 0 7.17500 15.52500 0.00666 0.94007 11
1.33351 2.29962 0.00815 0 -3.17500 16.52500 0.00666 0.94710 11
-0.80322 -1.22936 0.00815 0 1.67500 29.77500 0.00666 1.04107 11
0.78337 1.13507 0.00815 0 -1.87500 34.65000 0.00666 1.07702 11
-0.73136 -0.94496 0.00815 0 1.97500 47.20000 0.00666 1.16200 11
0.79716 0.88528 0.00815 0 -1.52500 52.92500 0.00666 1.20059 11
0.83028 0.79489 0.00815 0 1.20000 -61.02500 0.00666 0.38796 11
-0.80099 -1.37273 0.00815 0 2.50000 -45.00000 0.00666 0.49155 11
0.63650 1.01801 0.00815 0 0.82500 -39.62500 0.00666 0.53430 11
-1.30600 -1.72220 0.00815 0 2.95000 -24.95000 0.00666 0.64208 11
1.03043 1.49598 0.00815 0 -0.90000 -19.25000 0.00666 0.67711 11
-2.67536 -2.59209 0.00815 0 -4.40000 3.52500 0.00666 0.80788 11
2.68073 2.57731 0.00815 0 -0.87500 7.07500 0.00666 0.82485 11
-2.59934 -2.69430 0.00815 0 -3.60000 26.55000 0.00666 0.93501 11
2.94403 3.35688 0.00815 0 -1.12500 28.72500 0.00666 0.94620 11
0.93353 0.69825 0.00815 0 6.60000 -62.07500 0.00666 0.38014 11
-1.04887 -0.67895 0.00815 0 -3.32500 -42.57500 0.00666 0.48385 11
1.20144 0.60097 0.00815 0 3.47500 -33.50000 0.00666 0.52517 11
1.08965 0.70481 0.00815 0 3.32500 -5.72500 0.00666 0.66402 11
-1.40546 -1.22228 0.00815 0 -3.87500 14.92500 0.00666 0.76223 11
1.63445 1.36785 0.00815 0 2.02500 20.57500 0.00666 0.79068 11
194.70717 83.77096 0.00815 0 -1.10000 46.85000 0.00666 0.90592 11
0.45169 0.59246 0.00815 0 -0.05000 -62.60000 0.00666 0.38235 11
-0.40092 -0.33943 0.00815 0 -1.22500 -52.45000 0.00666 0.47249 11
0.24481 0.45068 0.00815 0 0.90000 -46.05000 0.00666 0.54329 11
-0.15390 -0.50464 0.00815 0 -0.75000 -41.25000 0.00666 0.62658 11
0.28083 0.49702 0.00815 0 0.35000 -37.27500 0.00666 0.68565 11
-0.21894 -0.53420 0.00815 0 -0.22500 -31.15000 0.00666 0.76931 11
0.26491 0.79429 0.00815 0 -0.92500 -28.82500 0.00666 0.81737 11
-0.11799 -0.70359 0.00815 0 -0.00000 -23.12500 0.00666 0.90413 11
0.02605 0.02270 0.00815 0 7.77500 -22.37500 0.00666 0.93913 11
0.02332 0.33807 0.00815 0 -4.10000 -22.37500 0.00666 0.94160 11
-0.17699 -0.28107 0.00815 0 1.12500 -20.60000 0.00666 0.98136 11
0.15643 0.21680 0.00815 0 -3.25000 -18.90000 0.00666 1.01941 11
-0.08861 -0.13754 0.00815 0 2.50000 -16.65000 0.00666 1.05366 11
-0.28479 -0.04336 0.00815 0 8.32500 -18.75000 0.00666 1.08498 11
0.01413 -0.16561 0.00815 0 -3.70000 -19.05000 0.00666 1.08822 11
0.06650 0.14066 0.00815 0 4.37500 -19.17500 0.00666 1.10458 11
-0.63970 -0.44055 0.00815 0 6.10000 -20.27500 0.00666 1.12285 11
0.58313 0.39686 0.00815 0 3.22500 -23.82500 0.00666 1.14162 11
-1.08186 0.06307 0.00815 0 -3.67500 -19.07500 0.00666 1.08825 11
0.20811 -1.15080 0.00815 0 6.35000 -18.50000 0.00666 1.10089 11
-0.63086 0.13425 0.00815 0 6.82500 -18.35000 0.00666 1.11813 11
-0.45706 0.12649 0.00308 0 5.50000 -24.32500 0.00307 0.92971 11
0.56522 -0.05978 0.00308 0 0.75000 -27.77500 0.00307 0.95712 11
-0.47434 0.14184 0.00308 0 5.20000 -31.40000 0.00307 0.98263 11
0.33519 -0.05877 0.00308 0 0.50000 -33.87500 0.00307 1.01036 11
-0.27278 0.03965 0.00308 0 5.07500 -36.25000 0.00307 1.03527 11
-0.06852 -0.12395 0.00308 0 0.45000 -36.75000 0.00307 1.06466 11
0.10730 0.05902 0.00308 0 5.05000 -36.10000 0.00307 1.08792 11
0.00946 -0.30699 0.00308 0 0.45000 -35.72500 0.00307 1.11365 11
0.02652 0.36408 0.00308 0 4.75000 -35.75000 0.00307 1.13342 11
0.06086 -0.57774 0.00308 0 1.10000 -35.10000 0.00307 1.16554 11
-0.00118 0.55409 0.00308 0 4.52500 -35.27500 0.00307 1.17931 11
-0.45786 -0.64184 0.00308 0 0.97500 -35.05000 0.00307 1.20895 11
0.80789 0.71214 0.00308 0 3.95000 -33.15000 0.00307 1.22287 11
-0.92650 -0.35308 0.00308 0 1.37500 -28.42500 0.00307 1.24804 11
1.11330 0.09906 0.00308 0 3.75000 -24.97500 0.00307 1.26431 11
-0.85841 -0.24105 0.00308 0 0.50000 -22.95000 0.00307 1.28343 11
0.93276 0.17042 0.00308 0 3.05000 -20.15000 0.00307 1.29902 11
-1.02461 0.19884 0.00308 0 0.90000 -16.77500 0.00307 1.31509 11
0.83078 -0.30240 0.00308 0 3.07500 -13.22500 0.00307 1.33424 11
-1.15466 -0.21440 0.00308 0 0.97500 -12.20000 0.00307 1.34426 11
1.13274 0.34700 0.00308 0 2.42500 -10.07500 0.00307 1.35439 11
-0.97405 -0.55101 0.00308 0 1.67500 -6.15000 0.00307 1.37507 11
0.95173 0.54243 0.00308 0 2.72500 -4.70000 0.00307 1.38240 11
-0.05346 -0.37037 0.00308 0 1.95000 -2.70000 0.00307 1.39711 11
0.14386 0.04162 0.00308 0 3.20000 -2.57500 0.00307 1.40438 11
0.81069 0.98691 0.00815 0 -0.95000 -61.42500 0.00666 0.38645 11
-0.77996 -1.03529 0.00815 0 -1.07500 -47.42500 0.00666 0.48322 11
0.78259 1.08522 0.00815 0 7.77500 -42.02500 0.00666 0.52059 11
0.83923 1.33425 0.00815 0 -3.10000 -41.30000 0.00666 0.52601 11
-0.80701 -0.91654 0.00815 0 -0.77500 -24.95000 0.00666 0.63205 11
0.85027 0.82665 0.00815 0 8.15000 -18.85000 0.00666 0.67145 11
1.23361 1.07899 0.00815 0 -2.67500 -17.65000 0.00666 0.67811 11
-0.90648 -0.57805 0.00815 0 -0.30000 -0.02500 0.00666 0.76696 11
0.47823 0.75077 0.00815 0 -1.15000 7.55000 0.00666 0.82063 11
-0.59112 -0.73097 0.00815 0 0.02500 16.75000 0.00666 0.90344 11
0.64032 0.77885 0.00815 0 -1.97500 22.50000 0.00666 0.94806 11
-0.82766 -0.50162 0.00815 0 0.92500 36.62500 0.00666 1.02254 11
0.54755 0.76444 0.00815 0 -2.60000 43.07500 0.00666 1.06514 11
-0.77541 -0.72654 0.00815 0 0.42500 53.67500 0.00666 1.13882 11
0.92983 0.91946 0.00815 0 7.47500 59.82500 0.00666 1.17313 11
0.96726 0.89956 0.00815 0 -3.80000 60.52500 0.00666 1.17742 11
0.62931 -0.02186 0.00239 0 7.47500 59.82500 0.00206 1.17316 11
-0.59907 0.20063 0.00239 0 4.10000 64.52500 0.00206 1.19851 11
1.02555 0.48639 0.00815 0 5.37500 -59.95000 0.00666 0.39006 11
-1.29725 -1.06651 0.00815 0 7.60000 -40.27500 0.00666 0.48947 11
0.77294 0.42808 0.00815 0 7.62500 -28.15000 0.00666 0.55641 11
0.93777 0.78255 0.00815 0 -3.92500 -27.55000 0.00666 0.55992 11
-0.74070 -0.52499 0.00815 0 -1.95000 -10.82500 0.00666 0.65356 11
0.56921 0.49855 0.00815 0 7.47500 -3.95000 0.00666 0.69882 11
0.40714 0.73301 0.00815 0 -4.12500 -3.60000 0.00666 0.70164 11
-0.23640 -0.51294 0.00815 0 -4.02500 1.37500 0.00666 0.78393 11
0.37332 0.44231 0.00815 0 6.97500 5.07500 0.00666 0.83147 11
-0.11625 -0.34381 0.00815 0 -3.60000 12.62500 0.00666 0.91386 11
0.07965 0.45081 0.00815 0 7.02500 13.90000 0.00666 0.96021 11
-0.02115 -0.32655 0.00815 0 -3.62500 14.90000 0.00666 1.03813 11
0.22249 0.49130 0.00815 0 6.12500 15.75000 0.00666 1.07992 11
-0.35445 -0.27259 0.00815 0 -4.12500 20.67500 0.00666 1.14924 11
-0.55276 -0.84731 0.00815 0 8.40000 21.02500 0.00666 1.15274 11
0.29184 0.19994 0.00815 0 5.50000 26.22500 0.00666 1.19876 11
-0.19526 -0.86621 0.00815 0 7.55000 28.27500 0.00666 1.25982 11
-0.00136 0.29767 0.00815 0 4.57500 29.70000 0.00666 1.30054 11
-0.21182 -0.67954 0.00815 0 7.65000 29.37500 0.00666 1.35712 11
0.29745 0.06469 0.00815 0 4.35000 32.27500 0.00666 1.40092 11
-0.29103 -0.00525 0.00815 0 -4.17500 35.82500 0.00666 1.44611 11
-0.40039 -0.74340 0.00815 0 8.07500 36.05000 0.00666 1.44891 11
0.18876 -0.16657 0.00815 0 4.10000 41.85000 0.00666 1.49813 11
-0.24283 0.31572 0.00815 0 -3.57500 43.90000 0.00666 1.53367 11
0.12531 -0.42602 0.00815 0 3.20000 48.50000 0.00666 1.58205 11
-0.22640 0.13338 0.00815 0 -3.85000 50.05000 0.00666 1.61297 11
-0.31135 -0.51468 0.00815 0 8.32500 50.25000 0.00666 1.61605 11
0.12024 -0.66351 0.00815 0 3.22500 53.07500 0.00666 1.66446 11
0.43412 0.98371 0.00815 0 -0.05000 51.75000 0.00666 1.67759 11
0.08529 -0.25233 0.00815 0 4.35000 52.15000 0.00666 1.71380 11
0.02532 -0.03294 0.00815 0 0.45000 52.20000 0.00666 1.73278 11
-0.06737 0.04173 0.00815 0 4.30000 51.87500 0.00666 1.75247 11
-0.36364 -0.02371 0.00815 0 0.55000 52.12500 0.00666 1.77311 11
0.16821 -0.07207 0.00815 0 4.05000 53.90000 0.00666 1.79363 11
0.28901 -0.04554 0.00815 0 0.50000 53.65000 0.00666 1.81375 11
-0.32718 0.13113 0.00815 0 3.52500 51.77500 0.00666 1.83072 11
0.40971 0.02022 0.00815 0 0.60000 50.50000 0.00666 1.84744 11
-0.42555 -0.13422 0.00815 0 3.40000 48.90000 0.00666 1.86542 11
-0.27419 0.00416 0.00815 0 0.97500 46.05000 0.00666 1.88422 11
0.27161 -0.05092 0.00815 0 3.67500 46.90000 0.00666 1.89966 11
0.05906 -1.08561 0.00815 0 3.45000 47.10000 0.00666 1.90151 11
0.63699 -0.21041 0.00815 0 2.27500 45.00000 0.00666 1.92264 11
-0.14618 0.70338 0.00815 0 3.52500 44.20000 0.00666 1.93720 11
0.47261 0.14299 0.00815 0 2.10000 46.20000 0.00666 1.96313 11
-1.44741 -0.31315 0.00815 0 2.70000 44.80000 0.00666 1.97109 11
-0.22980 2.44534 0.00815 0 2.70000 44.67500 0.00666 1.97213 11
-0.30700 0.54626 0.00815 0 1.02500 54.67500 0.00666 1.67685 11
1.02936 -3.66364 0.00815 0 1.92500 56.15000 0.00666 1.69569 11
-0.64900 -0.10855 0.00815 0 2.62500 56.05000 0.00666 1.71226 11
0.71473 0.68700 0.00815 0 -0.65000 -61.27500 0.00666 0.38536 11
-0.75648 -0.61315 0.00815 0 -0.07500 -46.07500 0.00666 0.47672 11
0.33028 0.97516 0.00815 0 -1.02500 -39.95000 0.00666 0.52646 11
-0.21842 -1.10059 0.00815 0 0.32500 -33.85000 0.00666 0.61967 11
0.26274 1.19197 0.00815 0 -1.55000 -32.05000 0.00666 0.65855 11
-0.04516 -1.05521 0.00815 0 0.27500 -29.82500 0.00666 0.75129 11
0.02321 1.17097 0.00815 0 -1.55000 -29.45000 0.00666 0.79019 11
-0.16219 -1.14138 0.00815 0 0.52500 -28.42500 0.00666 0.87572 11
0.24618 1.05045 0.00815 0 8.37500 -27.07500 0.00666 0.90504 11
0.14340 1.14698 0.00815 0 -2.17500 -27.00000 0.00666 0.91120 11
-0.39762 -0.17209 0.00815 0 6.25000 -64.52500 0.00666 0.38339 11
0.40184 -0.26209 0.00815 0 -2.97500 -62.82500 0.00666 0.40295 11
-0.44554 -0.49779 0.00815 0 6.82500 -59.92500 0.00666 0.41901 11
0.21511 -0.11322 0.00815 0 -2.55000 -58.80000 0.00666 0.43450 11
-0.26787 -0.51908 0.00815 0 7.02500 -57.87500 0.00666 0.45079 11
0.35927 -0.12979 0.00815 0 -2.80000 -56.60000 0.00666 0.46422 11
-0.26199 1.48083 0.00815 0 -4.02500 -58.47500 0.00666 0.51070 11
-3.32835 8.49691 0.00815 0 6.97500 -59.12500 0.00666 0.52670 11
-0.13514 -0.15909 0.00815 0 -4.12500 -59.47500 0.00666 0.53516 11
6.17609 6.70079 0.00815 0 6.92500 -58.62500 0.00666 0.54289 11
0.89783 0.82652 0.00815 0 8.40000 -60.95000 0.00666 0.38659 11
1.03458 1.31830 0.00815 0 -2.12500 -59.75000 0.00666 0.39418 11
-0.94132 -1.27015 0.00815 0 0.67500 -42.20000 0.00666 0.50400 11
0.99891 1.38109 0.00815 0 7.97500 -37.65000 0.00666 0.53425 11
0.80819 1.50695 0.00815 0 -2.57500 -36.82500 0.00666 0.54083 11
-0.52493 -0.92577 0.00815 0 -0.50000 -24.90000 0.00666 0.63947 11
0.60471 1.15835 0.00815 0 -2.12500 -20.15000 0.00666 0.68263 11
-0.55152 -1.05003 0.00815 0 0.45000 -8.67500 0.00666 0.78162 11
0.55927 1.25847 0.00815 0 -1.80000 -4.47500 0.00666 0.82108 11
-0.29430 -1.01604 0.00815 0 1.25000 8.12500 0.00666 0.91705 11
0.29158 0.86882 0.00815 0 0.05000 10.75000 0.00666 0.96046 11
-0.44864 -1.02819 0.00815 0 1.57500 16.75000 0.00666 1.04898 11
0.45450 1.07543 0.00815 0 -0.60000 20.42500 0.00666 1.08887 11
-0.30941 -1.53805 0.00815 0 2.32500 28.85000 0.00666 1.18136 11
0.25484 1.46992 0.00815 0 -1.22500 30.12500 0.00666 1.21242 11
-1.62833 -2.66433 0.00815 0 3.42500 36.95000 0.00666 1.30897 11
1.74454 2.36892 0.00815 0 6.85000 39.40000 0.00666 1.32326 11
1.69577 2.39888 0.00815 0 -2.62500 41.12500 0.00666 1.33381 11
-2.84684 -5.36029 0.00815 0 4.45000 54.15000 0.00666 1.42825 11
2.18802 4.93591 0.00815 0 6.02500 54.87500 0.00666 1.43416 11
0.65791 0.66650 0.00815 0 6.20000 -61.32500 0.00666 0.38797 11
-0.79422 -0.61431 0.00815 0 -3.47500 -41.62500 0.00666 0.49487 11
0.83033 0.47831 0.00815 0 5.32500 -33.45000 0.00666 0.54029 11
-1.10101 -0.58077 0.00815 0 -4.10000 -16.17500 0.00666 0.63335 11
1.31080 0.43843 0.00815 0 3.42500 -5.45000 0.00666 0.68134 11
-1.13063 -0.62253 0.00815 0 -4.17500 13.07500 0.00666 0.76861 11
1.22439 0.71866 0.00815 0 3.20000 21.65000 0.00666 0.80968 11
-1.26618 -1.06069 0.00815 0 -4.42500 38.00000 0.00666 0.89891 11
