-0.57784 -0.73681 0.00374 0 6.00000 -47.17500 0.00339 0.62653 -11
2.24999 -0.14194 0.00247 0 -1.22500 41.27500 0.00090 -0.15743 11
-1.84426 0.19997 0.00247 0 0.82500 35.57500 0.00090 -0.13559 11
1.59955 -0.11279 0.00247 0 -1.47500 29.40000 0.00090 -0.11049 11
-2.14850 -0.42798 0.00247 0 0.45000 23.17500 0.00090 -0.08616 11
1.47808 0.34305 0.00247 0 0.37500 22.72500 0.00090 -0.08443 11
-1.36802 -0.11086 0.00247 0 2.82500 17.87500 0.00090 -0.06227 11
4.84653 -3.10105 0.00247 0 1.00000 11.67500 0.00090 -0.03581 11
-4.23165 2.57687 0.00247 0 1.57500 10.77500 0.00090 -0.03208 11
-13.01453 -5.41403 0.00247 0 1.22500 5.77500 0.00090 -0.00757 11
1.19669 -0.55189 0.00247 0 1.57500 5.35000 0.00090 -0.00247 11
-0.19654 0.49914 0.01270 0 -1.45000 60.42500 0.00784 2.76607 -11
2.37945 -9.05517 0.01270 0 -2.55000 61.92500 0.00784 2.77816 -11
-0.03146 0.00981 0.01270 0 -3.52500 62.97500 0.00784 2.79714 -11
0.41674 -0.57567 0.01270 0 -2.52500 61.62500 0.00784 2.81100 -11
0.88101 -0.39806 0.00451 0 0.77500 -53.70000 0.00395 1.21600 11
-0.58302 -0.04912 0.00451 0 7.32500 -49.07500 0.00395 1.24686 11
0.82257 -0.94937 0.00451 0 -0.30000 -42.70000 0.00395 1.28863 11
-1.02345 0.52743 0.00451 0 -3.55000 -40.62500 0.00395 1.30255 11
3.71319 -1.86213 0.00451 0 -0.57500 -29.52500 0.00395 1.35362 11
-1.47250 0.90799 0.00451 0 -2.67500 -26.22500 0.00395 1.36683 11
1.76367 -3.00974 0.00451 0 -0.95000 -18.85000 0.00395 1.40645 11
-1.08706 2.96831 0.00451 0 -1.40000 -18.55000 0.00395 1.40847 11
0.12885 -1.67053 0.00451 0 -0.15000 -13.02500 0.00395 1.47428 11
-0.70341 1.16121 0.00451 0 -1.45000 -12.80000 0.00395 1.47914 11
1.16881 -0.90466 0.00451 0 -0.35000 -8.97500 0.00395 1.50039 11
8.94150 -2.23998 0.00451 0 -0.77500 -3.75000 0.00395 1.52340 11
-0.12499 0.52934 0.00451 0 -0.82500 -2.90000 0.00395 1.53969 11
2.37314 -1.53556 0.00451 0 1.42500 -58.40000 0.00395 1.31769 11
-0.25130 0.59587 0.00451 0 -1.87500 -56.85000 0.00395 1.33212 11
-0.10878 -4.36676 0.00451 0 0.67500 -55.52500 0.00395 1.36312 11
0.61058 3.73893 0.00451 0 0.50000 -55.55000 0.00395 1.36372 11
0.01256 0.48782 0.00276 0 2.35000 28.85000 0.00054 1.71689 11
0.51310 -0.31738 0.00276 0 2.95000 28.82500 0.00054 1.72552 11
3.28384 0.41190 0.00276 0 3.30000 28.55000 0.00054 1.72775 11
0.33054 0.16929 0.00276 0 -0.60000 9.37500 0.00054 1.92659 11
-0.69393 -0.17004 0.00276 0 -0.60000 9.37500 0.00054 1.92660 11
0.19828 -0.00424 0.00864 0 4.32500 -64.40000 0.00854 2.05351 -11
-0.02264 -0.36352 0.00864 0 -0.92500 -62.20000 0.00854 2.08414 -11
0.08243 0.89520 0.00864 0 7.07500 -61.92500 0.00854 2.14830 -11
0.10530 1.38316 0.00864 0 7.77500 -61.92500 0.00854 2.22181 -11
0.38018 0.53849 0.00864 0 6.72500 -58.32500 0.00854 2.28106 -11
0.00503 -1.48279 0.00864 0 -1.37500 -57.70000 0.00854 2.29584 -11
0.37208 0.27327 0.00864 0 7.10000 -55.67500 0.00854 2.33639 -11
-1.59168 -8.26188 0.00864 0 -1.60000 -54.75000 0.00854 2.34994 -11
0.26606 0.03320 0.00864 0 8.10000 -51.82500 0.00854 2.38823 -11
1.34314 2.55118 0.00864 0 -3.22500 -51.35000 0.00854 2.39273 -11
-0.24687 -0.50902 0.00864 0 -2.55000 -51.05000 0.00854 2.39546 -11
0.10456 -0.15037 0.00864 0 6.27500 -49.80000 0.00854 2.42065 -11
-0.10397 1.04955 0.00864 0 -2.27500 -48.17500 0.00854 2.44301 -11
-0.30359 -1.29961 0.00864 0 -4.05000 -48.17500 0.00854 2.44961 -11
-0.25611 0.44250 0.00864 0 -1.47500 -51.42500 0.00854 2.47239 -11
-0.05506 0.07599 0.00864 0 -1.47500 -49.77500 0.00854 2.50764 -11
0.50158 -2.49722 0.00864 0 7.92500 -49.55000 0.00854 2.52023 -11
-0.06909 0.45125 0.00864 0 -4.42500 -49.55000 0.00854 2.52325 -11
-0.56624 -1.48613 0.00864 0 -2.75000 -49.37500 0.00854 2.52974 -11
0.21788 -0.25581 0.00864 0 7.45000 -47.92500 0.00854 2.54571 -11
0.36065 -0.18228 0.00864 0 -3.35000 -46.85000 0.00854 2.56229 -11
0.01114 1.49388 0.00864 0 8.42500 -47.10000 0.00854 2.56658 -11
-0.07670 3.45655 0.00864 0 7.72500 -47.17500 0.00854 2.56917 -11
0.42245 -0.41048 0.00864 0 6.55000 -46.67500 0.00854 2.57666 -11
0.11656 0.32840 0.00864 0 -2.60000 -64.00000 0.00854 2.90166 -11
-0.28735 -0.11992 0.00864 0 -2.95000 -60.57500 0.00854 2.95134 -11
0.47527 0.85633 0.00864 0 -1.22500 -52.30000 0.00854 3.04232 -11
-0.66299 -1.12839 0.00864 0 6.70000 -49.55000 0.00854 3.07292 -11
0.67301 0.92054 0.00864 0 -1.00000 -38.62500 0.00854 3.17171 -11
-0.61778 -0.70317 0.00864 0 6.72500 -35.57500 0.00854 3.20273 -11
0.52172 0.56996 0.00864 0 -2.02500 -28.32500 0.00854 3.27171 -11
-0.54863 -1.13247 0.00864 0 2.92500 -26.25000 0.00854 3.29121 -11
0.57282 0.95075 0.00864 0 -2.87500 -20.47500 0.00854 3.35743 -11
-0.53947 -0.36570 0.00864 0 4.25000 -16.55000 0.00854 3.39205 -11
0.49596 0.30525 0.00864 0 -1.97500 -10.17500 0.00854 3.43958 -11
-0.21267 -0.37566 0.00864 0 4.50000 -6.80000 0.00854 3.47011 -11
0.11487 0.10940 0.00864 0 -2.37500 -5.27500 0.00854 3.51224 -11
-0.12598 -0.31981 0.00864 0 4.60000 -4.75000 0.00854 3.54783 -11
0.57649 0.25002 0.00864 0 -1.35000 -1.05000 0.00854 3.58969 -11
-1.49478 -0.46195 0.00864 0 3.22500 4.40000 0.00854 3.61716 -11
1.97531 0.41436 0.00864 0 0.25000 14.80000 0.00854 3.65746 -11
-0.54659 -0.05430 0.00864 0 3.50000 21.67500 0.00854 3.68515 -11
-0.10441 -0.05830 0.00864 0 -1.60000 22.87500 0.00854 3.71199 -11
0.16013 0.37668 0.00864 0 3.37500 22.97500 0.00854 3.74709 -11
-0.18056 -0.39850 0.00864 0 -1.40000 21.92500 0.00854 3.76841 -11
0.06034 0.39852 0.00864 0 3.50000 20.57500 0.00854 3.79884 -11
-0.06115 -0.41532 0.00864 0 -1.00000 20.52500 0.00854 3.81792 -11
-0.31597 -0.00547 0.00864 0 3.52500 21.37500 0.00854 3.84997 -11
1.15018 1.02868 0.00864 0 2.05000 24.20000 0.00854 3.87104 -11
-1.20107 0.72034 0.00864 0 5.87500 34.60000 0.00854 3.91268 -11
0.85321 -0.51297 0.00864 0 3.75000 37.27500 0.00854 3.92550 -11
-0.34493 1.17385 0.00864 0 6.05000 41.42500 0.00854 3.95032 -11
0.65178 -3.73080 0.00864 0 5.40000 41.45000 0.00854 3.95287 -11
0.00015 -0.24650 0.00864 0 -2.02500 -28.32500 0.00854 3.27175 -11
0.17712 0.00464 0.00864 0 -4.32500 -27.85000 0.00854 3.28361 -11
-0.30270 -0.13887 0.00864 0 -2.27500 -29.22500 0.00854 3.29583 -11
-2.01166 -1.92660 0.00864 0 -3.55000 -30.02500 0.00854 3.30676 -11
-2.25306 -0.20294 0.00864 0 -4.00000 -32.10000 0.00854 3.32289 -11
-0.53740 0.00465 0.00864 0 1.10000 -25.32500 0.00854 2.34150 -11
1.15839 -0.43623 0.00864 0 4.42500 -29.47500 0.00854 2.36317 -11
-1.15181 0.14045 0.00864 0 1.60000 -35.30000 0.00854 2.39088 -11
2.03582 -0.55825 0.00864 0 3.60000 -38.67500 0.00854 2.40533 -11
-3.18278 0.55908 0.00864 0 2.22500 -46.42500 0.00854 2.43540 -11
5.62675 -0.19093 0.00864 0 2.27500 -47.00000 0.00854 2.43750 -11
-3.61049 0.17937 0.00864 0 1.77500 -52.95000 0.00854 2.45839 -11
0.69500 0.10278 0.00864 0 3.55000 -57.07500 0.00854 2.47681 -11
-0.51253 -0.13495 0.00864 0 1.40000 -59.05000 0.00854 2.49047 -11
-0.43113 0.18803 0.00864 0 3.37500 -61.17500 0.00854 2.50563 -11
0.78498 -0.53940 0.00864 0 2.10000 -58.97500 0.00854 2.51573 -11
-0.79679 0.32136 0.00864 0 3.35000 -56.37500 0.00854 2.52922 -11
0.98787 0.54704 0.00864 0 1.75000 -54.95000 0.00854 2.53949 -11
-0.67862 -0.20969 0.00864 0 2.02500 -54.75000 0.00854 2.54090 -11
0.51084 -0.11855 0.00864 0 0.70000 -53.75000 0.00854 2.54938 -11
-1.69099 1.86355 0.00864 0 2.47500 -62.22500 0.00854 8.66531 -11
1.21708 -1.70193 0.00864 0 0.37500 -60.45000 0.00854 8.67478 -11
-0.43491 1.62591 0.00864 0 3.20000 -55.25000 0.00854 8.73034 -11
0.34594 -1.45959 0.00864 0 0.17500 -54.57500 0.00854 8.74131 -11
-0.45756 1.03018 0.00864 0 3.45000 -48.45000 0.00854 8.79025 -11
0.66985 -0.95132 0.00864 0 -0.35000 -46.92500 0.00854 8.80539 -11
-0.39529 0.25738 0.00864 0 3.82500 -41.67500 0.00854 8.83707 -11
0.35503 -0.50376 0.00864 0 -0.70000 -40.00000 0.00854 8.85736 -11
-0.14735 0.66145 0.00864 0 3.72500 -37.32500 0.00854 8.89109 -11
0.11808 -0.64113 0.00864 0 -0.35000 -36.92500 0.00854 8.90753 -11
0.02663 0.58638 0.00864 0 3.70000 -35.67500 0.00854 8.94200 -11
-0.01023 -0.47732 0.00864 0 -0.27500 -35.70000 0.00854 8.95818 -11
0.62097 0.77962 0.00864 0 3.57500 -36.92500 0.00854 8.99162 -11
-0.85225 -0.85110 0.00864 0 0.70000 -38.90000 0.00854 9.00472 -11
0.64587 0.39661 0.00864 0 3.55000 -43.07500 0.00854 9.03932 -11
-0.57530 -0.53024 0.00864 0 0.15000 -45.47500 0.00854 9.05634 -11
1.62229 0.75652 0.00864 0 2.07500 -52.25000 0.00854 9.09012 -11
-1.78667 -1.49155 0.00864 0 0.67500 -54.42500 0.00854 9.09941 -11
0.27881 0.27514 0.00864 0 2.87500 -59.37500 0.00854 9.12424 -11
-0.19438 -0.38496 0.00864 0 -0.17500 -60.37500 0.00854 9.13854 -11
-0.08270 -0.09804 0.00864 0 2.70000 -58.85000 0.00854 9.15935 -11
-0.08580 0.16394 0.00864 0 -0.32500 -59.10000 0.00854 9.17684 -11
0.41424 -0.26799 0.00864 0 2.20000 -59.87500 0.00854 9.18847 -11
-0.71837 0.31634 0.00864 0 -0.07500 -61.87500 0.00854 9.20480 -11
-0.94280 -1.20016 0.00864 0 1.97500 -61.62500 0.00854 9.21408 -11
3.29008 2.04530 0.00864 0 1.30000 -56.75000 0.00854 9.23490 -11
2.35604 2.24353 0.00864 0 1.37500 -29.37500 0.00854 9.36192 -11
-2.75413 -1.98077 0.00864 0 1.60000 -29.17500 0.00854 9.36301 -11
0.34967 2.09128 0.00864 0 1.12500 -23.15000 0.00854 9.40542 -11
0.02372 0.58492 0.00864 0 2.70000 -22.77500 0.00854 9.41360 -11
0.20279 -1.05130 0.00864 0 1.32500 -22.85000 0.00854 9.42048 -11
-0.25570 0.12686 0.00277 0 1.52500 -41.02500 0.00272 6.27400 -11
0.30837 -0.06393 0.00277 0 0.40000 -40.45000 0.00272 6.28119 -11
-4.44337 -1.47224 0.00252 0 -2.12500 41.97500 0.00242 1.88490 11
4.81904 1.37610 0.00252 0 -1.47500 43.65000 0.00242 1.89117 11
-0.91111 -0.30172 0.00252 0 -1.30000 44.12500 0.00242 1.89289 11
0.36428 -0.07433 0.00252 0 1.15000 45.37500 0.00242 1.90739 11
-0.02776 -0.04049 0.00252 0 -1.20000 46.07500 0.00242 1.92106 11
0.16113 -0.04005 0.00252 0 1.02500 46.27500 0.00242 1.93358 11
-1.08568 -0.56484 0.00252 0 0.17500 50.02500 0.00242 1.94926 11
0.14011 -1.13558 0.00252 0 0.82500 52.25000 0.00242 1.96199 11
-0.08380 0.61199 0.00252 0 1.75000 51.80000 0.00242 1.96674 11
0.06725 -0.57709 0.00252 0 0.80000 52.50000 0.00242 1.97510 11
0.51075 0.80861 0.00252 0 1.57500 52.70000 0.00242 1.97971 11
0.63945 0.39857 0.00154 0 -4.02500 -61.12500 0.00023 1.08674 11
-0.67939 0.11687 0.00154 0 2.15000 1.47500 0.00023 1.28584 11
0.79725 -0.41152 0.00154 0 3.45000 3.42500 0.00023 1.29776 11
5.32610 5.24879 0.00154 0 2.22500 -64.42500 0.00023 1.06284 11
-0.49261 0.06704 0.00271 0 -0.15000 -57.92500 0.00232 0.57256 11
0.60737 -0.00234 0.00271 0 4.20000 -54.02500 0.00232 0.59902 11
-2.67304 -1.99617 0.00271 0 1.10000 -30.62500 0.00232 0.69983 11
2.07824 2.07943 0.00271 0 2.05000 -29.50000 0.00232 0.70502 11
-0.90437 -1.76215 0.00271 0 1.27500 -28.40000 0.00232 0.73891 11
0.36696 1.70480 0.00271 0 2.77500 -27.85000 0.00232 0.74471 11
0.05807 -1.21214 0.00271 0 2.60000 -25.00000 0.00232 0.79955 11
-0.18431 1.04822 0.00271 0 3.90000 -25.00000 0.00232 0.80489 11
-1.38588 -0.69810 0.00271 0 3.57500 -16.75000 0.00232 0.87986 11
1.37131 0.17803 0.01480 0 6.10000 18.57500 0.00896 -0.02333 -11
-1.06283 -0.30449 0.01480 0 1.05000 -12.10000 0.00896 0.10924 -11
1.13266 0.28695 0.01480 0 -3.30000 -39.75000 0.00896 0.24162 -11
-1.08715 -0.64064 0.01480 0 3.60000 -61.57500 0.00896 0.34959 -11
1.58234 0.48391 0.01480 0 -4.47500 19.02500 0.00896 -0.02510 -11
1.56645 0.17837 0.01480 0 7.37500 18.17500 0.00896 -0.02165 -11
-1.53655 -0.53266 0.01480 0 5.22500 -13.57500 0.00896 0.10412 -11
1.94987 0.71032 0.01480 0 -4.37500 -47.95000 0.00896 0.24122 -11
1.60494 0.32326 0.01480 0 7.32500 -48.97500 0.00896 0.24521 -11
1.43591 0.12559 0.01480 0 6.30000 18.62500 0.00896 -0.02336 -11
-1.56666 -0.40922 0.01480 0 2.72500 -15.32500 0.00896 0.11398 -11
1.40018 0.14091 0.01480 0 5.80000 -51.07500 0.00896 0.25802 -11
1.39988 0.40090 0.01480 0 -3.57500 19.32500 0.00896 -0.02615 -11
1.27714 -0.21846 0.01480 0 8.25000 18.10000 0.00896 -0.02106 -11
-1.13076 -0.12015 0.01480 0 3.57500 -14.57500 0.00896 0.12765 -11
1.14371 -0.09604 0.01480 0 5.62500 -38.52500 0.00896 0.23182 -11
0.13061 0.45975 0.01480 0 8.10000 18.07500 0.00896 -0.02070 -11
1.31294 0.41928 0.01480 0 -4.00000 19.15000 0.00896 -0.02561 -11
1.28027 0.11024 0.01480 0 7.80000 18.22500 0.00896 -0.02158 -11
-1.92358 -0.47390 0.01480 0 5.37500 -13.07500 0.00896 0.10638 -11
1.64924 0.05335 0.01480 0 5.32500 -49.62500 0.00896 0.24772 -11
1.18832 0.24623 0.01480 0 -3.72500 19.20000 0.00896 -0.02581 -11
1.22739 -0.02564 0.01480 0 8.20000 18.22500 0.00896 -0.02142 -11
-1.50541 -0.37309 0.01480 0 2.90000 -15.32500 0.00896 0.12272 -11
1.45315 0.05713 0.01480 0 4.80000 -50.82500 0.00896 0.26256 -11
1.36310 0.14957 0.01480 0 4.47500 19.05000 0.00896 -0.02518 -11
-1.48488 -0.50401 0.01480 0 -0.20000 -12.65000 0.00896 0.10745 -11
1.43478 0.44419 0.01480 0 4.27500 -50.97500 0.00896 0.27092 -11
1.28654 0.18677 0.01480 0 1.50000 19.47500 0.00896 -0.02691 -11
-1.29550 -0.08808 0.01480 0 -2.67500 -17.57500 0.00896 0.12505 -11
1.65001 0.06807 0.01480 0 0.67500 -50.17500 0.00896 0.25646 -11
1.24539 0.20848 0.01480 0 5.50000 18.82500 0.00896 -0.02422 -11
-1.59039 -0.40913 0.01480 0 0.42500 -13.30000 0.00896 0.11164 -11
1.51383 0.33338 0.01480 0 4.75000 -49.05000 0.00896 0.26051 -11
1.14325 0.24609 0.01480 0 -1.37500 19.45000 0.00896 -0.02687 -11
-1.13538 -0.23971 0.01480 0 3.72500 -14.00000 0.00896 0.12659 -11
1.14843 0.20064 0.01480 0 -1.95000 -43.00000 0.00896 0.25631 -11
1.27415 0.36231 0.01480 0 -2.47500 19.35000 0.00896 -0.02646 -11
-1.18144 -0.11591 0.01480 0 3.60000 -18.82500 0.00896 0.14047 -11
1.32513 0.29064 0.01480 0 -3.07500 -45.27500 0.00896 0.25757 -11
1.48914 0.35139 0.01480 0 -0.15000 19.50000 0.00896 -0.02705 -11
-1.64719 -0.18273 0.01480 0 -2.00000 -14.57500 0.00896 0.10580 -11
1.44724 0.06610 0.01480 0 0.25000 -49.57500 0.00896 0.24297 -11
1.47617 0.47910 0.01480 0 -1.22500 19.42500 0.00896 -0.02684 -11
-1.42103 -0.82913 0.01480 0 5.55000 -12.97500 0.00896 0.11013 -11
-1.38754 -0.89306 0.01480 0 5.52500 -13.00000 0.00896 0.11019 -11
0.95816 0.38507 0.01480 0 0.62500 -42.12500 0.00896 0.25124 -11
1.42453 0.30472 0.01480 0 0.12500 19.60000 0.00896 -0.02737 -11
-1.89980 -0.51281 0.01480 0 7.57500 -14.30000 0.00896 0.11440 -11
1.81913 -0.00530 0.01480 0 7.10000 -53.42500 0.00896 0.25959 -11
0.78566 0.53063 0.01480 0 6.82500 18.47500 0.00896 -0.02277 -11
-1.01927 -1.60323 0.01480 0 7.85000 0.32500 0.00896 0.09573 -11
0.64719 0.50949 0.01480 0 6.20000 -22.50000 0.00896 0.26728 -11
-0.95925 -1.62359 0.01480 0 8.47500 -37.37500 0.00896 0.37347 -11
-0.67191 -0.59704 0.01480 0 -4.32500 -38.00000 0.00896 0.37777 -11
0.56077 0.64564 0.01480 0 5.27500 -61.77500 0.00896 0.54497 -11
1.37705 0.26651 0.01480 0 2.30000 19.42500 0.00896 -0.02669 -11
-1.57448 -0.27819 0.01480 0 -1.67500 -12.97500 0.00896 0.10634 -11
-1.51458 -0.30344 0.01480 0 -1.70000 -13.00000 0.00896 0.10641 -11
1.56105 0.24716 0.01480 0 0.77500 -50.52500 0.00896 0.25469 -11
1.39702 0.23317 0.01480 0 0.50000 19.47500 0.00896 -0.02702 -11
-1.27677 -0.34857 0.01480 0 -4.00000 -15.77500 0.00896 0.11870 -11
1.01181 0.22814 0.01480 0 2.82500 -46.95000 0.00896 0.26596 -11
-1.54127 -0.60146 0.01480 0 -0.10000 18.50000 0.00896 0.05329 -11
1.28065 0.10616 0.01480 0 5.37500 18.90000 0.00896 -0.02452 -11
-1.27023 -0.14294 0.01480 0 -0.05000 -15.60000 0.00896 0.12372 -11
1.14975 -0.02272 0.01480 0 6.07500 -43.22500 0.00896 0.24908 -11
1.41027 0.32196 0.01480 0 -1.85000 19.40000 0.00896 -0.02672 -11
-1.75245 -0.18271 0.01480 0 5.10000 -17.75000 0.00896 0.12947 -11
1.75554 -0.37828 0.01480 0 6.12500 -49.17500 0.00896 0.25030 -11
1.32733 0.23204 0.01480 0 3.05000 18.95000 0.00896 -0.02527 -11
-1.01791 -0.17547 0.01480 0 -2.87500 -11.77500 0.00896 0.11077 -11
0.88647 0.07007 0.01480 0 4.45000 -40.90000 0.00896 0.24813 -11
1.26022 0.12526 0.01480 0 4.35000 19.07500 0.00896 -0.02528 -11
-1.35042 -0.28997 0.01480 0 -0.30000 -15.15000 0.00896 0.11760 -11
1.04376 0.11843 0.01480 0 5.50000 -47.42500 0.00896 0.25942 -11
0.38193 -0.02553 0.00142 0 -2.62500 41.50000 0.00106 -0.11940 -11
-0.96451 -1.40046 0.00142 0 7.30000 40.07500 0.00106 -0.10741 -11
0.48759 -0.42633 0.00142 0 -2.90000 37.97500 0.00106 -0.09028 -11
-0.66653 0.61412 0.00142 0 -4.22500 36.92500 0.00106 -0.07897 -11
0.00725 -0.20318 0.01300 0 4.85000 64.55000 0.01296 0.26097 11
0.03169 -0.13316 0.01300 0 6.70000 63.47500 0.01296 0.35292 11
0.00093 -0.10107 0.01300 0 4.47500 63.65000 0.01296 0.51181 11
-0.01966 -0.23880 0.01300 0 4.42500 64.87500 0.01296 0.98762 11
0.04194 0.26066 0.01300 0 -3.20000 63.85000 0.01296 1.06754 11
-0.03461 -0.29643 0.01300 0 3.85000 62.20000 0.01296 1.20731 11
0.07590 0.31277 0.01300 0 -2.50000 60.40000 0.01296 1.28113 11
-0.07737 -0.20748 0.01300 0 3.82500 56.60000 0.01296 1.41937 11
0.09428 0.16164 0.01300 0 -3.05000 54.97500 0.01296 1.49859 11
-0.03043 -0.24303 0.01300 0 3.30000 54.32500 0.01296 1.63015 11
0.14154 0.23389 0.01300 0 -2.55000 51.90000 0.01296 1.70369 11
-0.22245 -0.10613 0.01300 0 3.35000 46.02500 0.01296 1.82962 11
0.18698 0.10743 0.01300 0 -2.12500 42.12500 0.01296 1.90688 11
-0.16841 -0.28857 0.01300 0 2.72500 36.15000 0.01296 2.02497 11
0.13164 0.37088 0.01300 0 -1.07500 32.52500 0.01296 2.08990 11
0.05125 0.10981 0.01300 0 3.55000 35.35000 0.01296 2.18688 11
-0.04359 -0.15718 0.01300 0 -1.70000 35.82500 0.01296 2.27123 11
0.06335 0.01709 0.01300 0 3.17500 38.17500 0.01296 2.36341 11
-0.09906 0.10197 0.01300 0 -1.40000 39.87500 0.01296 2.44018 11
0.06462 -0.20887 0.01300 0 2.17500 40.35000 0.01296 2.54483 11
-0.01426 0.15625 0.01300 0 -0.92500 40.95000 0.01296 2.60774 11
-0.06479 -0.27635 0.01300 0 2.05000 40.57500 0.01296 2.71276 11
0.34373 0.26993 0.01300 0 0.67500 36.40000 0.01296 2.76759 11
-0.45541 -0.39005 0.01300 0 1.70000 25.32500 0.01296 2.87117 11
0.38033 0.27697 0.01300 0 1.15000 19.85000 0.01296 2.92415 11
-0.42361 -0.25933 0.01300 0 2.30000 10.55000 0.01296 3.02414 11
0.38788 0.13599 0.01300 0 1.65000 4.57500 0.01296 3.07974 11
-1.82686 -0.55478 0.01300 0 1.55000 -9.62500 0.01296 3.17583 11
2.31100 -0.18797 0.01300 0 7.37500 -25.50000 0.01296 3.23597 11
-2.09157 -0.21392 0.01300 0 1.00000 -48.62500 0.01296 3.32087 11
1.78390 -0.60026 0.01300 0 6.55000 -63.35000 0.01296 3.37843 11
0.24828 0.32518 0.01300 0 -1.07500 32.52500 0.01296 2.08975 11
-3.56522 -2.03349 0.01300 0 -1.07500 32.52500 0.01296 2.08976 11
-0.07820 0.06458 0.01300 0 -2.60000 61.57500 0.01296 0.26059 11
0.00211 0.05348 0.01300 0 -1.35000 60.22500 0.01296 0.35333 11
0.01699 0.10257 0.01300 0 -2.47500 60.35000 0.01296 0.50369 11
0.00962 0.00068 0.01300 0 1.27500 60.97500 0.01296 0.58816 11
0.04706 0.05391 0.01300 0 -3.40000 61.70000 0.01296 0.71959 11
-0.03768 0.11352 0.01300 0 2.00000 64.47500 0.01296 0.79635 11
-0.10936 -0.42281 0.01300 0 7.57500 63.55000 0.01296 0.93021 11
0.21581 0.21793 0.01300 0 2.45000 59.92500 0.01296 1.00030 11
0.01462 -0.47207 0.01300 0 7.45000 56.55000 0.01296 1.13226 11
-0.04328 0.22903 0.01300 0 2.72500 58.17500 0.01296 1.19976 11
0.03796 -0.63527 0.01300 0 6.27500 61.02500 0.01296 1.33467 11
-0.09954 0.31790 0.01300 0 3.72500 61.47500 0.01296 1.39000 11
0.06557 -0.68995 0.01300 0 6.30000 64.07500 0.01296 1.52406 11
-0.03013 0.34664 0.01300 0 3.92500 64.65000 0.01296 1.57905 11
-0.56607 -2.51300 0.00159 0 -3.87500 59.15000 0.00159 0.53119 11
0.97183 2.53583 0.00159 0 -3.07500 59.42500 0.00159 0.53407 11
0.25586 0.46335 0.00159 0 -2.92500 62.25000 0.00159 0.56053 11
0.08515 0.16569 0.00159 0 7.30000 63.65000 0.00159 0.57286 11
-0.13616 0.06390 0.00159 0 7.32500 63.07500 0.00159 0.59593 11
-0.28758 0.39916 0.00159 0 7.35000 63.80000 0.00159 0.61805 11
-0.04766 -0.22674 0.01300 0 6.30000 62.17500 0.01296 0.25825 11
0.03874 0.23308 0.01300 0 -3.85000 60.60000 0.01296 0.34928 11
-0.00719 -0.23913 0.01300 0 8.17500 60.60000 0.01296 0.35210 11
-0.07016 -0.20842 0.01300 0 6.40000 58.92500 0.01296 0.50646 11
0.00809 0.21571 0.01300 0 -3.70000 57.92500 0.01296 0.59862 11
-0.05139 -0.22957 0.01300 0 8.30000 57.92500 0.01296 0.60162 11
0.02754 -0.30374 0.01300 0 5.22500 59.22500 0.01296 0.75331 11
-0.07990 0.17787 0.01300 0 -3.40000 60.17500 0.01296 0.83677 11
-0.32273 -0.18543 0.01300 0 5.37500 58.72500 0.01296 1.66895 11
0.30194 0.17198 0.01300 0 -1.12500 51.47500 0.01296 1.75152 11
-0.27661 -0.36197 0.01300 0 4.40000 41.72500 0.01296 1.89080 11
0.27145 0.21206 0.01300 0 -0.95000 37.10000 0.01296 1.96217 11
-0.27280 -0.21989 0.01300 0 4.25000 25.10000 0.01296 2.09126 11
0.18557 0.22755 0.01300 0 -1.50000 20.47500 0.01296 2.16698 11
-0.25679 -0.33392 0.01300 0 3.67500 13.80000 0.01296 2.29203 11
0.20062 0.28321 0.01300 0 -0.30000 9.45000 0.01296 2.35680 11
-0.16089 -0.45502 0.01300 0 3.20000 1.12500 0.01296 2.48946 11
0.36374 0.47751 0.01300 0 0.82500 -2.97500 0.01296 2.54572 11
-0.37477 -0.53630 0.01300 0 2.27500 -16.50000 0.01296 2.68192 11
0.55533 0.32598 0.01300 0 0.17500 -24.17500 0.01296 2.74317 11
-0.57890 -0.41669 0.01300 0 1.05000 -43.27500 0.01296 2.86850 11
0.54168 0.45007 0.01300 0 0.37500 -50.60000 0.01296 2.92277 11
-0.08644 0.08796 0.01300 0 0.07500 61.35000 0.01296 0.25348 11
0.05472 -0.03562 0.01300 0 0.52500 59.57500 0.01296 0.35310 11
-0.10827 0.07711 0.01300 0 -0.22500 55.62500 0.01296 0.50231 11
0.08400 -0.06812 0.01300 0 0.62500 53.07500 0.01296 0.60126 11
-0.11390 0.20796 0.01300 0 -0.35000 47.32500 0.01296 0.74092 11
0.11669 -0.19085 0.01300 0 0.40000 43.00000 0.01296 0.84694 11
-0.10454 0.25779 0.01300 0 -0.65000 37.15000 0.01296 0.98068 11
0.09956 -0.18198 0.01300 0 0.40000 33.55000 0.01296 1.08801 11
-0.14609 0.19240 0.01300 0 -1.30000 29.25000 0.01296 1.22004 11
0.16820 -0.18076 0.01300 0 0.77500 24.55000 0.01296 1.32025 11
-0.18342 0.24846 0.01300 0 -1.67500 16.60000 0.01296 1.44927 11
0.21453 -0.23554 0.01300 0 1.00000 11.70000 0.01296 1.54857 11
-0.21861 0.34736 0.01300 0 -2.12500 3.27500 0.01296 1.66659 11
0.17026 -0.34768 0.01300 0 0.82500 -1.92500 0.01296 1.77012 11
-0.16150 0.35736 0.01300 0 -2.30000 -5.87500 0.01296 1.87947 11
0.09803 -0.21311 0.01300 0 1.20000 -11.32500 0.01296 1.98101 11
-0.10341 0.28175 0.01300 0 -2.55000 -15.87500 0.01296 2.09689 11
0.02558 -0.23497 0.01300 0 1.20000 -18.45000 0.01296 2.19114 11
-0.00988 0.17545 0.01300 0 -2.77500 -17.80000 0.01296 2.30664 11
0.18437 -0.08612 0.01300 0 2.95000 -22.02500 0.01296 2.38764 11
-0.17932 0.04393 0.01300 0 -3.12500 -27.42500 0.01296 2.50432 11
0.21947 0.11316 0.01300 0 3.67500 -31.32500 0.01296 2.57741 11
-0.20853 -0.48154 0.01300 0 7.40000 -39.77500 0.01296 2.70270 11
0.12553 0.16433 0.01300 0 4.32500 -42.02500 0.01296 2.76363 11
-0.14552 -0.62630 0.01300 0 6.92500 -45.27500 0.01296 2.88416 11
0.07084 0.28172 0.01300 0 4.90000 -46.70000 0.01296 2.93935 11
0.01051 -0.64274 0.01300 0 5.95000 -43.57500 0.01296 3.06304 11
0.03071 0.28237 0.01300 0 4.35000 -42.77500 0.01296 3.11616 11
-0.05908 -0.71263 0.01300 0 5.02500 -44.20000 0.01296 3.23700 11
0.10606 0.34300 0.01300 0 4.45000 -45.40000 0.01296 3.28517 11
0.02325 -0.87966 0.01300 0 3.87500 -47.05000 0.01296 3.39881 11
-0.04568 0.38467 0.01300 0 4.55000 -46.27500 0.01296 3.44158 11
-0.14810 -0.80670 0.01300 0 3.20000 -48.47500 0.01296 3.55478 11
0.11984 0.44310 0.01300 0 4.20000 -50.50000 0.01296 3.59695 11
-0.20734 -0.90397 0.01300 0 2.67500 -53.42500 0.01296 3.70285 11
0.18899 0.43233 0.01300 0 4.90000 -54.87500 0.01296 3.73938 11
-0.05563 -0.64612 0.01300 0 3.37500 -59.45000 0.01296 3.84065 11
0.10424 0.22671 0.01300 0 4.80000 -60.02500 0.01296 3.88134 11
-0.18490 -0.39060 0.01300 0 4.22500 -64.15000 0.01296 3.96974 11
-0.28423 0.38567 0.01300 0 -2.57500 -17.92500 0.01296 2.30738 11
2.94765 -0.14365 0.01300 0 -2.35000 -22.20000 0.01296 2.31931 11
-0.08345 0.05173 0.01300 0 -2.00000 61.47500 0.01296 0.26018 11
0.07279 0.05581 0.01300 0 -0.57500 59.87500 0.01296 0.35190 11
-0.04684 0.03141 0.01300 0 -1.82500 57.85000 0.01296 0.50398 11
0.06598 0.05307 0.01300 0 0.30000 55.22500 0.01296 0.59277 11
-0.12073 -0.10046 0.01300 0 -3.25000 47.15000 0.01296 0.75265 11
0.17661 0.18675 0.01300 0 1.32500 43.95000 0.01296 0.82815 11
-0.14770 -0.06674 0.01300 0 -2.70000 36.12500 0.01296 0.98474 11
0.18243 0.15421 0.01300 0 1.32500 33.32500 0.01296 1.06374 11
-0.15560 -0.15042 0.01300 0 -2.97500 27.17500 0.01296 1.21672 11
0.18826 0.15139 0.01300 0 2.00000 24.25000 0.01296 1.29136 11
-0.15881 -0.05853 0.01300 0 -2.90000 17.90000 0.01296 1.43852 11
0.16033 0.12263 0.01300 0 2.07500 14.25000 0.01296 1.51558 11
-0.17975 -0.01623 0.01300 0 -2.95000 7.00000 0.01296 1.65694 11
0.21953 0.08295 0.01300 0 1.85000 1.90000 0.01296 1.73838 11
-0.07941 -0.03734 0.01300 0 -3.57500 -4.50000 0.01296 1.87618 11
0.04581 0.09844 0.01300 0 2.22500 -5.67500 0.01296 1.94931 11
-0.46437 0.37331 0.01300 0 -2.85000 -12.05000 0.01296 2.08411 11
0.71812 -0.73341 0.01300 0 4.05000 -28.92500 0.01296 2.20459 11
-0.72019 0.52729 0.01300 0 8.32500 -40.65000 0.01296 2.28572 11
-1.00218 1.04633 0.01300 0 -2.80000 -41.62500 0.01296 2.29142 11
0.90639 -0.89240 0.01300 0 -3.82500 -64.67500 0.01296 2.42663 11
-0.13473 -0.11597 0.01300 0 4.05000 61.77500 0.01296 0.25994 11
0.09682 -0.20715 0.01300 0 5.30000 57.10000 0.01296 0.35764 11
-0.13621 -0.09828 0.01300 0 4.27500 50.15000 0.01296 0.50379 11
0.08313 -0.27412 0.01300 0 5.27500 48.02500 0.01296 0.60357 11
-0.15111 0.00936 0.01300 0 -1.70000 45.70000 0.01296 0.71091 11
0.11243 -0.29869 0.01300 0 5.50000 41.47500 0.01296 0.78858 11
0.04131 -0.02359 0.01300 0 -1.62500 40.75000 0.01296 0.88964 11
-0.23801 0.21972 0.01300 0 2.90000 42.87500 0.01296 0.92243 11
0.11971 -0.43712 0.01300 0 -2.32500 45.40000 0.01296 0.97578 11
0.37924 0.24899 0.01300 0 3.55000 45.62500 0.01296 0.99922 11
-0.31727 -0.35587 0.01300 0 -2.75000 39.17500 0.01296 1.05002 11
0.42462 0.39847 0.01300 0 3.40000 38.07500 0.01296 1.07302 11
-0.76111 -0.62645 0.01300 0 -3.72500 31.77500 0.01296 1.12273 11
0.66501 0.64953 0.01300 0 4.27500 29.12500 0.01296 1.13993 11
-0.43470 -1.37883 0.01300 0 7.25000 26.42500 0.01296 1.18292 11
-0.53140 2.23161 0.01300 0 5.15000 25.85000 0.01296 1.19119 11
1.45840 6.45857 0.01300 0 3.55000 30.30000 0.01296 1.32980 11
-1.38363 -1.35324 0.01300 0 4.67500 29.17500 0.01296 1.34375 11
-135.62588 -222.15364 0.01300 0 4.62500 29.12500 0.01296 1.34417 11
-2.67134 0.16300 0.01300 0 4.45000 29.12500 0.01296 1.34593 11
-0.11095 -0.15677 0.01300 0 4.47500 58.82500 0.01296 0.26140 11
0.07443 0.08767 0.01300 0 -4.37500 58.07500 0.01296 0.35368 11
0.09566 -0.34229 0.01300 0 7.72500 58.02500 0.01296 0.35590 11
-0.11467 -0.13095 0.01300 0 3.62500 54.02500 0.01296 0.48485 11
0.07847 0.18911 0.01300 0 -4.12500 52.00000 0.01296 0.56944 11
0.10220 -0.32398 0.01300 0 7.92500 51.95000 0.01296 0.57194 11
-0.06257 -0.08524 0.01300 0 3.05000 49.47500 0.01296 0.69350 11
0.20661 -0.07767 0.01300 0 -4.47500 46.72500 0.01296 0.78384 11
0.16301 -0.56503 0.01300 0 7.72500 46.60000 0.01296 0.78612 11
-0.16221 0.17608 0.01300 0 2.72500 40.97500 0.01296 0.88784 11
0.22113 -0.68838 0.01300 0 7.82500 37.17500 0.01296 0.99475 11
-0.22478 0.20271 0.01300 0 1.97500 30.82500 0.01296 1.09275 11
0.21731 -0.20391 0.01300 0 -3.97500 23.92500 0.01296 1.18728 11
0.49748 -0.99991 0.01300 0 8.47500 23.72500 0.01296 1.19066 11
-0.41994 0.23089 0.01300 0 0.75000 15.25000 0.01296 1.27479 11
0.42369 -0.15758 0.01300 0 -3.47500 3.85000 0.01296 1.36792 11
-0.30735 0.20098 0.01300 0 1.10000 -4.42500 0.01296 1.45860 11
0.43609 -0.16708 0.01300 0 -3.27500 -12.25000 0.01296 1.54649 11
-0.47498 0.45445 0.01300 0 0.05000 -21.30000 0.01296 1.62608 11
0.44793 -0.44750 0.01300 0 -2.75000 -32.80000 0.01296 1.72339 11
-0.50505 0.53488 0.01300 0 -0.85000 -40.92500 0.01296 1.79012 11
0.46471 -0.23708 0.01300 0 -2.75000 -53.02500 0.01296 1.87831 11
-0.63323 0.38444 0.01300 0 -1.95000 -64.00000 0.01296 1.95002 11
1.00288 0.97200 0.00191 0 2.40000 57.55000 0.00158 0.27078 11
-0.12483 -0.08154 0.01300 0 1.75000 61.62500 0.01296 0.26082 11
0.14171 -0.07234 0.01300 0 2.97500 57.42500 0.01296 0.35641 11
-0.11789 -0.12262 0.01300 0 1.30000 53.12500 0.01296 0.51419 11
0.20636 -0.03051 0.01300 0 3.60000 49.02500 0.01296 0.60290 11
-0.30033 -0.14677 0.01300 0 0.82500 37.77500 0.01296 0.75638 11
0.34863 -0.11670 0.01300 0 4.12500 29.90000 0.01296 0.84518 11
-0.23762 -0.05739 0.01300 0 0.82500 15.37500 0.01296 0.99015 11
0.25991 -0.11061 0.01300 0 4.05000 8.70000 0.01296 1.07959 11
-0.44623 -0.17148 0.01300 0 -0.10000 -7.05000 0.01296 1.22216 11
0.38893 -0.09020 0.01300 0 5.02500 -15.45000 0.01296 1.30301 11
-0.43750 -0.08775 0.01300 0 0.20000 -31.67500 0.01296 1.44816 11
0.35095 -0.12590 0.01300 0 5.67500 -41.77500 0.01296 1.53200 11
-0.33851 -0.12427 0.01300 0 0.75000 -55.40000 0.01296 1.67189 11
0.35090 -0.20781 0.01300 0 5.37500 -64.15000 0.01296 1.75951 11
-0.10047 -0.04128 0.01300 0 4.05000 61.97500 0.01296 0.25966 11
0.09236 -0.29251 0.01300 0 5.42500 58.55000 0.01296 0.36022 11
-0.17566 0.02377 0.01300 0 3.57500 52.00000 0.01296 0.49571 11
0.13172 -0.35777 0.01300 0 5.32500 48.17500 0.01296 0.59784 11
-0.19905 -0.03279 0.01300 0 2.67500 40.25000 0.01296 0.73272 11
0.21489 -0.30934 0.01300 0 5.70000 34.35000 0.01296 0.82629 11
-0.19272 -0.01652 0.01300 0 2.65000 27.92500 0.01296 0.95109 11
0.13586 -0.27829 0.01300 0 5.90000 24.22500 0.01296 1.04367 11
-0.16237 -0.02800 0.01300 0 2.40000 19.92500 0.01296 1.17292 11
0.20033 -0.35573 0.01300 0 6.27500 15.67500 0.01296 1.26314 11
-0.26786 0.01170 0.01300 0 2.17500 7.75000 0.01296 1.38285 11
0.32253 -0.38953 0.01300 0 7.00000 -0.70000 0.01296 1.47630 11
-0.33889 -0.05115 0.01300 0 1.97500 -10.40000 0.01296 1.59437 11
0.39339 -0.41829 0.01300 0 7.57500 -19.30000 0.01296 1.68409 11
-0.30033 -0.12641 0.01300 0 2.02500 -28.02500 0.01296 1.80732 11
0.26647 0.24984 0.01300 0 -3.67500 -34.85000 0.01296 1.88579 11
0.26343 -0.23829 0.01300 0 8.30000 -35.07500 0.01296 1.88889 11
-0.25536 -0.24487 0.01300 0 0.77500 -44.85000 0.01296 2.01326 11
0.24185 0.31529 0.01300 0 -3.47500 -48.80000 0.01296 2.07967 11
-0.17050 -0.33774 0.01300 0 0.12500 -59.62500 0.01296 2.20387 11
-0.02312 0.15175 0.01300 0 -3.92500 -63.40000 0.01296 2.27003 11
0.12928 -0.45271 0.01300 0 8.15000 -63.40000 0.01296 2.27281 11
-0.56884 -0.32271 0.01300 0 -2.10000 -54.52500 0.01296 2.46966 11
0.63127 0.35905 0.01300 0 0.90000 -43.55000 0.01296 2.54956 11
-0.61945 -0.53484 0.01300 0 -0.95000 -27.95000 0.01296 2.64997 11
0.82037 0.94145 0.01300 0 -1.50000 -19.80000 0.01296 2.70454 11
-0.91511 -0.93776 0.01300 0 -1.12500 -3.27500 0.01296 2.81654 11
0.91466 0.89757 0.01300 0 8.20000 3.97500 0.01296 2.85911 11
1.06505 1.15793 0.01300 0 -2.70000 4.97500 0.01296 2.86504 11
-2.40486 -1.64343 0.01300 0 0.65000 27.10000 0.01296 2.98076 11
2.21498 1.50277 0.01300 0 5.25000 33.37500 0.01296 3.00724 11
-1.88502 -1.24296 0.01300 0 0.85000 63.05000 0.01296 3.13429 11
-0.05464 0.41540 0.01300 0 1.87500 63.70000 0.01296 0.27316 11
0.03355 0.47966 0.01300 0 2.82500 63.10000 0.01296 0.28079 11
0.19673 -0.05148 0.01300 0 0.12500 62.22500 0.01296 0.10413 11
-0.21018 -0.01577 0.01300 0 -0.90000 53.85000 0.01296 0.25933 11
0.27053 -0.02876 0.01300 0 0.95000 47.55000 0.01296 0.35253 11
-0.23373 -0.04985 0.01300 0 -1.45000 35.27500 0.01296 0.50875 11
0.28205 0.10963 0.01300 0 1.37500 29.62500 0.01296 0.59550 11
-0.33120 -0.00091 0.01300 0 -2.37500 14.97500 0.01296 0.75260 11
0.23418 0.08135 0.01300 0 0.85000 9.15000 0.01296 0.83919 11
-0.11407 -0.05993 0.01300 0 -2.67500 0.65000 0.01296 0.99249 11
0.09665 0.12590 0.01300 0 1.17500 -2.17500 0.01296 1.07393 11
-0.10967 -0.05978 0.01300 0 -2.77500 -5.77500 0.01296 1.22215 11
0.09729 0.10190 0.01300 0 1.62500 -8.37500 0.01296 1.30063 11
-0.08262 -0.03016 0.01300 0 -2.82500 -12.02500 0.01296 1.44617 11
0.08458 0.02008 0.01300 0 1.52500 -14.27500 0.01296 1.52645 11
-0.10744 0.05044 0.01300 0 -3.02500 -19.10000 0.01296 1.66278 11
0.07946 -0.03405 0.01300 0 2.17500 -21.70000 0.01296 1.74002 11
-0.16052 0.05675 0.01300 0 -2.77500 -27.12500 0.01296 1.87022 11
0.20375 -0.03515 0.01300 0 2.17500 -31.30000 0.01296 1.95305 11
-0.25466 0.15206 0.01300 0 -3.17500 -38.87500 0.01296 2.07527 11
0.32512 -0.11509 0.01300 0 2.52500 -45.62500 0.01296 2.16058 11
-0.40478 -0.06429 0.01300 0 7.92500 -56.85000 0.01296 2.26804 11
-0.38712 0.17194 0.01300 0 -4.05000 -57.12500 0.01296 2.27076 11
0.14213 -0.13694 0.01300 0 4.05000 -62.55000 0.01296 3.03797 11
-0.23977 -0.08402 0.01300 0 3.67500 -59.60000 0.01296 3.09524 11
0.21498 -0.35281 0.01300 0 3.37500 -54.77500 0.01296 3.17502 11
