-0.07177 0.00358 0.00710 0 3.30000 -25.35000 0.00678 0.37095 11
0.20133 -0.37294 0.00710 0 5.22500 -25.55000 0.00678 0.41890 11
0.05300 0.41974 0.00710 0 1.55000 -26.30000 0.00678 0.45893 11
0.13551 -0.77668 0.00710 0 4.67500 -25.90000 0.00678 0.52061 11
-0.10366 0.14774 0.00710 0 0.92500 -27.17500 0.00678 0.55894 11
0.04977 -0.45695 0.00710 0 3.77500 -27.95000 0.00678 0.60749 11
1.93871 -1.06312 0.00710 0 7.02500 38.90000 0.00678 0.87848 11
-1.09149 0.43758 0.00710 0 5.62500 42.47500 0.00678 0.89157 11
1.29525 -0.92178 0.00710 0 7.97500 60.12500 0.00678 0.96771 11
-0.79277 0.55057 0.00710 0 5.97500 63.45000 0.00678 0.98206 11
-0.44528 -0.96804 0.00710 0 7.60000 -52.20000 0.00678 -0.05242 11
0.29993 0.89528 0.00710 0 -1.50000 -47.35000 0.00678 0.01321 11
-0.27307 -0.75194 0.00710 0 -0.30000 -41.37500 0.00678 0.10243 11
0.19180 0.53767 0.00710 0 8.25000 -38.87500 0.00678 0.13837 11
0.24798 0.68777 0.00710 0 -3.15000 -38.65000 0.00678 0.14234 11
-0.14109 -0.34952 0.00710 0 -2.15000 -34.02500 0.00678 0.21546 11
0.24384 0.55685 0.00710 0 -2.37500 -32.52500 0.00678 0.26936 11
-0.38665 -0.91683 0.00710 0 0.12500 -28.12500 0.00678 0.34726 11
0.47078 0.94871 0.00710 0 7.62500 -25.55000 0.00678 0.37665 11
0.47888 1.31255 0.00710 0 -3.50000 -25.20000 0.00678 0.38074 11
-0.46701 -0.99855 0.00710 0 0.70000 -17.82500 0.00678 0.45894 11
0.43633 1.09373 0.00710 0 7.50000 -15.45000 0.00678 0.48543 11
0.33472 1.44013 0.00710 0 -3.27500 -15.07500 0.00678 0.49050 11
-0.05090 -1.11306 0.00710 0 1.35000 -13.65000 0.00678 0.56776 11
-0.10024 0.80311 0.00710 0 8.02500 -13.20000 0.00678 0.59249 11
-0.53139 1.04814 0.00710 0 -3.05000 -13.65000 0.00678 0.59722 11
0.31340 -0.92472 0.00710 0 1.72500 -19.45000 0.00678 0.65897 11
-0.25208 0.96501 0.00710 0 7.80000 -20.95000 0.00678 0.68237 11
-0.18184 0.88830 0.00710 0 -3.40000 -21.10000 0.00678 0.68636 11
-0.04753 -0.51171 0.00710 0 1.32500 -20.97500 0.00678 0.73846 11
0.06505 0.43480 0.00710 0 8.02500 -20.60000 0.00678 0.76614 11
0.04853 0.46381 0.00710 0 -3.67500 -20.55000 0.00678 0.76920 11
-0.13857 -0.37199 0.00710 0 1.20000 -19.07500 0.00678 0.81476 11
0.17908 0.14430 0.00710 0 7.32500 -17.40000 0.00678 0.84333 11
-0.61044 0.33193 0.00710 0 1.72500 -13.95000 0.00678 0.87952 11
1.21420 -0.48472 0.00710 0 6.20000 -7.27500 0.00678 0.91723 11
-12.64094 5.33854 0.00710 0 3.70000 -2.90000 0.00678 0.93539 11
0.30815 -0.04322 0.00710 0 4.42500 4.22500 0.00678 0.97015 11
-0.34655 0.02048 0.00710 0 0.80000 8.02500 0.00678 0.99275 11
0.30196 -0.00434 0.00710 0 4.85000 10.02500 0.00678 1.01605 11
-0.09209 -0.23166 0.00710 0 1.07500 12.40000 0.00678 1.03868 11
-0.22760 0.32324 0.00710 0 4.50000 12.77500 0.00678 1.05478 11
0.54766 -0.64058 0.00710 0 1.95000 10.97500 0.00678 1.08129 11
-0.61954 0.71255 0.00710 0 4.60000 9.57500 0.00678 1.09369 11
1.33039 0.18167 0.00710 0 3.15000 -6.40000 0.00678 1.15444 11
-1.43968 -0.72480 0.00710 0 4.72500 -9.50000 0.00678 1.17003 11
-2.08121 -1.21627 0.00710 0 3.10000 -8.90000 0.00678 1.18063 11
2.31471 0.18700 0.00710 0 3.62500 -7.85000 0.00678 1.18549 11
-4.05257 0.89577 0.00710 0 3.57500 -7.67500 0.00678 1.18624 11
-7.61270 0.48584 0.00710 0 3.55000 -7.57500 0.00678 1.18685 11
-0.07332 -0.19320 0.00710 0 3.55000 -7.45000 0.00678 1.18774 11
-3.86658 0.01295 0.00710 0 3.70000 -8.50000 0.00678 1.19490 11
-0.59705 -1.00603 0.00710 0 7.15000 -52.22500 0.00678 -0.05282 11
0.42733 0.19449 0.00710 0 5.65000 -44.37500 0.00678 0.00180 11
-0.58800 -0.85886 0.00710 0 5.80000 -37.50000 0.00678 0.07851 11
0.64070 0.44654 0.00710 0 4.62500 -30.65000 0.00678 0.13072 11
-0.69436 -0.77924 0.00710 0 -3.62500 -15.67500 0.00678 0.22143 11
0.76008 0.90734 0.00710 0 4.22500 -10.55000 0.00678 0.25587 11
-0.76711 -1.04265 0.00710 0 -2.82500 4.65000 0.00678 0.34884 11
0.75617 1.05418 0.00710 0 4.25000 8.95000 0.00678 0.37871 11
-1.48622 -0.88426 0.00710 0 -2.40000 21.52500 0.00678 0.47320 11
1.23420 1.13114 0.00710 0 3.22500 28.55000 0.00678 0.50492 11
-0.94613 -1.47698 0.00710 0 -2.50000 42.92500 0.00678 0.59894 11
0.93120 1.34691 0.00710 0 3.00000 45.87500 0.00678 0.62091 11
-1.79508 -1.57882 0.00710 0 -1.72500 61.85000 0.00678 0.71389 11
-0.31612 -1.13485 0.00710 0 7.22500 -52.20000 0.00678 -0.05275 11
0.22350 0.30630 0.00710 0 7.20000 -49.60000 0.00678 -0.00039 11
-0.42344 -0.77844 0.00710 0 7.62500 -42.62500 0.00678 0.07745 11
0.13228 0.11461 0.00710 0 7.65000 -39.62500 0.00678 0.13551 11
0.05366 0.41954 0.00710 0 -4.17500 -39.60000 0.00678 0.13786 11
0.04038 -0.11865 0.00710 0 -4.45000 -38.12500 0.00678 0.20292 11
-0.17435 -0.86039 0.00710 0 7.80000 -38.17500 0.00678 0.20530 11
0.11043 0.32391 0.00710 0 7.17500 -35.17500 0.00678 0.25751 11
-0.04085 -0.15697 0.00710 0 -4.15000 -33.87500 0.00678 0.32414 11
0.15052 -0.77162 0.00710 0 8.22500 -33.85000 0.00678 0.32713 11
-0.16455 -0.01779 0.00710 0 7.07500 -35.32500 0.00678 0.38183 11
-0.10548 0.29491 0.00710 0 -3.72500 -36.92500 0.00678 0.43578 11
-0.11950 -0.31747 0.00710 0 8.30000 -36.80000 0.00678 0.43879 11
0.30968 -0.16690 0.00710 0 6.27500 -33.00000 0.00678 0.49787 11
-0.34986 0.51374 0.00710 0 -2.80000 -28.57500 0.00678 0.54051 11
0.40512 -0.29381 0.00710 0 6.15000 -23.70000 0.00678 0.60912 11
-0.33078 0.21016 0.00710 0 -2.40000 -19.22500 0.00678 0.65007 11
0.48514 -0.31629 0.00710 0 6.37500 -13.35000 0.00678 0.70936 11
-0.52091 0.18704 0.00710 0 -1.05000 -9.55000 0.00678 0.74365 11
0.47884 -0.17279 0.00710 0 6.82500 -4.05000 0.00678 0.79437 11
-0.63375 0.32293 0.00710 0 -0.00000 0.15000 0.00678 0.82750 11
1.44314 -0.18220 0.00710 0 5.85000 9.90000 0.00678 0.87714 11
-1.33338 0.64498 0.00710 0 2.12500 18.57500 0.00678 0.91117 11
-0.39018 -0.27099 0.00710 0 -3.70000 -52.45000 0.00678 -0.05525 11
0.42608 0.10460 0.00710 0 8.12500 -45.67500 0.00678 0.00482 11
0.50174 0.37498 0.00710 0 -3.67500 -45.27500 0.00678 0.00811 11
-0.53846 0.04767 0.00710 0 -3.27500 -37.02500 0.00678 0.07352 11
0.52243 0.10388 0.00710 0 7.62500 -27.55000 0.00678 0.13844 11
0.43431 0.49437 0.00710 0 -4.17500 -27.27500 0.00678 0.14099 11
-0.42425 -0.11390 0.00710 0 -3.47500 -20.55000 0.00678 0.20603 11
0.74134 0.12049 0.00710 0 5.60000 -10.45000 0.00678 0.26274 11
-0.92115 -0.73065 0.00710 0 -3.65000 0.95000 0.00678 0.33041 11
0.92455 0.77826 0.00710 0 3.67500 7.02500 0.00678 0.36527 11
-1.24753 -0.59179 0.00710 0 -3.80000 21.47500 0.00678 0.44454 11
1.36132 0.55956 0.00710 0 2.15000 30.15000 0.00678 0.48238 11
-1.14169 -0.74704 0.00710 0 6.87500 43.15000 0.00678 0.54799 11
1.32980 -0.02322 0.00710 0 -0.52500 52.25000 0.00678 0.58711 11
-1.06347 -0.15652 0.00710 0 4.80000 61.85000 0.00678 0.63254 11
0.81076 -0.22699 0.00710 0 -3.67500 21.30000 0.00678 0.45389 11
-0.27961 -0.33627 0.00710 0 -3.90000 -52.47500 0.00678 -0.05519 11
0.45373 0.30005 0.00710 0 7.97500 -48.12500 0.00678 0.00039 11
0.52164 0.63022 0.00710 0 -3.57500 -47.70000 0.00678 0.00393 11
-0.81980 -0.62870 0.00710 0 -1.30000 -34.82500 0.00678 0.08564 11
1.73996 -0.32070 0.00710 0 6.00000 -24.22500 0.00678 0.13527 11
-1.01941 -0.07976 0.00710 0 1.00000 -14.22500 0.00678 0.17466 11
1.27752 0.26154 0.00710 0 7.22500 -5.05000 0.00678 0.21749 11
-1.26129 -0.03453 0.00710 0 0.80000 8.05000 0.00678 0.27604 11
2.70538 -0.90876 0.00710 0 6.35000 22.10000 0.00678 0.33505 11
-7.63906 -2.34322 0.00710 0 2.40000 27.42500 0.00678 0.35863 11
6.09994 1.43270 0.00710 0 3.22500 29.80000 0.00678 0.36742 11
-1.79080 -0.83786 0.00710 0 -0.50000 61.85000 0.00678 0.48252 11
-0.41674 -0.96077 0.00710 0 7.15000 -52.30000 0.00678 -0.05289 11
0.28912 0.34525 0.00710 0 6.95000 -48.67500 0.00678 0.00026 11
-0.22066 -0.46346 0.00710 0 -4.10000 -42.40000 0.00678 0.07802 11
0.32681 0.50886 0.00710 0 6.47500 -39.47500 0.00678 0.12280 11
-0.63014 -0.49615 0.00710 0 -3.62500 -31.72500 0.00678 0.20206 11
0.31768 0.22899 0.00710 0 7.92500 -28.55000 0.00678 0.25394 11
0.38766 0.36693 0.00710 0 -3.90000 -28.30000 0.00678 0.25678 11
-0.43730 -0.18442 0.00710 0 -0.37500 -22.20000 0.00678 0.30839 11
0.34144 0.37202 0.00710 0 7.42500 -18.52500 0.00678 0.34605 11
0.30602 0.65447 0.00710 0 -4.22500 -18.30000 0.00678 0.34854 11
-0.21188 -0.10083 0.00710 0 -0.30000 -16.07500 0.00678 0.39358 11
0.23658 -0.16155 0.00710 0 7.60000 -12.32500 0.00678 0.43818 11
-0.04768 0.21632 0.00710 0 0.27500 -11.10000 0.00678 0.47207 11
-2.24917 -1.26290 0.00638 0 5.22500 62.42500 0.00635 1.22050 11
2.89941 3.30267 0.00638 0 4.62500 61.77500 0.00635 1.22372 11
-18.92095 -13.53062 0.00638 0 6.02500 54.02500 0.00635 1.26909 11
-1.25264 0.07054 0.00638 0 6.90000 62.90000 0.00635 1.76119 11
0.21531 0.69010 0.00638 0 5.25000 58.85000 0.00635 1.77748 11
0.02451 -0.72779 0.00638 0 7.25000 58.37500 0.00635 1.79720 11
1.32228 -4.88254 0.00638 0 6.50000 58.65000 0.00635 1.80022 11
-0.77460 -0.15622 0.00638 0 5.07500 59.07500 0.00635 1.80734 11
0.53997 -0.13503 0.00638 0 6.00000 60.10000 0.00635 1.81535 11
0.77243 -0.40710 0.00638 0 3.02500 60.92500 0.00635 0.73472 11
-1.69404 -0.73077 0.00638 0 -2.22500 48.70000 0.00635 0.79258 11
1.62846 -0.01070 0.00638 0 6.32500 41.07500 0.00635 0.82254 11
-3.87419 -1.82076 0.00638 0 -3.57500 28.87500 0.00635 0.87121 11
-5.75980 0.87458 0.00638 0 -4.05000 10.55000 0.00635 0.93503 11
0.77009 0.35713 0.00638 0 4.17500 4.25000 0.00635 0.96352 11
-1.55774 -1.59151 0.00638 0 7.90000 0.02500 0.00635 1.00301 11
4.07152 1.53327 0.00638 0 5.87500 -2.80000 0.00635 1.01563 11
3.01242 1.58470 0.00638 0 5.40000 -23.10000 0.00635 1.08944 11
-0.62055 -0.39896 0.00638 0 6.20000 -24.92500 0.00635 1.11280 11
0.56075 0.45197 0.00638 0 5.15000 -27.87500 0.00635 1.12642 11
-0.24727 -0.44255 0.00638 0 6.50000 -28.85000 0.00635 1.13928 11
0.32613 -0.34241 0.00638 0 1.15000 63.47500 0.00635 0.85722 11
-0.20773 0.20453 0.00638 0 -1.15000 58.77500 0.00635 0.90754 11
0.17666 -0.09699 0.00638 0 0.32500 56.02500 0.00635 0.96173 11
-0.12926 0.21648 0.00638 0 -1.20000 53.92500 0.00635 1.01847 11
0.10446 -0.20587 0.00638 0 0.60000 52.75000 0.00635 1.07411 11
-0.13283 0.07722 0.00638 0 -1.62500 49.32500 0.00635 1.12778 11
0.06633 0.03113 0.00638 0 0.85000 48.12500 0.00635 1.17153 11
-0.15800 0.19183 0.00638 0 -1.42500 47.45000 0.00635 1.22667 11
-0.06647 -0.05779 0.00638 0 1.37500 46.02500 0.00635 1.27294 11
0.05389 0.04264 0.00638 0 -1.82500 47.60000 0.00635 1.32374 11
-0.10515 -0.12135 0.00638 0 1.57500 49.27500 0.00635 1.36592 11
0.12906 -0.19986 0.00638 0 -2.10000 51.90000 0.00635 1.42006 11
-0.00766 0.36059 0.00638 0 2.32500 52.90000 0.00635 1.45266 11
-0.21668 -0.61845 0.00638 0 -3.22500 52.07500 0.00635 1.50694 11
0.11247 0.67468 0.00638 0 3.47500 51.50000 0.00635 1.52637 11
-0.13284 -0.64261 0.00638 0 -3.50000 49.80000 0.00635 1.58620 11
-0.00618 1.25944 0.00638 0 3.67500 49.22500 0.00635 1.60383 11
0.27567 -0.74973 0.00638 0 8.20000 50.72500 0.00635 1.65812 11
-0.06727 0.85805 0.00638 0 3.25000 51.65000 0.00635 1.67751 11
0.10790 -0.70751 0.00638 0 8.30000 51.80000 0.00635 1.72072 11
0.11002 -0.58265 0.00638 0 -4.22500 51.90000 0.00635 1.72398 11
0.00059 0.78231 0.00638 0 3.15000 52.57500 0.00635 1.74144 11
-0.30792 -0.40120 0.00638 0 7.70000 50.25000 0.00635 1.77945 11
0.28868 0.58170 0.00638 0 3.02500 48.55000 0.00635 1.79987 11
-0.27442 -0.57316 0.00638 0 7.30000 46.85000 0.00635 1.83504 11
-0.85444 1.84606 0.00638 0 5.40000 46.82500 0.00635 1.84220 11
-1.28493 -0.13661 0.00638 0 -0.00000 62.82500 0.00635 2.89116 11
2.23827 0.59305 0.00638 0 -2.57500 53.45000 0.00635 2.92569 11
-0.48716 -0.17624 0.00638 0 -0.80000 46.60000 0.00635 2.95535 11
0.73228 -0.59911 0.00638 0 6.62500 42.70000 0.00635 2.98406 11
-0.31811 -0.16964 0.00638 0 -1.10000 38.65000 0.00635 3.01003 11
0.09353 -0.36562 0.00638 0 6.45000 37.27500 0.00635 3.03019 11
-0.10843 -0.16089 0.00638 0 -0.95000 36.32500 0.00635 3.05791 11
-0.26078 -0.14028 0.00638 0 6.50000 36.95000 0.00635 3.08153 11
-0.07689 -0.22878 0.00638 0 -1.40000 38.65000 0.00635 3.10913 11
-0.06766 -0.31140 0.00638 0 6.65000 37.87500 0.00635 3.12819 11
-0.38504 0.39853 0.00638 0 7.80000 44.10000 0.00635 3.17090 11
-3.35802 2.30804 0.00638 0 8.12500 48.92500 0.00635 3.21146 11
0.50180 -0.03977 0.00638 0 -3.85000 58.12500 0.00635 0.85040 11
0.70588 -0.68530 0.00638 0 8.47500 57.62500 0.00635 0.85403 11
-0.65627 0.19641 0.00638 0 3.57500 50.55000 0.00635 0.89535 11
1.13395 -0.59010 0.00638 0 -3.47500 39.85000 0.00635 0.95822 11
-1.03964 0.50071 0.00638 0 2.20000 32.95000 0.00635 0.99090 11
0.83953 -0.44391 0.00638 0 -4.00000 22.15000 0.00635 1.05154 11
-0.75528 0.44002 0.00638 0 2.22500 16.37500 0.00635 1.08402 11
0.62397 -0.46989 0.00638 0 -3.90000 6.15000 0.00635 1.14100 11
-0.59655 0.48078 0.00638 0 2.77500 1.87500 0.00635 1.17246 11
0.45469 -0.25212 0.00638 0 -4.50000 -3.90000 0.00635 1.22181 11
0.78737 -0.99728 0.00638 0 7.90000 -4.25000 0.00635 1.22473 11
-0.16067 0.29881 0.00638 0 2.07500 -6.42500 0.00635 1.25384 11
0.40599 -1.21762 0.00638 0 7.42500 -7.85000 0.00635 1.29947 11
0.66330 0.05761 0.00638 0 0.42500 -6.35000 0.00635 1.32510 11
-0.26015 0.30049 0.00638 0 -4.20000 -1.50000 0.00635 1.35279 11
0.03720 -0.31020 0.00638 0 7.80000 -1.45000 0.00635 1.35518 11
-0.27542 -0.83160 0.00638 0 -0.20000 -2.90000 0.00635 1.38523 11
0.19475 -0.21020 0.00638 0 7.30000 -3.35000 0.00635 1.40594 11
-0.29960 -0.37210 0.00638 0 -0.25000 -5.20000 0.00635 1.43668 11
0.73164 0.42337 0.00638 0 -4.22500 -7.05000 0.00635 1.45577 11
0.45334 0.05256 0.00638 0 7.72500 -7.55000 0.00635 1.45864 11
-0.22094 0.70784 0.00638 0 7.77500 -11.00000 0.00635 1.49882 11
-0.63906 0.02459 0.00638 0 1.02500 61.20000 0.00635 0.74101 11
0.72727 -0.38649 0.00638 0 6.82500 56.45000 0.00635 0.77747 11
-0.58900 -0.28198 0.00638 0 -0.07500 49.95000 0.00635 0.81543 11
0.61564 -0.14987 0.00638 0 5.95000 46.57500 0.00635 0.84570 11
0.97593 0.37774 0.00638 0 7.32500 32.10000 0.00635 0.91073 11
-1.40003 -0.59633 0.00638 0 -0.67500 25.32500 0.00635 0.95183 11
0.24238 -0.39002 0.00638 0 6.05000 23.75000 0.00635 0.97979 11
-0.15021 -0.07957 0.00638 0 -1.32500 21.85000 0.00635 1.00668 11
-0.04180 -0.33723 0.00638 0 2.12500 21.25000 0.00635 1.06854 11
0.17331 0.34283 0.00638 0 6.35000 21.82500 0.00635 1.08779 11
-0.19747 -0.41383 0.00638 0 2.30000 24.02500 0.00635 1.11466 11
0.18030 0.38245 0.00638 0 6.25000 24.70000 0.00635 1.13241 11
-0.14377 -0.46206 0.00638 0 2.67500 25.40000 0.00635 1.16203 11
0.08125 0.38517 0.00638 0 6.32500 25.82500 0.00635 1.17787 11
-0.07045 -0.72119 0.00638 0 2.62500 26.25000 0.00635 1.20335 11
0.09627 0.64965 0.00638 0 5.75000 26.60000 0.00635 1.21599 11
-0.11367 -0.56787 0.00638 0 2.42500 25.72500 0.00635 1.24124 11
0.28401 0.51562 0.00638 0 5.60000 26.32500 0.00635 1.25502 11
-0.42533 -1.77663 0.00638 0 3.62500 29.37500 0.00635 1.28500 11
0.24356 2.02286 0.00638 0 4.52500 29.50000 0.00635 1.28836 11
-0.88412 -2.50079 0.00638 0 3.25000 31.67500 0.00635 1.31704 11
0.31669 2.90005 0.00638 0 3.95000 31.82500 0.00635 1.31958 11
-1.08687 -2.17929 0.00638 0 -2.77500 56.12500 0.00635 0.83439 11
-0.62649 1.38154 0.00638 0 -4.47500 55.97500 0.00635 0.84032 11
-0.32125 0.66231 0.00638 0 7.10000 56.22500 0.00635 0.84268 11
-0.06517 0.65840 0.00638 0 7.75000 60.95000 0.00635 0.90041 11
0.28872 -1.63519 0.00638 0 -1.22500 62.12500 0.00635 0.94755 11
-0.37234 6.53283 0.00638 0 -3.65000 62.35000 0.00635 0.95635 11
-0.74018 0.64192 0.00638 0 7.17500 62.37500 0.00635 0.96073 11
0.42043 -0.09293 0.00638 0 6.75000 63.85000 0.00635 0.79618 11
-0.36911 -0.45010 0.00638 0 1.42500 57.55000 0.00635 0.84765 11
0.63352 -0.29940 0.00638 0 6.42500 53.62500 0.00635 0.88321 11
-0.78705 -0.37620 0.00638 0 0.25000 46.47500 0.00635 0.92638 11
0.69259 0.00164 0.00638 0 6.55000 41.12500 0.00635 0.95797 11
-0.59589 -0.61025 0.00638 0 -0.17500 34.17500 0.00635 1.00330 11
0.43346 -0.04834 0.00638 0 6.90000 30.27500 0.00635 1.02848 11
-1.13206 -2.29625 0.00638 0 -1.42500 24.62500 0.00635 1.07649 11
6.39999 4.37418 0.00638 0 -3.87500 23.15000 0.00635 1.08655 11
1.02258 -0.05717 0.00638 0 7.20000 21.15000 0.00635 1.09420 11
-1.59375 -1.11864 0.00638 0 -2.60000 14.20000 0.00635 1.12647 11
-1.01936 1.38917 0.00638 0 -4.37500 4.50000 0.00635 1.17846 11
-1.22505 2.29515 0.00638 0 -4.37500 0.95000 0.00635 1.21355 11
-1.13737 2.00985 0.00638 0 -4.37500 -3.65000 0.00635 1.24681 11
-1.59940 2.64862 0.00638 0 -4.27500 -43.02500 0.00635 1.49042 11
0.29797 -1.69992 0.00638 0 -3.12500 -42.97500 0.00635 1.49487 11
-0.55572 0.92452 0.00638 0 -2.20000 -42.95000 0.00635 1.50074 11
1.21335 -0.58859 0.00638 0 0.95000 56.95000 0.00635 0.83379 11
-1.26262 0.62756 0.00638 0 6.30000 49.87500 0.00635 0.86580 11
1.23532 -0.32925 0.00638 0 0.70000 36.25000 0.00635 0.92609 11
-0.71240 0.24155 0.00638 0 7.75000 27.87500 0.00635 0.96883 11
-0.85875 0.47429 0.00638 0 -3.97500 27.30000 0.00635 0.97214 11
1.08941 -0.41543 0.00638 0 2.00000 18.10000 0.00635 1.01928 11
-1.05266 0.49990 0.00638 0 7.02500 11.42500 0.00635 1.05041 11
1.07685 -0.00871 0.00638 0 1.70000 1.75000 0.00635 1.09807 11
-1.10804 0.07168 0.00638 0 7.70000 -6.57500 0.00635 1.13889 11
-0.76226 0.17631 0.00638 0 -4.20000 -7.15000 0.00635 1.14187 11
1.14364 -0.30264 0.00638 0 2.72500 -13.50000 0.00635 1.17480 11
-1.27089 0.38082 0.00638 0 6.60000 -19.70000 0.00635 1.20184 11
1.68510 -2.11501 0.00638 0 3.20000 -29.35000 0.00635 1.25169 11
-1.63999 1.82724 0.00638 0 5.12500 -30.85000 0.00635 1.26015 11
1.69502 -0.46826 0.00638 0 3.15000 -51.02500 0.00635 1.35629 11
-1.11365 0.80298 0.00638 0 5.40000 -53.57500 0.00635 1.36899 11
0.48749 0.60258 0.00638 0 2.25000 -55.42500 0.00635 1.38642 11
-0.19193 -0.59036 0.00638 0 4.12500 -57.65000 0.00635 1.40764 11
-0.01779 0.63911 0.00638 0 2.02500 -58.70000 0.00635 1.41731 11
-0.14173 -0.65146 0.00638 0 4.02500 -58.42500 0.00635 1.43725 11
-0.40455 1.30654 0.00638 0 2.40000 -58.47500 0.00635 1.44384 11
0.10421 -1.82201 0.00638 0 3.45000 -56.47500 0.00635 1.46337 11
-0.21351 0.19699 0.00638 0 1.80000 -55.47500 0.00635 1.47192 11
0.04102 -0.87843 0.00638 0 3.32500 -55.30000 0.00635 1.48327 11
0.64921 0.81032 0.00638 0 3.50000 -55.90000 0.00635 1.48717 11
-0.39296 -0.33964 0.00638 0 4.85000 -57.22500 0.00635 1.50136 11
0.04555 -0.92194 0.00638 0 4.80000 -57.25000 0.00635 1.50167 11
0.49148 0.56444 0.01234 0 8.17500 -13.72500 0.00163 1.88766 -11
0.37697 0.59930 0.01234 0 7.80000 -8.95000 0.00163 1.93549 -11
-0.75423 0.34121 0.01234 0 8.15000 -4.95000 0.00163 2.06068 -11
-0.60738 -0.06968 0.02707 0 -0.22500 -51.72500 0.02319 -0.07257 -11
0.69208 0.04179 0.02707 0 1.77500 7.35000 0.02319 0.28641 -11
-0.70542 -0.11587 0.02707 0 -0.85000 32.95000 0.02319 0.43398 -11
-0.59183 0.07185 0.02707 0 -3.72500 -51.60000 0.02319 -0.07170 -11
-0.68176 -0.23885 0.02707 0 8.35000 -51.07500 0.02319 -0.06818 -11
0.55011 -0.28260 0.02707 0 8.22500 3.07500 0.02319 0.28095 -11
0.53206 0.16366 0.02707 0 -3.82500 3.52500 0.02319 0.28419 -11
-0.51372 0.04763 0.02707 0 -3.15000 24.90000 0.02319 0.43499 -11
-0.59335 -0.08778 0.02707 0 1.80000 -51.70000 0.02319 -0.07238 -11
0.44430 0.03065 0.02707 0 -0.32500 1.57500 0.02319 0.30147 -11
-0.43052 -0.11245 0.02707 0 2.25000 19.95000 0.02319 0.45197 -11
0.40408 0.18990 0.02707 0 0.77500 62.75000 0.02319 0.83822 -11
-0.55180 0.11818 0.02707 0 -4.40000 -51.52500 0.02319 -0.07133 -11
-0.55309 -0.26916 0.02707 0 7.65000 -51.20000 0.02319 -0.06892 -11
0.66141 0.30697 0.02707 0 -2.32500 3.90000 0.02319 0.28230 -11
-0.70081 -0.36133 0.02707 0 4.37500 25.17500 0.02319 0.41306 -11
-0.61771 -0.26945 0.02707 0 7.25000 -51.22500 0.02319 -0.06924 -11
0.74302 0.20524 0.02707 0 -2.75000 11.40000 0.02319 0.29902 -11
-0.75756 -0.32348 0.02707 0 6.45000 37.95000 0.02319 0.44970 -11
-0.62018 -0.06109 0.02707 0 1.00000 -51.72500 0.02319 -0.07251 -11
0.69989 0.02702 0.02707 0 8.30000 21.32500 0.02319 0.30813 -11
0.77023 0.51614 0.02707 0 -3.45000 22.00000 0.02319 0.31214 -11
-0.72816 -0.56607 0.02707 0 1.00000 40.85000 0.02319 0.42943 -11
-0.59142 -0.08514 0.02707 0 1.72500 -51.57500 0.02319 -0.07219 -11
0.54303 0.01836 0.02707 0 1.75000 2.50000 0.02319 0.29028 -11
-0.52485 -0.14065 0.02707 0 2.15000 24.17500 0.02319 0.43984 -11
-0.62274 -0.06653 0.02707 0 0.10000 -51.72500 0.02319 -0.07258 -11
0.70564 -0.02832 0.02707 0 1.25000 8.75000 0.02319 0.28438 -11
-0.70928 -0.00183 0.02707 0 0.62500 36.85000 0.02319 0.44452 -11
-0.53001 0.00421 0.02707 0 -0.65000 -51.70000 0.02319 -0.07252 -11
0.38042 -0.34777 0.02707 0 8.47500 -8.60000 0.02319 0.28827 -11
0.34220 0.06875 0.02707 0 -3.65000 -8.27500 0.02319 0.29161 -11
-0.31147 0.02723 0.02707 0 1.10000 5.77500 0.02319 0.44539 -11
0.39252 0.14720 0.02707 0 -3.35000 44.80000 0.02319 0.80674 -11
-0.40854 0.05115 0.02707 0 -2.07500 61.27500 0.02319 0.95170 -11
-0.62799 -0.27041 0.02707 0 7.12500 -51.22500 0.02319 -0.06933 -11
0.51237 -0.18944 0.02707 0 4.62500 5.25000 0.02319 0.29789 -11
-0.52754 -0.14870 0.02707 0 6.57500 26.95000 0.02319 0.45711 -11
-0.62287 -0.23921 0.02707 0 4.97500 -51.50000 0.02319 -0.07099 -11
0.62087 0.10618 0.02707 0 7.77500 7.55000 0.02319 0.31557 -11
0.74308 0.61678 0.02707 0 -3.95000 8.05000 0.02319 0.31871 -11
-0.76137 -0.41837 0.02707 0 -4.20000 25.40000 0.02319 0.41975 -11
-0.95238 -0.89037 0.02707 0 8.32500 26.07500 0.02319 0.42371 -11
-0.64711 -0.14717 0.02707 0 2.65000 -51.65000 0.02319 -0.07212 -11
0.61362 -0.05374 0.02707 0 3.10000 7.10000 0.02319 0.29005 -11
-0.65761 -0.15936 0.02707 0 2.97500 31.02500 0.02319 0.44277 -11
0.32984 -0.21056 0.02707 0 3.12500 7.27500 0.02319 0.29477 -11
-0.61723 -0.16290 0.02707 0 3.42500 -51.60000 0.02319 -0.07181 -11
1.54419 1.38221 0.02707 0 5.45000 41.70000 0.02319 0.38448 -11
-4.89389 -5.07092 0.02707 0 1.57500 49.35000 0.02319 0.42224 -11
-0.59479 -0.19833 0.02707 0 4.10000 -51.55000 0.02319 -0.07148 -11
0.66840 -0.01496 0.02707 0 4.45000 6.65000 0.02319 0.30382 -11
-0.59056 -0.18764 0.02707 0 2.15000 31.02500 0.02319 0.45008 -11
-0.62459 0.05184 0.02707 0 -3.40000 -51.62500 0.02319 -0.07187 -11
0.52957 -0.19189 0.02707 0 4.90000 4.40000 0.02319 0.30721 -11
-0.52512 -0.20824 0.02707 0 7.12500 26.12500 0.02319 0.46588 -11
-0.61162 -0.21099 0.02707 0 4.70000 -51.50000 0.02319 -0.07114 -11
0.74116 -0.11085 0.02707 0 6.55000 9.95000 0.02319 0.29337 -11
-0.79627 -0.24814 0.02707 0 2.77500 36.95000 0.02319 0.44228 -11
-0.59903 -0.12991 0.02707 0 2.65000 -51.67500 0.02319 -0.07214 -11
0.61825 -0.03513 0.02707 0 3.80000 7.35000 0.02319 0.29687 -11
-0.61168 -0.14981 0.02707 0 2.82500 31.17500 0.02319 0.44738 -11
-0.59707 0.06719 0.02707 0 -3.90000 -51.60000 0.02319 -0.07162 -11
-0.57950 -0.30000 0.02707 0 8.20000 -51.10000 0.02319 -0.06836 -11
0.57902 -0.22068 0.02707 0 4.90000 1.85000 0.02319 0.30302 -11
-0.53154 0.23914 0.02707 0 -4.22500 25.52500 0.02319 0.46711 -11
-0.53823 -0.10974 0.02707 0 7.72500 25.87500 0.02319 0.46969 -11
-0.61297 -0.18611 0.02707 0 4.15000 -51.52500 0.02319 -0.07142 -11
0.53663 -0.04566 0.02707 0 1.17500 3.77500 0.02319 0.30809 -11
-0.55768 -0.08551 0.02707 0 3.37500 26.12500 0.02319 0.46537 -11
-0.63209 -0.20474 0.02707 0 6.77500 -51.27500 0.02319 -0.06965 -11
0.66243 -0.21433 0.02707 0 6.80000 8.60000 0.02319 0.29231 -11
-0.66606 -0.26268 0.02707 0 5.97500 34.95000 0.02319 0.45069 -11
-0.63962 -0.21289 0.02707 0 5.80000 -51.40000 0.02319 -0.07041 -11
0.67171 -0.25883 0.02707 0 6.32500 9.62500 0.02319 0.28367 -11
-0.67519 -0.15562 0.02707 0 7.22500 38.02500 0.02319 0.45359 -11
-0.61087 -0.13526 0.02707 0 3.25000 -51.62500 0.02319 -0.07189 -11
0.58816 -0.03654 0.02707 0 2.82500 3.42500 0.02319 0.28703 -11
-0.48503 -0.16277 0.02707 0 3.22500 25.52500 0.02319 0.43850 -11
1.77054 -1.04187 0.00218 0 -0.92500 -45.95000 0.00113 0.00935 11
-2.17370 -0.65430 0.00219 0 7.07500 -49.72500 0.00103 -0.10653 11
1.61031 -0.33873 0.00219 0 -3.05000 -44.27500 0.00103 -0.08492 11
-0.94659 -0.80858 0.00219 0 6.60000 -39.80000 0.00103 -0.06512 11
0.69138 0.23809 0.00219 0 -2.57500 -37.00000 0.00103 -0.04822 11
0.41391 0.20187 0.00219 0 7.42500 -32.47500 0.00103 -0.02605 11
-0.11622 -0.93969 0.00219 0 -2.42500 -35.17500 0.00103 0.00009 11
-0.32060 -0.25441 0.00219 0 7.17500 -35.95000 0.00103 0.01197 11
0.49101 -0.60540 0.00219 0 -2.80000 -33.82500 0.00103 0.03000 11
0.21408 -0.56398 0.00219 0 6.82500 -33.47500 0.00103 0.04512 11
-0.17023 -0.04183 0.00219 0 -3.10000 -34.47500 0.00103 0.05801 11
-0.43190 -0.07996 0.00219 0 5.32500 -35.37500 0.00103 0.11205 11
0.47004 0.20363 0.00219 0 6.12500 -34.10000 0.00103 0.12038 11
-2.51015 -1.54276 0.00187 0 7.00000 -53.20000 0.00088 -0.11792 11
1.00605 0.21708 0.00187 0 -2.80000 -50.15000 0.00088 -0.10306 11
-0.76324 -0.38236 0.00187 0 6.15000 -48.55000 0.00088 -0.08662 11
1.02873 0.56938 0.00187 0 8.27500 -46.12500 0.00088 -0.07411 11
1.00894 -0.17150 0.00187 0 -3.40000 -45.10000 0.00088 -0.06894 11
-0.59964 -0.28505 0.00187 0 6.82500 -43.50000 0.00088 -0.05928 11
0.61373 -0.60107 0.00187 0 -3.02500 -41.57500 0.00088 -0.04109 11
0.06468 0.99583 0.00187 0 -3.97500 -40.95000 0.00088 -0.03654 11
-0.15607 -0.52327 0.00187 0 7.97500 -41.02500 0.00088 -0.03367 11
0.04599 -0.55103 0.00187 0 -2.22500 -40.57500 0.00088 -0.02016 11
0.23242 0.92370 0.00187 0 -4.00000 -40.47500 0.00088 -0.01183 11
0.11514 0.12317 0.00187 0 7.72500 -40.65000 0.00088 -0.00882 11
-0.14592 -0.15388 0.00187 0 7.72500 -39.45000 0.00088 0.01105 11
1.17570 -1.02810 0.00187 0 7.80000 -38.30000 0.00088 0.02959 11
0.55496 -0.02472 0.00187 0 7.90000 -39.17500 0.00088 0.04502 11
3.50581 0.36459 0.00297 0 -3.52500 -6.80000 0.00137 1.33168 11
-3.64260 -0.57737 0.00297 0 -2.82500 -32.45000 0.00137 1.42582 11
3.16226 0.02524 0.00297 0 -4.37500 -40.30000 0.00137 1.45615 11
-2.06811 1.03881 0.00297 0 -3.87500 -43.17500 0.00137 1.46718 11
0.58866 -0.74698 0.00297 0 -3.60000 -43.52500 0.00137 1.46905 11
-0.46235 0.49964 0.00297 0 -2.87500 -43.37500 0.00137 1.47444 11
-0.53210 0.21551 0.00297 0 -2.85000 -43.42500 0.00137 1.47522 11
-1.08445 -0.53830 0.00186 0 -1.92500 42.67500 0.00014 0.13391 11
1.23456 0.50232 0.00186 0 -0.32500 44.50000 0.00014 0.14428 11
-0.91209 -1.58747 0.00520 0 2.67500 -59.00000 0.00500 -0.05706 11
0.67180 1.54567 0.00520 0 7.25000 -56.70000 0.00500 -0.03913 11
0.30195 1.96527 0.00520 0 -3.37500 -56.42500 0.00500 -0.03384 11
-1.73130 -3.47082 0.00520 0 2.72500 -55.97500 0.00500 0.04018 11
1.69274 3.10053 0.00520 0 4.90000 -54.90000 0.00500 0.04839 11
-0.75272 -0.92121 0.00520 0 -0.12500 -46.42500 0.00500 0.11675 11
0.85528 0.93688 0.00520 0 5.32500 -42.80000 0.00500 0.14082 11
-0.80696 -0.81870 0.00520 0 -0.07500 -33.55000 0.00500 0.20274 11
0.91783 0.97947 0.00520 0 5.00000 -30.05000 0.00500 0.22538 11
-2.14028 -2.92069 0.00520 0 2.60000 -17.95000 0.00500 0.29797 11
2.72070 4.58247 0.00520 0 4.47500 -16.57500 0.00500 0.30586 11
-0.39572 -1.02087 0.00520 0 1.32500 -10.77500 0.00500 0.36667 11
0.29889 1.01116 0.00520 0 5.65000 -9.77500 0.00500 0.38304 11
-0.39479 -1.11744 0.00520 0 2.30000 -3.82500 0.00500 0.42558 11
0.31030 1.40726 0.00520 0 5.50000 -2.95000 0.00500 0.43767 11
-3.25097 -10.43193 0.00520 0 3.85000 -3.02500 0.00500 0.48531 11
-4.34699 27.36901 0.00520 0 5.07500 -2.80000 0.00500 0.48943 11
-0.14170 2.49685 0.00520 0 5.22500 -2.82500 0.00500 0.48985 11
-0.97374 -2.68051 0.00520 0 6.25000 -5.45000 0.00500 0.56730 11
2.16171 2.28039 0.00520 0 6.92500 -5.12500 0.00500 0.57009 11
0.03485 -0.03377 0.00399 0 2.25000 64.45000 0.00349 1.09830 11
0.14058 -0.12077 0.00399 0 -2.30000 64.52500 0.00349 1.12229 11
-0.26089 0.10970 0.00399 0 2.07500 63.57500 0.00349 1.14416 11
0.90486 -0.33496 0.00399 0 -1.20000 58.52500 0.00349 1.17265 11
-0.76138 0.10946 0.00399 0 2.10000 54.85000 0.00349 1.19308 11
1.42565 -0.10187 0.00399 0 -1.05000 50.40000 0.00349 1.21820 11
-3.68026 0.17590 0.00399 0 0.67500 45.12500 0.00349 1.23845 11
0.61431 -1.13045 0.00399 0 -0.77500 38.77500 0.00349 1.26906 11
-0.48415 1.06378 0.00399 0 1.17500 38.05000 0.00349 1.27693 11
-0.20058 -1.25016 0.00399 0 -0.27500 34.42500 0.00349 1.29895 11
0.27818 2.28864 0.00399 0 0.50000 33.17500 0.00349 1.33691 11
0.71823 1.85213 0.00399 0 0.27500 32.00000 0.00349 1.38050 11
0.78759 -0.12658 0.00399 0 1.12500 38.05000 0.00349 1.28259 11
3.05053 -1.20766 0.00399 0 -4.17500 49.57500 0.00349 1.11724 11
-2.84579 0.79334 0.00399 0 -1.80000 43.72500 0.00349 1.13895 11
16.58785 0.93898 0.00399 0 7.37500 19.30000 0.00349 1.23344 11
-1.19125 0.46009 0.00399 0 7.37500 19.02500 0.00349 1.23462 11
-0.18858 0.55334 0.00399 0 -4.32500 18.77500 0.00349 1.23708 11
0.10457 0.44052 0.00399 0 5.70000 18.20000 0.00349 1.24665 11
-0.20914 -0.81081 0.00399 0 7.57500 18.05000 0.00349 1.26215 11
0.41779 -0.41536 0.00399 0 6.72500 17.25000 0.00349 1.26779 11
-0.86349 -0.12302 0.00399 0 8.20000 16.32500 0.00349 1.27657 11
0.18722 -0.77645 0.00399 0 7.02500 16.00000 0.00349 1.28350 11
0.44117 0.58682 0.00399 0 7.75000 15.97500 0.00349 1.28751 11
-0.05088 0.97177 0.00399 0 -4.35000 18.55000 0.00349 1.26088 11
-0.50194 -0.74550 0.00399 0 6.20000 17.80000 0.00349 1.27524 11
0.23480 0.15118 0.00399 0 6.92500 17.90000 0.00349 1.28932 11
0.56130 0.47765 0.00399 0 6.50000 17.22500 0.00349 1.30744 11
10.30480 3.02826 0.00399 0 6.85000 14.20000 0.00349 1.33157 11
-1.59906 0.07539 0.00399 0 7.35000 13.50000 0.00349 1.34713 11
-0.44382 -0.11576 0.01244 0 6.27500 64.05000 0.00145 1.20462 -11
0.42038 0.01328 0.01244 0 -3.80000 56.12500 0.00145 1.27178 -11
0.30349 -0.29074 0.01244 0 8.30000 55.80000 0.00145 1.27495 -11
-0.30013 -0.18263 0.01244 0 6.05000 48.77500 0.00145 1.36730 -11
0.10409 0.10594 0.01244 0 -3.10000 45.80000 0.00145 1.43611 -11
0.04187 -0.34805 0.01244 0 6.37500 43.65000 0.00145 1.52376 -11
-0.23841 0.23139 0.01244 0 -3.40000 47.92500 0.00145 1.59650 -11
0.63752 0.15167 0.01244 0 -0.90000 58.30000 0.00145 1.66424 -11
0.04934 -3.81104 0.00248 0 4.55000 64.40000 0.00168 1.32986 11
0.38510 0.06996 0.02055 0 -2.40000 59.32500 0.01758 1.11955 11
-0.48658 0.11993 0.02055 0 -1.50000 48.75000 0.01758 1.20290 11
0.29591 0.09390 0.02055 0 -2.72500 43.15000 0.01758 1.26728 11
-0.36612 -0.06358 0.02055 0 -2.32500 35.37500 0.01758 1.34647 11
0.49929 0.16871 0.02055 0 -2.17500 29.17500 0.01758 1.40185 11
-0.57901 -0.17617 0.02055 0 -3.15000 18.37500 0.01758 1.48327 11
0.62202 0.37145 0.02055 0 -0.80000 12.10000 0.01758 1.52678 11
-0.74565 -0.21089 0.02055 0 -3.57500 -2.65000 0.01758 1.61485 11
0.55990 0.49820 0.02055 0 -0.05000 -8.82500 0.01758 1.65351 11
-0.38003 -0.49261 0.02055 0 -2.80000 -17.92500 0.01758 1.74116 11
0.35898 0.58048 0.02055 0 1.35000 -20.62500 0.01758 1.77124 11
-0.34475 -0.51179 0.02055 0 -2.52500 -28.05000 0.01758 1.85993 11
0.59228 0.63269 0.02055 0 2.02500 -31.02500 0.01758 1.88883 11
-0.47219 -0.58188 0.02055 0 -2.17500 -39.22500 0.01758 1.97263 11
0.52253 0.54956 0.02055 0 2.80000 -42.90000 0.01758 2.00139 11
-0.55525 -0.33763 0.02055 0 -2.20000 -53.92500 0.01758 2.07627 11
0.74042 0.20456 0.02055 0 2.25000 -59.97500 0.01758 2.11330 11
-0.47214 -0.01611 0.00245 0 -3.10000 -64.17500 0.00245 0.25199 11
0.55404 0.25187 0.00245 0 -1.75000 -63.00000 0.00245 0.26248 11
-0.36365 0.49827 0.00899 0 -1.05000 -64.75000 0.00747 0.11528 -11
0.02033 -1.14057 0.00899 0 7.50000 -61.42500 0.00747 0.18673 -11
0.00909 0.55224 0.00899 0 -1.62500 -59.45000 0.00747 0.28431 -11
-0.33017 -1.21578 0.00899 0 8.27500 -61.07500 0.00747 0.34819 -11
-0.26474 -0.32671 0.00899 0 -4.27500 -61.30000 0.00747 0.35141 -11
-0.64500 0.01852 0.00899 0 0.15000 -54.77500 0.00747 0.11990 -11
0.76699 -0.01979 0.00899 0 -0.57500 -38.17500 0.00747 0.21469 -11
-0.82589 0.07379 0.00899 0 -1.40000 -23.50000 0.00747 0.28600 -11
0.84014 -0.14955 0.00899 0 0.40000 -5.87500 0.00747 0.36803 -11
-0.98771 0.26844 0.00899 0 -0.05000 9.07500 0.00747 0.44604 -11
0.99068 -0.19592 0.00899 0 0.80000 23.47500 0.00747 0.51994 -11
-0.88920 0.03879 0.00899 0 -0.70000 38.32500 0.00747 0.59257 -11
1.00077 0.24766 0.00899 0 2.20000 56.05000 0.00747 0.67706 -11
0.42881 -0.03526 0.00899 0 2.45000 64.02500 0.00747 1.82754 -11
-0.36137 -0.06730 0.00899 0 -1.37500 61.82500 0.00747 1.84909 -11
0.30495 -0.38693 0.00899 0 2.42500 60.17500 0.00747 1.86986 -11
-0.38308 0.62587 0.00899 0 0.20000 59.10000 0.00747 1.89570 -11
-0.09267 0.36405 0.00899 0 2.90000 55.65000 0.00747 1.91706 -11
0.16940 -0.29594 0.00899 0 0.05000 56.20000 0.00747 1.93083 -11
-0.56703 0.96552 0.00899 0 2.40000 58.52500 0.00747 1.95109 -11
