0.86016 0.32120 0.01112 0 4.50000 13.30000 0.00815 0.59236 -11
-1.03323 -0.63103 0.01112 0 2.90000 -2.97500 0.00815 0.67443 -11
0.89122 0.24200 0.01112 0 5.07500 -22.32500 0.00815 0.77804 -11
-0.85071 -0.43423 0.01112 0 2.15000 -39.60000 0.00815 0.87167 -11
0.59995 0.17236 0.01112 0 4.22500 -55.55000 0.00815 0.96363 -11
1.03662 0.18374 0.01112 0 0.10000 51.80000 0.00815 0.37806 -11
-1.06175 -0.33135 0.01112 0 -1.70000 29.80000 0.00815 0.47828 -11
1.11243 0.42805 0.01112 0 1.00000 6.52500 0.00815 0.59214 -11
-0.81289 -0.26676 0.01112 0 -2.15000 -12.30000 0.00815 0.68769 -11
0.69098 0.28051 0.01112 0 1.25000 -32.02500 0.00815 0.79696 -11
-0.83141 -0.19949 0.01112 0 -1.50000 -48.82500 0.00815 0.88817 -11
0.77817 0.11946 0.01112 0 2.77500 51.57500 0.00815 0.37892 -11
-0.81356 -0.21310 0.01112 0 -2.62500 32.87500 0.00815 0.48995 -11
0.91635 0.58650 0.01112 0 1.12500 10.70000 0.00815 0.60799 -11
-1.11778 -0.71339 0.01112 0 0.47500 -2.07500 0.00815 0.67548 -11
0.99850 0.48134 0.01112 0 1.40000 -26.15000 0.00815 0.79498 -11
-0.85888 -0.48278 0.01112 0 1.15000 -41.97500 0.00815 0.87150 -11
0.61214 0.29816 0.01112 0 3.37500 -56.02500 0.00815 0.96484 -11
-0.40871 -0.55408 0.01112 0 0.90000 -63.47500 0.00815 1.03512 -11
0.97455 0.09000 0.01112 0 6.15000 51.17500 0.00815 0.38106 -11
-1.10409 -0.74185 0.01112 0 3.02500 29.75000 0.00815 0.48276 -11
0.91941 0.38656 0.01112 0 5.20000 4.72500 0.00815 0.60487 -11
-1.22511 -0.68839 0.01112 0 3.85000 -13.17500 0.00815 0.68913 -11
1.12180 0.44904 0.01112 0 4.02500 -37.75000 0.00815 0.80169 -11
-1.05983 -1.85576 0.01112 0 7.07500 -46.20000 0.00815 0.84805 -11
0.93685 0.21758 0.01112 0 0.02500 51.72500 0.00815 0.37824 -11
-0.75722 -0.66967 0.01112 0 5.95000 33.15000 0.00815 0.49236 -11
0.73067 0.28269 0.01112 0 -0.60000 17.57500 0.00815 0.59302 -11
-0.96580 -0.78753 0.01112 0 7.37500 0.77500 0.00815 0.68934 -11
0.84721 0.40024 0.01112 0 -1.45000 -19.27500 0.00815 0.79818 -11
-0.83741 -0.75657 0.01112 0 7.47500 -35.10000 0.00815 0.88766 -11
0.79944 0.33454 0.01112 0 -1.75000 -53.40000 0.00815 0.99011 -11
0.88040 0.11313 0.01112 0 3.97500 51.47500 0.00815 0.37946 -11
-0.87624 -0.07676 0.01112 0 1.05000 28.77500 0.00815 0.49075 -11
1.02229 -0.21174 0.01112 0 3.15000 9.50000 0.00815 0.58195 -11
-1.03177 0.13626 0.01112 0 2.25000 -19.55000 0.00815 0.71746 -11
1.02585 -0.27183 0.01112 0 2.90000 -35.95000 0.00815 0.79361 -11
-0.79868 0.23052 0.01112 0 1.90000 -61.27500 0.00815 0.91931 -11
0.86307 0.08399 0.01112 0 3.20000 51.65000 0.00815 0.37881 -11
-0.96156 -0.12872 0.01112 0 -0.47500 29.17500 0.00815 0.49443 -11
0.86345 0.13358 0.01112 0 2.72500 9.17500 0.00815 0.59719 -11
-1.17869 -0.17283 0.01112 0 1.30000 -12.97500 0.00815 0.69973 -11
1.09096 0.03524 0.01112 0 2.12500 -34.45000 0.00815 0.79551 -11
-1.17412 -0.18359 0.01112 0 2.50000 -56.55000 0.00815 0.89227 -11
0.96825 -0.02154 0.01112 0 7.35000 50.82500 0.00815 0.38253 -11
-1.68686 -0.13121 0.01112 0 6.27500 23.35000 0.00815 0.50173 -11
1.39011 0.15776 0.01112 0 2.02500 2.85000 0.00815 0.57828 -11
-1.71962 -0.14057 0.01112 0 4.15000 -24.47500 0.00815 0.68546 -11
1.90561 -0.00457 0.01112 0 1.42500 -47.37500 0.00815 0.77575 -11
0.93512 0.19303 0.01112 0 2.27500 51.67500 0.00815 0.37855 -11
-0.89235 -0.22014 0.01112 0 -0.12500 29.47500 0.00815 0.48293 -11
0.68978 0.06168 0.01112 0 3.82500 10.77500 0.00815 0.58314 -11
-0.59271 -0.20947 0.01112 0 -1.50000 -6.90000 0.00815 0.69528 -11
0.71130 0.23123 0.01112 0 3.32500 -23.65000 0.00815 0.79972 -11
-0.66960 -0.24915 0.01112 0 -1.10000 -39.87500 0.00815 0.89836 -11
0.83648 0.18317 0.01112 0 2.20000 -58.20000 0.00815 0.99944 -11
0.94035 0.13322 0.01112 0 6.47500 51.10000 0.00815 0.38142 -11
-1.03288 -0.37583 0.01112 0 3.80000 29.77500 0.00815 0.48248 -11
0.76949 0.21147 0.01112 0 -3.85000 12.72500 0.00815 0.57822 -11
0.83922 -0.09127 0.01112 0 8.15000 12.10000 0.00815 0.58173 -11
-0.65732 -0.21940 0.01112 0 5.60000 -7.32500 0.00815 0.68490 -11
0.63344 0.13035 0.01112 0 -2.75000 -22.15000 0.00815 0.77159 -11
-0.65881 -0.21001 0.01112 0 5.15000 -40.37500 0.00815 0.88697 -11
0.55892 -0.00948 0.01112 0 -3.02500 -51.92500 0.00815 0.96503 -11
0.30474 0.09743 0.01112 0 2.02500 -60.70000 0.00815 2.83466 -11
-0.52209 -0.11522 0.01112 0 -1.67500 -57.60000 0.00815 2.87153 -11
0.94429 0.27936 0.01112 0 3.70000 -47.02500 0.00815 2.92973 -11
-0.88129 -0.24130 0.01112 0 -2.37500 -41.80000 0.00815 2.95896 -11
1.00214 0.68544 0.01112 0 4.50000 -28.90000 0.00815 3.02389 -11
-1.92649 -0.62968 0.01112 0 -3.32500 -23.47500 0.00815 3.04814 -11
3.67152 1.01412 0.01112 0 5.25000 -4.25000 0.00815 3.12026 -11
-1.50297 -0.12182 0.01112 0 7.07500 0.82500 0.00815 3.13874 -11
1.29618 -0.02748 0.01112 0 4.25000 7.75000 0.00815 3.16747 -11
-0.49312 0.03318 0.01112 0 -3.80000 11.02500 0.00815 3.18848 -11
-0.15979 0.10877 0.01112 0 8.22500 11.47500 0.00815 3.19181 -11
0.21696 -0.13250 0.01112 0 3.77500 12.52500 0.00815 3.21403 -11
-0.09256 0.19280 0.01112 0 -3.75000 13.87500 0.00815 3.23865 -11
-0.26087 0.45486 0.01112 0 8.05000 13.95000 0.00815 3.24162 -11
0.35834 -0.61701 0.01112 0 4.30000 14.92500 0.00815 3.25808 -11
-0.50670 1.33101 0.01112 0 6.47500 18.75000 0.00815 3.29389 -11
0.44082 -1.14005 0.01112 0 3.97500 19.52500 0.00815 3.30354 -11
-0.25197 0.45848 0.01112 0 7.17500 21.05000 0.00815 3.32995 -11
0.59866 -0.38228 0.01112 0 3.87500 22.40000 0.00815 3.34557 -11
-0.99014 -0.05693 0.01112 0 6.20000 26.62500 0.00815 3.36565 -11
1.10718 -0.16481 0.01112 0 3.95000 30.25000 0.00815 3.38276 -11
-0.55789 0.12567 0.01112 0 6.47500 33.67500 0.00815 3.40388 -11
0.36376 -0.17891 0.01112 0 3.85000 35.65000 0.00815 3.41853 -11
-0.29582 -0.04527 0.01112 0 6.62500 36.30000 0.00815 3.43259 -11
0.37640 -0.07723 0.01112 0 4.07500 37.60000 0.00815 3.44733 -11
-1.21110 -0.10547 0.01112 0 5.85000 40.80000 0.00815 3.46318 -11
1.40292 0.38471 0.01112 0 4.35000 44.05000 0.00815 3.47802 -11
-0.54543 -0.65610 0.01112 0 5.02500 48.32500 0.00815 3.49626 -11
2.68134 2.09864 0.01112 0 3.90000 49.50000 0.00815 3.51108 -11
-0.65192 -0.30057 0.01112 0 3.95000 49.52500 0.00815 3.51135 -11
-0.26957 0.21927 0.01112 0 2.50000 49.12500 0.00815 3.52147 -11
-0.00750 -0.30496 0.01112 0 2.82500 48.87500 0.00815 3.52363 -11
-0.10907 -0.01817 0.01112 0 1.92500 48.72500 0.00815 3.53138 -11
1.00807 0.30860 0.01112 0 -1.62500 51.70000 0.00815 0.37842 -11
-1.01856 -0.57754 0.01112 0 6.77500 30.45000 0.00815 0.48606 -11
1.28999 0.39011 0.01112 0 -2.67500 7.32500 0.00815 0.59645 -11
-1.26165 -0.31671 0.01112 0 6.75000 -17.60000 0.00815 0.71130 -11
1.44935 -0.10432 0.01112 0 6.47500 -40.60000 0.00815 0.80849 -11
0.88890 0.29297 0.01112 0 -2.62500 51.57500 0.00815 0.37888 -11
0.92756 0.14198 0.01112 0 2.97500 51.57500 0.00815 0.37896 -11
-1.03654 -0.42125 0.01112 0 -0.20000 31.57500 0.00815 0.47805 -11
0.97214 0.33268 0.01112 0 2.85000 8.30000 0.00815 0.59424 -11
-1.39378 -0.11788 0.01112 0 1.42500 -11.87500 0.00815 0.68799 -11
1.18822 -0.03983 0.01112 0 1.65000 -34.25000 0.00815 0.78359 -11
-1.40522 0.02913 0.01112 0 1.05000 -59.90000 0.00815 0.89794 -11
0.99149 0.24790 0.01112 0 5.10000 51.27500 0.00815 0.38034 -11
-0.80715 -0.11207 0.01112 0 1.92500 29.95000 0.00815 0.48615 -11
0.73359 -0.11255 0.01112 0 5.95000 12.97500 0.00815 0.58031 -11
-0.95081 -0.05110 0.01112 0 2.50000 -9.97500 0.00815 0.70313 -11
1.00893 -0.35519 0.01112 0 4.22500 -28.25000 0.00815 0.79065 -11
-0.88869 0.07408 0.01112 0 3.92500 -55.70000 0.00815 0.91937 -11
0.91810 0.25061 0.01112 0 -2.25000 51.70000 0.00815 0.37854 -11
-0.85138 -0.30669 0.01112 0 7.17500 26.70000 0.00815 0.49823 -11
0.90456 0.25033 0.01112 0 -1.32500 51.65000 0.00815 0.37847 -11
-0.77678 -0.32958 0.01112 0 6.95000 30.32500 0.00815 0.49112 -11
0.68431 0.04672 0.01112 0 -0.65000 15.20000 0.00815 0.58179 -11
-0.68246 -0.38408 0.01112 0 6.52500 -2.92500 0.00815 0.69720 -11
0.77393 0.22813 0.01112 0 -1.52500 -18.50000 0.00815 0.79139 -11
-1.23453 -0.46109 0.01112 0 7.52500 -36.70000 0.00815 0.89130 -11
1.12041 0.29128 0.01112 0 -3.32500 -56.27500 0.00815 0.98481 -11
0.85941 0.11730 0.01112 0 -0.10000 51.72500 0.00815 0.37824 -11
-0.85172 -0.02726 0.01112 0 -3.35000 29.10000 0.00815 0.49130 -11
0.90949 0.10588 0.01112 0 -0.62500 9.77500 0.00815 0.58588 -11
-0.83673 0.12091 0.01112 0 -3.37500 -13.60000 0.00815 0.70301 -11
0.76598 0.09196 0.01112 0 -0.65000 -31.07500 0.00815 0.79218 -11
-1.03383 -0.73750 0.01112 0 8.32500 -50.80000 0.00815 0.89754 -11
-0.91567 -0.18646 0.01112 0 -4.07500 -51.57500 0.00815 0.90155 -11
1.06476 0.25583 0.01112 0 4.45000 51.45000 0.00815 0.37970 -11
-1.45408 -0.75865 0.01112 0 3.20000 32.35000 0.00815 0.46584 -11
1.17977 0.16179 0.01112 0 4.05000 5.52500 0.00815 0.58317 -11
-1.55760 -0.53387 0.01112 0 5.10000 -18.40000 0.00815 0.67994 -11
1.53855 0.20623 0.01112 0 5.12500 -44.15000 0.00815 0.79292 -11
1.32386 -1.20749 0.01259 0 7.82500 56.45000 0.01019 1.01064 11
-0.84064 0.39585 0.01259 0 5.50000 43.90000 0.01019 1.06990 11
1.06199 -1.21087 0.01259 0 6.72500 25.22500 0.01019 1.17219 11
-0.61088 0.54413 0.01259 0 7.40000 15.90000 0.01019 1.23377 11
-0.71646 1.08004 0.01259 0 -4.07500 15.50000 0.01019 1.23686 11
0.59776 -0.61840 0.01259 0 -3.85000 2.92500 0.01019 1.33560 11
-0.95941 0.48136 0.01259 0 7.37500 -6.10000 0.01019 1.39047 11
-1.10131 0.71326 0.01259 0 -4.25000 -6.77500 0.01019 1.39374 11
0.78041 -0.44715 0.01259 0 -3.05000 -21.42500 0.01019 1.47860 11
-0.59892 0.74894 0.01259 0 6.42500 -29.10000 0.01019 1.52511 11
0.46609 -0.80786 0.01259 0 -3.00000 -40.22500 0.01019 1.61900 11
0.30743 0.66196 0.01259 0 5.62500 -41.32500 0.01019 1.65403 11
-0.54752 -0.76450 0.01259 0 -1.92500 -33.05000 0.01019 1.72661 11
0.56756 0.73584 0.01259 0 5.22500 -29.37500 0.01019 1.75697 11
-0.25165 -1.07919 0.01259 0 -1.90000 -25.32500 0.01019 1.83185 11
0.22299 1.05168 0.01259 0 4.52500 -24.05000 0.01019 1.85589 11
-0.18399 -0.89460 0.01259 0 -1.75000 -22.07500 0.01019 1.93162 11
0.20208 0.96699 0.01259 0 4.90000 -20.85000 0.01019 1.95695 11
-0.52721 -1.58228 0.01259 0 -0.52500 -17.10000 0.01019 2.03297 11
0.80884 1.93101 0.01259 0 2.92500 -15.95000 0.01019 2.04558 11
-0.60737 -1.77682 0.01259 0 -0.75000 -9.15000 0.01019 2.12324 11
0.43595 1.56094 0.01259 0 3.52500 -7.97500 0.01019 2.13887 11
-0.77865 -1.75947 0.01259 0 0.07500 -2.50000 0.01019 2.21291 11
0.80697 1.80428 0.01259 0 3.75000 -1.00000 0.01019 2.22676 11
-1.26980 -2.54959 0.01259 0 0.12500 7.77500 0.01019 2.29021 11
0.93574 3.35472 0.01259 0 2.57500 8.67500 0.01019 2.29918 11
5.11151 -10.24791 0.01259 0 0.90000 18.72500 0.01019 2.70881 11
-1.80334 6.59356 0.01259 0 1.20000 18.60000 0.01019 2.71015 11
-84.00576 20.17642 0.01259 0 0.55000 -8.37500 0.01019 2.85740 11
74.40959 -5.33383 0.01259 0 -0.65000 -16.25000 0.01019 2.89405 11
0.28149 -0.50107 0.01259 0 -3.00000 -18.35000 0.01019 2.92655 11
-2.08849 -0.38374 0.00252 0 3.92500 -6.07500 0.00106 0.06044 11
1.84441 0.18136 0.00252 0 6.12500 -0.87500 0.00106 0.08089 11
-0.48927 0.59445 0.00252 0 3.30000 1.12500 0.00106 0.09429 11
0.50735 -1.40360 0.00252 0 6.20000 3.70000 0.00106 0.12559 11
-1.15969 -0.33255 0.00252 0 3.82500 6.90000 0.00106 0.13813 11
3.53332 7.65769 0.00252 0 3.82500 10.25000 0.00106 0.16200 11
-0.33423 0.53771 0.00252 0 4.35000 9.92500 0.00106 0.17798 11
0.12907 0.18754 0.01761 0 0.25000 64.10000 0.01753 1.18055 11
-0.20625 -0.34079 0.01761 0 6.02500 58.57500 0.01753 1.31368 11
0.18256 0.27836 0.01761 0 0.15000 55.07500 0.01753 1.38895 11
-0.14447 -0.45567 0.01761 0 4.62500 49.57500 0.01753 1.52434 11
0.20343 0.37368 0.01761 0 1.20000 45.75000 0.01753 1.58555 11
-0.17940 -0.66184 0.01761 0 3.35000 37.62500 0.01753 1.72615 11
0.15424 0.40444 0.01761 0 0.97500 35.50000 0.01753 1.78067 11
-0.12476 -0.71022 0.01761 0 3.17500 29.22500 0.01753 1.91376 11
0.21184 0.56107 0.01761 0 1.82500 27.17500 0.01753 1.96381 11
-0.31349 -0.64053 0.01761 0 2.80000 16.35000 0.01753 2.09506 11
0.20381 0.36452 0.01761 0 1.85000 14.00000 0.01753 2.14392 11
-0.23571 -0.37508 0.01761 0 4.75000 8.17500 0.01753 2.25824 11
0.29755 0.10163 0.01761 0 1.70000 4.22500 0.01753 2.32160 11
-0.39524 -0.31598 0.01761 0 4.55000 -5.35000 0.01753 2.42493 11
0.38526 0.20135 0.01761 0 2.70000 -11.40000 0.01753 2.48489 11
-0.51828 -0.36220 0.01761 0 3.55000 -26.05000 0.01753 2.59234 11
0.56997 0.24245 0.01761 0 3.20000 -33.40000 0.01753 2.64735 11
-0.58987 -0.48685 0.01761 0 3.22500 -48.62500 0.01753 2.75633 11
0.74761 0.13351 0.01761 0 3.77500 -56.67500 0.01753 2.80923 11
0.25556 0.45636 0.01761 0 0.40000 64.77500 0.01753 0.98023 11
-0.28620 -0.33743 0.01761 0 -3.92500 50.07500 0.01753 1.19310 11
0.24568 0.44809 0.01761 0 0.75000 44.92500 0.01753 1.26534 11
-0.20302 -0.67649 0.01761 0 8.45000 34.62500 0.01753 1.46749 11
-0.12005 -0.26272 0.01761 0 -3.95000 34.50000 0.01753 1.47070 11
0.10403 0.40337 0.01761 0 0.10000 32.17500 0.01753 1.54432 11
-0.06378 -0.18105 0.01761 0 -3.55000 25.55000 0.01753 1.73879 11
-0.04471 0.34044 0.01761 0 -0.95000 24.80000 0.01753 1.81976 11
0.10198 -0.49685 0.01761 0 8.47500 27.32500 0.01753 2.00120 11
0.11210 -0.16198 0.01761 0 -3.82500 27.45000 0.01753 2.00438 11
-0.05628 0.33574 0.01761 0 -0.37500 29.82500 0.01753 2.08225 11
0.00391 -0.57917 0.01761 0 8.50000 31.00000 0.01753 2.25964 11
0.04876 -0.25368 0.01761 0 -3.90000 31.02500 0.01753 2.26289 11
-0.01878 0.44380 0.01761 0 1.15000 30.65000 0.01753 2.33293 11
-0.02136 -0.60875 0.01761 0 7.72500 33.27500 0.01753 2.51615 11
-0.03140 0.40414 0.01761 0 0.72500 33.15000 0.01753 2.58794 11
0.15563 -0.62272 0.01761 0 7.15000 35.57500 0.01753 2.76316 11
-0.14783 0.38024 0.01761 0 0.15000 38.07500 0.01753 2.83660 11
0.14537 -0.55636 0.01761 0 6.92500 45.82500 0.01753 3.00584 11
-0.11069 0.44718 0.01761 0 0.80000 48.10000 0.01753 3.07533 11
0.19803 -0.58729 0.01761 0 6.10000 56.22500 0.01753 3.24167 11
-0.01919 0.42257 0.01761 0 0.72500 58.02500 0.01753 3.30755 11
0.01323 -0.72024 0.01761 0 5.02500 58.15000 0.01753 3.47494 11
-0.08228 0.50044 0.01761 0 1.27500 58.77500 0.01753 3.53280 11
0.17701 -0.83653 0.01761 0 4.75000 64.95000 0.01753 3.69792 11
-0.36622 -1.78019 0.01761 0 -2.70000 63.95000 0.01753 4.47178 11
0.44297 2.03953 0.01761 0 0.85000 61.90000 0.01753 4.50086 11
-0.15548 0.07616 0.01761 0 -0.45000 61.85000 0.01753 2.75409 11
0.20696 0.03369 0.01761 0 -2.12500 56.52500 0.01753 2.86262 11
-0.18982 0.10551 0.01761 0 -1.10000 46.47500 0.01753 3.03652 11
0.16482 0.05416 0.01761 0 -1.80000 40.40000 0.01753 3.14005 11
-0.18122 0.01251 0.01761 0 -1.30000 32.40000 0.01753 3.31067 11
0.13295 0.08357 0.01761 0 -1.60000 27.22500 0.01753 3.41126 11
-0.05121 -0.01728 0.01761 0 -2.27500 23.90000 0.01753 3.58494 11
0.05532 0.14695 0.01761 0 -0.77500 22.52500 0.01753 3.67530 11
0.05126 -0.11613 0.01761 0 -3.17500 21.55000 0.01753 3.83921 11
-0.02777 0.20153 0.01761 0 0.32500 22.40000 0.01753 3.91807 11
0.00507 -0.02643 0.01761 0 -2.57500 22.97500 0.01753 4.07855 11
-0.01850 0.11451 0.01761 0 0.30000 22.52500 0.01753 4.16287 11
0.04307 -0.09531 0.01761 0 -2.85000 23.42500 0.01753 4.31909 11
0.00011 0.17407 0.01761 0 1.07500 23.70000 0.01753 4.39811 11
0.02657 -0.14770 0.01761 0 -3.57500 23.97500 0.01753 4.55560 11
0.09770 0.33899 0.01761 0 1.62500 23.95000 0.01753 4.62794 11
-0.09876 -0.49584 0.01761 0 7.30000 20.42500 0.01753 4.77493 11
0.17407 0.26924 0.01761 0 1.25000 17.77500 0.01753 4.84738 11
-0.20067 -0.59977 0.01761 0 5.62500 8.65000 0.01753 4.99752 11
0.11204 0.47075 0.01761 0 1.37500 6.45000 0.01753 5.05997 11
-0.11242 -0.56791 0.01761 0 5.15000 0.42500 0.01753 5.20863 11
0.07495 0.35758 0.01761 0 1.72500 -1.52500 0.01753 5.26714 11
-0.16464 -0.53111 0.01761 0 6.20000 -8.70000 0.01753 5.40421 11
0.11290 0.30628 0.01761 0 2.32500 -11.12500 0.01753 5.46620 11
-0.09523 -0.54414 0.01761 0 6.17500 -16.10000 0.01753 5.60199 11
0.11040 0.29734 0.01761 0 2.27500 -17.07500 0.01753 5.66436 11
-0.06765 -0.46315 0.01761 0 5.70000 -22.25000 0.01753 5.79708 11
0.10447 0.17836 0.01761 0 1.77500 -23.60000 0.01753 5.86050 11
0.00985 -0.20474 0.01761 0 6.65000 -25.60000 0.01753 5.97269 11
-0.13284 0.03707 0.01761 0 1.82500 -24.70000 0.01753 6.04524 11
0.15604 -0.24537 0.01761 0 6.07500 -20.67500 0.01753 6.15441 11
-0.23509 0.09931 0.01761 0 2.40000 -16.85000 0.01753 6.22276 11
0.49773 -0.46121 0.01761 0 4.92500 -8.67500 0.01753 6.33645 11
-0.38484 0.29294 0.01761 0 5.05000 -3.12500 0.01753 6.38548 11
0.53166 -0.88658 0.01761 0 5.15000 8.10000 0.01753 6.50346 11
-0.39792 0.25526 0.01761 0 5.17500 13.57500 0.01753 6.55336 11
0.52407 -0.73740 0.01761 0 5.02500 26.32500 0.01753 6.66398 11
-0.40640 0.28674 0.01761 0 6.20000 31.75000 0.01753 6.70928 11
0.45353 -0.79297 0.01761 0 4.85000 43.30000 0.01753 6.81600 11
-0.48130 0.34233 0.01761 0 6.45000 48.40000 0.01753 6.85979 11
1.04932 -1.22568 0.01761 0 3.12500 63.85000 0.01753 6.97022 11
-2.43721 -6.40480 0.01761 0 2.02500 23.40000 0.01753 4.63022 11
0.12816 0.72917 0.01761 0 -4.22500 63.00000 0.01753 1.23264 11
0.12858 0.18286 0.01761 0 7.50000 62.92500 0.01753 1.23496 11
-0.52071 -1.72931 0.01761 0 -3.37500 50.25000 0.01753 1.44456 11
0.89691 2.33441 0.01761 0 2.32500 48.57500 0.01753 1.46626 11
1.25378 2.41430 0.01761 0 2.60000 18.45000 0.01753 1.70216 11
-1.27388 -2.06049 0.01761 0 -3.95000 -10.25000 0.01753 1.90979 11
0.75104 2.01133 0.01761 0 4.70000 -11.75000 0.01753 1.92195 11
-0.93222 -2.18610 0.01761 0 -2.52500 -31.72500 0.01753 2.10688 11
0.25174 1.00633 0.01761 0 3.35000 -34.10000 0.01753 2.12870 11
-0.24056 -1.38884 0.01761 0 0.40000 -40.82500 0.01753 2.29205 11
0.23325 1.15070 0.01761 0 3.70000 -42.27500 0.01753 2.32231 11
-0.53042 -2.18650 0.01761 0 -1.22500 -49.95000 0.01753 2.48610 11
0.41711 1.04779 0.01761 0 3.90000 -51.87500 0.01753 2.51010 11
-0.51118 -1.64112 0.01761 0 -1.20000 -63.72500 0.01753 2.66709 11
0.76481 0.01208 0.01761 0 4.80000 -12.25000 0.01753 1.92336 11
-0.81966 0.36859 0.01761 0 6.30000 -13.37500 0.01753 1.93214 11
-1.17483 -1.58363 0.01761 0 6.47500 -13.50000 0.01753 1.93340 11
0.91563 1.50717 0.01761 0 7.50000 -13.02500 0.01753 1.93847 11
0.06249 0.42623 0.01761 0 6.90000 -13.45000 0.01753 1.94804 11
-0.23938 -0.22508 0.01761 0 6.45000 63.97500 0.01753 2.54752 11
0.31689 -0.19078 0.01761 0 6.90000 60.55000 0.01753 2.60202 11
-0.29859 -0.18391 0.01761 0 6.17500 54.27500 0.01753 2.67497 11
0.27330 -0.26956 0.01761 0 7.20000 50.35000 0.01753 2.72979 11
-0.36855 -0.24465 0.01761 0 5.90000 44.40000 0.01753 2.79632 11
0.46035 0.29115 0.01761 0 -3.65000 38.57500 0.01753 2.84322 11
0.49982 -0.35389 0.01761 0 8.35000 38.15000 0.01753 2.84659 11
-0.38951 -0.35259 0.01761 0 5.60000 31.42500 0.01753 2.90610 11
0.39880 0.30033 0.01761 0 -4.00000 27.27500 0.01753 2.95168 11
0.51717 -0.42692 0.01761 0 8.00000 26.95000 0.01753 2.95452 11
-0.69131 -0.04124 0.01761 0 4.42500 17.22500 0.01753 3.01293 11
0.40204 -0.18148 0.01761 0 -3.95000 9.10000 0.01753 3.06818 11
-0.77434 -0.35266 0.01761 0 2.82500 3.80000 0.01753 3.10899 11
0.93227 0.31873 0.01761 0 -3.82500 -3.47500 0.01753 3.14717 11
0.83414 -0.26442 0.01761 0 8.20000 -4.22500 0.01753 3.15094 11
-1.10233 -0.77633 0.01761 0 1.42500 -15.40000 0.01753 3.20557 11
0.51157 0.18514 0.01761 0 7.27500 -19.85000 0.01753 3.23670 11
-1.63810 -1.93359 0.01761 0 -0.92500 -28.25000 0.01753 3.29682 11
97.13871 109.00171 0.01761 0 -3.72500 -33.00000 0.01753 3.31532 11
0.42206 0.86736 0.01761 0 6.65000 -33.97500 0.01753 3.32295 11
0.00978 -0.32619 0.01761 0 -1.87500 -36.67500 0.01753 3.36292 11
0.06588 -0.01061 0.01761 0 6.00000 -36.80000 0.01753 3.38213 11
-34.45735 -21.58126 0.01761 0 5.77500 -32.55000 0.01753 3.43138 11
1.49208 2.17999 0.01761 0 5.75000 -32.62500 0.01753 3.44135 11
-0.17415 -0.57266 0.01761 0 -2.75000 62.72500 0.01753 1.10875 11
-0.04135 1.08507 0.01761 0 -3.52500 62.97500 0.01753 1.15357 11
-0.08577 0.43285 0.01761 0 7.90000 63.02500 0.01753 1.15696 11
-9.66106 7.09597 0.00440 0 6.52500 64.95000 0.00051 1.41778 11
0.50960 -1.06212 0.00440 0 6.07500 62.22500 0.00051 1.43225 11
-0.33347 1.44362 0.00440 0 6.42500 61.92500 0.00051 1.43632 11
1.69599 -1.38382 0.00703 0 -1.92500 -6.55000 0.00326 0.02152 11
-1.26291 0.86549 0.00703 0 5.50000 -1.95000 0.00326 0.04363 11
-1.98478 1.54453 0.00703 0 6.17500 23.92500 0.00326 0.17215 11
-0.20301 -0.11847 0.00897 0 8.07500 62.45000 0.00885 1.24657 11
-0.17715 0.18041 0.00897 0 -3.90000 62.30000 0.00885 1.24933 11
0.26713 0.09372 0.00897 0 -4.27500 58.42500 0.00885 1.31136 11
0.27691 -0.59281 0.00897 0 7.85000 58.22500 0.00885 1.31384 11
-0.42207 0.08577 0.00897 0 7.17500 53.60000 0.00885 1.37108 11
0.43669 -0.13065 0.00897 0 -3.37500 45.20000 0.00885 1.44025 11
-0.38280 0.22766 0.00897 0 6.47500 39.37500 0.00885 1.49033 11
0.19421 -0.20460 0.00897 0 -4.12500 34.25000 0.00885 1.55700 11
0.45049 -0.94144 0.00897 0 8.32500 34.05000 0.00885 1.56025 11
-0.01970 0.23769 0.00897 0 5.70000 32.45000 0.00885 1.60330 11
0.06525 -0.75175 0.00897 0 -2.55000 29.90000 0.00885 1.67242 11
-0.31135 0.03305 0.00897 0 3.75000 29.35000 0.00885 1.70129 11
0.23743 0.07523 0.00897 0 -2.80000 24.57500 0.00885 1.73629 11
-2.28943 -1.54776 0.00897 0 1.60000 16.17500 0.00885 1.78298 11
1.29710 1.55117 0.00897 0 0.07500 14.37500 0.00885 1.79106 11
-0.58391 -0.11212 0.00897 0 4.25000 56.27500 0.00885 1.00672 11
0.57445 -0.01918 0.00897 0 3.75000 45.67500 0.00885 1.07419 11
-0.77397 -0.38411 0.00897 0 3.05000 29.42500 0.00885 1.17021 11
0.70321 0.03690 0.00897 0 4.55000 19.37500 0.00885 1.22565 11
-0.73574 -0.42335 0.00897 0 3.62500 4.50000 0.00885 1.32302 11
0.71351 0.10739 0.00897 0 5.60000 -6.00000 0.00885 1.37896 11
-0.82466 -0.61020 0.00897 0 4.00000 -19.17500 0.00885 1.47012 11
0.71550 0.02383 0.00897 0 6.77500 -27.00000 0.00885 1.51595 11
-0.65815 -0.43454 0.00897 0 4.27500 -41.15000 0.00885 1.59988 11
0.53448 -0.00963 0.00897 0 6.67500 -49.60000 0.00885 1.65048 11
-0.84283 -0.62084 0.00897 0 3.77500 -63.05000 0.00885 1.73526 11
0.37421 0.18231 0.00897 0 0.82500 60.42500 0.00885 1.02889 11
-0.32371 -0.32676 0.00897 0 0.82500 53.30000 0.00885 1.11450 11
0.48123 0.26132 0.00897 0 0.87500 49.80000 0.00885 1.16499 11
-0.62648 0.03092 0.00897 0 -2.45000 40.45000 0.00885 1.22754 11
0.66808 -0.10534 0.00897 0 -0.17500 33.25000 0.00885 1.28176 11
-0.71596 0.31848 0.00897 0 -1.82500 26.07500 0.00885 1.33910 11
0.81996 -0.31556 0.00897 0 1.85000 16.45000 0.00885 1.39790 11
-0.46874 0.25813 0.00897 0 -0.77500 7.75000 0.00885 1.45395 11
0.27377 -0.23697 0.00897 0 2.32500 2.65000 0.00885 1.50569 11
-0.29507 0.01973 0.00897 0 -0.55000 -0.87500 0.00885 1.55824 11
0.18873 -0.14595 0.00897 0 2.80000 -4.05000 0.00885 1.60458 11
-0.39237 -0.01205 0.00897 0 -1.07500 -8.07500 0.00885 1.65542 11
0.44312 -0.72522 0.00897 0 3.02500 -12.60000 0.00885 1.70462 11
-0.42811 0.55695 0.00897 0 -1.70000 -15.75000 0.00885 1.73742 11
0.12896 -0.63729 0.00897 0 2.92500 -19.12500 0.00885 1.78930 11
-0.05701 0.36051 0.00897 0 -1.60000 -20.15000 0.00885 1.82178 11
-0.08073 -0.25347 0.00897 0 2.72500 -19.30000 0.00885 1.85959 11
0.11926 0.26941 0.00897 0 -1.62500 -17.12500 0.00885 1.89743 11
-0.09119 -0.45836 0.00897 0 3.72500 -14.92500 0.00885 1.93608 11
-0.05646 0.22410 0.00897 0 -1.85000 -14.47500 0.00885 1.96687 11
-0.20626 -0.38025 0.00897 0 4.35000 -13.45000 0.00885 1.99319 11
-0.64579 -0.40533 0.00897 0 -1.77500 -14.32500 0.00885 2.02634 11
0.92833 -0.14352 0.00897 0 -4.37500 -17.07500 0.00885 2.04109 11
-0.87232 0.21870 0.00897 0 -1.82500 -20.47500 0.00885 2.05769 11
0.85180 -1.50086 0.00897 0 7.22500 -22.50000 0.00885 2.08155 11
-0.49776 0.11607 0.00897 0 -2.30000 -24.50000 0.00885 2.09497 11
0.23224 -0.81352 0.00897 0 6.70000 -25.75000 0.00885 2.11467 11
-0.07210 0.24574 0.00897 0 -2.40000 -26.37500 0.00885 2.12926 11
0.27951 0.79006 0.00897 0 -2.45000 -24.35000 0.00885 2.16099 11
1.27473 0.09048 0.00897 0 -4.42500 -27.57500 0.00885 2.17850 11
3.65589 -0.03276 0.00897 0 -3.12500 -30.47500 0.00885 2.19117 11
-0.00585 0.34300 0.00897 0 -1.15000 -31.57500 0.00885 2.20471 11
-0.65816 -1.12165 0.00897 0 -0.85000 -31.35000 0.00885 2.20633 11
0.65688 1.12631 0.00897 0 0.10000 -30.92500 0.00885 2.21060 11
-0.55164 -0.36867 0.00897 0 -0.92500 -30.70000 0.00885 2.21699 11
0.26270 0.27191 0.00897 0 0.15000 -30.12500 0.00885 2.22315 11
-0.84549 0.23234 0.00147 0 0.90000 49.92500 0.00133 1.16506 11
1.13099 0.02994 0.00147 0 2.95000 52.62500 0.00133 1.18004 11
-1.58548 -0.74447 0.00147 0 1.15000 55.35000 0.00133 1.19549 11
8.08632 12.99988 0.00147 0 1.77500 56.17500 0.00133 1.19926 11
-0.67591 -8.48344 0.00147 0 2.25000 56.27500 0.00133 1.20116 11
0.44648 1.69491 0.00147 0 3.05000 56.35000 0.00133 1.20438 11
1.52377 0.59677 0.00147 0 1.60000 56.72500 0.00133 1.21424 11
-1.21874 -0.12266 0.00147 0 2.40000 53.10000 0.00133 1.22882 11
1.86929 0.61002 0.00897 0 1.35000 59.00000 0.00885 0.90446 11
-1.49741 -0.25072 0.00897 0 -3.00000 33.80000 0.00885 1.01167 11
1.84924 0.09775 0.00897 0 0.97500 20.20000 0.00885 1.06803 11
-1.79974 -0.10754 0.00897 0 7.17500 0.77500 0.00885 1.14185 11
1.76207 0.11470 0.00897 0 0.75000 -15.75000 0.00885 1.20533 11
-1.83506 -0.41893 0.00897 0 6.37500 -34.22500 0.00885 1.27675 11
1.67963 0.27060 0.00897 0 -0.00000 -47.35000 0.00885 1.32897 11
-0.53453 -0.17644 0.00897 0 -2.30000 53.95000 0.00885 0.98292 11
0.66993 0.22468 0.00897 0 -1.25000 45.35000 0.00885 1.03692 11
-0.75890 0.14743 0.00897 0 -3.22500 31.30000 0.00885 1.11349 11
0.77297 0.11404 0.00897 0 -0.22500 20.95000 0.00885 1.16629 11
-0.75141 -0.22095 0.00897 0 -2.95000 7.20000 0.00885 1.24594 11
0.96880 0.51184 0.00897 0 1.62500 -0.52500 0.00885 1.28479 11
-0.90963 -0.41310 0.00897 0 -3.22500 -16.90000 0.00885 1.37363 11
0.64742 0.28137 0.00897 0 1.67500 -23.72500 0.00885 1.40969 11
-0.50116 -0.17186 0.00897 0 -1.87500 -33.45000 0.00885 1.47779 11
0.40767 0.11259 0.00897 0 1.27500 -38.17500 0.00885 1.51927 11
-0.38714 -0.37626 0.00897 0 -2.85000 -46.70000 0.00885 1.58295 11
0.39955 0.46740 0.00897 0 1.65000 -48.77500 0.00885 1.61244 11
-0.37478 -0.35304 0.00897 0 -3.15000 -55.70000 0.00885 1.67820 11
0.38703 0.31822 0.00897 0 1.50000 -58.70000 0.00885 1.70913 11
0.22471 -0.62748 0.00897 0 4.42500 60.85000 0.00885 1.09266 11
-0.26158 0.35071 0.00897 0 6.12500 55.82500 0.00885 1.15706 11
-0.17552 -0.37862 0.00897 0 4.37500 55.87500 0.00885 1.17798 11
0.27812 -0.22855 0.00897 0 6.52500 57.05000 0.00885 1.19143 11
-3.27360 -1.37223 0.00897 0 4.92500 59.72500 0.00885 1.20652 11
5.74892 2.70263 0.00897 0 5.15000 60.25000 0.00885 1.20889 11
18.17223 -10.24321 0.00897 0 5.15000 60.52500 0.00885 1.21114 11
-1.60777 -0.41844 0.00897 0 7.77500 -12.15000 0.00885 1.47123 11
2.07823 -0.97589 0.00897 0 -2.72500 -7.72500 0.00885 1.49029 11
-0.22280 -0.13175 0.00897 0 6.35000 -4.10000 0.00885 1.50887 11
0.33098 0.22596 0.00897 0 8.20000 -3.27500 0.00885 1.51847 11
1.28670 -1.15315 0.00897 0 -4.07500 -2.47500 0.00885 1.52288 11
0.67439 0.12297 0.00897 0 6.30000 -3.15000 0.00885 1.53118 11
-0.75812 -0.16942 0.00897 0 7.67500 -4.40000 0.00885 1.54082 11
-1.03956 -1.01078 0.00229 0 -3.72500 -11.35000 0.00119 1.17525 11
-6.65752 -21.67538 0.00229 0 5.87500 -12.25000 0.00119 1.18497 11
-0.28588 0.18783 0.00897 0 -0.47500 64.00000 0.00885 0.98424 11
0.46072 0.07454 0.00897 0 -0.40000 54.50000 0.00885 1.04833 11
-0.62589 -0.08012 0.00897 0 -0.97500 42.45000 0.00885 1.13043 11
0.68077 0.11773 0.00897 0 0.65000 33.45000 0.00885 1.18384 11
-0.64464 -0.00365 0.00897 0 -0.52500 20.95000 0.00885 1.26218 11
0.59480 0.25080 0.00897 0 1.70000 13.75000 0.00885 1.30879 11
-0.45165 0.02814 0.00897 0 0.05000 3.35000 0.00885 1.38271 11
0.46408 -0.01612 0.00897 0 1.07500 -4.10000 0.00885 1.44128 11
-0.35563 0.01844 0.00897 0 0.07500 -11.97500 0.00885 1.51405 11
0.35882 -0.10393 0.00897 0 1.25000 -17.05000 0.00885 1.56774 11
-0.48320 -0.01681 0.00897 0 -1.02500 -24.10000 0.00885 1.62610 11
0.64999 0.14228 0.00897 0 2.10000 -30.52500 0.00885 1.66967 11
-0.53724 -0.09611 0.00897 0 -1.35000 -40.65000 0.00885 1.73498 11
0.46831 -0.09199 0.00897 0 1.47500 -47.82500 0.00885 1.78555 11
-0.42818 0.17648 0.00897 0 -2.72500 -54.77500 0.00885 1.83479 11
0.51317 0.08115 0.00897 0 0.77500 -61.70000 0.00885 1.88271 11
-0.51355 -0.33976 0.00897 0 -2.00000 64.10000 0.00885 1.08652 11
0.49069 0.29618 0.00897 0 -0.00000 58.65000 0.00885 1.13205 11
-0.25180 0.05072 0.00897 0 -1.92500 52.10000 0.00885 1.19781 11
0.20267 0.06254 0.00897 0 -0.82500 48.65000 0.00885 1.25029 11
-0.11505 0.07296 0.00897 0 -2.02500 46.70000 0.00885 1.31506 11
0.03885 0.10347 0.00897 0 -0.37500 45.62500 0.00885 1.36192 11
0.12034 -0.06097 0.00897 0 -2.50000 47.42500 0.00885 1.41839 11
-0.16013 0.29601 0.00897 0 0.60000 49.87500 0.00885 1.45576 11
0.21454 -0.22115 0.00897 0 -2.52500 51.92500 0.00885 1.52329 11
-0.07998 0.26217 0.00897 0 0.80000 53.52500 0.00885 1.55937 11
0.08228 -0.19070 0.00897 0 -2.67500 56.70000 0.00885 1.62395 11
0.07086 0.30697 0.00897 0 0.87500 56.87500 0.00885 1.65904 11
-0.30396 -0.08195 0.00897 0 -2.90000 53.97500 0.00885 1.71713 11
0.22089 -0.03938 0.00897 0 0.62500 50.00000 0.00885 1.76160 11
-0.21049 -0.12008 0.00897 0 8.50000 47.17500 0.00885 1.80389 11
-0.31715 -0.03379 0.00897 0 -3.60000 46.92500 0.00885 1.80726 11
0.18146 0.38073 0.00897 0 1.50000 44.37500 0.00885 1.83692 11
-0.12324 -0.58414 0.00897 0 8.27500 43.07500 0.00885 1.88958 11
-0.09149 -0.32468 0.00897 0 -4.07500 43.00000 0.00885 1.89259 11
0.09269 0.15318 0.00897 0 0.67500 42.42500 0.00885 1.92636 11
0.00452 -0.29226 0.00897 0 7.65000 41.85000 0.00885 1.96919 11
0.05621 0.24673 0.00897 0 1.30000 42.25000 0.00885 1.99712 11
0.01534 -0.14374 0.00897 0 7.50000 43.82500 0.00885 2.03669 11
0.19848 0.19523 0.00897 0 1.77500 43.70000 0.00885 2.06345 11
-0.25462 0.04457 0.00897 0 7.65000 41.95000 0.00885 2.09616 11
-0.51145 0.20781 0.00897 0 -4.25000 41.65000 0.00885 2.09865 11
0.27847 -0.29384 0.00897 0 2.42500 41.12500 0.00885 2.12520 11
-0.45742 0.47949 0.00897 0 6.37500 39.27500 0.00885 2.14301 11
0.71183 -0.69365 0.00897 0 2.97500 34.12500 0.00885 2.17648 11
-0.91606 0.69490 0.00897 0 6.02500 31.77500 0.00885 2.19099 11
0.82847 -0.46522 0.00897 0 4.00000 24.62500 0.00885 2.22778 11
-0.75612 0.41139 0.00897 0 7.15000 21.95000 0.00885 2.24424 11
1.27074 0.30179 0.00897 0 4.52500 17.52500 0.00885 2.26537 11
-1.36332 -0.03793 0.00897 0 6.57500 11.80000 0.00885 2.28935 11
1.14210 -2.33495 0.00897 0 5.70000 5.42500 0.00885 2.31381 11
-0.43660 1.54453 0.00897 0 6.52500 5.17500 0.00885 2.31708 11
0.39241 -0.17667 0.00897 0 4.90000 3.65000 0.00885 2.33381 11
-0.04317 0.14973 0.00897 0 6.72500 2.95000 0.00885 2.34429 11
-0.72041 -0.60540 0.00897 0 5.42500 2.27500 0.00885 2.35929 11
0.05136 1.22729 0.00897 0 6.65000 2.62500 0.00885 2.36515 11
0.05724 -1.22870 0.00897 0 6.80000 2.65000 0.00885 2.36582 11
0.01314 0.91274 0.00897 0 7.80000 2.47500 0.00885 2.37077 11
-0.67221 -0.28611 0.00897 0 7.97500 2.52500 0.00885 2.37184 11
1.42777 -0.43201 0.00897 0 8.42500 3.75000 0.00885 2.38100 11
1.87214 -3.89923 0.00897 0 7.02500 53.12500 0.00885 0.99135 11
-0.63734 0.49119 0.00897 0 -0.30000 50.15000 0.00885 1.00996 11
1.46357 -0.48465 0.00897 0 -3.47500 39.45000 0.00885 1.05449 11
-1.52686 0.57176 0.00897 0 -0.07500 33.95000 0.00885 1.07798 11
0.89417 -0.26640 0.00897 0 -4.00000 26.82500 0.00885 1.11088 11
-0.81279 0.41999 0.00897 0 0.32500 22.45000 0.00885 1.13519 11
0.86742 -0.09785 0.00897 0 -3.52500 15.07500 0.00885 1.17270 11
-0.80175 -0.03323 0.00897 0 0.70000 10.05000 0.00885 1.20054 11
0.89374 0.61439 0.00897 0 -2.97500 5.45000 0.00885 1.22429 11
-0.60953 -0.60784 0.00897 0 1.07500 -0.17500 0.00885 1.26293 11
1.01083 1.50097 0.00897 0 -2.15000 -2.10000 0.00885 1.27740 11
-0.21583 0.11958 0.00897 0 2.92500 64.60000 0.00885 1.20793 11
0.16354 -0.34612 0.00897 0 4.72500 61.15000 0.00885 1.26137 11
-0.23278 0.10740 0.00897 0 2.10000 58.92500 0.00885 1.31014 11
0.34228 -0.38299 0.00897 0 4.25000 56.40000 0.00885 1.36662 11
-0.19213 0.09262 0.00897 0 0.90000 52.50000 0.00885 1.41287 11
0.54146 -0.18276 0.00897 0 4.87500 48.35000 0.00885 1.45282 11
-0.51314 0.14616 0.00897 0 -0.00000 42.17500 0.00885 1.49636 11
0.60201 -0.25532 0.00897 0 4.62500 36.20000 0.00885 1.54287 11
