0.04640 -1.73809 0.00761 0 3.22500 -62.80000 0.00634 1.27343 11
-1.36151 0.37580 0.00761 0 2.35000 -60.67500 0.00634 1.28240 11
1.27803 -0.57587 0.00761 0 4.70000 -54.42500 0.00634 1.31063 11
-0.46360 0.00955 0.00761 0 1.00000 -52.67500 0.00634 1.33158 11
0.43019 0.00444 0.00761 0 4.20000 -50.02500 0.00634 1.35133 11
0.03771 -0.32095 0.00761 0 1.02500 -52.30000 0.00634 1.37434 11
-0.00099 0.15061 0.00761 0 4.32500 -52.57500 0.00634 1.38971 11
0.27931 -0.10488 0.00761 0 1.15000 -52.60000 0.00634 1.40493 11
-0.27174 0.32539 0.00761 0 4.20000 -53.80000 0.00634 1.42034 11
0.95540 -0.90288 0.00761 0 1.67500 -56.82500 0.00634 1.43925 11
-1.04935 0.92864 0.00761 0 3.17500 -57.97500 0.00634 1.44620 11
-13.29566 -43.66465 0.00761 0 1.45000 -62.77500 0.00634 1.49189 11
32.28917 26.48134 0.00761 0 2.50000 -61.57500 0.00634 1.47696 11
-1.06083 0.00459 0.00761 0 2.12500 59.42500 0.00634 0.12361 11
1.35027 -0.58299 0.00761 0 5.65000 44.07500 0.00634 0.19217 11
-1.71075 -0.13400 0.00761 0 1.05000 29.52500 0.00634 0.25363 11
1.89238 -0.74898 0.00761 0 6.70000 13.50000 0.00634 0.31653 11
-2.61665 -0.68323 0.00761 0 0.85000 -5.72500 0.00634 0.39111 11
2.19150 0.11483 0.00761 0 -3.87500 -18.65000 0.00634 0.43908 11
-0.10759 0.23572 0.00761 0 -1.37500 -24.92500 0.00634 0.46909 11
-0.10271 -0.07150 0.00761 0 0.70000 -24.72500 0.00634 0.51912 11
0.10129 0.38844 0.00761 0 -1.90000 -23.80000 0.00634 0.56571 11
-0.24983 -0.16845 0.00761 0 1.82500 -21.45000 0.00634 0.61064 11
0.12056 0.22926 0.00761 0 -2.62500 -17.95000 0.00634 0.65261 11
-0.33472 -0.25633 0.00761 0 1.77500 -15.15000 0.00634 0.69465 11
3.41960 -1.55992 0.00761 0 5.55000 -8.47500 0.00634 0.73103 11
-1.48000 0.13405 0.00761 0 2.47500 0.95000 0.00634 0.76657 11
1.64117 -0.19037 0.00761 0 4.90000 8.57500 0.00634 0.79598 11
-1.11402 -0.35417 0.00761 0 2.10000 15.20000 0.00634 0.82290 11
0.97762 0.27185 0.00761 0 5.40000 19.42500 0.00634 0.84344 11
-0.55957 -0.24376 0.00761 0 2.05000 24.87500 0.00634 0.87007 11
0.50703 0.35264 0.00761 0 5.85000 27.27500 0.00634 0.88880 11
-0.36150 -0.58519 0.00761 0 2.20000 31.12500 0.00634 0.91838 11
0.40634 0.14066 0.00761 0 5.75000 32.15000 0.00634 0.93341 11
-0.03842 0.58964 0.00761 0 2.35000 32.57500 0.00634 0.94770 11
0.28819 -0.45910 0.00761 0 6.05000 34.25000 0.00634 0.97954 11
-0.52426 0.29906 0.00761 0 2.85000 35.40000 0.00634 0.99482 11
0.56210 -0.05859 0.00761 0 5.70000 37.90000 0.00634 1.01702 11
-0.16599 -0.02765 0.00761 0 2.77500 39.75000 0.00634 1.03669 11
0.03567 -0.24200 0.00761 0 5.75000 40.70000 0.00634 1.05552 11
1.98057 -0.18773 0.00761 0 2.97500 39.15000 0.00634 1.07292 11
-1.67995 0.36023 0.00761 0 4.10000 36.00000 0.00634 1.08528 11
0.75084 0.15161 0.00761 0 3.02500 32.62500 0.00634 1.09932 11
-0.69725 -0.05478 0.00761 0 4.72500 30.82500 0.00634 1.11147 11
0.54326 0.72432 0.00761 0 3.77500 27.17500 0.00634 1.12767 11
12.95405 -75.99401 0.00761 0 4.40000 24.90000 0.00634 1.15805 11
0.34910 -0.64064 0.00761 0 4.80000 28.45000 0.00634 1.18441 11
-4.84397 0.49264 0.00761 0 4.90000 8.40000 0.00634 0.80271 11
0.57140 -0.07648 0.00761 0 -4.25000 62.92500 0.00634 0.18690 11
0.86143 -0.87664 0.00761 0 8.00000 62.47500 0.00634 0.18992 11
-0.81003 0.14345 0.00761 0 6.52500 52.05000 0.00634 0.25089 11
0.83358 -0.09776 0.00761 0 -2.07500 37.22500 0.00634 0.31987 11
-10.71265 -2.22475 0.00761 0 3.17500 20.82500 0.00634 0.39015 11
-0.68605 -0.31880 0.00761 0 6.45000 9.27500 0.00634 0.47669 11
0.66432 0.17486 0.00761 0 0.50000 2.70000 0.00634 0.51156 11
-0.56453 -0.50507 0.00761 0 6.62500 -5.87500 0.00634 0.56228 11
0.46937 0.27605 0.00761 0 0.42500 -9.42500 0.00634 0.59113 11
-1.97519 -1.40394 0.00761 0 4.57500 -15.37500 0.00634 0.63151 11
2.29906 1.29647 0.00761 0 2.60000 -17.77500 0.00634 0.64241 11
-1.41694 -1.18237 0.00761 0 6.07500 -39.77500 0.00634 0.74967 11
2.94099 -0.21154 0.00224 0 6.85000 23.45000 0.00066 0.38584 11
-0.96199 -3.16393 0.00224 0 7.42500 21.25000 0.00066 0.40751 11
0.49163 1.87193 0.00224 0 7.25000 21.20000 0.00066 0.40813 11
0.25718 -0.44563 0.00224 0 6.90000 23.60000 0.00066 0.38522 11
-0.41867 0.30306 0.00224 0 8.37500 23.17500 0.00066 0.39247 11
0.69130 0.09179 0.00224 0 8.35000 22.92500 0.00066 0.39382 11
0.85712 -0.49768 0.00224 0 8.45000 20.30000 0.00066 0.41206 11
0.56417 0.33490 0.00761 0 -0.57500 62.30000 0.00634 0.18583 11
-0.67586 -0.19886 0.00761 0 -2.62500 48.50000 0.00634 0.27253 11
0.60174 0.19175 0.00761 0 -1.30000 41.82500 0.00634 0.32292 11
-0.20629 0.02233 0.00761 0 -2.95000 30.40000 0.00634 0.40245 11
0.15234 0.41174 0.00761 0 -2.02500 28.72500 0.00634 0.44899 11
-0.01919 -0.12836 0.00761 0 -3.52500 26.87500 0.00634 0.53237 11
-0.13683 0.29817 0.00761 0 -2.17500 27.65000 0.00634 0.57650 11
0.34274 -0.49896 0.00761 0 8.22500 32.07500 0.00634 0.64963 11
0.32754 -0.27328 0.00761 0 -4.15000 32.37500 0.00634 0.65270 11
-0.34193 0.59330 0.00761 0 -0.97500 35.22500 0.00634 0.68849 11
0.10356 -0.62702 0.00761 0 8.07500 37.75000 0.00634 0.76333 11
0.21406 -0.29526 0.00761 0 -4.27500 37.90000 0.00634 0.76609 11
-0.08551 0.57171 0.00761 0 -1.40000 38.35000 0.00634 0.80295 11
0.09233 -1.32422 0.00761 0 6.00000 39.42500 0.00634 0.88218 11
-0.21052 0.99208 0.00761 0 1.00000 39.70000 0.00634 0.89994 11
-0.05762 -1.30224 0.00761 0 6.95000 41.82500 0.00634 0.97847 11
-0.74869 1.49144 0.00761 0 1.87500 42.92500 0.00634 0.99705 11
2.25400 -2.73147 0.00761 0 4.67500 55.07500 0.00634 1.07125 11
-1.47161 0.86383 0.00761 0 4.05000 55.67500 0.00634 1.07417 11
-0.77229 -0.26697 0.00761 0 1.27500 56.37500 0.00634 0.12286 11
0.75987 0.03460 0.00761 0 3.25000 47.02500 0.00634 0.17632 11
-0.79560 -0.22913 0.00761 0 1.17500 32.95000 0.00634 0.25760 11
0.65547 0.11657 0.00761 0 3.70000 25.00000 0.00634 0.30546 11
-0.32245 -0.56728 0.00761 0 -0.45000 11.60000 0.00634 0.38058 11
0.36548 0.22368 0.00761 0 2.42500 8.27500 0.00634 0.41731 11
-0.33448 -0.31377 0.00761 0 0.35000 1.00000 0.00634 0.49329 11
0.16714 0.37440 0.00761 0 2.60000 -1.00000 0.00634 0.53295 11
-0.24452 -0.41844 0.00761 0 -0.30000 -3.90000 0.00634 0.61355 11
0.38785 0.45829 0.00761 0 3.32500 -7.22500 0.00634 0.64784 11
-0.30943 -0.68771 0.00761 0 -0.85000 -13.25000 0.00634 0.72679 11
0.44381 0.14821 0.00761 0 2.52500 -17.32500 0.00634 0.76412 11
-0.37194 -0.72244 0.00761 0 -1.55000 -24.37500 0.00634 0.83435 11
0.29819 0.47368 0.00761 0 3.47500 -27.65000 0.00634 0.86279 11
-0.17252 -0.71090 0.00761 0 -2.02500 -31.00000 0.00634 0.93984 11
-0.05441 0.49183 0.00761 0 2.87500 -31.55000 0.00634 0.96639 11
-0.07138 -0.59619 0.00761 0 -2.22500 -31.52500 0.00634 1.03574 11
0.02421 0.45357 0.00761 0 2.80000 -32.22500 0.00634 1.06214 11
0.18245 -0.44179 0.00761 0 -2.12500 -29.55000 0.00634 1.12266 11
-0.04077 0.50364 0.00761 0 3.12500 -28.67500 0.00634 1.14860 11
-0.04822 -1.10377 0.00761 0 -3.25000 -29.27500 0.00634 1.21106 11
-0.20386 0.79374 0.00761 0 3.75000 -28.75000 0.00634 1.22888 11
0.56768 -1.39633 0.00761 0 -4.20000 -24.67500 0.00634 1.29335 11
-0.37344 1.15859 0.00761 0 3.95000 -23.52500 0.00634 1.30729 11
0.62530 -0.86009 0.00761 0 8.35000 -18.80000 0.00634 1.36031 11
0.41626 -0.62458 0.00761 0 -4.22500 -18.45000 0.00634 1.36380 11
-0.56357 1.05761 0.00761 0 4.05000 -17.05000 0.00634 1.37806 11
0.27019 -1.24137 0.00761 0 7.95000 -12.62500 0.00634 1.42735 11
-0.02921 1.34435 0.00761 0 4.35000 -11.87500 0.00634 1.44071 11
0.21195 -0.99458 0.00761 0 7.65000 -11.50000 0.00634 1.48062 11
-0.17952 0.92219 0.00761 0 4.92500 -10.75000 0.00634 1.49103 11
0.86541 -2.31122 0.00761 0 7.50000 -6.85000 0.00634 1.52876 11
0.23675 1.23497 0.00761 0 6.35000 -6.92500 0.00634 1.53301 11
-0.39182 -1.05249 0.00761 0 7.50000 -8.10000 0.00634 1.55307 11
3.01974 -0.41717 0.00761 0 5.82500 -10.65000 0.00634 1.57894 11
1.87334 0.66685 0.00761 0 5.82500 -10.65000 0.00634 1.57927 11
-0.19127 -0.59317 0.00761 0 6.15000 -11.90000 0.00634 1.60917 11
0.50965 -0.03138 0.00761 0 5.72500 58.95000 0.00634 0.18166 11
-0.89723 -0.71545 0.00761 0 2.55000 43.27500 0.00634 0.26969 11
0.57014 0.09985 0.00761 0 5.90000 36.20000 0.00634 0.31143 11
-0.49247 -0.40792 0.00761 0 3.75000 25.77500 0.00634 0.39005 11
0.59707 0.07265 0.00761 0 5.85000 18.92500 0.00634 0.43883 11
-0.86651 -0.35654 0.00761 0 2.30000 4.80000 0.00634 0.51805 11
1.26148 -0.26091 0.00761 0 6.77500 -6.42500 0.00634 0.57025 11
-1.72029 -0.36930 0.00761 0 1.82500 -22.30000 0.00634 0.63892 11
2.15500 1.28030 0.00761 0 -0.90000 -29.17500 0.00634 0.66465 11
-0.54735 -0.16943 0.00761 0 3.65000 -38.25000 0.00634 0.71303 11
0.18425 -0.00490 0.00761 0 -2.82500 -42.07500 0.00634 0.74678 11
-0.08755 -0.12525 0.00761 0 3.70000 -43.70000 0.00634 0.78290 11
0.19270 0.02864 0.00761 0 -2.35000 -45.15000 0.00634 0.81265 11
-0.13043 -0.27015 0.00761 0 3.37500 -46.50000 0.00634 0.84724 11
0.03104 0.10110 0.00761 0 -2.22500 -46.50000 0.00634 0.87395 11
0.60125 -0.31869 0.00761 0 0.95000 -44.50000 0.00634 0.89803 11
-0.23176 0.15102 0.00761 0 -3.62500 -43.07500 0.00634 0.92046 11
-0.82878 0.10487 0.00761 0 -0.55000 61.37500 0.00634 0.12390 11
0.82874 -0.01584 0.00761 0 1.77500 49.57500 0.00634 0.18434 11
-0.80367 0.19764 0.00761 0 -1.10000 36.37500 0.00634 0.25132 11
0.85982 -0.56646 0.00761 0 1.92500 22.25000 0.00634 0.32144 11
-0.75980 0.61814 0.00761 0 -0.42500 13.02500 0.00634 0.37237 11
-0.70896 0.58822 0.00761 0 -0.40000 13.00000 0.00634 0.37242 11
0.59584 -0.63632 0.00761 0 2.27500 3.10000 0.00634 0.44099 11
-0.53576 0.55686 0.00761 0 -0.07500 -2.62500 0.00634 0.48638 11
0.50342 -0.53236 0.00761 0 2.07500 -8.22500 0.00634 0.54755 11
-0.24228 0.50021 0.00761 0 0.90000 -13.17500 0.00634 0.59872 11
0.30539 -0.96626 0.00761 0 5.25000 -19.45000 0.00634 0.66845 11
-0.46813 0.28543 0.00761 0 0.70000 -22.50000 0.00634 0.70299 11
0.53128 -0.70925 0.00761 0 4.87500 -28.22500 0.00634 0.75911 11
-0.58541 0.26472 0.00761 0 0.12500 -33.10000 0.00634 0.79635 11
0.67784 -1.00399 0.00761 0 5.52500 -40.97500 0.00634 0.84816 11
-0.59820 0.54088 0.00761 0 0.10000 -45.12500 0.00634 0.87955 11
0.94242 -2.84814 0.00761 0 8.12500 -54.82500 0.00634 0.94349 11
-0.20371 0.63132 0.00761 0 1.17500 -56.10000 0.00634 0.96410 11
-0.26192 -3.28397 0.00761 0 8.47500 -56.87500 0.00634 1.01652 11
0.06182 0.54058 0.00761 0 1.17500 -56.32500 0.00634 1.03585 11
-0.14758 -0.94462 0.00761 0 7.72500 -55.72500 0.00634 1.07960 11
0.43213 0.10664 0.00761 0 1.12500 -53.65000 0.00634 1.10686 11
-0.43932 -0.08650 0.00761 0 -3.60000 -48.22500 0.00634 1.14086 11
0.95839 -0.29585 0.00761 0 0.97500 -43.07500 0.00634 1.17291 11
-0.73809 0.45342 0.00761 0 -1.80000 -39.02500 0.00634 1.19096 11
-0.28776 0.36885 0.00761 0 -1.82500 -39.00000 0.00634 1.19102 11
0.54069 -0.60285 0.00761 0 1.55000 -35.30000 0.00634 1.22134 11
-0.65551 0.38585 0.00761 0 -1.67500 -33.72500 0.00634 1.23537 11
-0.68810 -3.01429 0.00761 0 8.15000 -54.85000 0.00634 0.94334 11
-2.54164 0.00059 0.00822 0 7.07500 -61.02500 0.00217 0.27583 11
-2.47503 -1.52533 0.01140 0 -2.60000 -56.47500 0.00292 1.08482 11
2.59947 1.72342 0.01140 0 0.95000 -51.62500 0.00292 1.10535 11
-1.33466 0.17514 0.01140 0 -1.40000 58.25000 0.00292 1.48928 11
0.06116 -0.41083 0.01140 0 -1.92500 64.77500 0.00292 1.78451 11
0.05043 0.10114 0.01140 0 1.55000 64.57500 0.00292 1.79980 11
0.04770 0.13687 0.01140 0 1.00000 64.02500 0.00292 2.66158 11
-0.22023 -0.20317 0.01140 0 4.20000 63.77500 0.00292 2.68101 11
0.61522 0.17834 0.01140 0 1.52500 61.82500 0.00292 2.69576 11
-0.43809 -0.10863 0.01140 0 3.65000 59.35000 0.00292 2.71137 11
3.25033 5.52404 0.01140 0 2.55000 57.30000 0.00292 2.72709 11
-0.12596 1.22606 0.01140 0 1.20000 55.95000 0.00292 2.74852 11
0.28561 -1.60413 0.01140 0 2.20000 56.62500 0.00292 2.76665 11
-0.36382 -0.28807 0.01140 0 1.70000 56.67500 0.00292 2.76892 11
0.59318 0.58102 0.01140 0 2.70000 57.17500 0.00292 2.77599 11
-6.22758 -0.42111 0.01140 0 0.72500 56.65000 0.00292 1.51435 11
-0.33234 0.56442 0.01140 0 1.47500 56.77500 0.00292 1.52414 11
-0.39452 -0.26717 0.00654 0 0.77500 -62.92500 0.00042 1.16055 11
0.35615 0.31979 0.00654 0 4.57500 -60.92500 0.00042 1.17948 11
-0.45252 0.23215 0.00654 0 0.82500 -58.37500 0.00042 1.20291 11
-0.51730 -0.60556 0.00543 0 4.05000 -33.30000 0.00143 1.42538 11
0.47745 0.72871 0.00543 0 7.70000 -31.77500 0.00143 1.44067 11
0.63301 1.03969 0.00543 0 -3.60000 -31.32500 0.00143 1.44463 11
-1.57804 -4.02184 0.00543 0 -3.97500 -28.05000 0.00143 1.49187 11
2.00244 2.46589 0.00543 0 -2.52500 -27.17500 0.00143 1.49856 11
-0.59864 0.00716 0.00543 0 -4.07500 -23.52500 0.00143 1.51981 11
0.70135 -0.17957 0.00543 0 -2.02500 -21.50000 0.00143 1.53319 11
-0.54290 0.37661 0.00543 0 -2.45000 -20.87500 0.00143 1.53628 11
0.10522 -0.51266 0.00543 0 -0.77500 -19.77500 0.00143 1.54898 11
0.12306 -0.08703 0.00543 0 -1.57500 -19.55000 0.00143 1.55279 11
-0.84826 0.17029 0.00543 0 -0.67500 -20.45000 0.00143 1.55916 11
-1.04934 0.47786 0.00543 0 -0.75000 -20.57500 0.00143 1.56195 11
4.49696 -5.16775 0.00543 0 -3.40000 -28.82500 0.00143 1.49492 11
-0.62123 0.40338 0.00543 0 -2.02500 -29.92500 0.00143 1.50232 11
-1.36000 -2.15184 0.00543 0 -3.10000 -31.35000 0.00143 1.51487 11
0.30444 -0.03096 0.00543 0 -3.35000 -33.90000 0.00143 1.53690 11
-0.35853 0.05855 0.00543 0 -2.00000 -35.55000 0.00143 1.55020 11
0.24144 -1.14338 0.00710 0 0.82500 4.07500 0.00364 1.50873 11
0.04129 1.52656 0.00710 0 -2.95000 4.52500 0.00364 1.52262 11
0.03566 0.31173 0.00710 0 8.12500 4.47500 0.00364 1.52719 11
0.24936 -3.35200 0.00710 0 -1.15000 5.52500 0.00364 1.57712 11
0.64372 10.14785 0.00710 0 -2.95000 5.82500 0.00364 1.58349 11
-0.04929 0.30219 0.00710 0 7.50000 5.57500 0.00364 1.58966 11
-0.41265 0.39291 0.00710 0 7.75000 6.40000 0.00364 1.62642 11
0.03375 -1.08271 0.00710 0 8.30000 -21.00000 0.00364 1.49225 11
0.36988 2.95923 0.00710 0 7.57500 -21.00000 0.00364 1.50210 11
12.18696 -0.99998 0.00710 0 -3.45000 -16.30000 0.00364 1.53768 11
-12.68433 -1.60039 0.00710 0 -2.75000 -15.47500 0.00364 1.54347 11
0.25644 -0.18050 0.00710 0 -1.95000 -14.40000 0.00364 1.55199 11
2.99455 -0.22664 0.00808 0 1.17500 60.27500 0.00309 -0.18105 11
-3.38641 0.04384 0.00808 0 5.70000 39.67500 0.00309 -0.10867 11
2.00688 -0.10431 0.00808 0 1.02500 19.75000 0.00309 -0.03829 11
0.28283 -0.04399 0.00289 0 5.67500 -64.95000 0.00282 0.48699 11
-0.49926 -0.23490 0.00289 0 2.05000 -60.55000 0.00282 0.51365 11
0.55641 0.25395 0.00289 0 5.60000 -57.82500 0.00282 0.53263 11
-0.75585 -0.16418 0.00289 0 2.10000 -54.47500 0.00282 0.55894 11
0.70090 0.21834 0.00289 0 5.22500 -51.40000 0.00282 0.57729 11
-1.26136 -0.88209 0.00289 0 1.75000 -49.50000 0.00282 0.59765 11
1.06841 0.49226 0.00289 0 3.50000 -47.00000 0.00282 0.60885 11
0.49815 0.39093 0.00289 0 0.37500 -47.12500 0.00282 0.62787 11
-0.53406 -0.45426 0.00289 0 2.95000 -49.52500 0.00282 0.64904 11
0.01308 0.57347 0.00289 0 0.57500 -50.57500 0.00282 0.65989 11
-0.05761 -0.40411 0.00289 0 2.85000 -51.22500 0.00282 0.68044 11
0.42707 0.39439 0.00289 0 0.27500 -52.40000 0.00282 0.69697 11
-0.82646 -0.30073 0.00289 0 1.72500 -54.55000 0.00282 0.71481 11
-1.46813 0.18077 0.00289 0 1.65000 -55.57500 0.00282 0.72438 11
-1.33381 0.21327 0.00289 0 1.62500 -55.57500 0.00282 0.72492 11
2.55649 1.82842 0.00605 0 6.40000 -17.15000 0.00561 1.21826 -11
-2.46397 -2.88821 0.00605 0 6.75000 -16.77500 0.00561 1.22033 -11
-1.05100 0.64019 0.00605 0 3.02500 -18.05000 0.00561 1.26661 -11
0.63822 -0.03201 0.00605 0 4.50000 -22.65000 0.00561 1.28489 -11
-0.56417 0.12400 0.00605 0 1.97500 -24.85000 0.00561 1.30146 -11
0.27667 1.37982 0.00605 0 3.82500 -24.97500 0.00561 1.32549 -11
0.17134 -0.83172 0.00605 0 2.07500 -24.85000 0.00561 1.33239 -11
1.06994 1.11447 0.00605 0 1.72500 -24.77500 0.00561 1.33427 -11
3.22430 1.12967 0.00605 0 1.32500 -26.17500 0.00561 1.34497 -11
0.30744 3.22468 0.00605 0 1.32500 -26.70000 0.00561 1.37192 -11
0.04625 0.14817 0.00605 0 0.67500 -26.25000 0.00561 1.38984 -11
1.23227 0.68073 0.00294 0 5.97500 35.85000 0.00287 2.00415 11
-1.69529 -0.93391 0.00294 0 6.32500 20.67500 0.00287 2.09529 11
-2.21174 1.17479 0.00294 0 5.55000 19.95000 0.00287 2.10133 11
4.92826 -0.39203 0.00294 0 5.52500 20.05000 0.00287 2.10190 11
-0.06434 0.08015 0.00122 0 1.80000 61.35000 0.00069 1.78817 11
-0.12848 -0.34262 0.00147 0 1.75000 -62.17500 0.00147 2.10888 11
-0.10072 0.55495 0.00147 0 3.37500 -61.90000 0.00147 2.11738 11
-0.00557 0.35619 0.00390 0 -4.35000 64.92500 0.00140 3.03566 11
0.37680 -0.19723 0.00390 0 7.72500 64.85000 0.00140 3.03812 11
7.61458 8.86997 0.00390 0 -3.20000 63.20000 0.00140 3.05280 11
-1.26922 -0.61668 0.00390 0 -2.10000 60.92500 0.00140 3.06740 11
-0.62289 -0.21602 0.00390 0 -2.50000 60.72500 0.00140 3.06970 11
0.03496 0.13260 0.00390 0 -1.42500 61.42500 0.00140 3.07681 11
-2.43964 -0.85941 0.00390 0 0.57500 11.92500 0.00140 1.17807 11
2.45775 0.24227 0.00390 0 3.17500 16.97500 0.00140 1.19773 11
-5.68339 1.11020 0.00390 0 2.57500 18.67500 0.00140 1.20497 11
-10.50413 -0.28766 0.00390 0 -0.92500 4.60000 0.00140 1.16081 11
-23.30567 3.44577 0.00390 0 -0.52500 19.65000 0.00140 1.21198 11
8.00648 -1.95676 0.00390 0 0.30000 30.97500 0.00140 1.25146 11
-0.55718 -1.39101 0.00390 0 -2.20000 37.77500 0.00140 1.29116 11
0.37127 1.82272 0.00390 0 -0.17500 38.27500 0.00140 1.29860 11
-0.35297 -0.59985 0.00390 0 -1.22500 41.80000 0.00140 1.34029 11
0.39585 0.53844 0.00390 0 2.25000 42.87500 0.00140 1.35536 11
-0.39442 -0.15336 0.00390 0 -1.02500 45.70000 0.00140 1.38188 11
0.43536 0.32264 0.00390 0 2.42500 47.60000 0.00140 1.40022 11
-0.34375 -0.43471 0.00390 0 -0.75000 50.22500 0.00140 1.42345 11
0.11542 0.11255 0.00390 0 2.15000 51.27500 0.00140 1.43680 11
-0.35974 -0.44846 0.00390 0 -0.90000 50.70000 0.00140 1.45253 11
0.22577 0.39412 0.00390 0 1.15000 51.55000 0.00140 1.46203 11
-0.04201 0.61459 0.00390 0 -0.85000 51.02500 0.00140 1.47337 11
-0.00788 -11.64689 0.00390 0 -0.12500 50.92500 0.00140 1.48948 11
0.15172 -0.60503 0.00390 0 0.45000 50.65000 0.00140 1.51004 11
-3.47355 -1.38969 0.00390 0 -0.52500 -51.20000 0.00140 0.95726 11
2.01540 0.65851 0.00390 0 1.37500 -46.62500 0.00140 0.97415 11
-1.72124 2.53033 0.00390 0 -1.22500 -27.62500 0.00140 1.04572 11
0.77487 -2.19216 0.00390 0 -0.00000 -21.12500 0.00140 1.09176 11
-0.53826 0.57924 0.00390 0 -3.30000 -20.62500 0.00140 1.10459 11
-0.54284 -0.06540 0.00992 0 -2.15000 -56.97500 0.00866 0.36982 11
0.48239 0.30721 0.00992 0 1.82500 -43.50000 0.00866 0.46290 11
-0.58783 -0.48810 0.00992 0 -2.65000 -30.70000 0.00866 0.56916 11
0.22115 1.13398 0.00992 0 -0.60000 -25.05000 0.00866 0.62827 11
-0.42629 -0.93467 0.00992 0 -0.80000 -16.70000 0.00866 0.74091 11
0.46802 1.07172 0.00992 0 -0.82500 -12.25000 0.00866 0.78970 11
-0.36727 -1.13493 0.00992 0 -0.60000 -4.07500 0.00866 0.89701 11
0.38702 1.29648 0.00992 0 -1.50000 -1.25000 0.00866 0.93958 11
-0.32667 -1.45708 0.00992 0 0.12500 6.52500 0.00866 1.05142 11
0.28617 1.59633 0.00992 0 7.67500 8.00000 0.00866 1.07856 11
0.42072 1.71281 0.00992 0 -2.50000 8.40000 0.00866 1.08560 11
-0.54196 -2.06443 0.00992 0 0.90000 15.90000 0.00866 1.19950 11
0.57720 2.01155 0.00992 0 6.75000 17.37500 0.00866 1.22041 11
1.49428 3.88649 0.00992 0 -3.70000 17.92500 0.00866 1.22628 11
-0.85783 -1.58933 0.00992 0 0.77500 63.32500 0.00866 1.59385 11
-0.59402 -0.25568 0.00992 0 2.92500 -56.92500 0.00866 0.37007 11
0.88444 -0.30280 0.00992 0 4.57500 -36.35000 0.00866 0.47699 11
-1.31461 -0.05662 0.00992 0 4.35000 -20.10000 0.00866 0.55461 11
1.39220 -0.20597 0.00992 0 2.57500 6.30000 0.00866 0.66624 11
-1.27329 -0.27115 0.00992 0 5.27500 25.12500 0.00866 0.74276 11
1.05171 0.03302 0.00992 0 3.27500 43.77500 0.00866 0.82473 11
-1.02385 -0.34312 0.00992 0 3.60000 61.40000 0.00866 0.91166 11
-0.56155 -0.49475 0.00992 0 5.40000 -56.75000 0.00866 0.37139 11
0.53456 0.40201 0.00992 0 -3.22500 -45.90000 0.00866 0.45764 11
-0.46120 -0.56324 0.00992 0 6.35000 -33.85000 0.00866 0.54882 11
0.51503 0.27005 0.00992 0 -3.10000 -23.30000 0.00866 0.63329 11
-0.52389 -0.72064 0.00992 0 6.82500 -13.02500 0.00866 0.71604 11
0.51257 0.38110 0.00992 0 -2.72500 -4.77500 0.00866 0.79129 11
-0.31063 -0.06963 0.00992 0 -4.15000 1.65000 0.00866 0.85994 11
-0.41690 -0.71621 0.00992 0 8.15000 1.92500 0.00866 0.86290 11
0.30579 0.24612 0.00992 0 8.37500 7.60000 0.00866 0.92284 11
0.20075 0.44892 0.00992 0 -3.32500 7.80000 0.00866 0.92638 11
-0.10533 -0.05242 0.00992 0 -4.42500 9.72500 0.00866 0.99569 11
-0.18204 -0.79234 0.00992 0 7.77500 9.80000 0.00866 0.99803 11
0.28434 0.23698 0.00992 0 7.57500 13.15000 0.00866 1.05314 11
0.13441 0.52738 0.00992 0 -4.15000 13.30000 0.00866 1.05561 11
-0.08272 -0.45150 0.00992 0 7.60000 14.25000 0.00866 1.12307 11
0.19345 -0.22736 0.00992 0 7.00000 16.75000 0.00866 1.18775 11
-0.14380 0.38904 0.00992 0 -3.90000 19.10000 0.00866 1.23640 11
-0.17177 -0.21971 0.00992 0 8.02500 19.20000 0.00866 1.23911 11
0.52447 -0.14233 0.00992 0 6.47500 24.07500 0.00866 1.30123 11
-0.76966 0.13444 0.00992 0 -2.85000 31.85000 0.00866 1.35322 11
0.71307 -0.30800 0.00992 0 5.65000 42.97500 0.00866 1.41741 11
-0.95212 0.35508 0.00992 0 -2.22500 50.87500 0.00866 1.46144 11
-0.51547 -0.08454 0.00992 0 -2.87500 -56.92500 0.00866 0.37005 11
0.53813 0.15821 0.00992 0 1.25000 -43.15000 0.00866 0.46745 11
-0.50809 -0.08141 0.00992 0 -3.12500 -32.15000 0.00866 0.55379 11
0.57836 0.25728 0.00992 0 -0.70000 -19.47500 0.00866 0.63981 11
-0.63742 -0.09542 0.00992 0 -2.87500 -6.67500 0.00866 0.72460 11
0.66781 0.17827 0.00992 0 -1.12500 7.42500 0.00866 0.81180 11
-0.63298 -0.08401 0.00992 0 -2.27500 20.45000 0.00866 0.88920 11
0.46629 0.20384 0.00992 0 -0.60000 30.77500 0.00866 0.96725 11
-0.46478 -0.05368 0.00992 0 -2.35000 41.10000 0.00866 1.04480 11
0.27016 0.00814 0.00992 0 -0.92500 50.57500 0.00866 1.12605 11
-0.26848 0.10118 0.00992 0 -2.92500 55.82500 0.00866 1.19315 11
0.33279 -0.08466 0.00992 0 -1.80000 62.97500 0.00866 1.27714 11
-0.69246 -0.49584 0.00992 0 6.85000 -56.52500 0.00866 0.37258 11
0.86967 0.10158 0.00992 0 -1.60000 -40.62500 0.00866 0.47206 11
-1.03331 -0.00929 0.00992 0 -2.92500 -23.22500 0.00866 0.55851 11
1.20826 0.35340 0.00992 0 -2.95000 -3.35000 0.00866 0.64902 11
-1.08072 -0.18707 0.00992 0 -2.82500 15.62500 0.00866 0.73766 11
1.24275 0.23685 0.00992 0 7.95000 31.35000 0.00866 0.80968 11
1.25883 0.28364 0.00992 0 -3.90000 32.35000 0.00866 0.81397 11
-0.90005 -0.14042 0.00992 0 -2.92500 48.22500 0.00866 0.89057 11
1.06348 0.21970 0.00992 0 7.10000 62.62500 0.00866 0.95830 11
-0.57062 -0.22611 0.00992 0 1.97500 -57.00000 0.00866 0.36974 11
0.72841 0.01839 0.00992 0 5.75000 -40.92500 0.00866 0.47155 11
-0.62712 -0.14197 0.00992 0 3.82500 -25.12500 0.00866 0.55599 11
0.67180 -0.16637 0.00992 0 6.80000 -8.77500 0.00866 0.66133 11
-0.64380 -0.06276 0.00992 0 4.22500 3.32500 0.00866 0.73900 11
0.50383 -0.32341 0.00992 0 6.27500 19.97500 0.00866 0.85042 11
-0.47259 0.00236 0.00992 0 3.97500 29.25000 0.00866 0.91962 11
0.36813 -0.34002 0.00992 0 6.45000 41.25000 0.00866 1.02591 11
-0.26298 0.02850 0.00992 0 3.97500 45.92500 0.00866 1.08846 11
0.42163 -0.28104 0.00992 0 6.57500 53.92500 0.00866 1.19231 11
-0.37286 0.02248 0.00992 0 4.50000 61.92500 0.00866 1.26080 11
-0.58182 -0.36445 0.00992 0 6.52500 -56.60000 0.00866 0.37226 11
0.55398 0.09113 0.00992 0 -1.42500 -41.67500 0.00866 0.47684 11
-0.61577 -0.30129 0.00992 0 7.02500 -30.70000 0.00866 0.55629 11
0.81302 0.13558 0.00992 0 -2.60000 -13.57500 0.00866 0.65820 11
-0.73761 0.08666 0.00992 0 -3.97500 1.75000 0.00866 0.73881 11
-0.84451 -0.50499 0.00992 0 8.17500 2.37500 0.00866 0.74229 11
1.00130 0.24674 0.00992 0 -2.92500 20.05000 0.00866 0.83336 11
-0.95215 -0.03926 0.00992 0 -2.92500 37.35000 0.00866 0.91632 11
0.75444 0.39509 0.00992 0 -1.87500 53.85000 0.00866 1.00523 11
-0.58265 -0.36769 0.00992 0 3.65000 -56.85000 0.00866 0.37050 11
0.57044 0.20303 0.00992 0 7.55000 -42.67500 0.00866 0.46228 11
0.63744 0.52104 0.00992 0 -4.22500 -42.30000 0.00866 0.46489 11
-0.56214 -0.51815 0.00992 0 3.40000 -29.67500 0.00866 0.56213 11
0.56393 0.30980 0.00992 0 7.55000 -18.15000 0.00866 0.64803 11
0.80737 0.64791 0.00992 0 -4.12500 -17.67500 0.00866 0.65098 11
-0.68851 -0.75501 0.00992 0 5.90000 -0.62500 0.00866 0.75227 11
0.48103 0.47954 0.00992 0 5.70000 13.57500 0.00866 0.86522 11
-0.88535 -1.33213 0.00992 0 4.42500 26.47500 0.00866 0.97621 11
0.59244 0.59291 0.00992 0 4.35000 34.45000 0.00866 1.02994 11
-0.60090 -1.14542 0.00992 0 2.92500 44.42500 0.00866 1.13529 11
0.59309 0.91657 0.00992 0 3.40000 50.07500 0.00866 1.18668 11
0.55617 1.24824 0.00992 0 3.30000 64.20000 0.00866 1.34075 11
-0.51569 -0.27406 0.00992 0 1.72500 -57.00000 0.00866 0.36967 11
0.49941 0.14992 0.00992 0 5.97500 -43.00000 0.00866 0.46532 11
-0.42673 -0.20855 0.00992 0 1.12500 -31.97500 0.00866 0.55953 11
0.37054 0.10777 0.00992 0 6.00000 -21.52500 0.00866 0.65702 11
-0.21355 -0.19762 0.00992 0 0.67500 -16.40000 0.00866 0.74488 11
0.40056 -0.04961 0.00992 0 4.32500 -6.72500 0.00866 0.84159 11
-0.47307 -0.24051 0.00992 0 1.25000 2.82500 0.00866 0.92207 11
0.36087 -0.00825 0.00992 0 4.72500 10.87500 0.00866 1.01180 11
-0.34341 -0.14907 0.00992 0 2.25000 18.85000 0.00866 1.08515 11
0.27528 -0.11828 0.00992 0 4.80000 27.00000 0.00866 1.17290 11
-0.14672 -0.16738 0.00992 0 2.32500 31.32500 0.00866 1.24121 11
0.18341 -0.01458 0.00992 0 5.10000 35.35000 0.00866 1.32604 11
-0.09939 -0.21710 0.00992 0 2.72500 37.45000 0.00866 1.39339 11
-0.01028 -0.19218 0.00992 0 5.05000 37.50000 0.00866 1.48243 11
-0.10773 -0.05572 0.00992 0 3.42500 39.70000 0.00866 1.54379 11
0.05508 -0.25525 0.00992 0 4.82500 41.17500 0.00866 1.62784 11
-0.18501 -0.10881 0.00992 0 3.50000 43.37500 0.00866 1.68888 11
0.23628 -0.17745 0.00992 0 4.62500 47.02500 0.00866 1.76733 11
-0.30278 -0.07663 0.00992 0 4.15000 51.70000 0.00866 1.82609 11
0.20221 -0.32905 0.00992 0 4.20000 57.47500 0.00866 1.91123 11
-0.10744 -0.05754 0.00992 0 4.02500 59.47500 0.00866 1.96485 11
0.12725 -0.32841 0.00992 0 4.00000 61.82500 0.00866 2.04670 11
-0.08219 0.07964 0.00992 0 4.35000 62.77500 0.00866 2.09725 11
0.01896 -0.37049 0.00992 0 3.05000 64.72500 0.00866 2.17692 11
-0.59602 -0.18334 0.00992 0 1.50000 -57.00000 0.00866 0.36967 11
0.54726 -0.07916 0.00992 0 5.50000 -41.90000 0.00866 0.47453 11
-0.73637 -0.17540 0.00992 0 1.75000 -30.07500 0.00866 0.55789 11
0.94260 -0.04140 0.00992 0 3.37500 -12.70000 0.00866 0.65106 11
-1.06105 -0.24916 0.00992 0 3.40000 6.40000 0.00866 0.73947 11
1.05991 -0.15464 0.00992 0 2.30000 28.30000 0.00866 0.83678 11
-0.78081 0.18157 0.00992 0 2.87500 39.35000 0.00866 0.89615 11
0.90203 -0.58455 0.00992 0 1.30000 61.20000 0.00866 1.00908 11
-0.56945 -0.49669 0.00992 0 6.87500 -56.55000 0.00866 0.37257 11
0.74833 0.49944 0.00992 0 -0.02500 -41.77500 0.00866 0.47584 11
-0.64721 -0.49876 0.00992 0 -3.02500 -24.12500 0.00866 0.58528 11
0.71324 0.38605 0.00992 0 -0.67500 -12.95000 0.00866 0.65936 11
-0.17041 -0.44211 0.00992 0 1.80000 -8.50000 0.00866 0.71515 11
0.14457 0.40381 0.00992 0 8.32500 -7.17500 0.00866 0.74342 11
0.36640 0.64787 0.00992 0 -3.07500 -6.87500 0.00866 0.74755 11
-0.47545 -0.78356 0.00992 0 2.70000 -2.35000 0.00866 0.79270 11
0.48557 0.79046 0.00992 0 7.57500 -0.15000 0.00866 0.81296 11
0.49288 0.91771 0.00992 0 -3.82500 0.10000 0.00866 0.81625 11
-0.79190 -1.57584 0.00992 0 4.40000 5.97500 0.00866 0.87061 11
0.98479 1.05298 0.00992 0 7.80000 8.37500 0.00866 0.88552 11
1.05439 0.79394 0.00992 0 -3.50000 9.20000 0.00866 0.89017 11
6.10430 -1.75604 0.00992 0 -3.95000 32.00000 0.00866 1.00053 11
-1.53678 -0.50266 0.00992 0 5.15000 36.75000 0.00866 1.02259 11
1.79699 0.60262 0.00992 0 7.07500 40.52500 0.00866 1.03818 11
-2.55472 -0.19971 0.00992 0 5.55000 46.50000 0.00866 1.06196 11
3.72946 0.24158 0.00992 0 5.80000 48.25000 0.00866 1.06819 11
-0.52953 0.74112 0.00992 0 3.95000 51.30000 0.00866 1.08196 11
0.47616 -0.38381 0.00992 0 6.05000 53.80000 0.00866 1.10089 11
0.70212 -1.58916 0.00992 0 3.75000 54.57500 0.00866 1.11269 11
-1.05589 1.05236 0.00992 0 4.92500 53.72500 0.00866 1.11820 11
143.45186 -68.17189 0.00992 0 5.22500 53.22500 0.00866 1.12038 11
0.07604 -0.08759 0.00992 0 3.70000 52.50000 0.00866 1.13017 11
-0.19780 0.44751 0.00992 0 5.20000 52.37500 0.00866 1.13988 11
-5.25591 -2.05494 0.00432 0 -3.65000 0.27500 0.00242 0.70902 11
6.46276 3.12930 0.00432 0 -2.62500 3.12500 0.00242 0.71935 11
2.42660 1.69831 0.00432 0 -2.40000 19.22500 0.00242 0.78900 11
-0.91348 -0.76750 0.00432 0 -4.25000 30.22500 0.00242 0.83780 11
0.79517 0.48855 0.00432 0 -0.60000 33.10000 0.00242 0.85520 11
-1.09497 -0.32120 0.00432 0 -4.10000 39.77500 0.00242 0.89169 11
1.15957 0.20570 0.00432 0 -0.90000 44.52500 0.00242 0.91360 11
-1.79204 -0.65708 0.00432 0 -3.02500 51.70000 0.00242 0.94101 11
2.08112 1.32662 0.00432 0 -1.17500 54.72500 0.00242 0.95369 11
-0.42689 -1.77175 0.00432 0 -0.82500 54.95000 0.00242 0.95537 11
3.08102 3.14321 0.00432 0 0.22500 55.42500 0.00242 0.95959 11
5.85812 -3.82206 0.00432 0 -0.35000 51.72500 0.00242 0.98894 11
3.19419 -2.93095 0.00432 0 0.27500 51.00000 0.00242 0.99178 11
-0.96042 0.44005 0.00432 0 1.82500 49.20000 0.00242 1.00161 11
1.15099 -0.40243 0.00432 0 1.32500 44.72500 0.00242 1.02071 11
-1.17123 0.12105 0.00432 0 2.17500 43.60000 0.00242 1.02667 11
-0.63529 -0.56632 0.00992 0 7.12500 -56.60000 0.00866 0.37267 11
0.50120 0.12504 0.00992 0 -0.77500 -42.55000 0.00866 0.47060 11
-0.55165 -0.39090 0.00992 0 6.55000 -31.67500 0.00866 0.55942 11
0.50692 0.12711 0.00992 0 -1.52500 -18.32500 0.00866 0.65979 11
-0.61808 -0.60470 0.00992 0 7.32500 -5.87500 0.00866 0.74535 11
0.51784 0.29125 0.00992 0 -1.40000 4.85000 0.00866 0.83005 11
-0.43139 -0.17349 0.00992 0 -3.97500 17.02500 0.00866 0.91833 11
-0.50865 -0.90387 0.00992 0 8.42500 17.45000 0.00866 0.92184 11
0.32228 0.43770 0.00992 0 -0.12500 24.20000 0.00866 1.00055 11
-0.31885 -0.34397 0.00992 0 -3.27500 31.35000 0.00866 1.09068 11
0.44805 0.59056 0.00992 0 -1.52500 38.20000 0.00866 1.15623 11
-0.51715 -0.38923 0.00992 0 -2.80000 47.95000 0.00866 1.24951 11
0.60210 0.11165 0.00992 0 8.00000 56.17500 0.00866 1.30573 11
0.39646 0.44301 0.00992 0 -3.80000 56.57500 0.00866 1.30886 11
-0.43181 -0.64321 0.00992 0 7.07500 62.97500 0.00866 1.38820 11
-0.59884 -0.18936 0.00992 0 1.55000 -57.00000 0.00866 0.36968 11
0.59340 0.08942 0.00992 0 5.62500 -41.87500 0.00866 0.47059 11
-0.77361 -0.48725 0.00992 0 2.15000 -26.42500 0.00866 0.56766 11
0.68692 0.35101 0.00992 0 4.95000 -12.17500 0.00866 0.65170 11
-0.82909 -0.51191 0.00992 0 3.20000 6.17500 0.00866 0.75448 11
0.76346 0.13207 0.00992 0 5.30000 20.45000 0.00866 0.83854 11
-0.95712 -0.60855 0.00992 0 3.62500 37.62500 0.00866 0.93541 11
0.72833 0.69918 0.00992 0 0.37500 45.57500 0.00866 0.98185 11
-0.42120 -0.54713 0.00992 0 -0.42500 57.00000 0.00866 1.07397 11
0.43472 0.44755 0.00992 0 1.02500 63.92500 0.00866 1.13898 11
-0.60194 -0.29121 0.00992 0 3.77500 -56.90000 0.00866 0.37040 11
0.65727 -0.16835 0.00992 0 7.50000 -41.95000 0.00866 0.46666 11
-0.46428 0.08754 0.00992 0 5.05000 -33.30000 0.00866 0.53265 11
0.48269 -0.45981 0.00992 0 7.72500 -18.75000 0.00866 0.64859 11
-0.38227 0.07594 0.00992 0 5.35000 -12.40000 0.00866 0.71069 11
0.34620 0.11480 0.00992 0 -3.50000 -2.90000 0.00866 0.82620 11
-0.36797 -0.20341 0.00992 0 5.12500 4.22500 0.00866 0.89874 11
0.27308 0.04430 0.00992 0 -3.45000 13.05000 0.00866 0.99743 11
-0.25098 -0.17942 0.00992 0 5.30000 18.97500 0.00866 1.06791 11
0.38985 -0.12563 0.00992 0 8.05000 29.10000 0.00866 1.16191 11
0.34058 0.19127 0.00992 0 -3.92500 29.37500 0.00866 1.16475 11
-0.43682 -0.26524 0.00992 0 6.57500 35.60000 0.00866 1.22916 11
0.36971 -0.09399 0.00992 0 7.57500 44.32500 0.00866 1.30839 11
-0.36649 -0.17456 0.00992 0 6.52500 51.80000 0.00866 1.37739 11
0.49780 -0.34634 0.00992 0 6.52500 61.65000 0.00866 1.45905 11
-1.24202 0.66726 0.00992 0 -3.97500 25.70000 0.00866 1.18396 11
-0.52104 0.00016 0.00992 0 -3.70000 -56.87500 0.00866 0.37038 11
0.51429 0.01648 0.00992 0 0.90000 -42.47500 0.00866 0.48198 11
-0.59399 0.08006 0.00992 0 -2.45000 -30.40000 0.00866 0.56176 11
0.60974 -0.14727 0.00992 0 0.40000 -13.30000 0.00866 0.67415 11
