0.16950 0.35414 0.00959 0 -0.25000 -61.57500 0.00947 0.60308 11
-0.27798 -0.79412 0.00959 0 6.55000 -55.35000 0.00947 0.70135 11
0.26222 0.45188 0.00959 0 -0.50000 -50.00000 0.00947 0.78385 11
-0.39179 -0.77204 0.00959 0 7.17500 -42.37500 0.00947 0.87911 11
0.21748 0.45132 0.00959 0 -0.55000 -36.50000 0.00947 0.95895 11
-0.17472 -1.05386 0.00959 0 7.87500 -30.37500 0.00947 1.06281 11
0.22152 0.49951 0.00959 0 -0.82500 -27.90000 0.00947 1.13274 11
-0.23724 -0.43253 0.00959 0 -4.10000 -21.37500 0.00947 1.22864 11
0.17225 0.83857 0.00959 0 -2.42500 -18.67500 0.00947 1.28768 11
-0.08443 -0.85728 0.00959 0 -4.05000 -14.12500 0.00947 1.39240 11
0.09326 0.83380 0.00959 0 5.67500 -13.40000 0.00947 1.42978 11
-0.06807 -1.92688 0.00959 0 6.82500 -11.37500 0.00947 1.53540 11
0.51103 0.28677 0.00959 0 5.27500 -6.15000 0.00947 1.58285 11
-0.66560 -0.80406 0.00959 0 4.82500 0.82500 0.00947 1.65892 11
0.61782 0.32229 0.00959 0 3.60000 8.52500 0.00947 1.71285 11
-0.84360 -0.50472 0.00959 0 5.50000 22.12500 0.00947 1.78823 11
0.94264 0.01294 0.00959 0 1.90000 33.57500 0.00947 1.84565 11
-0.77732 -0.21341 0.00959 0 4.70000 46.27500 0.00947 1.91083 11
0.64005 -0.22265 0.00959 0 1.87500 58.02500 0.00947 1.97820 11
-0.57935 0.05169 0.00959 0 3.82500 64.87500 0.00947 2.02901 11
0.26289 0.38351 0.00959 0 -1.00000 -60.47500 0.00947 0.60054 11
-0.16250 -0.42641 0.00959 0 5.42500 -54.20000 0.00947 0.69740 11
0.15269 0.25757 0.00959 0 -1.05000 -49.92500 0.00947 0.79322 11
-0.19765 -0.50058 0.00959 0 5.70000 -46.27500 0.00947 0.88101 11
0.22228 0.24918 0.00959 0 -1.52500 -39.90000 0.00947 0.97407 11
-0.26342 -0.49966 0.00959 0 6.20000 -34.72500 0.00947 1.05537 11
0.26429 0.35674 0.00959 0 -1.62500 -26.62500 0.00947 1.14650 11
0.03569 -1.14306 0.00959 0 6.47500 -21.97500 0.00947 1.23398 11
-0.00056 0.40935 0.00959 0 4.50000 -22.67500 0.00947 1.27659 11
-0.02415 -1.54202 0.00959 0 7.42500 -23.05000 0.00947 1.35471 11
0.21511 0.64704 0.00959 0 2.35000 -22.02500 0.00947 1.38335 11
-0.54520 -2.26660 0.00959 0 7.60000 -18.05000 0.00947 1.45574 11
0.17695 0.63093 0.00959 0 2.52500 -16.67500 0.00947 1.48331 11
0.05140 -1.77374 0.00959 0 7.35000 -16.60000 0.00947 1.54987 11
-0.03306 0.60512 0.00959 0 2.40000 -17.05000 0.00947 1.57804 11
0.08070 -2.82148 0.00959 0 8.00000 -21.87500 0.00947 1.64442 11
0.02895 0.68518 0.00959 0 2.02500 -21.60000 0.00947 1.66792 11
-0.18245 -3.19202 0.00959 0 8.50000 -20.95000 0.00947 1.73305 11
0.05917 0.58035 0.00959 0 2.22500 -20.67500 0.00947 1.75593 11
-0.01668 -2.07236 0.00959 0 8.00000 -19.37500 0.00947 1.81323 11
0.76884 -0.03939 0.00959 0 1.47500 -17.25000 0.00947 1.84003 11
-0.31635 -0.10771 0.00959 0 -1.90000 -13.35000 0.00947 1.86070 11
0.36621 0.13147 0.00959 0 2.22500 -11.35000 0.00947 1.88292 11
-0.31415 -1.59463 0.00959 0 -1.82500 -10.47500 0.00947 1.90987 11
0.40284 1.76384 0.00959 0 -0.07500 -10.22500 0.00947 1.91621 11
-0.26160 -1.30989 0.00959 0 -2.50000 -6.67500 0.00947 1.94860 11
0.13435 2.14760 0.00959 0 -0.32500 -6.25000 0.00947 1.95671 11
-3.15577 -6.43454 0.00959 0 -0.15000 0.92500 0.00947 2.03499 11
2.10827 4.12862 0.00959 0 0.25000 1.15000 0.00947 2.03666 11
-1.17983 -1.57048 0.00959 0 -0.95000 5.62500 0.00947 2.06273 11
4.62089 4.35930 0.00959 0 -0.22500 6.00000 0.00947 2.06503 11
2.48685 1.93439 0.00959 0 -1.17500 5.75000 0.00947 2.08858 11
-4.75111 -9.41550 0.00959 0 -0.72500 -2.67500 0.00947 2.13236 11
-0.00497 -1.72664 0.00959 0 -0.05000 -0.75000 0.00947 2.15924 11
0.06224 0.37623 0.00959 0 -0.70000 2.27500 0.00947 2.21952 11
-0.41777 -0.28267 0.00294 0 6.37500 -21.92500 0.00269 1.23384 11
0.30853 -0.14742 0.00294 0 -0.50000 -18.70000 0.00269 1.26534 11
-0.88404 0.02508 0.00294 0 7.32500 -14.40000 0.00269 1.29230 11
1.50280 -1.82700 0.00294 0 -3.02500 -6.42500 0.00269 1.32831 11
0.34033 1.80094 0.00294 0 5.85000 -6.80000 0.00269 1.34010 11
0.74534 -0.88391 0.00294 0 8.05000 -7.70000 0.00269 1.38020 11
0.31975 -0.31267 0.00294 0 -4.22500 -7.42500 0.00269 1.38305 11
-0.30543 0.15484 0.00294 0 4.70000 -6.20000 0.00269 1.39618 11
0.29149 -0.06684 0.00294 0 8.07500 -4.52500 0.00269 1.41853 11
0.22480 -0.33778 0.00294 0 -4.12500 -4.37500 0.00269 1.42141 11
-0.25893 0.16817 0.00294 0 5.07500 -2.87500 0.00269 1.43434 11
0.14868 -0.22216 0.00294 0 8.27500 -2.17500 0.00269 1.45406 11
0.22591 -0.00518 0.00294 0 -3.80000 -2.02500 0.00269 1.45717 11
-1.04006 -1.43471 0.00294 0 5.65000 -0.55000 0.00269 1.47110 11
12.30803 9.33431 0.00294 0 6.47500 0.22500 0.00269 1.47519 11
-6.67802 -5.22195 0.00294 0 7.07500 1.30000 0.00269 1.47961 11
3.22473 3.99755 0.00294 0 8.17500 2.17500 0.00269 1.48479 11
13.61180 14.81006 0.00294 0 8.37500 2.35000 0.00269 1.48596 11
2.90465 2.55930 0.00294 0 8.45000 2.42500 0.00269 1.48627 11
3.93552 -0.37546 0.00294 0 -3.27500 3.72500 0.00269 1.49295 11
1.89591 0.90672 0.00294 0 -2.77500 5.75000 0.00269 1.50088 11
2.16657 -0.46078 0.00294 0 -3.37500 7.10000 0.00269 1.50984 11
0.23069 0.54325 0.00959 0 -1.85000 -63.32500 0.00947 0.58728 11
-0.14464 -1.21726 0.00959 0 5.97500 -54.67500 0.00947 0.69749 11
-0.11029 0.55564 0.00959 0 5.12500 -55.12500 0.00947 0.74273 11
0.11171 -1.03838 0.00959 0 4.90000 -55.90000 0.00947 0.82685 11
-0.14430 0.48822 0.00959 0 4.52500 -57.17500 0.00947 0.87570 11
0.27680 -0.90640 0.00959 0 5.22500 -60.80000 0.00947 0.95986 11
0.05701 0.47597 0.00959 0 4.82500 -63.27500 0.00947 1.01012 11
-0.28820 -1.19196 0.00959 0 6.10000 -59.37500 0.00947 1.09328 11
0.17267 0.63651 0.00959 0 5.07500 -56.85000 0.00947 1.13854 11
0.26769 -0.73155 0.00959 0 -4.12500 -58.40000 0.00947 1.22128 11
-1.80688 -0.16499 0.00959 0 4.40000 -64.77500 0.00947 1.26678 11
-0.68880 -0.58888 0.00212 0 5.95000 -54.65000 0.00152 0.69749 11
0.30970 0.30050 0.00212 0 -2.37500 -52.77500 0.00152 0.71669 11
-0.02902 1.07667 0.00212 0 -2.50000 -53.72500 0.00152 0.75612 11
0.19131 1.34330 0.00212 0 -2.50000 -52.07500 0.00152 0.79411 11
-5.48826 0.93433 0.00212 0 7.00000 -51.22500 0.00152 0.80842 11
6.64505 -0.86125 0.00212 0 7.10000 -34.95000 0.00152 0.86707 11
-2.85266 -0.49802 0.00212 0 7.02500 -34.55000 0.00152 0.86849 11
1.38053 0.35311 0.00212 0 8.00000 -32.77500 0.00152 0.87621 11
0.22859 -0.86931 0.00212 0 -4.12500 -32.37500 0.00152 0.87959 11
-0.53296 1.32575 0.00212 0 -4.42500 -32.25000 0.00152 0.88093 11
-0.25220 0.10405 0.00212 0 7.45000 -31.97500 0.00152 0.88348 11
-0.88215 -0.54721 0.00212 0 7.62500 -30.12500 0.00152 0.90340 11
0.17251 0.39987 0.00959 0 6.47500 -64.70000 0.00947 0.58221 11
-0.16712 -0.66223 0.00959 0 2.17500 -60.50000 0.00947 0.69076 11
-0.05850 0.26765 0.00959 0 6.40000 -59.02500 0.00947 0.76398 11
0.08816 -0.69955 0.00959 0 1.70000 -61.97500 0.00947 0.85678 11
-0.21098 0.52244 0.00959 0 4.00000 -63.15000 0.00947 0.91796 11
0.14791 0.18071 0.00959 0 3.57500 -63.90000 0.00947 0.58764 11
-0.17941 -0.15646 0.00959 0 -1.30000 -59.42500 0.00947 0.67693 11
0.04297 0.13877 0.00959 0 3.40000 -56.85000 0.00947 0.76567 11
-0.00442 -0.17630 0.00959 0 -1.30000 -55.80000 0.00947 0.85329 11
0.03852 0.07094 0.00959 0 3.35000 -54.97500 0.00947 0.94573 11
-0.12995 -0.06436 0.00959 0 -0.67500 -53.37500 0.00947 1.02229 11
0.11999 -0.11612 0.00959 0 2.75000 -49.02500 0.00947 1.11629 11
-0.14266 0.16642 0.00959 0 -0.17500 -47.82500 0.00947 1.18138 11
0.13263 -0.01539 0.00959 0 2.40000 -42.60000 0.00947 1.27940 11
-0.15388 -0.04814 0.00959 0 -0.67500 -40.02500 0.00947 1.35126 11
0.19893 0.05364 0.00959 0 2.37500 -36.20000 0.00947 1.43701 11
-0.25049 -0.08669 0.00959 0 -0.15000 -32.35000 0.00947 1.50764 11
0.18516 0.07663 0.00959 0 2.22500 -27.45000 0.00947 1.59133 11
-0.28210 -0.08722 0.00959 0 0.35000 -22.20000 0.00947 1.66176 11
0.49002 -0.00081 0.00959 0 1.42500 -12.50000 0.00947 1.74711 11
-0.42501 -0.22451 0.00959 0 0.57500 -4.05000 0.00947 1.81918 11
0.30152 0.24450 0.00959 0 1.15000 3.17500 0.00947 1.88649 11
-0.31271 -0.23821 0.00959 0 0.45000 8.72500 0.00947 1.95310 11
0.14028 0.24162 0.00959 0 1.12500 13.20000 0.00947 2.01859 11
-0.27619 -0.28177 0.00959 0 0.60000 16.72500 0.00947 2.08468 11
0.24055 0.22695 0.00959 0 1.52500 21.20000 0.00947 2.15322 11
-0.24988 -0.42243 0.00959 0 1.92500 26.50000 0.00947 2.21775 11
0.33748 -0.01234 0.00959 0 1.72500 30.42500 0.00947 2.27931 11
-0.36015 -0.11536 0.00959 0 3.42500 36.85000 0.00947 2.33310 11
0.35439 0.02161 0.00959 0 1.32500 42.77500 0.00947 2.39176 11
-0.55849 -0.17486 0.00959 0 3.30000 47.27500 0.00947 2.44079 11
0.54874 -0.47329 0.00959 0 -0.82500 60.17500 0.00947 2.51717 11
0.09122 0.05420 0.00959 0 5.50000 -64.30000 0.00947 0.60328 11
-0.15912 -0.09143 0.00959 0 -0.07500 -60.65000 0.00947 0.69027 11
0.30401 0.02771 0.00959 0 4.87500 -54.40000 0.00947 0.78905 11
-0.49445 -0.29361 0.00959 0 0.77500 -45.00000 0.00947 0.87711 11
0.40627 0.27440 0.00959 0 3.65000 -35.42500 0.00947 0.95525 11
-0.46721 -0.33957 0.00959 0 0.57500 -25.12500 0.00947 1.04421 11
0.55836 0.29579 0.00959 0 3.95000 -16.45000 0.00947 1.12558 11
-0.78179 -0.65855 0.00959 0 3.05000 -1.67500 0.00947 1.22344 11
0.31429 0.05146 0.00959 0 6.60000 5.17500 0.00947 1.30321 11
-0.36991 -0.34589 0.00959 0 4.55000 12.55000 0.00947 1.38175 11
0.30477 0.03405 0.00959 0 6.52500 20.55000 0.00947 1.46108 11
-0.19987 -0.33746 0.00959 0 4.20000 23.77500 0.00947 1.53457 11
0.16291 0.06098 0.00959 0 6.20000 26.37500 0.00947 1.60737 11
-0.00311 -0.27665 0.00959 0 4.87500 28.30000 0.00947 1.67919 11
0.14304 0.07711 0.00959 0 6.00000 28.90000 0.00947 1.74925 11
-0.12640 -0.41682 0.00959 0 5.92500 33.12500 0.00947 1.81794 11
0.10594 -0.00916 0.00959 0 6.12500 35.00000 0.00947 1.88294 11
-0.29227 -0.57626 0.00959 0 6.32500 36.02500 0.00947 1.95188 11
0.19257 0.01283 0.00959 0 4.12500 40.02500 0.00947 2.00244 11
0.52842 -1.01523 0.00959 0 6.97500 42.32500 0.00947 2.06434 11
-0.20115 0.30103 0.00959 0 3.00000 39.12500 0.00947 2.10111 11
0.17716 -1.04252 0.00959 0 6.92500 34.97500 0.00947 2.15917 11
-0.05424 0.21825 0.00959 0 3.20000 34.42500 0.00947 2.19593 11
0.21832 -1.32946 0.00959 0 7.22500 33.02500 0.00947 2.24816 11
0.12412 0.29093 0.00959 0 0.90000 33.35000 0.00947 2.27385 11
-0.30969 -1.04667 0.00959 0 5.92500 34.37500 0.00947 2.31979 11
0.43740 0.54899 0.00959 0 -0.15000 36.57500 0.00947 2.34500 11
-0.59327 -0.82418 0.00959 0 5.47500 40.45000 0.00947 2.38993 11
0.38699 0.44613 0.00959 0 -0.55000 44.12500 0.00947 2.41907 11
-0.30603 -0.70639 0.00959 0 5.10000 47.60000 0.00947 2.45856 11
0.24778 -0.06242 0.00959 0 -1.70000 48.90000 0.00947 2.48553 11
1.30593 0.72829 0.00959 0 -1.85000 60.72500 0.00947 2.54609 11
1.51497 -0.85618 0.00959 0 6.27500 35.90000 0.00947 1.95191 11
-4.16899 0.78874 0.00959 0 6.60000 34.85000 0.00947 1.95595 11
1.71434 0.43691 0.00959 0 6.45000 34.47500 0.00947 1.95773 11
-0.55000 -0.78683 0.00959 0 7.02500 32.77500 0.00947 1.97177 11
0.51577 0.26553 0.00959 0 5.72500 -58.62500 0.00947 0.59106 11
-0.40210 -0.43040 0.00959 0 1.85000 -46.05000 0.00947 0.68869 11
0.30957 0.22792 0.00959 0 5.87500 -37.82500 0.00947 0.77038 11
-0.35754 -0.54663 0.00959 0 1.67500 -29.30000 0.00947 0.86687 11
0.29296 0.34959 0.00959 0 5.20000 -23.15000 0.00947 0.93983 11
-0.25851 -0.70807 0.00959 0 2.30000 -15.52500 0.00947 1.04677 11
0.17548 0.62813 0.00959 0 3.90000 -11.87500 0.00947 1.10523 11
-0.14675 -1.11393 0.00959 0 2.90000 -6.37500 0.00947 1.21148 11
-0.02423 0.68161 0.00959 0 3.52500 -5.12500 0.00947 1.26176 11
0.11548 -0.79168 0.00959 0 2.15000 -6.97500 0.00947 1.35894 11
-0.12133 0.77973 0.00959 0 -0.07500 -7.45000 0.00947 1.39999 11
0.01264 -0.96896 0.00959 0 0.85000 -8.47500 0.00947 1.48960 11
0.01382 0.72663 0.00959 0 -0.05000 -8.55000 0.00947 1.53356 11
-0.17344 -0.40972 0.00959 0 0.02500 -5.02500 0.00947 1.61180 11
0.19844 0.36645 0.00959 0 0.10000 -1.67500 0.00947 1.67057 11
-0.24889 -0.34904 0.00959 0 0.25000 2.40000 0.00947 1.73852 11
0.44102 0.59359 0.00959 0 -0.42500 7.27500 0.00947 1.79264 11
-0.41820 -0.70420 0.00959 0 1.72500 13.50000 0.00947 1.86768 11
0.00707 0.32818 0.00959 0 3.22500 17.35000 0.00947 1.92459 11
-0.13672 -0.34145 0.00959 0 5.67500 17.87500 0.00947 1.98820 11
0.09823 -1.63614 0.00959 0 -3.20000 12.75000 0.00947 2.04317 11
0.34693 0.93810 0.00959 0 -3.75000 12.77500 0.00947 2.04536 11
0.24769 0.44299 0.00959 0 7.77500 12.52500 0.00947 2.04894 11
-0.12920 -1.90623 0.00263 0 5.80000 17.80000 0.00252 1.98864 11
-0.10659 1.80889 0.00263 0 8.07500 18.20000 0.00252 1.99678 11
0.22296 0.77580 0.00263 0 -2.90000 18.32500 0.00252 2.00180 11
-0.27043 -2.81058 0.00263 0 6.20000 20.17500 0.00252 2.03708 11
-0.96609 3.87610 0.00263 0 7.42500 20.17500 0.00252 2.04139 11
-0.89687 0.70091 0.00263 0 -3.65000 19.30000 0.00252 2.04648 11
1.20475 -2.15369 0.00263 0 5.72500 16.00000 0.00252 2.07123 11
-1.10674 1.74972 0.00263 0 6.95000 15.37500 0.00252 2.07617 11
0.02900 -0.42230 0.00263 0 4.57500 14.55000 0.00252 2.09852 11
-0.15605 0.33277 0.00263 0 7.17500 14.25000 0.00252 2.11049 11
-1.03255 0.87868 0.00263 0 -4.22500 13.55000 0.00252 2.11447 11
0.44459 -0.42020 0.00263 0 5.40000 12.65000 0.00252 2.12813 11
-0.25933 0.27134 0.00263 0 7.45000 11.55000 0.00252 2.13890 11
-0.39931 0.72160 0.00263 0 -4.00000 11.37500 0.00252 2.14213 11
0.50239 7.63131 0.00263 0 -4.10000 11.77500 0.00252 2.16499 11
-2.05343 0.83393 0.00263 0 -3.90000 8.67500 0.00252 2.18329 11
0.55483 -1.26866 0.00263 0 -4.50000 7.87500 0.00252 2.19448 11
0.23927 0.11144 0.00959 0 5.45000 -60.25000 0.00947 0.60051 11
-0.20759 -0.31712 0.00959 0 0.52500 -52.67500 0.00947 0.69327 11
0.20955 0.20058 0.00959 0 5.52500 -47.47500 0.00947 0.78052 11
-0.20913 -0.37071 0.00959 0 0.85000 -42.50000 0.00947 0.87201 11
0.17864 0.32719 0.00959 0 4.87500 -37.65000 0.00947 0.94919 11
-0.17196 -0.40725 0.00959 0 0.85000 -32.30000 0.00947 1.04323 11
0.17278 0.51241 0.00959 0 3.77500 -29.05000 0.00947 1.11071 11
-0.26950 -1.15293 0.00959 0 3.00000 -22.05000 0.00947 1.22158 11
0.33831 0.67556 0.00959 0 3.82500 -19.05000 0.00947 1.27361 11
-0.49620 -1.04549 0.00959 0 3.40000 -9.82500 0.00947 1.37762 11
0.43654 0.78045 0.00959 0 3.60000 -5.20000 0.00947 1.42812 11
-0.52307 -1.16120 0.00959 0 5.02500 5.45000 0.00947 1.52684 11
0.39435 0.59772 0.00959 0 4.67500 9.95000 0.00947 1.57665 11
-0.45194 -1.31860 0.00959 0 6.07500 18.60000 0.00947 1.67095 11
0.12260 0.27783 0.00959 0 5.67500 22.22500 0.00947 1.72213 11
-0.05044 -0.89637 0.00959 0 5.60000 23.40000 0.00947 1.79797 11
0.14294 0.34702 0.00959 0 5.02500 24.60000 0.00947 1.84748 11
-0.15122 -0.77840 0.00959 0 5.42500 27.07500 0.00947 1.92031 11
0.14973 0.38207 0.00959 0 4.92500 28.85000 0.00947 1.97108 11
-0.32843 -0.75930 0.00959 0 5.97500 32.57500 0.00947 2.04210 11
0.42260 0.07349 0.00959 0 4.22500 36.77500 0.00947 2.09215 11
-0.49839 -0.52100 0.00959 0 6.62500 45.95000 0.00947 2.15545 11
0.19530 -0.03135 0.00959 0 4.40000 52.02500 0.00947 2.21083 11
-0.03924 -0.50541 0.00959 0 5.80000 52.97500 0.00947 2.26630 11
0.00898 0.18147 0.00959 0 3.97500 51.92500 0.00947 2.31681 11
0.23406 -0.86355 0.00959 0 6.27500 51.30000 0.00947 2.37578 11
-0.12570 0.27527 0.00959 0 3.75000 49.60000 0.00947 2.41842 11
0.39724 -1.02459 0.00959 0 6.97500 46.17500 0.00947 2.47766 11
-0.07640 0.31686 0.00959 0 3.42500 44.67500 0.00947 2.51509 11
0.34280 -1.16015 0.00959 0 7.97500 43.62500 0.00947 2.57362 11
-0.43951 0.29461 0.00959 0 3.07500 40.90000 0.00947 2.60640 11
0.53827 -0.18085 0.00959 0 -3.35000 33.77500 0.00947 2.65204 11
-0.75900 0.20820 0.00959 0 3.37500 28.27500 0.00947 2.68900 11
0.99868 -0.53276 0.00959 0 -1.80000 19.90000 0.00947 2.73587 11
-1.23920 0.56591 0.00959 0 2.45000 14.65000 0.00947 2.76080 11
0.19757 0.38554 0.00959 0 -1.95000 -62.42500 0.00947 0.60102 11
-0.19131 -0.54306 0.00959 0 4.70000 -56.37500 0.00947 0.69255 11
0.07930 0.39449 0.00959 0 -1.85000 -52.67500 0.00947 0.78234 11
0.02322 -0.60449 0.00959 0 5.05000 -53.20000 0.00947 0.87591 11
-0.01996 0.48756 0.00959 0 -2.07500 -54.32500 0.00947 0.95759 11
0.01703 -0.65382 0.00959 0 5.37500 -54.40000 0.00947 1.05007 11
-0.03264 0.46853 0.00959 0 -2.25000 -55.52500 0.00947 1.12897 11
0.10092 -0.91842 0.00959 0 6.47500 -57.80000 0.00947 1.22282 11
-0.26314 0.48337 0.00959 0 -2.67500 -59.70000 0.00947 1.29197 11
0.33995 -0.86186 0.00959 0 6.67500 -64.25000 0.00947 1.37937 11
0.21170 0.57736 0.00959 0 -0.92500 -62.52500 0.00947 0.59121 11
-0.17784 -0.94548 0.00959 0 7.27500 -56.32500 0.00947 0.68840 11
0.20682 0.43777 0.00959 0 -1.40000 -53.02500 0.00947 0.76040 11
-0.14597 -0.93814 0.00959 0 7.75000 -49.87500 0.00947 0.85216 11
0.33264 0.33513 0.00959 0 -1.65000 -46.27500 0.00947 0.92281 11
-0.36093 -0.12877 0.00959 0 -3.67500 -37.60000 0.00947 1.00558 11
0.09706 0.00325 0.00959 0 7.77500 -36.25000 0.00947 1.06677 11
0.17351 0.42110 0.00959 0 -4.05000 -36.15000 0.00947 1.06929 11
-0.12255 -0.19787 0.00959 0 -2.62500 -33.12500 0.00947 1.12688 11
-0.01380 0.34681 0.00959 0 6.65000 -31.07500 0.00947 1.16997 11
0.04464 -0.47704 0.00959 0 -2.22500 -32.60000 0.00947 1.23992 11
-0.33618 0.22812 0.00959 0 7.60000 -34.55000 0.00947 1.28311 11
-0.41180 0.54213 0.00959 0 -4.15000 -34.77500 0.00947 1.28565 11
0.42177 -0.30317 0.00959 0 -1.02500 -39.02500 0.00947 1.34053 11
-0.22705 0.29334 0.00959 0 6.95000 -42.65000 0.00947 1.37841 11
0.12635 -0.00973 0.00959 0 -1.55000 -44.37500 0.00947 1.42574 11
-0.13757 -0.05793 0.00959 0 7.17500 -46.05000 0.00947 1.47357 11
0.12008 0.30163 0.00959 0 -0.47500 -47.72500 0.00947 1.51040 11
-0.36242 -0.18464 0.00959 0 7.05000 -50.60000 0.00947 1.56073 11
0.44704 0.02835 0.00959 0 0.07500 -54.85000 0.00947 1.59889 11
-0.35480 -0.08788 0.00959 0 7.42500 -59.65000 0.00947 1.64375 11
0.16692 -0.11149 0.00959 0 1.00000 -63.90000 0.00947 1.67944 11
0.48202 -0.33429 0.00234 0 -0.90000 -31.50000 0.00176 1.03961 11
0.47646 0.88040 0.00234 0 -3.55000 -32.60000 0.00176 1.05284 11
0.44959 0.19475 0.00234 0 8.15000 -32.95000 0.00176 1.05637 11
-0.25894 -0.59657 0.00959 0 4.82500 -64.07500 0.00947 0.51088 11
0.22924 0.23465 0.00959 0 -1.02500 -58.62500 0.00947 0.60985 11
-0.18895 -0.35406 0.00959 0 5.80000 -53.07500 0.00947 0.69520 11
0.24104 0.14185 0.00959 0 -1.17500 -47.92500 0.00947 0.79587 11
-0.22133 -0.19885 0.00959 0 6.35000 -42.07500 0.00947 0.87725 11
0.06446 -0.29075 0.00959 0 8.47500 -41.10000 0.00947 0.96653 11
0.14551 0.02115 0.00959 0 -3.62500 -41.00000 0.00947 0.96973 11
-0.19063 -0.15367 0.00959 0 7.10000 -38.62500 0.00947 1.02813 11
0.06062 -0.45587 0.00959 0 7.82500 -33.80000 0.00947 1.11505 11
0.12652 -0.10346 0.00959 0 -4.35000 -33.70000 0.00947 1.11740 11
-0.17282 0.34618 0.00959 0 -3.80000 -29.92500 0.00947 1.16550 11
0.08350 -0.16927 0.00959 0 8.15000 -29.77500 0.00947 1.16839 11
-0.16878 -0.33722 0.00959 0 8.47500 -31.62500 0.00947 1.24551 11
-0.10596 -0.09612 0.00959 0 -3.72500 -31.75000 0.00947 1.24870 11
-0.01514 0.30970 0.00959 0 -3.47500 -31.80000 0.00947 1.29789 11
-0.02905 -0.29765 0.00959 0 8.35000 -31.35000 0.00947 1.37865 11
-0.04295 -0.08310 0.00959 0 -3.85000 -31.35000 0.00947 1.38164 11
0.11953 0.47104 0.00959 0 -3.12500 -33.25000 0.00947 1.42977 11
-0.32343 -0.50746 0.00959 0 6.45000 -35.17500 0.00947 1.49983 11
0.49853 0.55160 0.00959 0 -1.67500 -39.85000 0.00947 1.53645 11
-0.50989 -0.38298 0.00959 0 6.30000 -47.40000 0.00947 1.59884 11
0.42481 0.29524 0.00959 0 -2.17500 -52.05000 0.00947 1.63913 11
-0.41761 -0.23591 0.00959 0 5.85000 -58.77500 0.00947 1.69474 11
0.41925 0.22867 0.00959 0 -2.15000 -63.40000 0.00947 1.73494 11
-0.15813 -0.41795 0.00959 0 -3.05000 -33.22500 0.00947 1.42981 11
0.43618 0.76798 0.00959 0 -1.20000 -32.77500 0.00947 1.43883 11
-0.10596 -0.53869 0.00959 0 -1.72500 -23.30000 0.00947 1.52259 11
-0.00249 0.48249 0.00959 0 -0.30000 -23.20000 0.00947 1.52964 11
12.93085 -40.50077 0.00149 0 8.30000 -40.55000 0.00096 0.90270 11
0.08721 0.21610 0.00959 0 7.02500 -61.00000 0.00947 0.59843 11
0.05960 -0.45388 0.00959 0 1.15000 -61.20000 0.00947 0.69675 11
-0.04296 0.18624 0.00959 0 6.77500 -61.40000 0.00947 0.78272 11
0.29630 -0.36551 0.00959 0 2.00000 -62.50000 0.00947 0.87684 11
0.05541 -0.12525 0.00959 0 4.95000 -63.60000 0.00947 1.70353 11
-0.36573 -0.94086 0.00959 0 6.32500 -62.87500 0.00947 0.51679 11
0.39222 0.59336 0.00959 0 -0.70000 -56.70000 0.00947 0.59576 11
-0.51937 -1.08283 0.00959 0 7.15000 -46.55000 0.00947 0.70035 11
0.55339 0.59723 0.00959 0 -1.32500 -38.47500 0.00947 0.77429 11
-0.48486 -0.49179 0.00959 0 -4.25000 -26.07500 0.00947 0.87864 11
0.69238 0.64509 0.00959 0 -1.97500 -16.62500 0.00947 0.94877 11
-0.48645 -0.33760 0.00959 0 -4.00000 -4.40000 0.00947 1.04778 11
1.03172 -0.42912 0.00959 0 7.75000 16.15000 0.00947 1.14833 11
-0.93076 0.45549 0.00959 0 -2.52500 28.25000 0.00947 1.20766 11
0.84087 -0.30931 0.00959 0 7.60000 47.25000 0.00947 1.30284 11
-1.18842 0.46791 0.00959 0 -2.45000 57.07500 0.00947 1.35569 11
0.15247 0.23046 0.00959 0 5.62500 -63.40000 0.00947 0.59509 11
-0.16007 -0.31784 0.00959 0 0.12500 -58.95000 0.00947 0.69186 11
0.15710 0.22394 0.00959 0 5.37500 -55.42500 0.00947 0.77801 11
-0.14901 -0.42232 0.00959 0 0.30000 -51.47500 0.00947 0.87238 11
0.19882 0.19253 0.00959 0 4.62500 -47.90000 0.00947 0.95047 11
-0.26055 -0.36543 0.00959 0 0.22500 -42.57500 0.00947 1.04166 11
0.28195 0.26163 0.00959 0 3.90000 -35.52500 0.00947 1.12367 11
-0.48313 -0.59305 0.00959 0 1.05000 -28.75000 0.00947 1.21252 11
0.35356 0.45798 0.00959 0 3.35000 -22.85000 0.00947 1.27878 11
-0.32901 -0.53580 0.00959 0 1.60000 -16.12500 0.00947 1.36628 11
0.59924 0.42779 0.00959 0 1.32500 -8.87500 0.00947 1.42432 11
-0.33223 -0.79956 0.00959 0 1.45000 1.45000 0.00947 1.51153 11
0.34476 0.66654 0.00959 0 0.65000 5.05000 0.00947 1.55947 11
-0.33680 -0.88385 0.00959 0 4.22500 12.00000 0.00947 1.63197 11
0.18585 0.59277 0.00959 0 1.90000 14.42500 0.00947 1.67244 11
-0.64361 -1.31521 0.00959 0 5.82500 19.82500 0.00947 1.73904 11
0.51694 0.68253 0.00959 0 1.12500 23.65000 0.00947 1.77080 11
-1.03792 -2.25553 0.00959 0 6.05000 30.57500 0.00947 1.84002 11
0.57521 0.96687 0.00959 0 0.30000 33.52500 0.00947 1.86546 11
-1.14533 -1.10672 0.00959 0 5.12500 39.32500 0.00947 1.93014 11
0.81331 0.64440 0.00959 0 -0.57500 45.40000 0.00947 1.96322 11
-0.59897 -1.68960 0.00959 0 5.90000 49.27500 0.00947 2.01694 11
0.27419 0.70813 0.00959 0 -0.42500 51.05000 0.00947 2.04026 11
-1.95449 -3.17861 0.00959 0 5.87500 54.75000 0.00947 2.08892 11
3.49993 4.45825 0.00959 0 7.32500 55.75000 0.00947 2.09497 11
0.62908 0.85028 0.00959 0 -3.12500 56.82500 0.00947 2.10182 11
-0.82548 -0.78297 0.00959 0 4.60000 61.42500 0.00947 2.13457 11
0.90607 0.84482 0.00959 0 7.55000 63.75000 0.00947 2.14826 11
0.58415 0.63780 0.00959 0 -4.00000 64.17500 0.00947 2.15146 11
4.55920 -1.47656 0.00959 0 6.32500 64.95000 0.00947 3.30161 11
-1.09655 1.29776 0.00959 0 6.72500 64.32500 0.00947 3.30292 11
1.15226 -0.63775 0.00959 0 5.65000 61.72500 0.00947 3.32488 11
-0.99089 0.46261 0.00959 0 6.85000 60.32500 0.00947 3.33224 11
-0.67338 -0.36744 0.00959 0 5.22500 58.87500 0.00947 3.34644 11
0.70940 0.27743 0.00959 0 6.50000 60.07500 0.00947 3.35409 11
-0.34666 0.05298 0.00959 0 5.82500 60.92500 0.00947 3.35915 11
0.01278 -0.57338 0.00959 0 7.00000 61.15000 0.00947 3.37018 11
-0.19032 0.21872 0.00959 0 6.62500 61.20000 0.00947 3.38027 11
0.06149 -2.86913 0.00959 0 -3.02500 56.82500 0.00947 2.10210 11
1.64450 -3.31476 0.00959 0 -2.22500 56.55000 0.00947 2.10586 11
-0.38051 -0.45315 0.00959 0 -1.12500 56.15000 0.00947 2.11270 11
2.29490 0.34548 0.00959 0 -1.02500 55.50000 0.00947 2.11385 11
-1.56278 0.34241 0.00959 0 -0.42500 53.97500 0.00947 2.12526 11
-0.00557 0.33994 0.00959 0 -1.42500 45.00000 0.00947 1.96910 11
0.12321 -0.38886 0.00959 0 0.12500 45.35000 0.00947 1.98229 11
3.84333 1.29240 0.00959 0 -0.77500 44.00000 0.00947 1.99353 11
-0.70823 -1.12510 0.00959 0 -0.12500 43.82500 0.00947 2.00310 11
-0.00372 0.10191 0.00148 0 7.90000 2.42500 0.00148 1.56294 11
0.26539 0.30140 0.00959 0 2.32500 -60.90000 0.00947 0.60053 11
-0.21732 -0.28654 0.00959 0 -2.75000 -53.35000 0.00947 0.69691 11
0.15979 0.33571 0.00959 0 2.62500 -49.30000 0.00947 0.78251 11
-0.09141 -0.10037 0.00959 0 -2.12500 -46.97500 0.00947 0.86693 11
0.00167 0.06697 0.00959 0 2.55000 -46.00000 0.00947 0.96173 11
0.05994 -0.09853 0.00959 0 -1.32500 -47.57500 0.00947 1.04081 11
0.05766 -0.01915 0.00959 0 2.30000 -47.20000 0.00947 1.13307 11
-0.12115 0.00820 0.00959 0 -0.62500 -43.87500 0.00947 1.20207 11
0.09029 -0.08568 0.00959 0 2.15000 -42.15000 0.00947 1.29282 11
-0.17193 -0.05479 0.00959 0 -0.12500 -39.72500 0.00947 1.35965 11
0.24930 -0.08910 0.00959 0 1.60000 -33.95000 0.00947 1.44228 11
-0.19383 -0.06534 0.00959 0 0.07500 -30.55000 0.00947 1.50569 11
0.06125 0.03051 0.00959 0 1.22500 -27.60000 0.00947 1.58074 11
0.00195 -0.10675 0.00959 0 0.17500 -27.32500 0.00947 1.64251 11
0.09961 -0.11829 0.00959 0 0.95000 -26.20000 0.00947 1.71822 11
-0.08763 0.13477 0.00959 0 0.95000 -24.37500 0.00947 1.77130 11
0.21876 -0.19757 0.00959 0 0.02500 -18.02500 0.00947 1.85359 11
-0.18053 0.20040 0.00959 0 1.17500 -14.87500 0.00947 1.90011 11
0.37296 -0.36444 0.00959 0 -0.40000 -9.52500 0.00947 1.97755 11
-0.14607 0.18142 0.00959 0 0.97500 -7.70000 0.00947 2.02221 11
0.25796 -0.10822 0.00959 0 -0.72500 -3.17500 0.00947 2.08884 11
-0.29845 0.03338 0.00959 0 0.85000 1.17500 0.00947 2.13840 11
0.21326 0.09428 0.00959 0 -0.87500 5.37500 0.00947 2.19888 11
0.29570 0.06120 0.00959 0 0.60000 7.90000 0.00947 2.25014 11
-0.46183 -0.01605 0.00959 0 -1.65000 3.25000 0.00947 2.31022 11
0.69840 -0.17733 0.00959 0 1.52500 -4.72500 0.00947 2.36420 11
-0.62621 -0.46839 0.00959 0 -3.10000 -14.00000 0.00947 2.42099 11
0.96838 0.76823 0.00959 0 3.47500 -18.40000 0.00947 2.44598 11
-1.04374 -0.98179 0.00959 0 7.75000 -32.35000 0.00947 2.51131 11
1.82089 2.36572 0.00959 0 4.67500 -33.82500 0.00947 2.52326 11
-1.47085 -1.60733 0.00959 0 7.67500 -44.57500 0.00947 2.59631 11
3.28877 2.00640 0.00959 0 5.65000 -47.02500 0.00947 2.60704 11
-1.54897 -2.26254 0.00959 0 6.77500 -52.80000 0.00947 2.63933 11
7.40615 -1.24777 0.00959 0 5.37500 -52.17500 0.00947 2.65288 11
0.76358 -0.17867 0.00959 0 4.52500 -51.90000 0.00947 2.67260 11
-0.52345 0.00409 0.00959 0 5.85000 -53.07500 0.00947 2.68201 11
1.28377 0.48069 0.00959 0 5.87500 -53.20000 0.00947 2.68289 11
5.46269 6.29160 0.00959 0 6.00000 -59.95000 0.00947 2.71358 11
0.03981 1.16552 0.00959 0 5.95000 -60.02500 0.00947 2.71408 11
0.03394 -0.52108 0.00959 0 6.70000 -60.10000 0.00947 2.72348 11
-2.03457 -1.83510 0.00959 0 5.65000 -47.00000 0.00947 2.60697 11
0.87950 0.75967 0.00959 0 4.35000 -47.72500 0.00947 2.61273 11
-0.51853 -0.66773 0.00959 0 5.82500 -49.92500 0.00947 2.62875 11
11.61740 -2.49933 0.00419 0 -1.32500 -14.97500 0.00412 3.59936 11
-6.82531 2.50617 0.00419 0 -1.52500 -13.87500 0.00412 3.60253 11
0.67980 -0.89824 0.00357 0 6.42500 -26.85000 0.00357 1.30465 11
-0.45130 0.20911 0.00357 0 3.82500 -22.25000 0.00357 1.32401 11
-0.16069 0.10717 0.00904 0 -1.70000 -63.87500 0.00903 1.72872 11
0.11540 0.01847 0.00904 0 -0.67500 -61.00000 0.00903 1.81250 11
-0.15834 -0.07013 0.00904 0 -1.60000 -59.67500 0.00903 1.87320 11
0.14682 0.24962 0.00904 0 -0.75000 -56.62500 0.00903 1.94229 11
-0.10853 -0.06580 0.00904 0 -1.30000 -54.95000 0.00903 2.00656 11
0.13868 -0.05737 0.00904 0 -1.15000 -53.22500 0.00903 2.08017 11
0.01739 0.19766 0.00904 0 -0.05000 -51.87500 0.00903 2.12655 11
0.03070 0.15849 0.00904 0 -1.02500 -51.35000 0.00903 2.19046 11
-0.09506 -0.09069 0.00904 0 0.37500 -50.17500 0.00903 2.24253 11
-0.01932 0.27624 0.00904 0 -1.27500 -50.30000 0.00903 2.29669 11
-0.00381 -0.17041 0.00904 0 0.57500 -49.85000 0.00903 2.35134 11
0.15325 -0.01598 0.00904 0 -2.07500 -49.12500 0.00903 2.40211 11
-0.16890 0.22602 0.00904 0 0.92500 -46.52500 0.00903 2.44280 11
0.09692 -0.31773 0.00904 0 -2.65000 -43.10000 0.00903 2.50336 11
0.56792 0.77756 0.00904 0 2.67500 -45.95000 0.00903 2.53042 11
-1.04791 -1.79732 0.00904 0 8.02500 -55.10000 0.00903 2.60109 11
0.56559 1.59792 0.00904 0 4.37500 -56.15000 0.00903 2.61433 11
-0.39514 -0.85823 0.00904 0 7.90000 -64.00000 0.00903 2.68514 11
0.20829 1.55678 0.00904 0 3.95000 -64.30000 0.00903 2.69944 11
0.18463 0.21424 0.00904 0 0.77500 -60.97500 0.00903 1.85540 11
-0.07600 -0.17901 0.00904 0 -2.50000 -59.35000 0.00903 1.93807 11
-0.03081 0.25899 0.00904 0 0.80000 -57.45000 0.00903 2.01806 11
0.03842 -0.03671 0.00904 0 -1.92500 -58.20000 0.00903 2.08897 11
0.01213 0.07704 0.00904 0 -0.50000 -57.67500 0.00903 2.16493 11
0.04698 -0.00517 0.00904 0 -1.60000 -58.90000 0.00903 2.22684 11
-0.06054 0.25964 0.00904 0 -0.57500 -59.95000 0.00903 2.29822 11
-0.08864 -0.10965 0.00904 0 -1.20000 -58.87500 0.00903 2.36078 11
0.06565 0.24646 0.00904 0 -0.75000 -56.55000 0.00903 2.42673 11
0.02444 -0.14449 0.00904 0 -0.82500 -57.20000 0.00903 2.48948 11
0.06912 0.18130 0.00904 0 -0.80000 -57.50000 0.00903 2.55432 11
0.04085 -0.17391 0.00904 0 -0.52500 -56.87500 0.00903 2.61390 11
-0.11233 0.34799 0.00904 0 -1.35000 -58.20000 0.00903 2.67010 11
0.11413 -0.26602 0.00904 0 -0.35000 -59.37500 0.00903 2.73264 11
-0.11714 0.39194 0.00904 0 -2.12500 -61.27500 0.00903 2.78260 11
-0.08735 -0.31823 0.00904 0 -0.27500 -61.85000 0.00903 2.83870 11
0.22606 0.06770 0.00904 0 -3.37500 -59.72500 0.00903 2.88503 11
-0.29049 -0.13883 0.00904 0 -0.32500 -56.12500 0.00903 2.93113 11
-0.21671 0.06326 0.00904 0 8.15000 -54.22500 0.00903 2.97374 11
-0.08257 0.15754 0.00904 0 -3.77500 -54.32500 0.00903 2.97665 11
0.20317 0.08388 0.00904 0 0.07500 -55.37500 0.00903 3.01641 11
0.34153 -0.65618 0.00904 0 7.57500 -52.20000 0.00903 3.07422 11
0.09860 1.11527 0.00904 0 2.05000 -50.82500 0.00903 3.09577 11
-0.13205 -0.87928 0.00904 0 6.80000 -53.85000 0.00903 3.15490 11
0.62437 0.42465 0.00904 0 1.32500 -57.15000 0.00903 3.17991 11
-0.25116 -0.27557 0.00904 0 7.00000 -61.20000 0.00903 3.22178 11
0.19162 0.05123 0.00904 0 0.80000 -62.37500 0.00903 3.25208 11
0.09281 -0.17545 0.00904 0 6.97500 -61.62500 0.00903 3.28683 11
0.07773 0.02609 0.00904 0 1.57500 -61.67500 0.00903 3.31196 11
-0.22012 0.01805 0.00904 0 6.82500 -62.95000 0.00903 3.34088 11
-0.01097 -0.39056 0.00904 0 2.82500 -64.67500 0.00903 1.85609 11
0.39964 0.11549 0.00904 0 -0.47500 -61.12500 0.00903 1.15601 11
-0.41854 -0.07427 0.00904 0 -1.50000 -52.72500 0.00903 1.22522 11
0.57339 0.21259 0.00904 0 -1.37500 -42.80000 0.00903 1.29722 11
-0.56752 -0.04905 0.00904 0 -0.85000 -31.45000 0.00903 1.36587 11
0.43703 0.24827 0.00904 0 -0.27500 -21.42500 0.00903 1.44326 11
-0.35409 -0.15768 0.00904 0 -0.72500 -14.92500 0.00903 1.50924 11
0.41447 0.16208 0.00904 0 -1.30000 -7.05000 0.00903 1.57473 11
-0.37339 -0.13064 0.00904 0 -1.17500 -0.95000 0.00903 1.63719 11
0.36665 0.23793 0.00904 0 -1.50000 5.95000 0.00903 1.70258 11
-0.08307 -0.35111 0.00904 0 -1.02500 11.47500 0.00903 1.76909 11
-0.09271 0.46661 0.00904 0 -1.20000 12.02500 0.00903 1.82453 11
0.03999 -0.22679 0.00904 0 -0.45000 10.47500 0.00903 1.88756 11
0.06888 0.20743 0.00904 0 -1.40000 11.17500 0.00903 1.94321 11
-0.23097 -0.06110 0.00904 0 0.27500 14.25000 0.00903 1.99305 11
0.30754 -0.06705 0.00904 0 -1.75000 19.25000 0.00903 2.05736 11
-0.33140 0.01668 0.00904 0 0.92500 23.97500 0.00903 2.10222 11
0.31522 -0.04804 0.00904 0 -2.35000 30.50000 0.00903 2.15931 11
-0.25183 0.18421 0.00904 0 0.97500 33.85000 0.00903 2.19778 11
0.65971 -0.46053 0.00904 0 -3.27500 41.82500 0.00903 2.26757 11
-0.39782 0.40696 0.00904 0 2.02500 46.47500 0.00903 2.29846 11
0.53521 -0.13710 0.00904 0 -3.35000 54.20000 0.00903 2.35439 11
-0.70414 0.10918 0.00904 0 1.82500 58.82500 0.00903 2.38745 11
-0.81385 0.22770 0.00904 0 -0.22500 -58.37500 0.00903 5.01554 11
1.08939 -0.21340 0.00904 0 7.10000 -45.17500 0.00903 5.08032 11
-1.17144 -0.04006 0.00904 0 1.57500 -33.15000 0.00903 5.13107 11
0.62254 0.13154 0.00904 0 7.40000 -25.37500 0.00903 5.17111 11
-0.83743 -0.00783 0.00904 0 1.07500 -16.17500 0.00903 5.21806 11
0.54128 0.26241 0.00904 0 8.17500 -10.17500 0.00903 5.25775 11
0.39810 0.39738 0.00904 0 -3.57500 -9.80000 0.00903 5.26114 11
-0.16524 -0.31976 0.00904 0 1.15000 -7.77500 0.00903 5.30759 11
-0.23004 0.08588 0.00904 0 7.87500 -8.82500 0.00903 5.33816 11
0.62648 -1.33136 0.00904 0 5.92500 -9.07500 0.00903 5.34762 11
