0.79771 -0.33382 0.00594 0 3.30000 -3.00000 0.00585 1.54024 11
-1.40503 2.13021 0.00594 0 -0.07500 0.55000 0.00585 1.55892 11
-0.75389 -1.70877 0.00594 0 6.42500 -62.15000 0.00585 1.30437 11
0.42794 0.73630 0.00594 0 0.07500 -60.12500 0.00585 1.32776 11
-0.75186 -2.07615 0.00594 0 7.80000 -53.10000 0.00585 1.38467 11
0.32574 0.48201 0.00594 0 1.00000 -51.27500 0.00585 1.40698 11
-0.12073 -1.16829 0.00594 0 7.22500 -50.27500 0.00585 1.45087 11
0.74932 -0.18449 0.00594 0 -1.35000 -47.82500 0.00585 1.47284 11
-1.01831 -0.75501 0.00594 0 6.25000 -42.85000 0.00585 1.50333 11
0.78731 0.24429 0.00594 0 -1.97500 -38.90000 0.00585 1.52514 11
-0.75963 -0.26108 0.00594 0 5.80000 -34.92500 0.00585 1.55096 11
0.71052 0.03987 0.00594 0 -2.17500 -30.77500 0.00585 1.57591 11
-0.09709 -0.25992 0.00594 0 5.80000 -28.70000 0.00585 1.59507 11
0.06543 -0.21455 0.00594 0 -1.92500 -28.02500 0.00585 1.62093 11
-2.01347 1.93082 0.00594 0 5.87500 -26.65000 0.00585 1.64373 11
-0.61934 -1.06774 0.00594 0 6.90000 -8.77500 0.00585 1.73750 11
0.01528 1.29607 0.00594 0 8.45000 -8.37500 0.00585 1.74369 11
-0.41219 0.28658 0.00594 0 -2.85000 -8.70000 0.00585 1.74872 11
-0.26225 0.57226 0.00594 0 7.60000 -10.25000 0.00585 1.76729 11
0.22636 -0.21770 0.00594 0 7.62500 -9.37500 0.00585 1.79034 11
-0.44987 -1.09460 0.00594 0 -3.12500 -10.47500 0.00585 1.80432 11
0.30482 -0.21360 0.00594 0 -4.45000 -11.40000 0.00585 1.81316 11
-0.13833 0.55000 0.00594 0 -3.45000 -11.80000 0.00585 1.81965 11
-1.55098 0.12593 0.00594 0 3.95000 -61.05000 0.00585 1.16448 11
1.91155 -0.38974 0.00594 0 7.05000 -51.77500 0.00585 1.20093 11
9.40878 -5.96052 0.00594 0 4.22500 -46.22500 0.00585 1.22322 11
-0.97900 0.95727 0.00594 0 2.32500 -43.42500 0.00585 1.23424 11
0.11637 -0.61422 0.00594 0 4.90000 -40.40000 0.00585 1.26153 11
0.09643 0.32829 0.00594 0 1.95000 -40.52500 0.00585 1.27498 11
-0.36027 -0.40921 0.00594 0 4.75000 -40.97500 0.00585 1.29562 11
0.99994 -0.02725 0.00594 0 3.87500 -42.52500 0.00585 1.30242 11
-0.42522 -0.11023 0.00594 0 5.87500 -44.45000 0.00585 1.31718 11
-2.05846 -6.19928 0.00594 0 3.67500 -44.25000 0.00585 1.32707 11
-0.00322 0.31424 0.00594 0 3.05000 -45.32500 0.00585 1.33852 11
0.89849 -0.91040 0.00594 0 3.92500 -44.65000 0.00585 1.35395 11
-0.59531 -1.95487 0.00594 0 2.22500 -59.45000 0.00585 1.22703 11
0.71733 2.02564 0.00594 0 5.95000 -58.15000 0.00585 1.24069 11
-0.53738 -1.42128 0.00594 0 1.90000 -50.72500 0.00585 1.31855 11
0.45981 1.43315 0.00594 0 6.55000 -49.45000 0.00585 1.33567 11
0.10458 -2.90250 0.00594 0 2.85000 -44.37500 0.00585 1.41094 11
-0.01667 2.28792 0.00594 0 5.90000 -44.27500 0.00585 1.42137 11
-1.01011 8.10272 0.00594 0 -3.85000 -44.55000 0.00585 1.42917 11
0.31540 0.89872 0.00594 0 6.52500 -49.55000 0.00585 1.33957 11
-1.00428 -0.31643 0.00594 0 2.90000 -58.62500 0.00585 1.10128 11
-0.67758 -0.81151 0.00594 0 5.00000 -62.57500 0.00585 1.11853 11
0.63217 0.54383 0.00594 0 -1.62500 -59.22500 0.00585 1.14403 11
-1.18106 -1.70853 0.00594 0 5.72500 -53.32500 0.00585 1.18975 11
2.38726 4.89533 0.00594 0 7.90000 -52.05000 0.00585 1.19860 11
0.89604 0.86251 0.00594 0 -1.90000 -50.30000 0.00585 1.20913 11
-1.28411 -2.36739 0.00594 0 -4.30000 -44.82500 0.00585 1.25745 11
0.85264 2.62647 0.00594 0 -2.45000 -44.12500 0.00585 1.26429 11
0.24749 -2.83731 0.00594 0 -4.25000 -43.67500 0.00585 1.31070 11
-1.64702 5.27551 0.00594 0 -2.52500 -44.00000 0.00585 1.31673 11
1.63507 1.12317 0.00594 0 -4.25000 -17.67500 0.00585 1.49782 11
-1.65655 1.30156 0.00594 0 6.07500 -13.82500 0.00585 1.51789 11
2.20024 -0.90001 0.00594 0 6.52500 -2.70000 0.00585 1.57141 11
15.30984 22.55355 0.00594 0 5.55000 -3.00000 0.00585 1.57763 11
-0.30310 -1.69339 0.00594 0 5.55000 -3.10000 0.00585 1.57868 11
-2.36543 -3.58284 0.00835 0 0.60000 -57.32500 0.00783 0.95175 11
1.97753 2.74956 0.00835 0 3.62500 -55.02500 0.00783 0.96455 11
-2.61742 -1.74356 0.00835 0 0.37500 -31.67500 0.00783 1.05714 11
2.32660 1.76469 0.00835 0 3.82500 -27.42500 0.00783 1.07577 11
-1.33505 -0.62456 0.00835 0 -0.40000 -8.22500 0.00783 1.16133 11
1.41036 0.53348 0.00835 0 5.55000 -0.45000 0.00783 1.19683 11
-3.13214 -0.68550 0.00835 0 2.10000 18.60000 0.00783 1.26667 11
2.89590 0.79014 0.00835 0 5.30000 27.02500 0.00783 1.29760 11
-2.43509 0.56592 0.00835 0 1.87500 43.90000 0.00783 1.36138 11
1.27717 0.01154 0.00835 0 4.87500 54.50000 0.00783 1.40262 11
-1.46394 -0.98480 0.00835 0 0.77500 62.97500 0.00783 1.44662 11
-0.32840 0.02180 0.00835 0 0.27500 44.85000 0.00783 1.37087 11
0.58005 -0.19727 0.00835 0 1.60000 46.17500 0.00783 1.38137 11
-0.14169 0.41133 0.00835 0 1.67500 42.00000 0.00783 1.43651 11
-0.09611 -2.01295 0.00835 0 3.05000 41.82500 0.00783 1.45745 11
-1.31004 -6.13333 0.00835 0 7.00000 -59.90000 0.00783 0.95816 11
0.44752 1.24002 0.00835 0 3.37500 -57.47500 0.00783 0.98923 11
0.40021 1.28633 0.00835 0 3.40000 -47.40000 0.00783 1.14534 11
-1.06890 -2.51754 0.00835 0 4.65000 -37.10000 0.00783 1.25751 11
0.70480 1.34828 0.00835 0 1.20000 -32.92500 0.00783 1.29124 11
0.74687 2.09654 0.00835 0 1.00000 -19.45000 0.00783 1.43798 11
0.39218 1.61564 0.00835 0 1.10000 -9.85000 0.00783 1.58095 11
0.06565 -1.36301 0.00835 0 2.82500 -8.95000 0.00783 1.68300 11
-0.12455 1.01401 0.00835 0 1.42500 -9.45000 0.00783 1.72324 11
0.33874 -1.32307 0.00835 0 3.27500 -14.02500 0.00783 1.82126 11
-0.25205 0.88402 0.00835 0 1.70000 -16.52500 0.00783 1.86215 11
0.03773 -1.39265 0.00835 0 3.12500 -19.60000 0.00783 1.95263 11
0.00135 0.92969 0.00835 0 1.05000 -19.70000 0.00783 1.99031 11
-0.00253 -0.71131 0.00835 0 2.42500 -20.17500 0.00783 2.07657 11
-0.26983 0.41724 0.00835 0 2.17500 -22.27500 0.00783 2.12912 11
0.42350 -0.98696 0.00835 0 4.40000 -30.87500 0.00783 2.20480 11
-0.32861 0.56498 0.00835 0 2.25000 -34.30000 0.00783 2.24722 11
0.19007 -0.73491 0.00835 0 4.90000 -40.15000 0.00783 2.32107 11
-0.06788 0.30498 0.00835 0 2.80000 -41.95000 0.00783 2.36537 11
0.21527 -0.64259 0.00835 0 4.72500 -45.12500 0.00783 2.42859 11
-0.05348 0.39028 0.00835 0 2.85000 -47.30000 0.00783 2.47418 11
-0.19813 -0.92835 0.00835 0 5.80000 -44.87500 0.00783 2.53667 11
0.37653 0.20498 0.00835 0 2.40000 -42.97500 0.00783 2.57583 11
-0.86081 -0.77439 0.00835 0 6.30000 -36.00000 0.00783 2.62699 11
0.51863 0.25993 0.00835 0 2.17500 -30.30000 0.00783 2.66685 11
-0.67516 -0.76709 0.00835 0 6.77500 -23.75000 0.00783 2.71550 11
0.75725 0.27592 0.00835 0 1.47500 -18.97500 0.00783 2.75017 11
-1.05430 -0.11493 0.00835 0 -4.25000 -10.17500 0.00783 2.79522 11
-2.09204 -1.52075 0.00835 0 8.10000 -9.30000 0.00783 2.79940 11
1.20347 0.32025 0.00835 0 0.20000 -2.95000 0.00783 2.82735 11
-1.15896 -1.05977 0.00835 0 7.85000 7.50000 0.00783 2.87800 11
0.18407 0.01497 0.00835 0 -1.32500 10.47500 0.00783 2.89870 11
0.02817 -0.16829 0.00835 0 4.92500 11.52500 0.00783 2.92523 11
-1.23851 -3.01427 0.00835 0 6.47500 -58.50000 0.00783 0.94750 11
0.54631 1.06312 0.00835 0 3.30000 -54.87500 0.00783 0.98186 11
-0.77762 -1.79664 0.00835 0 6.05000 -43.35000 0.00783 1.09552 11
0.35885 0.67989 0.00835 0 4.12500 -39.15000 0.00783 1.13723 11
-0.42375 -0.98743 0.00835 0 4.92500 -31.92500 0.00783 1.22649 11
0.39669 0.44090 0.00835 0 4.00000 -27.52500 0.00783 1.27526 11
-0.53189 -0.77490 0.00835 0 4.72500 -19.65000 0.00783 1.35145 11
0.42763 0.38403 0.00835 0 3.30000 -14.62500 0.00783 1.40174 11
-0.51890 -0.79872 0.00835 0 5.55000 -6.52500 0.00783 1.47454 11
0.37815 0.38057 0.00835 0 3.60000 -1.40000 0.00783 1.52132 11
-0.36115 -0.62435 0.00835 0 5.65000 4.05000 0.00783 1.58476 11
0.71960 0.17129 0.00835 0 1.95000 11.10000 0.00783 1.63247 11
-0.90198 -0.66374 0.00835 0 5.67500 20.50000 0.00783 1.69250 11
1.03413 0.24528 0.00835 0 1.97500 29.95000 0.00783 1.74130 11
-1.02000 -0.02073 0.00835 0 -4.50000 39.47500 0.00783 1.78983 11
-1.27032 -0.61654 0.00835 0 7.67500 40.20000 0.00783 1.79312 11
0.81684 -1.56847 0.00835 0 0.87500 47.75000 0.00783 1.84006 11
-0.53891 1.63994 0.00835 0 -2.85000 48.82500 0.00783 1.85363 11
-0.26108 0.23289 0.00835 0 8.32500 49.22500 0.00783 1.85826 11
0.06540 -2.01046 0.00835 0 0.72500 52.35000 0.00783 1.91905 11
0.74535 2.10408 0.00835 0 -2.00000 51.55000 0.00783 1.92897 11
-0.38648 -0.80100 0.00835 0 1.75000 46.37500 0.00783 1.98383 11
0.50043 0.47841 0.00835 0 -2.80000 44.25000 0.00783 2.00290 11
-0.41349 -1.82401 0.00835 0 1.37500 40.67500 0.00783 2.04734 11
1.50394 0.29408 0.00835 0 -1.52500 36.30000 0.00783 2.06627 11
-1.61722 -0.25182 0.00835 0 1.17500 27.57500 0.00783 2.10079 11
1.20246 0.09959 0.00835 0 -1.57500 22.77500 0.00783 2.12084 11
-1.18658 -0.12994 0.00835 0 1.55000 16.10000 0.00783 2.14977 11
-0.08151 0.90106 0.00835 0 -1.62500 14.57500 0.00783 2.16323 11
-0.00537 -1.02719 0.00835 0 1.17500 15.70000 0.00783 2.19683 11
-0.64078 -0.06553 0.00835 0 -2.02500 18.95000 0.00783 2.21479 11
0.54593 0.18173 0.00835 0 1.57500 21.77500 0.00783 2.23550 11
-0.51981 -0.02435 0.00835 0 -1.47500 25.50000 0.00783 2.25622 11
0.52579 0.06092 0.00835 0 1.87500 28.52500 0.00783 2.27725 11
-0.71367 0.15594 0.00835 0 -1.62500 30.35000 0.00783 2.30023 11
0.68200 -0.06264 0.00835 0 1.25000 33.72500 0.00783 2.32028 11
-1.03716 0.08208 0.00835 0 -0.80000 37.27500 0.00783 2.33637 11
1.07344 -0.22604 0.00835 0 1.25000 41.37500 0.00783 2.35517 11
-26.67341 -22.55397 0.00835 0 -1.02500 44.52500 0.00783 2.37183 11
-0.80287 -0.04481 0.00835 0 -0.40000 44.82500 0.00783 2.37436 11
8.67301 24.69047 0.00835 0 -0.02500 44.82500 0.00783 2.37883 11
0.29008 -1.01430 0.00835 0 -1.00000 44.07500 0.00783 2.37042 11
-0.35111 0.25395 0.00835 0 -0.02500 43.47500 0.00783 2.37566 11
0.27029 -1.05977 0.00835 0 -0.92500 43.25000 0.00783 2.38172 11
0.13698 1.43658 0.00835 0 -0.12500 42.97500 0.00783 2.38655 11
-1.16875 -3.23853 0.00835 0 -0.02500 43.02500 0.00783 2.38710 11
-0.44270 -1.07149 0.00835 0 -0.92500 -59.42500 0.00783 0.95034 11
0.44123 0.86597 0.00835 0 7.67500 -56.45000 0.00783 0.98446 11
0.43351 1.36881 0.00835 0 -3.45000 -56.10000 0.00783 0.98864 11
-0.57895 -1.12746 0.00835 0 -1.12500 -47.75000 0.00783 1.08668 11
0.58058 1.06829 0.00835 0 6.82500 -44.40000 0.00783 1.11795 11
-0.71006 -1.01408 0.00835 0 -1.55000 -33.70000 0.00783 1.21671 11
0.67979 0.94526 0.00835 0 6.10000 -29.47500 0.00783 1.24851 11
-0.75500 -0.88299 0.00835 0 -0.87500 -13.87500 0.00783 1.34089 11
0.79040 0.93689 0.00835 0 6.95000 -9.22500 0.00783 1.37425 11
1.03213 1.63931 0.00835 0 -4.40000 -8.77500 0.00783 1.37742 11
-0.77151 -1.07547 0.00835 0 -0.12500 0.02500 0.00783 1.46443 11
0.95363 1.10381 0.00835 0 6.22500 4.07500 0.00783 1.49136 11
-0.84985 -1.32522 0.00835 0 -0.07500 16.02500 0.00783 1.57961 11
0.83224 1.60969 0.00835 0 5.50000 19.15000 0.00783 1.60218 11
1.25816 -5.33114 0.00835 0 4.05000 21.12500 0.00783 1.65027 11
-0.91495 2.90339 0.00835 0 5.47500 20.72500 0.00783 1.65553 11
0.04529 -1.35534 0.00835 0 3.10000 13.30000 0.00783 1.84646 11
0.26288 1.04618 0.00835 0 5.45000 13.37500 0.00783 1.85535 11
-0.62164 -0.23681 0.00835 0 5.20000 38.27500 0.00783 2.06057 11
1.00631 0.76275 0.00835 0 7.12500 40.07500 0.00783 2.07121 11
-0.78467 0.36176 0.00835 0 5.45000 41.90000 0.00783 2.08236 11
2.84596 -0.26883 0.00835 0 6.42500 44.87500 0.00783 2.09910 11
1.03756 -0.04369 0.00835 0 6.40000 46.85000 0.00783 2.11008 11
-0.97865 -2.36723 0.00835 0 4.75000 -60.07500 0.00783 0.95701 11
0.61093 1.25254 0.00835 0 2.77500 -55.85000 0.00783 0.99624 11
0.75961 1.50781 0.00835 0 2.70000 -37.52500 0.00783 1.15523 11
-1.03091 -2.52439 0.00835 0 5.47500 -27.50000 0.00783 1.27788 11
0.62804 1.24295 0.00835 0 2.80000 -23.55000 0.00783 1.31441 11
0.56980 1.34307 0.00835 0 2.82500 -7.85000 0.00783 1.46584 11
-0.60486 -1.59002 0.00835 0 -4.47500 3.37500 0.00783 1.58699 11
0.73457 1.52812 0.00835 0 2.70000 5.80000 0.00783 1.61359 11
-0.53072 -0.29803 0.00835 0 -1.85000 17.20000 0.00783 1.69756 11
0.25598 0.36535 0.00835 0 5.67500 20.35000 0.00783 1.73276 11
-0.32986 -0.41728 0.00835 0 -0.40000 26.90000 0.00783 1.78900 11
-0.15997 0.27141 0.00835 0 6.15000 26.92500 0.00783 1.81860 11
0.17648 -0.09438 0.00835 0 -0.37500 25.30000 0.00783 1.86009 11
-0.29024 0.16616 0.00835 0 5.60000 23.02500 0.00783 1.89111 11
0.24527 -0.40960 0.00835 0 -0.37500 20.70000 0.00783 1.92770 11
-0.30552 0.41207 0.00835 0 5.07500 18.97500 0.00783 1.95183 11
0.74715 -0.51494 0.00835 0 -0.20000 14.97500 0.00783 1.99044 11
-0.81504 0.40754 0.00835 0 4.20000 10.82500 0.00783 2.01406 11
0.33162 -0.84273 0.00835 0 -0.12500 4.35000 0.00783 2.05221 11
-0.28066 0.90798 0.00835 0 3.95000 3.42500 0.00783 2.06810 11
0.08847 -0.34560 0.00835 0 -0.57500 1.02500 0.00783 2.10698 11
-0.06101 0.46650 0.00835 0 4.37500 0.70000 0.00783 2.12873 11
0.51363 -0.16897 0.00835 0 -0.47500 0.27500 0.00783 2.16221 11
-0.46655 0.07363 0.00835 0 3.95000 -3.00000 0.00783 2.18635 11
0.55077 -0.49497 0.00835 0 0.20000 -8.65000 0.00783 2.21858 11
-0.48357 0.45490 0.00835 0 4.10000 -10.85000 0.00783 2.23662 11
0.46943 -0.23097 0.00835 0 -0.00000 -14.45000 0.00783 2.26574 11
-0.46249 0.09745 0.00835 0 4.00000 -17.50000 0.00783 2.28769 11
1.29169 0.45948 0.00835 0 -0.22500 -19.92500 0.00783 2.31196 11
-0.66511 -1.09947 0.00835 0 1.80000 -33.87500 0.00783 2.45414 11
1.73833 -0.49951 0.00835 0 0.70000 -39.22500 0.00783 2.48021 11
-1.55293 0.65726 0.00835 0 1.97500 -41.10000 0.00783 2.48925 11
0.99233 -0.21589 0.00835 0 0.95000 -44.32500 0.00783 2.50414 11
-0.43284 -0.08623 0.00835 0 2.32500 -45.57500 0.00783 2.51293 11
-0.59151 -1.69452 0.00835 0 1.22500 -45.85000 0.00783 2.52456 11
0.45278 0.48728 0.00835 0 0.92500 -46.65000 0.00783 2.53654 11
-0.00370 -0.05160 0.00835 0 1.50000 -46.67500 0.00783 2.54302 11
-0.98148 -1.85202 0.00835 0 1.97500 -58.30000 0.00783 0.95501 11
0.95549 1.85915 0.00835 0 8.35000 -55.20000 0.00783 0.97944 11
1.22180 1.49071 0.00835 0 -1.30000 -53.42500 0.00783 0.99025 11
-1.24808 -1.43209 0.00835 0 1.82500 -33.75000 0.00783 1.10432 11
1.20281 1.34685 0.00835 0 8.27500 -28.62500 0.00783 1.13307 11
1.36784 1.65105 0.00835 0 -1.82500 -26.97500 0.00783 1.14240 11
0.84510 1.40821 0.00835 0 0.27500 -1.97500 0.00783 1.28711 11
0.79886 1.36342 0.00835 0 0.50000 13.17500 0.00783 1.39703 11
0.76877 1.16962 0.00835 0 -0.82500 26.35000 0.00783 1.50029 11
-1.68307 -3.38523 0.00835 0 5.65000 33.42500 0.00783 1.56164 11
2.10057 3.87341 0.00835 0 7.75000 34.47500 0.00783 1.56957 11
0.38887 0.30444 0.00835 0 -0.45000 36.57500 0.00783 1.58711 11
-0.67223 -0.74173 0.00835 0 -3.90000 39.85000 0.00783 1.61791 11
0.41009 0.78567 0.00835 0 -0.92500 41.37500 0.00783 1.63077 11
-0.31845 -1.27613 0.00835 0 -3.70000 43.67500 0.00783 1.66275 11
0.20073 0.88148 0.00835 0 -1.22500 43.90000 0.00783 1.67215 11
0.08481 -0.31673 0.00835 0 -3.67500 43.57500 0.00783 1.70022 11
0.02348 0.26838 0.00835 0 -0.55000 43.60000 0.00783 1.71498 11
-0.89124 4.49205 0.00835 0 -3.10000 44.00000 0.00783 1.72608 11
-1.48844 0.25737 0.00835 0 7.32500 44.40000 0.00783 1.73288 11
-1.20476 0.10430 0.00835 0 7.27500 51.62500 0.00783 1.76324 11
6.64726 -6.40427 0.00835 0 -3.92500 56.72500 0.00783 1.78582 11
-0.51060 0.02787 0.00835 0 7.25000 57.55000 0.00783 1.79105 11
-0.32359 -0.08493 0.00835 0 7.27500 60.60000 0.00783 1.81673 11
0.61185 -0.98769 0.00835 0 -3.20000 61.62500 0.00783 1.83422 11
3.19432 1.31430 0.00835 0 6.02500 60.15000 0.00783 1.89281 11
0.04967 0.45687 0.00835 0 -0.90000 43.92500 0.00783 1.67471 11
-0.06997 0.78275 0.00194 0 -2.80000 34.32500 0.00194 1.57577 11
-0.08348 0.85023 0.00194 0 -2.82500 33.52500 0.00194 1.61122 11
0.03081 0.55009 0.00194 0 -2.82500 34.27500 0.00194 1.64467 11
0.86646 -0.93989 0.00194 0 6.57500 33.05000 0.00194 1.66493 11
-1.03876 1.20506 0.00194 0 8.05000 31.77500 0.00194 1.67223 11
-0.24978 0.52372 0.00194 0 -2.92500 31.15000 0.00194 1.67799 11
-0.10487 1.45188 0.00194 0 -3.00000 31.50000 0.00194 1.70414 11
-0.75901 0.26838 0.00194 0 -4.10000 26.15000 0.00194 1.74043 11
0.93571 -0.34692 0.00194 0 -3.02500 27.90000 0.00194 1.75133 11
1.49028 1.41262 0.00194 0 -4.17500 29.02500 0.00194 1.75980 11
-1.13928 0.83851 0.00194 0 -4.22500 29.05000 0.00194 1.76038 11
-0.63556 -1.22280 0.00835 0 -4.15000 -58.57500 0.00783 0.95502 11
0.65371 1.23569 0.00835 0 4.65000 -54.60000 0.00783 0.98942 11
-0.48019 -1.10741 0.00835 0 -4.15000 -41.02500 0.00783 1.11536 11
0.54907 1.11371 0.00835 0 5.27500 -37.35000 0.00783 1.15194 11
-0.44709 -0.92607 0.00835 0 -4.02500 -23.90000 0.00783 1.27153 11
0.25064 0.67309 0.00835 0 4.07500 -21.47500 0.00783 1.30431 11
-0.10505 -0.82097 0.00835 0 -3.12500 -18.50000 0.00783 1.37650 11
0.07877 0.83429 0.00835 0 4.05000 -17.85000 0.00783 1.40405 11
0.03689 -1.52209 0.00835 0 -1.65000 -16.20000 0.00783 1.48074 11
-0.05245 1.28881 0.00835 0 3.70000 -16.40000 0.00783 1.49992 11
0.09148 -0.81847 0.00835 0 -3.02500 -17.05000 0.00783 1.56687 11
-0.06582 0.80356 0.00835 0 3.95000 -17.55000 0.00783 1.59415 11
-0.05780 -0.27592 0.00835 0 -4.20000 -18.92500 0.00783 1.64639 11
-0.30753 -1.49341 0.00835 0 8.37500 -18.87500 0.00783 1.64978 11
0.20379 0.32976 0.00835 0 2.82500 -17.55000 0.00783 1.67813 11
-0.15869 -0.77208 0.00835 0 -3.95000 -15.97500 0.00783 1.72976 11
0.08241 0.77704 0.00835 0 1.75000 -15.05000 0.00783 1.75200 11
0.04759 -1.14882 0.00835 0 7.62500 -16.60000 0.00783 1.80128 11
0.11819 0.23907 0.00835 0 2.37500 -17.45000 0.00783 1.83152 11
-0.41035 -0.08937 0.00835 0 -3.17500 -14.92500 0.00783 1.86691 11
0.28864 0.04586 0.00835 0 2.50000 -11.82500 0.00783 1.89803 11
-0.00553 -0.35389 0.00835 0 -2.32500 -10.57500 0.00783 1.93121 11
-0.01370 0.24730 0.00835 0 2.52500 -10.65000 0.00783 1.95383 11
0.09701 -0.15392 0.00835 0 -2.07500 -8.80000 0.00783 1.98242 11
-0.19215 0.00068 0.00835 0 2.52500 -10.30000 0.00783 2.00649 11
0.12157 0.06870 0.00835 0 -1.67500 -11.60000 0.00783 2.02779 11
-0.16637 -0.11523 0.00835 0 1.62500 -11.87500 0.00783 2.04693 11
-0.10055 0.37547 0.00835 0 -1.10000 -13.75000 0.00783 2.06140 11
0.21057 -0.41789 0.00835 0 1.80000 -13.22500 0.00783 2.08187 11
-0.23713 -0.77569 0.00835 0 -0.20000 -10.87500 0.00783 2.09499 11
0.34987 0.91428 0.00835 0 1.72500 -10.47500 0.00783 2.10289 11
0.20317 -0.37912 0.00835 0 0.45000 -7.25000 0.00783 2.12436 11
-0.27409 0.49565 0.00835 0 2.60000 -7.77500 0.00783 2.13460 11
0.90130 -3.14285 0.00835 0 1.12500 -10.02500 0.00783 2.15597 11
0.49496 -0.53268 0.00241 0 0.30000 -15.02500 0.00199 1.33511 11
-0.64099 1.09178 0.00241 0 -2.25000 -13.30000 0.00199 1.34694 11
-0.67836 -1.18804 0.00241 0 -0.97500 -10.37500 0.00199 1.41084 11
0.51834 0.29124 0.00241 0 -3.50000 -11.50000 0.00199 1.42243 11
-0.96137 -0.07990 0.00241 0 -1.10000 -13.77500 0.00199 1.44060 11
-30.15243 10.73224 0.00241 0 -1.02500 -23.57500 0.00199 1.49560 11
-0.44111 0.69415 0.00241 0 -1.70000 -26.15000 0.00199 1.51585 11
-0.44501 -1.05794 0.00835 0 -4.12500 -58.32500 0.00783 0.95489 11
0.39871 1.08764 0.00835 0 6.00000 -54.75000 0.00783 0.99407 11
-0.41404 -1.39470 0.00835 0 -2.57500 -45.92500 0.00783 1.12279 11
0.43148 1.49136 0.00835 0 5.80000 -43.72500 0.00783 1.15353 11
-0.36865 -2.21426 0.00835 0 -1.55000 -35.75000 0.00783 1.28230 11
0.49297 3.02135 0.00835 0 3.82500 -35.02500 0.00783 1.30082 11
-0.92537 -2.16690 0.00835 0 3.65000 -57.72500 0.00783 0.95549 11
0.76356 1.40737 0.00835 0 1.02500 -53.45000 0.00783 0.99199 11
-1.70603 -1.63140 0.00835 0 4.87500 -32.10000 0.00783 1.11265 11
1.15884 0.83794 0.00835 0 1.42500 -22.95000 0.00783 1.15739 11
-1.14961 -1.52137 0.00835 0 4.15000 -3.30000 0.00783 1.26303 11
0.88090 0.84869 0.00835 0 1.52500 4.10000 0.00783 1.30650 11
-0.72251 -0.87352 0.00835 0 2.02500 18.07500 0.00783 1.39766 11
1.01705 0.37739 0.00835 0 0.52500 26.52500 0.00783 1.45043 11
-1.27394 -0.37224 0.00835 0 5.55000 40.57500 0.00783 1.51513 11
1.38327 -0.18871 0.00835 0 0.07500 53.57500 0.00783 1.57171 11
-0.06147 -0.15978 0.00200 0 -0.20000 23.97500 0.00199 1.44672 11
0.09460 0.41013 0.00200 0 -3.57500 23.12500 0.00199 1.46322 11
0.35988 -0.72044 0.00200 0 -0.02500 24.45000 0.00199 1.49215 11
-0.28453 0.68144 0.00200 0 -1.55000 24.62500 0.00199 1.49813 11
0.33119 -0.98744 0.00200 0 0.35000 26.20000 0.00199 1.51691 11
0.32183 2.41181 0.00200 0 -2.10000 26.20000 0.00199 1.52707 11
17.16383 20.11737 0.00200 0 -1.52500 -28.17500 0.00199 2.17878 11
0.28681 -0.03677 0.00200 0 -2.52500 -63.47500 0.00199 2.36232 11
-0.83369 0.54634 0.00200 0 -1.52500 -64.10000 0.00199 2.36834 11
-0.54977 -1.04802 0.00835 0 -3.57500 -58.80000 0.00783 0.95619 11
0.54109 0.94474 0.00835 0 6.62500 -54.37500 0.00783 0.99685 11
-0.44151 -0.87748 0.00835 0 -3.67500 -40.42500 0.00783 1.11531 11
1.25781 -0.71295 0.00835 0 7.57500 -32.92500 0.00783 1.17034 11
-1.14080 0.92844 0.00835 0 3.87500 -30.27500 0.00783 1.18723 11
0.53228 -0.81984 0.00835 0 6.27500 -19.20000 0.00783 1.25985 11
-2.25714 0.73029 0.00835 0 3.87500 -17.40000 0.00783 1.27222 11
4.49359 0.06642 0.00835 0 4.75000 -11.40000 0.00783 1.29502 11
-0.18550 -0.76364 0.00835 0 3.35000 -7.97500 0.00783 1.31419 11
0.08319 0.88456 0.00835 0 4.92500 -7.82500 0.00783 1.32079 11
0.56316 1.50899 0.00835 0 3.15000 -51.12500 0.00783 1.15154 11
-0.98755 -2.26133 0.00835 0 -3.50000 -40.22500 0.00783 1.28521 11
1.07738 2.49099 0.00835 0 1.92500 -37.95000 0.00783 1.30535 11
-0.88402 -4.57503 0.00835 0 -3.10000 -26.37500 0.00783 1.43853 11
1.30600 4.02987 0.00835 0 -0.45000 -25.87500 0.00783 1.44764 11
-1.61466 -4.59654 0.00835 0 -2.22500 -6.60000 0.00783 1.58458 11
1.65428 3.71146 0.00835 0 0.25000 -5.65000 0.00783 1.59377 11
-0.47459 -0.72996 0.00835 0 -0.07500 -56.45000 0.00783 1.08943 11
0.55884 0.89607 0.00835 0 -1.40000 -50.90000 0.00783 1.13696 11
-0.70768 -0.93492 0.00835 0 -0.12500 -37.25000 0.00783 1.23243 11
0.71124 1.02371 0.00835 0 8.47500 -32.32500 0.00783 1.26856 11
0.73815 1.32704 0.00835 0 -2.07500 -31.42500 0.00783 1.27560 11
-0.73277 -1.40889 0.00835 0 2.05000 -17.87500 0.00783 1.37970 11
0.68980 1.28090 0.00835 0 -1.20000 -14.05000 0.00783 1.41436 11
-1.05237 -1.87117 0.00835 0 4.10000 0.82500 0.00783 1.51848 11
0.71787 1.03931 0.00835 0 0.50000 5.35000 0.00783 1.55328 11
-1.07609 -1.57444 0.00835 0 4.22500 18.95000 0.00783 1.64341 11
0.73804 1.01911 0.00835 0 0.32500 24.00000 0.00783 1.67832 11
-0.97697 -1.86332 0.00835 0 5.37500 37.62500 0.00783 1.76922 11
0.58090 0.90211 0.00835 0 1.12500 41.70000 0.00783 1.80143 11
0.44140 -0.04329 0.00835 0 2.35000 55.15000 0.00783 1.92647 11
-0.42522 0.25721 0.00835 0 -2.25000 59.10000 0.00783 1.95104 11
-0.91280 -1.75936 0.00835 0 0.45000 -60.00000 0.00783 0.95497 11
1.05229 1.85933 0.00835 0 7.37500 -56.50000 0.00783 0.98185 11
1.58106 2.15994 0.00835 0 -2.77500 -55.22500 0.00783 0.98990 11
-1.44175 -2.08086 0.00835 0 2.35000 -34.70000 0.00783 1.11648 11
1.59217 2.11788 0.00835 0 7.27500 -31.62500 0.00783 1.13629 11
2.11784 1.97234 0.00835 0 -3.22500 -30.07500 0.00783 1.14400 11
-1.40574 -0.60926 0.00835 0 1.62500 -6.47500 0.00783 1.24919 11
1.60425 0.67682 0.00835 0 -2.32500 6.52500 0.00783 1.30482 11
-1.71488 -0.60398 0.00835 0 2.87500 28.90000 0.00783 1.39548 11
1.85954 0.09275 0.00835 0 6.52500 38.60000 0.00783 1.43357 11
-1.46790 -0.13883 0.00835 0 1.05000 57.10000 0.00783 1.50332 11
0.62706 0.57119 0.00835 0 5.25000 63.00000 0.00783 1.53307 11
-0.61412 -2.24796 0.00835 0 2.97500 -59.95000 0.00783 0.95598 11
0.37512 2.91867 0.00835 0 8.07500 -59.20000 0.00783 0.97358 11
0.27435 1.79669 0.00835 0 1.30000 -58.30000 0.00783 0.99229 11
-0.26338 -1.13637 0.00835 0 1.10000 -55.25000 0.00783 1.09986 11
0.19991 1.07675 0.00835 0 0.87500 -52.80000 0.00783 1.14543 11
-0.12638 -1.45641 0.00835 0 1.55000 -51.90000 0.00783 1.25431 11
0.08587 1.32370 0.00835 0 0.25000 -51.00000 0.00783 1.29389 11
-0.48299 -3.11281 0.00835 0 3.05000 -47.92500 0.00783 1.40865 11
0.11111 2.97975 0.00835 0 7.02500 -47.52500 0.00783 1.42217 11
-0.19277 2.63730 0.00835 0 -2.57500 -47.60000 0.00783 1.43064 11
-0.78579 -1.41720 0.00835 0 -2.50000 -59.30000 0.00783 0.95579 11
0.82276 1.40894 0.00835 0 5.55000 -55.42500 0.00783 0.98724 11
-1.46617 -1.96498 0.00835 0 -2.27500 -36.17500 0.00783 1.11435 11
1.56189 2.09803 0.00835 0 3.72500 -32.12500 0.00783 1.13920 11
-1.75218 -2.87911 0.00835 0 -0.37500 -9.97500 0.00783 1.27404 11
1.54610 2.49878 0.00835 0 3.87500 -7.47500 0.00783 1.29074 11
-1.26314 -2.46120 0.00835 0 -1.45000 7.55000 0.00783 1.41414 11
1.43248 2.68320 0.00835 0 2.85000 9.55000 0.00783 1.43037 11
-0.46527 -1.45875 0.00835 0 -3.02500 -59.12500 0.00783 0.95514 11
0.44907 1.37455 0.00835 0 5.47500 -56.75000 0.00783 0.98638 11
-0.55315 -1.48480 0.00835 0 -3.05000 -48.50000 0.00783 1.11455 11
0.54782 1.46240 0.00835 0 5.12500 -45.82500 0.00783 1.14492 11
-1.49788 -2.75415 0.00835 0 -1.27500 -32.17500 0.00783 1.27572 11
2.07829 3.81283 0.00835 0 2.52500 -30.07500 0.00783 1.29049 11
4.33018 11.33000 0.00835 0 0.42500 32.55000 0.00783 1.71832 11
0.71132 -0.66927 0.00835 0 -1.67500 32.67500 0.00783 1.75330 11
-0.89020 0.60395 0.00835 0 0.87500 30.25000 0.00783 1.76676 11
0.83850 -0.29255 0.00835 0 -1.75000 25.95000 0.00783 1.79280 11
-0.68820 0.11850 0.00835 0 0.65000 23.15000 0.00783 1.80754 11
0.08519 -0.45936 0.00835 0 -2.50000 22.60000 0.00783 1.82396 11
-0.12958 0.69183 0.00835 0 0.15000 22.27500 0.00783 1.83520 11
2.07644 -0.89015 0.00835 0 -1.02500 17.65000 0.00783 1.96068 11
3.91252 -3.16509 0.00835 0 -0.92500 16.05000 0.00783 1.96679 11
0.09421 0.59814 0.00835 0 -0.40000 15.10000 0.00783 1.97801 11
-0.89448 -2.16023 0.00835 0 4.50000 -60.17500 0.00783 0.95452 11
0.51605 1.22051 0.00835 0 2.80000 -56.07500 0.00783 0.99473 11
-0.59914 -2.44641 0.00835 0 5.20000 -43.65000 0.00783 1.11593 11
0.42784 1.10411 0.00835 0 3.32500 -40.60000 0.00783 1.15452 11
-0.96365 -2.23519 0.00835 0 5.55000 -28.97500 0.00783 1.27097 11
0.56424 1.02371 0.00835 0 3.12500 -24.35000 0.00783 1.30975 11
-17.57338 -37.49977 0.00835 0 7.72500 -12.30000 0.00783 1.43038 11
0.98896 1.34164 0.00835 0 0.87500 -9.07500 0.00783 1.45202 11
1.26631 1.59473 0.00835 0 0.67500 12.52500 0.00783 1.58618 11
1.54885 1.45827 0.00835 0 0.72500 35.35000 0.00783 1.71745 11
-1.72115 -0.97290 0.00835 0 -1.55000 55.10000 0.00783 1.79549 11
1.95955 1.15497 0.00835 0 2.07500 60.45000 0.00783 1.81799 11
0.74133 3.65292 0.00227 0 0.80000 35.35000 0.00224 1.71788 11
-0.86843 -0.78469 0.00227 0 0.07500 35.52500 0.00224 1.75810 11
0.59946 0.46360 0.00227 0 2.20000 37.12500 0.00224 1.76885 11
41.61120 -4.36647 0.00227 0 2.05000 43.32500 0.00224 1.79263 11
0.09408 0.76849 0.00227 0 1.55000 45.60000 0.00224 1.81123 11
-0.66668 -1.02049 0.00227 0 2.72500 46.15000 0.00224 1.83654 11
-2.94867 -0.88755 0.00227 0 2.80000 7.90000 0.00224 2.07126 11
0.57937 -0.20679 0.00227 0 0.07500 35.40000 0.00224 1.75799 11
-0.88555 0.21515 0.00227 0 0.87500 34.42500 0.00224 1.76811 11
-0.58876 -1.28491 0.00835 0 -4.15000 -58.10000 0.00783 0.95609 11
0.60512 1.27104 0.00835 0 4.65000 -54.37500 0.00783 0.99023 11
0.22860 1.02066 0.00835 0 4.65000 -46.97500 0.00783 1.13321 11
0.13347 1.01735 0.00835 0 4.67500 -42.30000 0.00783 1.27481 11
-0.04205 -1.90708 0.00835 0 6.27500 -41.45000 0.00783 1.37455 11
-0.76283 0.13369 0.00835 0 1.87500 -43.25000 0.00783 1.40843 11
0.81548 -0.58018 0.00835 0 5.05000 -53.87500 0.00783 1.47235 11
-1.18810 -0.02704 0.00835 0 1.22500 -63.22500 0.00783 1.52391 11
-0.81586 -2.66133 0.00835 0 5.22500 -60.67500 0.00783 0.95624 11
0.43511 1.19309 0.00835 0 2.90000 -57.87500 0.00783 0.99241 11
-0.82955 -2.14458 0.00835 0 4.25000 -47.20000 0.00783 1.11039 11
0.55829 1.28583 0.00835 0 1.60000 -43.62500 0.00783 1.14612 11
1.04430 2.45034 0.00835 0 1.40000 -28.12500 0.00783 1.29952 11
-0.99750 -3.35312 0.00835 0 -1.22500 6.77500 0.00783 1.58998 11
1.29699 3.29399 0.00835 0 2.27500 7.90000 0.00783 1.60242 11
-0.76416 -3.06336 0.00835 0 -1.70000 23.10000 0.00783 1.72992 11
0.57116 3.07006 0.00835 0 2.22500 23.87500 0.00783 1.74349 11
-0.19605 -0.60102 0.00835 0 -3.07500 37.82500 0.00783 1.93223 11
0.14662 0.53608 0.00835 0 3.00000 38.95000 0.00783 1.95730 11
0.08065 -0.71274 0.00835 0 -2.67500 40.70000 0.00783 2.00855 11
-0.08034 0.55624 0.00835 0 3.05000 40.20000 0.00783 2.03152 11
0.16440 -0.24830 0.00835 0 -3.40000 40.32500 0.00783 2.07336 11
-0.09218 -0.00944 0.00835 0 3.72500 38.62500 0.00783 2.10671 11
-0.37958 0.31776 0.00835 0 -1.42500 41.35000 0.00783 2.13219 11
0.00029 -0.16732 0.00835 0 3.85000 43.20000 0.00783 2.16525 11
-0.35093 0.30855 0.00835 0 -1.27500 44.25000 0.00783 2.19004 11
0.40563 -0.47120 0.00835 0 3.50000 47.42500 0.00783 2.22397 11
-0.40722 0.22060 0.00835 0 -0.12500 50.00000 0.00783 2.24151 11
-0.28500 -0.41531 0.00835 0 4.22500 50.22500 0.00783 2.27132 11
0.31727 0.93817 0.00835 0 0.57500 49.00000 0.00783 2.28743 11
0.19439 -0.36711 0.00835 0 4.17500 47.42500 0.00783 2.31971 11
0.02327 -0.03560 0.00835 0 0.60000 47.37500 0.00783 2.33913 11
0.05279 -0.02223 0.00835 0 3.95000 47.87500 0.00783 2.35748 11
0.01193 -0.17180 0.00835 0 1.30000 46.70000 0.00783 2.37016 11
-0.08277 0.10282 0.00835 0 4.32500 46.57500 0.00783 2.38473 11
-0.99786 -1.20951 0.00835 0 1.80000 48.15000 0.00783 2.40315 11
-2.88683 3.88907 0.00835 0 2.07500 50.85000 0.00783 2.42342 11
0.45028 -0.71922 0.00835 0 2.50000 51.37500 0.00783 2.44039 11
-2.40836 -2.67794 0.00187 0 2.97500 34.25000 0.00114 1.88158 11
0.25861 1.26532 0.00187 0 4.05000 34.90000 0.00114 1.88620 11
-2.29249 -1.13741 0.00187 0 1.32500 10.20000 0.00114 2.09140 11
-0.50993 -1.17764 0.00835 0 -4.40000 -60.80000 0.00783 0.95558 11
0.49619 1.15802 0.00835 0 5.02500 -57.27500 0.00783 0.99178 11
-0.23758 -1.64588 0.00835 0 4.85000 -51.55000 0.00783 1.10509 11
0.25589 0.90014 0.00835 0 5.55000 -49.52500 0.00783 1.15350 11
-1.41680 -8.02010 0.00835 0 -0.12500 -43.85000 0.00783 1.27279 11
-0.73940 -1.54664 0.00835 0 -2.45000 -36.12500 0.00783 1.39732 11
0.81238 1.56757 0.00835 0 3.65000 -33.37500 0.00783 1.42076 11
-0.94362 -2.07516 0.00835 0 -1.85000 -21.67500 0.00783 1.52323 11
0.86793 1.79938 0.00835 0 2.35000 -19.75000 0.00783 1.53911 11
-0.90976 -1.45998 0.00835 0 -3.82500 -7.65000 0.00783 1.63347 11
0.99040 1.32168 0.00835 0 1.90000 -4.45000 0.00783 1.65654 11
-0.72777 -0.71160 0.00835 0 -4.45000 11.10000 0.00783 1.74174 11
0.67925 0.63553 0.00835 0 3.17500 16.42500 0.00783 1.77665 11
-0.48020 -1.25950 0.00835 0 7.02500 25.27500 0.00783 1.85249 11
0.51802 0.62542 0.00835 0 2.00000 29.10000 0.00783 1.88446 11
0.26739 0.64780 0.00835 0 1.97500 36.80000 0.00783 1.98519 11
-0.49620 -1.04387 0.00835 0 5.75000 41.87500 0.00783 2.04803 11
0.44851 0.34966 0.00835 0 1.87500 46.15000 0.00783 2.08581 11
-0.61819 -1.15656 0.00835 0 6.20000 50.97500 0.00783 2.13871 11
0.41954 0.56577 0.00835 0 0.82500 54.35000 0.00783 2.16795 11
-0.50520 -1.65107 0.00835 0 6.05000 59.72500 0.00783 2.22602 11
0.28711 0.62166 0.00835 0 0.62500 61.47500 0.00783 2.25280 11
0.16858 -0.18770 0.00835 0 -2.05000 -43.00000 0.00783 1.27538 11
0.72144 -0.08140 0.00835 0 -3.62500 -44.17500 0.00783 1.28528 11
-0.46536 0.40055 0.00835 0 -2.37500 -45.32500 0.00783 1.29400 11
-0.79651 -1.90117 0.00835 0 4.37500 -59.27500 0.00783 0.95841 11
0.53918 1.02215 0.00835 0 3.07500 -54.90000 0.00783 1.00078 11
-0.66062 -1.95847 0.00835 0 4.87500 -42.95000 0.00783 1.12024 11
0.42218 0.96752 0.00835 0 5.15000 -38.25000 0.00783 1.16933 11
-0.65791 -1.30422 0.00835 0 -4.02500 -27.65000 0.00783 1.28089 11
0.61498 1.16591 0.00835 0 3.80000 -24.35000 0.00783 1.31111 11
-1.22308 -0.99026 0.00835 0 -2.87500 -8.85000 0.00783 1.42401 11
1.48962 1.22948 0.00835 0 3.45000 -2.67500 0.00783 1.45499 11
-1.44437 -0.71737 0.00835 0 -3.52500 16.60000 0.00783 1.54507 11
1.45221 0.71442 0.00835 0 2.57500 25.17500 0.00783 1.58232 11
-1.89575 -1.26840 0.00835 0 8.27500 43.82500 0.00783 1.67043 11
2.25458 -0.40515 0.00835 0 -1.00000 55.35000 0.00783 1.71396 11
-0.48902 -1.18637 0.00835 0 -2.37500 -58.75000 0.00783 0.95397 11
0.59871 1.39422 0.00835 0 6.80000 -55.65000 0.00783 0.98879 11
1.59234 3.57871 0.00835 0 -3.92500 -55.05000 0.00783 0.99395 11
-1.13112 -1.97128 0.00835 0 -0.60000 -40.10000 0.00783 1.11430 11
1.06323 2.03811 0.00835 0 5.02500 -37.20000 0.00783 1.13608 11
-2.35464 -2.43716 0.00835 0 0.95000 -18.12500 0.00783 1.26841 11
1.82339 2.10073 0.00835 0 4.70000 -14.70000 0.00783 1.28562 11
