1.43778 1.11114 0.01515 0 3.40000 14.82500 0.01505 3.07072 -11
-2.01533 9.04087 0.01515 0 5.40000 15.57500 0.01505 3.07859 -11
1.54604 -1.86651 0.01515 0 6.92500 12.22500 0.01505 3.09228 -11
1.77280 -1.33984 0.01515 0 0.65000 15.87500 0.01505 3.07512 -11
-0.05925 -0.96590 0.01515 0 0.65000 15.90000 0.01505 3.07514 -11
-0.01835 0.29869 0.01515 0 5.80000 -63.02500 0.01505 1.42630 -11
0.07111 -0.64754 0.01515 0 -2.90000 -63.37500 0.01505 1.48269 -11
0.28785 0.52226 0.01515 0 8.22500 -64.70000 0.01505 1.64863 -11
0.38391 1.43093 0.01515 0 -2.82500 -64.40000 0.01505 1.65347 -11
-0.34998 -1.25544 0.01515 0 7.95000 -61.32500 0.01505 1.69312 -11
0.28532 0.43361 0.01515 0 7.82500 -49.92500 0.01505 1.84725 -11
0.44634 1.32505 0.01515 0 -3.50000 -49.65000 0.01505 1.85102 -11
-0.26773 -1.26838 0.01515 0 7.40000 -46.45000 0.01505 1.89151 -11
0.22281 0.40771 0.01515 0 7.85000 -38.90000 0.01505 2.03924 -11
0.40758 1.29866 0.01515 0 -3.50000 -38.65000 0.01505 2.04294 -11
-0.38161 -0.94175 0.01515 0 7.47500 -35.87500 0.01505 2.08363 -11
0.31218 0.24597 0.01515 0 7.00000 -22.65000 0.01505 2.21699 -11
-0.26296 -0.37390 0.01515 0 -4.35000 -19.25000 0.01505 2.26615 -11
-0.37259 -0.77249 0.01515 0 8.02500 -19.02500 0.01505 2.26896 -11
0.38388 0.19870 0.01515 0 7.72500 -8.20000 0.01505 2.39337 -11
0.44737 0.67196 0.01515 0 -4.00000 -7.92500 0.01505 2.39614 -11
-0.21091 -0.43900 0.01515 0 -4.37500 -3.57500 0.01505 2.44214 -11
-0.14975 -1.02770 0.01515 0 8.12500 -3.37500 0.01505 2.44515 -11
0.37462 1.47337 0.01515 0 -2.37500 -1.35000 0.01505 2.57143 -11
-0.92207 -1.62068 0.01515 0 5.80000 0.57500 0.01505 2.60105 -11
0.24169 1.43662 0.01515 0 -2.32500 8.67500 0.01505 2.72886 -11
-0.02594 -1.22114 0.01515 0 4.32500 7.72500 0.01505 2.75359 -11
-0.02375 1.31220 0.01515 0 -1.42500 6.95000 0.01505 2.82898 -11
0.67560 -1.18084 0.01515 0 3.90000 6.20000 0.01505 2.84835 -11
-0.22571 0.81145 0.01515 0 -2.40000 2.15000 0.01505 2.91173 -11
0.33306 -0.17742 0.01515 0 3.32500 0.90000 0.01505 2.93366 -11
-1.21431 0.86825 0.01515 0 -2.62500 -5.37500 0.01505 2.97968 -11
-1.19931 1.14584 0.01515 0 -1.42500 -6.70000 0.01505 2.98653 -11
26.36241 -14.20517 0.01515 0 -2.32500 -5.32500 0.01505 2.99381 -11
1.82886 -0.08779 0.01515 0 -3.10000 -4.47500 0.01505 2.99881 -11
-0.21870 -1.62678 0.01515 0 -3.00000 -4.42500 0.01505 2.99941 -11
-3.16449 1.78233 0.01515 0 -3.07500 -26.22500 0.01505 3.15287 -11
-0.38865 -1.10611 0.00207 0 -1.42500 -6.37500 0.00197 2.98596 11
0.44488 1.93899 0.00207 0 0.37500 -6.00000 0.00197 2.99270 11
1.80308 -1.11007 0.00207 0 0.95000 -8.37500 0.00197 3.02941 11
-2.03101 1.32457 0.00207 0 1.90000 -9.92500 0.00197 3.03602 11
0.37049 1.38807 0.00207 0 0.85000 -12.17500 0.00197 3.04554 11
35.95438 39.48998 0.00207 0 1.95000 -13.75000 0.00197 3.06646 11
-1.15330 0.13253 0.00207 0 3.12500 -15.45000 0.00197 3.07987 11
-0.48800 1.95878 0.00207 0 2.95000 -16.65000 0.00197 3.09606 11
-0.58141 -1.04783 0.00296 0 -4.37500 16.10000 0.00256 2.77856 11
0.55734 0.98952 0.00296 0 -0.75000 17.57500 0.00256 2.79318 11
1.05963 0.37273 0.00296 0 -1.47500 26.05000 0.00256 2.84730 11
-0.39945 -0.99251 0.00296 0 6.80000 30.72500 0.00256 2.87552 11
0.27922 0.21037 0.00296 0 -1.22500 32.22500 0.00256 2.89427 11
-1.53252 -0.81658 0.00296 0 7.35000 35.87500 0.00256 2.91725 11
1.30914 -0.01037 0.00296 0 -2.27500 40.75000 0.00256 2.93831 11
-3.23884 0.98172 0.00296 0 -4.10000 48.30000 0.00256 2.96673 11
2.08813 -0.12166 0.00296 0 -2.60000 53.25000 0.00256 2.98636 11
-3.98290 -2.16180 0.00296 0 -3.35000 59.10000 0.00256 3.00927 11
1.00433 0.22808 0.00296 0 -2.40000 61.00000 0.00256 3.01741 11
-0.21537 -0.07888 0.00296 0 -4.37500 60.47500 0.00256 3.02833 11
0.06502 -0.06917 0.00296 0 -2.45000 60.92500 0.00256 3.03960 11
-3.89902 1.02081 0.00296 0 -4.35000 61.92500 0.00256 3.05234 11
-3.57456 -5.23938 0.00296 0 -4.32500 62.05000 0.00256 3.05316 11
0.52943 0.51046 0.00296 0 -3.82500 62.17500 0.00256 3.05564 11
0.25334 -0.11529 0.01515 0 5.67500 -58.50000 0.01505 0.75154 -11
-0.17901 -0.11924 0.01515 0 0.32500 -52.55000 0.01505 0.83143 -11
0.16174 -0.12314 0.01515 0 5.35000 -46.20000 0.01505 0.96318 -11
-0.19570 -0.05740 0.01515 0 0.20000 -40.92500 0.01505 1.04503 -11
0.19185 -0.22050 0.01515 0 4.95000 -36.25000 0.01505 1.16961 -11
-0.07724 -0.09126 0.01515 0 0.05000 -33.82500 0.01505 1.25243 -11
0.06915 -0.16942 0.01515 0 5.72500 -30.47500 0.01505 1.37510 -11
-0.17487 -0.01915 0.01515 0 -0.17500 -27.50000 0.01505 1.45347 -11
0.26065 -0.16468 0.01515 0 5.85000 -22.07500 0.01505 1.57349 -11
-0.24706 -0.05627 0.01515 0 -1.07500 -17.15000 0.01505 1.64736 -11
0.25950 -0.25720 0.01515 0 5.72500 -9.97500 0.01505 1.76582 -11
-0.18623 0.07107 0.01515 0 -0.97500 -2.62500 0.01505 1.85001 -11
0.24525 -0.34122 0.01515 0 5.72500 4.22500 0.01505 1.95520 -11
-0.36389 0.24886 0.01515 0 -1.32500 11.65000 0.01505 2.03910 -11
0.38451 -0.55197 0.01515 0 6.07500 21.20000 0.01505 2.13176 -11
-0.24494 0.24133 0.01515 0 -1.50000 29.20000 0.01505 2.21787 -11
0.28036 -0.61364 0.01515 0 5.52500 35.52500 0.01505 2.31027 -11
-0.13377 0.23782 0.01515 0 -2.05000 40.40000 0.01505 2.39892 -11
-0.06256 -0.34247 0.01515 0 5.62500 40.70000 0.01505 2.48827 -11
-0.12514 0.25772 0.01515 0 -4.25000 41.77500 0.01505 2.55479 -11
-0.02047 -0.00264 0.01515 0 7.70000 41.87500 0.01505 2.55707 -11
-0.03720 -0.62756 0.01515 0 6.60000 41.17500 0.01505 2.62205 -11
-0.10659 0.43128 0.01515 0 -4.00000 41.60000 0.01505 2.69912 -11
-0.11554 0.10983 0.01515 0 7.80000 41.67500 0.01505 2.70170 -11
0.28240 -0.20447 0.01515 0 -1.12500 46.35000 0.01505 2.74892 -11
-0.40865 0.36713 0.01515 0 -4.05000 50.87500 0.01505 2.79994 -11
-0.48968 0.09072 0.01515 0 7.77500 51.17500 0.01505 2.80266 -11
0.84814 0.41276 0.01515 0 0.92500 59.50000 0.01505 2.85116 -11
0.27320 0.35960 0.01515 0 6.37500 -59.77500 0.01505 0.76505 -11
-0.22921 -0.46090 0.01515 0 -3.87500 -57.12500 0.01505 0.81671 -11
0.27181 0.32952 0.01515 0 6.90000 -47.30000 0.01505 0.96492 -11
-0.19533 -1.11506 0.01515 0 7.42500 -44.47500 0.01505 1.01235 -11
0.10082 1.84871 0.01515 0 -0.85000 -41.20000 0.01505 1.13482 -11
-0.45661 -0.59662 0.01515 0 -2.40000 -37.37500 0.01505 1.17551 -11
0.43968 0.90898 0.01515 0 0.65000 -25.85000 0.01505 1.28590 -11
-0.43842 -0.91385 0.01515 0 -3.27500 -22.52500 0.01505 1.31678 -11
0.11870 0.68431 0.01515 0 1.25000 -17.15000 0.01505 1.43258 -11
-0.11738 -0.72552 0.01515 0 -1.67500 -15.67500 0.01505 1.46577 -11
-0.40734 0.64507 0.01515 0 1.65000 -22.92500 0.01505 1.56921 -11
0.22908 -0.84645 0.01515 0 -1.77500 -26.20000 0.01505 1.60231 -11
-0.59470 0.96074 0.01515 0 3.02500 -34.72500 0.01505 1.70542 -11
1.02188 -0.86778 0.01515 0 -4.25000 -37.85000 0.01505 1.72474 -11
-0.35611 -0.72869 0.00275 0 3.75000 -45.42500 0.00275 7.76912 -11
0.05087 0.37352 0.00275 0 1.90000 -44.07500 0.00275 7.78673 -11
-0.01754 -1.34148 0.00275 0 4.05000 -43.97500 0.00275 7.79835 -11
-0.97087 1.89645 0.00275 0 3.12500 -44.27500 0.00275 7.81787 -11
1.27462 -1.57473 0.00275 0 3.37500 -44.47500 0.00275 7.81941 -11
-0.49268 1.20435 0.00275 0 2.55000 -46.32500 0.00275 7.83373 -11
0.79383 0.34117 0.00275 0 3.12500 -45.57500 0.00275 7.84890 -11
1.29989 0.64606 0.00349 0 4.52500 9.82500 0.00261 1.61708 -11
-0.30101 0.19916 0.00349 0 5.72500 9.77500 0.00261 1.62471 -11
0.21485 -0.95884 0.30413 0 3.15000 40.77500 0.30251 20.73631 13
-0.19052 0.65204 0.30413 0 2.60000 47.52500 0.30251 20.90047 13
0.56276 -1.05925 0.00233 0 5.15000 -55.35000 0.00224 1.68571 11
-0.39835 0.65357 0.00233 0 7.45000 -57.27500 0.00224 1.69767 11
-0.21033 0.44624 0.00233 0 -4.27500 -57.32500 0.00224 1.70008 11
0.23286 -0.41585 0.00233 0 6.70000 -59.20000 0.00224 1.72529 11
-0.16099 -0.44281 0.00233 0 -3.15000 -59.50000 0.00224 1.73963 11
-0.57638 -0.61813 0.00233 0 7.12500 -58.80000 0.00224 1.74919 11
0.02608 -0.11899 0.00233 0 -3.52500 -57.52500 0.00224 1.76462 11
-1.31533 -0.64885 0.00233 0 6.42500 -56.70000 0.00224 1.78993 11
1.10375 -0.57853 0.00233 0 7.35000 -55.82500 0.00224 1.79787 11
9.36692 2.74682 0.00233 0 -2.62500 58.27500 0.00224 0.41831 11
-8.81883 -3.31206 0.00233 0 -2.30000 41.42500 0.00224 0.48299 11
-37.07376 5.93043 0.00233 0 -2.50000 18.60000 0.00224 0.56676 11
-0.90551 0.54273 0.00233 0 -1.72500 17.12500 0.00224 0.57386 11
0.53798 -1.62002 0.00233 0 0.62500 30.37500 0.00224 1.22753 11
-0.27728 1.02483 0.00233 0 2.32500 30.00000 0.00224 1.23399 11
0.21459 -0.01071 0.00233 0 0.20000 28.07500 0.00224 1.24758 11
-0.40278 -0.23194 0.00233 0 2.62500 27.15000 0.00224 1.26180 11
-5.08681 0.15116 0.00233 0 0.80000 25.65000 0.00224 1.27151 11
0.67743 -1.13023 0.00233 0 -0.80000 24.37500 0.00224 1.28672 11
-0.14811 1.37402 0.00233 0 0.10000 24.15000 0.00224 1.29060 11
-1.44102 1.82195 0.00233 0 -1.27500 22.85000 0.00224 1.31559 11
-1.01433 0.27594 0.00233 0 -1.82500 62.57500 0.00224 0.43438 11
0.05912 0.25522 0.00233 0 -3.97500 60.50000 0.00224 0.44858 11
0.38661 -1.06342 0.00233 0 8.32500 60.55000 0.00224 0.45197 11
-0.31504 0.16830 0.00233 0 -2.02500 59.27500 0.00224 0.46449 11
-0.19479 -1.83444 0.00233 0 -3.32500 58.90000 0.00224 0.50225 11
-0.52083 1.37149 0.00233 0 -2.80000 58.75000 0.00224 0.50444 11
-0.01213 0.08553 0.00233 0 -3.12500 62.85000 0.00224 0.56327 11
-0.16219 -0.08316 0.00233 0 -0.87500 62.57500 0.00224 0.57719 11
1.15687 -0.02796 0.00233 0 -2.10000 61.87500 0.00224 0.58344 11
-1.01561 -0.15335 0.00233 0 -1.30000 58.75000 0.00224 0.59629 11
0.49220 -0.29367 0.00233 0 -2.47500 60.00000 0.00224 0.61037 11
-0.50312 0.15173 0.00233 0 -1.25000 58.85000 0.00224 0.61888 11
-1.16158 -0.03837 0.00233 0 -1.90000 58.70000 0.00224 0.63117 11
0.66103 -1.69585 0.00233 0 -1.25000 -15.10000 0.00224 1.29162 11
-0.25535 1.51416 0.00233 0 0.32500 -15.55000 0.00224 1.29761 11
0.42293 -1.03611 0.00233 0 -1.95000 -14.77500 0.00224 1.32052 11
-0.93897 1.32971 0.00233 0 -0.37500 -15.35000 0.00224 1.32678 11
0.44897 -0.71310 0.00233 0 -1.07500 -20.12500 0.00224 1.34922 11
-1.16738 1.27287 0.00233 0 -0.35000 -21.85000 0.00224 1.36220 11
0.08461 -1.12774 0.00233 0 -1.65000 -23.00000 0.00224 1.37765 11
1.00365 0.07106 0.00233 0 1.80000 64.15000 0.00224 0.55341 11
-1.20061 -0.12092 0.00233 0 3.97500 60.72500 0.00224 0.57074 11
1.52445 -0.73254 0.00233 0 2.57500 55.65000 0.00224 0.59303 11
-1.23907 1.26300 0.00233 0 4.02500 54.25000 0.00224 0.60083 11
-0.43999 -0.51732 0.00233 0 3.15000 55.60000 0.00224 0.62143 11
0.38600 0.30780 0.00233 0 4.72500 56.32500 0.00224 0.62942 11
-112.40450 -156.85327 0.00233 0 5.27500 56.50000 0.00224 0.63211 11
0.30646 0.54446 0.00295 0 -0.17500 0.70000 0.00253 3.84297 -11
-0.23448 -0.63921 0.00295 0 -2.97500 -0.22500 0.00253 3.85498 -11
0.44793 -0.28408 0.00295 0 -0.47500 -3.10000 0.00253 3.87187 -11
-0.49655 -0.00463 0.00295 0 -3.25000 -5.50000 0.00253 3.89212 -11
0.52059 1.85688 0.00295 0 -0.95000 -7.12500 0.00253 3.91542 -11
-0.24948 -1.98971 0.00295 0 -2.07500 -7.20000 0.00253 3.91957 -11
-6.96082 10.52402 0.00295 0 -2.80000 -7.02500 0.00253 3.92251 -11
0.30775 0.67366 0.00295 0 -1.97500 8.72500 0.00253 4.05252 -11
-0.22056 -0.48336 0.00295 0 -3.55000 8.50000 0.00253 4.06024 -11
1.21076 0.26043 0.00295 0 -2.57500 6.47500 0.00253 4.07540 -11
-0.65425 -0.29698 0.00295 0 -3.70000 5.40000 0.00253 4.08346 -11
-1.30039 0.22784 0.00295 0 0.52500 -45.95000 0.00253 6.06140 -11
1.26781 -0.37702 0.00295 0 -1.47500 -42.95000 0.00253 6.07542 -11
10.63889 3.76880 0.00295 0 -2.10000 -35.42500 0.00253 6.11063 -11
-1.51983 -0.08633 0.00295 0 -1.40000 -31.60000 0.00253 6.13566 -11
1.52538 -0.05594 0.00295 0 -2.80000 -29.32500 0.00253 6.14773 -11
-3.32826 -1.04645 0.00295 0 -1.72500 -26.95000 0.00253 6.16265 -11
-1.12005 -0.12884 0.01353 0 -2.42500 -52.42500 0.00151 0.98057 11
0.73241 0.13692 0.01353 0 4.27500 -43.60000 0.00151 1.02481 11
-0.86913 -0.24493 0.01353 0 -2.85000 -32.22500 0.00151 1.08643 11
1.12121 0.01515 0.01353 0 3.37500 -22.82500 0.00151 1.13092 11
-1.12862 -0.43316 0.01353 0 -1.70000 -11.42500 0.00151 1.17938 11
1.17774 0.38442 0.01353 0 3.42500 -4.27500 0.00151 1.21205 11
-1.79371 -0.79259 0.01353 0 -1.55000 6.90000 0.00151 1.26242 11
1.35646 0.62702 0.01353 0 2.20000 12.42500 0.00151 1.28604 11
-1.56868 -0.31201 0.01353 0 -1.92500 24.80000 0.00151 1.34139 11
1.29193 0.19497 0.01353 0 2.32500 32.70000 0.00151 1.37428 11
-0.83285 -0.21662 0.01353 0 -2.80000 41.52500 0.00151 1.41704 11
0.55932 -0.04349 0.01353 0 4.32500 47.92500 0.00151 1.45849 11
-0.64669 0.16371 0.01353 0 -1.72500 51.67500 0.00151 1.49299 11
0.35889 -0.38576 0.01353 0 3.70000 56.77500 0.00151 1.53268 11
-0.16384 0.16348 0.01353 0 -2.00000 58.05000 0.00151 1.56155 11
0.40732 -0.43596 0.01353 0 2.67500 59.45000 0.00151 1.59145 11
0.03573 0.11893 0.01353 0 -1.37500 60.27500 0.00151 1.61057 11
-7.53457 -4.66380 0.01541 0 -2.42500 -4.47500 0.00250 1.43533 11
-0.36652 8.22598 0.00135 0 6.57500 62.90000 0.00066 0.04284 11
-0.98647 0.54930 0.01255 0 -0.55000 -55.62500 0.01254 0.52750 11
1.09112 -0.58750 0.01255 0 -1.75000 -26.52500 0.01254 0.67287 11
-0.90992 0.39757 0.01255 0 -1.17500 -13.20000 0.01254 0.73588 11
0.10896 -0.18852 0.01255 0 7.42500 -64.65000 0.01254 0.66732 11
-0.06944 0.02084 0.01255 0 0.65000 -62.40000 0.01254 0.74923 11
0.13333 -0.23002 0.01255 0 7.05000 -57.92500 0.01254 0.87321 11
-0.16246 0.05298 0.01255 0 1.12500 -55.72500 0.01254 0.94946 11
0.21347 -0.34488 0.01255 0 6.27500 -48.42500 0.01254 1.07540 11
-0.32732 0.25964 0.01255 0 2.15000 -43.05000 0.01254 1.14345 11
0.38563 -0.47178 0.01255 0 5.25000 -31.35000 0.01254 1.27135 11
-0.38352 0.26068 0.01255 0 2.00000 -24.97500 0.01254 1.33642 11
0.54381 -0.58005 0.01255 0 3.75000 -9.55000 0.01254 1.46502 11
-0.58814 0.31582 0.01255 0 2.32500 -2.25000 0.01254 1.52271 11
0.36958 -0.73395 0.01255 0 2.52500 15.60000 0.01254 1.64839 11
-0.33093 0.51830 0.01255 0 2.77500 18.62500 0.01254 1.69250 11
0.27116 -0.69113 0.01255 0 3.02500 25.75000 0.01254 1.82148 11
-0.15916 0.42838 0.01255 0 3.05000 28.65000 0.01254 1.86687 11
0.04362 -0.81133 0.01255 0 3.00000 29.67500 0.01254 1.99214 11
0.06577 0.48460 0.01255 0 3.75000 29.82500 0.01254 2.03335 11
-0.08480 -1.44754 0.01255 0 2.22500 27.85000 0.01254 2.15789 11
0.03111 0.40791 0.01255 0 5.72500 26.72500 0.01254 2.18822 11
-0.25985 -0.98696 0.01255 0 4.02500 22.82500 0.01254 2.30828 11
0.16573 0.38161 0.01255 0 4.92500 20.90000 0.01254 2.35037 11
-0.56962 -1.09874 0.01255 0 3.47500 15.92500 0.01254 2.46263 11
0.24912 0.34682 0.01255 0 6.25000 12.72500 0.01254 2.49830 11
-0.20591 -0.91955 0.01255 0 4.07500 5.87500 0.01254 2.60905 11
0.00062 1.92241 0.01255 0 -3.82500 5.00000 0.01254 2.63767 11
-0.02828 0.60100 0.01255 0 7.42500 5.02500 0.01254 2.64100 11
0.39355 -2.22896 0.01255 0 1.50000 8.50000 0.01254 2.75839 11
-0.24937 0.76151 0.01255 0 6.80000 9.12500 0.01254 2.78209 11
-0.51378 0.98953 0.01255 0 8.07500 17.92500 0.01254 2.90394 11
-0.85335 0.86295 0.01255 0 8.20000 33.75000 0.01254 3.02756 11
-1.26475 1.09969 0.01255 0 7.97500 51.72500 0.01254 3.14699 11
-0.46542 1.84167 0.01255 0 7.95000 -4.17500 0.01254 4.83077 11
0.24223 -0.06994 0.01255 0 3.10000 -62.65000 0.01254 0.69381 11
-0.22810 -0.39720 0.01255 0 6.87500 -55.70000 0.01254 0.78724 11
0.21333 -0.08311 0.01255 0 3.05000 -46.67500 0.01254 0.91463 11
-0.18071 -0.32066 0.01255 0 7.47500 -42.00000 0.01254 1.00173 11
0.10348 -0.06814 0.01255 0 3.47500 -39.10000 0.01254 1.12814 11
-0.21352 0.09071 0.01255 0 -4.15000 -34.32500 0.01254 1.21659 11
-0.22710 -0.40170 0.01255 0 7.97500 -34.17500 0.01254 1.21918 11
0.29122 -0.11809 0.01255 0 2.80000 -25.52500 0.01254 1.34195 11
-0.20891 0.24162 0.01255 0 -3.57500 -19.87500 0.01254 1.42228 11
-0.23268 -0.28089 0.01255 0 8.42500 -19.67500 0.01254 1.42550 11
0.20714 -0.29733 0.01255 0 1.90000 -10.95000 0.01254 1.54968 11
-0.16618 0.37039 0.01255 0 -2.95000 -7.70000 0.01254 1.61785 11
0.38269 -0.53243 0.01255 0 0.65000 1.65000 0.01254 1.75134 11
-0.28080 0.62712 0.01255 0 -0.75000 6.95000 0.01254 1.80412 11
0.41110 -0.61685 0.01255 0 0.90000 16.85000 0.01254 1.94259 11
-0.50285 0.62459 0.01255 0 0.97500 22.85000 0.01254 1.99046 11
0.39877 -0.47564 0.01255 0 1.62500 37.75000 0.01254 2.12763 11
-0.36640 0.52716 0.01255 0 0.77500 41.87500 0.01254 2.17737 11
0.60654 -0.57783 0.01255 0 0.95000 58.17500 0.01254 2.30814 11
0.43885 -0.24099 0.01255 0 5.00000 -51.70000 0.01254 0.66547 11
-0.45680 0.10211 0.01255 0 -0.02500 -40.17500 0.01254 0.74701 11
0.59990 -0.23737 0.01255 0 5.72500 -24.55000 0.01254 0.87732 11
-0.51531 0.13619 0.01255 0 1.32500 -14.35000 0.01254 0.95365 11
0.70776 -0.23302 0.01255 0 5.27500 4.80000 0.01254 1.08084 11
-0.70078 0.11482 0.01255 0 1.85000 17.65000 0.01254 1.16014 11
0.71755 -0.35852 0.01255 0 4.52500 37.92500 0.01254 1.28378 11
-0.78325 0.11811 0.01255 0 2.27500 49.12500 0.01254 1.35297 11
-2.33085 2.90674 0.01255 0 6.02500 -62.65000 0.01254 0.50291 11
-3.56886 3.36504 0.01255 0 7.37500 -30.45000 0.01254 0.67288 11
3.03716 -2.87177 0.01255 0 -4.40000 4.12500 0.01254 0.83717 11
-1.74120 2.15934 0.01255 0 5.17500 6.55000 0.01254 0.84838 11
-4.83821 4.61606 0.01255 0 5.87500 34.57500 0.01254 1.00310 11
3.75339 -4.66209 0.01255 0 8.40000 60.87500 0.01254 1.12806 11
-5.40381 9.91203 0.01255 0 6.32500 62.52500 0.01254 1.13946 11
0.60640 -0.73070 0.01255 0 7.22500 -61.45000 0.01254 1.50366 11
-0.45770 0.28975 0.01255 0 4.65000 -54.55000 0.01254 1.56504 11
0.41520 -0.46582 0.01255 0 6.57500 -37.02500 0.01254 1.70060 11
-0.25378 0.22112 0.01255 0 2.70000 -30.92500 0.01254 1.76814 11
0.24976 -0.48061 0.01255 0 6.17500 -22.40000 0.01254 1.89776 11
-0.09533 0.38197 0.01255 0 2.40000 -19.60000 0.01254 1.96146 11
0.04177 -0.66309 0.01255 0 4.52500 -17.15000 0.01254 2.09491 11
-0.10451 0.43300 0.01255 0 2.20000 -16.45000 0.01254 2.14985 11
0.05992 -0.68400 0.01255 0 3.80000 -14.80000 0.01254 2.27992 11
-0.05547 0.40252 0.01255 0 2.72500 -14.97500 0.01254 2.32866 11
-0.09366 -0.76346 0.01255 0 3.72500 -14.72500 0.01254 2.45679 11
0.13084 0.46516 0.01255 0 3.02500 -15.85000 0.01254 2.50443 11
-0.24184 -0.79689 0.01255 0 2.95000 -19.12500 0.01254 2.63132 11
0.20484 0.61369 0.01255 0 2.85000 -21.00000 0.01254 2.67683 11
-0.59356 -1.19461 0.01255 0 0.45000 -31.95000 0.01254 2.80707 11
0.52788 0.81247 0.01255 0 3.70000 -35.77500 0.01254 2.84045 11
-1.78841 -1.94829 0.01255 0 -1.55000 -53.45000 0.01254 2.97665 11
1.01472 0.66480 0.01255 0 5.55000 -58.72500 0.01254 3.00097 11
-0.06704 -0.27610 0.01255 0 4.42500 -64.72500 0.01254 9.12292 11
0.09681 -0.22157 0.01255 0 7.27500 -61.80000 0.01254 9.21078 11
-0.34327 -0.08293 0.01255 0 5.82500 -55.60000 0.01254 9.27551 11
0.65205 -0.20905 0.01255 0 5.87500 -43.30000 0.01254 9.36120 11
-0.48832 -0.26320 0.01255 0 5.87500 -33.57500 0.01254 9.42617 11
0.23405 -0.28432 0.01255 0 7.22500 -27.20000 0.01254 9.51039 11
-0.25597 -0.10006 0.01255 0 6.62500 -22.87500 0.01254 9.56825 11
0.23793 -0.40090 0.01255 0 5.87500 -17.72500 0.01254 9.64674 11
-0.32579 -0.11334 0.01255 0 7.25000 -12.65000 0.01254 9.69675 11
0.28590 -0.18935 0.01255 0 6.20000 -6.92500 0.01254 9.76879 11
-0.20047 -0.31911 0.01255 0 7.27500 -2.15000 0.01254 9.82645 11
-0.04767 -0.18076 0.01255 0 6.57500 -1.30000 0.01254 9.89416 11
-0.10212 0.14051 0.01255 0 -4.30000 -0.40000 0.01254 9.94601 11
-0.01068 -0.35690 0.01255 0 7.75000 -0.32500 0.01254 9.94830 11
0.01923 -0.16481 0.01255 0 6.47500 -0.27500 0.01254 10.01276 11
0.00934 -0.06150 0.01255 0 -3.97500 -0.32500 0.01254 10.06368 11
0.22155 -1.26255 0.01255 0 8.50000 -0.35000 0.01254 10.06693 11
-0.08645 0.26756 0.01255 0 5.67500 -2.07500 0.01254 10.10761 11
0.04951 -0.14940 0.01255 0 -3.85000 -3.37500 0.01254 10.16512 11
-0.05448 0.28366 0.01255 0 5.37500 -3.67500 0.01254 10.20884 11
-0.00664 -0.11187 0.01255 0 -3.45000 -4.92500 0.01254 10.26722 11
0.18236 -0.03241 0.01255 0 5.82500 -3.97500 0.01254 10.31610 11
-0.15191 0.01098 0.01255 0 -2.95000 -2.92500 0.01254 10.36212 11
0.23167 -0.06824 0.01255 0 5.40000 -1.30000 0.01254 10.41167 11
-0.11116 -0.27226 0.01255 0 -2.27500 2.07500 0.01254 10.46090 11
0.05861 0.29134 0.01255 0 5.35000 2.40000 0.01254 10.49506 11
0.07728 -0.33457 0.01255 0 -1.40000 2.22500 0.01254 10.53895 11
0.79454 -0.67701 0.01255 0 5.70000 8.90000 0.01254 10.59215 11
-0.51480 0.21070 0.01255 0 0.62500 12.60000 0.01254 10.61664 11
-0.07190 0.08148 0.01255 0 7.17500 14.87500 0.01254 10.65294 11
0.26288 -0.43537 0.01255 0 1.47500 12.07500 0.01254 10.68620 11
-0.30952 0.49963 0.01255 0 6.67500 10.55000 0.01254 10.70885 11
0.54425 -1.12808 0.01255 0 2.97500 5.32500 0.01254 10.75445 11
-0.52169 1.06760 0.01255 0 6.35000 4.05000 0.01254 10.76779 11
1.22290 -1.77963 0.01255 0 3.75000 -2.80000 0.01254 10.80914 11
-0.82797 1.44072 0.01255 0 5.70000 -4.20000 0.01254 10.81755 11
-0.29195 -0.32406 0.01255 0 2.32500 -9.07500 0.01254 10.84727 11
0.18855 0.21763 0.01255 0 6.37500 -7.72500 0.01254 10.86637 11
-0.05713 -0.18235 0.01255 0 2.37500 -6.95000 0.01254 10.89373 11
0.06195 0.14922 0.01255 0 6.42500 -6.60000 0.01254 10.91336 11
-1.11008 -0.29355 0.01255 0 2.42500 -6.12500 0.01254 10.93593 11
2.21595 0.59579 0.01255 0 4.60000 -2.25000 0.01254 10.95244 11
1.44149 0.44235 0.01255 0 4.60000 -1.77500 0.01254 10.95662 11
-1.16790 -0.38627 0.01255 0 6.57500 -6.40000 0.01254 10.97809 11
0.38279 1.87993 0.01255 0 5.02500 -8.80000 0.01254 10.98894 11
-0.29063 -0.78414 0.01255 0 6.92500 -60.07500 0.01254 0.74896 11
0.24128 0.30753 0.01255 0 0.97500 -53.30000 0.01254 0.83845 11
-0.39914 -0.70916 0.01255 0 7.22500 -45.70000 0.01254 0.93138 11
0.42652 0.35540 0.01255 0 0.60000 -36.90000 0.01254 1.02213 11
-0.29448 -0.17803 0.01255 0 -4.32500 -26.92500 0.01254 1.11973 11
-0.43334 -0.76750 0.01255 0 8.00000 -26.72500 0.01254 1.12246 11
0.38727 0.20753 0.01255 0 0.60000 -17.92500 0.01254 1.21302 11
-0.36091 -0.12202 0.01255 0 -3.77500 -9.00000 0.01254 1.30241 11
0.35117 0.21583 0.01255 0 -0.07500 0.70000 0.01254 1.39057 11
-0.33873 -0.10716 0.01255 0 -4.25000 7.82500 0.01254 1.47534 11
-0.38085 -0.62044 0.01255 0 8.02500 8.10000 0.01254 1.47814 11
0.25822 0.22530 0.01255 0 -0.42500 14.25000 0.01254 1.56216 11
-0.14781 -0.16230 0.01255 0 -4.35000 18.45000 0.01254 1.64789 11
-0.24786 -0.73033 0.01255 0 7.95000 18.57500 0.01254 1.65049 11
0.14648 0.23125 0.01255 0 -0.82500 23.60000 0.01254 1.73082 11
-0.14908 -0.12603 0.01255 0 -3.30000 26.72500 0.01254 1.80357 11
0.01405 0.38872 0.01255 0 -1.05000 28.52500 0.01254 1.87436 11
0.08066 -0.18602 0.01255 0 -2.65000 26.32500 0.01254 1.94697 11
-0.02712 0.30861 0.01255 0 -1.37500 24.15000 0.01254 2.01358 11
-0.06087 -0.28564 0.01255 0 -2.42500 24.40000 0.01254 2.08570 11
0.08197 0.14945 0.01255 0 -1.45000 25.75000 0.01254 2.15215 11
-0.07248 -0.12562 0.01255 0 -1.97500 26.30000 0.01254 2.21575 11
0.05972 -0.05994 0.01255 0 -1.72500 28.47500 0.01254 2.28815 11
-0.00891 0.15637 0.01255 0 -1.20000 28.65000 0.01254 2.33808 11
0.21796 -0.00730 0.01255 0 -1.80000 30.22500 0.01254 2.40952 11
-0.31959 0.03736 0.01255 0 -0.70000 34.37500 0.01254 2.46067 11
0.29636 -0.00222 0.01255 0 -2.12500 40.02500 0.01254 2.52638 11
-0.51331 0.19993 0.01255 0 -0.27500 44.75000 0.01254 2.57450 11
0.84459 -0.01150 0.01255 0 -3.47500 53.10000 0.01254 2.63489 11
-0.89027 0.16285 0.01255 0 1.65000 61.80000 0.01254 2.67671 11
-0.33007 2.70662 0.01255 0 5.22500 -9.30000 0.01254 2.14828 11
0.26323 -1.92074 0.01255 0 -4.30000 -7.90000 0.01254 2.24788 11
-0.44848 1.63255 0.01255 0 4.90000 -7.57500 0.01254 2.25729 11
-0.24501 4.08362 0.01255 0 5.97500 -4.97500 0.01254 2.35332 11
0.80910 -2.28026 0.01255 0 7.77500 -4.95000 0.01254 2.61772 11
-0.05649 1.40086 0.01255 0 5.35000 -4.67500 0.01254 2.62609 11
-0.08689 0.22213 0.01255 0 7.60000 -0.52500 0.01254 2.68909 11
-0.32270 -0.42158 0.01255 0 -0.12500 -2.37500 0.01254 2.72516 11
-0.13467 0.00834 0.01255 0 6.87500 -2.85000 0.01254 2.74842 11
0.16974 -0.25043 0.01255 0 -2.10000 -1.20000 0.01254 2.77491 11
-0.85018 0.11930 0.01255 0 6.00000 0.65000 0.01254 2.79406 11
0.18380 -0.03296 0.01255 0 -2.87500 -60.45000 0.01254 0.68794 11
-0.27440 -0.00042 0.01255 0 2.82500 -54.87500 0.01254 0.76545 11
0.42622 -0.24031 0.01255 0 8.45000 -41.60000 0.01254 0.89080 11
0.36752 0.02804 0.01255 0 -3.65000 -41.22500 0.01254 0.89418 11
-0.28714 0.00650 0.01255 0 3.12500 -34.55000 0.01254 0.96893 11
0.29583 0.00372 0.01255 0 -3.22500 -25.92500 0.01254 1.09425 11
-0.27459 0.06731 0.01255 0 3.85000 -19.82500 0.01254 1.16700 11
0.36372 -0.49456 0.01255 0 7.00000 -9.60000 0.01254 1.28584 11
-0.27234 0.19114 0.01255 0 4.60000 -4.27500 0.01254 1.34596 11
0.20980 -0.57067 0.01255 0 6.95000 2.10000 0.01254 1.46822 11
-0.22224 0.16501 0.01255 0 4.87500 5.15000 0.01254 1.52499 11
0.25765 -0.53489 0.01255 0 7.22500 11.85000 0.01254 1.63815 11
-0.13901 0.19623 0.01255 0 5.77500 14.40000 0.01254 1.69208 11
0.08147 -0.97518 0.01255 0 6.62500 18.27500 0.01254 1.80764 11
-0.06226 0.43422 0.01255 0 7.07500 18.57500 0.01254 1.85135 11
0.25669 -1.19449 0.01255 0 5.30000 21.57500 0.01254 1.97600 11
-0.34787 1.18819 0.01255 0 -3.82500 24.07500 0.01254 2.01000 11
-0.19138 0.26055 0.01255 0 7.67500 24.27500 0.01254 2.01300 11
0.94442 -1.05429 0.01255 0 6.72500 34.05000 0.01254 2.11992 11
-1.26609 0.95847 0.01255 0 -1.80000 41.07500 0.01254 2.15953 11
1.22103 -0.63956 0.01255 0 6.32500 61.95000 0.01254 2.26197 11
3.13299 0.16806 0.00333 0 3.30000 31.80000 0.00078 -0.10347 11
-3.09338 -0.14356 0.00333 0 5.80000 23.25000 0.00078 -0.07192 11
0.86186 -0.21742 0.00333 0 3.80000 2.00000 0.00078 0.00573 11
-0.82405 0.06696 0.00333 0 7.20000 -1.77500 0.00078 0.02675 11
0.51942 0.68326 0.00333 0 3.92500 -4.90000 0.00078 0.04546 11
-0.42968 -0.52224 0.00333 0 6.15000 -7.60000 0.00078 0.06947 11
0.82451 0.65759 0.00333 0 3.92500 -9.55000 0.00078 0.08089 11
-40.08518 -25.60654 0.00231 0 -4.50000 -29.95000 0.00122 0.13724 11
1.06357 0.52744 0.00231 0 6.82500 -31.17500 0.00122 0.14234 11
-0.62827 -0.39124 0.00159 0 -4.15000 -64.05000 0.00126 1.15582 -11
0.85588 0.97970 0.00159 0 7.75000 -49.95000 0.00126 1.23447 -11
-0.32217 -0.61372 0.00159 0 7.40000 -49.25000 0.00126 1.25851 -11
0.16944 0.18783 0.00159 0 -3.80000 -61.80000 0.00126 1.13591 -11
0.07903 -0.00024 0.00159 0 7.85000 -61.95000 0.00126 1.13935 -11
0.04679 0.08702 0.00159 0 6.20000 -61.92500 0.00126 1.14991 -11
1.14634 -0.56953 0.00159 0 7.45000 -62.15000 0.00126 1.15732 -11
1.58037 1.25524 0.00159 0 1.07500 -31.47500 0.00126 1.40584 -11
0.24461 1.19451 0.00159 0 1.20000 -31.35000 0.00126 1.40718 -11
-0.19816 -1.21830 0.00159 0 0.02500 -31.52500 0.00126 1.41193 -11
-0.58029 1.73580 0.00159 0 2.07500 -34.80000 0.00126 1.43872 -11
-5.63726 1.41983 0.00159 0 2.00000 -34.75000 0.00126 1.43919 -11
-3.78921 2.49972 0.00159 0 1.72500 -33.32500 0.00126 1.44689 -11
-0.02888 -0.61948 0.00159 0 1.17500 -33.22500 0.00126 1.44999 -11
-0.14373 -0.07691 0.00159 0 -0.97500 -62.67500 0.00126 1.22901 -11
0.07765 0.38325 0.00159 0 -2.17500 -61.12500 0.00126 1.24144 -11
0.73740 -0.02418 0.00159 0 1.00000 -19.92500 0.00126 1.57145 -11
-0.01397 -0.08938 0.00159 0 2.47500 -20.65000 0.00126 1.58257 -11
0.05641 0.63165 0.00159 0 1.40000 -19.57500 0.00126 1.59582 -11
0.56168 -0.26269 0.00159 0 2.50000 -19.35000 0.00126 1.60212 -11
-0.50393 0.93895 0.00159 0 1.65000 -19.75000 0.00126 1.61275 -11
0.81804 -0.11157 0.00159 0 7.57500 25.07500 0.00126 1.51915 -11
0.60187 -0.15300 0.00159 0 7.57500 28.32500 0.00126 1.53835 -11
0.24803 -0.20192 0.00159 0 7.55000 28.07500 0.00126 1.55654 -11
-0.18882 -0.05895 0.00159 0 7.72500 28.30000 0.00126 1.55806 -11
0.10325 -0.17106 0.00159 0 6.72500 28.40000 0.00126 1.56509 -11
-0.08693 -2.79135 0.00159 0 5.70000 -63.92500 0.00126 1.35216 -11
0.08260 0.06186 0.00159 0 6.57500 -63.32500 0.00126 1.37219 -11
0.11309 0.02967 0.00159 0 5.60000 -64.10000 0.00126 1.38859 -11
1.89499 -1.45291 0.00159 0 5.72500 -64.20000 0.00126 1.40061 -11
2.24511 -1.69629 0.00159 0 5.47500 -63.87500 0.00126 1.40314 -11
2.92106 -2.43789 0.00159 0 5.82500 -64.75000 0.00126 1.41386 -11
-0.88915 -1.44188 0.00138 0 0.17500 9.20000 0.00128 1.86283 11
-1.19045 1.91223 0.00138 0 0.57500 9.02500 0.00128 1.86770 11
12.95608 31.08483 0.00579 0 -2.10000 -52.40000 0.00467 1.26603 11
-0.22160 0.97448 0.00579 0 -0.25000 -15.42500 0.00467 1.68493 11
0.65406 -1.62864 0.00579 0 7.40000 -18.10000 0.00467 1.73033 11
-0.32929 0.39609 0.00579 0 -0.07500 -19.92500 0.00467 1.75034 11
-0.22331 -0.53032 0.00579 0 6.85000 -21.35000 0.00467 1.78599 11
-0.01443 0.06972 0.00579 0 0.85000 -20.02500 0.00467 1.81663 11
-0.00068 -0.19256 0.00579 0 -4.20000 -20.07500 0.00467 1.84453 11
-0.08707 0.13729 0.00579 0 0.65000 -20.20000 0.00467 1.86759 11
-0.14883 0.25615 0.00579 0 -4.00000 -19.12500 0.00467 1.89044 11
-0.41658 -0.56632 0.00579 0 8.10000 -19.00000 0.00467 1.89327 11
0.12148 -0.98386 0.00579 0 -0.42500 -17.10000 0.00467 1.92087 11
-0.17333 0.21624 0.00579 0 -4.05000 -17.05000 0.00467 1.93582 11
0.09950 -0.58309 0.00579 0 8.10000 -16.90000 0.00467 1.93865 11
-0.03458 -3.22838 0.00579 0 8.42500 -21.00000 0.00467 1.96590 11
0.16831 0.19009 0.00579 0 -1.70000 -20.47500 0.00467 1.97626 11
1.26072 -0.55332 0.00579 0 -3.35000 -21.57500 0.00467 1.99709 11
-1.28186 0.45193 0.00579 0 -1.80000 -23.25000 0.00467 2.00656 11
2.23510 0.15972 0.00579 0 -1.57500 -24.72500 0.00467 2.01123 11
-4.49593 5.94812 0.00579 0 -1.32500 -25.65000 0.00467 2.01695 11
-0.67045 1.07810 0.00579 0 -1.22500 -26.67500 0.00467 2.01960 11
-0.26379 -0.55346 0.00579 0 -1.17500 -27.67500 0.00467 2.02985 11
-3.41204 -1.78236 0.00579 0 1.85000 -28.57500 0.00467 1.28426 11
3.57804 1.15954 0.00579 0 3.82500 -24.50000 0.00467 1.29965 11
-5.42191 0.30025 0.00579 0 2.45000 -9.30000 0.00467 1.35351 11
5.20847 0.43840 0.00579 0 3.27500 -3.22500 0.00467 1.37460 11
-1.18778 -0.37266 0.00579 0 0.72500 3.77500 0.00467 1.40312 11
0.89468 0.36236 0.00579 0 3.65000 6.97500 0.00467 1.41958 11
-1.48333 -0.36749 0.00579 0 2.20000 14.42500 0.00467 1.45985 11
1.89202 0.56139 0.00579 0 4.25000 18.32500 0.00467 1.47633 11
0.23094 -1.53094 0.00579 0 2.32500 35.30000 0.00467 1.57446 11
-1.97397 5.49006 0.00579 0 3.15000 35.12500 0.00467 1.57745 11
2.20263 1.47069 0.00579 0 3.27500 34.47500 0.00467 1.58094 11
-1.42439 0.06796 0.00579 0 4.45000 31.70000 0.00467 1.59399 11
-0.91895 -0.70269 0.00579 0 3.65000 29.35000 0.00467 1.60634 11
0.39909 -0.89707 0.00579 0 4.65000 31.57500 0.00467 1.63413 11
-2.28262 1.15824 0.01063 0 0.32500 58.45000 0.00563 -0.16321 11
1.80342 -0.76561 0.01063 0 2.75000 24.07500 0.00563 -0.02229 11
-1.28427 0.58394 0.01063 0 1.12500 5.85000 0.00563 0.05271 11
1.02266 -0.46306 0.01063 0 0.27500 -19.02500 0.00563 0.17062 11
-0.97420 0.40684 0.01063 0 1.70000 -37.00000 0.00563 0.25715 11
0.93305 -0.44356 0.01063 0 -0.02500 -56.47500 0.00563 0.35930 11
-2.38367 0.74208 0.01063 0 5.50000 56.60000 0.00563 -0.15732 11
2.12642 -0.81766 0.01063 0 -1.50000 17.67500 0.00563 -0.01058 11
-2.02843 0.83544 0.01063 0 6.52500 3.57500 0.00563 0.04557 11
2.10706 -0.48215 0.01063 0 -0.10000 -35.15000 0.00563 0.19410 11
-4.53748 -0.02202 0.01063 0 6.92500 -59.10000 0.00563 0.28109 11
-2.01162 1.17236 0.01063 0 3.02500 57.67500 0.00563 -0.15859 11
-1.80234 1.23564 0.01063 0 3.02500 12.37500 0.00563 0.04666 11
1.99644 -1.90169 0.01063 0 -2.92500 -26.60000 0.00563 0.21830 11
-2.25462 2.04354 0.01063 0 3.15000 -32.70000 0.00563 0.24761 11
-2.36810 1.06682 0.01063 0 0.32500 54.65000 0.00563 -0.14897 11
3.40366 -1.94315 0.01063 0 3.82500 17.82500 0.00563 0.00543 11
-4.02710 2.25049 0.01063 0 7.82500 10.60000 0.00563 0.03360 11
-3.28729 1.44988 0.01063 0 -1.85000 5.92500 0.00563 0.05145 11
-5.57461 2.87088 0.01063 0 -2.02500 -40.50000 0.00563 0.22538 11
0.62173 -2.77613 0.01063 0 3.90000 17.87500 0.00563 0.00561 11
-4.32903 5.19133 0.01063 0 4.42500 18.02500 0.00563 0.01686 11
-0.67249 -0.19826 0.01063 0 4.60000 16.85000 0.00563 0.05444 11
-2.12267 1.05378 0.01063 0 6.52500 58.15000 0.00563 -0.16207 11
1.54526 -0.89646 0.01063 0 -3.25000 24.42500 0.00563 -0.01255 11
-1.54491 0.88074 0.01063 0 6.30000 12.07500 0.00563 0.04224 11
1.68474 -0.85286 0.01063 0 -2.80000 -21.20000 0.00563 0.18912 11
-1.69987 0.74598 0.01063 0 5.50000 -33.60000 0.00563 0.24104 11
-1.91951 0.89857 0.01063 0 -0.50000 54.65000 0.00563 -0.14913 11
2.04703 -1.40293 0.01063 0 3.25000 17.10000 0.00563 0.00893 11
-1.61179 0.92494 0.01063 0 1.25000 3.77500 0.00563 0.06735 11
