-0.41454 -0.40376 0.00882 0 1.52500 27.92500 0.00746 0.50757 -11
0.61429 0.28223 0.00882 0 3.07500 16.10000 0.00746 0.59212 -11
-0.46736 -0.61187 0.00882 0 2.72500 6.27500 0.00746 0.65747 -11
0.40359 0.24759 0.00882 0 4.12500 -3.45000 0.00746 0.74289 -11
-0.45005 -0.29915 0.00882 0 3.10000 -9.55000 0.00746 0.80881 -11
0.58027 -0.05806 0.00882 0 3.87500 -18.65000 0.00746 0.87990 -11
-0.50367 0.04074 0.00882 0 4.27500 -29.87500 0.00746 0.95955 -11
0.42992 -0.39587 0.00882 0 3.60000 -36.15000 0.00746 1.01145 -11
-0.13253 -0.21434 0.00882 0 2.95000 -40.65000 0.00746 1.09703 -11
0.04665 0.07686 0.00882 0 4.07500 -42.55000 0.00746 1.16448 -11
-0.07275 -0.05994 0.00882 0 3.47500 -44.17500 0.00746 1.23553 -11
0.12404 -0.29797 0.00882 0 3.35000 -45.22500 0.00746 1.28673 -11
-0.25805 -0.02098 0.00882 0 3.90000 -50.20000 0.00746 1.36308 -11
0.26335 -0.25705 0.00882 0 3.35000 -55.00000 0.00746 1.41701 -11
-0.15066 0.00571 0.00882 0 4.32500 -60.37500 0.00746 1.49276 -11
-0.02441 -0.13293 0.00882 0 3.75000 -60.00000 0.00746 1.54455 -11
0.04922 -0.19906 0.00882 0 4.65000 -59.80000 0.00746 1.60696 -11
-0.02735 -0.20923 0.00882 0 3.67500 -59.75000 0.00746 1.65859 -11
-0.08032 0.03534 0.00882 0 5.40000 -61.97500 0.00746 1.72906 -11
0.16466 -0.68791 0.00882 0 0.10000 -62.90000 0.00746 1.75636 -11
0.63722 0.24993 0.00882 0 4.22500 57.32500 0.00746 0.27641 -11
-0.58670 -0.49989 0.00882 0 2.27500 45.40000 0.00746 0.35353 -11
0.71901 0.37217 0.00882 0 3.87500 31.07500 0.00746 0.44465 -11
-1.21323 -0.77831 0.00882 0 4.85000 19.90000 0.00746 0.50593 -11
0.80475 0.33119 0.00882 0 3.67500 2.45000 0.00746 0.59881 -11
-0.88164 -0.54414 0.00882 0 4.30000 -7.87500 0.00746 0.66104 -11
0.87039 0.49857 0.00882 0 2.10000 -23.22500 0.00746 0.74271 -11
-1.55082 -1.03008 0.00882 0 7.75000 -31.25000 0.00746 0.78111 -11
0.98242 0.32418 0.00882 0 3.42500 -47.65000 0.00746 0.86178 -11
-1.38665 -1.08623 0.00882 0 7.57500 -58.22500 0.00746 0.91135 -11
0.65213 0.46790 0.00882 0 1.60000 57.47500 0.00746 0.27533 -11
-0.88199 -0.73629 0.00882 0 1.22500 47.85000 0.00746 0.33732 -11
0.59441 0.49180 0.00882 0 1.02500 29.30000 0.00746 0.44113 -11
-0.69461 -0.28275 0.00882 0 -0.52500 18.90000 0.00746 0.51398 -11
0.84015 0.36320 0.00882 0 -1.37500 0.87500 0.00746 0.60273 -11
-0.59333 -0.18076 0.00882 0 -1.60000 -12.80000 0.00746 0.67999 -11
0.70750 0.58492 0.00882 0 -1.32500 -26.45000 0.00746 0.76694 -11
-0.95535 -0.57014 0.00882 0 0.72500 -33.35000 0.00746 0.81659 -11
0.72300 0.56797 0.00882 0 -0.75000 -48.37500 0.00746 0.90325 -11
-1.23920 -0.05274 0.00882 0 1.25000 -61.52500 0.00746 0.96791 -11
0.86399 0.73219 0.00882 0 -2.55000 57.42500 0.00746 0.27566 -11
-0.55906 -0.67860 0.00882 0 -3.12500 46.87500 0.00746 0.33970 -11
0.84908 1.22273 0.00882 0 -3.10000 32.05000 0.00746 0.44924 -11
0.69880 0.86263 0.00882 0 7.95000 31.30000 0.00746 0.45434 -11
-0.07226 -0.57809 0.00882 0 -1.47500 26.70000 0.00746 0.49504 -11
-0.02859 0.90460 0.00882 0 -3.27500 26.65000 0.00746 0.56749 -11
-0.14510 0.27593 0.00882 0 8.02500 26.70000 0.00746 0.57137 -11
0.00586 -0.23710 0.00882 0 -1.92500 28.20000 0.00746 0.61715 -11
0.27232 0.49329 0.00882 0 -3.82500 24.42500 0.00746 0.67569 -11
0.21565 0.27608 0.00882 0 7.87500 24.20000 0.00746 0.67861 -11
0.16322 -0.30386 0.00882 0 -1.30000 25.07500 0.00746 0.72067 -11
0.20572 0.62496 0.00882 0 -3.97500 29.35000 0.00746 0.77470 -11
0.16108 0.50689 0.00882 0 7.65000 29.20000 0.00746 0.77745 -11
0.04686 -0.18397 0.00882 0 -1.32500 27.20000 0.00746 0.81798 -11
-0.00595 0.28695 0.00882 0 7.32500 26.70000 0.00746 0.87129 -11
0.37238 -0.35067 0.00882 0 -0.25000 29.05000 0.00746 0.90562 -11
-0.19491 0.09171 0.00882 0 6.82500 29.90000 0.00746 0.94480 -11
0.19494 -0.23891 0.00882 0 -0.80000 31.90000 0.00746 0.98238 -11
-0.40306 0.20984 0.00882 0 5.25000 36.07500 0.00746 1.02283 -11
1.19612 1.21055 0.00882 0 -0.55000 42.90000 0.00746 1.06803 -11
-1.42351 -0.77536 0.00882 0 1.87500 45.40000 0.00746 1.08017 -11
0.90111 0.50120 0.00882 0 -1.87500 52.55000 0.00746 1.11817 -11
-0.35794 -1.27643 0.00882 0 1.42500 54.22500 0.00746 1.13205 -11
-0.34587 0.13690 0.00882 0 -2.32500 53.87500 0.00746 1.17022 -11
0.25354 0.16889 0.00882 0 2.25000 53.97500 0.00746 1.19787 -11
-0.26089 -0.27538 0.00882 0 -2.05000 52.62500 0.00746 1.21878 -11
0.26809 0.15915 0.00882 0 2.07500 50.50000 0.00746 1.24530 -11
-0.29439 -0.19506 0.00882 0 -1.95000 48.75000 0.00746 1.26591 -11
-0.09114 1.21209 0.00882 0 -0.02500 45.47500 0.00746 1.29567 -11
0.17512 -0.64081 0.00882 0 -2.47500 45.85000 0.00746 1.30534 -11
-28.70697 16.80549 0.00882 0 -0.27500 42.22500 0.00746 1.32285 -11
-8.77036 -1.03834 0.00882 0 -0.50000 28.15000 0.00746 1.37825 -11
-64.53705 -63.14098 0.00882 0 -0.55000 28.00000 0.00746 1.37882 -11
0.42265 0.86405 0.00882 0 0.25000 26.70000 0.00746 1.40163 -11
0.15191 -0.62823 0.00882 0 -1.32500 26.70000 0.00746 1.40827 -11
-1.09457 -0.89247 0.00882 0 0.42500 27.62500 0.00746 1.41995 -11
1.87588 3.13762 0.00882 0 -0.10000 30.77500 0.00746 1.43708 -11
-0.63152 -0.11272 0.00882 0 0.05000 31.02500 0.00746 1.43934 -11
0.44933 -0.01860 0.00882 0 -0.67500 31.60000 0.00746 1.44619 -11
-2.23838 1.82979 0.00882 0 -0.40000 29.22500 0.00746 0.90646 -11
0.97225 -0.69084 0.00882 0 0.55000 31.45000 0.00746 0.92088 -11
4.83196 0.41786 0.00882 0 0.50000 31.85000 0.00746 0.92279 -11
0.84926 0.53173 0.00882 0 -0.82500 57.52500 0.00746 0.27516 -11
-0.86738 -0.19399 0.00882 0 -2.27500 42.45000 0.00746 0.35696 -11
1.23166 0.40941 0.00882 0 -2.35000 25.25000 0.00746 0.44393 -11
-1.48878 -0.08637 0.00882 0 0.52500 5.70000 0.00746 0.52438 -11
1.60901 0.36621 0.00882 0 -3.50000 -15.62500 0.00746 0.60968 -11
1.45568 -0.14262 0.00882 0 8.27500 -17.12500 0.00746 0.61563 -11
-0.40439 -0.12335 0.01728 0 5.80000 61.55000 0.01720 0.72493 -11
0.20690 -0.08406 0.01728 0 1.22500 52.90000 0.01720 0.81100 -11
-0.24763 -0.30735 0.01728 0 6.75000 45.12500 0.01720 0.93723 -11
0.33321 -0.06252 0.01728 0 1.07500 39.55000 0.01720 1.02044 -11
-0.32026 -0.27384 0.01728 0 7.70000 29.40000 0.01720 1.14014 -11
-0.31529 0.28950 0.01728 0 -4.27500 29.20000 0.01720 1.14248 -11
0.25008 -0.20868 0.01728 0 -0.20000 22.25000 0.01720 1.21246 -11
-0.15056 -0.07697 0.01728 0 7.72500 14.10000 0.01720 1.33581 -11
-0.06787 0.34416 0.01728 0 -4.17500 14.05000 0.01720 1.33815 -11
1.07369 -0.51421 0.01728 0 -0.57500 12.77500 0.01720 1.40002 -11
-1.13216 0.41235 0.01728 0 1.25000 -14.90000 0.01720 1.52706 -11
0.84221 -0.46657 0.01728 0 0.32500 -25.22500 0.01720 1.58159 -11
-0.92610 0.22448 0.01728 0 2.32500 -51.27500 0.01720 1.70463 -11
1.19919 -0.57309 0.01728 0 1.12500 -64.52500 0.01720 1.76706 -11
-0.16058 -0.02320 0.01728 0 -3.22500 55.92500 0.01720 4.25201 -11
0.14171 -0.10045 0.01728 0 3.77500 52.82500 0.01720 4.34176 -11
-0.16003 0.15000 0.01728 0 -2.05000 48.27500 0.01720 4.46025 -11
0.13690 -0.20394 0.01728 0 3.00000 45.72500 0.01720 4.53174 -11
-0.05451 0.26912 0.01728 0 -1.90000 40.82500 0.01720 4.65024 -11
-0.06181 -0.23860 0.01728 0 2.77500 41.72500 0.01720 4.71891 -11
0.07059 0.21339 0.01728 0 -1.77500 43.10000 0.01720 4.83653 -11
0.03855 -0.13966 0.01728 0 3.12500 42.35000 0.01720 4.90895 -11
-0.12479 0.08081 0.01728 0 -1.65000 39.67500 0.01720 5.01801 -11
0.05272 -0.17786 0.01728 0 2.95000 36.75000 0.01720 5.09195 -11
-0.00012 0.26006 0.01728 0 -0.72500 36.32500 0.01720 5.20251 -11
0.28756 -0.33216 0.01728 0 1.77500 32.05000 0.01720 5.26274 -11
-0.29010 0.31541 0.01728 0 -0.42500 24.32500 0.01720 5.37497 -11
0.35918 -0.35615 0.01728 0 1.30000 20.27500 0.01720 5.43129 -11
-0.62755 0.26582 0.01728 0 1.40000 4.22500 0.01720 5.54091 -11
0.66655 -0.14022 0.01728 0 1.72500 -4.10000 0.01720 5.59842 -11
-0.53713 0.10972 0.01728 0 1.15000 -18.90000 0.01720 5.69424 -11
0.60132 -0.27954 0.01728 0 1.57500 -27.50000 0.01720 5.75437 -11
-0.40581 0.11654 0.01728 0 1.12500 -39.42500 0.01720 5.84802 -11
-0.26884 -0.27032 0.01728 0 1.85000 -44.82500 0.01720 5.90506 -11
0.94925 0.23569 0.01728 0 8.17500 -37.80000 0.01720 5.95514 -11
22.53091 18.44241 0.01728 0 -2.55000 -35.92500 0.01720 5.96439 -11
-3.09755 -2.45162 0.01728 0 -2.27500 -35.57500 0.01720 5.96574 -11
1.31180 0.45490 0.01728 0 6.75000 -5.57500 0.01720 6.08343 -11
-0.82542 -3.29141 0.01728 0 -2.65000 -3.42500 0.01720 6.09583 -11
0.40545 0.75503 0.01728 0 7.62500 -2.25000 0.01720 6.13450 -11
0.85809 0.14911 0.01728 0 7.60000 3.12500 0.01720 6.16896 -11
0.63657 0.24950 0.01728 0 6.90000 10.25000 0.01720 6.20350 -11
-0.28750 -0.55091 0.01728 0 -2.85000 11.00000 0.01720 6.21339 -11
0.00925 0.08161 0.01728 0 7.35000 11.52500 0.01720 6.23054 -11
0.85594 -0.38019 0.00418 0 1.85000 -44.95000 0.00333 5.90523 11
-0.80872 0.37202 0.00418 0 7.50000 -50.87500 0.00333 5.93699 11
-0.73646 0.56765 0.00418 0 -4.17500 -51.35000 0.00333 5.93989 11
0.41251 -0.65919 0.00418 0 1.12500 -56.85000 0.00333 5.98341 11
-0.27942 0.73652 0.00418 0 6.87500 -58.55000 0.00333 6.00673 11
0.08371 -0.64656 0.00418 0 1.17500 -61.62500 0.00333 6.05949 11
-0.09169 0.72628 0.00418 0 6.72500 -62.05000 0.00333 6.08174 11
0.01514 -0.68416 0.00418 0 2.25000 -63.32500 0.00333 6.13300 11
-0.06660 0.56671 0.00418 0 7.47500 -63.72500 0.00333 6.15409 11
-0.22067 0.72578 0.00418 0 -4.10000 -63.85000 0.00333 6.15679 11
0.41133 -0.57158 0.01728 0 7.40000 60.25000 0.01720 0.58541 -11
-0.49087 0.65323 0.01728 0 0.50000 34.57500 0.01720 0.81057 -11
0.60830 -0.93204 0.01728 0 5.95000 26.67500 0.01720 0.87837 -11
-0.66137 0.53448 0.01728 0 1.12500 -5.92500 0.01720 1.10205 -11
0.51344 -0.54385 0.01728 0 4.72500 -16.35000 0.01720 1.16993 -11
-0.32206 0.33260 0.01728 0 -1.92500 -32.30000 0.01720 1.33532 -11
0.34315 -0.38992 0.01728 0 5.12500 -39.50000 0.01720 1.41411 -11
-0.41230 0.39704 0.01728 0 -1.45000 -56.55000 0.01720 1.57117 -11
0.47301 -0.52783 0.01728 0 3.60000 -64.15000 0.01720 1.64071 -11
1.29961 0.16620 0.01728 0 2.70000 -61.55000 0.01720 2.70703 -11
-1.17232 -0.16180 0.01728 0 -1.15000 -47.10000 0.01720 2.76645 -11
0.82403 0.15452 0.01728 0 0.02500 -28.80000 0.01720 2.86094 -11
-0.51663 -0.09466 0.01728 0 -0.37500 -20.82500 0.01720 2.91641 -11
0.40666 0.09977 0.01728 0 -0.40000 -9.65000 0.01720 3.00112 -11
-0.42066 0.08792 0.01728 0 0.15000 -3.17500 0.01720 3.06229 -11
0.32599 0.00670 0.01728 0 0.07500 4.12500 0.01720 3.13319 -11
-0.36520 -0.13151 0.01728 0 0.45000 9.45000 0.01720 3.19351 -11
0.56396 -0.14333 0.01728 0 1.47500 21.30000 0.01720 3.27232 -11
-0.39572 0.14982 0.01728 0 0.30000 28.40000 0.01720 3.32804 -11
0.46944 -0.24268 0.01728 0 1.55000 35.25000 0.01720 3.38826 -11
-0.60107 0.27091 0.01728 0 -0.30000 42.77500 0.01720 3.44596 -11
0.52334 -0.31459 0.01728 0 2.90000 49.45000 0.01720 3.49434 -11
-0.53266 0.04544 0.01728 0 0.27500 56.75000 0.01720 3.54788 -11
0.34123 -0.04135 0.01728 0 3.42500 64.80000 0.01720 3.60775 -11
1.09545 0.78210 0.00364 0 -3.10000 63.72500 0.00107 1.03428 11
0.68796 -0.03861 0.00927 0 -4.00000 61.15000 0.00169 1.02949 11
-0.69738 -0.05050 0.00927 0 0.20000 56.92500 0.00169 1.05634 11
1.29342 -0.33741 0.00927 0 -2.67500 52.52500 0.00169 1.07693 11
-1.34795 0.61140 0.00927 0 -0.65000 49.42500 0.00169 1.09026 11
0.95473 -0.49913 0.00927 0 -2.65000 42.70000 0.00169 1.11924 11
-0.97687 0.46017 0.00927 0 -0.12500 39.70000 0.00169 1.13442 11
-1.92192 -5.06188 0.00927 0 -1.32500 34.70000 0.00169 1.16665 11
60.72797 50.76923 0.00927 0 -0.72500 35.05000 0.00169 1.16921 11
3.46399 0.78583 0.00927 0 -0.25000 36.32500 0.00169 1.17405 11
-9.79789 -2.67667 0.00927 0 -2.80000 40.70000 0.00169 1.19723 11
-1.53833 0.26123 0.00927 0 -3.10000 41.45000 0.00169 1.20128 11
-0.23474 0.14458 0.00927 0 -2.67500 41.67500 0.00169 1.21114 11
-1.08446 0.02624 0.00276 0 -1.70000 -34.25000 0.00186 -0.12184 11
1.17186 -0.02843 0.00276 0 1.85000 -28.25000 0.00186 -0.09354 11
-4.92305 -1.11217 0.00276 0 -0.47500 -24.00000 0.00186 -0.07571 11
6.96102 3.02430 0.00276 0 0.30000 -22.40000 0.00186 -0.06947 11
-6.91723 4.95047 0.00276 0 -0.02500 48.75000 0.00186 0.18370 11
1.23794 0.00055 0.00415 0 4.42500 5.07500 0.00201 1.26616 11
-1.09819 -0.04958 0.00415 0 7.25000 -0.32500 0.00201 1.29056 11
0.72372 0.43465 0.00415 0 4.17500 -4.70000 0.00201 1.31260 11
-0.75471 -0.35858 0.00415 0 6.65000 -8.12500 0.00201 1.33484 11
2.14250 0.51150 0.00415 0 4.20000 -11.42500 0.00201 1.35295 11
-4.83929 -4.54824 0.00415 0 4.77500 -18.40000 0.00201 1.37972 11
-1.82310 -9.58566 0.00415 0 4.60000 -18.57500 0.00201 1.38066 11
-0.72142 1.83158 0.00415 0 3.95000 -18.15000 0.00201 1.38389 11
2.08521 -2.40105 0.00415 0 5.05000 -16.97500 0.00201 1.40169 11
0.99100 -2.62397 0.00415 0 5.15000 -12.40000 0.00201 1.42194 11
-5.14987 4.39249 0.00415 0 5.32500 -12.40000 0.00201 1.42478 11
-2.78156 -0.06361 0.03370 0 5.12500 35.00000 0.01092 0.20246 -11
-2.94529 0.07373 0.03370 0 3.90000 34.40000 0.01092 0.20037 -11
-2.94000 -0.01673 0.03370 0 6.90000 35.80000 0.01092 0.20538 -11
-3.23641 0.04685 0.03370 0 -0.15000 33.67500 0.01092 0.19777 -11
-2.89777 -0.01769 0.03370 0 6.42500 35.65000 0.01092 0.20476 -11
-2.99887 0.05733 0.03370 0 6.27500 35.67500 0.01092 0.20477 -11
-2.69711 0.01322 0.03370 0 4.00000 34.35000 0.01092 0.20018 -11
-3.13937 0.05704 0.03370 0 1.20000 33.77500 0.01092 0.19816 -11
-3.20464 0.04374 0.03370 0 3.05000 34.17500 0.01092 0.19958 -11
-2.87975 0.05617 0.03370 0 2.67500 34.10000 0.01092 0.19922 -11
-2.95375 0.01197 0.03370 0 3.07500 34.17500 0.01092 0.19957 -11
-2.80979 0.15814 0.03370 0 -0.47500 33.75000 0.01092 0.19800 -11
-2.96968 0.10756 0.03370 0 -0.22500 33.70000 0.01092 0.19784 -11
-2.66355 0.12285 0.03370 0 0.12500 33.87500 0.01092 0.19840 -11
-3.00258 0.36740 0.03370 0 -1.27500 33.72500 0.01092 0.19799 -11
-2.72114 -0.08373 0.03370 0 3.10000 34.32500 0.01092 0.20002 -11
-3.25871 0.11087 0.03370 0 -2.62500 34.02500 0.01092 0.19908 -11
-3.13337 0.10760 0.03370 0 -2.12500 33.95000 0.01092 0.19878 -11
0.80398 -1.82524 0.00253 0 0.05000 46.77500 0.00182 0.28274 11
-0.62353 0.02286 0.00253 0 -2.72500 50.15000 0.00182 0.29976 11
0.72441 -0.00714 0.00253 0 -0.17500 52.65000 0.00182 0.31605 11
-0.24646 -0.10640 0.00253 0 -2.30000 56.02500 0.00182 0.33394 11
0.19031 0.17457 0.00253 0 0.37500 56.80000 0.00182 0.34760 11
-0.24084 -0.09093 0.00253 0 -2.12500 57.97500 0.00182 0.36257 11
0.20824 -0.00237 0.00253 0 0.27500 59.05000 0.00182 0.37588 11
-1.54682 0.46506 0.00253 0 -1.62500 61.70000 0.00182 0.39094 11
-2.75572 -0.03162 0.03370 0 2.92500 34.12500 0.01092 0.19932 -11
-0.94292 -0.21518 0.03370 0 -3.15000 63.37500 0.01092 1.00523 -11
1.01854 0.37895 0.03370 0 0.17500 41.80000 0.01092 1.11030 -11
-1.07543 -0.45842 0.03370 0 -1.92500 22.32500 0.01092 1.20178 -11
1.14297 0.41982 0.03370 0 -1.42500 -0.92500 0.01092 1.30746 -11
-1.38083 -0.34275 0.03370 0 -0.87500 -20.65000 0.01092 1.39248 -11
1.60763 0.53624 0.03370 0 -2.70000 -43.45000 0.01092 1.48932 -11
-1.80821 -0.53857 0.03370 0 -2.10000 -64.77500 0.01092 1.57615 -11
-5.03705 3.90791 0.03370 0 -3.05000 19.67500 0.01092 1.21988 -11
-2.87036 -0.05296 0.03370 0 5.22500 35.05000 0.01092 0.20258 -11
-3.11760 0.06523 0.03370 0 0.95000 33.75000 0.01092 0.19801 -11
-2.69627 0.08890 0.03370 0 2.47500 33.85000 0.01092 0.19841 -11
1.09713 -1.69098 0.01203 0 3.82500 -22.97500 0.01162 1.83104 11
-1.50242 2.07172 0.01203 0 5.85000 -24.12500 0.01162 1.83932 11
0.27943 -0.52456 0.01203 0 2.35000 -26.50000 0.01162 1.86624 11
-0.27798 0.61802 0.01203 0 5.70000 -27.32500 0.01162 1.88043 11
-0.27239 -0.31725 0.01203 0 2.15000 -26.57500 0.01162 1.90453 11
0.09373 0.37961 0.01203 0 5.62500 -25.82500 0.01162 1.92085 11
-0.69970 -0.51565 0.01203 0 2.90000 -23.95000 0.01162 1.94814 11
0.82944 0.57258 0.01203 0 5.32500 -21.85000 0.01162 1.96076 11
-0.71977 -0.77772 0.01203 0 3.65000 -18.00000 0.01162 1.98849 11
0.65159 0.76971 0.01203 0 5.65000 -16.70000 0.01162 1.99772 11
-1.01750 -0.74812 0.01203 0 4.27500 -10.32500 0.01162 2.02345 11
1.45342 0.57477 0.01203 0 5.27500 -9.57500 0.01162 2.02886 11
0.62026 0.19140 0.01203 0 4.30000 -8.42500 0.01162 2.03647 11
-0.36666 -0.07587 0.01203 0 5.15000 -9.62500 0.01162 2.04564 11
1.23125 -3.79434 0.00485 0 -1.72500 58.30000 0.00452 1.01950 11
-1.99819 6.82741 0.00485 0 0.25000 57.65000 0.00452 1.02656 11
4.62741 -1.43825 0.00485 0 1.22500 3.97500 0.00452 1.34613 11
-1.65391 -0.17303 0.00485 0 2.52500 -0.32500 0.00452 1.36133 11
0.72898 0.33604 0.00485 0 -2.00000 -3.52500 0.00452 1.38304 11
-0.65385 -0.75925 0.00485 0 2.10000 -8.07500 0.00452 1.41737 11
0.57566 0.68841 0.00485 0 -2.40000 -10.75000 0.00452 1.43870 11
-1.24139 -1.19712 0.00485 0 0.15000 -15.70000 0.00452 1.47256 11
0.82175 0.75600 0.00485 0 -2.10000 -17.85000 0.00452 1.48357 11
0.84281 -1.59401 0.00485 0 0.90000 55.05000 0.00452 0.99600 11
-0.86981 1.46561 0.00485 0 4.27500 53.32500 0.00452 1.00935 11
0.65586 -0.73700 0.00485 0 -0.45000 46.77500 0.00452 1.06032 11
-0.64621 0.81729 0.00485 0 4.17500 44.02500 0.00452 1.08062 11
0.28273 -0.29268 0.00485 0 -1.37500 39.77500 0.00452 1.12369 11
-0.49121 -0.10561 0.00485 0 2.85000 37.27500 0.00452 1.14819 11
0.58905 0.21268 0.00485 0 -1.45000 33.35000 0.00452 1.17305 11
-1.08855 -0.45074 0.00485 0 2.90000 27.02500 0.00452 1.20835 11
0.16221 1.27024 0.00485 0 -0.32500 24.17500 0.00452 1.22473 11
-0.21354 -2.26212 0.00485 0 0.97500 25.00000 0.00452 1.25034 11
5.05770 1.14909 0.00485 0 -0.10000 22.85000 0.00452 1.25808 11
1.58478 1.51198 0.00485 0 -0.07500 21.25000 0.00452 1.26979 11
-2.43210 -2.43381 0.00485 0 0.75000 3.12500 0.00452 1.37274 11
-19.70361 -11.06338 0.00485 0 1.05000 -24.50000 0.00452 1.61033 11
-0.26162 -0.39213 0.00485 0 1.80000 -63.52500 0.00452 2.11750 11
-2.46308 -3.44554 0.00485 0 1.15000 -63.97500 0.00452 1.88079 11
-0.77108 -0.33270 0.00485 0 7.50000 63.50000 0.00452 0.93484 11
0.93251 0.53303 0.00485 0 6.30000 59.87500 0.00452 0.95183 11
-0.40968 -0.32848 0.00485 0 7.32500 59.20000 0.00452 0.96282 11
-0.78219 2.86578 0.00412 0 -2.97500 -8.72500 0.00398 1.56533 11
0.76103 0.22442 0.00412 0 7.02500 -10.65000 0.00398 1.57772 11
0.54349 0.36787 0.00412 0 7.80000 -29.85000 0.00398 1.67863 11
-0.69937 -0.49073 0.00412 0 -1.55000 -45.25000 0.00398 1.76138 11
0.46905 0.12049 0.00412 0 -3.85000 -48.85000 0.00398 1.77827 11
-0.25069 -0.07658 0.00412 0 -0.82500 -50.70000 0.00398 1.79780 11
0.69110 -0.40213 0.00412 0 -3.35000 -53.75000 0.00398 1.81710 11
-0.88195 0.20474 0.00412 0 -1.40000 -56.12500 0.00398 1.82922 11
-0.15380 -0.87063 0.00412 0 -3.60000 -60.85000 0.00398 1.85189 11
0.46406 0.57093 0.00412 0 -2.62500 -60.37500 0.00398 1.85697 11
0.16683 0.10226 0.00412 0 -2.00000 -59.27500 0.00398 1.84338 11
0.25926 0.30622 0.00412 0 -0.57500 -59.12500 0.00398 1.85255 11
-0.12004 -0.44453 0.00412 0 0.67500 -63.80000 0.00398 2.49929 11
0.21304 0.42255 0.00412 0 3.30000 -63.32500 0.00398 2.51079 11
-0.37642 -0.44874 0.00412 0 0.72500 -61.80000 0.00398 2.53034 11
0.34746 0.40109 0.00412 0 2.97500 -60.92500 0.00398 2.54041 11
-0.78569 0.13469 0.00412 0 0.62500 -59.82500 0.00398 2.55865 11
2.10871 0.75195 0.00412 0 1.57500 -56.20000 0.00398 2.57802 11
3.37010 5.36278 0.00412 0 1.00000 -54.67500 0.00398 2.59538 11
0.85301 0.86897 0.00412 0 1.05000 -54.05000 0.00398 2.60792 11
-2.18051 -2.21077 0.00412 0 -3.87500 -25.00000 0.00398 2.74464 11
2.40691 2.41336 0.00412 0 -1.97500 -23.30000 0.00398 2.75334 11
4.47921 3.97857 0.00412 0 6.75000 2.40000 0.00398 3.13076 11
5.17887 2.13148 0.00412 0 6.22500 3.85000 0.00398 3.16830 11
-1.80288 -5.06243 0.00176 0 2.37500 -57.05000 0.00176 1.82049 11
2.03944 4.15959 0.00176 0 2.92500 -56.85000 0.00176 1.82260 11
0.69889 -0.29492 0.00176 0 0.37500 -56.10000 0.00176 1.83948 11
-1.94894 3.36167 0.00176 0 1.80000 -57.42500 0.00176 1.84701 11
14.12220 -71.96036 0.00176 0 1.90000 -57.47500 0.00176 1.84738 11
-0.69360 1.17555 0.00176 0 0.52500 -57.05000 0.00176 1.86917 11
-4.49051 -11.74939 0.00176 0 0.67500 -50.05000 0.00176 1.93407 11
-3.75311 1.11439 0.00176 0 1.07500 -52.07500 0.00176 1.95280 11
0.22967 -2.29714 0.00412 0 1.50000 -30.25000 0.00398 1.74214 11
-0.15768 2.22028 0.00412 0 4.12500 -30.50000 0.00398 1.75129 11
0.41934 -0.81762 0.00412 0 0.47500 -32.42500 0.00398 1.79882 11
-0.52909 0.73691 0.00412 0 4.65000 -33.95000 0.00398 1.81586 11
0.66180 -0.72539 0.00412 0 0.65000 -39.87500 0.00398 1.85539 11
-0.54228 0.63876 0.00412 0 4.52500 -41.90000 0.00398 1.87213 11
0.08991 -0.44423 0.00412 0 -0.02500 -44.35000 0.00398 1.90641 11
-0.24573 0.50086 0.00412 0 4.60000 -45.00000 0.00398 1.92658 11
0.55400 -0.07258 0.00412 0 0.57500 -48.90000 0.00398 1.95942 11
-0.53270 0.03023 0.00412 0 4.75000 -52.27500 0.00398 1.98368 11
0.46486 0.08482 0.00412 0 0.80000 -55.75000 0.00398 2.00738 11
-1.08175 -2.38304 0.00412 0 4.77500 -7.02500 0.00398 1.61554 11
0.78525 2.04222 0.00412 0 7.40000 -5.97500 0.00398 1.62525 11
1.25315 1.44327 0.00412 0 -2.52500 -4.62500 0.00398 1.63427 11
-1.04759 -1.43301 0.00412 0 -3.97500 4.12500 0.00398 1.68421 11
0.92724 1.14541 0.00412 0 -1.32500 6.07500 0.00398 1.69595 11
-2.19775 -0.42649 0.00412 0 -3.45000 14.57500 0.00398 1.73044 11
4.19316 1.11778 0.00412 0 -1.77500 18.82500 0.00398 1.74654 11
-2.81252 -0.93174 0.00412 0 -1.62500 19.30000 0.00398 1.74826 11
2.60926 1.37176 0.00412 0 -0.45000 22.25000 0.00398 1.75928 11
-4.38543 -5.35808 0.00412 0 -2.25000 28.87500 0.00398 1.79428 11
-2.54536 -2.33328 0.00412 0 -1.57500 30.17500 0.00398 1.80016 11
1.24783 0.23325 0.00412 0 0.20000 33.10000 0.00398 1.83908 11
-0.49631 -0.32636 0.00412 0 0.25000 33.45000 0.00398 1.84077 11
0.70559 0.81035 0.00412 0 1.87500 34.17500 0.00398 1.84858 11
1.74011 -0.59590 0.00412 0 -3.60000 25.55000 0.00398 0.89215 11
-2.11471 0.60110 0.00412 0 -1.55000 21.32500 0.00398 0.90924 11
0.57929 0.45656 0.00412 0 -2.82500 7.60000 0.00398 0.95827 11
-0.32928 -0.26445 0.00412 0 -0.12500 4.40000 0.00398 0.98037 11
0.09623 0.97027 0.00412 0 -2.70000 4.15000 0.00398 0.99107 11
-0.62883 -0.25582 0.00152 0 8.47500 -60.87500 0.00116 -0.22045 11
-0.79000 4.44285 0.00152 0 -2.77500 -59.17500 0.00116 -0.19812 11
0.37964 -0.13290 0.00152 0 -1.90000 -57.67500 0.00116 -0.17661 11
1.20162 1.34497 0.00152 0 -4.17500 -58.30000 0.00116 -0.16067 11
0.03095 0.85425 0.00152 0 7.82500 -58.32500 0.00116 -0.15639 11
-8.75391 -1.44081 0.00152 0 8.45000 -59.25000 0.00116 -0.14882 11
1.87094 -1.51931 0.00491 0 -3.85000 63.35000 0.00290 0.93706 11
-2.09106 2.22437 0.00491 0 -1.55000 61.37500 0.00290 0.94768 11
3.46822 -6.67435 0.00491 0 -3.07500 54.50000 0.00290 0.99106 11
-2.18498 5.40639 0.00491 0 -2.62500 54.30000 0.00290 0.99262 11
2.02132 1.34353 0.00491 0 -3.60000 64.20000 0.00290 1.06484 11
-1.25194 -0.56011 0.00491 0 -2.35000 65.00000 0.00290 1.37147 11
-0.42976 -1.12908 0.00491 0 -2.05000 64.97500 0.00290 1.37305 11
5.88999 -3.22492 0.00491 0 -2.15000 35.55000 0.00290 1.02160 11
-4.37660 2.93659 0.00491 0 -0.62500 33.27500 0.00290 1.03047 11
0.66661 -2.41306 0.00491 0 -1.72500 6.25000 0.00290 1.18690 11
-0.72915 0.53246 0.00491 0 -0.90000 3.97500 0.00290 1.21461 11
0.75705 -0.71505 0.00491 0 -2.42500 -2.72500 0.00290 1.24300 11
-1.26447 -0.04496 0.00491 0 -1.67500 -6.45000 0.00290 1.26869 11
0.92753 0.98657 0.00205 0 -1.82500 29.72500 0.00023 1.04672 11
-0.78776 -1.08105 0.00205 0 -0.87500 27.35000 0.00023 1.06299 11
17.92098 -5.10848 0.00205 0 -0.15000 32.32500 0.00023 1.03385 11
0.40822 -0.07934 0.00205 0 -1.57500 31.80000 0.00023 1.04597 11
-0.59658 0.75653 0.00205 0 -0.42500 30.95000 0.00023 1.05270 11
1.80870 -0.73058 0.00491 0 -3.80000 64.30000 0.00290 0.90786 11
-1.55360 0.78275 0.00491 0 0.15000 57.95000 0.00290 0.93418 11
1.50071 -0.52138 0.00491 0 -4.40000 45.75000 0.00290 0.98516 11
-1.73014 0.69491 0.00491 0 -0.60000 39.72500 0.00290 1.01033 11
8.39030 -6.66394 0.00491 0 -3.37500 23.97500 0.00290 1.07512 11
-1.85782 3.48809 0.00491 0 -3.12500 23.65000 0.00290 1.07705 11
1.38452 -1.91488 0.00491 0 3.35000 16.32500 0.00290 1.19646 11
-2.13720 2.67315 0.00491 0 5.20000 14.92500 0.00290 1.20455 11
5.81870 -4.35140 0.00491 0 3.35000 5.40000 0.00290 1.25777 11
-3.46086 5.28727 0.00491 0 3.67500 5.05000 0.00290 1.25948 11
0.63037 -0.95001 0.00491 0 0.42500 -0.02500 0.00290 1.29342 11
-0.67941 1.04691 0.00491 0 3.37500 -1.45000 0.00290 1.30562 11
0.37594 -1.17704 0.00491 0 0.27500 -6.40000 0.00290 1.33891 11
-0.27076 1.26028 0.00491 0 2.90000 -6.90000 0.00290 1.34883 11
1.30383 -1.19261 0.00491 0 0.10000 -11.07500 0.00290 1.38076 11
-2.22190 1.55954 0.00491 0 1.85000 -12.92500 0.00290 1.38986 11
0.94916 -0.21746 0.00491 0 -0.55000 -17.22500 0.00290 1.41211 11
-1.97066 0.99410 0.00491 0 1.72500 -20.32500 0.00290 1.42703 11
5.99480 -5.15379 0.00491 0 2.05000 -20.97500 0.00290 1.42964 11
-15.83751 8.06765 0.00491 0 2.30000 -21.27500 0.00290 1.43071 11
1.16488 -0.36266 0.00491 0 2.47500 -22.07500 0.00290 1.43426 11
-1.39150 0.55920 0.00491 0 3.30000 -22.97500 0.00290 1.43954 11
4.32863 -1.62648 0.00491 0 1.80000 58.25000 0.00290 0.92824 11
-3.58982 1.30315 0.00491 0 4.05000 53.32500 0.00290 0.94630 11
4.79377 -1.29220 0.00491 0 2.10000 37.20000 0.00290 1.00627 11
-6.71659 2.12301 0.00491 0 3.67500 32.47500 0.00290 1.02299 11
1.04422 -0.64641 0.00491 0 1.70000 20.35000 0.00290 1.07724 11
-0.75734 0.54603 0.00491 0 5.55000 16.55000 0.00290 1.09759 11
0.28381 -0.79537 0.00491 0 0.65000 13.20000 0.00290 1.13491 11
-0.30507 0.78334 0.00491 0 4.90000 12.25000 0.00290 1.15178 11
0.86287 -0.96690 0.00491 0 1.45000 7.80000 0.00290 1.19475 11
-0.73092 0.81018 0.00491 0 4.87500 5.67500 0.00290 1.20976 11
0.64609 -0.61906 0.00491 0 0.92500 1.12500 0.00290 1.24491 11
-0.50487 0.60435 0.00491 0 4.55000 -1.32500 0.00290 1.26184 11
0.19286 -0.21608 0.00491 0 0.10000 -3.52500 0.00290 1.29107 11
-0.09366 0.12927 0.00491 0 4.65000 -4.57500 0.00290 1.31355 11
0.34273 -0.03433 0.00491 0 0.20000 -4.97500 0.00290 1.33672 11
-0.35245 0.09882 0.00491 0 3.02500 -6.72500 0.00290 1.35299 11
0.33667 -0.19535 0.00491 0 0.42500 -8.40000 0.00290 1.37293 11
-0.36173 0.06348 0.00491 0 2.92500 -9.75000 0.00290 1.38612 11
0.44392 0.04336 0.00491 0 0.40000 -9.95000 0.00290 1.40195 11
-0.31610 0.00621 0.00491 0 2.62500 -11.07500 0.00290 1.41520 11
15.34498 -16.76641 0.00491 0 1.25000 -12.20000 0.00290 1.43163 11
0.78828 0.06474 0.00491 0 1.40000 -16.57500 0.00290 1.45669 11
-0.83552 -0.33163 0.00491 0 2.70000 -17.97500 0.00290 1.46711 11
0.31305 -0.32221 0.00491 0 0.25000 -5.05000 0.00290 1.33677 11
-0.11571 0.26715 0.00491 0 2.07500 -5.42500 0.00290 1.34630 11
-0.17795 -0.28554 0.00491 0 0.60000 -6.90000 0.00290 1.35982 11
0.10923 0.21353 0.00491 0 2.05000 -6.32500 0.00290 1.36764 11
1.14150 -0.01046 0.00491 0 1.20000 -5.67500 0.00290 1.37329 11
-0.33664 0.03930 0.00491 0 2.22500 -6.47500 0.00290 1.38167 11
0.32993 -1.49143 0.00491 0 5.30000 52.20000 0.00290 1.04320 11
-0.18393 0.74364 0.00491 0 -1.80000 51.27500 0.00290 1.06244 11
0.00853 -0.92304 0.00491 0 5.22500 49.27500 0.00290 1.10590 11
0.00715 0.40550 0.00491 0 -1.40000 49.50000 0.00290 1.12912 11
-0.03446 -0.58347 0.00491 0 5.20000 48.45000 0.00290 1.16385 11
-0.00869 0.18688 0.00491 0 -1.40000 48.45000 0.00290 1.18948 11
-0.27155 -0.25843 0.00491 0 5.40000 50.42500 0.00290 1.21808 11
-0.23878 -0.17284 0.00491 0 -1.85000 51.05000 0.00290 1.24659 11
0.20538 -0.18108 0.00491 0 5.42500 50.22500 0.00290 1.26817 11
-0.03751 -0.25721 0.00491 0 -2.27500 48.95000 0.00290 1.29591 11
-0.29099 -0.08638 0.00491 0 5.37500 51.02500 0.00290 1.31801 11
2.31981 -1.53913 0.00491 0 -1.35000 60.45000 0.00290 0.93964 11
-1.82048 1.10346 0.00491 0 2.12500 55.87500 0.00290 0.95941 11
1.15081 -0.40070 0.00491 0 -1.42500 44.10000 0.00290 1.01407 11
-1.47718 0.58462 0.00491 0 2.47500 37.80000 0.00290 1.04114 11
3.44659 -1.51744 0.00491 0 0.37500 24.77500 0.00290 1.10155 11
-5.28962 2.21934 0.00491 0 2.00000 20.57500 0.00290 1.11692 11
3.06748 -1.12379 0.00491 0 1.10000 12.05000 0.00290 1.14744 11
-4.34668 1.62368 0.00491 0 2.57500 8.60000 0.00290 1.16040 11
3.13503 -1.04534 0.00491 0 2.75000 7.92500 0.00290 1.16289 11
-2.85350 0.53578 0.00491 0 4.35000 4.37500 0.00290 1.17671 11
4.66813 -2.13970 0.00491 0 4.40000 4.02500 0.00290 1.17805 11
-3.71824 2.73838 0.00491 0 4.87500 3.37500 0.00290 1.18088 11
-1.67434 1.06428 0.00491 0 6.25000 2.45000 0.00290 1.18376 11
0.38890 1.59758 0.00491 0 6.25000 1.25000 0.00290 1.21109 11
1.76001 -4.65261 0.00491 0 6.67500 2.32500 0.00290 1.22186 11
8.56471 -6.25248 0.00491 0 6.40000 2.60000 0.00290 1.22355 11
-1.36092 -4.20781 0.00491 0 6.25000 2.67500 0.00290 1.22505 11
6.41395 15.77794 0.00491 0 6.25000 2.67500 0.00290 1.22514 11
10.57723 -6.21570 0.00491 0 2.25000 -48.02500 0.00290 1.37740 11
8.00915 -2.36550 0.00491 0 2.55000 -48.60000 0.00290 1.38057 11
3.40652 -0.47375 0.00491 0 2.75000 -49.12500 0.00290 1.38126 11
-2.49397 0.25564 0.00491 0 4.92500 -56.85000 0.00290 1.40880 11
2.13172 -0.64162 0.00491 0 -1.67500 59.82500 0.00290 0.92101 11
-2.10027 0.60256 0.00491 0 1.62500 52.37500 0.00290 0.94925 11
0.77826 -0.12391 0.00491 0 -2.95000 40.40000 0.00290 0.99808 11
-1.12540 -0.04675 0.00491 0 3.22500 33.17500 0.00290 1.03763 11
2.09204 -0.14425 0.00491 0 -0.85000 22.80000 0.00290 1.07950 11
-2.45842 0.09427 0.00491 0 1.95000 13.32500 0.00290 1.11416 11
2.51780 0.32496 0.00491 0 -0.42500 1.87500 0.00290 1.15522 11
-1.67885 -0.40377 0.00491 0 2.25000 -9.32500 0.00290 1.19739 11
0.69464 0.24396 0.00491 0 -2.17500 -13.50000 0.00290 1.22065 11
-0.59499 -0.49805 0.00491 0 2.17500 -20.95000 0.00290 1.26099 11
0.54649 -0.06649 0.00491 0 -2.62500 -24.32500 0.00290 1.28587 11
-0.22447 0.12304 0.00491 0 2.20000 -27.87500 0.00290 1.31423 11
0.05773 -0.04076 0.00491 0 -2.47500 -28.72500 0.00290 1.34041 11
0.26843 -0.20264 0.00491 0 0.50000 -28.25000 0.00290 1.35985 11
0.36716 -0.05736 0.00491 0 -3.55000 -29.35000 0.00290 1.38109 11
-0.21067 -0.05425 0.00491 0 0.27500 -31.20000 0.00290 1.40232 11
0.25803 -0.23284 0.00491 0 -3.47500 -32.45000 0.00290 1.42170 11
-0.14746 0.21943 0.00491 0 0.10000 -33.27500 0.00290 1.43873 11
0.27845 -0.85250 0.00491 0 -3.12500 -34.40000 0.00290 1.46451 11
0.00329 0.67259 0.00491 0 -0.52500 -34.85000 0.00290 1.47484 11
0.75855 0.28838 0.00491 0 -3.65000 -35.57500 0.00290 1.49552 11
-0.89994 -0.75799 0.00491 0 -1.40000 -38.97500 0.00290 1.51689 11
0.85677 1.26595 0.00491 0 -3.27500 -42.40000 0.00290 1.53230 11
-0.66468 -0.55856 0.00491 0 -2.22500 -44.90000 0.00290 1.54934 11
1.80387 2.99937 0.00491 0 -3.65000 -46.97500 0.00290 1.56066 11
0.53247 -0.11513 0.00491 0 -3.52500 12.27500 0.00290 1.11264 11
-1.15575 -0.31343 0.00491 0 1.67500 5.82500 0.00290 1.14890 11
2.26540 0.59339 0.00491 0 -1.27500 2.92500 0.00290 1.16404 11
-0.52045 -0.67358 0.00491 0 2.65000 -6.65000 0.00290 1.20907 11
0.21682 0.93749 0.00491 0 0.10000 -8.80000 0.00290 1.22143 11
0.09576 -0.45499 0.00491 0 3.67500 -13.17500 0.00290 1.41251 11
1.11410 2.12358 0.00491 0 1.37500 -13.25000 0.00290 1.42218 11
1.72432 -0.67837 0.00491 0 -2.30000 58.47500 0.00290 0.93584 11
-1.66690 0.76462 0.00491 0 1.87500 51.22500 0.00290 0.96536 11
1.63052 -0.89540 0.00491 0 -1.85000 36.92500 0.00290 1.02874 11
-1.38118 0.73172 0.00491 0 2.20000 31.22500 0.00290 1.05353 11
1.91503 -0.31127 0.00491 0 -1.57500 18.15000 0.00290 1.11109 11
-1.54568 0.40288 0.00491 0 1.92500 9.12500 0.00290 1.14574 11
1.08771 -0.44314 0.00491 0 -2.45000 -1.45000 0.00290 1.19250 11
-1.10415 0.43869 0.00491 0 2.07500 -7.30000 0.00290 1.22015 11
0.64525 -0.07057 0.00491 0 -3.02500 -14.85000 0.00290 1.25932 11
-0.36152 0.11800 0.00491 0 2.60000 -19.57500 0.00290 1.29130 11
0.61007 0.31286 0.00491 0 -2.85000 -23.05000 0.00290 1.32087 11
-0.89969 -0.43866 0.00491 0 1.77500 -28.62500 0.00290 1.35812 11
0.84182 0.94715 0.00491 0 -2.20000 -31.70000 0.00290 1.37761 11
0.07913 -0.45211 0.00491 0 1.77500 -34.12500 0.00290 1.41433 11
-0.26593 0.40428 0.00491 0 -2.77500 -33.05000 0.00290 1.43497 11
1.68584 -0.88348 0.00491 0 1.05000 -27.82500 0.00290 1.47094 11
-0.86119 0.81894 0.00491 0 -1.40000 -25.85000 0.00290 1.48242 11
0.63308 -0.31834 0.00491 0 2.05000 -22.27500 0.00290 1.51099 11
-1.05388 0.31320 0.00491 0 0.32500 -20.40000 0.00290 1.52066 11
1.55946 -0.37271 0.00491 0 2.25000 -15.97500 0.00290 1.54133 11
-0.32805 -0.31823 0.00491 0 2.00000 -15.32500 0.00290 1.54402 11
0.26094 0.23003 0.00491 0 4.30000 -14.47500 0.00290 1.55576 11
0.18140 0.26967 0.00491 0 2.12500 -14.55000 0.00290 1.56689 11
