-0.36925 -2.61587 0.00589 0 8.10000 -53.92500 0.00571 1.04606 11
1.02302 0.69265 0.00589 0 -1.22500 -52.80000 0.00571 1.05890 11
-0.97688 0.17841 0.00589 0 -3.02500 -46.97500 0.00571 1.08545 11
1.11696 -0.09072 0.00589 0 -0.70000 -43.05000 0.00571 1.10547 11
-1.92028 0.72741 0.00589 0 -3.22500 -32.42500 0.00571 1.15933 11
0.02473 1.68185 0.00589 0 8.20000 -53.90000 0.00571 1.04694 11
-0.20869 -0.76030 0.00589 0 -4.00000 -64.32500 0.00571 0.42918 11
0.21482 0.75119 0.00589 0 4.52500 -62.75000 0.00571 0.46256 11
-0.83686 -1.04223 0.00589 0 -3.52500 -55.40000 0.00571 0.54141 11
1.30217 1.34615 0.00589 0 0.50000 -52.12500 0.00571 0.55970 11
-1.88548 -1.38312 0.00589 0 -2.87500 -38.00000 0.00571 0.63133 11
1.68997 1.07026 0.00589 0 0.37500 -33.67500 0.00571 0.65000 11
-1.35175 -1.26835 0.00589 0 -3.45000 -20.00000 0.00571 0.71091 11
1.06611 1.22973 0.00589 0 0.57500 -16.35000 0.00571 0.73012 11
-0.69271 -0.81810 0.00589 0 -3.62500 -7.07500 0.00571 0.79225 11
0.77403 0.93196 0.00589 0 1.32500 -3.92500 0.00571 0.81394 11
-0.60405 -0.88192 0.00589 0 -3.52500 3.50000 0.00571 0.86975 11
0.75675 0.98370 0.00589 0 1.07500 6.25000 0.00571 0.88951 11
-0.31866 -1.17884 0.00589 0 -2.80000 12.90000 0.00571 0.94819 11
0.13352 0.97415 0.00589 0 2.15000 13.57500 0.00571 0.96700 11
0.25150 -0.95774 0.00589 0 -2.42500 13.60000 0.00571 1.02006 11
-0.33874 1.01234 0.00589 0 2.20000 12.27500 0.00571 1.03822 11
0.78184 -1.11323 0.00589 0 -1.75000 7.12500 0.00571 1.08815 11
-0.83837 1.04013 0.00589 0 1.87500 4.92500 0.00571 1.10351 11
0.83936 -1.35748 0.00589 0 -1.37500 -2.55000 0.00571 1.15046 11
-0.92437 1.25877 0.00589 0 1.35000 -4.17500 0.00571 1.16177 11
0.52695 -0.43673 0.00589 0 -2.07500 -11.67500 0.00571 1.19921 11
-0.44768 0.34535 0.00589 0 2.40000 -14.27500 0.00571 1.22066 11
0.17315 -0.11530 0.00589 0 -2.30000 -17.32500 0.00571 1.25247 11
-0.63915 -0.16156 0.00589 0 2.72500 -21.67500 0.00571 1.28397 11
0.28020 -0.06050 0.00589 0 -1.22500 -24.42500 0.00571 1.31148 11
-0.23441 -0.25482 0.00589 0 3.42500 -25.50000 0.00571 1.33814 11
-0.34424 -0.03288 0.00589 0 0.25000 -23.45000 0.00571 1.35726 11
0.34603 0.05589 0.00589 0 3.40000 -22.12500 0.00571 1.37419 11
-0.31858 -0.46422 0.00589 0 0.27500 -21.45000 0.00571 1.39406 11
0.27507 0.70914 0.00589 0 2.87500 -20.70000 0.00571 1.40530 11
-0.06355 -0.82002 0.00589 0 0.82500 -18.92500 0.00571 1.42999 11
0.34315 1.29865 0.00589 0 2.97500 -18.87500 0.00571 1.43856 11
0.26168 4.08185 0.00589 0 2.15000 -18.62500 0.00571 1.46439 11
-0.36678 0.05588 0.00589 0 0.77500 -17.85000 0.00571 1.48444 11
0.36333 -0.20227 0.00589 0 2.72500 -16.10000 0.00571 1.49929 11
0.54877 0.75460 0.00589 0 1.62500 -14.40000 0.00571 1.50804 11
-0.36266 -1.30857 0.00589 0 2.75000 -15.72500 0.00571 1.52583 11
-3.47614 6.93664 0.00589 0 1.57500 -14.65000 0.00571 1.54211 11
0.11453 -0.40949 0.00154 0 -3.52500 -55.42500 0.00153 0.54145 11
-0.19030 0.43555 0.00154 0 -0.90000 -55.85000 0.00153 0.55344 11
0.09012 -1.28061 0.00154 0 -2.65000 -57.35000 0.00153 0.57735 11
-0.07571 0.06054 0.00154 0 -1.20000 -57.47500 0.00153 0.58286 11
-3.54460 0.57792 0.00154 0 -2.95000 -56.62500 0.00153 0.59099 11
-24.53907 5.73957 0.00154 0 -2.62500 -54.57500 0.00153 0.59867 11
-1.63666 0.24393 0.00154 0 -2.65000 -54.37500 0.00153 0.59963 11
1.10899 0.15795 0.00154 0 -1.50000 -53.22500 0.00153 0.60690 11
-0.30044 -0.66538 0.00589 0 -0.50000 -63.97500 0.00571 0.42754 11
0.28720 0.67131 0.00589 0 8.15000 -61.50000 0.00571 0.46242 11
0.19174 0.91077 0.00589 0 -3.07500 -61.30000 0.00571 0.46671 11
-0.17287 -0.45668 0.00589 0 -0.72500 -58.07500 0.00571 0.53780 11
0.42749 0.27754 0.00589 0 -2.77500 -54.20000 0.00571 0.58547 11
-0.44737 -0.04960 0.00589 0 2.17500 -49.17500 0.00571 0.62501 11
0.93426 -0.32113 0.00589 0 7.90000 -43.80000 0.00571 0.66286 11
1.03387 -0.22465 0.00589 0 -4.27500 -43.07500 0.00571 0.66633 11
-0.74155 0.37207 0.00589 0 5.17500 -40.45000 0.00571 0.67929 11
-0.39415 -0.65939 0.00167 0 5.32500 -58.12500 0.00165 0.60149 11
-0.89626 1.95727 0.00167 0 2.82500 -57.47500 0.00165 0.61188 11
0.97861 -1.08456 0.00167 0 4.02500 -53.35000 0.00165 0.63495 11
0.01242 0.64997 0.00167 0 2.22500 -53.22500 0.00165 0.64239 11
-0.12332 -0.62975 0.00167 0 4.17500 -53.50000 0.00165 0.65997 11
18.96896 2.38901 0.00167 0 2.87500 -52.27500 0.00165 0.67390 11
-0.39267 -0.59817 0.00589 0 -4.27500 -64.37500 0.00571 0.43023 11
0.22579 0.49632 0.00589 0 3.37500 -62.20000 0.00571 0.46287 11
-0.80980 -1.20129 0.00589 0 7.35000 -58.87500 0.00571 0.53240 11
0.58758 0.15893 0.00589 0 0.90000 -53.75000 0.00571 0.56370 11
-0.74707 -0.80930 0.00589 0 5.35000 -46.12500 0.00571 0.61611 11
0.18268 0.40872 0.00589 0 3.15000 -41.62500 0.00571 0.65988 11
-0.17850 -0.53297 0.00589 0 -2.37500 -38.40000 0.00571 0.70510 11
0.32247 0.77518 0.00589 0 3.07500 -37.32500 0.00571 0.72768 11
0.09638 -1.25107 0.00589 0 -1.30000 -35.52500 0.00571 0.77713 11
-0.02860 1.19000 0.00589 0 2.75000 -35.97500 0.00571 0.79213 11
0.14429 -0.76819 0.00589 0 -0.35000 -35.47500 0.00571 0.84355 11
-0.15295 0.72780 0.00589 0 4.05000 -35.92500 0.00571 0.86080 11
0.27594 -1.00284 0.00589 0 1.00000 -39.07500 0.00571 0.90734 11
-0.10196 0.79493 0.00589 0 4.95000 -40.00000 0.00571 0.92290 11
-0.79892 0.13172 0.00589 0 1.02500 -35.87500 0.00571 0.94873 11
0.54661 -0.65475 0.00589 0 5.67500 -31.35000 0.00571 0.98283 11
0.27470 0.66817 0.00589 0 2.55000 -30.85000 0.00571 0.99589 11
-0.30143 -0.01931 0.00914 0 7.22500 -62.10000 0.00874 0.72414 -11
0.19274 0.47958 0.00914 0 -0.27500 -57.85000 0.00874 0.77150 -11
-0.18790 -0.47286 0.00914 0 7.62500 -57.25000 0.00874 0.80561 -11
0.30073 0.56193 0.00914 0 0.50000 -53.92500 0.00874 0.85796 -11
-0.34713 -0.53440 0.00914 0 7.00000 -51.97500 0.00874 0.88469 -11
1.58790 1.48608 0.00914 0 1.75000 -44.07500 0.00874 0.94251 -11
-0.65415 -0.76611 0.00914 0 2.52500 -43.22500 0.00874 0.94653 -11
0.26160 1.60061 0.00914 0 -2.32500 -28.25000 0.00874 1.07286 -11
-0.29310 -1.05033 0.00914 0 0.70000 -28.05000 0.00874 1.08345 -11
0.24100 0.23112 0.00914 0 -1.75000 -25.92500 0.00874 1.10320 -11
-0.07924 -0.31572 0.00914 0 1.00000 -25.42500 0.00874 1.11795 -11
0.24168 0.47483 0.00914 0 -1.47500 -24.80000 0.00874 1.13538 -11
-0.47026 -0.31544 0.00914 0 0.45000 -24.87500 0.00874 1.14330 -11
0.51950 0.00079 0.00914 0 -1.65000 -23.25000 0.00874 1.15743 -11
-2.32858 -0.89443 0.00914 0 -1.12500 -22.27500 0.00874 1.16804 -11
1.11139 -2.28714 0.00914 0 8.15000 -62.82500 0.00874 0.94428 -11
-0.81057 1.00882 0.00914 0 1.55000 -49.00000 0.00874 1.02853 -11
0.98839 -1.08978 0.00914 0 -4.47500 -45.05000 0.00874 1.05443 -11
-1.27277 1.24768 0.00914 0 0.97500 -30.57500 0.00874 1.13630 -11
1.20763 -1.14072 0.00914 0 -3.85000 -26.27500 0.00874 1.15897 -11
-0.62336 1.02798 0.00914 0 1.65000 -13.62500 0.00874 1.23816 -11
0.66566 -1.11438 0.00914 0 -4.30000 -10.82500 0.00874 1.26207 -11
-0.47988 1.24273 0.00914 0 0.57500 -1.72500 0.00874 1.34299 -11
-0.56086 1.40013 0.00914 0 0.55000 6.50000 0.00874 1.44096 -11
0.69762 -1.88140 0.00914 0 -4.17500 8.07500 0.00874 1.45866 -11
0.07011 2.11974 0.00914 0 -1.97500 11.30000 0.00874 1.54270 -11
0.06130 1.61882 0.00914 0 -2.12500 9.80000 0.00874 1.62082 -11
-0.57320 4.10678 0.00914 0 -2.50000 10.52500 0.00874 1.69795 -11
1.59948 -4.15246 0.00914 0 -3.20000 10.62500 0.00874 1.70217 -11
-1.03462 1.64149 0.00914 0 0.60000 16.47500 0.00874 1.74360 -11
0.99364 -1.50299 0.00914 0 -2.02500 18.05000 0.00874 1.75437 -11
-1.32556 1.42916 0.00914 0 0.22500 23.10000 0.00874 1.80379 -11
1.18832 -1.62294 0.00914 0 -2.27500 24.90000 0.00874 1.81470 -11
-0.45077 1.15824 0.00914 0 -0.00000 33.02500 0.00874 1.85466 -11
0.24088 -0.95911 0.00914 0 -3.42500 33.72500 0.00874 1.86799 -11
0.08336 1.67952 0.00914 0 -1.47500 34.65000 0.00874 1.90832 -11
-0.18285 -1.34417 0.00914 0 -3.97500 34.55000 0.00874 1.91747 -11
0.07276 0.75001 0.00914 0 -1.22500 34.92500 0.00874 1.94999 -11
-0.15697 -0.51731 0.00914 0 -4.37500 34.72500 0.00874 1.96272 -11
-0.09581 0.48165 0.00914 0 -0.87500 34.02500 0.00874 1.98621 -11
0.18431 -0.15461 0.00914 0 -4.05000 34.60000 0.00874 2.00008 -11
0.80379 -0.03660 0.00914 0 -1.20000 33.27500 0.00874 2.02578 -11
-0.69142 0.04406 0.00914 0 -3.82500 30.20000 0.00874 2.04407 -11
-0.71592 -0.47768 0.00914 0 -0.00000 27.20000 0.00874 2.08415 -11
0.89880 0.56432 0.00914 0 -1.70000 30.45000 0.00874 2.10349 -11
10.38696 2.42528 0.00914 0 -2.45000 31.57500 0.00874 2.10724 -11
-0.52013 -0.08694 0.00914 0 -1.55000 33.80000 0.00874 2.12879 -11
0.97490 0.16819 0.00914 0 -3.22500 35.42500 0.00874 2.14146 -11
-1.10469 -0.62380 0.00914 0 -2.37500 37.40000 0.00874 2.15054 -11
0.39421 1.18163 0.00914 0 -3.30000 39.27500 0.00874 2.16371 -11
-0.70359 -0.14585 0.00914 0 -3.02500 39.52500 0.00874 2.16579 -11
0.42941 0.46709 0.00914 0 -3.55000 40.87500 0.00874 2.17556 -11
0.63492 -0.06903 0.00914 0 -2.65000 11.47500 0.00874 1.54629 -11
-1.13807 0.28425 0.00914 0 -1.70000 10.40000 0.00874 1.55316 -11
0.31919 1.03670 0.00914 0 -1.82500 10.20000 0.00874 1.55433 -11
-0.24734 -0.39499 0.00914 0 -0.97500 10.37500 0.00874 1.56439 -11
-1.94297 -0.73569 0.00320 0 -1.87500 62.22500 0.00147 -0.04831 11
1.29910 -0.34421 0.00320 0 7.22500 55.45000 0.00147 -0.02042 11
-0.30074 -0.24646 0.00320 0 -0.42500 51.90000 0.00147 0.00784 11
0.10261 0.27601 0.00320 0 -3.87500 51.32500 0.00147 0.02302 11
-0.27881 -0.61607 0.00320 0 8.27500 51.25000 0.00147 0.02606 11
-0.08639 -0.52267 0.00320 0 -1.37500 51.77500 0.00147 0.04268 11
0.26352 0.76082 0.00320 0 -3.07500 51.02500 0.00147 0.04988 11
1.78115 -0.21913 0.02897 0 -0.65000 -4.42500 0.01438 0.08624 -11
1.82254 -0.29790 0.02897 0 4.07500 -4.82500 0.01438 0.08788 -11
1.69443 -0.38029 0.02897 0 6.67500 -5.65000 0.01438 0.09096 -11
1.79454 -0.32894 0.02897 0 7.35000 -6.00000 0.01438 0.09223 -11
1.99373 -0.47207 0.02897 0 7.37500 -5.97500 0.01438 0.09218 -11
1.86071 -0.14217 0.02897 0 -2.20000 -4.47500 0.01438 0.08647 -11
1.84402 -0.30370 0.02897 0 3.45000 -4.67500 0.01438 0.08729 -11
1.80361 -0.18889 0.02897 0 -2.95000 -4.65000 0.01438 0.08707 -11
1.84795 -0.17736 0.02897 0 2.75000 -4.62500 0.01438 0.08695 -11
2.09528 -0.11322 0.02897 0 -3.40000 -4.77500 0.01438 0.08751 -11
1.69913 -0.30829 0.02897 0 7.47500 -5.97500 0.01438 0.09217 -11
1.77314 -0.49505 0.02897 0 6.32500 -5.52500 0.01438 0.09047 -11
1.72065 -0.06543 0.02897 0 -3.35000 -4.70000 0.01438 0.08728 -11
1.81196 -0.06324 0.02897 0 -4.25000 -4.85000 0.01438 0.08794 -11
1.92520 -0.42810 0.02897 0 7.92500 -6.20000 0.01438 0.09305 -11
1.87743 -0.20143 0.02897 0 0.85000 -4.42500 0.01438 0.08621 -11
2.07709 -0.15338 0.02897 0 -3.92500 -4.80000 0.01438 0.08773 -11
2.62280 -0.63111 0.02897 0 8.37500 -6.77500 0.01438 0.09504 -11
1.77960 -0.28605 0.02897 0 4.05000 -4.87500 0.01438 0.08795 -11
1.69090 -0.18818 0.02897 0 0.40000 -4.37500 0.01438 0.08607 -11
0.47696 0.67993 0.02897 0 5.00000 -60.40000 0.01438 1.68968 -11
-0.63200 -1.20021 0.02897 0 1.10000 -57.07500 0.01438 1.72049 -11
0.56471 0.57137 0.02897 0 4.50000 -45.22500 0.01438 1.83772 -11
-0.69659 -1.16930 0.02897 0 0.47500 -41.55000 0.01438 1.86865 -11
0.50225 0.53996 0.02897 0 4.42500 -30.07500 0.01438 1.98356 -11
-0.79420 -1.06351 0.02897 0 1.05000 -26.25000 0.01438 2.01750 -11
0.74845 0.24032 0.02897 0 6.07500 -8.00000 0.01438 2.10746 -11
-0.87706 -0.68631 0.02897 0 3.00000 -1.10000 0.01438 2.14951 -11
0.76620 0.14443 0.02897 0 6.52500 14.87500 0.01438 2.23876 -11
-0.90516 -0.65496 0.02897 0 2.30000 22.07500 0.01438 2.27771 -11
0.56887 0.22823 0.02897 0 6.07500 35.85000 0.01438 2.36339 -11
-1.09164 -0.99840 0.02897 0 2.40000 42.87500 0.01438 2.40463 -11
1.59832 2.03695 0.02897 0 -2.00000 61.62500 0.01438 2.50345 -11
1.70235 -0.13926 0.02897 0 0.30000 -4.42500 0.01438 0.08618 -11
1.70950 -0.33979 0.02897 0 5.87500 -5.35000 0.01438 0.08981 -11
1.82857 -0.31917 0.02897 0 5.75000 -5.35000 0.01438 0.08981 -11
1.58562 -0.13670 0.02897 0 -1.45000 -4.47500 0.01438 0.08637 -11
1.61305 -0.10235 0.02897 0 -3.50000 -4.70000 0.01438 0.08735 -11
-2.93911 0.34372 0.00191 0 -3.50000 -14.42500 0.00031 0.12269 11
1.34063 -0.02481 0.00191 0 6.47500 -18.55000 0.00031 0.14103 11
-1.86148 0.16184 0.00191 0 8.12500 -22.27500 0.00031 0.15672 11
-0.36293 -0.38903 0.00191 0 -4.05000 -22.82500 0.00031 0.16034 11
3.96953 -1.34703 0.00191 0 6.45000 -23.85000 0.00031 0.16777 11
35.88895 -17.32317 0.00191 0 6.52500 -24.00000 0.00031 0.16843 11
-2.57717 0.48595 0.00191 0 6.70000 -25.22500 0.00031 0.17296 11
3.24805 -2.22536 0.00191 0 4.97500 -26.20000 0.00031 0.18699 11
-2.12005 -1.40240 0.00191 0 4.35000 -27.25000 0.00031 0.19246 11
2.02920 -0.43340 0.00261 0 4.20000 -64.40000 0.00117 1.14310 11
1.62869 -1.10460 0.00471 0 7.52500 -24.37500 0.00078 1.40401 11
-0.18640 0.31840 0.00471 0 3.97500 -21.80000 0.00078 1.42105 11
2.28759 1.67785 0.00301 0 0.62500 -44.70000 0.00087 1.20334 -11
-1.29952 0.30737 0.00301 0 0.90000 -44.02500 0.00087 1.20621 -11
-62.43822 53.39360 0.00301 0 0.17500 -42.22500 0.00087 1.21603 -11
-0.18396 -0.09694 0.00301 0 -0.55000 -41.97500 0.00087 1.23042 -11
0.55056 -0.31761 0.01195 0 -2.37500 -59.55000 0.01187 2.02030 -11
-0.52425 0.44186 0.01195 0 0.90000 -46.57500 0.01187 2.11575 -11
0.60726 -0.52033 0.01195 0 -0.75000 -36.62500 0.01187 2.18476 -11
-0.71465 0.49838 0.01195 0 0.12500 -20.40000 0.01187 2.28096 -11
0.77913 -0.61646 0.01195 0 0.35000 -10.40000 0.01187 2.34187 -11
-0.57655 0.45207 0.01195 0 1.15000 4.15000 0.01187 2.43339 -11
0.58551 -0.84114 0.01195 0 -1.32500 13.60000 0.01187 2.50118 -11
-0.44030 0.89110 0.01195 0 -2.85000 25.40000 0.01187 2.60153 -11
-0.42159 0.52481 0.01195 0 8.35000 25.80000 0.01187 2.60614 -11
0.31557 -0.35078 0.01195 0 -3.80000 31.00000 0.01187 2.66081 -11
-0.53868 0.94208 0.01195 0 -3.85000 36.57500 0.01187 2.74143 -11
-0.49190 0.57037 0.01195 0 7.57500 36.92500 0.01187 2.74473 -11
0.97941 -0.45570 0.01195 0 -2.77500 42.40000 0.01187 2.79134 -11
-0.91926 0.49716 0.01195 0 4.20000 58.97500 0.01187 2.87213 -11
0.71601 0.01442 0.01195 0 4.77500 -57.12500 0.01187 0.91638 -11
-0.72195 -0.39650 0.01195 0 4.75000 -45.15000 0.01187 0.98086 -11
0.76524 0.10695 0.01195 0 3.85000 -28.62500 0.01187 1.08596 -11
-0.62390 -0.25272 0.01195 0 4.02500 -17.95000 0.01187 1.14823 -11
0.57752 -0.36151 0.01195 0 1.90000 -3.75000 0.01187 1.25116 -11
-0.54440 0.23479 0.01195 0 3.97500 6.57500 0.01187 1.33340 -11
0.34926 -0.51408 0.01195 0 1.10000 15.50000 0.01187 1.41284 -11
-0.36077 0.41390 0.01195 0 2.85000 23.90000 0.01187 1.49850 -11
0.12426 -0.67945 0.01195 0 1.37500 27.62500 0.01187 1.55827 -11
-0.00028 0.68822 0.01195 0 1.87500 28.72500 0.01187 1.64641 -11
0.17074 -0.89581 0.01195 0 2.00000 30.37500 0.01187 1.69510 -11
-0.30521 0.56004 0.01195 0 1.35000 35.92500 0.01187 1.78299 -11
0.28669 -1.00653 0.01195 0 3.72500 38.65000 0.01187 1.82406 -11
-0.17218 0.57629 0.01195 0 1.85000 41.92500 0.01187 1.90201 -11
0.48770 -1.21767 0.01195 0 5.35000 45.30000 0.01187 1.93932 -11
-0.19225 0.91172 0.01195 0 1.60000 49.62500 0.01187 2.01124 -11
0.27675 -2.44542 0.01195 0 6.70000 50.32500 0.01187 2.03737 -11
-0.19226 1.03006 0.01195 0 1.57500 52.32500 0.01187 2.11074 -11
0.04271 1.48246 0.01195 0 0.45000 52.82500 0.01187 2.21008 -11
-0.14625 2.13128 0.01195 0 0.32500 52.27500 0.01187 2.30400 -11
0.38688 -1.54640 0.01195 0 -3.75000 52.57500 0.01187 2.31824 -11
-0.48932 1.15551 0.01195 0 1.42500 59.72500 0.01187 2.38517 -11
-0.36261 -0.51545 0.01195 0 -3.32500 61.65000 0.01187 2.40377 -11
1.18233 -0.23529 0.01195 0 1.30000 52.62500 0.01187 2.44218 -11
-1.23124 0.41707 0.01195 0 -2.45000 43.90000 0.01187 2.48128 -11
-27.87809 -5.54988 0.01195 0 0.82500 35.72500 0.01187 2.51436 -11
-2.74156 -0.90389 0.01195 0 0.80000 35.57500 0.01187 2.51485 -11
1.39267 -0.05102 0.01195 0 2.17500 29.07500 0.01187 2.53818 -11
-1.90233 -0.07105 0.01195 0 0.25000 24.75000 0.01187 2.55693 -11
1.77890 -0.57342 0.01195 0 -0.02500 23.75000 0.01187 2.56067 -11
-3.42101 3.14397 0.01195 0 -1.02500 19.50000 0.01187 2.58003 -11
-0.14911 0.61370 0.01195 0 6.72500 -59.85000 0.01187 1.52101 -11
0.00837 -1.02150 0.01195 0 0.92500 -57.82500 0.01187 1.59355 -11
0.07735 0.96382 0.01195 0 -4.20000 -59.92500 0.01187 1.71961 -11
0.07462 0.57550 0.01195 0 7.35000 -59.97500 0.01187 1.72215 -11
-0.06491 -0.72332 0.01195 0 2.12500 -60.85000 0.01187 1.79453 -11
0.00140 0.99071 0.01195 0 -3.80000 -62.57500 0.01187 1.91242 -11
-0.03258 0.54779 0.01195 0 7.62500 -62.55000 0.01187 1.91552 -11
0.00901 -1.17611 0.01195 0 3.95000 -62.05000 0.01187 1.97933 -11
0.13550 0.57466 0.01195 0 6.75000 -62.52500 0.01187 2.10794 -11
-0.03400 -1.72480 0.01195 0 8.12500 -63.67500 0.01187 2.15110 -11
-0.31647 0.53773 0.01195 0 5.25000 -57.92500 0.01187 2.23497 -11
0.47926 -0.52425 0.01195 0 -4.02500 -53.62500 0.01187 2.27543 -11
-0.80478 0.98056 0.01195 0 3.00000 -45.90000 0.01187 2.33950 -11
0.78614 -1.10384 0.01195 0 -2.42500 -42.52500 0.01187 2.36260 -11
-1.26650 1.36366 0.01195 0 2.10000 -30.12500 0.01187 2.43416 -11
1.42346 -1.60683 0.01195 0 -1.77500 -26.90000 0.01187 2.45175 -11
-3.93054 1.76521 0.01195 0 2.25000 -13.00000 0.01187 2.51295 -11
-3.71189 1.79290 0.01195 0 2.20000 -12.90000 0.01187 2.51364 -11
3.94246 -2.60551 0.01195 0 0.25000 -9.25000 0.01187 2.52770 -11
-0.54192 0.36815 0.01195 0 8.32500 -52.72500 0.01187 2.29685 -11
-0.56497 2.68441 0.00298 0 6.62500 -62.50000 0.00295 2.10844 11
-0.28305 2.28498 0.00298 0 5.65000 -57.50000 0.00295 2.16999 11
0.31948 -0.83606 0.00298 0 8.15000 -56.27500 0.00295 2.21587 11
-0.50564 0.54402 0.00298 0 4.77500 -56.00000 0.00295 2.22902 11
0.59627 -0.75220 0.00298 0 8.30000 -52.85000 0.00295 2.25920 11
0.34933 -0.48487 0.00298 0 -4.05000 -52.55000 0.00295 2.26250 11
-0.08000 0.22584 0.00298 0 5.22500 -51.90000 0.00295 2.27364 11
-0.18940 -0.28879 0.00298 0 8.32500 -52.62500 0.00295 2.29373 11
0.66785 0.64826 0.00298 0 6.45000 -54.22500 0.00295 2.30346 11
0.65386 1.33040 0.00298 0 7.57500 -56.92500 0.00295 2.33769 11
-2.35576 -1.60329 0.01195 0 0.20000 -62.82500 0.01187 0.82411 -11
2.23622 1.32709 0.01195 0 -1.97500 -51.90000 0.01187 0.87106 -11
-0.05765 -1.40142 0.01195 0 -1.15000 -51.25000 0.01187 0.87476 -11
-0.08894 0.06916 0.01195 0 7.52500 -51.80000 0.01187 0.91064 -11
-0.06055 1.59376 0.01195 0 -3.97500 -51.85000 0.01187 0.91367 -11
0.63496 -1.30199 0.01195 0 -1.82500 -51.70000 0.01187 0.92147 -11
0.00488 -1.12418 0.01195 0 4.27500 -64.72500 0.01187 1.47971 -11
-0.04657 0.69955 0.01195 0 6.82500 -62.57500 0.01187 1.59116 -11
0.12937 -1.30732 0.01195 0 5.90000 -61.55000 0.01187 1.64254 -11
-0.03770 0.61866 0.01195 0 7.00000 -60.05000 0.01187 1.75428 -11
-1.55066 0.89989 0.01195 0 -1.80000 -62.07500 0.01187 1.80393 -11
0.32000 -0.59099 0.01195 0 -2.90000 -64.67500 0.01187 0.94987 -11
-0.37541 0.82438 0.01195 0 1.57500 -54.05000 0.01187 1.07136 -11
0.93820 -0.61242 0.01195 0 -0.17500 -47.20000 0.01187 1.13091 -11
-1.57944 0.46628 0.01195 0 -1.10000 -26.00000 0.01187 1.22517 -11
2.16308 -0.76098 0.01195 0 3.27500 -8.92500 0.01187 1.29081 -11
-2.08178 0.38391 0.01195 0 -2.55000 18.10000 0.01187 1.39062 -11
2.10710 -0.42374 0.01195 0 2.97500 35.70000 0.01187 1.45656 -11
-1.51297 0.25561 0.01195 0 -1.30000 57.55000 0.01187 1.54473 -11
0.23350 -0.54059 0.01195 0 1.45000 -63.75000 0.01187 0.97925 -11
-0.17230 0.71715 0.01195 0 -2.97500 -57.30000 0.01187 1.09568 -11
-0.14733 0.45788 0.01195 0 8.45000 -57.15000 0.01187 1.09976 -11
0.30877 -0.76659 0.01195 0 2.50000 -52.40000 0.01187 1.17845 -11
-0.38971 0.83489 0.01195 0 -3.35000 -44.80000 0.01187 1.29641 -11
-0.24660 0.44653 0.01195 0 8.07500 -44.47500 0.01187 1.30015 -11
0.23618 -0.75572 0.01195 0 3.12500 -39.90000 0.01187 1.37475 -11
-0.33246 0.74774 0.01195 0 -3.42500 -33.00000 0.01187 1.48437 -11
-0.27655 0.44308 0.01195 0 8.07500 -32.77500 0.01187 1.48789 -11
0.27161 -0.96824 0.01195 0 4.85000 -27.65000 0.01187 1.55439 -11
-0.17841 0.71854 0.01195 0 -2.77500 -21.85000 0.01187 1.66126 -11
0.53430 -0.77420 0.01195 0 4.52500 -16.07500 0.01187 1.73873 -11
-0.48656 0.49669 0.01195 0 7.12500 -3.77500 0.01187 1.84098 -11
0.39815 -1.16188 0.01195 0 6.27500 1.45000 0.01187 1.89663 -11
-0.26798 0.99661 0.01195 0 -3.45000 8.72500 0.01187 2.00097 -11
-0.17132 0.30497 0.01195 0 7.87500 8.95000 0.01187 2.00467 -11
0.15452 -0.40114 0.01195 0 4.72500 12.22500 0.01187 2.07689 -11
-0.21400 -0.05786 0.01195 0 7.22500 16.82500 0.01187 2.14946 -11
0.26184 -0.37501 0.01195 0 4.87500 22.65000 0.01187 2.23000 -11
-0.25375 0.00206 0.01195 0 6.95000 28.22500 0.01187 2.30575 -11
0.24704 -0.47519 0.01195 0 5.37500 33.62500 0.01187 2.37849 -11
-0.14061 0.03126 0.01195 0 6.47500 38.40000 0.01187 2.45216 -11
0.02667 -0.49074 0.01195 0 5.37500 41.12500 0.01187 2.51945 -11
-0.00934 0.15012 0.01195 0 6.27500 40.00000 0.01187 2.59301 -11
0.18662 -0.53304 0.01195 0 5.25000 40.32500 0.01187 2.65793 -11
-0.21967 0.19063 0.01195 0 5.65000 42.80000 0.01187 2.72476 -11
0.34576 -0.61594 0.01195 0 7.17500 46.57500 0.01187 2.77438 -11
-0.15438 0.02820 0.01195 0 6.72500 50.42500 0.01187 2.83744 -11
0.38622 -0.65505 0.01195 0 7.75000 54.12500 0.01187 2.89325 -11
0.50915 0.00323 0.01195 0 -4.42500 54.42500 0.01187 2.89571 -11
-0.64512 -0.00122 0.01195 0 5.37500 62.95000 0.01187 2.95430 -11
-0.16137 0.47357 0.01195 0 3.40000 -63.42500 0.01187 1.76452 -11
-0.03241 -0.76164 0.01195 0 3.32500 -61.65000 0.01187 1.81660 -11
0.03723 0.50772 0.01195 0 3.77500 -61.22500 0.01187 1.89952 -11
-0.03413 -0.73601 0.01195 0 3.80000 -62.47500 0.01187 1.95142 -11
2.99929 3.08460 0.01195 0 0.75000 -56.07500 0.01187 0.87278 -11
-12.61951 -9.67993 0.01195 0 2.27500 -54.47500 0.01187 0.88088 -11
0.15052 -0.66821 0.01195 0 1.72500 -64.70000 0.01187 1.17123 -11
-0.25451 0.56169 0.01195 0 -2.42500 -58.77500 0.01187 1.28386 -11
0.51302 -0.57093 0.01195 0 3.02500 -49.12500 0.01187 1.37874 -11
-0.52391 0.63711 0.01195 0 -3.65000 -34.92500 0.01187 1.48816 -11
-0.47141 0.37223 0.01195 0 7.95000 -34.50000 0.01187 1.49154 -11
0.66353 -0.68174 0.01195 0 3.17500 -23.25000 0.01187 1.57622 -11
-0.47088 0.45816 0.01195 0 6.80000 -8.55000 0.01187 1.69555 -11
-0.01584 -1.03022 0.01195 0 2.12500 -1.80000 0.01187 1.77031 -11
-0.00762 0.55877 0.01195 0 6.07500 -2.85000 0.01187 1.88859 -11
0.17638 -1.10878 0.01195 0 2.27500 -0.30000 0.01187 1.95316 -11
-0.09809 0.74939 0.01195 0 4.80000 1.52500 0.01187 2.07054 -11
0.19847 -0.71997 0.01195 0 2.97500 2.72500 0.01187 2.12745 -11
-0.25501 0.35777 0.01195 0 5.57500 7.32500 0.01187 2.22550 -11
0.35381 -0.45875 0.01195 0 2.82500 12.27500 0.01187 2.29628 -11
-0.48201 0.18570 0.01195 0 5.07500 19.87500 0.01187 2.38217 -11
0.50818 -0.47697 0.01195 0 3.42500 27.70000 0.01187 2.45277 -11
-0.35779 0.35644 0.01195 0 4.75000 36.80000 0.01187 2.53389 -11
0.48873 -0.65869 0.01195 0 4.72500 43.70000 0.01187 2.59282 -11
-0.44611 0.31662 0.01195 0 5.27500 52.65000 0.01187 2.67700 -11
0.35532 -0.63002 0.01195 0 4.37500 56.02500 0.01187 2.73586 -11
-0.19621 0.31558 0.01195 0 4.85000 61.97500 0.01187 2.81088 -11
0.90373 -0.98415 0.01195 0 2.97500 -60.25000 0.01187 0.91926 -11
-0.70324 0.61955 0.01195 0 3.55000 -44.77500 0.01187 1.02167 -11
0.92107 -0.90924 0.01195 0 3.85000 -35.02500 0.01187 1.07956 -11
-0.61104 0.33876 0.01195 0 4.65000 -22.52500 0.01187 1.17297 -11
0.30241 -0.61795 0.01195 0 3.70000 -13.35000 0.01187 1.24030 -11
-0.31229 0.11624 0.01195 0 5.62500 -7.27500 0.01187 1.31818 -11
0.43044 -0.40680 0.01195 0 3.47500 -0.07500 0.01187 1.39533 -11
-0.24011 0.09974 0.01195 0 4.62500 7.22500 0.01187 1.46936 -11
0.25646 -0.22880 0.01195 0 2.72500 11.80000 0.01187 1.54692 -11
-0.34276 0.03225 0.01195 0 3.67500 16.07500 0.01187 1.61149 -11
0.50595 -0.25104 0.01195 0 3.30000 23.35000 0.01187 1.68215 -11
-0.72771 0.19890 0.01195 0 2.95000 32.25000 0.01187 1.74931 -11
0.08229 -0.18114 0.01195 0 6.15000 38.82500 0.01187 1.80007 -11
-0.11093 -0.08914 0.01195 0 6.25000 40.55000 0.01187 1.86130 -11
0.26420 -0.19776 0.01195 0 6.92500 45.07500 0.01187 1.92879 -11
-0.34459 -0.42784 0.01195 0 5.37500 50.62500 0.01187 1.98001 -11
0.37831 0.02070 0.01195 0 7.05000 55.35000 0.01187 2.05416 -11
-0.44301 -0.47240 0.01195 0 3.97500 60.05000 0.01187 2.09417 -11
-0.71978 -0.93304 0.01195 0 0.42500 62.70000 0.01187 2.53109 -11
0.68175 0.72922 0.01195 0 3.92500 53.20000 0.01187 2.57949 -11
-0.61703 -0.92723 0.01195 0 -0.22500 50.60000 0.01187 2.59777 -11
0.66053 0.97409 0.01195 0 4.20000 45.37500 0.01187 2.64237 -11
-0.68463 -1.08132 0.01195 0 0.67500 43.80000 0.01187 2.65649 -11
1.79225 1.01353 0.01195 0 4.25000 36.37500 0.01187 2.69943 -11
-2.25556 -0.84832 0.01195 0 2.32500 32.92500 0.01187 2.71320 -11
2.67368 0.19906 0.01195 0 3.87500 27.50000 0.01187 2.73337 -11
-2.20494 -0.53191 0.01195 0 1.50000 21.32500 0.01187 2.75732 -11
1.15916 0.85270 0.01195 0 3.10000 12.40000 0.01187 2.79604 -11
-0.86992 -0.74432 0.01195 0 0.70000 10.10000 0.01187 2.80819 -11
0.53231 0.04920 0.01195 0 4.22500 6.87500 0.01187 2.83340 -11
-0.48052 -0.06356 0.01195 0 0.67500 4.22500 0.01187 2.85392 -11
1.73832 -0.69049 0.01195 0 3.05000 0.12500 0.01187 2.87235 -11
-1.38358 0.43860 0.01195 0 1.05000 -5.90000 0.01187 2.89922 -11
0.83284 -0.43649 0.01195 0 3.15000 -9.65000 0.01187 2.91566 -11
-1.11222 0.30792 0.01195 0 0.77500 -13.77500 0.01187 2.93893 -11
-1.03216 -7.70745 0.01195 0 0.70000 -18.90000 0.01187 2.96072 -11
-0.46432 0.53758 0.01195 0 1.37500 -18.67500 0.01187 2.98529 -11
0.95527 0.03989 0.01195 0 -0.25000 -16.60000 0.01187 2.99772 -11
-0.33675 -0.54704 0.01195 0 1.27500 -14.35000 0.01187 3.01157 -11
0.36328 0.82136 0.01195 0 0.12500 -13.92500 0.01187 3.02656 -11
-0.63588 0.38836 0.01195 0 4.65000 -22.52500 0.01187 1.17292 -11
0.94434 1.00345 0.01195 0 4.65000 -22.52500 0.01187 1.17292 -11
0.16425 -0.66471 0.01195 0 3.85000 -63.10000 0.01187 1.40521 -11
-0.13237 0.46386 0.01195 0 -0.10000 -58.75000 0.01187 1.51433 -11
0.13387 -0.61190 0.01195 0 4.02500 -55.37500 0.01187 1.61169 -11
-0.11237 0.36650 0.01195 0 -0.47500 -53.60000 0.01187 1.71435 -11
0.23093 -0.61065 0.01195 0 4.50000 -48.80000 0.01187 1.81156 -11
-0.21919 0.46728 0.01195 0 -1.32500 -41.37500 0.01187 1.91523 -11
0.34964 -0.86760 0.01195 0 5.77500 -35.15000 0.01187 1.99609 -11
-0.29304 0.50327 0.01195 0 -1.17500 -28.35000 0.01187 2.09542 -11
0.49213 -1.04891 0.01195 0 7.17500 -20.42500 0.01187 2.17198 -11
-0.10515 0.34298 0.01195 0 -0.32500 -14.95000 0.01187 2.26707 -11
0.12537 -0.61999 0.01195 0 7.32500 -12.02500 0.01187 2.34878 -11
-0.07679 0.21886 0.01195 0 -0.47500 -9.50000 0.01187 2.43024 -11
0.06615 -0.64799 0.01195 0 7.55000 -6.05000 0.01187 2.51466 -11
0.10556 0.21377 0.01195 0 -0.62500 -5.25000 0.01187 2.60029 -11
-0.15907 -0.59781 0.01195 0 7.87500 -6.75000 0.01187 2.68242 -11
-0.12361 -0.13498 0.01195 0 -4.37500 -6.82500 0.01187 2.68484 -11
0.22527 0.29617 0.01195 0 -1.02500 -11.45000 0.01187 2.76544 -11
-0.26131 -0.96814 0.01195 0 8.45000 -15.27500 0.01187 2.83815 -11
-0.23063 -0.21483 0.01195 0 -4.02500 -15.45000 0.01187 2.84148 -11
0.17606 0.31281 0.01195 0 -1.70000 -21.45000 0.01187 2.92307 -11
-0.15531 -0.85033 0.01195 0 8.17500 -23.37500 0.01187 2.99377 -11
-0.14272 -0.09997 0.01195 0 -4.15000 -23.47500 0.01187 2.99663 -11
0.17460 0.26410 0.01195 0 -2.00000 -26.10000 0.01187 3.07021 -11
-0.23902 -0.08604 0.01195 0 -3.57500 -30.67500 0.01187 3.14309 -11
0.09172 0.25448 0.01195 0 -2.12500 -34.82500 0.01187 3.21124 -11
-0.01411 -0.07859 0.01195 0 -3.50000 -35.90000 0.01187 3.28402 -11
0.04593 0.22679 0.01195 0 -2.70000 -35.45000 0.01187 3.34804 -11
0.21944 -0.28810 0.01195 0 -3.37500 -33.75000 0.01187 3.41454 -11
-0.19722 0.62127 0.01195 0 -3.82500 -29.45000 0.01187 3.48755 -11
-0.32735 0.23395 0.01195 0 7.77500 -29.27500 0.01187 3.49047 -11
0.47038 -0.27726 0.01195 0 -2.90000 -23.35000 0.01187 3.54358 -11
-0.55494 0.51368 0.01195 0 7.10000 -14.60000 0.01187 3.61496 -11
0.51575 -0.31500 0.01195 0 -1.85000 -8.77500 0.01187 3.65794 -11
-0.48396 0.58836 0.01195 0 -4.50000 -0.87500 0.01187 3.72206 -11
-0.50653 0.22764 0.01195 0 7.27500 -0.60000 0.01187 3.72431 -11
0.42781 -0.21710 0.01195 0 -1.52500 5.65000 0.01187 3.77032 -11
-0.20083 0.47461 0.01195 0 -3.97500 10.00000 0.01187 3.82465 -11
-0.30234 0.12949 0.01195 0 7.77500 10.12500 0.01187 3.82728 -11
0.92611 0.36555 0.01195 0 -0.20000 16.45000 0.01187 3.87634 -11
-0.97426 -0.64257 0.01195 0 6.25000 23.60000 0.01187 3.91317 -11
1.07821 0.25648 0.01195 0 -0.10000 33.67500 0.01187 3.96896 -11
-0.94573 0.19583 0.01195 0 4.55000 44.97500 0.01187 4.01435 -11
-10.45109 2.58683 0.01195 0 0.87500 14.15000 0.01187 4.16606 -11
-17.11551 2.64608 0.01195 0 0.95000 13.70000 0.01187 4.16810 -11
0.47096 0.05883 0.01195 0 4.37500 7.45000 0.01187 4.19432 -11
-0.73778 0.11172 0.01195 0 0.67500 4.22500 0.01187 4.21693 -11
7.69638 -5.84333 0.01195 0 2.80000 -0.62500 0.01187 4.23665 -11
0.34775 1.04628 0.01195 0 2.45000 -6.95000 0.01187 4.33554 -11
0.18556 -0.31633 0.01195 0 4.75000 -6.57500 0.01187 4.34527 -11
-0.30394 0.63238 0.01195 0 2.47500 -7.95000 0.01187 4.36243 -11
0.20046 -0.34894 0.01195 0 4.67500 -7.05000 0.01187 4.37320 -11
-0.39699 0.37882 0.01195 0 2.57500 -8.27500 0.01187 4.38834 -11
0.38625 -0.39871 0.01195 0 4.62500 -8.45000 0.01187 4.39785 -11
-0.32107 0.28243 0.01195 0 2.67500 -9.25000 0.01187 4.41106 -11
6.49731 -9.98855 0.01195 0 4.65000 -10.32500 0.01187 4.42452 -11
0.40385 -0.52298 0.01195 0 4.87500 -10.55000 0.01187 4.42608 -11
-0.53160 0.39346 0.01195 0 4.12500 -11.40000 0.01187 4.43719 -11
-0.12000 0.42446 0.01195 0 1.92500 -59.50000 0.01187 1.07763 -11
0.16246 -0.92080 0.01195 0 7.12500 -55.27500 0.01187 1.16640 -11
-0.11980 0.44525 0.01195 0 1.80000 -51.22500 0.01187 1.28110 -11
0.15919 -0.90466 0.01195 0 6.75000 -48.75000 0.01187 1.37090 -11
-0.10526 0.39523 0.01195 0 0.92500 -44.45000 0.01187 1.47876 -11
0.24204 -0.99364 0.01195 0 6.82500 -41.15000 0.01187 1.56414 -11
-0.11491 0.44113 0.01195 0 0.20000 -37.20000 0.01187 1.67448 -11
0.07546 -0.96857 0.01195 0 7.25000 -35.32500 0.01187 1.75282 -11
-0.46617 0.42746 0.01195 0 0.22500 -32.25000 0.01187 1.85480 -11
0.48047 -0.26411 0.01195 0 -3.75000 -21.65000 0.01187 1.93990 -11
-0.41303 0.19930 0.01195 0 -0.32500 -9.70000 0.01187 2.03613 -11
0.34387 -0.52208 0.01195 0 8.20000 0.45000 0.01187 2.13005 -11
0.34064 0.01113 0.01195 0 -3.97500 0.75000 0.01187 2.13305 -11
-0.27603 0.16631 0.01195 0 -0.37500 6.40000 0.01187 2.21282 -11
0.45181 0.03319 0.01195 0 -2.95000 17.00000 0.01187 2.30418 -11
-0.35464 0.00610 0.01195 0 -0.87500 24.70000 0.01187 2.37358 -11
0.28557 0.00727 0.01195 0 -3.35000 31.67500 0.01187 2.46286 -11
-0.27690 -0.09990 0.01195 0 -1.50000 37.45000 0.01187 2.52775 -11
0.30489 0.36258 0.01195 0 -2.60000 43.00000 0.01187 2.62509 -11
-0.27146 -0.09134 0.01195 0 -1.87500 47.65000 0.01187 2.68047 -11
0.70189 0.58641 0.01195 0 -1.90000 56.07500 0.01187 2.77355 -11
-0.65041 -0.27511 0.01195 0 -3.97500 63.72500 0.01187 2.82066 -11
-0.74767 -0.46046 0.01195 0 8.40000 64.32500 0.01187 2.82437 -11
0.23081 -0.39131 0.01195 0 -1.35000 -63.92500 0.01187 1.09347 -11
-0.28121 0.32746 0.01195 0 2.77500 -56.77500 0.01187 1.19108 -11
0.43711 -0.46762 0.01195 0 -0.60000 -48.87500 0.01187 1.26768 -11
-0.52052 0.14859 0.01195 0 2.67500 -39.75000 0.01187 1.35863 -11
0.73457 -0.16117 0.01195 0 0.05000 -28.17500 0.01187 1.44564 -11
-0.80964 0.39636 0.01195 0 1.15000 -14.57500 0.01187 1.52646 -11
0.68656 -0.45150 0.01195 0 1.50000 -3.10000 0.01187 1.59194 -11
-0.46274 0.32369 0.01195 0 2.05000 10.17500 0.01187 1.68071 -11
0.32182 -0.41040 0.01195 0 0.15000 17.70000 0.01187 1.75120 -11
-0.43586 0.35237 0.01195 0 1.72500 25.42500 0.01187 1.83180 -11
0.25188 -0.28912 0.01195 0 0.32500 32.90000 0.01187 1.90191 -11
0.19515 0.04194 0.01195 0 1.37500 30.45000 0.01187 1.96000 -11
-0.12234 -0.01450 0.01195 0 -0.10000 27.95000 0.01187 2.04373 -11
0.03965 -0.04030 0.01195 0 0.75000 26.15000 0.01187 2.10267 -11
-0.01220 -0.13093 0.01195 0 -0.02500 26.05000 0.01187 2.18001 -11
0.03014 0.16845 0.01195 0 0.57500 25.07500 0.01187 2.24252 -11
0.03238 -0.43499 0.01195 0 0.70000 25.62500 0.01187 2.29948 -11
-0.35094 0.39175 0.01195 0 -0.05000 28.25000 0.01187 2.36971 -11
-0.02828 -0.47922 0.01195 0 -3.52500 28.92500 0.01187 2.38934 -11
0.02083 0.38626 0.01195 0 6.22500 28.20000 0.01187 2.46240 -11
-0.05512 -0.28214 0.01195 0 -2.80000 27.67500 0.01187 2.50252 -11
0.19672 0.16392 0.01195 0 6.37500 26.20000 0.01187 2.55725 -11
-0.23951 -0.33206 0.01195 0 -2.20000 24.45000 0.01187 2.59737 -11
0.05382 0.41480 0.01195 0 5.67500 21.17500 0.01187 2.65674 -11
-0.11095 0.18138 0.01195 0 -0.97500 20.92500 0.01187 2.68867 -11
