0.75073 -1.03040 0.00438 0 -1.67500 44.32500 0.00415 1.31885 11
-1.07171 1.47057 0.00438 0 0.70000 42.82500 0.00415 1.32912 11
0.39635 0.55278 0.00438 0 -2.12500 32.72500 0.00415 1.38036 11
0.39818 -0.09437 0.00438 0 0.87500 33.67500 0.00415 1.39896 11
-0.08374 -0.05400 0.00438 0 -2.00000 35.35000 0.00415 1.41645 11
0.05248 0.04548 0.00438 0 0.85000 35.92500 0.00415 1.43158 11
-0.40908 0.05009 0.00438 0 -1.87500 35.82500 0.00415 1.44506 11
0.49157 -0.01074 0.00438 0 0.45000 37.85000 0.00415 1.46026 11
-1.35900 -1.23105 0.00438 0 -1.65000 39.95000 0.00415 1.47648 11
1.80718 1.27747 0.00438 0 -0.85000 40.90000 0.00415 1.48102 11
-0.49529 0.66888 0.00438 0 -2.27500 49.10000 0.00415 1.51572 11
0.24218 -0.28461 0.00438 0 -0.82500 50.32500 0.00415 1.52869 11
-0.58654 -0.39696 0.00438 0 -0.32500 64.10000 0.00415 1.14026 11
0.31068 -0.37955 0.00438 0 6.70000 60.07500 0.00415 1.16760 11
-1.03852 -0.56732 0.00438 0 -0.45000 56.17500 0.00415 1.20135 11
1.02397 -0.05173 0.00438 0 -4.27500 50.87500 0.00415 1.22653 11
2.97281 -0.94971 0.00438 0 8.12500 49.90000 0.00415 1.23110 11
-7.17021 -2.49862 0.00438 0 -2.47500 41.15000 0.00415 1.26299 11
2.47504 2.40381 0.00438 0 -2.60000 40.82500 0.00415 1.26466 11
-1.13683 -1.62621 0.00438 0 -0.40000 35.52500 0.00415 1.30709 11
0.45823 0.54030 0.00438 0 -3.22500 33.40000 0.00415 1.32026 11
1.48671 0.22949 0.00438 0 -4.12500 62.42500 0.00415 1.54905 11
3.61747 -1.66725 0.00438 0 8.15000 60.80000 0.00415 1.55556 11
-1.81288 -0.27790 0.00438 0 -2.40000 56.67500 0.00415 1.57225 11
1.67371 -0.28064 0.00438 0 -4.32500 52.12500 0.00415 1.59151 11
-1.62466 -0.00482 0.00438 0 -2.62500 48.80000 0.00415 1.60550 11
1.17563 -0.07672 0.00438 0 -4.05000 45.87500 0.00415 1.61766 11
-1.59006 0.11410 0.00438 0 -2.40000 42.45000 0.00415 1.63302 11
1.27602 0.46978 0.00438 0 -2.92500 41.55000 0.00415 1.63698 11
-0.28048 0.14917 0.00438 0 -1.57500 39.62500 0.00415 1.64828 11
-2.17226 1.71489 0.00438 0 -3.17500 59.85000 0.00415 1.84742 11
0.91965 0.50098 0.00438 0 5.87500 36.82500 0.00415 1.93431 11
4.19444 4.30048 0.00438 0 6.55000 30.55000 0.00415 1.96345 11
-2.21686 -8.09241 0.00438 0 7.65000 22.60000 0.00415 2.02181 11
-0.27941 1.16119 0.00438 0 7.07500 22.67500 0.00415 2.02310 11
0.81653 1.14606 0.00438 0 8.17500 24.00000 0.00415 2.03791 11
-0.52912 0.63242 0.00438 0 8.05000 23.92500 0.00415 2.05621 11
0.94416 0.01207 0.00438 0 -3.62500 60.87500 0.00415 1.17328 11
-0.61761 -0.08704 0.00438 0 1.22500 55.27500 0.00415 1.20525 11
0.87947 0.17779 0.00438 0 -3.27500 50.52500 0.00415 1.23225 11
-0.44207 -0.13032 0.00438 0 1.25000 45.50000 0.00415 1.26464 11
0.68911 0.45946 0.00438 0 -3.02500 42.37500 0.00415 1.28833 11
-1.39872 -1.57494 0.00438 0 -1.02500 37.92500 0.00415 1.31579 11
0.96099 1.83234 0.00438 0 -1.62500 37.67500 0.00415 1.31821 11
0.16963 -0.04075 0.00207 0 0.35000 -63.10000 0.00190 0.39245 11
-0.34532 0.12725 0.00207 0 2.30000 -63.95000 0.00190 0.40330 11
-0.15325 -0.36909 0.00207 0 4.90000 -63.75000 0.00190 0.18967 11
-0.00877 0.43322 0.00207 0 7.07500 -63.50000 0.00190 0.19984 11
-0.03997 -0.43270 0.00207 0 5.20000 -64.17500 0.00190 0.21713 11
0.05359 0.60038 0.00207 0 7.05000 -64.15000 0.00190 0.22555 11
-0.02695 0.74930 0.00207 0 5.15000 -63.45000 0.00190 0.23837 11
-0.12985 -0.92347 0.00207 0 6.37500 -63.70000 0.00190 0.25492 11
-0.43388 -0.51605 0.00207 0 4.95000 -63.37500 0.00190 0.26819 11
0.66970 0.46362 0.00207 0 5.92500 -62.77500 0.00190 0.27414 11
-0.73705 0.28867 0.00207 0 0.72500 -63.40000 0.00190 0.77429 11
1.12269 -0.00342 0.00207 0 2.27500 -60.05000 0.00190 0.79097 11
-0.43635 -1.53487 0.00207 0 0.92500 -58.57500 0.00190 0.79993 11
0.04139 1.27371 0.00207 0 1.95000 -58.40000 0.00190 0.80392 11
-1.99459 -1.66617 0.01739 0 2.95000 -20.80000 0.00108 1.49304 11
0.95888 0.80926 0.01739 0 -1.35000 -24.30000 0.00108 1.51300 11
-1.45592 -0.93675 0.01739 0 1.40000 -33.70000 0.00108 1.55800 11
5.73458 2.71511 0.01739 0 1.07500 -34.32500 0.00108 1.56100 11
-3.70995 -0.28716 0.01739 0 1.57500 -45.52500 0.00108 1.60246 11
-10.83134 21.31679 0.01739 0 -1.75000 -61.55000 0.00108 1.69746 11
-0.58646 -0.61464 0.01739 0 -2.62500 -61.10000 0.00108 1.71740 11
-3.35652 -7.15782 0.01739 0 -1.80000 -59.95000 0.00108 1.72299 11
-0.10993 1.35053 0.01739 0 -1.77500 -61.40000 0.00108 1.73767 11
1.86073 5.12394 0.01739 0 -2.30000 -62.15000 0.00108 1.69623 11
5.59008 2.98978 0.00472 0 7.55000 -56.15000 0.00131 -0.14136 -11
-7.45485 -3.44072 0.00472 0 7.92500 -55.50000 0.00131 -0.13745 -11
1.94763 -0.02078 0.00472 0 6.17500 -46.07500 0.00131 -0.10277 -11
-9.11013 2.39345 0.00472 0 7.92500 -39.30000 0.00131 -0.07769 -11
-5.49480 1.98305 0.00472 0 7.85000 -38.90000 0.00131 -0.07685 -11
14.44062 -5.78125 0.00472 0 6.97500 -36.07500 0.00131 -0.06669 -11
-0.53155 -0.02748 0.00472 0 -2.82500 2.55000 0.00131 0.10877 -11
0.03069 -0.83336 0.00472 0 7.07500 3.00000 0.00131 0.12013 -11
-0.94926 1.17297 0.00472 0 -3.17500 4.20000 0.00131 0.13537 -11
-0.33624 -0.08220 0.00472 0 -2.90000 20.92500 0.00131 0.29161 -11
-0.46778 -1.53887 0.00472 0 -4.17500 20.27500 0.00131 0.30396 -11
-0.33817 1.63746 0.00472 0 -3.67500 20.35000 0.00131 0.30615 -11
-0.09988 0.62308 0.00234 0 7.97500 -53.37500 0.00087 -0.13114 11
-0.57795 -1.40895 0.00596 0 -0.20000 28.17500 0.00059 3.09103 11
0.47677 1.49326 0.00596 0 1.82500 28.80000 0.00059 3.09890 11
0.28821 -1.97056 0.00596 0 1.40000 26.65000 0.00059 3.13118 11
-0.61164 2.97423 0.00596 0 2.50000 26.47500 0.00059 3.13519 11
0.25162 -3.46791 0.00596 0 1.30000 25.42500 0.00059 3.15690 11
-0.35916 1.83411 0.00596 0 1.85000 25.37500 0.00059 3.15898 11
0.32617 -0.46922 0.00596 0 0.37500 24.27500 0.00059 3.17521 11
-0.87049 0.10747 0.00596 0 1.72500 22.85000 0.00059 3.18469 11
1.50943 -0.24751 0.00692 0 2.07500 62.80000 0.00080 0.93228 11
-1.63542 0.00472 0.00692 0 6.60000 52.30000 0.00080 0.97366 11
1.74248 1.18057 0.00692 0 2.05000 44.85000 0.00080 1.00505 11
-1.04639 -0.91346 0.00692 0 5.90000 31.90000 0.00080 1.07443 11
1.51175 1.81336 0.00692 0 1.52500 28.70000 0.00080 1.09387 11
-1.91442 -4.18834 0.00692 0 4.07500 2.90000 0.00080 1.23669 11
56.80458 116.03740 0.00692 0 3.62500 2.67500 0.00080 1.23957 11
-0.66983 -2.50272 0.00692 0 4.80000 -28.92500 0.00080 1.46926 11
0.10177 4.64338 0.00692 0 2.17500 -29.50000 0.00080 1.47882 11
2.09889 -1.11870 0.00270 0 0.62500 51.72500 0.00152 1.09747 11
-1.58109 0.90399 0.00270 0 2.32500 49.22500 0.00152 1.10819 11
1.32231 0.14663 0.00270 0 0.55000 42.37500 0.00152 1.13857 11
-1.53579 -0.29468 0.00270 0 2.65000 37.32500 0.00152 1.16021 11
2.36383 -0.70179 0.00270 0 0.57500 34.30000 0.00152 1.17676 11
4.54639 -1.17516 0.00270 0 0.42500 32.80000 0.00152 1.18183 11
-0.39033 0.04664 0.00270 0 0.75000 31.95000 0.00152 1.19608 11
1.00912 -0.83782 0.00270 0 -2.12500 64.85000 0.00152 1.09309 11
-0.61984 0.78989 0.00270 0 0.45000 62.72500 0.00152 1.10554 11
0.13378 -0.39967 0.00270 0 -2.15000 58.85000 0.00152 1.13760 11
-0.08996 0.22863 0.00270 0 1.37500 58.45000 0.00152 1.15325 11
0.24913 0.28843 0.00270 0 -2.15000 57.82500 0.00152 1.17103 11
-0.49195 -0.23939 0.00270 0 1.07500 55.65000 0.00152 1.19293 11
0.52731 0.54253 0.00270 0 -2.20000 54.37500 0.00152 1.20996 11
-0.79299 0.41949 0.00270 0 2.27500 62.67500 0.00152 1.11610 11
7.21009 -3.25961 0.00270 0 1.25000 53.42500 0.00152 1.14974 11
3.28555 0.22487 0.00270 0 1.92500 51.75000 0.00152 1.15759 11
-1.10831 -0.59450 0.00270 0 3.77500 46.17500 0.00152 1.18475 11
0.04914 0.28651 0.00270 0 1.00000 44.82500 0.00152 1.19847 11
0.02146 -0.18206 0.00270 0 3.72500 45.02500 0.00152 1.21550 11
0.02880 -0.45824 0.00270 0 1.40000 47.15000 0.00152 1.23202 11
0.01469 0.57375 0.00270 0 3.62500 47.00000 0.00152 1.24206 11
-1.18568 -4.72288 0.00270 0 2.22500 48.52500 0.00152 1.25955 11
-0.10899 -0.38918 0.00270 0 2.92500 48.52500 0.00152 1.28670 11
-0.05658 0.41381 0.00270 0 4.30000 48.62500 0.00152 1.29329 11
-5.31425 12.87673 0.00270 0 3.27500 47.80000 0.00152 1.30603 11
1.72113 -0.27129 0.00270 0 3.45000 47.70000 0.00152 1.30726 11
1.81458 0.13064 0.00270 0 -2.20000 7.52500 0.00152 1.38836 11
-1.64761 -0.12724 0.00270 0 0.37500 1.87500 0.00152 1.41300 11
0.55669 -0.12422 0.00270 0 -1.97500 -3.27500 0.00152 1.43523 11
-0.39952 0.29385 0.00270 0 1.32500 -5.72500 0.00152 1.45380 11
-0.51465 -0.48406 0.00270 0 -1.92500 -4.75000 0.00152 1.47946 11
0.49793 0.53107 0.00270 0 1.00000 -3.45000 0.00152 1.49265 11
-2.56838 -0.16919 0.00270 0 -1.50000 0.37500 0.00152 1.51388 11
-4.39204 -0.64567 0.00270 0 -0.92500 4.92500 0.00152 1.53019 11
1.22286 0.05989 0.00270 0 1.00000 7.95000 0.00152 1.54389 11
-0.15000 0.13869 0.00270 0 -0.25000 16.20000 0.00152 1.57670 11
-0.07474 -0.01460 0.00270 0 1.60000 15.95000 0.00152 1.58780 11
-0.76351 -1.10228 0.00270 0 0.05000 16.90000 0.00152 1.59907 11
0.50146 0.28816 0.00270 0 0.80000 17.42500 0.00152 1.60393 11
0.90503 0.27950 0.00270 0 1.95000 -54.05000 0.00152 1.52715 11
-0.52772 -0.17601 0.00270 0 4.27500 -57.80000 0.00152 1.54610 11
0.83784 0.04425 0.00270 0 1.42500 -58.77500 0.00152 1.55969 11
-1.12912 0.15979 0.00270 0 3.45000 -62.02500 0.00152 1.57527 11
0.33302 -0.22864 0.00270 0 0.80000 -62.20000 0.00152 1.58977 11
-0.12106 0.19668 0.00270 0 3.00000 -63.87500 0.00152 1.60181 11
-0.70837 0.65269 0.00270 0 0.67500 -62.47500 0.00152 1.61553 11
0.77913 -1.26040 0.00270 0 2.10000 -60.07500 0.00152 1.63529 11
-0.77976 -0.96216 0.00270 0 0.75000 -57.82500 0.00152 1.64782 11
0.35919 0.07988 0.00270 0 1.55000 -57.50000 0.00152 1.65584 11
0.31284 0.01669 0.00270 0 -2.02500 63.17500 0.00152 1.13472 11
-0.20564 -0.02476 0.00270 0 2.00000 61.22500 0.00152 1.15774 11
-0.05664 -0.02183 0.00270 0 -2.07500 61.72500 0.00152 1.18114 11
0.02106 0.06392 0.00270 0 1.90000 62.05000 0.00152 1.20224 11
0.17109 -0.13149 0.00270 0 -1.87500 61.00000 0.00152 1.22271 11
-0.21961 0.17995 0.00270 0 1.75000 59.95000 0.00152 1.24071 11
-0.37667 -0.28627 0.00270 0 -1.67500 60.45000 0.00152 1.26499 11
0.31224 0.21815 0.00270 0 1.62500 61.60000 0.00152 1.28096 11
-0.05723 0.21207 0.00270 0 -1.52500 62.77500 0.00152 1.29694 11
0.18211 -0.27520 0.00270 0 1.70000 63.05000 0.00152 1.31726 11
-1.27206 1.32597 0.00270 0 -0.42500 64.65000 0.00152 1.32768 11
-20.33385 -1.51579 0.00270 0 -0.02500 64.55000 0.00152 1.05149 11
2.39233 1.62422 0.00270 0 -0.15000 64.02500 0.00152 1.05345 11
3.04354 -1.55858 0.00270 0 -0.22500 -4.30000 0.00152 1.30339 11
3.63923 -0.54679 0.00270 0 -0.92500 -6.45000 0.00152 1.30894 11
-0.89654 -0.24364 0.00270 0 -0.05000 -12.55000 0.00152 1.34438 11
0.45043 -0.41277 0.00270 0 -2.77500 -15.17500 0.00152 1.36174 11
-0.41661 0.23559 0.00270 0 -0.12500 -16.52500 0.00152 1.37451 11
0.40798 -0.03789 0.00270 0 -2.82500 -18.35000 0.00152 1.39118 11
-0.55355 -0.07465 0.00270 0 -0.27500 -20.25000 0.00152 1.40690 11
0.80638 0.49224 0.00270 0 -1.87500 -23.15000 0.00152 1.41961 11
-19.48909 -2.61718 0.00270 0 -0.77500 -26.40000 0.00152 1.43637 11
-0.62323 -0.06394 0.00270 0 0.20000 -28.15000 0.00152 1.46381 11
2.05381 -1.05300 0.00270 0 -0.57500 -26.92500 0.00152 1.47533 11
37.66388 1.40545 0.00270 0 -0.25000 -27.67500 0.00152 1.47984 11
-0.66074 -1.14849 0.00270 0 -0.02500 -29.20000 0.00152 1.49011 11
-0.23101 0.29608 0.00270 0 -0.02500 -29.17500 0.00152 1.49060 11
-3.03464 -0.12290 0.00270 0 -1.80000 63.87500 0.00152 1.05133 11
1.09549 0.53117 0.00270 0 -2.97500 61.85000 0.00152 1.05980 11
-0.72199 -0.23584 0.00270 0 -0.77500 57.32500 0.00152 1.08236 11
-0.18561 -0.34238 0.00270 0 7.22500 52.60000 0.00152 1.11285 11
0.53259 -0.44570 0.00270 0 -2.57500 53.57500 0.00152 1.13001 11
-1.72424 0.70104 0.00270 0 -3.85000 55.05000 0.00152 1.13746 11
1.28422 -0.60291 0.00270 0 -3.02500 58.07500 0.00152 1.15124 11
3.57085 -24.37695 0.00270 0 -4.37500 59.85000 0.00152 1.17134 11
-59.55492 -36.40233 0.00270 0 -4.37500 60.97500 0.00152 1.18092 11
18.19499 5.33585 0.00270 0 -1.42500 -30.17500 0.00152 1.60020 11
1.35096 -0.29580 0.00270 0 -1.15000 -32.20000 0.00152 1.61236 11
-0.65975 0.61230 0.00270 0 -0.12500 -32.82500 0.00152 1.61805 11
-0.85410 0.43890 0.00206 0 3.45000 -45.02500 0.00124 -0.13099 11
0.54668 -0.35787 0.00206 0 6.10000 -41.67500 0.00124 -0.10501 11
-0.73196 0.13919 0.00206 0 3.40000 -39.10000 0.00124 -0.08879 11
1.18423 -0.29345 0.00206 0 5.70000 -35.45000 0.00124 -0.06870 11
-0.72372 1.80898 0.00206 0 5.35000 -35.00000 0.00124 -0.06647 11
-0.86936 -0.19689 0.01601 0 -0.85000 -50.57500 0.01208 -0.13556 11
0.92988 0.30768 0.01601 0 -1.80000 -16.95000 0.01208 0.03692 11
-0.88578 -0.27083 0.01601 0 0.65000 12.97500 0.01208 0.18041 11
1.28088 0.57171 0.01601 0 -1.25000 47.10000 0.01208 0.34584 11
-0.93002 -0.28497 0.01601 0 1.60000 -50.57500 0.01208 -0.13548 11
0.85632 0.26867 0.01601 0 0.07500 -18.02500 0.01208 0.02720 11
-1.01722 -0.40376 0.01601 0 1.47500 11.05000 0.01208 0.17310 11
1.10550 0.50328 0.01601 0 -1.67500 43.42500 0.01208 0.32418 11
-1.01483 -0.40456 0.01601 0 3.15000 -50.45000 0.01208 -0.13487 11
0.96665 0.31633 0.01601 0 2.10000 -17.52500 0.01208 0.03018 11
-1.12547 -0.60997 0.01601 0 3.60000 13.25000 0.01208 0.18656 11
0.96222 0.37998 0.01601 0 0.45000 43.17500 0.01208 0.32944 11
-0.86918 -0.11393 0.01601 0 -2.40000 -50.57500 0.01208 -0.13536 11
0.98991 0.00491 0.01601 0 6.85000 -16.15000 0.01208 0.02891 11
-0.83302 -0.17849 0.01601 0 0.62500 8.85000 0.01208 0.14993 11
0.86801 0.06057 0.01601 0 7.20000 36.85000 0.01208 0.28940 11
-0.86862 -0.14860 0.01601 0 0.07500 59.85000 0.01208 0.41122 11
-0.86683 -0.27208 0.01601 0 -0.82500 -50.57500 0.01208 -0.13557 11
0.75230 0.36795 0.01601 0 -0.80000 -20.00000 0.01208 0.02891 11
-0.65886 -0.28674 0.01601 0 -2.40000 3.32500 0.01208 0.17463 11
0.65292 0.36695 0.01601 0 -0.35000 28.02500 0.01208 0.33511 11
-0.65339 -0.27645 0.01601 0 -2.00000 49.60000 0.01208 0.47888 11
-0.88159 -0.23233 0.01601 0 -1.32500 -50.60000 0.01208 -0.13559 11
1.04523 0.15971 0.01601 0 7.95000 -19.92500 0.01208 0.01238 11
1.36478 0.40098 0.01601 0 -3.82500 -18.85000 0.01208 0.01694 11
-1.50695 -0.34282 0.01601 0 3.42500 15.47500 0.01208 0.15627 11
1.48441 0.05314 0.01601 0 6.62500 55.85000 0.01208 0.31392 11
-0.93017 -0.10186 0.01601 0 -2.97500 -50.47500 0.01208 -0.13503 11
1.04150 0.02243 0.01601 0 6.75000 -15.02500 0.01208 0.03672 11
-0.83086 -0.18441 0.01601 0 -2.42500 15.82500 0.01208 0.18318 11
1.02975 0.10880 0.01601 0 7.27500 48.10000 0.01208 0.34202 11
-0.91255 -0.39662 0.01601 0 3.22500 -50.42500 0.01208 -0.13485 11
0.84708 0.18923 0.01601 0 2.07500 -17.97500 0.01208 0.03031 11
-0.82295 -0.32317 0.01601 0 2.97500 8.42500 0.01208 0.16935 11
0.83352 0.13205 0.01601 0 2.15000 38.97500 0.01208 0.33529 11
0.82819 0.12588 0.01601 0 2.15000 39.00000 0.01208 0.33536 11
-0.90007 -0.32570 0.01601 0 3.85000 64.10000 0.01208 0.46719 11
-0.97041 -0.36378 0.01601 0 4.22500 -50.32500 0.01208 -0.13432 11
0.93365 0.11459 0.01601 0 1.92500 -17.02500 0.01208 0.03189 11
-0.87147 -0.39161 0.01601 0 4.95000 9.85000 0.01208 0.16357 11
0.79965 0.09601 0.01601 0 3.40000 40.17500 0.01208 0.32890 11
-0.94198 -0.15701 0.01601 0 -1.52500 -50.60000 0.01208 -0.13556 11
0.93841 0.00155 0.01601 0 8.15000 -15.12500 0.01208 0.03528 11
1.08197 0.14478 0.01601 0 -3.82500 -14.25000 0.01208 0.03936 11
-1.18282 -0.01671 0.01601 0 0.80000 13.72500 0.01208 0.16559 11
1.08898 -0.00275 0.01601 0 7.02500 53.40000 0.01208 0.33876 11
-0.88581 -0.17787 0.01601 0 -3.02500 -50.50000 0.01208 -0.13503 11
1.04292 0.03812 0.01601 0 7.27500 -17.57500 0.01208 0.02827 11
-1.12265 -0.21338 0.01601 0 -0.42500 15.47500 0.01208 0.17608 11
0.85555 0.13666 0.01601 0 8.25000 47.37500 0.01208 0.32734 11
0.90059 0.57387 0.01601 0 -3.35000 48.17500 0.01208 0.33170 11
1.52262 -0.19971 0.00709 0 8.25000 47.42500 0.00391 0.32737 11
1.62046 -0.32311 0.00709 0 -4.05000 48.70000 0.00391 0.33267 11
-1.67291 0.30855 0.00709 0 3.07500 58.40000 0.00391 0.36997 11
-0.89649 -0.31652 0.01601 0 0.87500 -50.60000 0.01208 -0.13562 11
1.20443 0.32368 0.01601 0 -1.30000 -17.42500 0.01208 0.02379 11
-1.11803 -0.33147 0.01601 0 2.42500 12.75000 0.01208 0.16519 11
1.10130 0.34736 0.01601 0 -1.97500 45.37500 0.01208 0.31654 11
-0.59454 -0.14440 0.01601 0 -1.27500 -17.15000 0.01208 0.02509 11
9.89342 5.79498 0.01601 0 0.02500 -15.97500 0.01208 0.03365 11
0.47651 0.42685 0.01601 0 1.15000 -15.22500 0.01208 0.04019 11
-0.87884 -0.12538 0.01601 0 -1.57500 -50.57500 0.01208 -0.13548 11
0.83458 0.25482 0.01601 0 -2.72500 -16.32500 0.01208 0.04150 11
-0.92027 -0.10661 0.01601 0 -1.32500 10.47500 0.01208 0.17837 11
1.05263 0.01503 0.01601 0 7.97500 42.65000 0.01208 0.33617 11
1.00844 0.29211 0.01601 0 -3.92500 43.45000 0.01208 0.33992 11
-0.93643 -0.26587 0.01601 0 0.22500 -50.62500 0.01208 -0.13569 11
0.83858 0.21402 0.01601 0 -1.40000 -16.90000 0.01208 0.03439 11
-0.91266 -0.08865 0.01601 0 0.75000 9.77500 0.01208 0.16619 11
0.79484 0.11702 0.01601 0 -1.87500 44.87500 0.01208 0.34153 11
-0.91519 -0.30345 0.01601 0 2.87500 -50.47500 0.01208 -0.13504 11
0.84450 0.16862 0.01601 0 1.80000 -17.30000 0.01208 0.03504 11
-0.84510 -0.39260 0.01601 0 2.82500 8.70000 0.01208 0.17104 11
0.78193 0.11484 0.01601 0 2.42500 38.72500 0.01208 0.33560 11
-0.90916 -0.36617 0.01601 0 3.85000 63.00000 0.01208 0.46556 11
-0.77295 -0.22652 0.01601 0 1.42500 -50.60000 0.01208 -0.13557 11
0.86675 0.13271 0.01601 0 0.92500 -17.25000 0.01208 0.04272 11
-0.84367 -0.09953 0.01601 0 1.92500 6.20000 0.01208 0.16913 11
0.83499 0.08946 0.01601 0 -0.10000 40.55000 0.01208 0.34861 11
-0.81577 -0.08674 0.01601 0 2.20000 63.72500 0.01208 0.46950 11
-1.05539 -0.49645 0.01601 0 5.05000 -50.20000 0.01208 -0.13371 11
1.27440 0.28905 0.01601 0 1.57500 -13.37500 0.01208 0.03223 11
-1.37398 -0.22550 0.01601 0 -4.00000 25.35000 0.01208 0.19262 11
-1.78975 -0.97930 0.01601 0 8.45000 26.62500 0.01208 0.19803 11
1.29006 0.34189 0.01601 0 1.85000 58.70000 0.01208 0.33424 11
-0.98515 -0.24870 0.01601 0 0.10000 -50.60000 0.01208 -0.13566 11
1.17685 0.36194 0.01601 0 -2.90000 -14.90000 0.01208 0.02917 11
-1.14523 -0.28009 0.01601 0 1.17500 16.47500 0.01208 0.17057 11
1.04291 0.15814 0.01601 0 7.75000 49.77500 0.01208 0.31646 11
1.01115 0.34979 0.01601 0 -4.07500 50.50000 0.01208 0.32000 11
0.82325 -0.82863 0.01601 0 7.72500 49.77500 0.01208 0.31657 11
0.46482 -0.33983 0.01601 0 7.52500 50.45000 0.01208 0.32053 11
-0.89077 -0.33509 0.01601 0 3.42500 -50.50000 0.01208 -0.13495 11
0.80211 0.16891 0.01601 0 1.90000 -16.82500 0.01208 0.03487 11
-0.78468 -0.36947 0.01601 0 2.62500 10.15000 0.01208 0.17683 11
0.68744 0.30589 0.01601 0 3.92500 36.70000 0.01208 0.34132 11
-0.75798 -0.52513 0.01601 0 2.80000 59.30000 0.01208 0.48648 11
-1.04864 -0.29664 0.01601 0 3.90000 -50.37500 0.01208 -0.13450 11
1.04240 0.06067 0.01601 0 0.90000 -12.50000 0.01208 0.04404 11
-1.13398 -0.43974 0.01601 0 7.25000 15.37500 0.01208 0.17013 11
0.96023 0.00001 0.01601 0 1.00000 48.00000 0.01208 0.32099 11
-1.00771 -0.37090 0.01601 0 3.50000 -50.42500 0.01208 -0.13474 11
0.98694 0.19758 0.01601 0 1.12500 -15.20000 0.01208 0.03406 11
-1.20471 -0.62891 0.01601 0 6.02500 21.35000 0.01208 0.19288 11
1.09439 0.14164 0.01601 0 -0.27500 53.12500 0.01208 0.33384 11
-0.88496 -0.32541 0.01601 0 1.65000 -50.57500 0.01208 -0.13548 11
0.74355 0.13996 0.01601 0 0.87500 -15.80000 0.01208 0.04497 11
-0.67438 -0.19036 0.01601 0 0.62500 5.70000 0.01208 0.17263 11
0.61350 0.09935 0.01601 0 0.62500 34.42500 0.01208 0.34590 11
-0.61911 -0.09665 0.01601 0 0.32500 53.07500 0.01208 0.46810 11
-0.83390 -0.57539 0.01168 0 3.92500 -45.40000 0.00992 -0.09959 11
0.75865 0.27315 0.01168 0 8.20000 -28.75000 0.00992 -0.00642 11
0.74650 0.53858 0.01168 0 -3.45000 -28.10000 0.00992 -0.00247 11
-0.72574 -0.53922 0.01168 0 3.22500 -8.82500 0.00992 0.11236 11
0.65083 0.23909 0.01168 0 7.55000 5.90000 0.00992 0.20268 11
0.84257 0.61592 0.01168 0 -4.17500 6.40000 0.00992 0.20562 11
-0.80403 -0.57918 0.01168 0 3.55000 26.05000 0.00992 0.31905 11
0.64857 0.19409 0.01168 0 8.25000 41.40000 0.00992 0.41403 11
0.71601 0.46094 0.01168 0 -3.45000 42.02500 0.00992 0.41796 11
-0.83528 -0.44408 0.01168 0 4.55000 59.40000 0.00992 0.52105 11
-0.79016 -0.74305 0.01168 0 6.42500 -45.12500 0.00992 -0.09783 11
0.63338 0.38699 0.01168 0 0.75000 -28.05000 0.00992 0.00753 11
-0.54678 -0.75494 0.01168 0 6.02500 -10.75000 0.00992 0.12437 11
0.50645 0.28852 0.01168 0 1.02500 -0.12500 0.00992 0.22478 11
-0.67605 -0.97264 0.01168 0 7.57500 15.30000 0.00992 0.34111 11
0.84882 0.14242 0.01168 0 0.12500 33.50000 0.00992 0.44900 11
-0.92750 -0.01729 0.01168 0 -3.07500 50.45000 0.00992 0.54128 11
0.25991 0.71228 0.01168 0 5.90000 -10.80000 0.00992 0.12424 11
-0.38032 -1.25202 0.01168 0 6.57500 -12.32500 0.00992 0.13790 11
-0.68867 -0.42991 0.01168 0 2.45000 -45.52500 0.00992 -0.10030 11
0.62256 -0.08254 0.01168 0 5.42500 -29.85000 0.00992 -0.00210 11
-0.75405 -0.19653 0.01168 0 4.17500 -15.10000 0.00992 0.07913 11
1.10301 -0.02241 0.01168 0 4.95000 -0.10000 0.00992 0.16339 11
-1.01920 -0.29934 0.01168 0 6.27500 18.07500 0.00992 0.24541 11
1.02145 -0.05148 0.01168 0 5.50000 36.07500 0.00992 0.33219 11
-1.15581 -0.71501 0.01168 0 7.00000 53.55000 0.00992 0.41428 11
0.65746 0.22819 0.01168 0 6.47500 65.00000 0.00992 0.47971 11
1.59202 -1.09174 0.00297 0 4.62500 -40.27500 0.00244 -0.07314 11
-0.62061 1.97786 0.00297 0 3.50000 -39.95000 0.00244 -0.06864 11
-0.64350 -0.25187 0.01168 0 -2.07500 -45.52500 0.00992 -0.10039 11
0.76816 0.16306 0.01168 0 4.15000 -27.05000 0.00992 0.01088 11
-0.63049 -0.27149 0.01168 0 -1.55000 -7.80000 0.00992 0.12390 11
0.44318 0.19669 0.01168 0 5.42500 6.10000 0.00992 0.22911 11
-0.52986 -0.39764 0.01168 0 -1.97500 19.12500 0.00992 0.34292 11
0.60500 0.34124 0.01168 0 4.22500 31.67500 0.00992 0.43843 11
-0.61680 -0.49352 0.01168 0 -1.07500 49.00000 0.00992 0.55424 11
0.50515 0.51489 0.01168 0 4.37500 60.67500 0.00992 0.64151 11
1.01264 0.44090 0.01168 0 -0.67500 64.92500 0.00992 1.59188 11
-0.73318 -0.32961 0.01168 0 6.02500 54.52500 0.00992 1.64860 11
0.57154 -0.04076 0.01168 0 -0.60000 49.22500 0.00992 1.68141 11
-1.41594 -0.17310 0.01168 0 5.95000 37.57500 0.00992 1.73612 11
0.94474 0.13057 0.01168 0 0.45000 31.12500 0.00992 1.76819 11
-2.06828 -1.37067 0.01168 0 4.87500 20.02500 0.00992 1.82077 11
1.05201 1.24770 0.01168 0 1.87500 16.67500 0.00992 1.83627 11
-0.75833 -0.67962 0.01168 0 3.20000 -38.77500 0.00992 2.08966 11
0.53512 0.35873 0.01168 0 -0.80000 -41.10000 0.00992 2.10832 11
-0.09783 -0.52708 0.01168 0 3.40000 -44.15000 0.00992 2.14247 11
0.55831 -0.26796 0.01168 0 -0.17500 -48.12500 0.00992 2.16655 11
-0.40853 0.36376 0.01168 0 3.40000 -50.20000 0.00992 2.18419 11
0.49027 -0.28211 0.01168 0 -0.10000 -52.75000 0.00992 2.21055 11
-0.54260 0.35080 0.01168 0 3.17500 -55.02500 0.00992 2.22741 11
0.15112 0.07880 0.01168 0 0.55000 -59.65000 0.00992 2.25312 11
-0.06882 -0.02588 0.01168 0 4.05000 -60.47500 0.00992 2.27262 11
0.16447 -0.13640 0.01168 0 0.65000 -60.02500 0.00992 2.29321 11
-0.25890 0.26973 0.01168 0 3.87500 -60.82500 0.00992 2.30946 11
0.53308 -0.83621 0.01168 0 1.12500 -63.10000 0.00992 2.33093 11
-0.40372 0.81136 0.01168 0 3.10000 -64.07500 0.00992 2.33939 11
0.15770 -0.61789 0.01168 0 0.42500 -64.57500 0.00992 2.35975 11
-0.94219 -2.85496 0.01168 0 3.52500 12.87500 0.00992 4.86731 11
0.31571 2.46818 0.01168 0 4.42500 13.12500 0.00992 4.87083 11
-0.01246 0.38732 0.01168 0 2.52500 16.22500 0.00992 5.04844 11
0.23650 -0.98722 0.01168 0 4.12500 15.95000 0.00992 5.06099 11
0.42273 0.05123 0.01168 0 4.60000 26.90000 0.00992 5.18656 11
-0.15894 -0.19523 0.00393 0 -2.37500 -2.90000 0.00391 1.93359 11
0.23782 0.20458 0.00393 0 1.02500 -2.30000 0.00391 1.95010 11
-0.11351 -0.67924 0.00393 0 -1.92500 -3.20000 0.00391 1.96937 11
0.10417 0.66826 0.00393 0 0.42500 -2.90000 0.00391 1.97897 11
0.08888 -0.60228 0.00393 0 -2.20000 -2.87500 0.00391 1.99830 11
-0.06513 0.78128 0.00393 0 -0.05000 -2.92500 0.00391 2.00718 11
0.63329 -0.72137 0.00393 0 -2.05000 -3.12500 0.00391 2.02775 11
-0.85744 0.75093 0.00393 0 -0.42500 -4.12500 0.00391 2.03566 11
4.43176 -2.06670 0.00393 0 -1.42500 -3.62500 0.00391 2.04894 11
0.23186 0.54740 0.00393 0 -2.12500 -3.27500 0.00391 2.06517 11
-0.29736 -0.75491 0.00393 0 -0.75000 -4.30000 0.00391 2.07770 11
-0.57627 -0.15933 0.01168 0 -2.42500 -45.52500 0.00992 -0.10033 11
0.71339 0.09051 0.01168 0 2.87500 -27.80000 0.00992 0.01037 11
-0.68498 -0.13330 0.01168 0 -1.47500 -10.10000 0.00992 0.11092 11
0.76068 0.05828 0.01168 0 2.57500 8.67500 0.00992 0.21853 11
-0.85879 -0.06025 0.01168 0 -0.67500 24.90000 0.00992 0.30749 11
1.02901 0.00123 0.01168 0 1.27500 45.30000 0.00992 0.41092 11
-0.79619 -0.07771 0.01168 0 -0.22500 61.72500 0.00992 0.49315 11
-0.42394 -0.09948 0.01168 0 -3.32500 -43.22500 0.00992 -0.08080 11
0.39034 -0.10673 0.01168 0 -1.65000 -42.40000 0.00992 -0.06958 11
-0.67454 -0.53427 0.01168 0 -3.75000 -40.27500 0.00992 -0.04918 11
1.29077 6.92357 0.01168 0 -3.50000 -40.17500 0.00992 -0.04619 11
-0.75984 -0.54389 0.01168 0 4.40000 -45.35000 0.00992 -0.09932 11
0.73058 0.49319 0.01168 0 -2.27500 -27.25000 0.00992 0.00404 11
-0.76008 -0.44748 0.01168 0 4.25000 -8.10000 0.00992 0.11826 11
0.62984 0.22407 0.01168 0 -1.87500 9.80000 0.00992 0.23155 11
-0.65238 -0.04788 0.01168 0 -2.57500 19.95000 0.00992 0.30219 11
0.75855 0.08924 0.01168 0 8.22500 32.57500 0.00992 0.37108 11
0.70612 0.18832 0.01168 0 -3.70000 33.20000 0.00992 0.37470 11
-0.73112 -0.03859 0.01168 0 -3.15000 44.97500 0.00992 0.44497 11
0.94547 -0.04161 0.01168 0 6.90000 58.60000 0.00992 0.51460 11
-0.75583 -0.82455 0.01168 0 7.17500 -45.00000 0.00992 -0.09708 11
0.71372 0.74838 0.01168 0 3.27500 -29.82500 0.00992 0.00955 11
-0.72187 -0.77500 0.01168 0 -1.52500 -8.17500 0.00992 0.15419 11
0.95222 0.56742 0.01168 0 2.07500 4.20000 0.00992 0.23112 11
-0.97809 -0.58239 0.01168 0 -0.45000 30.15000 0.00992 0.36264 11
0.89996 0.24884 0.01168 0 1.72500 49.22500 0.00992 0.45435 11
-0.80002 -0.37951 0.01168 0 -1.92500 -45.50000 0.00992 -0.10038 11
0.87737 0.33988 0.01168 0 3.02500 -26.72500 0.00992 0.00102 11
-1.02279 -0.45704 0.01168 0 -1.02500 -2.60000 0.00992 0.12392 11
1.00816 0.27851 0.01168 0 2.35000 16.25000 0.00992 0.21916 11
-1.25326 -0.35188 0.01168 0 0.32500 41.12500 0.00992 0.33154 11
-0.67634 -0.39559 0.01168 0 1.27500 -45.57500 0.00992 -0.10060 11
0.65022 0.12004 0.01168 0 8.15000 -27.77500 0.00992 0.01255 11
0.70797 0.50526 0.01168 0 -3.57500 -27.20000 0.00992 0.01624 11
-0.65031 -0.59859 0.01168 0 1.87500 -9.17500 0.00992 0.13373 11
0.54692 0.20802 0.01168 0 8.12500 5.60000 0.00992 0.23289 11
0.72366 0.59743 0.01168 0 -3.47500 6.17500 0.00992 0.23673 11
-1.10341 -0.69034 0.01168 0 5.02500 29.25000 0.00992 0.35432 11
1.04606 0.27902 0.01168 0 7.32500 47.75000 0.00992 0.44403 11
1.16612 0.55621 0.01168 0 -4.42500 48.35000 0.00992 0.44691 11
-0.59543 -0.24825 0.01168 0 -3.32500 -45.47500 0.00992 -0.09998 11
0.67524 0.34612 0.01168 0 2.72500 -28.52500 0.00992 0.00424 11
-0.71324 -0.19204 0.01168 0 -2.85000 -7.82500 0.00992 0.12411 11
0.63175 0.31849 0.01168 0 2.57500 10.02500 0.00992 0.22919 11
-0.57361 -0.22338 0.01168 0 -3.80000 26.57500 0.00992 0.34142 11
0.56761 0.23788 0.01168 0 2.12500 40.52500 0.00992 0.44071 11
-0.50959 -0.16376 0.01168 0 -4.37500 54.07500 0.00992 0.54442 11
-0.64193 -0.70000 0.01168 0 7.92500 54.45000 0.00992 0.54725 11
-0.70789 -0.26710 0.01168 0 0.35000 -45.55000 0.00992 -0.10065 11
0.72454 0.11796 0.01168 0 5.62500 -24.22500 0.00992 0.01506 11
-0.75408 -0.25134 0.01168 0 0.30000 -4.75000 0.00992 0.12692 11
0.90550 -0.24940 0.01168 0 3.87500 16.95000 0.00992 0.24031 11
-1.12910 0.13781 0.01168 0 2.60000 34.32500 0.00992 0.32085 11
0.85460 -0.26684 0.01168 0 3.47500 61.92500 0.00992 0.44904 11
-0.66444 -0.36327 0.01168 0 -2.65000 -45.52500 0.00992 -0.10023 11
0.76029 0.42412 0.01168 0 2.77500 -28.92500 0.00992 -0.00330 11
-0.81447 -0.44518 0.01168 0 -2.72500 -7.95000 0.00992 0.12022 11
0.83910 0.61429 0.01168 0 0.90000 7.72500 0.00992 0.20650 11
-0.76173 -0.53008 0.01168 0 -2.95000 29.22500 0.00992 0.33008 11
0.90872 0.75587 0.01168 0 0.40000 42.30000 0.00992 0.40788 11
-0.29039 -0.44194 0.01168 0 -3.82500 -45.50000 0.00992 -0.09982 11
0.28177 0.37238 0.01168 0 4.40000 -35.70000 0.00992 -0.00091 11
-0.32163 -0.37526 0.01168 0 -4.05000 -24.80000 0.00992 0.12206 11
0.37991 0.42669 0.01168 0 3.67500 -16.80000 0.00992 0.21556 11
0.15863 -0.59661 0.01168 0 -4.02500 -5.62500 0.00992 0.33420 11
-0.18383 0.62354 0.01168 0 3.80000 -9.57500 0.00992 0.42013 11
0.25516 -0.52536 0.01168 0 -3.02500 -16.27500 0.00992 0.54671 11
-0.17927 0.57913 0.01168 0 3.07500 -21.57500 0.00992 0.62683 11
0.25236 -0.42130 0.01168 0 -2.87500 -29.25000 0.00992 0.75177 11
-0.00895 0.49005 0.01168 0 3.52500 -31.77500 0.00992 0.83452 11
0.01357 -0.60702 0.01168 0 -2.50000 -32.25000 0.00992 0.95200 11
0.04059 0.68773 0.01168 0 2.10000 -31.07500 0.00992 1.02204 11
-0.03152 -0.50441 0.01168 0 -2.65000 -31.22500 0.00992 1.12391 11
0.14635 0.55198 0.01168 0 1.97500 -28.90000 0.00992 1.19734 11
-0.24635 -0.63250 0.01168 0 -1.60000 -23.90000 0.00992 1.30204 11
0.57820 0.71622 0.01168 0 0.42500 -18.10000 0.00992 1.36357 11
-0.43770 -0.66728 0.01168 0 -0.47500 -7.85000 0.00992 1.46589 11
0.95793 0.46380 0.01168 0 -1.02500 -0.05000 0.00992 1.52218 11
-0.98856 -0.43534 0.01168 0 0.32500 15.77500 0.00992 1.60839 11
1.00002 0.76778 0.01168 0 -2.10000 25.80000 0.00992 1.66193 11
-0.84643 -0.88579 0.01168 0 0.60000 40.15000 0.00992 1.75707 11
0.65308 0.65244 0.01168 0 -1.97500 47.67500 0.00992 1.80238 11
-0.39412 -0.26301 0.01168 0 -1.30000 57.47500 0.00992 1.87916 11
-0.62738 -0.26240 0.01168 0 -4.37500 -45.37500 0.00992 -0.09938 11
-0.88216 -0.93596 0.01168 0 8.05000 -44.87500 0.00992 -0.09615 11
0.50643 0.37716 0.01168 0 1.32500 -29.75000 0.00992 0.00011 11
-0.59777 -0.79532 0.01168 0 7.02500 -14.07500 0.00992 0.11646 11
0.37456 0.30803 0.01168 0 2.32500 -3.07500 0.00992 0.21963 11
-0.35748 -0.75665 0.01168 0 7.50000 7.62500 0.00992 0.33086 11
0.31704 0.35175 0.01168 0 1.95000 17.07500 0.00992 0.42593 11
-0.49757 -0.96126 0.01168 0 7.55000 27.05000 0.00992 0.53686 11
0.45026 0.39194 0.01168 0 1.30000 35.25000 0.00992 0.62370 11
-0.51948 -0.23938 0.01168 0 -3.47500 49.05000 0.00992 0.72558 11
0.62029 0.34611 0.01168 0 0.57500 62.17500 0.00992 0.81538 11
-0.84010 -0.96141 0.01168 0 7.72500 -44.90000 0.00992 -0.09649 11
0.79118 0.38785 0.01168 0 1.92500 -29.17500 0.00992 0.00377 11
-0.84783 -0.36909 0.01168 0 -3.07500 -6.95000 0.00992 0.12540 11
0.98886 0.25396 0.01168 0 1.07500 12.90000 0.00992 0.22691 11
-0.90124 -0.23659 0.01168 0 -1.27500 35.67500 0.00992 0.33429 11
1.07121 0.23609 0.01168 0 1.35000 55.15000 0.00992 0.43105 11
-0.69860 -0.63373 0.01168 0 5.75000 -45.22500 0.00992 -0.09840 11
0.50061 0.22237 0.01168 0 1.07500 -28.72500 0.00992 0.01561 11
-0.59819 -0.49976 0.01168 0 5.37500 -14.50000 0.00992 0.12951 11
0.46602 0.17072 0.01168 0 0.65000 0.95000 0.00992 0.24761 11
-0.55492 -0.48947 0.01168 0 6.52500 15.55000 0.00992 0.34833 11
0.54484 0.27650 0.01168 0 0.37500 32.10000 0.00992 0.45972 11
-0.72677 -0.82037 0.01168 0 6.55000 47.55000 0.00992 0.56804 11
0.59555 0.58769 0.01168 0 0.20000 61.30000 0.00992 0.66174 11
0.56067 -0.47782 0.01168 0 -2.10000 60.05000 0.00992 0.97463 11
-0.66265 0.37029 0.01168 0 -0.20000 50.07500 0.00992 1.04489 11
0.69512 -0.32895 0.01168 0 -2.77500 36.07500 0.00992 1.13849 11
-0.82351 0.40970 0.01168 0 -0.70000 22.75000 0.00992 1.21839 11
0.84638 -0.30143 0.01168 0 -0.90000 6.25000 0.00992 1.30610 11
-0.94557 0.24141 0.01168 0 0.65000 -8.87500 0.00992 1.39257 11
0.92481 -0.42543 0.01168 0 1.50000 -26.02500 0.00992 1.47900 11
-0.82381 0.37951 0.01168 0 1.52500 -38.95000 0.00992 1.55000 11
0.92327 -0.57804 0.01168 0 2.82500 -55.40000 0.00992 1.63833 11
-0.73020 -0.21556 0.01168 0 -1.22500 -45.55000 0.00992 -0.10059 11
1.17606 0.45145 0.01168 0 0.92500 -25.60000 0.00992 -0.00661 11
-1.13311 -0.43031 0.01168 0 -1.55000 2.47500 0.00992 0.12495 11
1.31464 0.32707 0.01168 0 0.47500 25.42500 0.00992 0.22623 11
-1.36694 -0.35635 0.01168 0 0.22500 53.42500 0.00992 0.34262 11
-0.61885 -0.34459 0.01168 0 0.05000 -45.57500 0.00992 -0.10070 11
-0.71020 -0.66055 0.01168 0 5.67500 -45.25000 0.00992 -0.09848 11
