-0.20814 0.47624 0.00763 0 3.40000 -63.12500 0.00745 1.76648 11
-0.25858 -0.69838 0.00763 0 5.20000 -63.00000 0.00745 1.78545 11
-0.84517 0.57118 0.00763 0 3.42500 -63.20000 0.00745 1.79265 11
0.70186 -0.56278 0.00763 0 5.00000 -59.85000 0.00745 1.81176 11
-0.09974 -0.09078 0.00763 0 3.17500 -57.12500 0.00745 1.82697 11
0.21880 0.06644 0.00763 0 5.25000 -56.82500 0.00745 1.83735 11
0.19140 1.09803 0.00763 0 3.97500 -55.05000 0.00745 1.84683 11
-0.12868 -0.92309 0.00763 0 4.90000 -55.57500 0.00745 1.86132 11
-0.40383 -0.54153 0.00763 0 5.00000 -54.20000 0.00745 0.48216 11
0.25401 0.04892 0.00763 0 6.95000 -47.85000 0.00745 0.55604 11
-0.23232 -0.38088 0.00763 0 5.42500 -43.27500 0.00745 0.62995 11
0.28603 -0.02355 0.00763 0 5.60000 -38.15000 0.00745 0.69656 11
-0.43854 -0.27626 0.00763 0 5.62500 -33.07500 0.00745 0.75873 11
0.08864 -0.22977 0.00763 0 5.12500 -30.40000 0.00745 0.82503 11
0.01542 -0.10414 0.00763 0 5.77500 -30.17500 0.00745 0.87668 11
-0.26826 -0.15684 0.00763 0 4.50000 -34.85000 0.00745 0.94438 11
0.48694 -0.21136 0.00763 0 6.35000 -41.37500 0.00745 0.99804 11
-0.51652 -0.33208 0.00763 0 3.32500 -51.12500 0.00745 1.06278 11
0.36309 -0.05909 0.00763 0 6.90000 -56.57500 0.00745 1.10398 11
-0.26150 -0.44639 0.00763 0 2.95000 -61.87500 0.00745 1.16209 11
0.19507 -0.01878 0.00763 0 7.27500 -64.52500 0.00745 1.19544 11
-0.15326 -0.18871 0.00763 0 -3.85000 -54.27500 0.00745 0.48152 11
0.15133 0.35835 0.00763 0 -1.65000 -51.97500 0.00745 0.55256 11
-0.04220 -0.27837 0.00763 0 -3.52500 -49.27500 0.00745 0.63007 11
0.08901 0.61373 0.00763 0 -1.85000 -49.50000 0.00745 0.69213 11
0.06395 -0.70098 0.00763 0 -2.00000 -48.00000 0.00745 0.77965 11
-0.07698 0.77685 0.00763 0 -1.90000 -49.27500 0.00745 0.82972 11
-0.06437 -0.79958 0.00763 0 -1.10000 -47.27500 0.00745 0.91336 11
0.19767 0.81833 0.00763 0 -2.50000 -45.47500 0.00745 0.95735 11
-0.24027 -0.73113 0.00763 0 -0.97500 -41.77500 0.00745 1.03413 11
0.25699 0.72592 0.00763 0 7.90000 -39.85000 0.00745 1.06905 11
0.24204 0.93504 0.00763 0 -3.40000 -39.60000 0.00745 1.07287 11
-0.14891 -0.57163 0.00763 0 -1.15000 -37.15000 0.00745 1.15020 11
0.63556 0.10941 0.00763 0 5.20000 -34.02500 0.00745 1.18185 11
-0.82788 -0.23655 0.00763 0 -1.40000 -26.22500 0.00745 1.22786 11
0.57331 0.04360 0.00763 0 3.97500 -20.02500 0.00745 1.26156 11
-0.45579 -0.03793 0.00763 0 -1.95000 -14.40000 0.00745 1.29772 11
0.30438 -0.11429 0.00763 0 4.52500 -12.10000 0.00745 1.33188 11
-0.48431 0.07372 0.00763 0 -1.10000 -8.55000 0.00745 1.36137 11
0.18395 -0.79702 0.00763 0 4.17500 -5.77500 0.00745 1.39943 11
-0.78619 1.73542 0.00763 0 1.17500 -5.50000 0.00745 1.41051 11
-0.22235 -0.48377 0.00763 0 1.90000 -54.30000 0.00745 0.48087 11
0.59049 0.23585 0.00763 0 2.70000 -47.12500 0.00745 0.54567 11
-1.19594 -0.96131 0.00763 0 4.52500 -31.90000 0.00745 0.62434 11
0.57693 0.50898 0.00763 0 0.97500 -23.62500 0.00745 0.66923 11
-1.12160 -0.95560 0.00763 0 6.12500 -14.47500 0.00745 0.72750 11
0.94245 0.42823 0.00763 0 0.22500 -8.02500 0.00745 0.76139 11
-1.93445 -1.43594 0.00763 0 6.20000 2.47500 0.00745 0.82004 11
1.23646 0.51850 0.00763 0 -1.07500 9.30000 0.00745 0.85015 11
-3.00101 -1.80521 0.00763 0 7.75000 23.82500 0.00745 0.91083 11
1.26771 0.19334 0.00763 0 -1.05000 29.95000 0.00745 0.93583 11
-0.91042 -0.90979 0.00763 0 6.17500 37.40000 0.00745 0.97390 11
0.63906 0.37998 0.00763 0 -0.87500 41.57500 0.00745 0.99985 11
-0.75989 -0.28009 0.00763 0 6.20000 47.55000 0.00745 1.03673 11
0.70785 -0.54578 0.00763 0 -1.77500 53.67500 0.00745 1.07164 11
0.00128 0.32164 0.00763 0 6.75000 53.65000 0.00745 1.08508 11
0.08722 -0.91219 0.00763 0 -1.50000 52.20000 0.00745 1.12404 11
0.03458 0.87588 0.00763 0 -3.37500 53.32500 0.00745 1.13194 11
0.35753 -0.76941 0.00763 0 -0.17500 53.12500 0.00745 1.21609 11
0.08649 0.54393 0.00763 0 -3.65000 55.92500 0.00745 1.23597 11
-0.26354 0.07358 0.00763 0 8.30000 55.85000 0.00745 1.23915 11
-0.24082 -0.32697 0.00763 0 0.60000 -54.35000 0.00745 0.48067 11
0.05818 0.30592 0.00763 0 2.45000 -50.97500 0.00745 0.54882 11
0.03174 -0.57889 0.00763 0 1.22500 -49.67500 0.00745 0.62967 11
-0.28255 0.35422 0.00763 0 2.05000 -51.50000 0.00745 0.68795 11
0.43235 -0.43186 0.00763 0 1.90000 -58.47500 0.00745 0.75934 11
-0.25833 -0.49103 0.00763 0 1.40000 -54.35000 0.00745 0.48073 11
0.30883 0.49058 0.00763 0 2.70000 -49.57500 0.00745 0.54237 11
-0.37368 -0.73368 0.00763 0 2.17500 -42.55000 0.00745 0.63122 11
0.69925 0.74495 0.00763 0 2.62500 -36.97500 0.00745 0.68576 11
-0.92570 -1.22119 0.00763 0 6.12500 -23.10000 0.00745 0.78142 11
0.72787 0.71050 0.00763 0 3.40000 -16.02500 0.00745 0.82535 11
-1.90260 -2.24138 0.00763 0 7.67500 -3.10000 0.00745 0.91189 11
0.88573 0.65340 0.00763 0 2.57500 3.07500 0.00745 0.94599 11
-0.93503 -1.69312 0.00763 0 6.57500 14.70000 0.00745 1.02520 11
0.57460 0.77932 0.00763 0 2.07500 18.67500 0.00745 1.05707 11
-1.00020 -3.60982 0.00763 0 7.70000 26.72500 0.00745 1.14326 11
0.24637 0.81423 0.00763 0 2.70000 28.17500 0.00745 1.17011 11
-0.80856 -3.46675 0.00763 0 7.60000 34.07500 0.00745 1.24630 11
0.23664 0.93122 0.00763 0 1.82500 35.27500 0.00745 1.26989 11
-0.25558 -1.47431 0.00763 0 6.20000 37.95000 0.00745 1.33945 11
0.22361 0.60531 0.00763 0 1.80000 39.50000 0.00745 1.37053 11
0.28658 0.84576 0.00763 0 1.55000 45.32500 0.00745 1.45949 11
-1.42088 -12.38719 0.00763 0 8.35000 51.20000 0.00745 1.52617 11
0.09098 0.92764 0.00763 0 0.57500 51.62500 0.00745 1.54235 11
-0.64415 0.87853 0.00763 0 -2.85000 49.52500 0.00745 1.60998 11
0.72463 -1.32333 0.00763 0 3.55000 44.35000 0.00745 1.65360 11
-0.74868 1.39547 0.00763 0 6.82500 42.82500 0.00745 1.66647 11
0.88438 -0.57029 0.00763 0 2.95000 35.67500 0.00745 1.71553 11
-0.84392 0.62109 0.00763 0 7.10000 32.02500 0.00745 1.73640 11
0.92629 -0.18358 0.00763 0 2.70000 25.02500 0.00745 1.77547 11
-0.85928 0.25597 0.00763 0 6.97500 19.65000 0.00745 1.80284 11
1.44009 -0.77476 0.00763 0 3.90000 10.42500 0.00745 1.84264 11
-1.71085 0.66241 0.00763 0 6.80000 6.57500 0.00745 1.85998 11
-0.15676 -2.28613 0.00763 0 4.65000 -8.77500 0.00745 1.94995 11
0.34429 2.30622 0.00763 0 6.17500 -8.62500 0.00745 1.95538 11
-20.21819 -34.47166 0.00763 0 5.75000 -3.35000 0.00745 1.98946 11
-0.57167 -0.61982 0.00763 0 4.32500 6.32500 0.00745 2.04565 11
0.78841 0.73672 0.00763 0 6.12500 7.00000 0.00745 2.05381 11
-1.74640 2.62560 0.00763 0 5.07500 11.42500 0.00745 2.09386 11
-0.15609 20.24190 0.00763 0 6.32500 10.50000 0.00745 2.10375 11
-0.62489 -0.83327 0.00763 0 7.50000 34.05000 0.00745 1.24570 11
-0.06706 -0.05093 0.00763 0 7.50000 34.05000 0.00745 1.24571 11
-0.17204 -0.43906 0.00763 0 2.17500 -54.30000 0.00745 0.48096 11
0.12704 0.16493 0.00763 0 4.55000 -52.25000 0.00745 0.55148 11
-0.11678 -0.39483 0.00763 0 2.65000 -51.45000 0.00745 0.62271 11
0.12777 0.17747 0.00763 0 4.37500 -49.80000 0.00745 0.69241 11
0.04902 -0.79518 0.00763 0 3.92500 -49.25000 0.00745 0.77824 11
0.09472 0.40055 0.00763 0 4.40000 -47.75000 0.00745 0.83339 11
-0.40838 -0.82576 0.00763 0 4.40000 -46.07500 0.00745 0.91193 11
0.29240 0.39817 0.00763 0 3.35000 -41.40000 0.00745 0.96176 11
-0.40665 -0.66744 0.00763 0 4.20000 -35.72500 0.00745 1.03561 11
-0.04251 0.37203 0.00763 0 3.42500 -32.82500 0.00745 1.08743 11
0.39339 -0.83163 0.00763 0 4.77500 -36.40000 0.00745 1.15869 11
-0.30445 0.24001 0.00763 0 2.32500 -40.75000 0.00745 1.20263 11
0.35536 -0.42566 0.00763 0 3.75000 -45.27500 0.00745 1.26427 11
-0.53601 0.28595 0.00763 0 0.85000 -51.32500 0.00745 1.31252 11
0.68414 -0.59159 0.00763 0 4.02500 -60.75000 0.00745 1.37465 11
-0.22829 -0.16803 0.00763 0 -2.42500 -54.17500 0.00745 0.48110 11
0.15803 0.11338 0.00763 0 -0.00000 -51.90000 0.00745 0.55979 11
-0.25314 -0.00533 0.00763 0 -1.72500 -48.35000 0.00745 0.62787 11
0.30314 0.13827 0.00763 0 -0.75000 -42.05000 0.00745 0.70586 11
-0.25712 -0.06658 0.00763 0 -1.47500 -37.72500 0.00745 0.76765 11
0.35197 0.36686 0.00763 0 -1.80000 -31.87500 0.00745 0.82933 11
-0.56655 -0.05968 0.00763 0 -1.30000 -24.57500 0.00745 0.89030 11
0.58942 0.29636 0.00763 0 -1.07500 -16.25000 0.00745 0.96197 11
-0.49550 -0.34144 0.00763 0 0.45000 -6.15000 0.00745 1.02981 11
0.52057 0.21396 0.00763 0 -1.52500 3.45000 0.00745 1.08995 11
-0.46001 -0.00066 0.00763 0 0.12500 10.82500 0.00745 1.14566 11
0.28615 -0.16615 0.00763 0 -1.65000 18.35000 0.00745 1.21489 11
-0.26122 0.25267 0.00763 0 -0.02500 23.37500 0.00745 1.26540 11
0.41616 0.17507 0.00763 0 -2.07500 29.32500 0.00745 1.32734 11
-0.35386 -0.05322 0.00763 0 0.72500 34.25000 0.00745 1.37409 11
0.34197 0.20905 0.00763 0 -2.50000 40.72500 0.00745 1.42692 11
-0.14712 -0.25346 0.00763 0 1.20000 44.67500 0.00745 1.47319 11
-0.40539 0.10499 0.00763 0 -2.85000 43.50000 0.00745 1.51487 11
0.30114 -0.13282 0.00763 0 2.20000 39.72500 0.00745 1.55217 11
-0.07885 0.29576 0.00763 0 -2.05000 37.62500 0.00745 1.59034 11
0.23921 -0.14011 0.00763 0 3.50000 35.00000 0.00745 1.62518 11
-1.47170 -0.52417 0.00763 0 7.85000 30.27500 0.00745 1.65644 11
2.93007 -0.34873 0.00763 0 5.92500 27.17500 0.00745 1.66943 11
-2.90214 0.83923 0.00763 0 7.25000 23.55000 0.00745 1.68288 11
0.31353 -0.35821 0.00763 0 7.50000 17.65000 0.00745 1.70430 11
-0.40337 -0.28135 0.00763 0 -1.85000 16.00000 0.00745 1.72226 11
1.71469 0.60935 0.00763 0 -3.47500 16.67500 0.00745 1.74810 11
-1.77571 -0.75952 0.00763 0 7.15000 20.22500 0.00745 1.76511 11
2.07690 0.64318 0.00763 0 7.97500 22.17500 0.00745 1.77305 11
-0.96895 0.84637 0.00763 0 6.50000 24.02500 0.00745 1.78272 11
5.62317 -5.65753 0.00763 0 7.35000 24.92500 0.00745 1.79808 11
0.15301 -0.43546 0.00763 0 8.10000 24.05000 0.00745 1.81562 11
-0.26262 -0.30502 0.00763 0 -0.12500 -54.30000 0.00745 0.48068 11
0.19723 0.17262 0.00763 0 2.30000 -50.65000 0.00745 0.55545 11
-0.25385 -0.12808 0.00763 0 1.10000 -44.10000 0.00745 0.63022 11
0.16666 0.01858 0.00763 0 2.32500 -39.27500 0.00745 0.70571 11
-0.17584 0.14149 0.00763 0 2.00000 -36.95000 0.00745 0.75866 11
0.15271 -0.30815 0.00763 0 1.87500 -33.05000 0.00745 0.84496 11
-0.19365 0.10823 0.00763 0 2.12500 -30.27500 0.00745 0.89502 11
0.19776 -0.30053 0.00763 0 1.72500 -26.57500 0.00745 0.98074 11
-0.15961 0.17088 0.00763 0 2.47500 -24.15000 0.00745 1.02790 11
0.10052 -0.49880 0.00763 0 1.32500 -22.10000 0.00745 1.10994 11
-0.18367 0.27074 0.00763 0 3.25000 -20.35000 0.00745 1.14985 11
0.03669 -0.30918 0.00763 0 1.75000 -18.42500 0.00745 1.23002 11
-0.01722 0.17992 0.00763 0 3.20000 -18.30000 0.00745 1.27357 11
0.04406 -0.45757 0.00763 0 1.27500 -18.97500 0.00745 1.35107 11
0.07300 0.22151 0.00763 0 4.07500 -20.07500 0.00745 1.38720 11
-0.31363 -0.30578 0.00763 0 1.60000 -23.57500 0.00745 1.46463 11
0.19413 0.17739 0.00763 0 3.87500 -26.25000 0.00745 1.50678 11
-0.21175 -0.61476 0.00763 0 0.55000 -27.97500 0.00745 1.57864 11
0.19876 0.22381 0.00763 0 4.90000 -30.00000 0.00745 1.60893 11
-0.05353 -0.67883 0.00763 0 0.95000 -33.07500 0.00745 1.67793 11
-0.05442 0.29018 0.00763 0 5.47500 -32.87500 0.00745 1.70716 11
-0.14164 -0.56802 0.00763 0 0.92500 -31.82500 0.00745 1.76806 11
0.14890 0.02190 0.00763 0 4.65000 -33.77500 0.00745 1.80468 11
0.06445 -0.20219 0.00763 0 0.72500 -33.77500 0.00745 1.85462 11
-0.09849 -0.08382 0.00763 0 4.72500 -32.35000 0.00745 1.89072 11
-0.03331 -0.56250 0.00763 0 -0.00000 -32.60000 0.00745 1.94211 11
-0.11942 0.15714 0.00763 0 6.12500 -32.67500 0.00745 1.96491 11
0.64575 -0.02843 0.00763 0 1.37500 -29.32500 0.00745 2.02113 11
-1.25500 -1.32506 0.00763 0 7.60000 -22.65000 0.00745 2.06516 11
0.78291 0.28146 0.00763 0 0.57500 -18.00000 0.00745 2.09185 11
-1.32961 -0.27604 0.00763 0 7.37500 -10.67500 0.00745 2.13573 11
0.29154 0.14666 0.00763 0 0.80000 -6.37500 0.00745 2.16875 11
-0.45085 -0.86698 0.00763 0 7.50000 -4.57500 0.00745 2.20276 11
0.11805 0.06378 0.00763 0 1.07500 -2.47500 0.00745 2.23153 11
0.07183 0.11840 0.00763 0 -3.85000 -2.37500 0.00745 2.25717 11
0.45877 -0.17146 0.00763 0 1.17500 -1.70000 0.00745 2.28647 11
-0.69101 0.22253 0.00763 0 -2.30000 1.05000 0.00745 2.30450 11
0.68968 -1.77084 0.00763 0 0.02500 10.72500 0.00745 2.37449 11
0.25970 0.97166 0.00763 0 -1.27500 10.57500 0.00745 2.37934 11
-1.60610 -2.92164 0.00763 0 -0.70000 -59.90000 0.00745 0.62697 11
-0.23204 -0.59815 0.00763 0 5.67500 -54.17500 0.00745 0.48260 11
0.43556 0.25749 0.00763 0 6.95000 -48.10000 0.00745 0.54949 11
-0.54591 -0.87413 0.00763 0 7.27500 -38.82500 0.00745 0.63853 11
0.77614 0.31504 0.00763 0 5.20000 -30.20000 0.00745 0.69118 11
-0.97740 -0.77291 0.00763 0 6.57500 -17.40000 0.00745 0.77135 11
0.80073 0.36641 0.00763 0 4.42500 -6.97500 0.00745 0.82704 11
-1.03997 -0.35061 0.00763 0 -4.37500 8.67500 0.00745 0.90579 11
-1.64153 -1.44248 0.00763 0 8.20000 9.62500 0.00745 0.91035 11
0.12616 0.61083 0.00763 0 5.15000 14.95000 0.00745 0.95217 11
-0.21534 -1.15664 0.00763 0 -1.70000 17.55000 0.00745 1.01379 11
0.22424 1.15790 0.00763 0 3.25000 18.57500 0.00745 1.03201 11
-0.29019 -0.68560 0.00763 0 -3.32500 22.55000 0.00745 1.09099 11
0.37908 0.66510 0.00763 0 3.00000 24.27500 0.00745 1.11647 11
-0.29319 -0.23622 0.00763 0 -3.80000 29.42500 0.00745 1.16943 11
0.08199 0.13076 0.00763 0 1.90000 31.20000 0.00745 1.19868 11
-0.05343 0.13767 0.00763 0 -4.25000 32.50000 0.00745 1.23172 11
0.12821 -0.45101 0.00763 0 7.90000 32.50000 0.00745 1.23418 11
-0.25980 0.08503 0.00763 0 2.20000 31.35000 0.00745 1.26593 11
0.04670 0.10398 0.00763 0 -3.30000 30.37500 0.00745 1.29459 11
-0.20051 -0.16518 0.00763 0 1.90000 29.62500 0.00745 1.32503 11
-0.00233 0.42011 0.00763 0 -2.70000 28.62500 0.00745 1.34542 11
-2.46002 -2.49419 0.00763 0 -0.72500 23.32500 0.00745 1.39196 11
-0.22643 -0.50312 0.00763 0 5.07500 -54.22500 0.00745 0.48217 11
-0.04271 0.07738 0.00763 0 6.92500 -52.25000 0.00745 0.55140 11
0.06443 -0.37070 0.00763 0 5.00000 -52.77500 0.00745 0.62682 11
-0.31359 -0.66883 0.00763 0 4.75000 -55.95000 0.00745 0.69536 11
0.21357 0.31363 0.00763 0 6.72500 -58.87500 0.00745 0.73550 11
-0.38806 -0.94522 0.00763 0 4.17500 -63.82500 0.00745 0.83565 11
-0.27729 -0.48832 0.00763 0 5.72500 -54.12500 0.00745 0.48265 11
0.23207 -0.05244 0.00763 0 7.52500 -50.07500 0.00745 0.55659 11
0.19117 0.30943 0.00763 0 -4.37500 -49.95000 0.00745 0.55872 11
-0.12361 -0.24549 0.00763 0 6.25000 -46.62500 0.00745 0.62630 11
0.08700 -0.37892 0.00763 0 6.97500 -44.50000 0.00745 0.70674 11
-0.27444 0.18411 0.00763 0 6.55000 -42.65000 0.00745 0.76336 11
0.31622 -0.49565 0.00763 0 5.00000 -35.22500 0.00745 0.85328 11
-0.26507 0.05179 0.00763 0 5.97500 -31.12500 0.00745 0.90237 11
0.17252 -0.42454 0.00763 0 4.95000 -26.77500 0.00745 0.98227 11
-0.09592 0.01490 0.00763 0 6.40000 -25.40000 0.00745 1.02610 11
0.02754 -0.51245 0.00763 0 4.87500 -22.77500 0.00745 1.10542 11
-0.14509 0.00290 0.00763 0 6.82500 -21.02500 0.00745 1.14758 11
0.05944 -0.92693 0.00763 0 4.22500 -18.07500 0.00745 1.22909 11
-0.14049 0.64388 0.00763 0 -3.97500 -17.52500 0.00745 1.26019 11
-0.13047 0.08713 0.00763 0 7.80000 -17.42500 0.00745 1.26281 11
0.24050 -0.90913 0.00763 0 3.97500 -11.57500 0.00745 1.33791 11
-0.15291 0.75518 0.00763 0 -3.95000 -10.30000 0.00745 1.36864 11
-0.25587 0.06320 0.00763 0 7.75000 -10.17500 0.00745 1.37133 11
-0.14223 -1.14602 0.00763 0 2.87500 -8.22500 0.00745 1.44717 11
-0.17446 1.32517 0.00763 0 -4.12500 -8.65000 0.00745 1.47380 11
-0.13715 0.48294 0.00763 0 7.37500 -8.57500 0.00745 1.47647 11
-0.42313 0.39602 0.00763 0 8.15000 -4.75000 0.00745 1.56617 11
0.48678 -0.91189 0.00763 0 1.70000 2.30000 0.00745 1.63264 11
-0.95874 1.44549 0.00763 0 -3.87500 4.30000 0.00745 1.65455 11
-0.77398 0.21814 0.00763 0 7.60000 4.82500 0.00745 1.65801 11
1.25742 -0.58608 0.00763 0 -0.47500 12.90000 0.00745 1.70190 11
-0.60159 -0.35513 0.00763 0 6.22500 18.42500 0.00745 1.73137 11
0.88254 -0.01414 0.00763 0 0.12500 25.25000 0.00745 1.77061 11
-2.99291 1.08963 0.00763 0 -3.60000 33.87500 0.00745 1.80560 11
-0.90930 0.05359 0.00763 0 7.92500 35.40000 0.00745 1.81156 11
0.85907 -1.71989 0.00763 0 -0.75000 43.17500 0.00745 1.86293 11
-0.92836 0.88493 0.00763 0 -4.37500 45.05000 0.00745 1.87770 11
-0.49808 0.06373 0.00763 0 7.40000 45.42500 0.00745 1.88014 11
0.74549 -0.76383 0.00763 0 -0.55000 50.65000 0.00745 1.91809 11
-0.83746 2.11347 0.00763 0 -4.20000 53.37500 0.00745 1.93546 11
-0.24409 0.27120 0.00763 0 7.17500 53.65000 0.00745 1.93838 11
-0.16799 -0.57850 0.00763 0 -0.90000 53.50000 0.00745 1.97392 11
-0.04736 0.85467 0.00763 0 -4.45000 53.25000 0.00745 1.98820 11
-0.03106 0.22810 0.00763 0 7.27500 53.20000 0.00745 1.99028 11
0.02516 0.46038 0.00763 0 7.72500 53.47500 0.00745 2.03034 11
-0.00564 0.81441 0.00763 0 8.20000 53.60000 0.00745 2.07089 11
-0.23803 -0.49673 0.00763 0 4.90000 -54.30000 0.00745 0.48207 11
0.33689 0.18302 0.00763 0 6.35000 -49.75000 0.00745 0.54892 11
-0.37658 -0.49031 0.00763 0 5.12500 -43.65000 0.00745 0.62642 11
0.36960 0.03987 0.00763 0 5.50000 -36.20000 0.00745 0.69352 11
-0.55237 -0.36043 0.00763 0 5.62500 -27.97500 0.00745 0.76060 11
0.44935 0.04182 0.00763 0 5.07500 -17.87500 0.00745 0.83077 11
-0.31576 -0.34181 0.00763 0 5.10000 -12.47500 0.00745 0.89306 11
0.44084 -0.09733 0.00763 0 5.42500 -7.62500 0.00745 0.96395 11
-0.52848 -0.22743 0.00763 0 6.45000 -1.50000 0.00745 1.02147 11
0.77076 -0.00772 0.00763 0 4.15000 9.15000 0.00745 1.08705 11
-0.74400 -0.54253 0.00763 0 6.72500 18.70000 0.00745 1.14656 11
0.52675 -0.12314 0.00763 0 3.65000 27.17500 0.00745 1.20144 11
-0.72060 -0.44778 0.00763 0 6.95000 37.32500 0.00745 1.25970 11
0.76615 -0.18524 0.00763 0 3.52500 46.95000 0.00745 1.31651 11
-0.96535 0.48124 0.00763 0 -4.05000 54.92500 0.00745 1.35914 11
-0.80632 -0.19186 0.00763 0 7.82500 55.57500 0.00745 1.36244 11
-0.23496 -0.14462 0.00763 0 -2.62500 -54.25000 0.00745 0.48110 11
0.31026 0.26882 0.00763 0 -0.52500 -49.65000 0.00745 0.55662 11
-0.26601 -0.19717 0.00763 0 -1.82500 -42.72500 0.00745 0.62977 11
0.23346 0.17478 0.00763 0 -0.75000 -37.92500 0.00745 0.69935 11
-0.13156 -0.05458 0.00763 0 -1.80000 -34.40000 0.00745 0.76393 11
-0.00123 0.30414 0.00763 0 -0.60000 -31.75000 0.00745 0.83745 11
-0.07656 -0.30276 0.00763 0 -1.20000 -30.17500 0.00745 0.90854 11
0.32785 0.36649 0.00763 0 -1.27500 -26.80000 0.00745 0.96661 11
-0.25519 -0.18567 0.00763 0 -0.85000 -20.70000 0.00745 1.03204 11
0.21119 0.14887 0.00763 0 -1.27500 -17.45000 0.00745 1.09321 11
-0.05923 -0.03592 0.00763 0 -0.95000 -17.07500 0.00745 1.15070 11
-0.09627 0.21489 0.00763 0 -1.52500 -18.85000 0.00745 1.21211 11
-0.09786 0.01874 0.00763 0 -0.45000 -16.85000 0.00745 1.26668 11
-0.06659 0.09688 0.00763 0 -1.65000 -16.62500 0.00745 1.32934 11
0.16964 -0.15841 0.00763 0 -0.02500 -18.35000 0.00745 1.38125 11
-0.25875 0.33528 0.00763 0 -2.42500 -21.67500 0.00745 1.42932 11
0.25459 -0.24932 0.00763 0 0.30000 -26.47500 0.00745 1.48344 11
-0.09503 0.44655 0.00763 0 -1.22500 -28.55000 0.00745 1.53273 11
0.09766 -0.53159 0.00763 0 2.57500 -31.12500 0.00745 1.59120 11
-0.11332 0.27453 0.00763 0 -0.65000 -32.25000 0.00745 1.63337 11
1.17778 1.70389 0.00763 0 -3.42500 -30.30000 0.00745 1.70659 11
-1.13120 -0.98745 0.00763 0 4.00000 -21.20000 0.00745 1.75428 11
1.21511 1.50495 0.00763 0 7.55000 -18.60000 0.00745 1.77002 11
0.55747 1.21162 0.00763 0 -3.37500 -17.95000 0.00745 1.77505 11
-1.02032 -2.85274 0.00763 0 4.20000 -16.00000 0.00745 1.82469 11
0.42693 2.43268 0.00763 0 6.17500 -15.22500 0.00745 1.83199 11
0.57854 -1.38971 0.00763 0 3.12500 -19.00000 0.00745 1.87848 11
-0.48778 1.12126 0.00763 0 6.17500 -20.17500 0.00745 1.89030 11
0.53016 -2.39688 0.00763 0 3.15000 -22.12500 0.00745 1.93414 11
-0.64405 2.37825 0.00763 0 5.12500 -22.65000 0.00745 1.94131 11
-0.15750 -0.69243 0.00763 0 1.67500 -23.20000 0.00745 1.97457 11
0.16254 0.70098 0.00763 0 5.20000 -22.67500 0.00745 1.98872 11
0.15743 -2.16390 0.00763 0 2.27500 -20.92500 0.00745 2.02271 11
-0.82240 3.09658 0.00763 0 3.62500 -21.12500 0.00745 2.02763 11
2.29189 -5.94270 0.00763 0 2.70000 -26.82500 0.00745 2.05871 11
-5.62622 11.81291 0.00763 0 2.85000 -26.87500 0.00745 2.05934 11
0.84075 -0.38751 0.00763 0 0.80000 -29.45000 0.00745 2.07716 11
-1.33502 1.01655 0.00763 0 2.70000 -30.90000 0.00745 2.08691 11
0.44028 -0.62016 0.00763 0 1.05000 -30.27500 0.00745 2.10274 11
-0.60651 0.44199 0.00763 0 2.37500 -31.10000 0.00745 2.10945 11
1.62577 0.35514 0.00763 0 1.15000 -32.65000 0.00745 2.11907 11
-0.70476 -0.07697 0.00763 0 1.75000 -34.22500 0.00745 2.12813 11
-0.17850 -0.21495 0.00763 0 -0.35000 -54.35000 0.00745 0.48063 11
0.27212 0.23501 0.00763 0 1.65000 -49.82500 0.00745 0.55269 11
-0.27594 -0.14382 0.00763 0 0.32500 -43.62500 0.00745 0.62284 11
0.32734 0.02616 0.00763 0 1.45000 -37.25000 0.00745 0.69983 11
-0.31059 -0.26995 0.00763 0 0.50000 -31.22500 0.00745 0.76825 11
0.38473 0.13405 0.00763 0 1.42500 -24.75000 0.00745 0.83868 11
-0.62454 -0.16975 0.00763 0 2.17500 -15.70000 0.00745 0.90520 11
0.59213 -0.02330 0.00763 0 0.75000 -6.60000 0.00745 0.97058 11
-0.72056 -0.03718 0.00763 0 3.27500 3.32500 0.00745 1.02561 11
0.79814 -0.00399 0.00763 0 0.40000 14.50000 0.00745 1.09105 11
-0.69144 -0.05441 0.00763 0 3.30000 24.60000 0.00745 1.14667 11
0.66276 -0.17538 0.00763 0 -0.50000 36.25000 0.00745 1.21136 11
-0.74523 0.46264 0.00763 0 4.12500 42.92500 0.00745 1.24817 11
1.57153 -1.16367 0.00763 0 -2.87500 59.90000 0.00745 1.33332 11
-1.50347 0.70383 0.00763 0 6.27500 64.25000 0.00745 1.35117 11
-0.36430 -0.28324 0.00763 0 -1.27500 -54.30000 0.00745 0.48077 11
0.25077 0.28962 0.00763 0 0.10000 -48.62500 0.00745 0.54868 11
-0.20963 -0.24660 0.00763 0 -1.55000 -43.15000 0.00745 0.62316 11
0.16029 0.20168 0.00763 0 0.25000 -39.52500 0.00745 0.69526 11
-0.16060 -0.09942 0.00763 0 -1.07500 -35.37500 0.00745 0.76283 11
0.13142 0.29574 0.00763 0 -0.02500 -30.92500 0.00745 0.83228 11
-0.08511 -0.13289 0.00763 0 -0.97500 -29.82500 0.00745 0.89698 11
0.03604 0.04449 0.00763 0 -0.55000 -28.10000 0.00745 0.96549 11
-0.07377 0.01048 0.00763 0 -0.80000 -27.27500 0.00745 1.02162 11
-0.02132 0.01317 0.00763 0 -0.70000 -25.62500 0.00745 1.09352 11
-0.03759 0.03626 0.00763 0 -0.55000 -24.65000 0.00745 1.14880 11
0.03764 -0.05980 0.00763 0 -1.05000 -23.32500 0.00745 1.21938 11
0.05689 0.11131 0.00763 0 -0.20000 -24.12500 0.00745 1.26872 11
-0.21954 -0.05601 0.00763 0 -1.30000 -26.02500 0.00745 1.33805 11
0.19747 0.00184 0.00763 0 0.37500 -30.42500 0.00745 1.38661 11
-0.28722 0.15056 0.00763 0 -1.25000 -36.22500 0.00745 1.44907 11
0.42173 -0.17523 0.00763 0 1.00000 -42.47500 0.00745 1.50239 11
-0.52683 0.18306 0.00763 0 -2.12500 -49.17500 0.00745 1.55387 11
0.82958 -0.35866 0.00763 0 1.50000 -57.95000 0.00745 1.60869 11
-0.52500 0.29586 0.00763 0 5.17500 -61.50000 0.00745 1.63191 11
-0.17617 -0.18246 0.00763 0 -1.05000 -54.30000 0.00745 0.48073 11
0.15776 0.19565 0.00763 0 0.57500 -51.90000 0.00745 0.55028 11
-0.26755 -0.21612 0.00763 0 -0.87500 -47.82500 0.00745 0.61968 11
0.22393 0.15458 0.00763 0 0.32500 -43.70000 0.00745 0.68896 11
-0.09770 -0.07551 0.00763 0 -0.75000 -40.57500 0.00745 0.75255 11
0.09905 0.03715 0.00763 0 0.02500 -38.95000 0.00745 0.82271 11
-0.10132 -0.12926 0.00763 0 -0.75000 -37.15000 0.00745 0.88347 11
0.15703 0.26169 0.00763 0 -0.55000 -34.80000 0.00745 0.94560 11
-0.14191 -0.39637 0.00763 0 -0.57500 -32.02500 0.00745 1.01594 11
0.01861 0.18925 0.00763 0 -0.95000 -31.32500 0.00745 1.07208 11
0.01493 -0.09143 0.00763 0 -0.17500 -31.87500 0.00745 1.12911 11
-0.05586 0.09535 0.00763 0 -1.42500 -32.72500 0.00745 1.18853 11
0.09460 -0.16117 0.00763 0 0.15000 -33.32500 0.00745 1.23763 11
-0.23773 0.17405 0.00763 0 -1.45000 -36.67500 0.00745 1.29354 11
0.03857 -0.08611 0.00763 0 0.72500 -39.50000 0.00745 1.34252 11
0.16761 0.28271 0.00763 0 -1.25000 -38.50000 0.00745 1.39491 11
-0.18230 -0.50233 0.00763 0 1.17500 -37.35000 0.00745 1.44810 11
-0.20989 0.23214 0.00763 0 8.25000 -37.25000 0.00745 1.47917 11
-0.20922 0.32649 0.00763 0 -3.50000 -37.45000 0.00745 1.48251 11
0.27130 -0.22078 0.00763 0 2.72500 -39.45000 0.00745 1.51578 11
-0.44165 -0.05042 0.00763 0 8.25000 -42.40000 0.00745 1.54502 11
-0.59573 -0.48686 0.00763 0 -4.07500 -42.95000 0.00745 1.54865 11
0.02284 0.39969 0.00763 0 5.07500 -44.37500 0.00745 1.56061 11
-0.23388 -0.50328 0.00763 0 -3.27500 -46.87500 0.00745 1.59425 11
1.08185 -0.15502 0.00763 0 5.37500 -47.47500 0.00745 1.61006 11
-1.23983 0.11274 0.00763 0 7.05000 -50.62500 0.00745 1.62393 11
1.36976 -0.68802 0.00763 0 5.07500 -53.00000 0.00745 1.63734 11
-1.15456 0.69380 0.00763 0 6.42500 -54.40000 0.00745 1.64485 11
1.17704 -0.46790 0.00763 0 5.40000 -55.85000 0.00745 1.65505 11
-1.93166 0.24967 0.00763 0 5.75000 -56.47500 0.00745 1.65805 11
-0.21454 -0.18243 0.00763 0 -1.97500 -54.32500 0.00745 0.48086 11
-0.09220 0.52278 0.00763 0 0.42500 -51.05000 0.00745 0.55255 11
0.00085 -0.65215 0.00763 0 -0.60000 -54.12500 0.00745 0.63722 11
0.36534 0.02967 0.00763 0 6.42500 -52.72500 0.00745 0.66960 11
-0.73164 0.02431 0.00763 0 -2.87500 -46.67500 0.00745 0.72069 11
0.93416 -0.01265 0.00763 0 4.72500 -35.37500 0.00745 0.77723 11
-0.89161 -0.16936 0.00763 0 -2.67500 -25.42500 0.00745 0.83192 11
0.58234 0.51190 0.00763 0 4.80000 -17.42500 0.00745 0.87470 11
-0.52958 -0.64493 0.00763 0 -1.47500 -8.92500 0.00745 0.93233 11
0.64108 0.63338 0.00763 0 4.82500 -5.62500 0.00745 0.95999 11
-0.74530 -0.72464 0.00763 0 -0.85000 2.35000 0.00745 1.01867 11
0.75772 0.76990 0.00763 0 4.30000 6.00000 0.00745 1.04199 11
-1.02228 -0.77548 0.00763 0 -0.40000 15.87500 0.00745 1.10008 11
0.88085 0.60000 0.00763 0 4.42500 20.05000 0.00745 1.12368 11
-3.35273 0.66809 0.00763 0 -0.27500 30.32500 0.00745 1.17410 11
2.80359 -0.55395 0.00763 0 1.95000 43.07500 0.00745 1.21973 11
-2.45938 -0.00988 0.00763 0 0.80000 49.72500 0.00745 1.24263 11
3.63189 0.36990 0.00763 0 2.42500 58.52500 0.00745 1.27362 11
-2.02529 0.90990 0.00763 0 0.07500 64.20000 0.00745 1.29548 11
-0.32844 -0.47518 0.00763 0 4.52500 -54.22500 0.00745 0.48190 11
0.34564 0.08851 0.00763 0 6.20000 -46.90000 0.00745 0.55687 11
-0.43167 -0.34065 0.00763 0 5.05000 -40.15000 0.00745 0.62829 11
0.34067 0.05891 0.00763 0 5.77500 -33.37500 0.00745 0.69744 11
-0.42420 -0.27219 0.00763 0 5.15000 -26.80000 0.00745 0.76456 11
0.35038 0.00285 0.00763 0 4.97500 -19.05000 0.00745 0.83272 11
-0.39548 -0.43187 0.00763 0 5.42500 -12.75000 0.00745 0.89404 11
0.26946 0.36894 0.00763 0 4.65000 -7.72500 0.00745 0.94972 11
-0.55258 -0.92569 0.00763 0 6.37500 -0.77500 0.00745 1.02388 11
0.02040 0.14347 0.00763 0 4.35000 3.00000 0.00745 1.07133 11
-0.08043 -0.52272 0.00763 0 5.82500 4.07500 0.00745 1.12950 11
0.05664 0.17800 0.00763 0 4.62500 5.70000 0.00745 1.18287 11
0.05336 -0.60539 0.00763 0 6.77500 5.55000 0.00745 1.24046 11
-0.08641 0.11842 0.00763 0 4.37500 4.45000 0.00745 1.28708 11
-0.10063 -0.63142 0.00763 0 6.95000 3.42500 0.00745 1.34289 11
0.13021 0.06362 0.00763 0 4.20000 5.72500 0.00745 1.38927 11
-0.16178 -0.69370 0.00763 0 7.45000 8.27500 0.00745 1.44134 11
0.26052 0.13878 0.00763 0 3.27500 9.30000 0.00745 1.47866 11
-0.19328 -0.41380 0.00763 0 7.07500 12.82500 0.00745 1.52492 11
0.26798 -0.13197 0.00763 0 3.37500 15.40000 0.00745 1.57125 11
-0.33109 -0.67682 0.00763 0 7.55000 18.50000 0.00745 1.61448 11
0.35801 0.00645 0.00763 0 3.07500 20.87500 0.00745 1.65353 11
-1.15877 0.17600 0.00763 0 -3.87500 26.20000 0.00745 1.69461 11
-1.18348 -0.71441 0.00763 0 8.30000 27.20000 0.00745 1.69910 11
1.26148 -0.86154 0.00763 0 0.57500 35.55000 0.00745 1.74048 11
-3.66056 2.78094 0.00763 0 -2.25000 38.77500 0.00745 1.75561 11
-0.26773 -0.22880 0.00763 0 -2.02500 -54.32500 0.00745 0.48090 11
0.30541 0.31954 0.00763 0 -0.12500 -49.35000 0.00745 0.55281 11
-0.08151 -1.15068 0.00763 0 5.42500 -46.90000 0.00745 0.59599 11
0.06053 0.54918 0.00763 0 -0.55000 -46.35000 0.00745 0.62092 11
0.25374 -0.85085 0.00763 0 5.35000 -47.07500 0.00745 0.66305 11
-0.26247 0.38824 0.00763 0 -0.60000 -48.75000 0.00745 0.69034 11
-0.13399 -1.44885 0.00763 0 5.70000 -51.37500 0.00745 0.73337 11
0.22134 0.66304 0.00763 0 -1.40000 -50.45000 0.00745 0.75265 11
-0.57725 -1.00685 0.00763 0 5.45000 -47.87500 0.00745 0.79473 11
0.38117 0.44671 0.00763 0 -1.47500 -45.62500 0.00745 0.81764 11
-0.02410 -0.33234 0.00763 0 5.80000 -41.27500 0.00745 0.85706 11
0.03576 -0.00493 0.00763 0 -0.35000 -40.90000 0.00745 0.88818 11
-0.28951 -0.63959 0.00763 0 6.50000 -39.62500 0.00745 0.91882 11
-0.65082 -0.41100 0.00763 0 -1.20000 -40.17500 0.00745 0.94525 11
0.82464 0.47661 0.00763 0 -4.32500 -42.62500 0.00745 0.96059 11
0.89532 0.22223 0.00763 0 7.57500 -43.10000 0.00745 0.96333 11
-0.17142 -0.37160 0.00763 0 0.50000 -54.32500 0.00745 0.48069 11
0.16936 0.28482 0.00763 0 2.35000 -51.95000 0.00745 0.54772 11
-0.00197 -0.48097 0.00763 0 0.97500 -48.35000 0.00745 0.62788 11
-0.09156 0.35057 0.00763 0 2.12500 -47.82500 0.00745 0.68858 11
0.15391 -0.34270 0.00763 0 1.10000 -50.37500 0.00745 0.76333 11
-0.33594 0.43607 0.00763 0 1.02500 -54.10000 0.00745 0.82065 11
0.34167 -0.58696 0.00763 0 1.37500 -59.27500 0.00745 0.89616 11
-0.43890 -0.00522 0.00763 0 0.77500 -63.05000 0.00745 0.95201 11
-0.23793 -0.19828 0.00763 0 -3.45000 -54.30000 0.00745 0.48137 11
0.34596 0.38561 0.00763 0 -1.97500 -47.35000 0.00745 0.55190 11
-0.22294 -0.14155 0.00763 0 -3.32500 -42.20000 0.00745 0.62787 11
0.16687 0.27392 0.00763 0 -2.95000 -37.22500 0.00745 0.69243 11
-0.08022 0.03856 0.00763 0 -3.82500 -35.07500 0.00745 0.75482 11
0.10128 -0.67779 0.00763 0 8.37500 -35.05000 0.00745 0.75790 11
0.04658 0.14802 0.00763 0 6.00000 -34.12500 0.00745 0.80390 11
0.17470 -0.00364 0.00763 0 -4.07500 -34.10000 0.00745 0.85924 11
0.34805 -0.47445 0.00763 0 8.15000 -34.30000 0.00745 0.86211 11
0.19795 -0.02186 0.00763 0 5.22500 -37.35000 0.00745 0.91201 11
-0.19103 0.07581 0.00763 0 -4.15000 -34.80000 0.00745 0.96079 11
-0.25512 -0.84043 0.00763 0 8.02500 -34.65000 0.00745 0.96346 11
0.56029 -0.15430 0.00763 0 4.35000 -31.42500 0.00745 1.00783 11
-0.79020 0.15008 0.00763 0 -3.30000 -25.52500 0.00745 1.04954 11
0.71406 -0.54205 0.00763 0 2.32500 -14.40000 0.00745 1.10536 11
-0.75684 0.64851 0.00763 0 -3.60000 -9.30000 0.00745 1.13524 11
-0.70469 -0.08375 0.00763 0 8.20000 -8.72500 0.00745 1.13889 11
1.38856 -1.40525 0.00763 0 0.75000 1.15000 0.00745 1.19349 11
-1.24955 0.99049 0.00763 0 -2.12500 3.42500 0.00745 1.20622 11
0.65363 -1.06099 0.00763 0 0.65000 14.85000 0.00745 1.26233 11
-0.83728 0.60454 0.00763 0 -3.17500 18.22500 0.00745 1.28082 11
0.06344 0.01562 0.00763 0 2.02500 24.02500 0.00745 1.32067 11
-0.14952 -0.12080 0.00763 0 -3.82500 25.05000 0.00745 1.35171 11
-0.01169 0.01766 0.00763 0 0.77500 25.15000 0.00745 1.37614 11
-0.14185 -0.00353 0.00763 0 -4.32500 25.27500 0.00745 1.40581 11
-0.29494 -0.71222 0.00763 0 7.87500 25.40000 0.00745 1.40835 11
-0.10835 -0.21682 0.00763 0 -1.47500 25.32500 0.00745 1.42627 11
0.11688 -0.64039 0.00763 0 7.12500 24.45000 0.00745 1.44391 11
-0.03662 -0.09405 0.00763 0 -1.47500 24.27500 0.00745 1.46240 11
-0.44984 -0.80461 0.00763 0 7.30000 23.80000 0.00745 1.48101 11
0.23681 -0.10261 0.00763 0 -1.72500 25.20000 0.00745 1.49771 11
-0.61609 -0.70746 0.00763 0 7.42500 26.87500 0.00745 1.51584 11
0.48456 -0.28105 0.00763 0 -2.35000 29.37500 0.00745 1.53173 11
-0.73577 0.78774 0.00763 0 6.65000 32.90000 0.00745 1.55231 11
-0.44244 -1.28819 0.00763 0 8.20000 35.95000 0.00745 1.59111 11
9.20329 -12.16737 0.00763 0 -4.00000 36.90000 0.00745 1.59793 11
0.12924 -0.15368 0.00763 0 7.77500 37.17500 0.00745 1.60161 11
0.18262 0.56957 0.00763 0 7.60000 36.22500 0.00745 1.61993 11
0.85499 -1.67944 0.00598 0 -1.70000 -59.57500 0.00580 2.19362 11
-0.99350 0.62214 0.00598 0 6.07500 -55.37500 0.00580 2.21464 11
-2.43893 0.89605 0.00598 0 6.87500 -38.85000 0.00580 2.29112 11
1.25185 -0.59835 0.00598 0 -2.60000 -22.87500 0.00580 2.35432 11
-0.90549 -0.54090 0.00598 0 5.35000 -14.50000 0.00580 2.38956 11
0.60159 0.03484 0.00598 0 -1.65000 -9.52500 0.00580 2.42067 11
-0.88209 -0.45038 0.00598 0 5.40000 -4.52500 0.00580 2.45102 11
0.76029 0.22466 0.00598 0 -2.12500 0.62500 0.00580 2.47871 11
-0.60669 -0.13472 0.00598 0 5.15000 5.27500 0.00580 2.50758 11
0.54486 -0.17336 0.00598 0 -2.25000 10.17500 0.00580 2.53986 11
-0.26650 0.10038 0.00598 0 5.35000 11.02500 0.00580 2.55824 11
