0.63808 0.29440 0.01168 0 0.62500 -28.62500 0.00992 0.01323 11
-0.76670 -0.60764 0.01168 0 6.77500 -10.97500 0.00992 0.12624 11
0.75496 0.04752 0.01168 0 -0.37500 6.95000 0.00992 0.23339 11
-0.70763 0.11179 0.01168 0 -4.05000 23.92500 0.00992 0.32424 11
-0.77790 -0.38351 0.01168 0 8.05000 24.45000 0.00992 0.32743 11
0.75978 0.01834 0.01168 0 -0.62500 46.80000 0.00992 0.44842 11
-0.95481 0.07865 0.01168 0 -3.70000 62.05000 0.00992 0.53194 11
-1.08283 -0.31978 0.01168 0 8.45000 62.95000 0.00992 0.53629 11
-0.72018 -0.35743 0.01168 0 1.37500 -45.55000 0.00992 -0.10056 11
0.59069 0.53907 0.01168 0 -3.05000 -28.85000 0.00992 0.01222 11
-0.19690 -0.15260 0.01168 0 -0.42500 -24.67500 0.00992 0.11296 11
0.14507 0.05685 0.01168 0 8.30000 -18.27500 0.00992 0.22873 11
0.03827 0.53524 0.01168 0 -3.40000 -18.22500 0.00992 0.23210 11
-0.01068 -0.38659 0.01168 0 -0.52500 -18.67500 0.00992 0.34482 11
0.00472 0.21506 0.01168 0 8.12500 -18.37500 0.00992 0.44628 11
0.05024 0.55361 0.01168 0 -3.55000 -18.32500 0.00992 0.44947 11
-0.05900 -0.31384 0.01168 0 0.22500 -17.22500 0.00992 0.55334 11
0.07600 0.01212 0.01168 0 7.87500 -15.45000 0.00992 0.65776 11
0.05577 0.35022 0.01168 0 -4.00000 -15.40000 0.00992 0.66032 11
-0.09469 -0.10039 0.01168 0 0.80000 -12.72500 0.00992 0.75230 11
0.12301 0.01134 0.01168 0 7.02500 -7.75000 0.00992 0.85913 11
-0.12885 -0.25871 0.01168 0 0.77500 -4.80000 0.00992 0.95020 11
0.20837 0.03059 0.01168 0 6.65000 -1.15000 0.00992 1.04425 11
-0.16792 -0.35564 0.01168 0 0.80000 2.67500 0.00992 1.13308 11
0.26193 0.25535 0.01168 0 6.05000 7.70000 0.00992 1.21770 11
-0.27422 -0.38583 0.01168 0 1.07500 15.12500 0.00992 1.31606 11
0.39428 0.17490 0.01168 0 4.87500 23.65000 0.00992 1.39800 11
-0.30545 -0.37544 0.01168 0 1.15000 32.57500 0.00992 1.48867 11
0.46107 0.16612 0.01168 0 4.50000 40.97500 0.00992 1.56967 11
-0.52746 -0.34486 0.01168 0 2.35000 53.32500 0.00992 1.65773 11
0.53947 0.17022 0.01168 0 4.52500 62.15000 0.00992 1.73476 11
-0.66549 -0.37775 0.01168 0 -0.25000 -45.60000 0.00992 -0.10071 11
0.33243 0.30349 0.01168 0 8.17500 -31.55000 0.00992 0.01129 11
0.30949 0.59236 0.01168 0 -3.42500 -31.30000 0.00992 0.01475 11
-0.23939 -0.44368 0.01168 0 -0.42500 -22.47500 0.00992 0.13021 11
0.21721 0.31528 0.01168 0 8.27500 -16.72500 0.00992 0.22875 11
0.28182 0.68473 0.01168 0 -3.25000 -16.47500 0.00992 0.23249 11
-0.28596 -0.77787 0.01168 0 0.75000 -9.00000 0.00992 0.35774 11
0.22884 0.65349 0.01168 0 6.27500 -5.27500 0.00992 0.43068 11
-0.07675 -0.78500 0.01168 0 0.32500 1.95000 0.00992 0.56334 11
0.03665 0.87605 0.01168 0 4.67500 4.65000 0.00992 0.62969 11
-0.12860 -1.13026 0.01168 0 1.00000 7.80000 0.00992 0.76595 11
-0.02825 0.76344 0.01168 0 4.60000 8.35000 0.00992 0.82698 11
0.00297 -1.16219 0.01168 0 4.15000 8.52500 0.00992 0.92307 11
-0.01885 0.68721 0.01168 0 4.12500 8.50000 0.00992 0.97086 11
0.06208 -0.93325 0.01168 0 4.20000 8.32500 0.00992 1.06185 11
0.08985 0.64762 0.01168 0 4.62500 8.00000 0.00992 1.11339 11
-0.26525 -1.73809 0.01168 0 6.32500 8.62500 0.00992 1.20821 11
0.23554 0.84303 0.01168 0 6.45000 11.02500 0.00992 1.25483 11
-0.23473 -0.91647 0.01168 0 -2.22500 14.45000 0.00992 1.34143 11
0.25685 0.93131 0.01168 0 5.62500 16.22500 0.00992 1.37143 11
-0.03368 -0.95006 0.01168 0 -2.55000 17.62500 0.00992 1.45616 11
0.10122 0.92701 0.01168 0 5.07500 17.92500 0.00992 1.48451 11
-0.58912 -1.91018 0.01168 0 -1.22500 23.92500 0.00992 1.57346 11
0.57703 2.15149 0.01168 0 3.32500 25.37500 0.00992 1.59007 11
-0.46653 -1.45264 0.01168 0 -0.97500 28.17500 0.00992 1.68120 11
0.39040 1.45875 0.01168 0 4.60000 29.67500 0.00992 1.70173 11
-0.26554 -0.90039 0.01168 0 -3.37500 34.75000 0.00992 1.77174 11
0.26818 0.87751 0.01168 0 3.62500 36.42500 0.00992 1.79877 11
-0.10397 -1.06465 0.01168 0 -2.45000 40.67500 0.00992 1.87701 11
0.12072 0.95008 0.01168 0 3.77500 41.02500 0.00992 1.89991 11
-0.03654 -0.88103 0.01168 0 -3.52500 42.35000 0.00992 1.96796 11
-0.01899 0.86592 0.01168 0 3.35000 42.57500 0.00992 1.99413 11
0.36944 -0.83467 0.01168 0 -2.90000 39.12500 0.00992 2.06454 11
-0.46041 0.81620 0.01168 0 3.42500 36.95000 0.00992 2.08980 11
0.27596 -0.59477 0.01168 0 -3.57500 31.42500 0.00992 2.15130 11
-0.29737 0.66460 0.01168 0 3.30000 29.47500 0.00992 2.17948 11
0.52524 -1.20541 0.01168 0 -1.52500 20.85000 0.00992 2.24722 11
-0.55276 1.17930 0.01168 0 3.30000 19.15000 0.00992 2.26565 11
0.83628 -0.71736 0.01168 0 -1.95000 10.82500 0.00992 2.32654 11
-0.88780 0.56048 0.01168 0 3.32500 6.12500 0.00992 2.35290 11
0.59967 0.27153 0.01168 0 -3.20000 0.50000 0.00992 2.39125 11
-0.61583 -0.55363 0.01168 0 2.75000 -5.17500 0.00992 2.43524 11
0.73770 0.80463 0.01168 0 -2.05000 -7.20000 0.00992 2.45479 11
-0.54284 -0.40562 0.01168 0 3.20000 -14.60000 0.00992 2.50975 11
0.71093 0.29442 0.01168 0 -1.72500 -18.72500 0.00992 2.53536 11
-1.00401 -0.67476 0.01168 0 2.95000 -26.00000 0.00992 2.57714 11
0.80783 0.92815 0.01168 0 -0.72500 -28.95000 0.00992 2.59468 11
-0.98297 -0.73363 0.01168 0 3.25000 -34.42500 0.00992 2.63652 11
0.82410 0.24240 0.01168 0 -0.77500 -37.80000 0.00992 2.65751 11
-0.79127 0.02976 0.01168 0 3.15000 -42.27500 0.00992 2.68355 11
0.47851 -0.05235 0.01168 0 -0.70000 -44.60000 0.00992 2.70453 11
-0.48625 0.01412 0.01168 0 2.97500 -47.25000 0.00992 2.72589 11
0.28366 -0.20281 0.01168 0 -0.42500 -50.62500 0.00992 2.74878 11
-0.18295 0.29246 0.01168 0 3.25000 -51.12500 0.00992 2.76620 11
0.62443 0.01837 0.01168 0 0.20000 -54.30000 0.00992 2.78725 11
-1.19678 -0.34143 0.01168 0 2.25000 -58.62500 0.00992 2.80765 11
0.63645 -0.69519 0.01168 0 0.70000 -63.02500 0.00992 2.82662 11
-0.60542 1.22084 0.01168 0 2.47500 -63.92500 0.00992 2.83438 11
-0.08521 0.24036 0.01168 0 0.35000 -63.65000 0.00992 2.84792 11
0.05378 -0.04055 0.01168 0 2.60000 -62.97500 0.00992 2.86316 11
-0.17245 0.56827 0.01168 0 0.25000 -62.80000 0.00992 2.87646 11
0.05352 -0.15232 0.01168 0 2.25000 -62.40000 0.00992 2.89095 11
-0.31485 1.43685 0.01168 0 0.37500 -63.67500 0.00992 2.90502 11
0.12583 -3.66923 0.01168 0 1.30000 -63.52500 0.00992 2.92277 11
0.38364 -1.45922 0.01168 0 2.35000 -30.70000 0.00992 3.62603 11
0.75795 1.46014 0.01168 0 2.07500 -30.72500 0.00992 3.62717 11
-0.15790 -1.24084 0.01168 0 2.65000 -32.45000 0.00992 3.64107 11
-0.61158 0.85957 0.01168 0 2.47500 -32.35000 0.00992 3.64213 11
1.41979 -0.38821 0.01168 0 2.90000 -31.12500 0.00992 3.65112 11
1.84267 0.48896 0.01168 0 1.15000 -49.02500 0.00992 2.88319 11
0.69081 0.61311 0.00189 0 1.42500 -4.90000 0.00188 1.17339 11
-1.04920 -0.87275 0.00189 0 2.65000 -6.97500 0.00188 1.18891 11
-35.36733 -25.54131 0.00189 0 2.32500 -7.25000 0.00188 1.19052 11
-30.36735 -0.06946 0.00189 0 2.27500 -15.72500 0.00188 1.22572 11
11.29721 0.85227 0.00189 0 2.50000 -16.02500 0.00188 1.22944 11
-0.88085 -0.86810 0.01168 0 7.75000 -44.92500 0.00992 -0.09650 11
0.55339 0.46079 0.01168 0 2.75000 -29.57500 0.00992 0.00749 11
-0.44929 -0.41120 0.01168 0 -3.15000 -10.10000 0.00992 0.13488 11
0.42153 0.45360 0.01168 0 3.47500 0.70000 0.00992 0.22620 11
-0.33029 -0.44052 0.01168 0 -3.85000 11.55000 0.00992 0.34798 11
0.30188 0.41676 0.01168 0 4.05000 18.10000 0.00992 0.44217 11
-0.32478 -0.40876 0.01168 0 -3.00000 27.77500 0.00992 0.55711 11
0.38287 0.53477 0.01168 0 3.82500 35.10000 0.00992 0.64617 11
-0.56978 -0.67337 0.01168 0 -1.07500 49.30000 0.00992 0.76664 11
0.54464 0.88132 0.01168 0 2.17500 57.82500 0.00992 0.83529 11
0.07913 0.46418 0.00803 0 -4.02500 -63.45000 0.00802 -0.09420 -11
0.13775 0.09220 0.00803 0 7.75000 -63.50000 0.00802 -0.09167 -11
0.07147 0.17486 0.00803 0 0.75000 -63.42500 0.00802 -0.09511 -11
0.06880 0.11772 0.00803 0 6.95000 -63.45000 0.00802 -0.09239 -11
0.06493 0.26567 0.00803 0 0.55000 -63.45000 0.00802 -0.09510 -11
-0.03541 0.01920 0.00803 0 4.42500 -63.37500 0.00802 -0.09404 -11
-0.10024 -0.07026 0.00803 0 1.75000 -64.92500 0.00802 -0.01152 -11
-0.04167 -0.03927 0.00803 0 4.12500 -64.62500 0.00802 0.05399 -11
-0.10010 -0.13525 0.00803 0 1.85000 -64.67500 0.00802 0.13520 -11
-0.10406 -0.23723 0.00803 0 2.02500 -63.82500 0.00802 3.84240 -11
0.30368 0.34922 0.00803 0 5.00000 -63.67500 0.00802 4.26348 -11
-0.72397 -0.14855 0.00803 0 -2.77500 -61.17500 0.00802 4.28379 -11
0.78735 -0.27388 0.00803 0 5.42500 -56.45000 0.00802 4.31135 -11
-0.69556 0.76179 0.00803 0 -3.32500 -51.27500 0.00802 4.33842 -11
-0.21527 0.12569 0.00803 0 -4.37500 -50.60000 0.00802 4.34569 -11
0.19889 0.18752 0.00803 0 -0.90000 -52.35000 0.00802 4.36625 -11
-0.16349 -1.79656 0.00803 0 8.05000 -52.85000 0.00802 4.38130 -11
0.00237 -0.04073 0.00803 0 -4.45000 -52.82500 0.00802 4.38426 -11
0.31946 -0.38596 0.00803 0 -1.37500 -52.62500 0.00802 4.39853 -11
-0.42073 -0.56031 0.00803 0 7.80000 -54.10000 0.00802 4.41764 -11
-1.02313 0.63779 0.00803 0 -4.22500 -54.52500 0.00802 4.42059 -11
1.54194 -0.34739 0.00803 0 -3.92500 -54.92500 0.00802 4.42268 -11
0.50714 0.57635 0.00803 0 7.95000 -55.95000 0.00802 4.42729 -11
-0.14357 -0.52188 0.00803 0 5.90000 -56.65000 0.00802 4.43633 -11
-0.54382 -0.12301 0.00803 0 -4.15000 -56.37500 0.00802 4.44516 -11
-0.91279 -5.60103 0.00803 0 -4.07500 -55.70000 0.00802 4.45146 -11
-0.40805 0.00373 0.00803 0 8.12500 -55.82500 0.00802 4.45549 -11
0.06238 0.18254 0.00803 0 6.70000 -55.17500 0.00802 4.46476 -11
-0.27068 0.24812 0.00803 0 -3.80000 -54.92500 0.00802 4.47404 -11
0.23532 -1.04922 0.00803 0 -4.50000 -54.82500 0.00802 4.47790 -11
0.09254 0.33109 0.00803 0 -1.65000 -63.42500 0.00802 -0.09499 -11
-0.17008 -0.78021 0.00803 0 8.37500 -64.50000 0.00802 -0.02724 -11
-0.18540 -0.04770 0.00803 0 -3.92500 -64.67500 0.00802 -0.02415 -11
0.02601 0.25734 0.00803 0 -0.17500 -63.42500 0.00802 -0.09514 -11
0.00636 -0.31322 0.00803 0 -3.12500 -63.95000 0.00802 -0.02201 -11
-0.35729 0.51618 0.00803 0 -1.07500 -58.25000 0.00802 0.06657 -11
0.50088 -0.28362 0.00803 0 -1.72500 -51.30000 0.00802 0.12898 -11
-0.54210 0.20455 0.00803 0 -2.42500 -43.32500 0.00802 0.19498 -11
0.78183 -0.27204 0.00803 0 -1.12500 -33.25000 0.00802 0.25790 -11
-0.90994 0.13169 0.00803 0 7.10000 -21.02500 0.00802 0.32247 -11
0.52015 0.67165 0.00803 0 -2.30000 -9.35000 0.00802 0.40338 -11
-0.66403 -0.73359 0.00803 0 4.77500 -6.15000 0.00802 0.43251 -11
0.68228 0.57373 0.00803 0 -2.85000 2.42500 0.00802 0.49933 -11
-0.56899 -0.77306 0.00803 0 4.20000 7.25000 0.00802 0.53198 -11
0.24458 0.49169 0.00803 0 -3.10000 14.25000 0.00802 0.59944 -11
0.08950 0.17545 0.00803 0 3.07500 -63.40000 0.00802 -0.09463 -11
-0.07363 -0.13275 0.00803 0 0.10000 -64.75000 0.00802 -0.01496 -11
0.07742 0.42259 0.00803 0 -1.67500 -63.47500 0.00802 -0.09496 -11
-0.05876 -0.73172 0.00803 0 7.17500 -63.32500 0.00802 -0.02006 -11
-0.05452 0.29119 0.00803 0 -2.75000 -63.37500 0.00802 0.06419 -11
-0.04183 -0.74307 0.00803 0 7.20000 -60.87500 0.00802 0.13693 -11
-0.05020 0.61810 0.00803 0 -3.32500 -60.87500 0.00802 0.21702 -11
-0.02240 0.27192 0.00803 0 8.25000 -60.85000 0.00802 0.22054 -11
-0.00517 -0.26862 0.00803 0 -3.47500 -60.97500 0.00802 0.27224 -11
0.13559 0.61420 0.00803 0 -2.60000 -62.57500 0.00802 0.34869 -11
-0.16347 -0.40327 0.00803 0 -2.52500 -64.52500 0.00802 0.40213 -11
-0.04807 0.27576 0.00803 0 -2.07500 -61.52500 0.00802 0.46937 -11
0.10394 -0.13504 0.00803 0 -1.55000 -60.95000 0.00802 0.52608 -11
-0.16118 0.07725 0.00803 0 -1.57500 -59.52500 0.00802 0.58340 -11
0.24749 0.01644 0.00803 0 -1.12500 -56.40000 0.00802 0.65166 -11
-0.26264 0.05556 0.00803 0 -1.70000 -53.25000 0.00802 0.70671 -11
0.12046 0.02970 0.00803 0 -0.67500 -49.55000 0.00802 0.77158 -11
-0.22057 0.16142 0.00803 0 -1.95000 -46.92500 0.00802 0.82180 -11
0.36978 0.07425 0.00803 0 -0.40000 -41.35000 0.00802 0.88529 -11
-0.35070 -0.01615 0.00803 0 -2.90000 -36.57500 0.00802 0.93014 -11
-0.01374 0.30913 0.00803 0 -0.67500 -35.30000 0.00802 0.99868 -11
0.08712 -0.10048 0.00803 0 -3.25000 -35.90000 0.00802 1.03853 -11
-0.05021 0.29060 0.00803 0 -0.37500 -37.67500 0.00802 1.10363 -11
0.03251 -0.11608 0.00803 0 -3.10000 -37.45000 0.00802 1.14400 -11
0.10640 0.19633 0.00803 0 -0.10000 -37.70000 0.00802 1.20568 -11
-0.05198 -0.09452 0.00803 0 -3.37500 -36.57500 0.00802 1.24358 -11
-0.61188 0.99419 0.00803 0 1.42500 -37.32500 0.00802 1.30308 -11
1.21178 -0.98947 0.00803 0 7.05000 -41.47500 0.00802 1.32886 -11
-0.10540 0.18438 0.00803 0 7.10000 -63.45000 0.00802 -0.09225 -11
-0.08282 -0.43506 0.00803 0 5.02500 -62.05000 0.00802 -0.02370 -11
0.11337 0.25758 0.00803 0 0.12500 -63.42500 0.00802 -0.09515 -11
0.09999 0.27094 0.00803 0 -0.52500 -63.42500 0.00802 -0.09512 -11
-0.07939 -0.09738 0.00803 0 -3.77500 -64.90000 0.00802 -0.01493 -11
-1.51250 -1.33850 0.00803 0 6.95000 -60.70000 0.00802 0.48176 -11
2.51047 3.26440 0.00803 0 4.40000 -25.82500 0.00802 0.67846 -11
2.05636 2.76189 0.00803 0 5.27500 -25.10000 0.00802 0.68542 -11
1.28542 1.33852 0.00803 0 5.30000 -2.30000 0.00802 0.83504 -11
-0.96496 -0.40627 0.00803 0 5.80000 -1.72500 0.00802 0.83786 -11
1.00143 1.26511 0.00803 0 2.75000 5.25000 0.00802 0.87620 -11
-0.90926 -1.56961 0.00803 0 4.70000 5.60000 0.00802 0.88354 -11
-0.87621 0.85120 0.00803 0 5.10000 -1.65000 0.00802 0.83992 -11
0.34770 -0.05609 0.00803 0 6.27500 -1.05000 0.00802 0.84903 -11
0.14961 0.31630 0.00803 0 -1.40000 -63.40000 0.00802 -0.09503 -11
-0.08447 -0.24226 0.00803 0 3.25000 -64.00000 0.00802 0.69744 -11
0.02755 0.13135 0.00803 0 2.10000 -63.37500 0.00802 -0.09490 -11
0.09700 0.38283 0.00803 0 0.82500 -63.45000 0.00802 -0.09509 -11
-0.05121 -0.56722 0.00803 0 -1.67500 -64.37500 0.00802 -0.02907 -11
0.02323 0.73685 0.00803 0 -2.85000 -64.55000 0.00802 1.82643 -11
0.13343 0.42303 0.00803 0 8.47500 -64.60000 0.00802 1.83076 -11
-0.02002 0.37369 0.00803 0 -2.35000 -63.40000 0.00802 -0.09482 -11
0.02629 0.07186 0.00803 0 3.60000 -63.40000 0.00802 -0.09440 -11
-0.02827 -0.25823 0.00803 0 0.40000 -64.27500 0.00802 -0.01332 -11
0.02018 0.08718 0.00803 0 3.25000 -64.65000 0.00802 0.06328 -11
0.06614 -0.28177 0.00803 0 0.95000 -64.20000 0.00802 0.13608 -11
-0.12836 0.27901 0.00803 0 3.12500 -62.45000 0.00802 0.21970 -11
0.12913 -0.36903 0.00803 0 1.12500 -59.62500 0.00802 0.28756 -11
-0.25301 0.31386 0.00803 0 2.30000 -55.52500 0.00802 0.36180 -11
0.23984 -0.26747 0.00803 0 2.22500 -50.85000 0.00802 0.42258 -11
-0.31818 0.20904 0.00803 0 2.80000 -46.35000 0.00802 0.48980 -11
0.10458 -0.30799 0.00803 0 2.05000 -42.67500 0.00802 0.55511 -11
-0.12757 0.16134 0.00803 0 2.10000 -41.25000 0.00802 0.62142 -11
0.11377 -0.15202 0.00803 0 2.82500 -38.05000 0.00802 0.68182 -11
-0.05467 0.10348 0.00803 0 2.40000 -37.55000 0.00802 0.73847 -11
-0.03969 0.00100 0.00803 0 3.17500 -37.10000 0.00802 0.80189 -11
0.06500 -0.24603 0.00803 0 1.65000 -37.90000 0.00802 0.84710 -11
-0.06779 -0.03916 0.00803 0 3.42500 -39.62500 0.00802 0.91575 -11
0.25646 0.19757 0.00803 0 1.95000 -42.60000 0.00802 0.97148 -11
-0.13381 -0.62628 0.00803 0 4.00000 -45.00000 0.00802 1.01731 -11
0.26231 0.02499 0.00803 0 0.80000 -49.50000 0.00802 1.07210 -11
-0.24954 -0.23325 0.00803 0 4.97500 -53.00000 0.00802 1.11559 -11
0.40088 -0.15985 0.00803 0 1.22500 -57.15000 0.00802 1.15855 -11
0.14997 0.11416 0.00803 0 5.10000 -63.42500 0.00802 -0.09365 -11
0.02638 -0.32166 0.00803 0 2.07500 -63.35000 0.00802 -0.01633 -11
-0.06756 -0.00778 0.00803 0 5.00000 -61.60000 0.00802 0.06057 -11
0.04230 -0.58045 0.00803 0 2.85000 -60.55000 0.00802 0.12967 -11
-0.00413 0.31872 0.00803 0 4.65000 -60.60000 0.00802 0.21238 -11
-0.14140 -0.50065 0.00803 0 2.65000 -62.50000 0.00802 0.27883 -11
0.13225 0.30771 0.00803 0 3.85000 -64.45000 0.00802 0.36036 -11
-1.92109 -0.64635 0.00803 0 3.15000 64.80000 0.00802 4.41383 -11
1.26781 0.06860 0.00803 0 4.65000 53.05000 0.00802 4.46380 -11
-1.23863 0.04903 0.00803 0 1.37500 46.52500 0.00802 4.49204 -11
1.13062 -0.43151 0.00803 0 4.90000 42.10000 0.00802 4.51395 -11
-0.62554 0.25656 0.00803 0 1.47500 21.15000 0.00802 4.59963 -11
0.74114 -0.14625 0.00803 0 4.45000 18.12500 0.00802 4.61780 -11
-0.66511 -0.03629 0.00803 0 1.47500 15.05000 0.00802 4.63730 -11
0.08401 -0.31330 0.00803 0 4.22500 14.12500 0.00802 4.65073 -11
-0.00310 0.21931 0.00803 0 1.45000 13.47500 0.00802 4.66998 -11
-0.16344 0.02962 0.00803 0 3.90000 13.85000 0.00802 4.68096 -11
0.09968 0.08553 0.00803 0 1.35000 14.85000 0.00802 4.69558 -11
0.46717 -0.25082 0.00803 0 3.35000 13.90000 0.00802 4.70523 -11
-1.02470 0.44083 0.00803 0 1.65000 12.02500 0.00802 4.71834 -11
-0.23931 0.15236 0.00803 0 2.67500 9.95000 0.00802 4.73082 -11
0.28799 -0.44194 0.00803 0 1.65000 10.37500 0.00802 4.73786 -11
0.06253 0.18858 0.00803 0 1.90000 -63.45000 0.00802 -0.09492 -11
0.06796 -0.18764 0.00803 0 -1.17500 -63.35000 0.00802 -0.01663 -11
-0.17734 0.09833 0.00803 0 1.52500 -61.30000 0.00802 0.05757 -11
0.14019 -0.10447 0.00803 0 -0.82500 -57.10000 0.00802 0.13826 -11
-0.21948 -0.03771 0.00803 0 0.75000 -54.50000 0.00802 0.19928 -11
-0.01757 0.18199 0.00803 0 -0.50000 -51.07500 0.00802 0.28285 -11
0.04252 -0.20380 0.00803 0 -0.67500 -51.47500 0.00802 0.33367 -11
-0.01569 0.27349 0.00803 0 0.07500 -52.82500 0.00802 0.41092 -11
0.03175 -0.07186 0.00803 0 -0.60000 -54.10000 0.00802 0.45947 -11
-0.02451 0.12488 0.00803 0 0.12500 -52.67500 0.00802 0.53005 -11
0.26770 -0.36231 0.00803 0 -2.75000 -54.50000 0.00802 0.56587 -11
-0.21226 0.32416 0.00803 0 -0.20000 -59.97500 0.00802 0.64251 -11
0.04789 -0.17207 0.00803 0 -2.40000 -61.45000 0.00802 0.68305 -11
-0.42167 -0.20044 0.00803 0 -1.35000 -63.52500 0.00802 0.75516 -11
0.07101 0.35658 0.00803 0 -3.85000 -63.42500 0.00802 -0.09430 -11
0.02517 0.02331 0.00803 0 7.97500 -63.47500 0.00802 -0.09153 -11
0.19399 -0.47263 0.00803 0 6.05000 -61.12500 0.00802 -0.02053 -11
-0.23122 0.22339 0.00803 0 -3.92500 -55.92500 0.00802 0.05472 -11
-0.41416 -0.08975 0.00803 0 8.02500 -55.77500 0.00802 0.05747 -11
0.44994 -0.21788 0.00803 0 6.30000 -49.55000 0.00802 0.14081 -11
-0.40950 -0.35115 0.00803 0 6.72500 -42.62500 0.00802 0.20276 -11
0.24554 -0.19459 0.00803 0 6.82500 -35.30000 0.00802 0.28367 -11
-0.23869 -0.36199 0.00803 0 6.62500 -31.57500 0.00802 0.33759 -11
0.13401 -0.14867 0.00803 0 7.30000 -25.80000 0.00802 0.41313 -11
-0.16300 -0.33715 0.00803 0 6.92500 -22.60000 0.00802 0.46847 -11
0.23002 -0.07635 0.00803 0 7.82500 -20.10000 0.00802 0.54819 -11
0.42845 0.39760 0.00803 0 -4.07500 -19.82500 0.00802 0.55084 -11
-0.34830 -0.27220 0.00803 0 6.62500 -15.75000 0.00802 0.60033 -11
0.70119 0.46010 0.00803 0 -3.20000 -7.70000 0.00802 0.67033 -11
-0.56414 -0.11480 0.00803 0 5.65000 -0.12500 0.00802 0.71789 -11
0.64386 0.09038 0.00803 0 -2.65000 8.30000 0.00802 0.77182 -11
-1.12207 -0.45658 0.00803 0 5.47500 16.60000 0.00802 0.81944 -11
0.65441 0.11067 0.00803 0 -1.20000 29.50000 0.00802 0.88198 -11
-0.84381 -0.18456 0.00803 0 6.70000 38.22500 0.00802 0.93264 -11
2.04898 0.60152 0.00803 0 2.82500 54.80000 0.00802 0.99791 -11
-2.26761 -0.10803 0.00803 0 7.50000 64.77500 0.00802 1.03746 -11
0.02938 0.33771 0.00803 0 -2.67500 -63.40000 0.00802 -0.09472 -11
0.35372 -0.46886 0.00803 0 6.00000 -57.85000 0.00802 -0.00875 -11
-0.27080 0.41259 0.00803 0 -4.25000 -50.12500 0.00802 0.06870 -11
-0.24364 0.11090 0.00803 0 7.57500 -49.97500 0.00802 0.07100 -11
0.31346 -0.63435 0.00803 0 6.32500 -45.80000 0.00802 0.13603 -11
-0.39056 0.30169 0.00803 0 6.95000 -38.40000 0.00802 0.22079 -11
0.67993 -0.57466 0.00803 0 7.72500 -27.12500 0.00802 0.28804 -11
0.55166 0.04535 0.00803 0 -4.42500 -26.72500 0.00802 0.29058 -11
-0.41579 -0.10738 0.00803 0 7.45000 -19.07500 0.00802 0.35581 -11
0.50974 -0.60470 0.00803 0 8.02500 -11.00000 0.00802 0.42347 -11
0.39066 -0.07554 0.00803 0 -4.25000 -10.67500 0.00802 0.42627 -11
-0.43375 -0.08143 0.00803 0 7.10000 -3.10000 0.00802 0.49281 -11
0.46219 0.05163 0.00803 0 -3.35000 4.80000 0.00802 0.55501 -11
-0.48451 -0.10288 0.00803 0 6.82500 13.25000 0.00802 0.61221 -11
0.29217 0.13431 0.00803 0 -3.37500 20.05000 0.00802 0.67320 -11
-0.38874 -0.08589 0.00803 0 7.27500 25.32500 0.00802 0.72920 -11
0.34410 0.06361 0.00803 0 -3.25000 30.32500 0.00802 0.78861 -11
-0.24081 0.00737 0.00803 0 6.97500 35.55000 0.00802 0.84709 -11
0.13316 0.02544 0.00803 0 -3.30000 36.77500 0.00802 0.90160 -11
0.00466 0.03949 0.00803 0 6.75000 38.25000 0.00802 0.95313 -11
-0.06619 -0.06541 0.00803 0 -2.75000 36.82500 0.00802 1.00185 -11
0.42873 0.23600 0.00803 0 6.52500 33.45000 0.00802 1.05695 -11
-0.65434 -0.26271 0.00803 0 -1.62500 27.12500 0.00802 1.09989 -11
0.77021 0.10823 0.00803 0 5.02500 16.62500 0.00802 1.15533 -11
-0.99285 0.26781 0.00803 0 -2.05000 7.70000 0.00802 1.20481 -11
1.78669 -0.09608 0.00803 0 3.27500 -0.22500 0.00802 1.24108 -11
-1.89538 0.05722 0.00803 0 -0.40000 -11.27500 0.00802 1.28318 -11
1.03145 -0.52967 0.00803 0 2.52500 -18.10000 0.00802 1.30914 -11
-0.62028 0.61516 0.00803 0 -1.95000 -26.97500 0.00802 1.35685 -11
0.38594 -0.50914 0.00803 0 2.72500 -29.40000 0.00802 1.37659 -11
-0.07767 0.16211 0.00803 0 2.27500 -63.25000 0.00802 -0.09489 -11
0.17617 -0.17018 0.00803 0 -0.67500 -60.85000 0.00802 -0.01482 -11
-0.21026 0.13552 0.00803 0 1.90000 -57.47500 0.00802 0.05889 -11
0.25978 -0.21090 0.00803 0 -0.05000 -53.00000 0.00802 0.13174 -11
-0.18932 0.15641 0.00803 0 1.92500 -49.87500 0.00802 0.20590 -11
0.30005 -0.19249 0.00803 0 0.32500 -43.65000 0.00802 0.28121 -11
-0.37117 0.16269 0.00803 0 0.95000 -36.50000 0.00802 0.34645 -11
0.21403 -0.30463 0.00803 0 -0.10000 -31.37500 0.00802 0.41234 -11
-0.11051 0.18257 0.00803 0 1.22500 -28.57500 0.00802 0.48199 -11
0.18523 -0.04906 0.00803 0 0.50000 -26.12500 0.00802 0.54985 -11
-0.32389 -0.02472 0.00803 0 0.45000 -21.62500 0.00802 0.60615 -11
0.35899 -0.15773 0.00803 0 1.12500 -14.27500 0.00802 0.67347 -11
-0.30197 0.04204 0.00803 0 0.95000 -9.22500 0.00802 0.73453 -11
0.45501 -0.23520 0.00803 0 1.30000 -4.15000 0.00802 0.79923 -11
-0.69370 0.35272 0.00803 0 -0.32500 4.22500 0.00802 0.86064 -11
-0.13891 0.19871 0.00803 0 5.47500 11.00000 0.00802 0.90453 -11
-0.12960 -0.81606 0.00803 0 0.90000 9.97500 0.00802 0.93707 -11
-0.17611 -0.14959 0.00803 0 6.15000 11.20000 0.00802 0.99185 -11
0.03158 -0.16584 0.00803 0 1.52500 10.82500 0.00802 1.02903 -11
-0.01136 -0.25434 0.00803 0 5.95000 10.65000 0.00802 1.07300 -11
0.00110 -0.03210 0.00803 0 0.52500 11.30000 0.00802 1.10717 -11
0.16441 -0.29114 0.00803 0 5.90000 12.10000 0.00802 1.14355 -11
-0.27091 -0.05749 0.00803 0 -0.42500 13.77500 0.00802 1.17120 -11
0.27821 -0.58469 0.00803 0 5.80000 16.45000 0.00802 1.20190 -11
-0.60736 0.77159 0.00803 0 -1.05000 19.00000 0.00802 1.23533 -11
-0.46107 0.89091 0.00803 0 -1.05000 25.82500 0.00802 1.29208 -11
0.28058 -1.06661 0.00803 0 -4.37500 26.55000 0.00802 1.30494 -11
0.57767 1.80592 0.00803 0 -1.27500 24.65000 0.00802 1.34221 -11
-0.50827 -1.98655 0.00803 0 -3.22500 24.10000 0.00802 1.34936 -11
-3.80394 -4.39229 0.00803 0 -3.02500 20.85000 0.00802 1.39451 -11
0.63558 0.81955 0.00803 0 -1.07500 16.95000 0.00802 1.42370 -11
-0.65171 -0.40534 0.00803 0 -3.37500 15.12500 0.00802 1.43521 -11
4.21301 -6.24041 0.00803 0 -0.97500 12.35000 0.00802 1.45047 -11
-1.04372 1.66283 0.00674 0 -1.27500 31.62500 0.00070 1.63504 -11
1.03353 0.10440 0.00674 0 0.45000 29.05000 0.00070 1.64648 -11
-0.68079 -0.13656 0.00674 0 -1.70000 26.47500 0.00070 1.66051 -11
0.49643 0.44433 0.00674 0 0.02500 23.17500 0.00070 1.68188 -11
-0.61218 -0.64873 0.00674 0 -1.72500 21.62500 0.00070 1.69140 -11
1.10043 1.15468 0.00629 0 6.40000 11.72500 0.00057 1.98989 11
-1.22970 -0.41401 0.00604 0 -4.37500 62.27500 0.00058 1.03777 -11
0.61339 -0.00854 0.00604 0 -1.72500 56.47500 0.00058 1.06232 -11
-0.56333 -0.30640 0.00604 0 6.47500 53.20000 0.00058 1.08500 -11
0.97713 -0.42111 0.00604 0 -2.57500 51.12500 0.00058 1.09925 -11
-1.11046 -0.21857 0.00604 0 6.77500 45.75000 0.00058 1.12511 -11
8.76883 1.14684 0.00604 0 7.85000 32.77500 0.00058 1.17251 -11
-1.20686 -0.46420 0.00604 0 6.32500 29.85000 0.00058 1.18456 -11
2.66053 -0.87839 0.00604 0 -3.97500 25.05000 0.00058 1.20421 -11
0.38092 -0.17597 0.00604 0 8.37500 23.80000 0.00058 1.20977 -11
-0.62209 0.33804 0.00604 0 5.97500 21.75000 0.00058 1.22762 -11
0.83756 0.25344 0.00604 0 7.30000 19.90000 0.00058 1.23650 -11
-0.43674 -0.43876 0.00604 0 5.42500 18.77500 0.00058 1.24573 -11
-0.77760 -0.05439 0.00604 0 7.40000 12.27500 0.00058 1.28346 -11
-0.23517 0.87479 0.00604 0 -4.32500 12.05000 0.00058 1.28628 -11
-0.56587 0.07841 0.00156 0 -2.15000 59.52500 0.00060 0.20767 11
0.13818 0.02071 0.00156 0 0.57500 60.15000 0.00060 0.22266 11
0.22703 0.01299 0.00156 0 -1.72500 60.30000 0.00060 0.24083 11
-0.49288 -0.29197 0.00156 0 0.37500 58.50000 0.00060 0.25590 11
-0.03224 -0.24943 0.00156 0 -1.72500 57.47500 0.00060 0.27179 11
0.21054 0.55760 0.00156 0 0.22500 57.87500 0.00060 0.28130 11
0.20328 -0.78939 0.00156 0 -1.45000 57.45000 0.00060 0.29546 11
-0.68700 1.60329 0.00156 0 -0.10000 57.15000 0.00060 0.30124 11
0.63021 0.84273 0.00156 0 -1.20000 56.45000 0.00060 0.31639 11
-0.84042 1.48202 0.01678 0 -0.77500 60.17500 0.01383 1.01335 11
1.24489 -2.54666 0.01678 0 -4.25000 50.80000 0.01383 1.08637 11
-1.34883 3.40281 0.01678 0 -1.70000 49.67500 0.01383 1.09595 11
-2.30522 -3.04189 0.00583 0 2.05000 25.60000 0.00559 0.79853 11
1.21190 1.51362 0.00583 0 1.72500 25.40000 0.00559 0.79984 11
-0.89921 -1.14102 0.00583 0 3.20000 22.72500 0.00559 0.81939 11
0.18294 0.44991 0.00583 0 1.10000 21.27500 0.00559 0.83237 11
-0.18095 -0.44298 0.00583 0 2.95000 20.90000 0.00559 0.84782 11
-0.93670 0.91645 0.02749 0 -0.40000 31.20000 0.02459 0.86956 -11
0.86681 -0.65207 0.02749 0 -3.52500 16.32500 0.02459 0.95587 -11
-0.80435 0.90171 0.02749 0 -0.42500 -56.52500 0.02459 1.39158 -11
-0.38931 0.06782 0.02749 0 6.97500 49.37500 0.02459 0.84683 -11
0.51136 -0.47773 0.02749 0 2.05000 35.57500 0.02459 0.96502 -11
-0.57597 0.64598 0.02749 0 -2.05000 -14.52500 0.02459 1.36189 -11
0.64222 -0.57488 0.02749 0 -0.80000 -28.45000 0.02459 1.46006 -11
-0.55434 0.09932 0.02749 0 3.75000 45.77500 0.02459 0.84423 -11
0.58435 -0.19008 0.02749 0 1.17500 25.67500 0.02459 0.97972 -11
-0.62667 0.12950 0.02749 0 5.42500 -31.70000 0.02459 1.35014 -11
0.80128 -0.25182 0.02749 0 -3.30000 -54.35000 0.02459 1.47324 -11
-0.58376 0.16249 0.02749 0 6.52500 45.15000 0.02459 0.83421 -11
0.68913 -0.40430 0.02749 0 -0.57500 27.42500 0.02459 0.95133 -11
-0.93001 0.78393 0.02749 0 -1.47500 -44.80000 0.02459 1.37125 -11
0.88506 -0.69974 0.02749 0 -2.85000 -61.50000 0.02459 1.46662 -11
-0.42812 0.33611 0.02749 0 -0.95000 52.32500 0.02459 0.84662 -11
0.40570 -0.14540 0.02749 0 -4.20000 40.00000 0.02459 0.96699 -11
0.41677 -0.57146 0.02749 0 8.05000 39.67500 0.02459 0.96983 -11
-0.39138 0.37010 0.02749 0 0.92500 -1.07500 0.02459 1.35979 -11
0.47773 -0.69437 0.02749 0 5.57500 -12.20000 0.02459 1.46535 -11
-0.34428 0.52964 0.02749 0 3.02500 -51.45000 0.02459 1.86152 -11
0.40294 -0.82687 0.02749 0 2.75000 -59.05000 0.02459 1.94629 -11
-0.43697 0.38679 0.02749 0 -0.65000 51.75000 0.02459 0.83945 -11
0.46789 -0.54904 0.02749 0 7.70000 38.45000 0.02459 0.96068 -11
-0.40782 0.54610 0.02749 0 -1.02500 -0.87500 0.02459 1.34994 -11
0.41591 -0.58479 0.02749 0 1.37500 -10.62500 0.02459 1.44673 -11
-0.31843 0.49525 0.02749 0 -2.07500 -40.72500 0.02459 1.78582 -11
0.36038 -0.46701 0.02749 0 2.25000 -50.15000 0.02459 1.89026 -11
-0.35795 0.31202 0.02749 0 0.35000 53.32500 0.02459 0.84168 -11
0.33951 -0.19479 0.02749 0 -2.25000 42.17500 0.02459 0.96270 -11
-0.27194 0.33159 0.02749 0 0.50000 8.75000 0.02459 1.34628 -11
0.29389 -0.21293 0.02749 0 -3.95000 -0.52500 0.02459 1.45957 -11
0.33196 -0.64119 0.02749 0 8.40000 -0.77500 0.02459 1.46283 -11
-0.29573 0.37198 0.02749 0 2.87500 -29.12500 0.02459 1.82293 -11
0.30329 -0.77051 0.02749 0 5.40000 -36.32500 0.02459 1.91741 -11
-0.34652 0.40539 0.02749 0 5.32500 -61.67500 0.02459 2.24334 -11
-0.48955 0.95406 0.02749 0 -0.35000 58.05000 0.02459 0.80528 -11
0.62332 -1.32764 0.02749 0 7.20000 49.77500 0.02459 0.87788 -11
-0.65012 0.97678 0.02749 0 0.20000 8.77500 0.02459 1.23362 -11
0.82867 -1.30581 0.02749 0 7.32500 -0.92500 0.02459 1.30737 -11
-0.60695 1.02185 0.02749 0 2.45000 -44.97500 0.02459 1.65036 -11
0.72772 -1.65135 0.02749 0 7.10000 -51.77500 0.02459 1.71181 -11
-0.48480 0.39005 0.02749 0 5.17500 48.40000 0.02459 0.84449 -11
0.58588 -0.90619 0.02749 0 5.45000 37.22500 0.02459 0.93723 -11
-0.42875 0.32204 0.02749 0 4.77500 -5.47500 0.02459 1.29095 -11
0.46567 -0.76008 0.02749 0 6.02500 -15.80000 0.02459 1.38624 -11
-0.54809 0.38179 0.02749 0 6.47500 -59.55000 0.02459 1.72181 -11
-0.75520 0.79679 0.02749 0 -0.45000 41.95000 0.02459 0.85384 -11
0.70790 -0.65173 0.02749 0 -2.45000 29.32500 0.02459 0.93936 -11
-0.42810 -0.02888 0.02749 0 7.40000 48.70000 0.02459 0.84796 -11
-0.46473 0.42526 0.02749 0 -4.47500 48.45000 0.02459 0.85008 -11
0.43223 -0.41423 0.02749 0 5.32500 33.80000 0.02459 0.97843 -11
-0.50782 0.49755 0.02749 0 -1.00000 -15.35000 0.02459 1.36970 -11
0.56165 -0.58971 0.02749 0 2.22500 -29.02500 0.02459 1.47356 -11
-0.51067 0.05930 0.02749 0 5.90000 47.30000 0.02459 0.83523 -11
0.51510 -0.36051 0.02749 0 2.25000 29.80000 0.02459 0.96315 -11
-0.57228 0.09240 0.02749 0 6.90000 -26.60000 0.02459 1.35646 -11
0.62785 -0.40272 0.02749 0 0.52500 -44.07500 0.02459 1.47601 -11
1.71734 -0.06507 0.02749 0 3.60000 -63.22500 0.02459 3.15787 -11
-0.63361 0.61376 0.02749 0 -0.80000 45.65000 0.02459 0.84566 -11
0.67176 -0.64386 0.02749 0 1.97500 30.35000 0.02459 0.95042 -11
-0.54179 0.57389 0.02749 0 -0.50000 -27.92500 0.02459 1.35999 -11
0.50956 -0.58266 0.02749 0 2.30000 -40.57500 0.02459 1.46100 -11
-0.51263 0.28034 0.02749 0 1.97500 48.52500 0.02459 0.85314 -11
0.43179 -0.28696 0.02749 0 -2.87500 35.10000 0.02459 0.96898 -11
-0.55566 0.29356 0.02749 0 2.85000 -11.87500 0.02459 1.36259 -11
0.53118 -0.24524 0.02749 0 -4.30000 -28.15000 0.02459 1.47695 -11
0.63056 -0.68116 0.02749 0 8.05000 -28.57500 0.02459 1.47998 -11
-0.58797 0.07631 0.02749 0 7.12500 45.00000 0.02459 0.83148 -11
0.71833 -0.42631 0.02749 0 1.27500 25.45000 0.02459 0.95648 -11
-0.56254 0.15208 0.02749 0 7.92500 -35.77500 0.02459 1.35616 -11
-0.63711 0.70911 0.02749 0 -3.72500 -36.22500 0.02459 1.35952 -11
0.64902 -0.53558 0.02749 0 -1.60000 -51.17500 0.02459 1.46212 -11
-0.50537 0.19204 0.02749 0 5.15000 46.40000 0.02459 0.84572 -11
0.50541 -0.36634 0.02749 0 -1.02500 31.82500 0.02459 0.95946 -11
-0.43951 0.19818 0.02749 0 4.82500 -19.42500 0.02459 1.35921 -11
0.50894 -0.39203 0.02749 0 -0.10000 -34.45000 0.02459 1.47822 -11
-0.70814 0.60693 0.02749 0 0.25000 -47.92500 0.02459 1.58365 -11
0.60574 -0.62564 0.02749 0 -1.85000 -53.35000 0.02459 1.62443 -11
-0.35689 0.23232 0.02749 0 2.82500 54.75000 0.02459 0.82839 -11
0.36607 -0.24997 0.02749 0 -3.25000 43.77500 0.02459 0.93947 -11
-0.32215 0.27542 0.02749 0 4.20000 8.52500 0.02459 1.28379 -11
0.39107 -0.28578 0.02749 0 -3.55000 -1.47500 0.02459 1.38832 -11
-0.45857 0.47147 0.02749 0 8.37500 -38.42500 0.02459 1.73373 -11
-0.67067 1.29180 0.02749 0 -2.75000 -39.00000 0.02459 1.73868 -11
-0.66783 1.30346 0.02749 0 -2.72500 -39.00000 0.02459 1.73887 -11
0.58435 -1.20448 0.02749 0 0.30000 -44.87500 0.02459 1.79322 -11
-0.58286 0.33599 0.02749 0 1.60000 49.35000 0.02459 0.81427 -11
0.69365 -0.64525 0.02749 0 7.17500 31.82500 0.02459 0.93346 -11
-0.72229 0.35991 0.02749 0 4.60000 -33.75000 0.02459 1.32809 -11
0.66854 -0.29461 0.02749 0 -3.82500 -52.85000 0.02459 1.44390 -11
-0.75219 0.59968 0.02749 0 -0.40000 43.87500 0.02459 0.85372 -11
0.77808 -0.66168 0.02749 0 -0.75000 28.62500 0.02459 0.94883 -11
-1.02571 0.99982 0.02749 0 2.85000 -41.15000 0.02459 1.37104 -11
1.39894 -1.76641 0.02749 0 6.92500 -51.70000 0.02459 1.43595 -11
-0.41599 0.30957 0.02749 0 -3.02500 54.47500 0.02459 0.83337 -11
0.36561 -0.07939 0.02749 0 -2.60000 40.52500 0.02459 0.96880 -11
-0.26543 0.25539 0.02749 0 -3.05000 -0.42500 0.02459 1.34976 -11
0.23422 -0.06240 0.02749 0 -2.55000 -9.52500 0.02459 1.48032 -11
-0.21501 0.30693 0.02749 0 -1.70000 -33.95000 0.02459 1.85361 -11
0.16824 -0.15097 0.02749 0 -3.27500 -41.92500 0.02459 1.97593 -11
-0.26376 0.36919 0.02749 0 0.10000 -62.22500 0.02459 2.35401 -11
-0.51291 0.24827 0.02749 0 4.47500 49.30000 0.02459 0.84427 -11
0.52934 -0.35761 0.02749 0 -1.62500 34.42500 0.02459 0.95875 -11
-0.60428 0.23430 0.02749 0 3.22500 42.55000 0.02459 0.85622 -11
0.63892 -0.25684 0.02749 0 -2.70000 24.15000 0.02459 0.97734 -11
-0.67108 0.23817 0.02749 0 2.12500 -38.12500 0.02459 1.36655 -11
0.74623 -0.54112 0.02749 0 6.95000 -58.92500 0.02459 1.49124 -11
-3.61273 0.04286 0.04598 0 1.22500 13.85000 0.01251 0.08611 -11
-3.49356 -0.01787 0.04598 0 3.85000 14.47500 0.01251 0.08833 -11
